Security Wise Delivery Position - Compulsory Rolling Settlement
10,MTO,17052022,740359423,0002048
Trade Date <17-MAY-2022>,Settlement Type <N>
Record Type,Sr No,Name of Security,Quantity Traded,Deliverable Quantity(gross across client level),% of Deliverable Quantity to Traded Quantity
20,1,20MICRONS,EQ,364019,121538,33.39
20,2,21STCENMGM,EQ,10818,7408,68.48
20,3,3IINFOLTD,EQ,663698,282619,42.58
20,4,3MINDIA,EQ,3629,2468,68.01
20,5,574GS2026,GS,605,605,100.00
20,6,5PAISA,EQ,14581,8725,59.84
20,7,63MOONS,EQ,97108,67028,69.02
20,8,654GS2032,GS,4,4,100.00
20,9,667GS2035,GS,186,186,100.00
20,10,667GS2050,GS,1522,1522,100.00
20,11,676GS2061,GS,1002,1002,100.00
20,12,695GS2061,GS,201,201,100.00
20,13,699GS2051,GS,1555,1554,99.94
20,14,772GS2055,GS,4,2,50.00
20,15,813GS2045,GS,246,246,100.00
20,16,91D160622,TB,400,400,100.00
20,17,A2ZINFRA,EQ,65540,46471,70.90
20,18,AAATECH,SM,45000,45000,100.00
20,19,AAKASH,EQ,66791,59266,88.73
20,20,AAREYDRUGS,EQ,27120,17501,64.53
20,21,AARON,EQ,8104,6121,75.53
20,22,AARTIDRUGS,EQ,120786,71820,59.46
20,23,AARTIIND,EQ,837094,479116,57.24
20,24,AARTISURF,EQ,9845,5496,55.83
20,25,AARVEEDEN,EQ,12209,8062,66.03
20,26,AARVI,EQ,7295,4046,55.46
20,27,AAVAS,EQ,41296,19369,46.90
20,28,ABAN,EQ,256406,104975,40.94
20,29,ABB,EQ,139859,43723,31.26
20,30,ABBOTINDIA,EQ,57647,7701,13.36
20,31,ABCAPITAL,EQ,8876260,1718070,19.36
20,32,ABCOTS,SM,4000,4000,100.00
20,33,ABFRL,EQ,3285418,1002906,30.53
20,34,ABMINTLLTD,EQ,761,412,54.14
20,35,ABSLAMC,EQ,371082,292212,78.75
20,36,ABSLBANETF,EQ,2929,1945,66.40
20,37,ABSLNN50ET,EQ,1485,1364,91.85
20,38,ACC,EQ,1060771,444009,41.86
20,39,ACCELYA,EQ,5564,2692,48.38
20,40,ACCURACY,EQ,19645,13209,67.24
20,41,ACE,EQ,291865,93153,31.92
20,42,ACRYSIL,EQ,61396,27113,44.16
20,43,ADANIENT,EQ,1061085,158046,14.89
20,44,ADANIGREEN,EQ,966040,306625,31.74
20,45,ADANIPORTS,EQ,4430294,813774,18.37
20,46,ADANIPOWER,EQ,1419672,1419672,100.00
20,47,ADANITRANS,EQ,233157,107997,46.32
20,48,ADFFOODS,EQ,4666,2187,46.87
20,49,ADORWELD,EQ,5990,4233,70.67
20,50,ADSL,EQ,273521,111663,40.82
20,51,ADVANIHOTR,EQ,54794,39045,71.26
20,52,ADVENZYMES,EQ,54690,19002,34.74
20,53,AEGISCHEM,EQ,405076,154340,38.10
20,54,AFFLE,EQ,2434123,487914,20.04
20,55,AGARIND,EQ,116288,47445,40.80
20,56,AGI,EQ,228778,117358,51.30
20,57,AGROPHOS,EQ,535037,337066,63.00
20,58,AGSTRA,EQ,356259,175546,49.27
20,59,AHLADA,EQ,91440,31201,34.12
20,60,AHLEAST,EQ,7325,2380,32.49
20,61,AHLUCONT,EQ,8924,6836,76.60
20,62,AIAENG,EQ,38139,27786,72.85
20,63,AILIMITED,SM,6000,6000,100.00
20,64,AIRAN,EQ,354343,275621,77.78
20,65,AIROLAM,EQ,17094,15751,92.14
20,66,AIRTELPP,E1,324051,206314,63.67
20,67,AISL,SM,3600,3600,100.00
20,68,AJANTPHARM,EQ,54587,35015,64.15
20,69,AJMERA,EQ,51856,16202,31.24
20,70,AJOONI,EQ,29340,15894,54.17
20,71,AKASH,EQ,23152,19955,86.19
20,72,AKG,EQ,300918,108173,35.95
20,73,AKSHARCHEM,EQ,4673,3300,70.62
20,74,AKSHOPTFBR,EQ,403253,255599,63.38
20,75,AKZOINDIA,EQ,2604,1023,39.29
20,76,ALANKIT,EQ,223457,123294,55.18
20,77,ALBERTDAVD,EQ,5817,4553,78.27
20,78,ALEMBICLTD,EQ,136000,56055,41.22
20,79,ALICON,EQ,11990,7984,66.59
20,80,ALKEM,EQ,50528,16802,33.25
20,81,ALKYLAMINE,EQ,20800,8168,39.27
20,82,ALLCARGO,EQ,252832,150700,59.60
20,83,ALLSEC,EQ,14987,6306,42.08
20,84,ALMONDZ,EQ,3279,1599,48.76
20,85,ALOKINDS,EQ,11842536,3121367,26.36
20,86,ALPA,EQ,22286,15255,68.45
20,87,ALPHAGEO,EQ,11703,5004,42.76
20,88,AMARAJABAT,EQ,353541,114060,32.26
20,89,AMBER,EQ,825923,175732,21.28
20,90,AMBICAAGAR,EQ,27883,17626,63.21
20,91,AMBIKCO,EQ,21715,11826,54.46
20,92,AMBUJACEM,EQ,9431128,3536182,37.49
20,93,AMDIND,EQ,51404,29808,57.99
20,94,AMIORG,EQ,145846,46736,32.04
20,95,AMJLAND,EQ,56769,34436,60.66
20,96,AMRUTANJAN,EQ,15571,7717,49.56
20,97,ANANDRATHI,EQ,117143,35508,30.31
20,98,ANANTRAJ,EQ,736746,129936,17.64
20,99,ANDHRACEMT,EQ,294450,196869,66.86
20,100,ANDHRAPAP,EQ,135079,74610,55.23
20,101,ANDHRSUGAR,EQ,585406,192657,32.91
20,102,ANDREWYU,EQ,172929,85815,49.62
20,103,ANGELONE,EQ,2113063,302715,14.33
20,104,ANIKINDS,EQ,16711,12755,76.33
20,105,ANKITMETAL,EQ,111769,64818,57.99
20,106,ANMOL,EQ,12929,5696,44.06
20,107,ANSALHSG,EQ,61116,41993,68.71
20,108,ANUP,EQ,13204,8118,61.48
20,109,ANURAS,EQ,73486,31128,42.36
20,110,APARINDS,EQ,20190,8239,40.81
20,111,APCL,EQ,26027,12149,46.68
20,112,APCOTEXIND,EQ,246914,89144,36.10
20,113,APEX,EQ,55409,19037,34.36
20,114,APLAPOLLO,EQ,477283,285493,59.82
20,115,APLLTD,EQ,291063,134691,46.28
20,116,APOLLO,EQ,45069,23312,51.73
20,117,APOLLOHOSP,EQ,843357,390674,46.32
20,118,APOLLOPIPE,EQ,76227,33036,43.34
20,119,APOLLOTYRE,EQ,4934672,1255955,25.45
20,120,APOLSINHOT,EQ,1484,748,50.40
20,121,APTECHT,EQ,163546,59311,36.27
20,122,APTUS,EQ,247483,125329,50.64
20,123,ARCHIDPLY,EQ,20329,10883,53.53
20,124,ARENTERP,EQ,11247,4824,42.89
20,125,ARIES,EQ,35409,20917,59.07
20,126,ARIHANTCAP,EQ,69834,38376,54.95
20,127,ARIHANTSUP,EQ,80946,34220,42.28
20,128,ARMANFIN,EQ,11081,5527,49.88
20,129,AROGRANITE,EQ,50862,17179,33.78
20,130,ARROWGREEN,EQ,4777,3021,63.24
20,131,ARSHIYA,EQ,244850,175849,71.82
20,132,ARSSINFRA,EQ,22714,12768,56.21
20,133,ARTEMISMED,EQ,83011,62307,75.06
20,134,ARTNIRMAN,EQ,1512,683,45.17
20,135,ARVIND,EQ,1106264,316441,28.60
20,136,ARVINDFASN,EQ,99771,48412,48.52
20,137,ARVSMART,EQ,14434,10246,70.99
20,138,ASAHIINDIA,EQ,124765,84672,67.87
20,139,ASAHISONG,EQ,19969,13519,67.70
20,140,ASALCBR,EQ,14741,8074,54.77
20,141,ASCOM,SM,12000,12000,100.00
20,142,ASHAPURMIN,EQ,184387,66809,36.23
20,143,ASHIANA,EQ,48452,26250,54.18
20,144,ASHIMASYN,EQ,54741,40277,73.58
20,145,ASHOKA,EQ,516628,310157,60.03
20,146,ASHOKLEY,EQ,8320236,1524535,18.32
20,147,ASIANENE,EQ,68393,34814,50.90
20,148,ASIANHOTNR,EQ,7996,3748,46.87
20,149,ASIANPAINT,EQ,1179081,301164,25.54
20,150,ASIANTILES,EQ,1248795,564852,45.23
20,151,ASPINWALL,EQ,7602,4596,60.46
20,152,ASTEC,EQ,38711,20442,52.81
20,153,ASTERDM,EQ,106947,34125,31.91
20,154,ASTRAL,EQ,352218,195724,55.57
20,155,ASTRAMICRO,EQ,275089,152489,55.43
20,156,ASTRAZEN,EQ,4545,2427,53.40
20,157,ASTRON,EQ,18313,10129,55.31
20,158,ATALREAL,SM,88000,24000,27.27
20,159,ATFL,EQ,1856,1241,66.86
20,160,ATGL,EQ,371040,258898,69.78
20,161,ATLANTA,EQ,33895,17665,52.12
20,162,ATUL,EQ,36911,25839,70.00
20,163,ATULAUTO,EQ,51470,35301,68.59
20,164,AUBANK,EQ,1079297,616811,57.15
20,165,AURIONPRO,EQ,43567,26956,61.87
20,166,AUROPHARMA,EQ,3332778,1556069,46.69
20,167,AUSOMENT,EQ,3184,2456,77.14
20,168,AUTOAXLES,EQ,163434,21935,13.42
20,169,AUTOBEES,EQ,12647,10555,83.46
20,170,AVADHSUGAR,EQ,236433,65079,27.53
20,171,AVANTIFEED,EQ,347712,158285,45.52
20,172,AVROIND,EQ,36901,18065,48.96
20,173,AVTNPL,EQ,135564,64009,47.22
20,174,AWHCL,EQ,52907,29558,55.87
20,175,AXISBANK,EQ,8152237,4421283,54.23
20,176,AXISBNKETF,EQ,330,202,61.21
20,177,AXISBPSETF,EQ,7589,5176,68.20
20,178,AXISCADES,EQ,153847,81975,53.28
20,179,AXISCETF,EQ,1348,1109,82.27
20,180,AXISGOLD,EQ,21123,16393,77.61
20,181,AXISHCETF,EQ,1342,882,65.72
20,182,AXISNIFTY,EQ,5167,3876,75.01
20,183,AXISTECETF,EQ,579,403,69.60
20,184,AYMSYNTEX,EQ,40190,19939,49.61
20,185,BAFNAPH,EQ,4598,2805,61.00
20,186,BAJAJ-AUTO,EQ,402398,157710,39.19
20,187,BAJAJCON,EQ,401100,169632,42.29
20,188,BAJAJELEC,EQ,829707,117867,14.21
20,189,BAJAJFINSV,EQ,428606,169197,39.48
20,190,BAJAJHCARE,EQ,23970,13325,55.59
20,191,BAJAJHIND,EQ,9213879,4321540,46.90
20,192,BAJAJHLDNG,EQ,22783,6362,27.92
20,193,BAJFINANCE,EQ,1401770,468666,33.43
20,194,BALAJITELE,EQ,128250,73774,57.52
20,195,BALAMINES,EQ,82094,32979,40.17
20,196,BALAXI,EQ,1833,1435,78.29
20,197,BALKRISHNA,EQ,4677,3426,73.25
20,198,BALKRISIND,EQ,333457,48396,14.51
20,199,BALMLAWRIE,EQ,80173,45960,57.33
20,200,BALPHARMA,EQ,17827,9868,55.35
20,201,BALRAMCHIN,EQ,2156315,277852,12.89
20,202,BANARBEADS,EQ,6187,4836,78.16
20,203,BANARISUG,EQ,1647,826,50.15
20,204,BANCOINDIA,EQ,40313,22149,54.94
20,205,BANDHANBNK,EQ,14810407,3074304,20.76
20,206,BANG,EQ,53618,31703,59.13
20,207,BANKA,EQ,5010,3280,65.47
20,208,BANKBARODA,EQ,27647316,7186645,25.99
20,209,BANKBEES,EQ,670609,356718,53.19
20,210,BANKINDIA,EQ,1984117,720510,36.31
20,211,BANSWRAS,EQ,17272,8861,51.30
20,212,BARBEQUE,EQ,45273,20482,45.24
20,213,BASF,EQ,27993,12100,43.23
20,214,BASML,EQ,119190,72937,61.19
20,215,BATAINDIA,EQ,184658,68638,37.17
20,216,BAYERCROP,EQ,7518,4068,54.11
20,217,BBETF0432,EQ,2949,2669,90.51
20,218,BBL,EQ,10689,3551,33.22
20,219,BBOX,EQ,85877,32672,38.05
20,220,BBTC,EQ,38596,13616,35.28
20,221,BBTCL,SM,7000,6000,85.71
20,222,BCG,EQ,1671684,1071326,64.09
20,223,BCP,EQ,239163,139085,58.15
20,224,BDL,EQ,1917006,505970,26.39
20,225,BEARDSELL,EQ,19489,8248,42.32
20,226,BECTORFOOD,EQ,56709,22549,39.76
20,227,BEDMUTHA,EQ,14000,8950,63.93
20,228,BEL,EQ,5685300,2422160,42.60
20,229,BEML,EQ,70607,19498,27.61
20,230,BEPL,EQ,289739,137664,47.51
20,231,BERGEPAINT,EQ,830858,339618,40.88
20,232,BESTAGRO,EQ,33989,15965,46.97
20,233,BETA,SM,8800,5400,61.36
20,234,BEWLTD,SM,1250,1250,100.00
20,235,BFINVEST,EQ,9880,4133,41.83
20,236,BFUTILITIE,EQ,150555,52913,35.15
20,237,BGRENERGY,EQ,163379,104866,64.19
20,238,BHAGCHEM,EQ,14189,10862,76.55
20,239,BHAGERIA,EQ,19531,12883,65.96
20,240,BHAGYANGR,EQ,36780,18859,51.28
20,241,BHAGYAPROP,EQ,28000,17162,61.29
20,242,BHANDARI,EQ,555716,333118,59.94
20,243,BHARATFORG,EQ,2243124,541663,24.15
20,244,BHARATGEAR,EQ,13989,7150,51.11
20,245,BHARATRAS,EQ,5205,2577,49.51
20,246,BHARATWIRE,EQ,21785,16806,77.14
20,247,BHARTIARTL,EQ,4847812,2626507,54.18
20,248,BHEL,EQ,22875497,2910599,12.72
20,249,BIL,EQ,14677,10122,68.97
20,250,BINDALAGRO,EQ,138057,85669,62.05
20,251,BIOCON,EQ,1061358,232772,21.93
20,252,BIOFILCHEM,EQ,14069,8213,58.38
20,253,BIRET,RR,36808,31456,85.46
20,254,BIRLACABLE,EQ,246735,71080,28.81
20,255,BIRLACORPN,EQ,83933,29600,35.27
20,256,BIRLAMONEY,EQ,68313,43344,63.45
20,257,BIRLATYRE,EQ,5012038,3488452,69.60
20,258,BLBLIMITED,EQ,61781,45645,73.88
20,259,BLISSGVS,EQ,73902,39541,53.50
20,260,BLKASHYAP,EQ,68773,59976,87.21
20,261,BLS,EQ,333903,158673,47.52
20,262,BLUEDART,EQ,12650,6291,49.73
20,263,BLUESTARCO,EQ,140888,117053,83.08
20,264,BMETRICS,SM,2400,2400,100.00
20,265,BODALCHEM,EQ,741384,179712,24.24
20,266,BOMDYEING,EQ,2609017,548842,21.04
20,267,BOROLTD,EQ,64504,29500,45.73
20,268,BORORENEW,EQ,613353,153951,25.10
20,269,BOSCHLTD,EQ,14982,4147,27.68
20,270,BPCL,EQ,4798210,2861223,59.63
20,271,BPL,EQ,60550,36365,60.06
20,272,BRIGADE,EQ,289773,205541,70.93
20,273,BRIGHT,SM,69000,54000,78.26
20,274,BRITANNIA,EQ,277190,121831,43.95
20,275,BRITANNIA,N2,1121,961,85.73
20,276,BRITANNIA,N3,2495,2474,99.16
20,277,BRNL,EQ,35740,22308,62.42
20,278,BROOKS,EQ,15423,7389,47.91
20,279,BSE,EQ,1095332,330974,30.22
20,280,BSL,EQ,22404,12249,54.67
20,281,BSLGOLDETF,EQ,25582,16041,62.70
20,282,BSLNIFTY,EQ,22567,11926,52.85
20,283,BSLSENETFG,EQ,1127,601,53.33
20,284,BSOFT,EQ,1785580,551324,30.88
20,285,BTML,SM,2400,2400,100.00
20,286,BTML-RE,ST,4800,4800,100.00
20,287,BURNPUR,EQ,201101,110893,55.14
20,288,BUTTERFLY,EQ,56731,52517,92.57
20,289,CALSOFT,EQ,18147,17746,97.79
20,290,CAMLINFINE,EQ,260149,130656,50.22
20,291,CAMPUS,EQ,2530474,771160,30.47
20,292,CAMS,EQ,104586,63130,60.36
20,293,CANBK,EQ,10595436,2211642,20.87
20,294,CANFINHOME,EQ,646566,138819,21.47
20,295,CANTABIL,EQ,37000,12013,32.47
20,296,CAPACITE,EQ,72740,37195,51.13
20,297,CAPLIPOINT,EQ,35497,19367,54.56
20,298,CAPTRUST,EQ,7833,5154,65.80
20,299,CARBORUNIV,EQ,171065,133540,78.06
20,300,CAREERP,EQ,12953,6539,50.48
20,301,CARERATING,EQ,84196,54069,64.22
20,302,CARTRADE,EQ,50639,13553,26.76
20,303,CASTROLIND,EQ,848381,544220,64.15
20,304,CCCL,EQ,545762,413945,75.85
20,305,CCHHL,EQ,25017,18655,74.57
20,306,CCL,EQ,300860,113630,37.77
20,307,CDSL,EQ,732338,300550,41.04
20,308,CEATLTD,EQ,58663,15386,26.23
20,309,CEBBCO,EQ,244185,108795,44.55
20,310,CELEBRITY,EQ,32571,30663,94.14
20,311,CENTENKA,EQ,86381,44730,51.78
20,312,CENTEXT,EQ,131603,88031,66.89
20,313,CENTRALBK,EQ,1289575,518193,40.18
20,314,CENTRUM,EQ,196860,94225,47.86
20,315,CENTUM,EQ,2847,1589,55.81
20,316,CENTURYPLY,EQ,163045,46762,28.68
20,317,CENTURYTEX,EQ,268139,36922,13.77
20,318,CERA,EQ,11759,5053,42.97
20,319,CEREBRAINT,EQ,101704,52382,51.50
20,320,CESC,EQ,1245616,603690,48.47
20,321,CGCL,EQ,60342,25724,42.63
20,322,CGPOWER,EQ,525052,356119,67.83
20,323,CHALET,EQ,477292,160480,33.62
20,324,CHAMBLFERT,EQ,2805661,1165240,41.53
20,325,CHEMBOND,EQ,8547,5030,58.85
20,326,CHEMCON,EQ,57099,27382,47.96
20,327,CHEMPLASTS,EQ,163270,94967,58.17
20,328,CHENNPETRO,EQ,1073653,565774,52.70
20,329,CHOICEIN,EQ,35291,4097,11.61
20,330,CHOLAFIN,EQ,1577987,762868,48.34
20,331,CHOLAHLDNG,EQ,25430,14277,56.14
20,332,CIGNITITEC,EQ,1396683,515131,36.88
20,333,CINEVISTA,EQ,20163,16229,80.49
20,334,CIPLA,EQ,2301253,936208,40.68
20,335,CLEAN,EQ,45801,24430,53.34
20,336,CLEDUCATE,EQ,13739,10840,78.90
20,337,CLNINDIA,EQ,11898,7891,66.32
20,338,CLSEL,EQ,87558,48735,55.66
20,339,CMICABLES,EQ,24373,14956,61.36
20,340,CMSINFO,EQ,288525,121800,42.21
20,341,COALINDIA,EQ,28092052,9000060,32.04
20,342,COASTCORP,EQ,22949,11716,51.05
20,343,COCHINSHIP,EQ,129030,51391,39.83
20,344,COFFEEDAY,EQ,810507,344274,42.48
20,345,COFORGE,EQ,234291,87023,37.14
20,346,COLPAL,EQ,301942,137112,45.41
20,347,COMPINFO,EQ,1319060,458760,34.78
20,348,COMPUSOFT,EQ,157720,87886,55.72
20,349,CONCOR,EQ,988636,438967,44.40
20,350,CONFIPET,EQ,322238,145968,45.30
20,351,CONSOFINVT,EQ,2940,1562,53.13
20,352,CONSUMBEES,EQ,10533,5010,47.56
20,353,CONTI,SM,9999,6666,66.67
20,354,CONTROLPR,EQ,10151,5747,56.62
20,355,COOLCAPS,SM,33000,27000,81.82
20,356,CORALFINAC,EQ,17886,9125,51.02
20,357,CORDSCABLE,EQ,14191,9594,67.61
20,358,COROMANDEL,EQ,1475489,571951,38.76
20,359,COSMOFILMS,EQ,101562,37340,36.77
20,360,COUNCODOS,EQ,88596,46155,52.10
20,361,CPSEETF,EQ,894155,818095,91.49
20,362,CRAFTSMAN,EQ,32687,27315,83.57
20,363,CREATIVE,EQ,10248,6614,64.54
20,364,CREATIVEYE,EQ,300,300,100.00
20,365,CREDITACC,EQ,131204,41972,31.99
20,366,CREST,EQ,2140,1487,69.49
20,367,CRISIL,EQ,100802,18574,18.43
20,368,CROMPTON,EQ,2190864,1710553,78.08
20,369,CROWN,EQ,10769,10126,94.03
20,370,CSBBANK,EQ,205402,124056,60.40
20,371,CTE,EQ,25635,13842,54.00
20,372,CUB,EQ,1012063,468629,46.30
20,373,CUBEXTUB,EQ,33316,14812,44.46
20,374,CUMMINSIND,EQ,421716,201165,47.70
20,375,CUPID,EQ,140051,63803,45.56
20,376,CYBERTECH,EQ,118295,55499,46.92
20,377,CYIENT,EQ,185897,96316,51.81
20,378,DAAWAT,EQ,2839319,1068740,37.64
20,379,DABUR,EQ,2052078,1307034,63.69
20,380,DALBHARAT,EQ,268548,121183,45.13
20,381,DALMIASUG,EQ,180467,43950,24.35
20,382,DAMODARIND,EQ,16038,11634,72.54
20,383,DANGEE,EQ,9643,6428,66.66
20,384,DATAMATICS,EQ,594094,180373,30.36
20,385,DATAPATTNS,EQ,128485,41730,32.48
20,386,DBCORP,EQ,150398,94260,62.67
20,387,DBL,EQ,398444,126825,31.83
20,388,DBREALTY,EQ,157723,128011,81.16
20,389,DBSTOCKBRO,EQ,3937,3110,78.99
20,390,DCAL,EQ,357558,190225,53.20
20,391,DCBBANK,EQ,1258580,923021,73.34
20,392,DCI,SM,12000,12000,100.00
20,393,DCM,EQ,33589,14906,44.38
20,394,DCMFINSERV,EQ,4787,4780,99.85
20,395,DCMNVL,EQ,26962,16740,62.09
20,396,DCMSHRIRAM,EQ,257804,84744,32.87
20,397,DCMSRIND,EQ,217489,103868,47.76
20,398,DCW,EQ,601549,330970,55.02
20,399,DECCANCE,EQ,9069,6957,76.71
20,400,DEEPAKFERT,EQ,244052,124155,50.87
20,401,DEEPAKNTR,EQ,560663,170136,30.35
20,402,DEEPINDS,EQ,145638,55483,38.10
20,403,DELPHIFX,EQ,3449,1688,48.94
20,404,DELTACORP,EQ,4190160,796256,19.00
20,405,DELTAMAGNT,EQ,2201,1171,53.20
20,406,DEN,EQ,659441,217502,32.98
20,407,DENORA,EQ,12413,8652,69.70
20,408,DESTINY,SM,6000,6000,100.00
20,409,DEVYANI,EQ,835875,403109,48.23
20,410,DFMFOODS,EQ,31255,14360,45.94
20,411,DHANBANK,EQ,475616,127199,26.74
20,412,DHANI,EQ,172126,172126,100.00
20,413,DHANILOANS,N6,209,209,100.00
20,414,DHANILOANS,NF,100,100,100.00
20,415,DHANILOANS,NG,90,90,100.00
20,416,DHANILOANS,NH,20,20,100.00
20,417,DHANILOANS,NO,80,80,100.00
20,418,DHANILOANS,NV,454,454,100.00
20,419,DHANILOANS,NX,153,153,100.00
20,420,DHANUKA,EQ,19788,7867,39.76
20,421,DHANVARSHA,EQ,150069,32625,21.74
20,422,DHARAMSI,EQ,38472,17532,45.57
20,423,DHARSUGAR,EQ,263891,147433,55.87
20,424,DHRUV,EQ,17660,12857,72.80
20,425,DHUNINV,EQ,2350,1246,53.02
20,426,DIAMONDYD,EQ,5165,4033,78.08
20,427,DICIND,EQ,1567,908,57.95
20,428,DIGISPICE,EQ,74423,45096,60.59
20,429,DIL,EQ,26896,4621,17.18
20,430,DISHTV,EQ,2327733,1072298,46.07
20,431,DIVISLAB,EQ,338343,187997,55.56
20,432,DIVOPPBEES,EQ,1517,889,58.60
20,433,DIXON,EQ,456449,82588,18.09
20,434,DKEGL,SM,15000,12000,80.00
20,435,DLF,EQ,5294509,965736,18.24
20,436,DLINKINDIA,EQ,132903,53138,39.98
20,437,DMART,EQ,926148,227532,24.57
20,438,DNAMEDIA,EQ,30326,21493,70.87
20,439,DODLA,EQ,107195,19514,18.20
20,440,DOLATALGO,EQ,247599,137202,55.41
20,441,DOLLAR,EQ,98758,35839,36.29
20,442,DONEAR,EQ,14714,10707,72.77
20,443,DPABHUSHAN,EQ,13780,8474,61.49
20,444,DPSCLTD,EQ,86259,61780,71.62
20,445,DPWIRES,EQ,6368,3917,61.51
20,446,DREDGECORP,EQ,40443,18537,45.83
20,447,DRREDDY,EQ,255464,130601,51.12
20,448,DSPN50ETF,EQ,2923,2781,95.14
20,449,DSPNEWETF,EQ,27487,21404,77.87
20,450,DSPQ50ETF,EQ,5251,4471,85.15
20,451,DSSL,EQ,54583,23306,42.70
20,452,DTIL,EQ,14465,7933,54.84
20,453,DUCON,EQ,126841,72563,57.21
20,454,DUGLOBAL,SM,1000,1000,100.00
20,455,DVL,EQ,16479,10710,64.99
20,456,DWARKESH,EQ,3310867,823067,24.86
20,457,DYNAMATECH,EQ,5886,3079,52.31
20,458,DYNAMIC,SM,42000,38000,90.48
20,459,DYNPRO,EQ,13114,6595,50.29
20,460,E2E,EQ,2682,1520,56.67
20,461,EASEMYTRIP,EQ,1439167,474465,32.97
20,462,EASTSILK,EQ,71086,40850,57.47
20,463,EBANK,EQ,5,3,60.00
20,464,EBBETF0423,EQ,4651,4401,94.62
20,465,EBBETF0425,EQ,9413,7413,78.75
20,466,EBBETF0430,EQ,10456,10195,97.50
20,467,EBBETF0431,EQ,11564,10162,87.88
20,468,ECLERX,EQ,11592,4892,42.20
20,469,ECLFINANCE,NG,526,526,100.00
20,470,ECLFINANCE,NI,100,100,100.00
20,471,ECLFINANCE,NJ,96,96,100.00
20,472,ECLFINANCE,NO,263,263,100.00
20,473,ECLFINANCE,NQ,100,100,100.00
20,474,ECLFINANCE,NR,4,4,100.00
20,475,ECLFINANCE,NS,46,46,100.00
20,476,EDELWEISS,EQ,1333677,673091,50.47
20,477,EHFLNCD,N6,188,188,100.00
20,478,EICHERMOT,EQ,1462487,417260,28.53
20,479,EIDPARRY,EQ,250449,88546,35.35
20,480,EIFFL,EQ,1286,912,70.92
20,481,EIHAHOTELS,EQ,12605,3550,28.16
20,482,EIHOTEL,EQ,211639,85413,40.36
20,483,EIMCOELECO,EQ,3803,2149,56.51
20,484,EKC,EQ,125561,86549,68.93
20,485,ELDEHSG,EQ,1192,743,62.33
20,486,ELECON,EQ,616175,299137,48.55
20,487,ELECTCAST,EQ,974873,590113,60.53
20,488,ELECTHERM,EQ,44774,36639,81.83
20,489,ELGIEQUIP,EQ,1542513,168800,10.94
20,490,EMAMILTD,EQ,595791,462467,77.62
20,491,EMAMIPAP,EQ,25029,11826,47.25
20,492,EMAMIREAL,EQ,76619,25596,33.41
20,493,EMBASSY,RR,243479,209437,86.02
20,494,EMKAY,EQ,43444,17420,40.10
20,495,EMMBI,EQ,63254,41210,65.15
20,496,ENDURANCE,EQ,112609,83944,74.54
20,497,ENERGYDEV,EQ,17438,17438,100.00
20,498,ENGINERSIN,EQ,1223096,1002952,82.00
20,499,ENIL,EQ,27805,16833,60.54
20,500,EPL,EQ,170516,97539,57.20
20,501,EQUIPPP,EQ,6517,5299,81.31
20,502,EQUITAS,EQ,834620,463127,55.49
20,503,EQUITASBNK,EQ,2066606,1315522,63.66
20,504,ERFLNCDI,N5,54,54,100.00
20,505,ERFLNCDI,N6,30,30,100.00
20,506,ERIS,EQ,51768,24361,47.06
20,507,EROSMEDIA,EQ,168016,127097,75.65
20,508,ESABINDIA,EQ,18213,6860,37.67
20,509,ESCORTS,EQ,499034,174857,35.04
20,510,ESSARSHPNG,EQ,178675,111909,62.63
20,511,ESTER,EQ,147274,75194,51.06
20,512,EUROBOND,SM,32000,26000,81.25
20,513,EUROTEXIND,EQ,5809,1452,25.00
20,514,EVEREADY,EQ,204527,122445,59.87
20,515,EVERESTIND,EQ,68061,38014,55.85
20,516,EXCELINDUS,EQ,28598,12250,42.84
20,517,EXIDEIND,EQ,1986247,854281,43.01
20,518,EXPLEOSOL,EQ,13403,6236,46.53
20,519,EXXARO,EQ,20685,8403,40.62
20,520,FACT,EQ,178779,54121,30.27
20,521,FAIRCHEMOR,EQ,14780,7319,49.52
20,522,FCL,EQ,494853,263716,53.29
20,523,FCONSUMER,EQ,14705362,10145708,68.99
20,524,FCSSOFT,EQ,504543,504543,100.00
20,525,FDC,EQ,50903,33061,64.95
20,526,FEDERALBNK,EQ,12606291,2652565,21.04
20,527,FEL,EQ,1052198,965926,91.80
20,528,FIBERWEB,EQ,38057,19968,52.47
20,529,FIEMIND,EQ,19030,9319,48.97
20,530,FILATEX,EQ,2973312,779378,26.21
20,531,FILDF2GP,MF,1,1,100.00
20,532,FINCABLES,EQ,499570,455503,91.18
20,533,FINEORG,EQ,73771,15204,20.61
20,534,FINOPB,EQ,130008,43023,33.09
20,535,FINPIPE,EQ,259217,137904,53.20
20,536,FLFL,EQ,448166,296708,66.20
20,537,FLUOROCHEM,EQ,26285,21523,81.88
20,538,FMGOETZE,EQ,18127,13088,72.20
20,539,FMNL,EQ,265603,174870,65.84
20,540,FOODSIN,EQ,220904,87242,39.49
20,541,FORCEMOT,EQ,13041,5498,42.16
20,542,FORTIS,EQ,1959085,1673065,85.40
20,543,FOSECOIND,EQ,3056,1450,47.45
20,544,FRETAIL,EQ,371198,371198,100.00
20,545,FSC,EQ,21879,19534,89.28
20,546,FSL,EQ,2249010,609158,27.09
20,547,GABRIEL,EQ,86869,41059,47.27
20,548,GAEL,EQ,471665,165012,34.98
20,549,GAIL,EQ,6343482,3035853,47.86
20,550,GAL,EQ,323015,258381,79.99
20,551,GALAXYSURF,EQ,15402,7087,46.01
20,552,GALLANTT,EQ,41549,19773,47.59
20,553,GALLISPAT,EQ,49669,25607,51.56
20,554,GANDHITUBE,EQ,2299,1620,70.47
20,555,GANECOS,EQ,27663,18031,65.18
20,556,GANESHBE,EQ,161261,85756,53.18
20,557,GANESHHOUC,EQ,47873,29866,62.39
20,558,GANGAFORGE,EQ,85590,61231,71.54
20,559,GANGESSECU,EQ,17505,11993,68.51
20,560,GARFIBRES,EQ,5715,3068,53.68
20,561,GATEWAY,EQ,132480,93366,70.48
20,562,GATI,EQ,754839,231266,30.64
20,563,GAYAPROJ,EQ,729665,414273,56.78
20,564,GEECEE,EQ,13547,4865,35.91
20,565,GEEKAYWIRE,EQ,4284,2625,61.27
20,566,GENCON,EQ,9968,6203,62.23
20,567,GENUSPAPER,EQ,341661,181942,53.25
20,568,GENUSPOWER,EQ,1243790,562926,45.26
20,569,GEOJITFSL,EQ,667064,443050,66.42
20,570,GEPIL,EQ,148602,79866,53.74
20,571,GESHIP,EQ,198404,80303,40.47
20,572,GET&D,EQ,22851,13553,59.31
20,573,GFLLIMITED,EQ,106538,59282,55.64
20,574,GFSTEELS,EQ,390,390,100.00
20,575,GHCL,EQ,1455367,619106,42.54
20,576,GICHSGFIN,EQ,57725,30132,52.20
20,577,GICRE,EQ,308404,89514,29.02
20,578,GILLANDERS,EQ,19403,18254,94.08
20,579,GILLETTE,EQ,1074,700,65.18
20,580,GILT5YBEES,EQ,60768,57078,93.93
20,581,GINNIFILA,EQ,198546,119586,60.23
20,582,GIPCL,EQ,219317,115451,52.64
20,583,GIRIRAJ,SM,2400,1200,50.00
20,584,GKWLIMITED,EQ,491,367,74.75
20,585,GLAND,EQ,80550,32209,39.99
20,586,GLAXO,EQ,107901,61418,56.92
20,587,GLENMARK,EQ,592182,112687,19.03
20,588,GLOBAL,EQ,49232,33546,68.14
20,589,GLOBALVECT,EQ,7997,6463,80.82
20,590,GLOBE,EQ,1661125,832715,50.13
20,591,GLOBUSSPR,EQ,96653,49188,50.89
20,592,GLS,EQ,252455,237658,94.14
20,593,GMBREW,EQ,19343,10720,55.42
20,594,GMDCLTD,EQ,4896406,652731,13.33
20,595,GMMPFAUDLR,EQ,13085,6514,49.78
20,596,GMRINFRA,EQ,9110122,2364246,25.95
20,597,GMRP&UI,EQ,236146,151857,64.31
20,598,GNA,EQ,18684,8435,45.15
20,599,GNFC,EQ,3870265,748599,19.34
20,600,GOACARBON,EQ,88462,20137,22.76
20,601,GOCLCORP,EQ,11839,7511,63.44
20,602,GOCOLORS,EQ,60156,24800,41.23
20,603,GODFRYPHLP,EQ,39405,22862,58.02
20,604,GODREJAGRO,EQ,147055,51109,34.76
20,605,GODREJCP,EQ,1924331,1001501,52.04
20,606,GODREJIND,EQ,49723,25238,50.76
20,607,GODREJPROP,EQ,531699,176590,33.21
20,608,GOKEX,EQ,635235,158614,24.97
20,609,GOKUL,EQ,291027,117440,40.35
20,610,GOLDBEES,EQ,2297137,1525174,66.39
20,611,GOLDENTOBC,EQ,9334,6499,69.63
20,612,GOLDIAM,EQ,113875,69679,61.19
20,613,GOLDSHARE,EQ,70749,44747,63.25
20,614,GOLDTECH,EQ,9990,9934,99.44
20,615,GOODLUCK,EQ,51640,42395,82.10
20,616,GOODYEAR,EQ,3232,2090,64.67
20,617,GPIL,EQ,678109,255809,37.72
20,618,GPPL,EQ,466759,246099,52.73
20,619,GPTINFRA,EQ,60707,28786,47.42
20,620,GRANULES,EQ,766824,120721,15.74
20,621,GRAPHITE,EQ,682109,172927,25.35
20,622,GRASIM,EQ,769192,357426,46.47
20,623,GRAUWEIL,EQ,459292,225450,49.09
20,624,GREAVESCOT,EQ,2058177,528591,25.68
20,625,GREENLAM,EQ,57331,49990,87.20
20,626,GREENPANEL,EQ,269989,146861,54.40
20,627,GREENPLY,EQ,169133,81213,48.02
20,628,GREENPOWER,EQ,1226815,966847,78.81
20,629,GRINDWELL,EQ,197295,173030,87.70
20,630,GRINFRA,EQ,7251,3055,42.13
20,631,GROBTEA,EQ,156,112,71.79
20,632,GRPLTD,EQ,2687,1531,56.98
20,633,GRSE,EQ,1009213,462568,45.83
20,634,GRWRHITECH,EQ,5925,3673,61.99
20,635,GSCLCEMENT,EQ,75213,45882,61.00
20,636,GSFC,EQ,1464457,359809,24.57
20,637,GSPL,EQ,787203,258380,32.82
20,638,GTL,EQ,845341,476042,56.31
20,639,GTLINFRA,EQ,38701744,24303351,62.80
20,640,GTPL,EQ,31408,13656,43.48
20,641,GUFICBIO,EQ,125311,61922,49.41
20,642,GUJALKALI,EQ,744873,144348,19.38
20,643,GUJAPOLLO,EQ,1481,473,31.94
20,644,GUJGASLTD,EQ,1003162,251603,25.08
20,645,GULFOILLUB,EQ,36080,20368,56.45
20,646,GULFPETRO,EQ,67602,39672,58.68
20,647,GULPOLY,EQ,29274,14419,49.26
20,648,HAL,EQ,1028903,319794,31.08
20,649,HAPPSTMNDS,EQ,378004,137406,36.35
20,650,HARIOMPIPE,EQ,250992,147163,58.63
20,651,HARRMALAYA,EQ,94086,28527,30.32
20,652,HATHWAY,EQ,1690479,756273,44.74
20,653,HATSUN,EQ,47543,14423,30.34
20,654,HAVELLS,EQ,594675,317983,53.47
20,655,HBANKETF,EQ,2299,2001,87.04
20,656,HBLPOWER,EQ,8752520,1413212,16.15
20,657,HBSL,EQ,11505,10105,87.83
20,658,HCC,EQ,5910768,2939364,49.73
20,659,HCG,EQ,61905,29762,48.08
20,660,HCL-INSYS,EQ,205784,164505,79.94
20,661,HCLTECH,EQ,2620776,1450701,55.35
20,662,HDFC,EQ,3079155,2009006,65.25
20,663,HDFC,W3,25800,20400,79.07
20,664,HDFCAMC,EQ,355760,132584,37.27
20,665,HDFCBANK,EQ,8320722,4812774,57.84
20,666,HDFCLIFE,EQ,2057634,836610,40.66
20,667,HDFCMFGETF,EQ,714646,566992,79.34
20,668,HDFCNIFETF,EQ,34560,16471,47.66
20,669,HDFCSENETF,EQ,2859,1906,66.67
20,670,HEALTHY,EQ,16351,9399,57.48
20,671,HECPROJECT,EQ,8565,5409,63.15
20,672,HEG,EQ,282494,72837,25.78
20,673,HEIDELBERG,EQ,121100,82945,68.49
20,674,HEMIPROP,EQ,594173,267928,45.09
20,675,HERANBA,EQ,66677,34055,51.07
20,676,HERCULES,EQ,31324,20038,63.97
20,677,HERITGFOOD,EQ,46791,20782,44.41
20,678,HEROMOTOCO,EQ,517525,191826,37.07
20,679,HESTERBIO,EQ,1780,863,48.48
20,680,HEXATRADEX,EQ,32674,26905,82.34
20,681,HFCL,EQ,5688889,1812548,31.86
20,682,HGINFRA,EQ,79612,30166,37.89
20,683,HGS,EQ,63881,28508,44.63
20,684,HIKAL,EQ,74007,26851,36.28
20,685,HIL,EQ,9747,5894,60.47
20,686,HIMATSEIDE,EQ,209421,93133,44.47
20,687,HINDALCO,EQ,37772554,10158200,26.89
20,688,HINDCOMPOS,EQ,7029,3402,48.40
20,689,HINDCON,EQ,24846,13162,52.97
20,690,HINDCOPPER,EQ,10475451,1901757,18.15
20,691,HINDMOTORS,EQ,207784,125508,60.40
20,692,HINDOILEXP,EQ,510834,216993,42.48
20,693,HINDPETRO,EQ,4794000,2610898,54.46
20,694,HINDUNILVR,EQ,2055096,1242316,60.45
20,695,HINDZINC,EQ,821541,256433,31.21
20,696,HIRECT,EQ,5319,3920,73.70
20,697,HISARMETAL,EQ,15182,8732,57.52
20,698,HITECH,EQ,62754,5180,8.25
20,699,HITECHCORP,EQ,6740,4785,70.99
20,700,HITECHGEAR,EQ,5771,4047,70.13
20,701,HLEGLAS,EQ,17778,5901,33.19
20,702,HLVLTD,EQ,351998,194195,55.17
20,703,HMVL,EQ,59932,28761,47.99
20,704,HNDFDS,EQ,2218,1514,68.26
20,705,HNGSNGBEES,EQ,2679,2210,82.49
20,706,HOMEFIRST,EQ,32371,18510,57.18
20,707,HONAUT,EQ,8151,3503,42.98
20,708,HONDAPOWER,EQ,227095,61330,27.01
20,709,HOVS,EQ,14880,10561,70.97
20,710,HPAL,EQ,57484,34216,59.52
20,711,HPL,EQ,78907,36812,46.65
20,712,HSCL,EQ,6832416,1631559,23.88
20,713,HTMEDIA,EQ,430439,242440,56.32
20,714,HUDCO,EQ,1011955,516832,51.07
20,715,HUDCO,N2,5377,5001,93.01
20,716,HUDCO,N4,199,199,100.00
20,717,HUDCO,N5,385,300,77.92
20,718,HUDCO,N6,1,1,100.00
20,719,HUDCO,N8,25,25,100.00
20,720,HUDCO,N9,11,11,100.00
20,721,HUDCO,ND,20,20,100.00
20,722,HUDCO,NE,256,205,80.08
20,723,HUHTAMAKI,EQ,40597,22861,56.31
20,724,IBMFNIFTY,EQ,658,118,17.93
20,725,IBREALEST,EQ,7024243,2321463,33.05
20,726,IBULHSGFIN,EQ,9820348,1947999,19.84
20,727,IBULHSGFIN,NA,125,124,99.20
20,728,IBULHSGFIN,NF,18,18,100.00
20,729,IBULHSGFIN,NH,75,75,100.00
20,730,IBULHSGFIN,NL,8,7,87.50
20,731,IBULHSGFIN,NW,8,8,100.00
20,732,IBULHSGFIN,YG,15,15,100.00
20,733,ICICI500,EQ,36585,31657,86.53
20,734,ICICI5GSEC,EQ,113,77,68.14
20,735,ICICIALPLV,EQ,99325,51922,52.27
20,736,ICICIAUTO,EQ,10764,5942,55.20
20,737,ICICIB22,EQ,121574,98405,80.94
20,738,ICICIBANK,EQ,12765052,7734389,60.59
20,739,ICICIBANKN,EQ,514533,511182,99.35
20,740,ICICIBANKP,EQ,20704,12387,59.83
20,741,ICICICONSU,EQ,248,165,66.53
20,742,ICICIFMCG,EQ,23600,20540,87.03
20,743,ICICIGI,EQ,466755,287217,61.53
20,744,ICICIGOLD,EQ,596324,512697,85.98
20,745,ICICILIQ,EQ,66748,51976,77.87
20,746,ICICILOVOL,EQ,95042,89728,94.41
20,747,ICICIM150,EQ,16795,8842,52.65
20,748,ICICIMCAP,EQ,120811,118448,98.04
20,749,ICICINF100,EQ,6810,5481,80.48
20,750,ICICINIFTY,EQ,168658,77069,45.70
20,751,ICICINV20,EQ,38665,24109,62.35
20,752,ICICINXT50,EQ,43637,26793,61.40
20,753,ICICIPHARM,EQ,3013,1202,39.89
20,754,ICICIPRULI,EQ,1405537,718272,51.10
20,755,ICICISENSX,EQ,1713,997,58.20
20,756,ICICISILVE,EQ,190611,145271,76.21
20,757,ICICITECH,EQ,115023,92120,80.09
20,758,ICIL,EQ,370001,130529,35.28
20,759,ICRA,EQ,9070,7921,87.33
20,760,IDBI,EQ,4036018,1535280,38.04
20,761,IDBIGOLD,EQ,94,51,54.26
20,762,IDEA,EQ,158304604,30389894,19.20
20,763,IDFC,EQ,3489039,1160202,33.25
20,764,IDFCFIRSTB,EQ,21554073,6213388,28.83
20,765,IDFNIFTYET,EQ,74,59,79.73
20,766,IEX,EQ,8879828,3811585,42.92
20,767,IFBAGRO,EQ,5932,3329,56.12
20,768,IFBIND,EQ,25025,8272,33.05
20,769,IFCI,EQ,2644899,1000942,37.84
20,770,IFCI,NH,341,341,100.00
20,771,IFGLEXPOR,EQ,8554,5110,59.74
20,772,IGARASHI,EQ,38538,8937,23.19
20,773,IGL,EQ,5360438,1289831,24.06
20,774,IGPL,EQ,31208,14875,47.66
20,775,IIFCL,N2,530,330,62.26
20,776,IIFCL,N4,539,539,100.00
20,777,IIFL,EQ,622248,255342,41.04
20,778,IIFL,N4,75,75,100.00
20,779,IIFL,N5,426,415,97.42
20,780,IIFL,N6,10,10,100.00
20,781,IIFL,N7,318,318,100.00
20,782,IIFL,N9,227,227,100.00
20,783,IIFL,NA,121,75,61.98
20,784,IIFL,NB,147,100,68.03
20,785,IIFL,NC,60,60,100.00
20,786,IIFL,NE,156,151,96.79
20,787,IIFL,NF,722,715,99.03
20,788,IIFL,NL,663,654,98.64
20,789,IIFL,NN,10,10,100.00
20,790,IIFLSEC,EQ,392337,124802,31.81
20,791,IIFLWAM,EQ,10618,4895,46.10
20,792,IIHFL,N4,353,253,71.67
20,793,IIHFL,N5,1349,1279,94.81
20,794,IIHFL,N6,100,100,100.00
20,795,IIHFL,N9,50,50,100.00
20,796,IIHFL,NB,25,25,100.00
20,797,IIHFL,NC,20,20,100.00
20,798,IIHFL,ND,40,40,100.00
20,799,IMAGICAA,EQ,64692,47761,73.83
20,800,IMFA,EQ,70013,30988,44.26
20,801,IMPAL,EQ,3081,1844,59.85
20,802,IMPEXFERRO,EQ,1771,1771,100.00
20,803,INCREDIBLE,EQ,4287,1576,36.76
20,804,INDBANK,EQ,210739,87383,41.47
20,805,INDHOTEL,EQ,6146889,3267777,53.16
20,806,INDIACEM,EQ,2177337,387003,17.77
20,807,INDIAGLYCO,EQ,89804,26635,29.66
20,808,INDIAMART,EQ,123976,35090,28.30
20,809,INDIANB,EQ,1473358,577485,39.20
20,810,INDIANCARD,EQ,5698,3562,62.51
20,811,INDIANHUME,EQ,43518,26353,60.56
20,812,INDIGO,EQ,567445,219543,38.69
20,813,INDIGOPNTS,EQ,24433,8817,36.09
20,814,INDIGRID,IV,224445,212124,94.51
20,815,INDIGRID,ND,167,167,100.00
20,816,INDIGRID,NH,100,100,100.00
20,817,INDIGRID,NJ,215,215,100.00
20,818,INDIGRID,NL,11,11,100.00
20,819,INDNIPPON,EQ,24981,11942,47.80
20,820,INDOAMIN,EQ,35666,13717,38.46
20,821,INDOBORAX,EQ,26944,14206,52.72
20,822,INDOCO,EQ,1259531,137353,10.91
20,823,INDORAMA,EQ,293995,97118,33.03
20,824,INDOSTAR,EQ,109385,61590,56.31
20,825,INDOTECH,EQ,10563,5619,53.20
20,826,INDOTHAI,EQ,5330,3709,69.59
20,827,INDOWIND,EQ,105883,66718,63.01
20,828,INDRAMEDCO,EQ,51235,30696,59.91
20,829,INDSWFTLAB,EQ,36587,14082,38.49
20,830,INDSWFTLTD,EQ,11360,4551,40.06
20,831,INDTERRAIN,EQ,107473,57783,53.77
20,832,INDUSINDBK,EQ,2038983,652517,32.00
20,833,INDUSTOWER,EQ,4557012,2591503,56.87
20,834,INEOSSTYRO,EQ,44970,24740,55.01
20,835,INFIBEAM,EQ,2634773,1219019,46.27
20,836,INFOBEAN,EQ,32041,16133,50.35
20,837,INFOMEDIA,EQ,25182,24492,97.26
20,838,INFRABEES,EQ,1438,926,64.39
20,839,INFY,EQ,6516378,4345825,66.69
20,840,INGERRAND,EQ,24837,9017,36.30
20,841,INNOVANA,SM,1000,1000,100.00
20,842,INNOVATIVE,SM,36000,36000,100.00
20,843,INOXLEISUR,EQ,305444,91077,29.82
20,844,INOXWIND,EQ,397257,169476,42.66
20,845,INSECTICID,EQ,73844,45565,61.70
20,846,INSPIRISYS,EQ,1796,1796,100.00
20,847,INTELLECT,EQ,2157074,439580,20.38
20,848,INTENTECH,EQ,47065,21377,45.42
20,849,INTLCONV,EQ,253739,105442,41.56
20,850,INVENTURE,EQ,767947,511686,66.63
20,851,IOB,EQ,1421869,625439,43.99
20,852,IOC,EQ,18261022,6508579,35.64
20,853,IOLCP,EQ,292686,94359,32.24
20,854,IONEXCHANG,EQ,7073,3876,54.80
20,855,IPCALAB,EQ,76760,34013,44.31
20,856,IPL,EQ,241523,140170,58.04
20,857,IRB,EQ,1702338,624460,36.68
20,858,IRBINVIT,IV,370819,356207,96.06
20,859,IRCON,EQ,473740,237577,50.15
20,860,IRCTC,EQ,2795767,884260,31.63
20,861,IREDA,N5,40,20,50.00
20,862,IREDA,N7,100,100,100.00
20,863,IRFC,EQ,3964019,1691763,42.68
20,864,IRFC,N2,708,706,99.72
20,865,IRFC,N4,100,50,50.00
20,866,IRFC,N8,100,100,100.00
20,867,IRFC,NA,273,273,100.00
20,868,IRFC,NE,910,693,76.15
20,869,IRFC,NJ,500,500,100.00
20,870,IRFC,NK,200,200,100.00
20,871,IRFC,NO,8545,8525,99.77
20,872,IRIS,EQ,15401,6913,44.89
20,873,IRISDOREME,EQ,40170,12734,31.70
20,874,ISEC,EQ,289197,131416,45.44
20,875,ISFT,EQ,29682,22088,74.42
20,876,ISGEC,EQ,22411,12444,55.53
20,877,ITBEES,EQ,1498791,948153,63.26
20,878,ITC,EQ,17797974,8774622,49.30
20,879,ITDC,EQ,22668,9586,42.29
20,880,ITDCEM,EQ,308201,162092,52.59
20,881,ITI,EQ,143034,38848,27.16
20,882,IVC,EQ,264104,168807,63.92
20,883,IVP,EQ,26064,13884,53.27
20,884,IVZINGOLD,EQ,127,120,94.49
20,885,IVZINNIFTY,EQ,88,51,57.95
20,886,IWEL,EQ,263,131,49.81
20,887,IZMO,EQ,58197,22727,39.05
20,888,JAGRAN,EQ,189577,119146,62.85
20,889,JAGSNPHARM,EQ,29765,19055,64.02
20,890,JAIBALAJI,EQ,67910,47819,70.42
20,891,JAICORPLTD,EQ,3800823,517209,13.61
20,892,JAINAM,SM,2000,2000,100.00
20,893,JAIPURKURT,EQ,4137,3011,72.78
20,894,JALAN,SM,3000,3000,100.00
20,895,JAMNAAUTO,EQ,650778,345768,53.13
20,896,JASH,EQ,43731,18724,42.82
20,897,JAYAGROGN,EQ,42229,21835,51.71
20,898,JAYBARMARU,EQ,17763,11280,63.50
20,899,JAYNECOIND,EQ,117374,98611,84.01
20,900,JAYSREETEA,EQ,80152,51516,64.27
20,901,JBCHEPHARM,EQ,18162,7494,41.26
20,902,JBFIND,EQ,56134,49157,87.57
20,903,JBMA,EQ,111688,63979,57.28
20,904,JCHAC,EQ,4409,2090,47.40
20,905,JETFREIGHT,EQ,87159,29724,34.10
20,906,JHS,EQ,133181,69859,52.45
20,907,JINDALPHOT,EQ,24027,11211,46.66
20,908,JINDALPOLY,EQ,60070,36378,60.56
20,909,JINDALSAW,EQ,792843,276548,34.88
20,910,JINDALSTEL,EQ,6556427,1411930,21.54
20,911,JINDRILL,EQ,20305,11168,55.00
20,912,JISLDVREQS,EQ,28065,22094,78.72
20,913,JISLJALEQS,EQ,1920738,1102494,57.40
20,914,J&KBANK,EQ,1325112,609477,45.99
20,915,JKCEMENT,EQ,82419,13087,15.88
20,916,JKIL,EQ,495287,195670,39.51
20,917,JKLAKSHMI,EQ,172270,68343,39.67
20,918,JKPAPER,EQ,2030289,572962,28.22
20,919,JKTYRE,EQ,474000,136256,28.75
20,920,JMA,EQ,14209,9014,63.44
20,921,JMCPROJECT,EQ,78788,43395,55.08
20,922,JMFINANCIL,EQ,610987,288604,47.24
20,923,JOCIL,EQ,20995,11093,52.84
20,924,JPASSOCIAT,EQ,6572675,3293735,50.11
20,925,JPINFRATEC,EQ,1094583,945915,86.42
20,926,JPOLYINVST,EQ,1486,1143,76.92
20,927,JPPOWER,EQ,10764460,9780901,90.86
20,928,JSL,EQ,994089,359743,36.19
20,929,JSLHISAR,EQ,404922,171949,42.46
20,930,JSLL,SM,12000,12000,100.00
20,931,JSWENERGY,EQ,810027,482481,59.56
20,932,JSWHL,EQ,515,279,54.17
20,933,JSWISPL,EQ,3395171,1471995,43.36
20,934,JSWSTEEL,EQ,6309092,1810693,28.70
20,935,JTEKTINDIA,EQ,50377,37380,74.20
20,936,JTLINFRA,EQ,13694,7712,56.32
20,937,JUBLFOOD,EQ,2024441,644533,31.84
20,938,JUBLINDS,EQ,9075,5167,56.94
20,939,JUBLINGREA,EQ,511077,162674,31.83
20,940,JUBLPHARMA,EQ,65489,34260,52.31
20,941,JUNIORBEES,EQ,118302,69810,59.01
20,942,JUSTDIAL,EQ,489999,101790,20.77
20,943,JYOTHYLAB,EQ,539490,397321,73.65
20,944,KABRAEXTRU,EQ,143357,66468,46.37
20,945,KAJARIACER,EQ,238628,57205,23.97
20,946,KAKATCEM,EQ,8860,5422,61.20
20,947,KALPATPOWR,EQ,87238,35606,40.81
20,948,KALYANKJIL,EQ,1134935,488393,43.03
20,949,KAMATHOTEL,EQ,74558,43706,58.62
20,950,KAMDHENU,EQ,80993,32988,40.73
20,951,KANORICHEM,EQ,9478,6560,69.21
20,952,KANPRPLA,EQ,9743,8589,88.16
20,953,KANSAINER,EQ,68466,33307,48.65
20,954,KARURVYSYA,EQ,3226129,1465563,45.43
20,955,KAUSHALYA,EQ,28763,19975,69.45
20,956,KAVVERITEL,EQ,35628,20992,58.92
20,957,KAYA,EQ,19370,12295,63.47
20,958,KBCGLOBAL,EQ,9803745,4670996,47.65
20,959,KCP,EQ,193121,109490,56.70
20,960,KCPSUGIND,EQ,700978,257669,36.76
20,961,KDDL,EQ,16130,9655,59.86
20,962,KEC,EQ,442017,121063,27.39
20,963,KECL,EQ,25024,18917,75.60
20,964,KEERTI,EQ,11357,6090,53.62
20,965,KEI,EQ,306504,164703,53.74
20,966,KELLTONTEC,EQ,270706,186198,68.78
20,967,KENNAMET,EQ,5359,3103,57.90
20,968,KESORAMIND,EQ,501309,266609,53.18
20,969,KEYFINSERV,EQ,10447,3952,37.83
20,970,KHADIM,EQ,19229,8862,46.09
20,971,KHAICHEM,EQ,302343,185182,61.25
20,972,KICL,EQ,471,369,78.34
20,973,KILITCH,EQ,4289,3273,76.31
20,974,KIMS,EQ,38990,10414,26.71
20,975,KINGFA,EQ,6932,5122,73.89
20,976,KIOCL,EQ,43321,17346,40.04
20,977,KIRIINDUS,EQ,73471,36485,49.66
20,978,KIRLFER,EQ,476008,165934,34.86
20,979,KIRLOSBROS,EQ,23887,9373,39.24
20,980,KIRLOSENG,EQ,115775,62434,53.93
20,981,KIRLOSIND,EQ,834,420,50.36
20,982,KITEX,EQ,374698,92930,24.80
20,983,KKCL,EQ,605598,242894,40.11
20,984,KMSUGAR,EQ,694809,278422,40.07
20,985,KNAGRI,SM,94400,46400,49.15
20,986,KNRCON,EQ,125967,57979,46.03
20,987,KOKUYOCMLN,EQ,70090,36409,51.95
20,988,KOLTEPATIL,EQ,194349,44668,22.98
20,989,KOPRAN,EQ,128298,54319,42.34
20,990,KOTAKALPHA,EQ,152811,132098,86.45
20,991,KOTAKBANK,EQ,3020781,1997736,66.13
20,992,KOTAKBKETF,EQ,22550,17193,76.24
20,993,KOTAKGOLD,EQ,98319,58305,59.30
20,994,KOTAKIT,EQ,36811,20535,55.78
20,995,KOTAKLOVOL,EQ,2191,1216,55.50
20,996,KOTAKMID50,EQ,2548,1923,75.47
20,997,KOTAKNIFTY,EQ,68877,60606,87.99
20,998,KOTAKNV20,EQ,9072,8151,89.85
20,999,KOTAKPSUBK,EQ,9175,5311,57.89
20,1000,KOTARISUG,EQ,385142,162155,42.10
20,1001,KOTHARIPET,EQ,172787,62737,36.31
20,1002,KOTYARK,SM,1200,1200,100.00
20,1003,KOVAI,EQ,1115,659,59.10
20,1004,KPIGREEN,EQ,117736,67910,57.68
20,1005,KPITTECH,EQ,1464328,909495,62.11
20,1006,KPRMILL,EQ,270904,121028,44.68
20,1007,KRBL,EQ,411592,116935,28.41
20,1008,KREBSBIO,EQ,23566,13634,57.85
20,1009,KRIDHANINF,EQ,104649,77347,73.91
20,1010,KRISHANA,EQ,36294,23389,64.44
20,1011,KRISHIVAL,SM,42000,42000,100.00
20,1012,KRISHNADEF,SM,9000,9000,100.00
20,1013,KRITI,EQ,22831,10160,44.50
20,1014,KRITIKA,EQ,3280,3280,100.00
20,1015,KRSNAA,EQ,21948,12712,57.92
20,1016,KSB,EQ,24855,12042,48.45
20,1017,KSCL,EQ,68030,31771,46.70
20,1018,KSHITIJPOL,SM,107318,93320,86.96
20,1019,KSL,EQ,46517,17345,37.29
20,1020,KSOLVES,SM,18800,14400,76.60
20,1021,KTKBANK,EQ,459224,244311,53.20
20,1022,KUANTUM,EQ,15010,13008,86.66
20,1023,LAGNAM,EQ,70590,43169,61.15
20,1024,LALPATHLAB,EQ,347256,83296,23.99
20,1025,LAMBODHARA,EQ,31593,21877,69.25
20,1026,LANCER,EQ,4609,2266,49.16
20,1027,LAOPALA,EQ,178809,73771,41.26
20,1028,LASA,EQ,55815,37806,67.73
20,1029,LATENTVIEW,EQ,786723,222022,28.22
20,1030,LAURUSLABS,EQ,830100,345085,41.57
20,1031,LAXMICOT,EQ,16922,11946,70.59
20,1032,LAXMIMACH,EQ,4580,1868,40.79
20,1033,LCCINFOTEC,EQ,40153,31732,79.03
20,1034,LEMERITE,ST,102400,88000,85.94
20,1035,LEMONTREE,EQ,2718651,998719,36.74
20,1036,LEXUS,SM,71000,56000,78.87
20,1037,LFIC,EQ,649,475,73.19
20,1038,LGBBROSLTD,EQ,39007,18227,46.73
20,1039,LGBFORGE,EQ,138258,111439,80.60
20,1040,LIBAS,EQ,96249,38418,39.92
20,1041,LIBERTSHOE,EQ,67245,31535,46.90
20,1042,LICHSGFIN,EQ,3932423,948291,24.11
20,1043,LICI,EQ,48792877,19115945,39.18
20,1044,LICNETFGSC,EQ,9144,3290,35.98
20,1045,LICNETFN50,EQ,1568,959,61.16
20,1046,LICNETFSEN,EQ,1497,943,62.99
20,1047,LICNFNHGP,EQ,1226,929,75.77
20,1048,LIKHITHA,EQ,50093,37432,74.73
20,1049,LINC,EQ,6965,5202,74.69
20,1050,LINCOLN,EQ,16100,12056,74.88
20,1051,LINDEINDIA,EQ,105745,30955,29.27
20,1052,LIQUIDBEES,EQ,2288696,1539861,67.28
20,1053,LIQUIDETF,EQ,15977,14595,91.35
20,1054,LODHA,EQ,158868,105630,66.49
20,1055,LOKESHMACH,EQ,44256,25286,57.14
20,1056,LOTUSEYE,EQ,9187,5714,62.20
20,1057,LOVABLE,EQ,47057,24831,52.77
20,1058,LPDC,EQ,44381,29391,66.22
20,1059,LSIL,EQ,1082649,733348,67.74
20,1060,LT,EQ,1608711,773218,48.06
20,1061,L&TFH,EQ,6743897,1104706,16.38
20,1062,L&TFINANCE,NC,40,40,100.00
20,1063,L&TFINANCE,NE,3,3,100.00
20,1064,L&TFINANCE,NU,30,30,100.00
20,1065,L&TFINANCE,NW,150,150,100.00
20,1066,L&TFINANCE,NY,50,50,100.00
20,1067,L&TFINANCE,Y3,6,6,100.00
20,1068,L&TFINANCE,Y5,45,45,100.00
20,1069,L&TFINANCE,Y9,100,100,100.00
20,1070,LTGILTBEES,EQ,143322,141162,98.49
20,1071,LTI,EQ,792352,398640,50.31
20,1072,LTTS,EQ,416820,90739,21.77
20,1073,LUMAXIND,EQ,1921,1192,62.05
20,1074,LUMAXTECH,EQ,53544,26424,49.35
20,1075,LUPIN,EQ,1027474,335716,32.67
20,1076,LUXIND,EQ,48913,23109,47.25
20,1077,LXCHEM,EQ,595760,202427,33.98
20,1078,LYKALABS,EQ,6595,5692,86.31
20,1079,LYPSAGEMS,EQ,38494,14069,36.55
20,1080,M15RD,MF,5000,5000,100.00
20,1081,M15RG,MF,1000,1000,100.00
20,1082,M17RD,MF,5200,5200,100.00
20,1083,M17RG,MF,1000,1000,100.00
20,1084,MAANALU,EQ,21186,8029,37.90
20,1085,MACPOWER,EQ,3366,1672,49.67
20,1086,MADHAV,EQ,72746,18355,25.23
20,1087,MADHAVBAUG,SM,1600,1600,100.00
20,1088,MADRASFERT,EQ,365231,126141,34.54
20,1089,MAESGETF,EQ,1278,1111,86.93
20,1090,MAFANG,EQ,793686,423622,53.37
20,1091,MAFSETF,EQ,137537,100148,72.82
20,1092,MAGADSUGAR,EQ,281952,67522,23.95
20,1093,MAGNUM,EQ,44389,31159,70.20
20,1094,MAHABANK,EQ,2257646,1180258,52.28
20,1095,MAHAPEXLTD,EQ,3422,1295,37.84
20,1096,MAHASTEEL,EQ,35015,18691,53.38
20,1097,MAHEPC,EQ,18839,8163,43.33
20,1098,MAHESHWARI,EQ,42006,20180,48.04
20,1099,MAHINDCIE,EQ,726405,340346,46.85
20,1100,MAHKTECH,EQ,108002,82987,76.84
20,1101,MAHLIFE,EQ,227752,127400,55.94
20,1102,MAHLOG,EQ,14919,6049,40.55
20,1103,MAHSCOOTER,EQ,3797,1856,48.88
20,1104,MAHSEAMLES,EQ,41424,25819,62.33
20,1105,MAITHANALL,EQ,107556,48202,44.82
20,1106,MALLCOM,EQ,956,461,48.22
20,1107,MALUPAPER,EQ,9648,5707,59.15
20,1108,MAM150ETF,EQ,15356,7475,48.68
20,1109,MAMFGETF,EQ,791,514,64.98
20,1110,MAN50ETF,EQ,4545,2496,54.92
20,1111,MANAKALUCO,EQ,58849,35059,59.57
20,1112,MANAKCOAT,EQ,41653,29148,69.98
20,1113,MANAKSIA,EQ,195403,92962,47.57
20,1114,MANAKSTEEL,EQ,188468,104383,55.38
20,1115,MANALIPETC,EQ,1201635,408399,33.99
20,1116,MANAPPURAM,EQ,4785668,1883438,39.36
20,1117,MANGALAM,EQ,21370,11483,53.73
20,1118,MANGCHEFER,EQ,838057,353089,42.13
20,1119,MANGLMCEM,EQ,35009,21764,62.17
20,1120,MANINDS,EQ,200148,103597,51.76
20,1121,MANINFRA,EQ,272616,189126,69.37
20,1122,MANORG,EQ,22354,10851,48.54
20,1123,MANUGRAPH,EQ,16413,10963,66.79
20,1124,MANXT50,EQ,3838,2122,55.29
20,1125,MANYAVAR,EQ,35359,15080,42.65
20,1126,MAPMYINDIA,EQ,122119,38820,31.79
20,1127,MARALOVER,EQ,59990,49610,82.70
20,1128,MARATHON,EQ,76412,35393,46.32
20,1129,MARICO,EQ,1302697,953400,73.19
20,1130,MARINE,EQ,318051,199331,62.67
20,1131,MARKSANS,EQ,554262,258328,46.61
20,1132,MARSHALL,EQ,8760,5333,60.88
20,1133,MARUTI,EQ,811448,355213,43.78
20,1134,MASFIN,EQ,34562,13559,39.23
20,1135,MASPTOP50,EQ,76957,44532,57.87
20,1136,MASTEK,EQ,48500,22539,46.47
20,1137,MATRIMONY,EQ,21248,7986,37.58
20,1138,MAWANASUG,EQ,123924,70387,56.80
20,1139,MAXHEALTH,EQ,524619,267954,51.08
20,1140,MAXIND,EQ,16213,11390,70.25
20,1141,MAXVIL,EQ,688963,131716,19.12
20,1142,MAYURUNIQ,EQ,52429,28486,54.33
20,1143,MAZDA,EQ,1150,845,73.48
20,1144,MAZDOCK,EQ,788765,250049,31.70
20,1145,MBAPL,EQ,46977,27633,58.82
20,1146,MBLINFRA,EQ,64430,48875,75.86
20,1147,MCDOWELL-N,EQ,735774,255434,34.72
20,1148,MCLEODRUSS,EQ,180371,111956,62.07
20,1149,MCX,EQ,2350505,369114,15.70
20,1150,MEDICAMEQ,EQ,17688,10261,58.01
20,1151,MEDPLUS,EQ,108988,56475,51.82
20,1152,MEGASOFT,EQ,148711,106912,71.89
20,1153,MEGASTAR,EQ,66969,29292,43.74
20,1154,MENONBE,EQ,37052,16735,45.17
20,1155,MEP,EQ,192182,176274,91.72
20,1156,MERCATOR,EQ,506705,426205,84.11
20,1157,METROBRAND,EQ,87796,26424,30.10
20,1158,METROPOLIS,EQ,199049,57186,28.73
20,1159,MFL,EQ,227430,61366,26.98
20,1160,MFSL,EQ,224095,78310,34.95
20,1161,MGEL,EQ,25395,22947,90.36
20,1162,MGL,EQ,351782,90579,25.75
20,1163,MHHL,SM,27000,15000,55.56
20,1164,MHLXMIRU,EQ,11232,10798,96.14
20,1165,MHRIL,EQ,341042,130456,38.25
20,1166,MICEL,EQ,42384,39789,93.88
20,1167,MID150BEES,EQ,111079,72726,65.47
20,1168,MIDHANI,EQ,240281,103397,43.03
20,1169,MILTON,SM,8800,8800,100.00
20,1170,MINDACORP,EQ,1515791,358893,23.68
20,1171,MINDAIND,EQ,562553,180594,32.10
20,1172,MINDSPACE,RR,16111,13906,86.31
20,1173,MINDTECK,EQ,77832,38502,49.47
20,1174,MINDTREE,EQ,598501,174096,29.09
20,1175,MIRCELECTR,EQ,220218,145138,65.91
20,1176,MIRZAINT,EQ,588752,231965,39.40
20,1177,MITCON,EQ,9312,7248,77.84
20,1178,MITTAL,EQ,22917,16441,71.74
20,1179,MKPL,SM,6000,6000,100.00
20,1180,M&M,EQ,3469290,1838228,52.99
20,1181,M&MFIN,EQ,4802844,2172755,45.24
20,1182,M&MFIN,N2,106,105,99.06
20,1183,MMFL,EQ,6421,3493,54.40
20,1184,MMP,EQ,38162,23263,60.96
20,1185,MMTC,EQ,2344981,624849,26.65
20,1186,MODISNME,EQ,79202,30707,38.77
20,1187,MOGSEC,EQ,238,126,52.94
20,1188,MOHITIND,EQ,28448,18606,65.40
20,1189,MOIL,EQ,303027,124446,41.07
20,1190,MOKSH,EQ,292172,185505,63.49
20,1191,MOL,EQ,2026624,1027284,50.69
20,1192,MOLDTECH,EQ,107527,53113,49.40
20,1193,MOLDTKPAC,EQ,36814,15646,42.50
20,1194,MOLOWVOL,EQ,238,204,85.71
20,1195,MOM100,EQ,141370,98420,69.62
20,1196,MOM50,EQ,3995,3600,90.11
20,1197,MOMOMENTUM,EQ,2179,1703,78.16
20,1198,MON100,EQ,257770,200795,77.90
20,1199,MONARCH,EQ,79445,33086,41.65
20,1200,MONQ50,EQ,5018,4889,97.43
20,1201,MONTECARLO,EQ,20030,7349,36.69
20,1202,MOREPENLAB,EQ,1129439,479914,42.49
20,1203,MOTHERSUMI,EQ,6870227,2782138,40.50
20,1204,MOTILALOFS,EQ,63748,23431,36.76
20,1205,MOTOGENFIN,EQ,3128,2157,68.96
20,1206,MPHASIS,EQ,361504,172997,47.85
20,1207,MPSLTD,EQ,40820,16663,40.82
20,1208,MPTODAY,SM,2000,2000,100.00
20,1209,MRF,EQ,10590,2859,27.00
20,1210,MRO-TEK,EQ,111941,26301,23.50
20,1211,MRPL,EQ,15212980,5585260,36.71
20,1212,MSPL,EQ,480870,290580,60.43
20,1213,MSTCLTD,EQ,383594,171547,44.72
20,1214,MSUMI,EQ,2973933,1755939,59.04
20,1215,MTARTECH,EQ,46997,16768,35.68
20,1216,MTEDUCARE,EQ,81530,32876,40.32
20,1217,MTNL,EQ,887630,399232,44.98
20,1218,MUKANDLTD,EQ,360636,116246,32.23
20,1219,MUNJALAU,EQ,31014,13988,45.10
20,1220,MUNJALSHOW,EQ,12230,7774,63.57
20,1221,MURUDCERA,EQ,17215,10675,62.01
20,1222,MUTHOOTCAP,EQ,29319,18116,61.79
20,1223,MUTHOOTFIN,EQ,447290,181765,40.64
20,1224,NABARD,N2,302,202,66.89
20,1225,NACLIND,EQ,95921,55376,57.73
20,1226,NAGAFERT,EQ,761031,536937,70.55
20,1227,NAGREEKEXP,EQ,35558,23415,65.85
20,1228,NAHARCAP,EQ,19331,8167,42.25
20,1229,NAHARINDUS,EQ,210622,118072,56.06
20,1230,NAHARPOLY,EQ,14640,11880,81.15
20,1231,NAM-INDIA,EQ,777716,225792,29.03
20,1232,NATCOPHARM,EQ,118174,55161,46.68
20,1233,NATHBIOGEN,EQ,66177,45807,69.22
20,1234,NATIONALUM,EQ,30736909,5868745,19.09
20,1235,NAUKRI,EQ,571232,215573,37.74
20,1236,NAVINFLUOR,EQ,149163,75476,50.60
20,1237,NAVKARCORP,EQ,181705,161443,88.85
20,1238,NAVNETEDUL,EQ,258810,129082,49.88
20,1239,NAZARA,EQ,182342,59024,32.37
20,1240,NBCC,EQ,2929011,1168440,39.89
20,1241,NBIFIN,EQ,271,155,57.20
20,1242,NBVENTURES,EQ,1938454,508824,26.25
20,1243,NCC,EQ,2281453,582720,25.54
20,1244,NCLIND,EQ,86163,33901,39.35
20,1245,NDGL,EQ,169,52,30.77
20,1246,NDL,EQ,135148,80198,59.34
20,1247,NDRAUTO,EQ,43404,7746,17.85
20,1248,NDTV,EQ,33174,25785,77.73
20,1249,NECCLTD,EQ,216689,109205,50.40
20,1250,NECLIFE,EQ,309384,119024,38.47
20,1251,NELCAST,EQ,102721,47338,46.08
20,1252,NELCO,EQ,29048,20031,68.96
20,1253,NEOGEN,EQ,84366,40086,47.51
20,1254,NESCO,EQ,25214,15683,62.20
20,1255,NESTLEIND,EQ,86305,59982,69.50
20,1256,NETF,EQ,2476,1293,52.22
20,1257,NETWORK18,EQ,1878023,470449,25.05
20,1258,NEULANDLAB,EQ,19410,9563,49.27
20,1259,NEWGEN,EQ,145364,89660,61.68
20,1260,NFL,EQ,1332916,450987,33.83
20,1261,NGIL,EQ,28481,23984,84.21
20,1262,NH,EQ,58687,40679,69.32
20,1263,NHAI,N2,2602,2051,78.82
20,1264,NHAI,N4,40,40,100.00
20,1265,NHAI,N6,5308,4482,84.44
20,1266,NHAI,N8,1319,1319,100.00
20,1267,NHAI,NA,4698,3802,80.93
20,1268,NHAI,ND,6,6,100.00
20,1269,NHAI,NE,5126,5005,97.64
20,1270,NHBTF2014,N6,31,31,100.00
20,1271,NHBTF2023,N6,114,114,100.00
20,1272,NHPC,EQ,7321697,3526576,48.17
20,1273,NHPC,N4,20,20,100.00
20,1274,NIACL,EQ,208054,93708,45.04
20,1275,NIBL,EQ,15386,11858,77.07
20,1276,NIDAN,SM,7000,5000,71.43
20,1277,NIF100BEES,EQ,31755,29958,94.34
20,1278,NIFTYBEES,EQ,3600691,1752418,48.67
20,1279,NIITLTD,EQ,419803,182776,43.54
20,1280,NILAINFRA,EQ,242496,154985,63.91
20,1281,NILASPACES,EQ,351122,290073,82.61
20,1282,NILKAMAL,EQ,2464,1291,52.39
20,1283,NIPPOBATRY,EQ,3348,2832,84.59
20,1284,NIRAJ,EQ,12257,8156,66.54
20,1285,NITCO,EQ,56080,48843,87.10
20,1286,NITINSPIN,EQ,146424,108843,74.33
20,1287,NITIRAJ,EQ,12221,6377,52.18
20,1288,NKIND,EQ,2353,1134,48.19
20,1289,NLCINDIA,EQ,11272486,2789463,24.75
20,1290,NMDC,EQ,6806129,1424663,20.93
20,1291,NOCIL,EQ,914210,364926,39.92
20,1292,NOIDATOLL,EQ,118389,77588,65.54
20,1293,NOVARTIND,EQ,2662,1833,68.86
20,1294,NPBET,EQ,2532,2413,95.30
20,1295,NPST,SM,6400,6400,100.00
20,1296,NRAIL,EQ,18565,10321,55.59
20,1297,NRBBEARING,EQ,45912,26049,56.74
20,1298,NRL,SM,45100,37400,82.93
20,1299,NSIL,EQ,1305,895,68.58
20,1300,NTPC,EQ,13925542,7238662,51.98
20,1301,NTPC,N4,550,550,100.00
20,1302,NTPC,N6,347,347,100.00
20,1303,NTPC,N7,93137,75982,81.58
20,1304,NTPC,NA,15,15,100.00
20,1305,NTPC,NC,157,86,54.78
20,1306,NTPC,ND,220,220,100.00
20,1307,NUCLEUS,EQ,24695,15787,63.93
20,1308,NURECA,EQ,7793,3020,38.75
20,1309,NUVOCO,EQ,78221,38735,49.52
20,1310,NV20BEES,EQ,4250,1661,39.08
20,1311,NXTDIGITAL,EQ,1315,866,65.86
20,1312,NYKAA,EQ,609384,121827,19.99
20,1313,OAL,EQ,10184,7020,68.93
20,1314,OBCL,EQ,20854,13347,64.00
20,1315,OBEROIRLTY,EQ,868947,421574,48.52
20,1316,OCCL,EQ,1738,1194,68.70
20,1317,OFSS,EQ,81976,29054,35.44
20,1318,OIL,EQ,4887592,1990887,40.73
20,1319,OILCOUNTUB,EQ,8921,6964,78.06
20,1320,OLECTRA,EQ,109035,67883,62.26
20,1321,OMAXAUTO,EQ,27669,13949,50.41
20,1322,OMAXE,EQ,263683,92120,34.94
20,1323,OMINFRAL,EQ,49677,36250,72.97
20,1324,OMKARCHEM,EQ,73930,44673,60.43
20,1325,ONELIFECAP,EQ,5691,4586,80.58
20,1326,ONEPOINT,EQ,181503,173843,95.78
20,1327,ONGC,EQ,17843200,6345995,35.57
20,1328,ONMOBILE,EQ,1824402,420752,23.06
20,1329,ONWARDTEC,EQ,13864,6147,44.34
20,1330,OPTIEMUS,EQ,340177,207608,61.03
20,1331,ORBTEXP,EQ,31275,12676,40.53
20,1332,ORCHPHARMA,EQ,8061,5581,69.23
20,1333,ORICONENT,EQ,96070,54993,57.24
20,1334,ORIENTABRA,EQ,32191,19181,59.58
20,1335,ORIENTALTL,EQ,31854,26388,82.84
20,1336,ORIENTBELL,EQ,100234,21073,21.02
20,1337,ORIENTCEM,EQ,606981,294865,48.58
20,1338,ORIENTELEC,EQ,1783847,1390328,77.94
20,1339,ORIENTHOT,EQ,374649,229207,61.18
20,1340,ORIENTLTD,EQ,5945,3504,58.94
20,1341,ORIENTPPR,EQ,669008,233133,34.85
20,1342,ORISSAMINE,EQ,10363,5929,57.21
20,1343,ORTINLAB,EQ,125659,50201,39.95
20,1344,OSIAHYPER,SM,1200,800,66.67
20,1345,OSWALAGRO,EQ,39307,18629,47.39
20,1346,PAGEIND,EQ,20576,11724,56.98
20,1347,PAISALO,EQ,37939,14629,38.56
20,1348,PANACEABIO,EQ,49425,28560,57.78
20,1349,PANAMAPET,EQ,181495,85116,46.90
20,1350,PAR,EQ,8732,6185,70.83
20,1351,PARACABLES,EQ,95229,72172,75.79
20,1352,PARAGMILK,EQ,246836,131439,53.25
20,1353,PARAS,EQ,87685,27280,31.11
20,1354,PARSVNATH,EQ,145593,94667,65.02
20,1355,PASHUPATI,SM,3200,1600,50.00
20,1356,PASUPTAC,EQ,104626,73326,70.08
20,1357,PATELENG,EQ,99630,99630,100.00
20,1358,PATINTLOG,EQ,165423,75573,45.68
20,1359,PATINTPP,E1,201585,163521,81.12
20,1360,PAYTM,EQ,4008281,427165,10.66
20,1361,PBAINFRA,EQ,17073,5733,33.58
20,1362,PCBL,EQ,1096311,549121,50.09
20,1363,PCHFL,NA,318,318,100.00
20,1364,PCJEWELLER,EQ,449359,231134,51.44
20,1365,PDMJEPAPER,EQ,92678,42649,46.02
20,1366,PDSL,EQ,10311,6722,65.19
20,1367,PEARLPOLY,EQ,42487,19932,46.91
20,1368,PEL,EQ,654922,259407,39.61
20,1369,PENIND,EQ,231077,122595,53.05
20,1370,PENTAGOLD,SM,3000,3000,100.00
20,1371,PERSISTENT,EQ,287848,116745,40.56
20,1372,PETRONET,EQ,1633459,780318,47.77
20,1373,PFC,EQ,2076269,832528,40.10
20,1374,PFC,N5,105,105,100.00
20,1375,PFC,N8,714,426,59.66
20,1376,PFIZER,EQ,17606,3041,17.27
20,1377,PFOCUS,EQ,16995,11996,70.59
20,1378,PFS,EQ,569125,263033,46.22
20,1379,PGEL,EQ,41768,14314,34.27
20,1380,PGHH,EQ,2038,924,45.34
20,1381,PGHL,EQ,8384,5238,62.48
20,1382,PGIL,EQ,9165,6038,65.88
20,1383,PGINVIT,IV,255163,233916,91.67
20,1384,PHARMABEES,EQ,161321,88015,54.56
20,1385,PHOENIXLTD,EQ,577555,536380,92.87
20,1386,PIDILITIND,EQ,265942,105599,39.71
20,1387,PIIND,EQ,213343,84000,39.37
20,1388,PILANIINVS,EQ,4591,2328,50.71
20,1389,PILITA,EQ,607948,293853,48.34
20,1390,PIONDIST,EQ,8620,3609,41.87
20,1391,PIONEEREMB,EQ,52443,15771,30.07
20,1392,PITTIENG,EQ,63690,32893,51.65
20,1393,PIXTRANS,EQ,25837,13673,52.92
20,1394,PLASTIBLEN,EQ,17008,14627,86.00
20,1395,PNB,EQ,32624448,10604449,32.50
20,1396,PNBGILTS,EQ,264510,170501,64.46
20,1397,PNBHOUSING,EQ,73265,28594,39.03
20,1398,PNCINFRA,EQ,157201,74649,47.49
20,1399,PODDARHOUS,EQ,1061,766,72.20
20,1400,PODDARMENT,EQ,2965,2230,75.21
20,1401,POKARNA,EQ,31704,16005,50.48
20,1402,POLICYBZR,EQ,834522,200765,24.06
20,1403,POLYCAB,EQ,289065,105801,36.60
20,1404,POLYMED,EQ,17059,8392,49.19
20,1405,POLYPLEX,EQ,238789,92824,38.87
20,1406,PONNIERODE,EQ,427773,81855,19.14
20,1407,POONAWALLA,EQ,6172549,1531895,24.82
20,1408,POWERGRID,EQ,11603203,8347723,71.94
20,1409,POWERINDIA,EQ,33435,10729,32.09
20,1410,POWERMECH,EQ,77120,30386,39.40
20,1411,PPAP,EQ,10994,8069,73.39
20,1412,PPL,EQ,113389,53632,47.30
20,1413,PRAJIND,EQ,810443,371004,45.78
20,1414,PRAKASH,EQ,662288,309099,46.67
20,1415,PRAKASHSTL,EQ,1335875,717860,53.74
20,1416,PRAXIS,EQ,14008,10029,71.59
20,1417,PRECAM,EQ,143099,83549,58.39
20,1418,PRECISION,SM,22000,10000,45.45
20,1419,PRECOT,EQ,4078,3179,77.95
20,1420,PRECWIRE,EQ,53250,43712,82.09
20,1421,PREMIER,EQ,36443,22147,60.77
20,1422,PREMIERPOL,EQ,72442,22214,30.66
20,1423,PRESSMN,EQ,49644,35046,70.59
20,1424,PRESTIGE,EQ,372255,191878,51.54
20,1425,PRICOLLTD,EQ,714336,299255,41.89
20,1426,PRIMESECU,EQ,30941,24854,80.33
20,1427,PRINCEPIPE,EQ,86833,47153,54.30
20,1428,PRITI,EQ,37403,31816,85.06
20,1429,PRITIKAUTO,EQ,64021,50516,78.91
20,1430,PRIVISCL,EQ,149905,47653,31.79
20,1431,PROLIFE,SM,3000,3000,100.00
20,1432,PROPEQUITY,SM,10800,9600,88.89
20,1433,PROZONINTU,EQ,79831,57911,72.54
20,1434,PRSMJOHNSN,EQ,379658,291745,76.84
20,1435,PSB,EQ,244713,140084,57.24
20,1436,PSPPROJECT,EQ,72253,32607,45.13
20,1437,PSUBNKBEES,EQ,554868,295830,53.32
20,1438,PTC,EQ,1060312,652850,61.57
20,1439,PTL,EQ,68346,46785,68.45
20,1440,PUNJABCHEM,EQ,13188,8192,62.12
20,1441,PURVA,EQ,66453,24198,36.41
20,1442,PVR,EQ,484205,150115,31.00
20,1443,QGOLDHALF,EQ,26254,20949,79.79
20,1444,QNIFTY,EQ,212,109,51.42
20,1445,QUADPRO,SM,6000,6000,100.00
20,1446,QUESS,EQ,64175,24149,37.63
20,1447,QUICKHEAL,EQ,31741,15349,48.36
20,1448,RADICO,EQ,149158,51161,34.30
20,1449,RADIOCITY,EQ,113601,77726,68.42
20,1450,RAILTEL,EQ,509652,178324,34.99
20,1451,RAIN,EQ,2547521,509922,20.02
20,1452,RAINBOW,EQ,911509,408760,44.84
20,1453,RAJESHEXPO,EQ,28291,11452,40.48
20,1454,RAJMET,EQ,48224,12126,25.15
20,1455,RAJRATAN,EQ,20378,13269,65.11
20,1456,RAJSREESUG,EQ,71130,24987,35.13
20,1457,RAJTV,EQ,7969,7672,96.27
20,1458,RALLIS,EQ,420729,273638,65.04
20,1459,RAMANEWS,EQ,31305,21109,67.43
20,1460,RAMASTEEL,EQ,109051,28856,26.46
20,1461,RAMCOCEM,EQ,188548,54551,28.93
20,1462,RAMCOIND,EQ,30595,19104,62.44
20,1463,RAMCOSYS,EQ,160797,46257,28.77
20,1464,RAMKY,EQ,95264,49149,51.59
20,1465,RANASUG,EQ,1376330,579526,42.11
20,1466,RANEENGINE,EQ,10263,5131,50.00
20,1467,RANEHOLDIN,EQ,7890,4834,61.27
20,1468,RATEGAIN,EQ,983657,293550,29.84
20,1469,RATNAMANI,EQ,39404,9989,25.35
20,1470,RAYMOND,EQ,2143060,319256,14.90
20,1471,RBA,EQ,622495,252991,40.64
20,1472,RBL,EQ,15653,8747,55.88
20,1473,RBLBANK,EQ,18327884,2857993,15.59
20,1474,RCF,EQ,5033024,1513677,30.07
20,1475,RCOM,EQ,8527916,5411431,63.46
20,1476,RECLTD,EQ,3111007,1741044,55.96
20,1477,RECLTD,N1,500,500,100.00
20,1478,RECLTD,N8,20,20,100.00
20,1479,RECLTD,N9,740,500,67.57
20,1480,RECLTD,NF,2,2,100.00
20,1481,REDINGTON,EQ,2312073,1055643,45.66
20,1482,REFEX,EQ,61614,33047,53.64
20,1483,RELAXO,EQ,74949,29160,38.91
20,1484,RELCAPITAL,EQ,1488395,853358,57.33
20,1485,RELIANCE,EQ,7638666,4085578,53.49
20,1486,RELIGARE,EQ,1644119,889301,54.09
20,1487,RELINFRA,EQ,3028015,1184237,39.11
20,1488,REMSONSIND,EQ,7568,3634,48.02
20,1489,RENUKA,EQ,15218611,5946338,39.07
20,1490,REPCOHOME,EQ,174462,115232,66.05
20,1491,REPL,EQ,18113,10871,60.02
20,1492,REPRO,EQ,2420,1607,66.40
20,1493,RESPONIND,EQ,156275,14566,9.32
20,1494,REVATHI,EQ,2244,2032,90.55
20,1495,REXPIPES,SM,12000,12000,100.00
20,1496,RGL,EQ,36880,5135,13.92
20,1497,RHFL,EQ,762964,400760,52.53
20,1498,RHFL,N6,530,530,100.00
20,1499,RHFL,N8,483,383,79.30
20,1500,RHIM,EQ,134596,66793,49.62
20,1501,RICOAUTO,EQ,170960,80873,47.31
20,1502,RIIL,EQ,2456588,323953,13.19
20,1503,RITCO,EQ,26798,15119,56.42
20,1504,RITES,EQ,144661,80416,55.59
20,1505,RKEC,EQ,2757,1972,71.53
20,1506,RKFORGE,EQ,704990,335315,47.56
20,1507,RMDRIP,SM,2000,2000,100.00
20,1508,RML,EQ,12362,6413,51.88
20,1509,ROHLTD,EQ,26388,15289,57.94
20,1510,ROLEXRINGS,EQ,4170,2674,64.12
20,1511,ROLLT,EQ,239591,239591,100.00
20,1512,ROML,EQ,8500,4646,54.66
20,1513,ROSSARI,EQ,37807,12801,33.86
20,1514,ROSSELLIND,EQ,40229,30603,76.07
20,1515,ROTO,EQ,14291,10205,71.41
20,1516,ROUTE,EQ,146648,76421,52.11
20,1517,RPGLIFE,EQ,11817,6696,56.66
20,1518,RPOWER,EQ,16346984,7192921,44.00
20,1519,RPPINFRA,EQ,103597,87263,84.23
20,1520,RPPL,EQ,12823,8302,64.74
20,1521,RPSGVENT,EQ,27198,11978,44.04
20,1522,RSSOFTWARE,EQ,22315,13478,60.40
20,1523,RSWM,EQ,175642,99994,56.93
20,1524,RSYSTEMS,EQ,41172,22850,55.50
20,1525,RTNINDIA,EQ,3908463,1313675,33.61
20,1526,RTNPOWER,EQ,25343147,15681970,61.88
20,1527,RUBYMILLS,EQ,39418,18921,48.00
20,1528,RUCHI,EQ,4449493,1087899,24.45
20,1529,RUCHIRA,EQ,66912,38456,57.47
20,1530,RUPA,EQ,1095782,384997,35.13
20,1531,RUSHIL,EQ,32237,14055,43.60
20,1532,RVNL,EQ,995922,502458,50.45
20,1533,SABEVENTS,EQ,2718,2522,92.79
20,1534,SADBHAV,EQ,340650,201015,59.01
20,1535,SAFARI,EQ,17088,7211,42.20
20,1536,SAGARDEEP,EQ,19799,9517,48.07
20,1537,SAGCEM,EQ,27513,13644,49.59
20,1538,SAIL,EQ,38380173,8076421,21.04
20,1539,SAKAR,EQ,434649,192574,44.31
20,1540,SAKHTISUG,EQ,205536,91764,44.65
20,1541,SAKSOFT,EQ,60160,40430,67.20
20,1542,SAKUMA,EQ,2852784,1388277,48.66
20,1543,SALASAR,EQ,43617,27040,61.99
20,1544,SALONA,EQ,75547,16104,21.32
20,1545,SALSTEEL,EQ,87065,60306,69.27
20,1546,SALZERELEC,EQ,26439,17719,67.02
20,1547,SAMBHAAV,EQ,97907,68231,69.69
20,1548,SANCO,EQ,16254,8630,53.09
20,1549,SANDESH,EQ,1307,664,50.80
20,1550,SANDHAR,EQ,20374,13853,67.99
20,1551,SANGAMIND,EQ,73530,54644,74.32
20,1552,SANGHIIND,EQ,235167,119813,50.95
20,1553,SANGHVIMOV,EQ,24615,16991,69.03
20,1554,SANGINITA,EQ,18436,12146,65.88
20,1555,SANOFI,EQ,9406,5286,56.20
20,1556,SANSERA,EQ,296251,260232,87.84
20,1557,SAPPHIRE,EQ,366738,117729,32.10
20,1558,SARDAEN,EQ,96695,39752,41.11
20,1559,SAREGAMA,EQ,375455,207358,55.23
20,1560,SARLAPOLY,EQ,124107,81525,65.69
20,1561,SARVESHWAR,SM,1600,1600,100.00
20,1562,SASKEN,EQ,10994,5932,53.96
20,1563,SASTASUNDR,EQ,26485,16832,63.55
20,1564,SATIA,EQ,120329,57269,47.59
20,1565,SATIN,EQ,94138,57000,60.55
20,1566,SBC,EQ,748199,413678,55.29
20,1567,SBCL,EQ,107522,48673,45.27
20,1568,SBICARD,EQ,2028069,1454754,71.73
20,1569,SBIETFCON,EQ,1836,1218,66.34
20,1570,SBIETFIT,EQ,10046,5833,58.06
20,1571,SBIETFPB,EQ,1751,1221,69.73
20,1572,SBIETFQLTY,EQ,1512,1333,88.16
20,1573,SBILIFE,EQ,545334,198633,36.42
20,1574,SBIN,EQ,16880698,6120436,36.26
20,1575,SCAPDVR,EQ,685433,463952,67.69
20,1576,SCHAEFFLER,EQ,83804,60685,72.41
20,1577,SCHAND,EQ,116393,38704,33.25
20,1578,SCHNEIDER,EQ,500622,169947,33.95
20,1579,SCI,EQ,964266,404872,41.99
20,1580,SDL24BEES,EQ,20,17,85.00
20,1581,SDL26BEES,EQ,885,885,100.00
20,1582,SEAMECLTD,EQ,8701,3408,39.17
20,1583,SECURCRED,SM,6000,5400,90.00
20,1584,SECURKLOUD,EQ,181345,95191,52.49
20,1585,SELAN,EQ,98794,39089,39.57
20,1586,SEPC,EQ,425915,247531,58.12
20,1587,SEPOWER,EQ,212897,206548,97.02
20,1588,SEQUENT,EQ,693694,299180,43.13
20,1589,SERVOTECH,EQ,110724,4025,3.64
20,1590,SESHAPAPER,EQ,101865,41124,40.37
20,1591,SETCO,EQ,86450,65490,75.75
20,1592,SETF10GILT,EQ,20,20,100.00
20,1593,SETFGOLD,EQ,243154,134050,55.13
20,1594,SETFNIF50,EQ,297645,237457,79.78
20,1595,SETFNIFBK,EQ,26685,13925,52.18
20,1596,SETFNN50,EQ,34270,22744,66.37
20,1597,SFL,EQ,26004,9182,35.31
20,1598,SGBAPR28I,GB,160,160,100.00
20,1599,SGBAUG24,GB,175,174,99.43
20,1600,SGBAUG27,GB,115,101,87.83
20,1601,SGBAUG28V,GB,782,707,90.41
20,1602,SGBAUG29V,GB,41,40,97.56
20,1603,SGBD29VIII,GB,83,67,80.72
20,1604,SGBDEC2512,GB,1,1,100.00
20,1605,SGBDEC26,GB,35,35,100.00
20,1606,SGBFEB24,GB,121,116,95.87
20,1607,SGBFEB29XI,GB,101,73,72.28
20,1608,SGBJ28VIII,GB,5,5,100.00
20,1609,SGBJAN29IX,GB,725,635,87.59
20,1610,SGBJAN29X,GB,43,32,74.42
20,1611,SGBJAN30IX,GB,76,58,76.32
20,1612,SGBJU29III,GB,81,77,95.06
20,1613,SGBJUL25,GB,135,135,100.00
20,1614,SGBJUL27,GB,3,3,100.00
20,1615,SGBJUL28IV,GB,265,265,100.00
20,1616,SGBJUL29IV,GB,152,79,51.97
20,1617,SGBJUN28,GB,435,432,99.31
20,1618,SGBJUN29II,GB,310,271,87.42
20,1619,SGBMAR24,GB,30,30,100.00
20,1620,SGBMAR25,GB,19,15,78.95
20,1621,SGBMAR30X,GB,56,48,85.71
20,1622,SGBMAY25,GB,131,120,91.60
20,1623,SGBMAY26,GB,61,61,100.00
20,1624,SGBMAY28,GB,2936,2898,98.71
20,1625,SGBMAY29I,GB,1153,1020,88.46
20,1626,SGBMR29XII,GB,780,555,71.15
20,1627,SGBN28VIII,GB,171,168,98.25
20,1628,SGBNOV23,GB,43,33,76.74
20,1629,SGBNOV24,GB,77,77,100.00
20,1630,SGBNOV25,GB,10,10,100.00
20,1631,SGBNOV258,GB,2,2,100.00
20,1632,SGBNOV25VI,GB,103,103,100.00
20,1633,SGBNOV26,GB,17,17,100.00
20,1634,SGBNV29VII,GB,119,104,87.39
20,1635,SGBOC28VII,GB,248,247,99.60
20,1636,SGBOCT25IV,GB,2,2,100.00
20,1637,SGBOCT26,GB,11,11,100.00
20,1638,SGBOCT27VI,GB,5,5,100.00
20,1639,SGBSEP24,GB,70,70,100.00
20,1640,SGBSEP27,GB,111,110,99.10
20,1641,SGBSEP28VI,GB,437,351,80.32
20,1642,SGBSEP29VI,GB,214,188,87.85
20,1643,SGIL,EQ,2243,1129,50.33
20,1644,SGL,EQ,10630,6906,64.97
20,1645,SHAHALLOYS,EQ,31268,19347,61.87
20,1646,SHAILY,EQ,1012,679,67.09
20,1647,SHAKTIPUMP,EQ,63007,30695,48.72
20,1648,SHALBY,EQ,76693,34260,44.67
20,1649,SHALPAINTS,EQ,157689,91831,58.24
20,1650,SHANKARA,EQ,76338,21919,28.71
20,1651,SHANTI,EQ,698,698,100.00
20,1652,SHANTIGEAR,EQ,267403,84972,31.78
20,1653,SHARDACROP,EQ,562765,236288,41.99
20,1654,SHARDAMOTR,EQ,10048,5218,51.93
20,1655,SHAREINDIA,EQ,46120,32312,70.06
20,1656,SHARIABEES,EQ,995,610,61.31
20,1657,SHEMAROO,EQ,29222,16917,57.89
20,1658,SHIGAN,SM,54000,39000,72.22
20,1659,SHIL,EQ,194954,141878,72.78
20,1660,SHILPAMED,EQ,43933,17250,39.26
20,1661,SHIVALIK,EQ,8947,5627,62.89
20,1662,SHIVAMAUTO,EQ,438661,346773,79.05
20,1663,SHIVAMILLS,EQ,12923,6296,48.72
20,1664,SHIVATEX,EQ,18710,13322,71.20
20,1665,SHK,EQ,67230,42164,62.72
20,1666,SHOPERSTOP,EQ,158118,93551,59.17
20,1667,SHRADHA,EQ,1296,664,51.23
20,1668,SHREDIGCEM,EQ,116631,45395,38.92
20,1669,SHREECEM,EQ,43000,16793,39.05
20,1670,SHREEPUSHK,EQ,39927,24781,62.07
20,1671,SHREERAMA,EQ,23320,20156,86.43
20,1672,SHRENIK,EQ,1321134,867077,65.63
20,1673,SHREYANIND,EQ,11060,7011,63.39
20,1674,SHREYAS,EQ,33056,18182,55.00
20,1675,SHRIRAMCIT,EQ,12615,7833,62.09
20,1676,SHRIRAMPPS,EQ,312333,164853,52.78
20,1677,SHUBHLAXMI,SM,2000,2000,100.00
20,1678,SHYAMCENT,EQ,1214458,861612,70.95
20,1679,SHYAMMETL,EQ,769996,349449,45.38
20,1680,SICAL,EQ,148832,98393,66.11
20,1681,SIEMENS,EQ,253139,140483,55.50
20,1682,SIGACHI,EQ,103826,42719,41.14
20,1683,SIGIND,EQ,24982,13201,52.84
20,1684,SIGMA,SM,1200,900,75.00
20,1685,SIKKO,EQ,370,200,54.05
20,1686,SILGO,EQ,47643,37048,77.76
20,1687,SILINV,EQ,1965,1348,68.60
20,1688,SILLYMONKS,EQ,1838,1338,72.80
20,1689,SILVER,EQ,108376,101150,93.33
20,1690,SILVERBEES,EQ,438564,282328,64.38
20,1691,SILVERTUC,EQ,9558,6907,72.26
20,1692,SINTERCOM,EQ,2450,1535,62.65
20,1693,SIRCA,EQ,17519,13540,77.29
20,1694,SIS,EQ,14558,6612,45.42
20,1695,SIYSIL,EQ,126978,41000,32.29
20,1696,SJS,EQ,17592,9268,52.68
20,1697,SJVN,EQ,3589336,1342577,37.40
20,1698,SKFINDIA,EQ,78806,66993,85.01
20,1699,SKIPPER,EQ,108287,63472,58.61
20,1700,SKMEGGPROD,EQ,32647,17561,53.79
20,1701,SMARTLINK,EQ,8869,5637,63.56
20,1702,SMCGLOBAL,EQ,224507,176999,78.84
20,1703,SMLISUZU,EQ,12426,5982,48.14
20,1704,SMLT,EQ,14873,6705,45.08
20,1705,SMSLIFE,EQ,1053,620,58.88
20,1706,SMSPHARMA,EQ,39147,27457,70.14
20,1707,SMVD,SM,2000,2000,100.00
20,1708,SNOWMAN,EQ,242419,119926,49.47
20,1709,SOBHA,EQ,332831,75281,22.62
20,1710,SOLARA,EQ,77729,30392,39.10
20,1711,SOLARINDS,EQ,34718,20808,59.93
20,1712,SOMANYCERA,EQ,7081,3583,50.60
20,1713,SOMICONVEY,EQ,6243,2235,35.80
20,1714,SONACOMS,EQ,1061209,559832,52.75
20,1715,SONAMCLOCK,EQ,103491,250,0.24
20,1716,SONATSOFTW,EQ,109999,55090,50.08
20,1717,SONUINFRA,ST,402000,381000,94.78
20,1718,SORILINFRA,EQ,40050,17902,44.70
20,1719,SOTL,EQ,5330,3351,62.87
20,1720,SOUTHBANK,EQ,4407653,2084174,47.29
20,1721,SOUTHWEST,EQ,12366,5299,42.85
20,1722,SPAL,EQ,55876,28213,50.49
20,1723,SPANDANA,EQ,78484,24069,30.67
20,1724,SPARC,EQ,623719,141989,22.76
20,1725,SPECIALITY,EQ,58571,29585,50.51
20,1726,SPECTRUM,SM,8000,8000,100.00
20,1727,SPENCERS,EQ,117947,56284,47.72
20,1728,SPIC,EQ,1495602,389414,26.04
20,1729,SPICEJET,EQ,1265650,526631,41.61
20,1730,SPLIL,EQ,31675,17656,55.74
20,1731,SPMLINFRA,EQ,116832,87726,75.09
20,1732,SREEL,EQ,10154,5618,55.33
20,1733,SREIBNPNCD,NO,130,130,100.00
20,1734,SREIBNPNCD,NP,147,97,65.99
20,1735,SREIBNPNCD,NT,2,2,100.00
20,1736,SREIBNPNCD,NV,25,25,100.00
20,1737,SREIBNPNCD,Y8,120,120,100.00
20,1738,SREIBNPNCD,YA,5,5,100.00
20,1739,SREINFRA,EQ,323667,183443,56.68
20,1740,SRF,EQ,807853,218677,27.07
20,1741,SRHHYPOLTD,EQ,30381,16328,53.74
20,1742,SRPL,EQ,58751,50894,86.63
20,1743,SRTRANSFIN,EQ,820255,341470,41.63
20,1744,SRTRANSFIN,YI,1,1,100.00
20,1745,SRTRANSFIN,YK,150,150,100.00
20,1746,SRTRANSFIN,YL,127,127,100.00
20,1747,SRTRANSFIN,YN,3,3,100.00
20,1748,SRTRANSFIN,YO,275,275,100.00
20,1749,SRTRANSFIN,YR,350,350,100.00
20,1750,SRTRANSFIN,YS,215,215,100.00
20,1751,SRTRANSFIN,YV,55,55,100.00
20,1752,SRTRANSFIN,YW,165,165,100.00
20,1753,SRTRANSFIN,YZ,94,94,100.00
20,1754,SRTRANSFIN,Z2,55,55,100.00
20,1755,SRTRANSFIN,Z3,105,105,100.00
20,1756,SRTRANSFIN,Z4,75,75,100.00
20,1757,SRTRANSFIN,Z8,30,30,100.00
20,1758,SRTRANSFIN,ZD,180,100,55.56
20,1759,SSWL,EQ,39866,17131,42.97
20,1760,STAR,EQ,590070,150510,25.51
20,1761,STARCEMENT,EQ,393813,106459,27.03
20,1762,STARHEALTH,EQ,280290,151357,54.00
20,1763,STARPAPER,EQ,114643,51080,44.56
20,1764,STARTECK,EQ,3437,1566,45.56
20,1765,STCINDIA,EQ,68292,27516,40.29
20,1766,STEELCAS,EQ,5737,4483,78.14
20,1767,STEELCITY,EQ,7890,6605,83.71
20,1768,STEELXIND,EQ,570948,473162,82.87
20,1769,STEL,EQ,14195,9009,63.47
20,1770,STERTOOLS,EQ,29792,12426,41.71
20,1771,STLTECH,EQ,3409296,598730,17.56
20,1772,STOVEKRAFT,EQ,34823,15134,43.46
20,1773,STYLAMIND,EQ,14503,11110,76.60
20,1774,SUBEXLTD,EQ,3069650,837980,27.30
20,1775,SUBROS,EQ,19017,13032,68.53
20,1776,SUDARSCHEM,EQ,176883,97643,55.20
20,1777,SUMEETINDS,EQ,130031,81613,62.76
20,1778,SUMICHEM,EQ,451397,214412,47.50
20,1779,SUMIT,EQ,36428,19345,53.10
20,1780,SUMMITSEC,EQ,5781,2181,37.73
20,1781,SUNCLAYLTD,EQ,2404,1698,70.63
20,1782,SUNDARAM,EQ,56592,56592,100.00
20,1783,SUNDARMFIN,EQ,19663,7265,36.95
20,1784,SUNDARMHLD,EQ,57962,33918,58.52
20,1785,SUNDRMBRAK,EQ,739,604,81.73
20,1786,SUNDRMFAST,EQ,69659,49429,70.96
20,1787,SUNFLAG,EQ,515255,239162,46.42
20,1788,SUNPHARMA,EQ,2317400,1185672,51.16
20,1789,SUNTECK,EQ,730329,239717,32.82
20,1790,SUNTV,EQ,573484,208750,36.40
20,1791,SUPERHOUSE,EQ,9063,4540,50.09
20,1792,SUPRAJIT,EQ,133604,53586,40.11
20,1793,SUPREMEIND,EQ,26372,14439,54.75
20,1794,SUPREMEINF,EQ,17277,11998,69.44
20,1795,SUPRIYA,EQ,1065727,133958,12.57
20,1796,SURANASOL,EQ,60267,36318,60.26
20,1797,SURANAT&P,EQ,99543,76954,77.31
20,1798,SURANI,SM,32000,28000,87.50
20,1799,SURYALAXMI,EQ,6685,4442,66.45
20,1800,SURYAROSNI,EQ,74769,33454,44.74
20,1801,SURYODAY,EQ,464331,102791,22.14
20,1802,SUTLEJTEX,EQ,204515,97772,47.81
20,1803,SUULD,EQ,131176,92133,70.24
20,1804,SUVEN,EQ,183293,97449,53.17
20,1805,SUVENPHAR,EQ,98872,60789,61.48
20,1806,SUVIDHAA,EQ,175237,118673,67.72
20,1807,SUZLON,EQ,54224881,18306847,33.76
20,1808,SVLL,SM,1000,1000,100.00
20,1809,SVPGLOB,EQ,172145,115338,67.00
20,1810,SWANENERGY,EQ,104826,51392,49.03
20,1811,SWARAJ,SM,8000,4000,50.00
20,1812,SWARAJENG,EQ,3140,2008,63.95
20,1813,SWELECTES,EQ,9371,6741,71.93
20,1814,SWSOLAR,EQ,243451,113249,46.52
20,1815,SYMPHONY,EQ,26193,14203,54.22
20,1816,SYNGENE,EQ,323789,81019,25.02
20,1817,TAINWALCHM,EQ,12966,5701,43.97
20,1818,TAJGVK,EQ,113728,53098,46.69
20,1819,TAKE,EQ,593373,258600,43.58
20,1820,TALBROAUTO,EQ,27575,13345,48.40
20,1821,TANLA,EQ,298926,89695,30.01
20,1822,TARACHAND,SM,6000,6000,100.00
20,1823,TARAPUR,EQ,500,500,100.00
20,1824,TARC,EQ,591843,333405,56.33
20,1825,TARMAT,EQ,19852,7900,39.79
20,1826,TARSONS,EQ,52204,28294,54.20
20,1827,TASTYBITE,EQ,1431,1099,76.80
20,1828,TATACAPHSG,N2,54,54,100.00
20,1829,TATACAPHSG,N4,110,100,90.91
20,1830,TATACAPHSG,N6,25,25,100.00
20,1831,TATACAPHSG,NA,32,32,100.00
20,1832,TATACAPHSG,NB,27,27,100.00
20,1833,TATACHEM,EQ,1637953,448261,27.37
20,1834,TATACOFFEE,EQ,1166834,301278,25.82
20,1835,TATACOMM,EQ,398471,122652,30.78
20,1836,TATACONSUM,EQ,2536701,1361604,53.68
20,1837,TATAELXSI,EQ,739730,213386,28.85
20,1838,TATAINVEST,EQ,28571,17921,62.72
20,1839,TATAMETALI,EQ,57107,23331,40.85
20,1840,TATAMOTORS,EQ,24651585,4783273,19.40
20,1841,TATAMTRDVR,EQ,3615118,1527487,42.25
20,1842,TATAPOWER,EQ,34735919,5501463,15.84
20,1843,TATASTEEL,EQ,11287601,2819702,24.98
20,1844,TATASTLLP,EQ,31150,12697,40.76
20,1845,TATVA,EQ,26291,7197,27.37
20,1846,TBZ,EQ,177596,83481,47.01
20,1847,TCFSL,ND,179,179,100.00
20,1848,TCFSL,NH,251,251,100.00
20,1849,TCFSL,NJ,5,5,100.00
20,1850,TCFSL,NN,40,40,100.00
20,1851,TCI,EQ,61671,27342,44.34
20,1852,TCIEXP,EQ,15127,7888,52.15
20,1853,TCNSBRANDS,EQ,80107,28365,35.41
20,1854,TCPLPACK,EQ,19027,11073,58.20
20,1855,TCS,EQ,1754076,1022602,58.30
20,1856,TDPOWERSYS,EQ,108197,39193,36.22
20,1857,TEAMLEASE,EQ,3218,1297,40.30
20,1858,TECH,EQ,8494,5788,68.14
20,1859,TECHIN,EQ,28068,12336,43.95
20,1860,TECHM,EQ,4434968,2754495,62.11
20,1861,TECHNOE,EQ,149422,59985,40.14
20,1862,TEGA,EQ,86848,32156,37.03
20,1863,TEJASNET,EQ,257955,140668,54.53
20,1864,TEMBO,EQ,8617,3855,44.74
20,1865,TERASOFT,EQ,25894,18846,72.78
20,1866,TEXINFRA,EQ,41240,28725,69.65
20,1867,TEXMOPIPES,EQ,83944,45933,54.72
20,1868,TEXRAIL,EQ,1396247,418286,29.96
20,1869,TFCILTD,EQ,173770,78752,45.32
20,1870,TFL,EQ,3037,2752,90.62
20,1871,THANGAMAYL,EQ,6034,4636,76.83
20,1872,THEINVEST,EQ,10505,7241,68.93
20,1873,THEJO,SM,1950,1950,100.00
20,1874,THEMISMED,EQ,1539,1097,71.28
20,1875,THERMAX,EQ,29773,7105,23.86
20,1876,THOMASCOOK,EQ,713362,258834,36.28
20,1877,THYROCARE,EQ,51700,21694,41.96
20,1878,TI,EQ,272745,224123,82.17
20,1879,TIDEWATER,EQ,12833,5507,42.91
20,1880,TIIL,EQ,13776,9374,68.05
20,1881,TIINDIA,EQ,48202,25833,53.59
20,1882,TIJARIA,EQ,10587,10083,95.24
20,1883,TIL,EQ,9100,5304,58.29
20,1884,TIMESCAN,SM,6000,4000,66.67
20,1885,TIMESGTY,EQ,3928,3665,93.30
20,1886,TIMETECHNO,EQ,3285806,1147665,34.93
20,1887,TIMKEN,EQ,26422,10247,38.78
20,1888,TINPLATE,EQ,1285026,238763,18.58
20,1889,TIPSINDLTD,EQ,10891,8123,74.58
20,1890,TIRUMALCHM,EQ,589071,203667,34.57
20,1891,TIRUPATIFL,EQ,10404,10393,99.89
20,1892,TITAN,EQ,1256142,635242,50.57
20,1893,TMRVL,EQ,33255,17343,52.15
20,1894,TNIDETF,EQ,9985,5522,55.30
20,1895,TNPETRO,EQ,514313,180980,35.19
20,1896,TNPL,EQ,602138,262925,43.67
20,1897,TOKYOPLAST,EQ,113132,26051,23.03
20,1898,TORNTPHARM,EQ,227326,143611,63.17
20,1899,TORNTPOWER,EQ,443511,121394,27.37
20,1900,TOTAL,EQ,17728,10004,56.43
20,1901,TOUCHWOOD,EQ,1314,812,61.80
20,1902,TPLPLASTEH,EQ,9349,6161,65.90
20,1903,TRANSWIND,SM,4000,4000,100.00
20,1904,TREEHOUSE,EQ,27141,13684,50.42
20,1905,TREJHARA,EQ,13525,9652,71.36
20,1906,TRENT,EQ,438660,163904,37.36
20,1907,TRF,EQ,15745,11850,75.26
20,1908,TRIDENT,EQ,3972745,2629536,66.19
20,1909,TRIGYN,EQ,205762,121433,59.02
20,1910,TRIL,EQ,278883,154445,55.38
20,1911,TRITURBINE,EQ,397759,189239,47.58
20,1912,TRIVENI,EQ,1470054,342845,23.32
20,1913,TTKHLTCARE,EQ,75489,47255,62.60
20,1914,TTKPRESTIG,EQ,74940,36545,48.77
20,1915,TTL,EQ,46608,19503,41.84
20,1916,TTML,EQ,3199209,1452411,45.40
20,1917,TV18BRDCST,EQ,18317972,5063543,27.64
20,1918,TVSELECT,EQ,50985,21978,43.11
20,1919,TVSMOTOR,EQ,2524634,895009,35.45
20,1920,TVSSRICHAK,EQ,2677,2123,79.31
20,1921,TVTODAY,EQ,90822,49223,54.20
20,1922,TWL,EQ,184617,103860,56.26
20,1923,UBL,EQ,261495,136088,52.04
20,1924,UCALFUEL,EQ,10697,7470,69.83
20,1925,UCOBANK,EQ,1607509,854250,53.14
20,1926,UDAICEMENT,EQ,219574,164060,74.72
20,1927,UFLEX,EQ,125891,57542,45.71
20,1928,UFO,EQ,89739,49260,54.89
20,1929,UGARSUGAR,EQ,193885,102355,52.79
20,1930,UGROCAP,EQ,57779,27447,47.50
20,1931,UJAAS,EQ,780977,482515,61.78
20,1932,UJJIVAN,EQ,418032,166257,39.77
20,1933,UJJIVANSFB,EQ,958077,525852,54.89
20,1934,ULTRACEMCO,EQ,637179,365565,57.37
20,1935,UMAEXPORTS,EQ,241713,95578,39.54
20,1936,UMANGDAIRY,EQ,15994,13309,83.21
20,1937,UNICHEMLAB,EQ,16780,7613,45.37
20,1938,UNIDT,EQ,59488,22971,38.61
20,1939,UNIENTER,EQ,19775,15422,77.99
20,1940,UNIONBANK,EQ,7333486,3159447,43.08
20,1941,UNITEDPOLY,EQ,5636,3253,57.72
20,1942,UNITEDTEA,EQ,662,520,78.55
20,1943,UNIVASTU,EQ,87907,74681,84.95
20,1944,UNIVCABLES,EQ,11115,6944,62.47
20,1945,UNIVPHOTO,EQ,584,313,53.60
20,1946,UPL,EQ,1844532,783276,42.46
20,1947,URAVI,SM,20400,20400,100.00
20,1948,URJA,EQ,6734263,2592952,38.50
20,1949,USHAMART,EQ,768977,390282,50.75
20,1950,UTIAMC,EQ,70280,20659,29.40
20,1951,UTIBANKETF,EQ,1987,1246,62.71
20,1952,UTINEXT50,EQ,786256,662190,84.22
20,1953,UTINIFTETF,EQ,2273,1564,68.81
20,1954,UTISENSETF,EQ,507,366,72.19
20,1955,UTISXN50,EQ,327,261,79.82
20,1956,UTTAMSTL,EQ,255683,154562,60.45
20,1957,UTTAMSUGAR,EQ,876144,359467,41.03
20,1958,V2RETAIL,EQ,19316,11273,58.36
20,1959,VADILALIND,EQ,26923,13735,51.02
20,1960,VAIBHAVGBL,EQ,156528,48285,30.85
20,1961,VAKRANGEE,EQ,1993614,1132368,56.80
20,1962,VALIANTORG,EQ,41912,26249,62.63
20,1963,VARDHACRLC,EQ,178162,110785,62.18
20,1964,VARDMNPOLY,EQ,12611,10244,81.23
20,1965,VARROC,EQ,513356,123033,23.97
20,1966,VASCONEQ,EQ,291477,164135,56.31
20,1967,VASWANI,EQ,51008,29885,58.59
20,1968,VBL,EQ,953179,427329,44.83
20,1969,VCL,EQ,27251,27251,100.00
20,1970,VEDL,EQ,27785998,7170981,25.81
20,1971,VENKEYS,EQ,29097,8880,30.52
20,1972,VENUSREM,EQ,91646,55118,60.14
20,1973,VERANDA,EQ,281705,118387,42.03
20,1974,VERTOZ,EQ,19087,12568,65.85
20,1975,VESUVIUS,EQ,9310,5260,56.50
20,1976,VETO,EQ,35470,23971,67.58
20,1977,VGUARD,EQ,191926,53904,28.09
20,1978,VHL,EQ,1013,571,56.37
20,1979,VIDHIING,EQ,50748,21221,41.82
20,1980,VIJAYA,EQ,154351,61390,39.77
20,1981,VIJIFIN,EQ,208668,59636,28.58
20,1982,VIKASECO,EQ,210890,210890,100.00
20,1983,VIKASLIFE,EQ,366464,366464,100.00
20,1984,VIKASPROP,EQ,1709505,922405,53.96
20,1985,VIMTALABS,EQ,13956,7059,50.58
20,1986,VINATIORGA,EQ,131608,31416,23.87
20,1987,VINDHYATEL,EQ,7652,4200,54.89
20,1988,VINEETLAB,EQ,16223,9935,61.24
20,1989,VINNY,SM,3000,3000,100.00
20,1990,VINYLINDIA,EQ,185567,86321,46.52
20,1991,VIPIND,EQ,1104234,131470,11.91
20,1992,VISAKAIND,EQ,57982,34514,59.53
20,1993,VISESHINFO,EQ,36992515,21352552,57.72
20,1994,VISHAL,EQ,94211,66436,70.52
20,1995,VISHWARAJ,EQ,1233824,637172,51.64
20,1996,VIVIDHA,EQ,510641,340182,66.62
20,1997,VIVIMEDLAB,EQ,61466,39958,65.01
20,1998,VIVO,SM,1600,1600,100.00
20,1999,VLSFINANCE,EQ,21957,14207,64.70
20,2000,VMARCIND,SM,3000,3000,100.00
20,2001,VMART,EQ,9006,3018,33.51
20,2002,VOLTAMP,EQ,3857,2182,56.57
20,2003,VOLTAS,EQ,1653820,705943,42.69
20,2004,VRLLOG,EQ,156557,49481,31.61
20,2005,VSSL,EQ,24930,11523,46.22
20,2006,VSTIND,EQ,2585,1717,66.42
20,2007,VSTTILLERS,EQ,3096,1523,49.19
20,2008,VTL,EQ,1867241,416841,22.32
20,2009,WABAG,EQ,161935,92936,57.39
20,2010,WATERBASE,EQ,28294,14344,50.70
20,2011,WEIZMANIND,EQ,8130,6537,80.41
20,2012,WELCORP,EQ,849341,353588,41.63
20,2013,WELENT,EQ,77707,41911,53.93
20,2014,WELINV,EQ,380,156,41.05
20,2015,WELSPUNIND,EQ,2269380,936569,41.27
20,2016,WENDT,EQ,221,150,67.87
20,2017,WESTLIFE,EQ,59145,34268,57.94
20,2018,WEWIN,SM,6000,6000,100.00
20,2019,WHEELS,EQ,10629,5555,52.26
20,2020,WHIRLPOOL,EQ,83827,39588,47.23
20,2021,WILLAMAGOR,EQ,1654,1058,63.97
20,2022,WINDLAS,EQ,15820,9555,60.40
20,2023,WINDMACHIN,EQ,52993,34975,66.00
20,2024,WINPRO,EQ,234604,141213,60.19
20,2025,WIPRO,EQ,5660725,2385188,42.14
20,2026,WOCKPHARMA,EQ,199439,73189,36.70
20,2027,WONDERLA,EQ,125782,63805,50.73
20,2028,WORTH,EQ,13651,11641,85.28
20,2029,WSTCSTPAPR,EQ,224561,106453,47.40
20,2030,XCHANGING,EQ,144864,102295,70.61
20,2031,XELPMOC,EQ,25618,16048,62.64
20,2032,YAARI,EQ,405938,175886,43.33
20,2033,YESBANK,EQ,162808205,34091955,20.94
20,2034,YUKEN,EQ,28102,26929,95.83
20,2035,ZEEL,EQ,6091306,2067632,33.94
20,2036,ZEELEARN,EQ,1410177,941858,66.79
20,2037,ZEEMEDIA,EQ,2342766,1402295,59.86
20,2038,ZENITHSTL,EQ,36866,36866,100.00
20,2039,ZENSARTECH,EQ,893772,365276,40.87
20,2040,ZENTEC,EQ,85200,54186,63.60
20,2041,ZFCVINDIA,EQ,15032,10782,71.73
20,2042,ZODIACLOTH,EQ,35653,12867,36.09
20,2043,ZOMATO,EQ,21460388,4581528,21.35
20,2044,ZOTA,EQ,20294,10115,49.84
20,2045,ZUARI,EQ,169319,68644,40.54
20,2046,ZUARIGLOB,EQ,55156,22576,40.93
20,2047,ZYDUSLIFE,EQ,1119285,514373,45.96
20,2048,ZYDUSWELL,EQ,60499,8474,14.01
