Security Wise Delivery Position - Compulsory Rolling Settlement
10,MTO,27052022,636301764,0002031
Trade Date <27-MAY-2022>,Settlement Type <N>
Record Type,Sr No,Name of Security,Quantity Traded,Deliverable Quantity(gross across client level),% of Deliverable Quantity to Traded Quantity
20,1,20MICRONS,EQ,94580,38166,40.35
20,2,21STCENMGM,EQ,1661,1661,100.00
20,3,3IINFOLTD,EQ,305421,165768,54.28
20,4,3MINDIA,EQ,5984,4010,67.01
20,5,574GS2026,GS,15000,15000,100.00
20,6,5PAISA,EQ,13488,6158,45.66
20,7,633AS26,SG,100,100,100.00
20,8,63MOONS,EQ,71651,43496,60.71
20,9,667GS2050,GS,21504,21502,99.99
20,10,676GS2061,GS,224,223,99.55
20,11,68GS2060,GS,208,208,100.00
20,12,691GJ30,SG,400,400,100.00
20,13,694MH31,SG,100,100,100.00
20,14,695GS2061,GS,210,210,100.00
20,15,695PN31,SG,300,300,100.00
20,16,699GA31,SG,400,400,100.00
20,17,699GS2051,GS,502,502,100.00
20,18,717GS2028,GS,315,315,100.00
20,19,772GS2055,GS,1,1,100.00
20,20,813GS2045,GS,2,2,100.00
20,21,91D180822,TB,100,100,100.00
20,22,A2ZINFRA,EQ,612184,360803,58.94
20,23,AAATECH,SM,15000,6000,40.00
20,24,AAKASH,EQ,105230,85490,81.24
20,25,AAREYDRUGS,EQ,30355,20987,69.14
20,26,AARON,EQ,1806,811,44.91
20,27,AARTIDRUGS,EQ,40240,11234,27.92
20,28,AARTIIND,EQ,513290,212991,41.50
20,29,AARTISURF,EQ,10818,5557,51.37
20,30,AARVEEDEN,EQ,9671,7274,75.21
20,31,AARVI,EQ,9912,4958,50.02
20,32,AAVAS,EQ,21962,9106,41.46
20,33,ABAN,EQ,145555,89064,61.19
20,34,ABB,EQ,171237,47983,28.02
20,35,ABBOTINDIA,EQ,12810,4677,36.51
20,36,ABCAPITAL,EQ,2636065,584785,22.18
20,37,ABCOTS,SM,4000,4000,100.00
20,38,ABFRL,EQ,1626078,554439,34.10
20,39,ABSLAMC,EQ,92795,31512,33.96
20,40,ABSLBANETF,EQ,6759,4038,59.74
20,41,ABSLNN50ET,EQ,6770,5233,77.30
20,42,ACC,EQ,215682,90607,42.01
20,43,ACCELYA,EQ,6229,2184,35.06
20,44,ACCURACY,EQ,522965,124746,23.85
20,45,ACE,EQ,142770,49693,34.81
20,46,ACEINTEG,SM,4500,4500,100.00
20,47,ACRYSIL,EQ,91385,45057,49.30
20,48,ADANIENT,EQ,1354005,289893,21.41
20,49,ADANIGREEN,EQ,664373,170677,25.69
20,50,ADANIPORTS,EQ,5815428,943981,16.23
20,51,ADANIPOWER,EQ,25197002,8665797,34.39
20,52,ADANITRANS,EQ,179723,55674,30.98
20,53,ADFFOODS,EQ,13335,6041,45.30
20,54,ADORWELD,EQ,8987,4652,51.76
20,55,ADSL,EQ,126668,59458,46.94
20,56,ADVANIHOTR,EQ,20426,10523,51.52
20,57,ADVENZYMES,EQ,42451,26094,61.47
20,58,AEGISCHEM,EQ,452053,181333,40.11
20,59,AFFLE,EQ,882896,224371,25.41
20,60,AGARIND,EQ,58716,16782,28.58
20,61,AGI,EQ,83713,36131,43.16
20,62,AGROPHOS,EQ,375624,204492,54.44
20,63,AGSTRA,EQ,431910,178553,41.34
20,64,AHLADA,EQ,24232,9455,39.02
20,65,AHLEAST,EQ,1723,909,52.76
20,66,AHLUCONT,EQ,10676,5831,54.62
20,67,AIAENG,EQ,159757,61017,38.19
20,68,AILIMITED,SM,3000,3000,100.00
20,69,AIRAN,EQ,59666,34164,57.26
20,70,AIROLAM,EQ,2485,1153,46.40
20,71,AIRTELPP,E1,104827,74263,70.84
20,72,AISL,SM,1200,1200,100.00
20,73,AJANTPHARM,EQ,25770,5300,20.57
20,74,AJMERA,EQ,46059,24173,52.48
20,75,AJOONI,EQ,8789,7315,83.23
20,76,AKASH,EQ,33137,18415,55.57
20,77,AKG,EQ,30350,21640,71.30
20,78,AKSHAR,EQ,9974,8124,81.45
20,79,AKSHARCHEM,EQ,9548,4880,51.11
20,80,AKSHOPTFBR,EQ,182050,114570,62.93
20,81,AKZOINDIA,EQ,30311,4688,15.47
20,82,ALANKIT,EQ,371682,190095,51.14
20,83,ALBERTDAVD,EQ,2644,1930,73.00
20,84,ALEMBICLTD,EQ,179149,46116,25.74
20,85,ALICON,EQ,32423,17453,53.83
20,86,ALKEM,EQ,56746,24191,42.63
20,87,ALKYLAMINE,EQ,36132,10477,29.00
20,88,ALLCARGO,EQ,1084159,301201,27.78
20,89,ALLSEC,EQ,3931,2872,73.06
20,90,ALMONDZ,EQ,10849,5938,54.73
20,91,ALPA,EQ,18624,13640,73.24
20,92,ALPHAGEO,EQ,18449,10304,55.85
20,93,AMARAJABAT,EQ,346858,72664,20.95
20,94,AMBER,EQ,120658,22933,19.01
20,95,AMBICAAGAR,EQ,5799,4223,72.82
20,96,AMBIKCO,EQ,13747,8343,60.69
20,97,AMBUJACEM,EQ,1603075,514951,32.12
20,98,AMDIND,EQ,22349,11459,51.27
20,99,AMIORG,EQ,60239,23151,38.43
20,100,AMJLAND,EQ,21323,17225,80.78
20,101,AMRUTANJAN,EQ,9467,4616,48.76
20,102,ANANDRATHI,EQ,53492,21178,39.59
20,103,ANANTRAJ,EQ,552287,187369,33.93
20,104,ANDHRAPAP,EQ,32909,13986,42.50
20,105,ANDHRSUGAR,EQ,601068,150398,25.02
20,106,ANDREWYU,EQ,181937,110761,60.88
20,107,ANGELONE,EQ,790092,127386,16.12
20,108,ANIKINDS,EQ,45586,37873,83.08
20,109,ANKITMETAL,EQ,137629,96922,70.42
20,110,ANMOL,EQ,4874,1948,39.97
20,111,ANSALHSG,EQ,43936,24300,55.31
20,112,ANUP,EQ,9055,5932,65.51
20,113,ANURAS,EQ,140383,101367,72.21
20,114,APARINDS,EQ,1008182,81387,8.07
20,115,APCL,EQ,6169,3513,56.95
20,116,APCOTEXIND,EQ,253245,98523,38.90
20,117,APEX,EQ,47382,19234,40.59
20,118,APLAPOLLO,EQ,284567,123109,43.26
20,119,APLLTD,EQ,62830,22947,36.52
20,120,APOLLO,EQ,24567,14186,57.74
20,121,APOLLOHOSP,EQ,1733752,379021,21.86
20,122,APOLLOPIPE,EQ,43429,21592,49.72
20,123,APOLLOTYRE,EQ,1847098,329777,17.85
20,124,APOLSINHOT,EQ,10992,4125,37.53
20,125,APTECHT,EQ,179524,50404,28.08
20,126,APTUS,EQ,229891,111952,48.70
20,127,ARCHIDPLY,EQ,88912,56900,64.00
20,128,ARENTERP,EQ,669,661,98.80
20,129,ARIES,EQ,50196,22540,44.90
20,130,ARIHANTCAP,EQ,50153,28247,56.32
20,131,ARIHANTSUP,EQ,76154,28019,36.79
20,132,ARMANFIN,EQ,4207,2621,62.30
20,133,AROGRANITE,EQ,37692,20913,55.48
20,134,ARROWGREEN,EQ,6061,4037,66.61
20,135,ARSHIYA,EQ,209107,151060,72.24
20,136,ARTEMISMED,EQ,95302,68011,71.36
20,137,ARTNIRMAN,EQ,9071,3854,42.49
20,138,ARVIND,EQ,606517,180149,29.70
20,139,ARVINDFASN,EQ,195882,43459,22.19
20,140,ARVSMART,EQ,12650,5840,46.17
20,141,ASAHIINDIA,EQ,162433,59192,36.44
20,142,ASAHISONG,EQ,14282,10772,75.42
20,143,ASALCBR,EQ,25066,8702,34.72
20,144,ASCOM,SM,12000,8000,66.67
20,145,ASHAPURMIN,EQ,138396,63902,46.17
20,146,ASHIANA,EQ,13506,7019,51.97
20,147,ASHIMASYN,EQ,33240,20726,62.35
20,148,ASHOKA,EQ,833438,438543,52.62
20,149,ASHOKLEY,EQ,13006899,3593240,27.63
20,150,ASIANENE,EQ,51529,31219,60.59
20,151,ASIANHOTNR,EQ,2576,1865,72.40
20,152,ASIANPAINT,EQ,1879534,673366,35.83
20,153,ASIANTILES,EQ,3025095,1077782,35.63
20,154,ASPINWALL,EQ,995,604,60.70
20,155,ASTEC,EQ,21382,9884,46.23
20,156,ASTERDM,EQ,2058186,496311,24.11
20,157,ASTRAL,EQ,218932,108607,49.61
20,158,ASTRAMICRO,EQ,125184,50492,40.33
20,159,ASTRAZEN,EQ,299847,32131,10.72
20,160,ASTRON,EQ,19378,12455,64.27
20,161,ATFL,EQ,4377,2431,55.54
20,162,ATGL,EQ,308232,171994,55.80
20,163,ATLANTA,EQ,18989,8288,43.65
20,164,ATUL,EQ,36369,19027,52.32
20,165,ATULAUTO,EQ,99639,32424,32.54
20,166,AUBANK,EQ,1392894,616975,44.29
20,167,AURDIS,SM,18000,18000,100.00
20,168,AURIONPRO,EQ,22402,13413,59.87
20,169,AUROPHARMA,EQ,1977051,266094,13.46
20,170,AURUMPP,X1,60124,53776,89.44
20,171,AUSOMENT,EQ,1717,984,57.31
20,172,AUTOAXLES,EQ,60300,40708,67.51
20,173,AUTOBEES,EQ,16566,11050,66.70
20,174,AVADHSUGAR,EQ,187842,48772,25.96
20,175,AVANTIFEED,EQ,178097,76529,42.97
20,176,AVSL,SM,3000,3000,100.00
20,177,AVTNPL,EQ,73659,33232,45.12
20,178,AWHCL,EQ,1202374,317753,26.43
20,179,AXISBANK,EQ,5539060,2260125,40.80
20,180,AXISBNKETF,EQ,299,251,83.95
20,181,AXISBPSETF,EQ,22938,19610,85.49
20,182,AXISCADES,EQ,55988,33512,59.86
20,183,AXISCETF,EQ,7187,7181,99.92
20,184,AXISGOLD,EQ,483134,472104,97.72
20,185,AXISHCETF,EQ,681,410,60.21
20,186,AXISNIFTY,EQ,1194,679,56.87
20,187,AXISTECETF,EQ,902,752,83.37
20,188,AYMSYNTEX,EQ,20453,13543,66.22
20,189,BAJAJ-AUTO,EQ,422591,219987,52.06
20,190,BAJAJCON,EQ,427776,237550,55.53
20,191,BAJAJELEC,EQ,41394,9643,23.30
20,192,BAJAJFINSV,EQ,329534,69386,21.06
20,193,BAJAJHCARE,EQ,18201,6786,37.28
20,194,BAJAJHIND,EQ,6373577,3386511,53.13
20,195,BAJAJHLDNG,EQ,22598,5657,25.03
20,196,BAJFINANCE,EQ,1625805,343026,21.10
20,197,BALAJITELE,EQ,80827,44319,54.83
20,198,BALAMINES,EQ,39717,10404,26.20
20,199,BALAXI,EQ,2852,1951,68.41
20,200,BALKRISHNA,EQ,5544,4499,81.15
20,201,BALKRISIND,EQ,270278,47610,17.62
20,202,BALMLAWRIE,EQ,73397,39075,53.24
20,203,BALPHARMA,EQ,17313,9657,55.78
20,204,BALRAMCHIN,EQ,6712140,1544566,23.01
20,205,BANARBEADS,EQ,4669,3491,74.77
20,206,BANARISUG,EQ,1492,1046,70.11
20,207,BANCOINDIA,EQ,937336,356622,38.05
20,208,BANDHANBNK,EQ,4549522,1091663,24.00
20,209,BANG,EQ,30506,16812,55.11
20,210,BANKA,EQ,752,425,56.52
20,211,BANKBARODA,EQ,22370919,6205054,27.74
20,212,BANKBEES,EQ,853921,452911,53.04
20,213,BANKINDIA,EQ,3164732,1096372,34.64
20,214,BANSWRAS,EQ,11348,6244,55.02
20,215,BARBEQUE,EQ,120739,35473,29.38
20,216,BASF,EQ,11063,6281,56.77
20,217,BASML,EQ,51244,33875,66.11
20,218,BATAINDIA,EQ,448224,139136,31.04
20,219,BAYERCROP,EQ,44995,35055,77.91
20,220,BBETF0432,EQ,7053,5124,72.65
20,221,BBL,EQ,8363,3949,47.22
20,222,BBOX,EQ,15645,9918,63.39
20,223,BBTC,EQ,39821,9074,22.79
20,224,BCG,EQ,1908889,1263885,66.21
20,225,BCP,EQ,126487,74593,58.97
20,226,BDL,EQ,1441941,337974,23.44
20,227,BEARDSELL,EQ,13489,9012,66.81
20,228,BECTORFOOD,EQ,93617,47447,50.68
20,229,BEDMUTHA,EQ,46286,27541,59.50
20,230,BEL,EQ,3729241,1077756,28.90
20,231,BEML,EQ,410344,61192,14.91
20,232,BEPL,EQ,341024,104922,30.77
20,233,BERGEPAINT,EQ,1997369,402399,20.15
20,234,BESTAGRO,EQ,46140,10607,22.99
20,235,BETA,SM,2200,1400,63.64
20,236,BEWLTD,SM,1750,750,42.86
20,237,BFINVEST,EQ,4969,1996,40.17
20,238,BFUTILITIE,EQ,76168,20897,27.44
20,239,BGRENERGY,EQ,163815,40372,24.64
20,240,BHAGCHEM,EQ,5188,3687,71.07
20,241,BHAGERIA,EQ,13335,7338,55.03
20,242,BHAGYANGR,EQ,14739,8927,60.57
20,243,BHAGYAPROP,EQ,6463,4443,68.75
20,244,BHANDARI,EQ,91525,79358,86.71
20,245,BHARATFORG,EQ,471460,131467,27.89
20,246,BHARATGEAR,EQ,17993,10506,58.39
20,247,BHARATRAS,EQ,4322,1897,43.89
20,248,BHARATWIRE,EQ,12035,7273,60.43
20,249,BHARTIARTL,EQ,7131633,3960723,55.54
20,250,BHEL,EQ,22624272,3586904,15.85
20,251,BIL,EQ,4313,3222,74.70
20,252,BINDALAGRO,EQ,72940,28815,39.51
20,253,BIOCON,EQ,895936,177227,19.78
20,254,BIOFILCHEM,EQ,21184,14979,70.71
20,255,BIRET,RR,43572,35265,80.94
20,256,BIRLACABLE,EQ,48930,22598,46.18
20,257,BIRLACORPN,EQ,51926,11541,22.23
20,258,BIRLAMONEY,EQ,30843,17710,57.42
20,259,BLBLIMITED,EQ,32025,22453,70.11
20,260,BLISSGVS,EQ,909270,387325,42.60
20,261,BLKASHYAP,EQ,132383,105491,79.69
20,262,BLS,EQ,1090939,323798,29.68
20,263,BLUEDART,EQ,50444,15909,31.54
20,264,BLUESTARCO,EQ,22222,11327,50.97
20,265,BMETRICS,SM,7200,6000,83.33
20,266,BODALCHEM,EQ,519571,149051,28.69
20,267,BOMDYEING,EQ,2037470,310593,15.24
20,268,BOROLTD,EQ,73823,40305,54.60
20,269,BORORENEW,EQ,322889,91697,28.40
20,270,BOSCHLTD,EQ,29521,13412,45.43
20,271,BPCL,EQ,4875852,1137154,23.32
20,272,BPL,EQ,68547,56051,81.77
20,273,BRIGADE,EQ,215110,141795,65.92
20,274,BRIGHT,SM,27000,18000,66.67
20,275,BRITANNIA,EQ,165721,51666,31.18
20,276,BRITANNIA,N2,19266,17468,90.67
20,277,BRITANNIA,N3,9059,6921,76.40
20,278,BRNL,EQ,15312,6156,40.20
20,279,BROOKS,EQ,19452,9977,51.29
20,280,BSE,EQ,923621,379086,41.04
20,281,BSL,EQ,17993,5471,30.41
20,282,BSLGOLDETF,EQ,16795,8796,52.37
20,283,BSLNIFTY,EQ,24871,15834,63.66
20,284,BSLSENETFG,EQ,806,575,71.34
20,285,BSOFT,EQ,2210418,527310,23.86
20,286,BTML,SM,2400,2400,100.00
20,287,BURNPUR,EQ,409995,336539,82.08
20,288,BUTTERFLY,EQ,23176,20290,87.55
20,289,CALSOFT,EQ,26161,14080,53.82
20,290,CAMLINFINE,EQ,130403,53284,40.86
20,291,CAMPUS,EQ,1620311,497772,30.72
20,292,CAMS,EQ,109474,58703,53.62
20,293,CANBK,EQ,9930278,1847447,18.60
20,294,CANFINHOME,EQ,347747,75289,21.65
20,295,CANTABIL,EQ,18653,3845,20.61
20,296,CAPACITE,EQ,118674,65461,55.16
20,297,CAPLIPOINT,EQ,31854,10469,32.87
20,298,CAPTRUST,EQ,18892,9097,48.15
20,299,CARBORUNIV,EQ,502101,476348,94.87
20,300,CAREERP,EQ,8248,3700,44.86
20,301,CARERATING,EQ,92048,49029,53.26
20,302,CARTRADE,EQ,87493,32868,37.57
20,303,CASTROLIND,EQ,1460680,249610,17.09
20,304,CCHHL,EQ,24458,19672,80.43
20,305,CCL,EQ,226992,65768,28.97
20,306,CDSL,EQ,440354,116883,26.54
20,307,CEATLTD,EQ,52199,27718,53.10
20,308,CEBBCO,EQ,864577,303019,35.05
20,309,CELEBRITY,EQ,81832,62769,76.70
20,310,CENTENKA,EQ,26052,8416,32.30
20,311,CENTEXT,EQ,348271,106061,30.45
20,312,CENTRALBK,EQ,3681788,1234625,33.53
20,313,CENTRUM,EQ,205547,143531,69.83
20,314,CENTUM,EQ,16524,11586,70.12
20,315,CENTURYPLY,EQ,47055,22439,47.69
20,316,CENTURYTEX,EQ,108919,15804,14.51
20,317,CERA,EQ,57266,52086,90.95
20,318,CEREBRAINT,EQ,114216,75927,66.48
20,319,CESC,EQ,733232,310743,42.38
20,320,CGCL,EQ,12399,5274,42.54
20,321,CGPOWER,EQ,562376,327315,58.20
20,322,CHALET,EQ,105235,19185,18.23
20,323,CHAMBLFERT,EQ,2859716,569430,19.91
20,324,CHEMBOND,EQ,8386,6202,73.96
20,325,CHEMCON,EQ,350423,94278,26.90
20,326,CHEMPLASTS,EQ,104702,46444,44.36
20,327,CHENNPETRO,EQ,1308711,555481,42.44
20,328,CHOICEIN,EQ,43788,11951,27.29
20,329,CHOLAFIN,EQ,988345,237302,24.01
20,330,CHOLAHLDNG,EQ,349806,336002,96.05
20,331,CIGNITITEC,EQ,126106,78076,61.91
20,332,CINEVISTA,EQ,8363,6229,74.48
20,333,CIPLA,EQ,1249374,619388,49.58
20,334,CLEAN,EQ,69577,37655,54.12
20,335,CLEDUCATE,EQ,27130,17619,64.94
20,336,CLNINDIA,EQ,13121,7966,60.71
20,337,CLSEL,EQ,107755,34621,32.13
20,338,CMICABLES,EQ,13530,9479,70.06
20,339,CMSINFO,EQ,124407,39669,31.89
20,340,COALINDIA,EQ,16408080,2930773,17.86
20,341,COASTCORP,EQ,19842,10099,50.90
20,342,COCHINSHIP,EQ,105504,39107,37.07
20,343,COFFEEDAY,EQ,748197,460125,61.50
20,344,COFORGE,EQ,483150,67296,13.93
20,345,COLPAL,EQ,258565,65723,25.42
20,346,COMPINFO,EQ,371310,163540,44.04
20,347,COMPUSOFT,EQ,161438,61230,37.93
20,348,CONCOR,EQ,2830260,1107946,39.15
20,349,CONFIPET,EQ,293776,150784,51.33
20,350,CONSOFINVT,EQ,3901,1584,40.60
20,351,CONSUMBEES,EQ,8205,5037,61.39
20,352,CONTROLPR,EQ,20654,9469,45.85
20,353,COOLCAPS,SM,3000,3000,100.00
20,354,CORALFINAC,EQ,16758,12479,74.47
20,355,CORDSCABLE,EQ,16604,6199,37.33
20,356,COROMANDEL,EQ,429300,143691,33.47
20,357,COSMOFILMS,EQ,76295,18238,23.90
20,358,COUNCODOS,EQ,39323,26879,68.35
20,359,CPSEETF,EQ,480500,322985,67.22
20,360,CRAFTSMAN,EQ,23210,13104,56.46
20,361,CREATIVE,EQ,10416,7565,72.63
20,362,CREDITACC,EQ,84507,25630,30.33
20,363,CREST,EQ,62736,27174,43.31
20,364,CRISIL,EQ,24146,6900,28.58
20,365,CROMPTON,EQ,739127,368043,49.79
20,366,CROWN,EQ,12012,5514,45.90
20,367,CSBBANK,EQ,96402,40378,41.89
20,368,CTE,EQ,48184,37848,78.55
20,369,CUB,EQ,934582,113985,12.20
20,370,CUBEXTUB,EQ,23039,9248,40.14
20,371,CUMMINSIND,EQ,1459108,414541,28.41
20,372,CUPID,EQ,26344,15855,60.18
20,373,CYBERTECH,EQ,39188,20858,53.23
20,374,CYIENT,EQ,139734,68790,49.23
20,375,DAAWAT,EQ,2595622,740862,28.54
20,376,DABUR,EQ,1089096,574840,52.78
20,377,DALBHARAT,EQ,54102,14450,26.71
20,378,DALMIASUG,EQ,454253,105120,23.14
20,379,DAMODARIND,EQ,20143,12472,61.92
20,380,DANGEE,EQ,7735,5771,74.61
20,381,DATAMATICS,EQ,160186,51108,31.91
20,382,DATAPATTNS,EQ,281005,52467,18.67
20,383,DBCORP,EQ,168266,88690,52.71
20,384,DBL,EQ,234415,67260,28.69
20,385,DBSTOCKBRO,EQ,8699,5719,65.74
20,386,DCAL,EQ,134217,51918,38.68
20,387,DCBBANK,EQ,591931,297276,50.22
20,388,DCM,EQ,43313,7524,17.37
20,389,DCMNVL,EQ,26679,16893,63.32
20,390,DCMSHRIRAM,EQ,74254,19602,26.40
20,391,DCMSRIND,EQ,150500,83692,55.61
20,392,DCW,EQ,501581,281543,56.13
20,393,DECCANCE,EQ,9228,5756,62.38
20,394,DEEPAKFERT,EQ,487230,204855,42.04
20,395,DEEPAKNTR,EQ,615163,193851,31.51
20,396,DEEPINDS,EQ,57945,25460,43.94
20,397,DELHIVERY,EQ,1894346,650411,34.33
20,398,DELPHIFX,EQ,795,329,41.38
20,399,DELTACORP,EQ,4653247,1320193,28.37
20,400,DELTAMAGNT,EQ,2710,1565,57.75
20,401,DEN,EQ,269350,118182,43.88
20,402,DENORA,EQ,24161,13672,56.59
20,403,DESTINY,SM,78000,78000,100.00
20,404,DEVYANI,EQ,2253508,768508,34.10
20,405,DFMFOODS,EQ,40937,22373,54.65
20,406,DHAMPURSUG,EQ,446854,250198,55.99
20,407,DHANBANK,EQ,281797,154887,54.96
20,408,DHANI,EQ,1659137,781798,47.12
20,409,DHANILOANS,N6,926,640,69.11
20,410,DHANILOANS,N7,150,150,100.00
20,411,DHANILOANS,NE,25,25,100.00
20,412,DHANILOANS,NF,1,1,100.00
20,413,DHANILOANS,NO,56,55,98.21
20,414,DHANILOANS,NR,196,196,100.00
20,415,DHANILOANS,NX,298,298,100.00
20,416,DHANUKA,EQ,15957,6737,42.22
20,417,DHANVARSHA,EQ,178480,98225,55.03
20,418,DHARAMSI,EQ,107924,64513,59.78
20,419,DHRUV,EQ,38298,11833,30.90
20,420,DHUNINV,EQ,1115,364,32.65
20,421,DIAMONDYD,EQ,2156,1488,69.02
20,422,DICIND,EQ,2630,1042,39.62
20,423,DIGISPICE,EQ,111086,84705,76.25
20,424,DIL,EQ,1134,1134,100.00
20,425,DISHTV,EQ,2507279,1523899,60.78
20,426,DIVISLAB,EQ,900885,280714,31.16
20,427,DIVOPPBEES,EQ,3542,2141,60.45
20,428,DIXON,EQ,153798,20005,13.01
20,429,DKEGL,SM,9000,9000,100.00
20,430,DLF,EQ,5042715,657403,13.04
20,431,DLINKINDIA,EQ,94735,43463,45.88
20,432,DMART,EQ,199688,57704,28.90
20,433,DNAMEDIA,EQ,31674,27243,86.01
20,434,DODLA,EQ,5222,2702,51.74
20,435,DOLATALGO,EQ,144729,112696,77.87
20,436,DOLLAR,EQ,85435,38999,45.65
20,437,DONEAR,EQ,4797,2542,52.99
20,438,DPABHUSHAN,EQ,5194,3364,64.77
20,439,DPSCLTD,EQ,47073,33428,71.01
20,440,DPWIRES,EQ,14825,5181,34.95
20,441,DREDGECORP,EQ,24950,12868,51.58
20,442,DRL,SM,6000,6000,100.00
20,443,DRREDDY,EQ,434291,163922,37.74
20,444,DSPN50ETF,EQ,76307,61697,80.85
20,445,DSPNEWETF,EQ,809,796,98.39
20,446,DSPQ50ETF,EQ,3412,3280,96.13
20,447,DSSL,EQ,34658,13347,38.51
20,448,DTIL,EQ,38323,19949,52.05
20,449,DUCON,EQ,276708,136440,49.31
20,450,DUGLOBAL,SM,2000,2000,100.00
20,451,DVL,EQ,27642,13725,49.65
20,452,DWARKESH,EQ,2119716,494438,23.33
20,453,DYNAMATECH,EQ,6043,3898,64.50
20,454,DYNAMIC,SM,14000,14000,100.00
20,455,DYNPRO,EQ,27575,11659,42.28
20,456,E2E,EQ,11755,9782,83.22
20,457,EASEMYTRIP,EQ,171532,171440,99.95
20,458,EASTSILK,EQ,26707,20824,77.97
20,459,EBANK,EQ,10,5,50.00
20,460,EBBETF0423,EQ,4475,4448,99.40
20,461,EBBETF0425,EQ,2644,2494,94.33
20,462,EBBETF0430,EQ,9516,8406,88.34
20,463,EBBETF0431,EQ,8574,7599,88.63
20,464,EC1RG,MF,600,600,100.00
20,465,ECLERX,EQ,99145,44382,44.76
20,466,ECLFINANCE,NG,285,195,68.42
20,467,ECLFINANCE,NH,100,100,100.00
20,468,ECLFINANCE,NI,302,302,100.00
20,469,ECLFINANCE,NJ,510,510,100.00
20,470,ECLFINANCE,NK,30,30,100.00
20,471,ECLFINANCE,NO,65,65,100.00
20,472,ECLFINANCE,NP,102,102,100.00
20,473,ECLFINANCE,NQ,402,272,67.66
20,474,ECLFINANCE,NR,37,37,100.00
20,475,ECLFINANCE,NS,10,10,100.00
20,476,EDELWEISS,EQ,1631609,462670,28.36
20,477,EHFLNCD,N5,199,189,94.97
20,478,EHFLNCD,N6,100,100,100.00
20,479,EHFLNCD,N7,2,2,100.00
20,480,EICHERMOT,EQ,404877,138875,34.30
20,481,EIDPARRY,EQ,988271,357627,36.19
20,482,EIFFL,EQ,52,35,67.31
20,483,EIHAHOTELS,EQ,8324,2957,35.52
20,484,EIHOTEL,EQ,636963,333983,52.43
20,485,EIMCOELECO,EQ,1395,957,68.60
20,486,EKC,EQ,224476,131293,58.49
20,487,ELDEHSG,EQ,3097,2097,67.71
20,488,ELECON,EQ,281365,97481,34.65
20,489,ELECTCAST,EQ,390193,216184,55.40
20,490,ELECTHERM,EQ,16980,7942,46.77
20,491,ELGIEQUIP,EQ,137235,74193,54.06
20,492,EMAMILTD,EQ,149367,91492,61.25
20,493,EMAMIPAP,EQ,71708,42534,59.32
20,494,EMAMIREAL,EQ,30322,19984,65.91
20,495,EMBASSY,RR,232206,215098,92.63
20,496,EMKAY,EQ,115326,47584,41.26
20,497,EMMBI,EQ,43357,17529,40.43
20,498,ENDURANCE,EQ,38488,15940,41.42
20,499,ENERGYDEV,EQ,97063,62238,64.12
20,500,ENGINERSIN,EQ,678049,441164,65.06
20,501,ENIL,EQ,21523,14278,66.34
20,502,EPL,EQ,213277,91695,42.99
20,503,EQUITAS,EQ,541296,274633,50.74
20,504,EQUITASBNK,EQ,2250545,1872896,83.22
20,505,ERFLNCDI,N4,12,12,100.00
20,506,ERFLNCDI,N5,1,1,100.00
20,507,ERIS,EQ,42626,12545,29.43
20,508,EROSMEDIA,EQ,348627,246728,70.77
20,509,ESABINDIA,EQ,11535,5947,51.56
20,510,ESCORTS,EQ,182455,56173,30.79
20,511,ESSARSHPNG,EQ,64540,49473,76.65
20,512,ESTER,EQ,93295,28185,30.21
20,513,EUROBOND,SM,34000,30000,88.24
20,514,EVEREADY,EQ,47974,31487,65.63
20,515,EVERESTIND,EQ,23452,8809,37.56
20,516,EXCELINDUS,EQ,81846,26844,32.80
20,517,EXIDEIND,EQ,1579598,543986,34.44
20,518,EXPLEOSOL,EQ,11692,5245,44.86
20,519,EXXARO,EQ,323285,155467,48.09
20,520,FACT,EQ,115216,28011,24.31
20,521,FAIRCHEMOR,EQ,7750,3167,40.86
20,522,FCL,EQ,212304,77711,36.60
20,523,FCONSUMER,EQ,5368556,2684276,50.00
20,524,FCSSOFT,EQ,2649937,1761734,66.48
20,525,FDC,EQ,40369,19102,47.32
20,526,FEDERALBNK,EQ,10805008,2363005,21.87
20,527,FEL,EQ,590796,429872,72.76
20,528,FIBERWEB,EQ,84605,49927,59.01
20,529,FIEMIND,EQ,20816,10333,49.64
20,530,FILATEX,EQ,164858,40764,24.73
20,531,FILDF2GP,MF,100,100,100.00
20,532,FINCABLES,EQ,105440,67426,63.95
20,533,FINEORG,EQ,44998,24607,54.68
20,534,FINOPB,EQ,22786,9890,43.40
20,535,FINPIPE,EQ,217096,104767,48.26
20,536,FLFL,EQ,114692,80203,69.93
20,537,FLUOROCHEM,EQ,40262,29495,73.26
20,538,FMGOETZE,EQ,34315,24358,70.98
20,539,FMNL,EQ,147512,88021,59.67
20,540,FOCE,SM,600,600,100.00
20,541,FOODSIN,EQ,84180,39316,46.70
20,542,FORCEMOT,EQ,8765,4140,47.23
20,543,FORTIS,EQ,604678,327659,54.19
20,544,FOSECOIND,EQ,3558,1855,52.14
20,545,FRETAIL,EQ,592295,592295,100.00
20,546,FSC,EQ,35991,21248,59.04
20,547,FSL,EQ,3827758,969984,25.34
20,548,GABRIEL,EQ,661151,316888,47.93
20,549,GAEL,EQ,269492,91650,34.01
20,550,GAIL,EQ,11423227,2943927,25.77
20,551,GAL,EQ,214782,137992,64.25
20,552,GALAXYSURF,EQ,25677,3954,15.40
20,553,GALLANTT,EQ,261879,59038,22.54
20,554,GALLISPAT,EQ,373165,88685,23.77
20,555,GANDHITUBE,EQ,2036,1244,61.10
20,556,GANECOS,EQ,19863,11116,55.96
20,557,GANESHBE,EQ,263950,130345,49.38
20,558,GANESHHOUC,EQ,8226,5265,64.00
20,559,GANGAFORGE,EQ,119171,81187,68.13
20,560,GANGESSECU,EQ,1608,1207,75.06
20,561,GARFIBRES,EQ,5326,2181,40.95
20,562,GATEWAY,EQ,1054166,966677,91.70
20,563,GATI,EQ,1010089,379904,37.61
20,564,GAYAPROJ,EQ,1634107,671233,41.08
20,565,GEECEE,EQ,7324,3799,51.87
20,566,GEEKAYWIRE,EQ,122203,72369,59.22
20,567,GENCON,EQ,49277,35880,72.81
20,568,GENUSPAPER,EQ,255456,170838,66.88
20,569,GENUSPOWER,EQ,709693,243596,34.32
20,570,GEOJITFSL,EQ,264947,134840,50.89
20,571,GEPIL,EQ,42530,18427,43.33
20,572,GESHIP,EQ,344127,121005,35.16
20,573,GET&D,EQ,50106,23087,46.08
20,574,GFLLIMITED,EQ,29204,15223,52.13
20,575,GHCL,EQ,350887,128313,36.57
20,576,GICHSGFIN,EQ,127817,83816,65.58
20,577,GICL,SM,45000,45000,100.00
20,578,GICRE,EQ,257490,68608,26.64
20,579,GILLANDERS,EQ,450,271,60.22
20,580,GILLETTE,EQ,2669,1455,54.51
20,581,GILT5YBEES,EQ,16383,15958,97.41
20,582,GINNIFILA,EQ,81783,47652,58.27
20,583,GIPCL,EQ,161395,67030,41.53
20,584,GKWLIMITED,EQ,2070,1778,85.89
20,585,GLAND,EQ,111444,70129,62.93
20,586,GLAXO,EQ,83545,64924,77.71
20,587,GLENMARK,EQ,903023,88632,9.82
20,588,GLOBAL,EQ,50149,39212,78.19
20,589,GLOBALVECT,EQ,7325,5017,68.49
20,590,GLOBE,EQ,300707,177278,58.95
20,591,GLOBUSSPR,EQ,393433,105541,26.83
20,592,GLS,EQ,68476,37547,54.83
20,593,GMBREW,EQ,8996,4272,47.49
20,594,GMDCLTD,EQ,7136673,1190242,16.68
20,595,GMMPFAUDLR,EQ,45864,23222,50.63
20,596,GMRINFRA,EQ,11738020,4709665,40.12
20,597,GMRP&UI,EQ,1282645,837536,65.30
20,598,GNA,EQ,11951,5983,50.06
20,599,GNFC,EQ,3236543,411783,12.72
20,600,GOACARBON,EQ,29899,12050,40.30
20,601,GOCLCORP,EQ,8048,4449,55.28
20,602,GOCOLORS,EQ,245530,52086,21.21
20,603,GODFRYPHLP,EQ,88504,19177,21.67
20,604,GODREJAGRO,EQ,132997,46609,35.05
20,605,GODREJCP,EQ,1095717,546895,49.91
20,606,GODREJIND,EQ,3226186,233509,7.24
20,607,GODREJPROP,EQ,551848,154411,27.98
20,608,GOKEX,EQ,418251,193415,46.24
20,609,GOKUL,EQ,201059,75890,37.75
20,610,GOLDBEES,EQ,1370322,953054,69.55
20,611,GOLDENTOBC,EQ,10803,6456,59.76
20,612,GOLDIAM,EQ,185853,64557,34.74
20,613,GOLDSHARE,EQ,28070,19791,70.51
20,614,GOLDSTAR,SM,18000,18000,100.00
20,615,GOLDTECH,EQ,16104,10732,66.64
20,616,GOODLUCK,EQ,39740,24831,62.48
20,617,GOODYEAR,EQ,80667,37323,46.27
20,618,GPIL,EQ,757328,357023,47.14
20,619,GPPL,EQ,417172,232673,55.77
20,620,GPTINFRA,EQ,30955,15578,50.32
20,621,GRANULES,EQ,2637183,366794,13.91
20,622,GRAPHITE,EQ,324820,79159,24.37
20,623,GRASIM,EQ,1269670,460911,36.30
20,624,GRAUWEIL,EQ,1047146,290584,27.75
20,625,GREAVESCOT,EQ,926343,250223,27.01
20,626,GREENLAM,EQ,113021,63408,56.10
20,627,GREENPANEL,EQ,276513,123353,44.61
20,628,GREENPLY,EQ,135964,91385,67.21
20,629,GREENPOWER,EQ,14802776,8176374,55.24
20,630,GRINDWELL,EQ,81495,70341,86.31
20,631,GRINFRA,EQ,2278,1163,51.05
20,632,GROBTEA,EQ,548,285,52.01
20,633,GRPLTD,EQ,415,161,38.80
20,634,GRSE,EQ,371477,120276,32.38
20,635,GRWRHITECH,EQ,22651,13461,59.43
20,636,GSCLCEMENT,EQ,46591,18557,39.83
20,637,GSFC,EQ,2719673,848780,31.21
20,638,GSPL,EQ,429180,216964,50.55
20,639,GTL,EQ,374777,242852,64.80
20,640,GTLINFRA,EQ,10988086,10692231,97.31
20,641,GTPL,EQ,27476,16500,60.05
20,642,GUFICBIO,EQ,66749,24697,37.00
20,643,GUJALKALI,EQ,396273,91531,23.10
20,644,GUJAPOLLO,EQ,1901,730,38.40
20,645,GUJGASLTD,EQ,1201928,607540,50.55
20,646,GULFOILLUB,EQ,23043,9753,42.33
20,647,GULFPETRO,EQ,88584,56911,64.25
20,648,GULPOLY,EQ,45187,37347,82.65
20,649,HAL,EQ,923405,205015,22.20
20,650,HAPPSTMNDS,EQ,303678,94856,31.24
20,651,HARIOMPIPE,EQ,260935,116774,44.75
20,652,HARRMALAYA,EQ,55296,19775,35.76
20,653,HATHWAY,EQ,1526355,605472,39.67
20,654,HATSUN,EQ,8021,4209,52.47
20,655,HAVELLS,EQ,1235041,534854,43.31
20,656,HBANKETF,EQ,3905,2478,63.46
20,657,HBLPOWER,EQ,5664001,1223095,21.59
20,658,HBSL,EQ,4975,3885,78.09
20,659,HCC,EQ,2978239,1074964,36.09
20,660,HCG,EQ,231961,104680,45.13
20,661,HCL-INSYS,EQ,229939,150027,65.25
20,662,HCLTECH,EQ,2795530,1345961,48.15
20,663,HDFC,EQ,2257207,1238370,54.86
20,664,HDFC,W3,22200,18000,81.08
20,665,HDFCAMC,EQ,973424,526757,54.11
20,666,HDFCBANK,EQ,12015859,8405082,69.95
20,667,HDFCLIFE,EQ,8795852,4604158,52.34
20,668,HDFCMFGETF,EQ,673236,562576,83.56
20,669,HDFCNIFETF,EQ,16859,10852,64.37
20,670,HDFCSENETF,EQ,1994,1646,82.55
20,671,HEALTHY,EQ,11307,10612,93.85
20,672,HECPROJECT,EQ,4589,3006,65.50
20,673,HEG,EQ,159949,37011,23.14
20,674,HEIDELBERG,EQ,58865,27808,47.24
20,675,HEMIPROP,EQ,1487650,420656,28.28
20,676,HERANBA,EQ,64290,31938,49.68
20,677,HERCULES,EQ,47431,20612,43.46
20,678,HERITGFOOD,EQ,264767,57781,21.82
20,679,HEROMOTOCO,EQ,654718,246632,37.67
20,680,HESTERBIO,EQ,1859,1176,63.26
20,681,HEXATRADEX,EQ,6614,4403,66.57
20,682,HFCL,EQ,4025670,1503730,37.35
20,683,HGINFRA,EQ,81347,21091,25.93
20,684,HGS,EQ,40474,21787,53.83
20,685,HIKAL,EQ,161746,44578,27.56
20,686,HIL,EQ,3814,1659,43.50
20,687,HIMATSEIDE,EQ,228197,70626,30.95
20,688,HINDALCO,EQ,20350558,5354993,26.31
20,689,HINDCOMPOS,EQ,2870,1270,44.25
20,690,HINDCON,EQ,9360,6337,67.70
20,691,HINDCOPPER,EQ,3991318,567051,14.21
20,692,HINDMOTORS,EQ,5983372,3088035,51.61
20,693,HINDOILEXP,EQ,526692,231713,43.99
20,694,HINDPETRO,EQ,4926748,2246246,45.59
20,695,HINDUNILVR,EQ,1011303,530753,52.48
20,696,HINDZINC,EQ,439604,133579,30.39
20,697,HIRECT,EQ,4459,2760,61.90
20,698,HISARMETAL,EQ,6449,3345,51.87
20,699,HITECH,EQ,57342,3732,6.51
20,700,HITECHCORP,EQ,3714,2639,71.06
20,701,HITECHGEAR,EQ,9267,7190,77.59
20,702,HLEGLAS,EQ,10923,5263,48.18
20,703,HLVLTD,EQ,160758,114851,71.44
20,704,HMVL,EQ,115692,72439,62.61
20,705,HNDFDS,EQ,4797,1955,40.75
20,706,HNGSNGBEES,EQ,567,405,71.43
20,707,HOMEFIRST,EQ,135801,78696,57.95
20,708,HONAUT,EQ,5917,2511,42.44
20,709,HONDAPOWER,EQ,19432,5290,27.22
20,710,HOVS,EQ,82773,36373,43.94
20,711,HPAL,EQ,24747,12972,52.42
20,712,HPIL,SM,9000,6000,66.67
20,713,HPL,EQ,1230669,330443,26.85
20,714,HSCL,EQ,8442545,1956043,23.17
20,715,HTMEDIA,EQ,225931,110687,48.99
20,716,HUDCO,EQ,653709,267754,40.96
20,717,HUDCO,N2,1,1,100.00
20,718,HUDCO,N4,4,4,100.00
20,719,HUDCO,N7,31,31,100.00
20,720,HUDCO,N8,1,1,100.00
20,721,HUDCO,NA,431,431,100.00
20,722,HUDCO,ND,363,363,100.00
20,723,HUDCO,NE,15,15,100.00
20,724,HUHTAMAKI,EQ,81127,55763,68.74
20,725,IBMFNIFTY,EQ,420,148,35.24
20,726,IBREALEST,EQ,12991930,4344884,33.44
20,727,IBUCCREDIT,N7,30,30,100.00
20,728,IBULHSGFIN,EQ,10029696,1197108,11.94
20,729,IBULHSGFIN,N8,510,500,98.04
20,730,IBULHSGFIN,NA,323,323,100.00
20,731,IBULHSGFIN,NE,535,535,100.00
20,732,IBULHSGFIN,NQ,150,150,100.00
20,733,IBULHSGFIN,NT,81,81,100.00
20,734,IBULHSGFIN,NY,10,10,100.00
20,735,IBULHSGFIN,Y1,931,0,0.00
20,736,IBULHSGFIN,YI,10,10,100.00
20,737,IBULHSGFIN,YK,4,4,100.00
20,738,ICICI500,EQ,31274,29003,92.74
20,739,ICICI5GSEC,EQ,19,6,31.58
20,740,ICICIALPLV,EQ,18898,18210,96.36
20,741,ICICIAUTO,EQ,14538,11928,82.05
20,742,ICICIB22,EQ,58641,37508,63.96
20,743,ICICIBANK,EQ,8110620,4201520,51.80
20,744,ICICIBANKN,EQ,11909,8717,73.20
20,745,ICICIBANKP,EQ,10699,6426,60.06
20,746,ICICICONSU,EQ,2617,1592,60.83
20,747,ICICIFMCG,EQ,6808,4227,62.09
20,748,ICICIGI,EQ,468268,266510,56.91
20,749,ICICIGOLD,EQ,752123,648970,86.29
20,750,ICICILIQ,EQ,86738,80660,92.99
20,751,ICICILOVOL,EQ,110152,106054,96.28
20,752,ICICIM150,EQ,22017,15660,71.13
20,753,ICICIMCAP,EQ,218561,116906,53.49
20,754,ICICINF100,EQ,3030,2070,68.32
20,755,ICICINIFTY,EQ,125707,84756,67.42
20,756,ICICINV20,EQ,23618,14207,60.15
20,757,ICICINXT50,EQ,30391,27284,89.78
20,758,ICICIPHARM,EQ,2808,2162,76.99
20,759,ICICIPRULI,EQ,734562,252380,34.36
20,760,ICICISENSX,EQ,999,777,77.78
20,761,ICICISILVE,EQ,218429,192887,88.31
20,762,ICICITECH,EQ,324393,271632,83.74
20,763,ICIL,EQ,166470,59923,36.00
20,764,ICRA,EQ,12395,11729,94.63
20,765,IDBI,EQ,12100620,3513140,29.03
20,766,IDBIGOLD,EQ,29,17,58.62
20,767,IDEA,EQ,133714106,27428278,20.51
20,768,IDFC,EQ,3052852,628982,20.60
20,769,IDFCFIRSTB,EQ,21749000,6758015,31.07
20,770,IDFNIFTYET,EQ,316,184,58.23
20,771,IEX,EQ,4601145,1728231,37.56
20,772,IFBAGRO,EQ,3006,1433,47.67
20,773,IFBIND,EQ,9236,5122,55.46
20,774,IFCI,EQ,2370643,752177,31.73
20,775,IFCI,NH,823,823,100.00
20,776,IFCI,NL,50,50,100.00
20,777,IFGLEXPOR,EQ,21097,11948,56.63
20,778,IGARASHI,EQ,39816,10660,26.77
20,779,IGL,EQ,1435863,692570,48.23
20,780,IGPL,EQ,28791,13122,45.58
20,781,IIFCL,N1,620,500,80.65
20,782,IIFCL,N4,508,500,98.43
20,783,IIFL,EQ,470678,175055,37.19
20,784,IIFL,N4,469,469,100.00
20,785,IIFL,N5,549,399,72.68
20,786,IIFL,N6,15,15,100.00
20,787,IIFL,N7,126,126,100.00
20,788,IIFL,N9,1836,1181,64.32
20,789,IIFL,NC,20,20,100.00
20,790,IIFL,NE,746,746,100.00
20,791,IIFL,NF,2329,2251,96.65
20,792,IIFL,NG,70,70,100.00
20,793,IIFL,NL,1979,1812,91.56
20,794,IIFLSEC,EQ,401958,139767,34.77
20,795,IIFLWAM,EQ,38173,26928,70.54
20,796,IIHFL,N4,285,250,87.72
20,797,IIHFL,N5,3656,3430,93.82
20,798,IIHFL,N6,20,20,100.00
20,799,IIHFL,NC,315,315,100.00
20,800,IMAGICAA,EQ,102199,76510,74.86
20,801,IMFA,EQ,118038,56141,47.56
20,802,IMPAL,EQ,348,307,88.22
20,803,IMPEXFERRO,EQ,11647,11647,100.00
20,804,INCRED,N1,21,21,100.00
20,805,INCREDIBLE,EQ,15457,10734,69.44
20,806,INDBANK,EQ,55708,28219,50.66
20,807,INDHOTEL,EQ,3984085,1110911,27.88
20,808,INDIACEM,EQ,6403077,739483,11.55
20,809,INDIAGLYCO,EQ,196420,64164,32.67
20,810,INDIAMART,EQ,417020,76296,18.30
20,811,INDIANB,EQ,1767924,759146,42.94
20,812,INDIANCARD,EQ,7068,3338,47.23
20,813,INDIANHUME,EQ,16782,9252,55.13
20,814,INDIGO,EQ,1030081,114303,11.10
20,815,INDIGOPNTS,EQ,26779,7658,28.60
20,816,INDIGRID,IV,76988,73436,95.39
20,817,INDIGRID,NH,12,12,100.00
20,818,INDIGRID,NJ,1727,1627,94.21
20,819,INDIGRID,NL,25,25,100.00
20,820,INDNIPPON,EQ,17703,11376,64.26
20,821,INDOAMIN,EQ,12313,7555,61.36
20,822,INDOBORAX,EQ,9134,4598,50.34
20,823,INDOCO,EQ,122313,103112,84.30
20,824,INDORAMA,EQ,144648,89399,61.80
20,825,INDOSTAR,EQ,29703,10446,35.17
20,826,INDOTECH,EQ,19645,9809,49.93
20,827,INDOTHAI,EQ,3200,2226,69.56
20,828,INDRAMEDCO,EQ,41855,19505,46.60
20,829,INDSWFTLAB,EQ,15835,9672,61.08
20,830,INDSWFTLTD,EQ,22830,9155,40.10
20,831,INDTERRAIN,EQ,33477,21722,64.89
20,832,INDUSINDBK,EQ,2509528,653799,26.05
20,833,INDUSTOWER,EQ,4116593,1597710,38.81
20,834,INEOSSTYRO,EQ,1037383,318822,30.73
20,835,INFIBEAM,EQ,1136788,600891,52.86
20,836,INFOBEAN,EQ,17609,9776,55.52
20,837,INFRABEES,EQ,842,764,90.74
20,838,INFY,EQ,8284860,4728826,57.08
20,839,INGERRAND,EQ,9201,3564,38.73
20,840,INNOVATIVE,ST,21000,21000,100.00
20,841,INOXLEISUR,EQ,671549,219772,32.73
20,842,INOXWIND,EQ,110630,52651,47.59
20,843,INSECTICID,EQ,65408,14875,22.74
20,844,INSPIRISYS,EQ,18639,16708,89.64
20,845,INTELLECT,EQ,473498,95857,20.24
20,846,INTENTECH,EQ,34190,24431,71.46
20,847,INTLCONV,EQ,75499,41198,54.57
20,848,INVENTURE,EQ,2548395,1326078,52.04
20,849,IOB,EQ,3148233,1151043,36.56
20,850,IOC,EQ,7744647,2183906,28.20
20,851,IOLCP,EQ,133843,45248,33.81
20,852,IONEXCHANG,EQ,3558,1972,55.42
20,853,IPCALAB,EQ,733877,436958,59.54
20,854,IPL,EQ,39659,18655,47.04
20,855,IRB,EQ,1029449,512613,49.79
20,856,IRBINVIT,IV,467497,414076,88.57
20,857,IRCON,EQ,424712,267372,62.95
20,858,IRCTC,EQ,2191764,568138,25.92
20,859,IREDA,N7,82,82,100.00
20,860,IRFC,EQ,4756468,2049371,43.09
20,861,IRFC,N2,2111,2019,95.64
20,862,IRFC,N4,50,50,100.00
20,863,IRFC,N9,164,164,100.00
20,864,IRFC,NA,147,147,100.00
20,865,IRFC,NE,99,99,100.00
20,866,IRFC,NJ,4090,4090,100.00
20,867,IRFC,NM,280,280,100.00
20,868,IRFC,NO,1000,1000,100.00
20,869,IRIS,EQ,11387,7093,62.29
20,870,IRISDOREME,EQ,27682,1219,4.40
20,871,ISEC,EQ,640052,318936,49.83
20,872,ISFT,EQ,17702,8928,50.43
20,873,ISGEC,EQ,13562,7687,56.68
20,874,ITBEES,EQ,2243968,1199078,53.44
20,875,ITC,EQ,13468067,6485952,48.16
20,876,ITDC,EQ,8076,3360,41.60
20,877,ITDCEM,EQ,448741,240247,53.54
20,878,ITI,EQ,3646499,265269,7.27
20,879,IVC,EQ,296060,161842,54.67
20,880,IVP,EQ,14392,8985,62.43
20,881,IVZINGOLD,EQ,11,6,54.55
20,882,IVZINNIFTY,EQ,59,32,54.24
20,883,IWEL,EQ,271,199,73.43
20,884,IZMO,EQ,14645,8133,55.53
20,885,JAGRAN,EQ,101301,51846,51.18
20,886,JAGSNPHARM,EQ,48694,26342,54.10
20,887,JAIBALAJI,EQ,20218,14191,70.19
20,888,JAICORPLTD,EQ,1914222,300394,15.69
20,889,JAINAM,SM,6000,4000,66.67
20,890,JAIPURKURT,EQ,4177,3384,81.02
20,891,JAMNAAUTO,EQ,660699,242508,36.70
20,892,JASH,EQ,58502,55297,94.52
20,893,JAYAGROGN,EQ,53751,17679,32.89
20,894,JAYBARMARU,EQ,6899,3982,57.72
20,895,JAYNECOIND,EQ,147404,124900,84.73
20,896,JAYSREETEA,EQ,16309,7373,45.21
20,897,JBCHEPHARM,EQ,81946,36853,44.97
20,898,JBFIND,EQ,120194,112127,93.29
20,899,JBMA,EQ,44645,22376,50.12
20,900,JCHAC,EQ,13135,5455,41.53
20,901,JETFREIGHT,EQ,16108,9164,56.89
20,902,JHS,EQ,95270,74696,78.40
20,903,JINDALPHOT,EQ,30401,11024,36.26
20,904,JINDALPOLY,EQ,853309,180230,21.12
20,905,JINDALSAW,EQ,449514,184285,41.00
20,906,JINDALSTEL,EQ,7727787,2076099,26.87
20,907,JINDRILL,EQ,32962,20475,62.12
20,908,JISLDVREQS,EQ,26609,13955,52.44
20,909,JISLJALEQS,EQ,1123640,671373,59.75
20,910,J&KBANK,EQ,806996,387345,48.00
20,911,JKCEMENT,EQ,47602,11616,24.40
20,912,JKIL,EQ,413008,174544,42.26
20,913,JKLAKSHMI,EQ,155396,62044,39.93
20,914,JKPAPER,EQ,932453,170596,18.30
20,915,JKTYRE,EQ,537574,118077,21.96
20,916,JMA,EQ,6454,4673,72.40
20,917,JMCPROJECT,EQ,84872,40111,47.26
20,918,JMFINANCIL,EQ,437979,123303,28.15
20,919,JOCIL,EQ,14601,9422,64.53
20,920,JPASSOCIAT,EQ,4554400,1996967,43.85
20,921,JPOLYINVST,EQ,2075,921,44.39
20,922,JPPOWER,EQ,17401624,7150915,41.09
20,923,JSL,EQ,1314416,600553,45.69
20,924,JSLHISAR,EQ,357129,155138,43.44
20,925,JSLL,SM,8000,6000,75.00
20,926,JSWENERGY,EQ,602063,280601,46.61
20,927,JSWHL,EQ,904,435,48.12
20,928,JSWISPL,EQ,13056679,2609454,19.99
20,929,JSWSTEEL,EQ,5193961,896571,17.26
20,930,JTEKTINDIA,EQ,45585,21726,47.66
20,931,JTLINFRA,EQ,35320,15851,44.88
20,932,JUBLFOOD,EQ,5660230,1469467,25.96
20,933,JUBLINDS,EQ,10513,5845,55.60
20,934,JUBLINGREA,EQ,442168,181306,41.00
20,935,JUBLPHARMA,EQ,81553,29380,36.03
20,936,JUNIORBEES,EQ,64082,42659,66.57
20,937,JUSTDIAL,EQ,426174,173486,40.71
20,938,JYOTHYLAB,EQ,293533,86958,29.62
20,939,KABRAEXTRU,EQ,25011,13360,53.42
20,940,KAJARIACER,EQ,177380,101181,57.04
20,941,KAKATCEM,EQ,8786,4073,46.36
20,942,KALPATPOWR,EQ,67611,43735,64.69
20,943,KALYANKJIL,EQ,443877,185339,41.75
20,944,KAMATHOTEL,EQ,169275,65936,38.95
20,945,KAMDHENU,EQ,24186,12972,53.63
20,946,KANORICHEM,EQ,2396,2396,100.00
20,947,KANPRPLA,EQ,11655,7032,60.33
20,948,KANSAINER,EQ,427606,388053,90.75
20,949,KARURVYSYA,EQ,2891024,1661491,57.47
20,950,KAUSHALYA,EQ,37204,37204,100.00
20,951,KAVVERITEL,EQ,21938,14473,65.97
20,952,KAYA,EQ,6296,2112,33.55
20,953,KBCGLOBAL,EQ,7231533,4306826,59.56
20,954,KCP,EQ,93040,46510,49.99
20,955,KCPSUGIND,EQ,955403,444546,46.53
20,956,KDDL,EQ,4602,2540,55.19
20,957,KEC,EQ,62739,24670,39.32
20,958,KECL,EQ,31777,22094,69.53
20,959,KEERTI,EQ,9906,5707,57.61
20,960,KEI,EQ,160152,66915,41.78
20,961,KELLTONTEC,EQ,143105,76923,53.75
20,962,KENNAMET,EQ,10533,6475,61.47
20,963,KESORAMIND,EQ,233254,99957,42.85
20,964,KEYFINSERV,EQ,11744,6662,56.73
20,965,KHADIM,EQ,34971,19114,54.66
20,966,KHAICHEM,EQ,102504,52797,51.51
20,967,KICL,EQ,140,96,68.57
20,968,KILITCH,EQ,4316,2099,48.63
20,969,KIMS,EQ,106624,92893,87.12
20,970,KINGFA,EQ,5653,2946,52.11
20,971,KIOCL,EQ,46751,11310,24.19
20,972,KIRIINDUS,EQ,142885,98605,69.01
20,973,KIRLFER,EQ,42486,22326,52.55
20,974,KIRLOSBROS,EQ,28964,22833,78.83
20,975,KIRLOSENG,EQ,117785,50114,42.55
20,976,KIRLOSIND,EQ,1537,770,50.10
20,977,KITEX,EQ,325121,107575,33.09
20,978,KKCL,EQ,106778,71728,67.17
20,979,KKVAPOW,SM,156,156,100.00
20,980,KMSUGAR,EQ,415055,146442,35.28
20,981,KNAGRI,SM,65600,44800,68.29
20,982,KNRCON,EQ,144823,52079,35.96
20,983,KOKUYOCMLN,EQ,38565,22030,57.12
20,984,KOLTEPATIL,EQ,116222,43035,37.03
20,985,KOPRAN,EQ,68442,32331,47.24
20,986,KOTAKALPHA,EQ,356070,195581,54.93
20,987,KOTAKBANK,EQ,2440367,1369021,56.10
20,988,KOTAKBKETF,EQ,97383,7523,7.73
20,989,KOTAKGOLD,EQ,548063,496501,90.59
20,990,KOTAKIT,EQ,73355,37693,51.38
20,991,KOTAKLOVOL,EQ,562,341,60.68
20,992,KOTAKMID50,EQ,13446,13246,98.51
20,993,KOTAKNIFTY,EQ,19106,11201,58.63
20,994,KOTAKNV20,EQ,5010,3436,68.58
20,995,KOTAKPSUBK,EQ,4286,2581,60.22
20,996,KOTARISUG,EQ,256271,84632,33.02
20,997,KOTHARIPET,EQ,85081,49049,57.65
20,998,KOTYARK,SM,5200,3600,69.23
20,999,KOVAI,EQ,2108,1680,79.70
20,1000,KPIGREEN,EQ,26597,9594,36.07
20,1001,KPITTECH,EQ,1332350,618789,46.44
20,1002,KPRMILL,EQ,1000034,861531,86.15
20,1003,KRBL,EQ,391129,109286,27.94
20,1004,KREBSBIO,EQ,13851,7429,53.64
20,1005,KRIDHANINF,EQ,44589,26370,59.14
20,1006,KRISHANA,EQ,14976,10247,68.42
20,1007,KRISHIVAL,SM,6000,6000,100.00
20,1008,KRISHNADEF,SM,3000,3000,100.00
20,1009,KRITI,EQ,39004,16613,42.59
20,1010,KRITIKA,EQ,57812,54137,93.64
20,1011,KRSNAA,EQ,34443,11693,33.95
20,1012,KSB,EQ,17438,7358,42.20
20,1013,KSCL,EQ,54745,22872,41.78
20,1014,KSHITIJPOL,SM,191306,186640,97.56
20,1015,KSL,EQ,8044,3031,37.68
20,1016,KSOLVES,SM,18000,12800,71.11
20,1017,KTKBANK,EQ,481073,232730,48.38
20,1018,KUANTUM,EQ,20873,14883,71.30
20,1019,LAGNAM,EQ,23971,13054,54.46
20,1020,LALPATHLAB,EQ,1498016,214773,14.34
20,1021,LAMBODHARA,EQ,15461,11976,77.46
20,1022,LANCER,EQ,21251,10902,51.30
20,1023,LAOPALA,EQ,157753,66468,42.13
20,1024,LASA,EQ,55945,38081,68.07
20,1025,LATENTVIEW,EQ,505657,138574,27.40
20,1026,LAURUSLABS,EQ,617777,264651,42.84
20,1027,LAXMICOT,EQ,11478,7771,67.70
20,1028,LAXMIMACH,EQ,6410,2894,45.15
20,1029,LCCINFOTEC,EQ,38154,25464,66.74
20,1030,LEMERITE,SM,24000,19200,80.00
20,1031,LEMONTREE,EQ,2177038,740606,34.02
20,1032,LEXUS,SM,7000,7000,100.00
20,1033,LFIC,EQ,1127,372,33.01
20,1034,LGBBROSLTD,EQ,24971,10585,42.39
20,1035,LGBFORGE,EQ,304764,170323,55.89
20,1036,LIBAS,EQ,245560,66752,27.18
20,1037,LIBERTSHOE,EQ,31064,14475,46.60
20,1038,LICHSGFIN,EQ,3425672,1145756,33.45
20,1039,LICI,EQ,2215807,663050,29.92
20,1040,LICNETFGSC,EQ,11257,10571,93.91
20,1041,LICNETFN50,EQ,258,164,63.57
20,1042,LICNETFSEN,EQ,689,622,90.28
20,1043,LICNFNHGP,EQ,626,528,84.35
20,1044,LIKHITHA,EQ,13033,8392,64.39
20,1045,LINC,EQ,1581,823,52.06
20,1046,LINCOLN,EQ,63778,51677,81.03
20,1047,LINDEINDIA,EQ,67717,26155,38.62
20,1048,LIQUIDBEES,EQ,1384365,1251811,90.42
20,1049,LIQUIDETF,EQ,34359,32857,95.63
20,1050,LODHA,EQ,132871,78293,58.92
20,1051,LOKESHMACH,EQ,105001,67941,64.71
20,1052,LOTUSEYE,EQ,3579,3024,84.49
20,1053,LOVABLE,EQ,22966,12081,52.60
20,1054,LPDC,EQ,55054,35309,64.14
20,1055,LSIL,EQ,2060789,954201,46.30
20,1056,LT,EQ,1279218,481150,37.61
20,1057,L&TFH,EQ,9513816,3527865,37.08
20,1058,L&TFINANCE,NC,60,60,100.00
20,1059,L&TFINANCE,NE,21,21,100.00
20,1060,L&TFINANCE,NG,1,1,100.00
20,1061,L&TFINANCE,NI,12,11,91.67
20,1062,L&TFINANCE,NQ,10,10,100.00
20,1063,L&TFINANCE,NU,2,1,50.00
20,1064,L&TFINANCE,NY,55,55,100.00
20,1065,L&TFINANCE,Y1,41,41,100.00
20,1066,L&TFINANCE,Y5,400,400,100.00
20,1067,L&TFINANCE,Y7,21,21,100.00
20,1068,L&TFINANCE,Y9,114,114,100.00
20,1069,LTGILTBEES,EQ,19404,18128,93.42
20,1070,LTI,EQ,461722,129888,28.13
20,1071,LTTS,EQ,337112,88193,26.16
20,1072,LUMAXIND,EQ,122718,45049,36.71
20,1073,LUMAXTECH,EQ,42639,17338,40.66
20,1074,LUPIN,EQ,920769,282632,30.70
20,1075,LUXIND,EQ,70623,29218,41.37
20,1076,LXCHEM,EQ,323920,104378,32.22
20,1077,LYKALABS,EQ,41270,21197,51.36
20,1078,LYPSAGEMS,EQ,9501,6089,64.09
20,1079,M17RD,MF,57003,40000,70.17
20,1080,M17RG,MF,300,300,100.00
20,1081,MAANALU,EQ,10378,6494,62.57
20,1082,MACPOWER,EQ,4343,2889,66.52
20,1083,MADHAV,EQ,10604,5613,52.93
20,1084,MADHAVBAUG,SM,8000,8000,100.00
20,1085,MADRASFERT,EQ,307456,125120,40.70
20,1086,MAESGETF,EQ,131292,130353,99.28
20,1087,MAFANG,EQ,892321,472594,52.96
20,1088,MAFSETF,EQ,32954,23175,70.33
20,1089,MAGADSUGAR,EQ,201324,54769,27.20
20,1090,MAGNUM,EQ,26309,15292,58.12
20,1091,MAHABANK,EQ,2343237,1073939,45.83
20,1092,MAHAPEXLTD,EQ,576,240,41.67
20,1093,MAHASTEEL,EQ,5222,2478,47.45
20,1094,MAHEPC,EQ,6404,3687,57.57
20,1095,MAHESHWARI,EQ,36926,21006,56.89
20,1096,MAHINDCIE,EQ,681985,269424,39.51
20,1097,MAHKTECH,EQ,115118,91038,79.08
20,1098,MAHLIFE,EQ,147043,73805,50.19
20,1099,MAHLOG,EQ,28252,10980,38.86
20,1100,MAHSCOOTER,EQ,7556,6676,88.35
20,1101,MAHSEAMLES,EQ,134207,82548,61.51
20,1102,MAITHANALL,EQ,44127,20537,46.54
20,1103,MALLCOM,EQ,595,229,38.49
20,1104,MALUPAPER,EQ,19804,11273,56.92
20,1105,MAM150ETF,EQ,303797,303127,99.78
20,1106,MAMFGETF,EQ,399,384,96.24
20,1107,MAN50ETF,EQ,5522,5147,93.21
20,1108,MANAKALUCO,EQ,305745,259161,84.76
20,1109,MANAKCOAT,EQ,11810,11269,95.42
20,1110,MANAKSIA,EQ,727186,243065,33.43
20,1111,MANAKSTEEL,EQ,160047,67117,41.94
20,1112,MANALIPETC,EQ,599974,247197,41.20
20,1113,MANAPPURAM,EQ,6691106,1764885,26.38
20,1114,MANGALAM,EQ,104564,67128,64.20
20,1115,MANGCHEFER,EQ,618934,285925,46.20
20,1116,MANGLMCEM,EQ,10015,3654,36.49
20,1117,MANINDS,EQ,255976,75607,29.54
20,1118,MANINFRA,EQ,283013,144499,51.06
20,1119,MANORG,EQ,12407,7723,62.25
20,1120,MANUGRAPH,EQ,7063,2560,36.25
20,1121,MANXT50,EQ,275,271,98.55
20,1122,MANYAVAR,EQ,173555,131833,75.96
20,1123,MAPMYINDIA,EQ,149718,45567,30.44
20,1124,MARALOVER,EQ,7227,4979,68.89
20,1125,MARATHON,EQ,98614,56002,56.79
20,1126,MARICO,EQ,1375696,698268,50.76
20,1127,MARINE,EQ,50123,28959,57.78
20,1128,MARKSANS,EQ,306923,149016,48.55
20,1129,MARSHALL,EQ,7335,4094,55.81
20,1130,MARUTI,EQ,431411,115636,26.80
20,1131,MASFIN,EQ,11237,3738,33.27
20,1132,MASPTOP50,EQ,46377,31686,68.32
20,1133,MASTEK,EQ,63221,24489,38.74
20,1134,MATRIMONY,EQ,10364,4712,45.47
20,1135,MAWANASUG,EQ,221013,85448,38.66
20,1136,MAXHEALTH,EQ,1325935,975198,73.55
20,1137,MAXIND,EQ,71013,53443,75.26
20,1138,MAXVIL,EQ,59060,38710,65.54
20,1139,MAYURUNIQ,EQ,40324,18883,46.83
20,1140,MAZDA,EQ,3315,2156,65.04
20,1141,MAZDOCK,EQ,185885,55761,30.00
20,1142,MBAPL,EQ,33348,24734,74.17
20,1143,MBLINFRA,EQ,54268,39763,73.27
20,1144,MC1RG,MF,350,350,100.00
20,1145,MCDOWELL-N,EQ,1650821,648289,39.27
20,1146,MCLEODRUSS,EQ,150878,117844,78.11
20,1147,MCX,EQ,163556,50307,30.76
20,1148,MEDICAMEQ,EQ,7661,3788,49.45
20,1149,MEDICO,EQ,38921,19144,49.19
20,1150,MEDPLUS,EQ,55129,27888,50.59
20,1151,MEGASOFT,EQ,113972,69303,60.81
20,1152,MEGASTAR,EQ,14883,9201,61.82
20,1153,MENONBE,EQ,20680,10435,50.46
20,1154,MEP,EQ,139203,81191,58.33
20,1155,METROBRAND,EQ,130504,93563,71.69
20,1156,METROPOLIS,EQ,530625,121130,22.83
20,1157,MFL,EQ,92084,33790,36.69
20,1158,MFSL,EQ,438254,203724,46.49
20,1159,MGEL,EQ,81440,45460,55.82
20,1160,MGL,EQ,146270,42059,28.75
20,1161,MHHL,SM,3000,3000,100.00
20,1162,MHLXMIRU,EQ,1547,781,50.48
20,1163,MHRIL,EQ,223401,103951,46.53
20,1164,MID150BEES,EQ,65483,46568,71.11
20,1165,MIDHANI,EQ,467749,82234,17.58
20,1166,MINDACORP,EQ,406405,114222,28.11
20,1167,MINDAIND,EQ,242818,93191,38.38
20,1168,MINDSPACE,RR,53353,49425,92.64
20,1169,MINDTECK,EQ,77313,40565,52.47
20,1170,MINDTREE,EQ,878388,249460,28.40
20,1171,MIRCELECTR,EQ,835199,629746,75.40
20,1172,MIRZAINT,EQ,223392,78155,34.99
20,1173,MITCON,EQ,16884,12287,72.77
20,1174,MITTAL,EQ,15524,12357,79.60
20,1175,MKPL,SM,24000,24000,100.00
20,1176,M&M,EQ,3269005,1621712,49.61
20,1177,M&MFIN,EQ,3780910,1198665,31.70
20,1178,M&MFIN,N1,20,20,100.00
20,1179,M&MFIN,N2,155,140,90.32
20,1180,MMFL,EQ,34871,24001,68.83
20,1181,MMP,EQ,23491,10973,46.71
20,1182,MMTC,EQ,833644,179178,21.49
20,1183,MODISNME,EQ,24035,12458,51.83
20,1184,MOGSEC,EQ,67,39,58.21
20,1185,MOHITIND,EQ,56784,30279,53.32
20,1186,MOIL,EQ,105692,40982,38.77
20,1187,MOKSH,EQ,569719,517841,90.89
20,1188,MOL,EQ,1142471,367168,32.14
20,1189,MOLDTECH,EQ,69263,34195,49.37
20,1190,MOLDTKPAC,EQ,19440,9441,48.56
20,1191,MOLOWVOL,EQ,310,123,39.68
20,1192,MOM100,EQ,99818,70892,71.02
20,1193,MOM50,EQ,270,224,82.96
20,1194,MOMOMENTUM,EQ,3803,3230,84.93
20,1195,MON100,EQ,336394,222919,66.27
20,1196,MONARCH,EQ,29081,14386,49.47
20,1197,MONQ50,EQ,8716,4787,54.92
20,1198,MONTECARLO,EQ,19282,10838,56.21
20,1199,MOREPENLAB,EQ,572633,241889,42.24
20,1200,MOTHERSUMI,EQ,16292618,4525131,27.77
20,1201,MOTILALOFS,EQ,352988,313742,88.88
20,1202,MOTOGENFIN,EQ,963,623,64.69
20,1203,MPHASIS,EQ,269694,77962,28.91
20,1204,MPSLTD,EQ,8510,6707,78.81
20,1205,MPTODAY,SM,2000,2000,100.00
20,1206,MRF,EQ,7417,2058,27.75
20,1207,MRO-TEK,EQ,43720,22078,50.50
20,1208,MRPL,EQ,4604923,2304967,50.05
20,1209,MSPL,EQ,286612,168690,58.86
20,1210,MSTCLTD,EQ,194486,68914,35.43
20,1211,MSUMI,EQ,6555193,4480219,68.35
20,1212,MTARTECH,EQ,44852,19623,43.75
20,1213,MTEDUCARE,EQ,60252,25700,42.65
20,1214,MTNL,EQ,623194,269922,43.31
20,1215,MUKANDLTD,EQ,46994,37757,80.34
20,1216,MUNJALAU,EQ,42161,28251,67.01
20,1217,MUNJALSHOW,EQ,63386,29154,45.99
20,1218,MURUDCERA,EQ,14707,11208,76.21
20,1219,MUTHOOTCAP,EQ,26886,14187,52.77
20,1220,MUTHOOTFIN,EQ,4014975,1144457,28.50
20,1221,NABARD,N2,50,50,100.00
20,1222,NACLIND,EQ,45331,29391,64.84
20,1223,NAGREEKEXP,EQ,37757,28669,75.93
20,1224,NAHARCAP,EQ,21290,7834,36.80
20,1225,NAHARINDUS,EQ,97824,42236,43.18
20,1226,NAHARPOLY,EQ,38604,20965,54.31
20,1227,NAM-INDIA,EQ,797196,207855,26.07
20,1228,NATCOPHARM,EQ,132915,77187,58.07
20,1229,NATHBIOGEN,EQ,14200,7579,53.37
20,1230,NATIONALUM,EQ,13029657,2397440,18.40
20,1231,NAUKRI,EQ,556491,75995,13.66
20,1232,NAVINFLUOR,EQ,98573,34879,35.38
20,1233,NAVKARCORP,EQ,621079,292400,47.08
20,1234,NAVNETEDUL,EQ,182730,77009,42.14
20,1235,NAZARA,EQ,88771,30629,34.50
20,1236,NBCC,EQ,3040751,931409,30.63
20,1237,NBIFIN,EQ,815,221,27.12
20,1238,NBVENTURES,EQ,909168,318568,35.04
20,1239,NCC,EQ,1709062,646382,37.82
20,1240,NCLIND,EQ,35852,19501,54.39
20,1241,NDGL,EQ,110,74,67.27
20,1242,NDL,EQ,122793,72639,59.16
20,1243,NDRAUTO,EQ,12873,4641,36.05
20,1244,NDTV,EQ,34349,17527,51.03
20,1245,NECCLTD,EQ,32325,20371,63.02
20,1246,NECLIFE,EQ,191539,90983,47.50
20,1247,NELCAST,EQ,42856,19038,44.42
20,1248,NELCO,EQ,20903,10723,51.30
20,1249,NEOGEN,EQ,23724,11107,46.82
20,1250,NESCO,EQ,49306,20974,42.54
20,1251,NESTLEIND,EQ,42527,18677,43.92
20,1252,NETF,EQ,537,301,56.05
20,1253,NETWORK18,EQ,1272129,415450,32.66
20,1254,NEULANDLAB,EQ,30219,16021,53.02
20,1255,NEWGEN,EQ,242552,61734,25.45
20,1256,NFL,EQ,1081919,231964,21.44
20,1257,NGIL,EQ,12259,7252,59.16
20,1258,NH,EQ,108547,65523,60.36
20,1259,NHAI,N2,328,210,64.02
20,1260,NHAI,N6,1301,1299,99.85
20,1261,NHAI,N8,151,151,100.00
20,1262,NHAI,NA,4030,2486,61.69
20,1263,NHAI,ND,2,2,100.00
20,1264,NHAI,NE,1,1,100.00
20,1265,NHBTF2014,N6,1025,1025,100.00
20,1266,NHBTF2023,N7,3,3,100.00
20,1267,NHPC,EQ,7519540,4288371,57.03
20,1268,NIACL,EQ,216874,115060,53.05
20,1269,NIBL,EQ,5407,4306,79.64
20,1270,NIDAN,SM,16000,11000,68.75
20,1271,NIF100BEES,EQ,3862,3188,82.55
20,1272,NIFTYBEES,EQ,2037316,827960,40.64
20,1273,NIITLTD,EQ,745145,243208,32.64
20,1274,NILAINFRA,EQ,103342,66591,64.44
20,1275,NILKAMAL,EQ,2986,1319,44.17
20,1276,NIPPOBATRY,EQ,27191,14063,51.72
20,1277,NIRAJ,EQ,8454,5655,66.89
20,1278,NITCO,EQ,44011,25208,57.28
20,1279,NITINSPIN,EQ,62908,35359,56.21
20,1280,NITIRAJ,EQ,9372,4373,46.66
20,1281,NKIND,EQ,2422,1644,67.88
20,1282,NLCINDIA,EQ,3888101,828122,21.30
20,1283,NMDC,EQ,9726582,2557650,26.30
20,1284,NOCIL,EQ,535514,143342,26.77
20,1285,NOIDATOLL,EQ,81455,57596,70.71
20,1286,NOVARTIND,EQ,5201,2856,54.91
20,1287,NPBET,EQ,269,88,32.71
20,1288,NPST,SM,1600,1600,100.00
20,1289,NRAIL,EQ,6700,4527,67.57
20,1290,NRBBEARING,EQ,68698,30171,43.92
20,1291,NRL,SM,14300,14300,100.00
20,1292,NSIL,EQ,1220,750,61.48
20,1293,NTPC,EQ,10245727,3916581,38.23
20,1294,NTPC,N6,1,1,100.00
20,1295,NTPC,N7,26032,20603,79.14
20,1296,NTPC,NA,46,46,100.00
20,1297,NTPC,ND,1,1,100.00
20,1298,NUCLEUS,EQ,14049,5570,39.65
20,1299,NURECA,EQ,3363,1375,40.89
20,1300,NUVOCO,EQ,561169,457217,81.48
20,1301,NV20BEES,EQ,8516,6862,80.58
20,1302,NXTDIGITAL,EQ,5592,3044,54.43
20,1303,NYKAA,EQ,619830,179694,28.99
20,1304,OAL,EQ,8427,2093,24.84
20,1305,OBCL,EQ,2524,1302,51.58
20,1306,OBEROIRLTY,EQ,1219553,342145,28.05
20,1307,OCCL,EQ,9795,6376,65.09
20,1308,OFSS,EQ,45155,19208,42.54
20,1309,OIL,EQ,1096426,520943,47.51
20,1310,OLECTRA,EQ,150300,106117,70.60
20,1311,OMAXAUTO,EQ,5694,3144,55.22
20,1312,OMAXE,EQ,933498,351338,37.64
20,1313,OMINFRAL,EQ,50907,34179,67.14
20,1314,OMKARCHEM,EQ,19086,9993,52.36
20,1315,ONELIFECAP,EQ,8080,5152,63.76
20,1316,ONEPOINT,EQ,127603,107119,83.95
20,1317,ONGC,EQ,52469252,19457004,37.08
20,1318,ONMOBILE,EQ,1043145,221825,21.27
20,1319,ONWARDTEC,EQ,11373,7577,66.62
20,1320,OPTIEMUS,EQ,93968,25056,26.66
20,1321,ORBTEXP,EQ,78457,32322,41.20
20,1322,ORICONENT,EQ,62189,42049,67.61
20,1323,ORIENTABRA,EQ,38138,24802,65.03
20,1324,ORIENTALTL,EQ,61360,34341,55.97
20,1325,ORIENTBELL,EQ,44184,26612,60.23
20,1326,ORIENTCEM,EQ,285555,125058,43.79
20,1327,ORIENTELEC,EQ,58018,23894,41.18
20,1328,ORIENTHOT,EQ,93530,49699,53.14
20,1329,ORIENTLTD,EQ,3758,2246,59.77
20,1330,ORIENTPPR,EQ,2603264,1175335,45.15
20,1331,ORTINLAB,EQ,36431,19024,52.22
20,1332,OSWALAGRO,EQ,86794,45915,52.90
20,1333,OSWALSEEDS,SM,4000,4000,100.00
20,1334,PAGEIND,EQ,90562,26098,28.82
20,1335,PAISALO,EQ,18807,12587,66.93
20,1336,PANACEABIO,EQ,34776,20238,58.20
20,1337,PANAMAPET,EQ,111790,57381,51.33
20,1338,PAR,EQ,8962,4568,50.97
20,1339,PARACABLES,EQ,83559,59237,70.89
20,1340,PARADEEP,EQ,99210394,48552972,48.94
20,1341,PARAGMILK,EQ,170620,85673,50.21
20,1342,PARAS,EQ,46640,14993,32.15
20,1343,PARSVNATH,EQ,151637,116158,76.60
20,1344,PARTYCRUS,SM,4000,4000,100.00
20,1345,PASUPTAC,EQ,131908,65545,49.69
20,1346,PATELENG,EQ,1162347,887122,76.32
20,1347,PATINTLOG,EQ,56277,30883,54.88
20,1348,PATINTPP,E1,14172,10628,74.99
20,1349,PAVNAIND,SM,800,800,100.00
20,1350,PAYTM,EQ,3765017,406271,10.79
20,1351,PBAINFRA,EQ,3475,2696,77.58
20,1352,PCBL,EQ,587008,172611,29.41
20,1353,PCHFL,N2,9,9,100.00
20,1354,PCHFL,N4,300,300,100.00
20,1355,PCHFL,N6,56,56,100.00
20,1356,PCHFL,NA,364,364,100.00
20,1357,PCJEWELLER,EQ,311638,140467,45.07
20,1358,PDMJEPAPER,EQ,127362,63093,49.54
20,1359,PDSL,EQ,1448,1062,73.34
20,1360,PEARLPOLY,EQ,24174,16605,68.69
20,1361,PEL,EQ,4059612,934851,23.03
20,1362,PENIND,EQ,219072,126520,57.75
20,1363,PERSISTENT,EQ,325344,109362,33.61
20,1364,PETRONET,EQ,1050450,357306,34.01
20,1365,PFC,EQ,2441012,1018087,41.71
20,1366,PFC,N5,400,250,62.50
20,1367,PFC,N8,1250,1250,100.00
20,1368,PFIZER,EQ,9328,3792,40.65
20,1369,PFOCUS,EQ,20654,12020,58.20
20,1370,PFS,EQ,390389,221649,56.78
20,1371,PGEL,EQ,33321,11493,34.49
20,1372,PGHH,EQ,3864,1442,37.32
20,1373,PGHL,EQ,3230,1667,51.61
20,1374,PGIL,EQ,5571,3729,66.94
20,1375,PGINVIT,IV,334215,298853,89.42
20,1376,PHARMABEES,EQ,81451,57830,71.00
20,1377,PHOENIXLTD,EQ,299797,144093,48.06
20,1378,PIDILITIND,EQ,170206,52464,30.82
20,1379,PIGL,SM,4000,4000,100.00
20,1380,PIIND,EQ,163837,76792,46.87
20,1381,PILANIINVS,EQ,871,575,66.02
20,1382,PILITA,EQ,136618,93894,68.73
20,1383,PIONDIST,EQ,3184,963,30.24
20,1384,PIONEEREMB,EQ,50983,21092,41.37
20,1385,PITTIENG,EQ,133648,65068,48.69
20,1386,PIXTRANS,EQ,3288,1885,57.33
20,1387,PLASTIBLEN,EQ,7426,4005,53.93
20,1388,PNB,EQ,30100376,6443558,21.41
20,1389,PNBGILTS,EQ,107785,60084,55.74
20,1390,PNBHOUSING,EQ,59312,21913,36.95
20,1391,PNCINFRA,EQ,383530,127901,33.35
20,1392,PODDARHOUS,EQ,2716,1132,41.68
20,1393,PODDARMENT,EQ,3636,2004,55.12
20,1394,POKARNA,EQ,44411,15498,34.90
20,1395,POLICYBZR,EQ,767647,384405,50.08
20,1396,POLYCAB,EQ,213946,90307,42.21
20,1397,POLYMED,EQ,64550,22396,34.70
20,1398,POLYPLEX,EQ,222660,60048,26.97
20,1399,PONNIERODE,EQ,31093,12358,39.75
20,1400,POONAWALLA,EQ,4728312,1123672,23.76
20,1401,POWERGRID,EQ,6322869,3907930,61.81
20,1402,POWERINDIA,EQ,49257,22667,46.02
20,1403,POWERMECH,EQ,30008,16435,54.77
20,1404,PPAP,EQ,1692,927,54.79
20,1405,PPL,EQ,77031,32971,42.80
20,1406,PRAJIND,EQ,898385,392752,43.72
20,1407,PRAKASH,EQ,754590,266312,35.29
20,1408,PRAKASHSTL,EQ,1705228,808901,47.44
20,1409,PRAXIS,EQ,4797,4056,84.55
20,1410,PRECAM,EQ,90901,41206,45.33
20,1411,PRECISION,SM,18000,16000,88.89
20,1412,PRECOT,EQ,6179,4069,65.85
20,1413,PRECWIRE,EQ,28996,16385,56.51
20,1414,PREMIERPOL,EQ,15003,7203,48.01
20,1415,PRESSMN,EQ,47766,27872,58.35
20,1416,PRESTIGE,EQ,293044,103062,35.17
20,1417,PRICOLLTD,EQ,1241018,567818,45.75
20,1418,PRIMESECU,EQ,44418,21384,48.14
20,1419,PRINCEPIPE,EQ,51933,22175,42.70
20,1420,PRITI,EQ,15184,12969,85.41
20,1421,PRITIKAUTO,EQ,104703,67744,64.70
20,1422,PRIVISCL,EQ,21033,11195,53.23
20,1423,PROLIFE,SM,6000,6000,100.00
20,1424,PROPEQUITY,SM,9600,6000,62.50
20,1425,PROZONINTU,EQ,95969,65462,68.21
20,1426,PRSMJOHNSN,EQ,198034,130205,65.75
20,1427,PRUDENT,EQ,274040,70312,25.66
20,1428,PSB,EQ,316436,184376,58.27
20,1429,PSPPROJECT,EQ,618354,125408,20.28
20,1430,PSUBNKBEES,EQ,327825,200016,61.01
20,1431,PTC,EQ,364229,173412,47.61
20,1432,PTL,EQ,51306,35897,69.97
20,1433,PUNJABCHEM,EQ,12213,5744,47.03
20,1434,PURVA,EQ,55580,25525,45.92
20,1435,PVR,EQ,469305,94603,20.16
20,1436,QGOLDHALF,EQ,26487,15271,57.65
20,1437,QNIFTY,EQ,24,8,33.33
20,1438,QUADPRO,SM,12000,6000,50.00
20,1439,QUESS,EQ,118506,40273,33.98
20,1440,QUICKHEAL,EQ,34435,16017,46.51
20,1441,RADICO,EQ,111657,30987,27.75
20,1442,RADIOCITY,EQ,43702,29520,67.55
20,1443,RAILTEL,EQ,441107,146369,33.18
20,1444,RAIN,EQ,1059154,235977,22.28
20,1445,RAINBOW,EQ,193332,104652,54.13
20,1446,RAJESHEXPO,EQ,49059,16928,34.51
20,1447,RAJMET,EQ,32344,11827,36.57
20,1448,RAJRATAN,EQ,95156,67400,70.83
20,1449,RAJSREESUG,EQ,61384,41129,67.00
20,1450,RAJTV,EQ,530,406,76.60
20,1451,RALLIS,EQ,225652,117269,51.97
20,1452,RAMANEWS,EQ,25719,14446,56.17
20,1453,RAMASTEEL,EQ,54400,10234,18.81
20,1454,RAMCOCEM,EQ,330356,118304,35.81
20,1455,RAMCOIND,EQ,15570,9862,63.34
20,1456,RAMCOSYS,EQ,87462,24027,27.47
20,1457,RAMKY,EQ,62372,30662,49.16
20,1458,RANASUG,EQ,946415,354193,37.42
20,1459,RANEENGINE,EQ,5306,944,17.79
20,1460,RANEHOLDIN,EQ,9503,5342,56.21
20,1461,RATEGAIN,EQ,530840,232047,43.71
20,1462,RATNAMANI,EQ,13521,9257,68.46
20,1463,RAYMOND,EQ,1605272,296221,18.45
20,1464,RBA,EQ,473574,208661,44.06
20,1465,RBL,EQ,9278,5413,58.34
20,1466,RBLBANK,EQ,11875893,1377185,11.60
20,1467,RCF,EQ,6551675,1127592,17.21
20,1468,RECLTD,EQ,3032835,1155636,38.10
20,1469,RECLTD,N1,107,107,100.00
20,1470,RECLTD,N3,4,4,100.00
20,1471,RECLTD,N8,100,100,100.00
20,1472,RECLTD,N9,2415,1415,58.59
20,1473,RECLTD,NE,350,350,100.00
20,1474,RECLTD,NI,301,301,100.00
20,1475,REDINGTON,EQ,2007786,860292,42.85
20,1476,REFEX,EQ,38441,18255,47.49
20,1477,RELAXO,EQ,78843,39958,50.68
20,1478,RELCHEMQ,EQ,9264,3965,42.80
20,1479,RELIANCE,EQ,7624888,3519149,46.15
20,1480,RELIGARE,EQ,673577,422139,62.67
20,1481,RELINFRA,EQ,1102767,637965,57.85
20,1482,REMSONSIND,EQ,1351,609,45.08
20,1483,RENUKA,EQ,12886245,3017896,23.42
20,1484,REPCOHOME,EQ,214591,103549,48.25
20,1485,REPL,EQ,53288,22017,41.32
20,1486,REPRO,EQ,13281,12160,91.56
20,1487,RESPONIND,EQ,151471,7319,4.83
20,1488,REVATHI,EQ,6977,4617,66.17
20,1489,REXPIPES,SM,16000,12000,75.00
20,1490,RGL,EQ,32187,1688,5.24
20,1491,RHFL,EQ,355301,245321,69.05
20,1492,RHFL,N6,821,821,100.00
20,1493,RHIM,EQ,935333,200471,21.43
20,1494,RICOAUTO,EQ,120313,71597,59.51
20,1495,RIIL,EQ,1358837,123230,9.07
20,1496,RITCO,EQ,17332,11478,66.22
20,1497,RITES,EQ,44023,25052,56.91
20,1498,RKEC,EQ,6522,4430,67.92
20,1499,RKFORGE,EQ,114004,56811,49.83
20,1500,RML,EQ,3242,1597,49.26
20,1501,ROHLTD,EQ,11920,5435,45.60
20,1502,ROLEXRINGS,EQ,110416,103590,93.82
20,1503,ROLLT,EQ,495369,355313,71.73
20,1504,ROLTA,EQ,88469,72806,82.30
20,1505,ROSSARI,EQ,21820,11969,54.85
20,1506,ROSSELLIND,EQ,17903,8555,47.79
20,1507,ROTO,EQ,64866,53541,82.54
20,1508,ROUTE,EQ,234582,76806,32.74
20,1509,RPGLIFE,EQ,8946,3932,43.95
20,1510,RPOWER,EQ,9697989,5459549,56.30
20,1511,RPPINFRA,EQ,98890,48591,49.14
20,1512,RPPL,EQ,2098,1457,69.45
20,1513,RPSGVENT,EQ,13249,6218,46.93
20,1514,RSSOFTWARE,EQ,53346,29609,55.50
20,1515,RSWM,EQ,139847,62096,44.40
20,1516,RSYSTEMS,EQ,79766,18629,23.35
20,1517,RTNINDIA,EQ,1698430,754364,44.42
20,1518,RTNPOWER,EQ,7257614,5174473,71.30
20,1519,RUBYMILLS,EQ,11876,5500,46.31
20,1520,RUCHIRA,EQ,422493,115622,27.37
20,1521,RUPA,EQ,1282384,587772,45.83
20,1522,RUSHIL,EQ,68906,41115,59.67
20,1523,RVNL,EQ,795360,342074,43.01
20,1524,SABEVENTS,EQ,57957,11501,19.84
20,1525,SADBHAV,EQ,227098,140053,61.67
20,1526,SAFARI,EQ,3834,2334,60.88
20,1527,SAGARDEEP,EQ,24647,16203,65.74
20,1528,SAGCEM,EQ,20806,12129,58.30
20,1529,SAIL,EQ,35122761,5376381,15.31
20,1530,SAKAR,EQ,22994,11660,50.71
20,1531,SAKHTISUG,EQ,142666,81596,57.19
20,1532,SAKSOFT,EQ,21469,8295,38.64
20,1533,SAKUMA,EQ,508969,247484,48.62
20,1534,SALASAR,EQ,20083,12056,60.03
20,1535,SALONA,EQ,5147,3162,61.43
20,1536,SALSTEEL,EQ,49130,37357,76.04
20,1537,SALZERELEC,EQ,26611,14291,53.70
20,1538,SAMBHAAV,EQ,93672,60470,64.56
20,1539,SANCO,EQ,9629,2848,29.58
20,1540,SANDESH,EQ,1060,536,50.57
20,1541,SANDHAR,EQ,9924,4845,48.82
20,1542,SANGAMIND,EQ,61196,22709,37.11
20,1543,SANGHIIND,EQ,112720,67070,59.50
20,1544,SANGHVIMOV,EQ,63244,28851,45.62
20,1545,SANGINITA,EQ,23550,14730,62.55
20,1546,SANOFI,EQ,3559,1620,45.52
20,1547,SANSERA,EQ,28672,4387,15.30
20,1548,SAPPHIRE,EQ,138631,47139,34.00
20,1549,SARDAEN,EQ,66166,28153,42.55
20,1550,SAREGAMA,EQ,48608,31334,64.46
20,1551,SARLAPOLY,EQ,90926,45359,49.89
20,1552,SARVESHWAR,SM,38400,36800,95.83
20,1553,SASKEN,EQ,11410,5246,45.98
20,1554,SASTASUNDR,EQ,15027,7558,50.30
20,1555,SATIA,EQ,864249,310038,35.87
20,1556,SATIN,EQ,44367,29277,65.99
20,1557,SBC,EQ,2295321,662099,28.85
20,1558,SBCL,EQ,101819,56224,55.22
20,1559,SBICARD,EQ,875537,403090,46.04
20,1560,SBIETFCON,EQ,1420,1325,93.31
20,1561,SBIETFIT,EQ,26427,15011,56.80
20,1562,SBIETFPB,EQ,872,858,98.39
20,1563,SBIETFQLTY,EQ,7785,5926,76.12
20,1564,SBILIFE,EQ,687512,308619,44.89
20,1565,SBIN,EQ,10977001,2866709,26.12
20,1566,SCHAEFFLER,EQ,43437,23572,54.27
20,1567,SCHAND,EQ,87262,40619,46.55
20,1568,SCHNEIDER,EQ,2561760,279242,10.90
20,1569,SCI,EQ,930831,254955,27.39
20,1570,SDL24BEES,EQ,14,14,100.00
20,1571,SDL26BEES,EQ,260,160,61.54
20,1572,SEAMECLTD,EQ,4338,1425,32.85
20,1573,SECL,SM,3000,3000,100.00
20,1574,SECURCRED,SM,1260,1260,100.00
20,1575,SECURKLOUD,EQ,31385,19387,61.77
20,1576,SELAN,EQ,111331,57180,51.36
20,1577,SEPC,EQ,429903,322458,75.01
20,1578,SEPOWER,EQ,30636,14581,47.59
20,1579,SEQUENT,EQ,3396859,673368,19.82
20,1580,SERVOTECH,EQ,33131,5103,15.40
20,1581,SESHAPAPER,EQ,53892,19052,35.35
20,1582,SETCO,EQ,37752,23815,63.08
20,1583,SETF10GILT,EQ,3,2,66.67
20,1584,SETFGOLD,EQ,1037333,810615,78.14
20,1585,SETFNIF50,EQ,249722,113138,45.31
20,1586,SETFNIFBK,EQ,968121,872289,90.10
20,1587,SETFNN50,EQ,40753,22742,55.80
20,1588,SFL,EQ,7426,3288,44.28
20,1589,SGBAPR28I,GB,683,656,96.05
20,1590,SGBAUG24,GB,76,74,97.37
20,1591,SGBAUG27,GB,77,70,90.91
20,1592,SGBAUG28V,GB,603,517,85.74
20,1593,SGBAUG29V,GB,79,67,84.81
20,1594,SGBD29VIII,GB,445,398,89.44
20,1595,SGBDC27VII,GB,1,1,100.00
20,1596,SGBDEC2513,GB,6,5,83.33
20,1597,SGBDEC26,GB,3,2,66.67
20,1598,SGBFEB24,GB,37,35,94.59
20,1599,SGBFEB27,GB,8,8,100.00
20,1600,SGBFEB28IX,GB,6,3,50.00
20,1601,SGBFEB29XI,GB,58,28,48.28
20,1602,SGBJAN29IX,GB,136,113,83.09
20,1603,SGBJAN29X,GB,63,41,65.08
20,1604,SGBJAN30IX,GB,204,204,100.00
20,1605,SGBJU29III,GB,418,417,99.76
20,1606,SGBJUL28IV,GB,200,190,95.00
20,1607,SGBJUL29IV,GB,136,96,70.59
20,1608,SGBJUN27,GB,13,12,92.31
20,1609,SGBJUN28,GB,447,442,98.88
20,1610,SGBJUN29II,GB,150,150,100.00
20,1611,SGBMAR24,GB,4,4,100.00
20,1612,SGBMAR25,GB,482,416,86.31
20,1613,SGBMAR28X,GB,11,11,100.00
20,1614,SGBMAR30X,GB,208,145,69.71
20,1615,SGBMAY25,GB,30,30,100.00
20,1616,SGBMAY26,GB,7,7,100.00
20,1617,SGBMAY28,GB,360,360,100.00
20,1618,SGBMAY29I,GB,1931,1726,89.38
20,1619,SGBMR29XII,GB,671,559,83.31
20,1620,SGBN28VIII,GB,41,34,82.93
20,1621,SGBNOV23,GB,40,20,50.00
20,1622,SGBNOV24,GB,161,161,100.00
20,1623,SGBNOV25,GB,9,9,100.00
20,1624,SGBNOV258,GB,10,10,100.00
20,1625,SGBNOV25IX,GB,1,1,100.00
20,1626,SGBNOV25VI,GB,3,3,100.00
20,1627,SGBNV29VII,GB,104,89,85.58
20,1628,SGBOC28VII,GB,80,78,97.50
20,1629,SGBOCT25,GB,80,80,100.00
20,1630,SGBOCT25V,GB,15,15,100.00
20,1631,SGBOCT26,GB,10,10,100.00
20,1632,SGBOCT27,GB,1,1,100.00
20,1633,SGBOCT27VI,GB,24,24,100.00
20,1634,SGBSEP24,GB,252,237,94.05
20,1635,SGBSEP27,GB,43,42,97.67
20,1636,SGBSEP28VI,GB,662,616,93.05
20,1637,SGBSEP29VI,GB,311,280,90.03
20,1638,SGIL,EQ,8910,3464,38.88
20,1639,SGL,EQ,11259,6259,55.59
20,1640,SHAHALLOYS,EQ,63448,48635,76.65
20,1641,SHAILY,EQ,588,402,68.37
20,1642,SHAKTIPUMP,EQ,24978,12155,48.66
20,1643,SHALBY,EQ,47678,16619,34.86
20,1644,SHALPAINTS,EQ,272340,152138,55.86
20,1645,SHANKARA,EQ,30150,12548,41.62
20,1646,SHANTI,EQ,307904,172299,55.96
20,1647,SHANTIGEAR,EQ,220893,42441,19.21
20,1648,SHARDACROP,EQ,530888,299204,56.36
20,1649,SHARDAMOTR,EQ,12932,7226,55.88
20,1650,SHAREINDIA,EQ,18113,10203,56.33
20,1651,SHARIABEES,EQ,436,411,94.27
20,1652,SHEMAROO,EQ,24071,14681,60.99
20,1653,SHIGAN,SM,48000,48000,100.00
20,1654,SHIL,EQ,303913,123220,40.54
20,1655,SHILPAMED,EQ,155133,54946,35.42
20,1656,SHIVALIK,EQ,3641,2041,56.06
20,1657,SHIVAMAUTO,EQ,31952,19416,60.77
20,1658,SHIVAMILLS,EQ,10425,6331,60.73
20,1659,SHIVATEX,EQ,7673,4209,54.85
20,1660,SHK,EQ,74398,53097,71.37
20,1661,SHOPERSTOP,EQ,70198,16900,24.07
20,1662,SHRADHA,EQ,7910,4658,58.89
20,1663,SHREDIGCEM,EQ,158948,53094,33.40
20,1664,SHREECEM,EQ,17959,3967,22.09
20,1665,SHREEPUSHK,EQ,40207,18726,46.57
20,1666,SHREERAMA,EQ,14985,10410,69.47
20,1667,SHRENIK,EQ,631055,380896,60.36
20,1668,SHREYANIND,EQ,30289,21473,70.89
20,1669,SHREYAS,EQ,65762,30844,46.90
20,1670,SHRIRAMCIT,EQ,9624,4403,45.75
20,1671,SHRIRAMPPS,EQ,522193,334663,64.09
20,1672,SHUBHLAXMI,SM,10000,10000,100.00
20,1673,SHYAMCENT,EQ,518188,299903,57.88
20,1674,SHYAMMETL,EQ,170342,87463,51.35
20,1675,SIEMENS,EQ,197975,59629,30.12
20,1676,SIGACHI,EQ,59261,21408,36.12
20,1677,SIGIND,EQ,13356,8251,61.78
20,1678,SIGMA,SM,600,600,100.00
20,1679,SIKKO,EQ,2509,1957,78.00
20,1680,SILGO,EQ,49788,28772,57.79
20,1681,SILINV,EQ,801,572,71.41
20,1682,SILLYMONKS,EQ,11374,4372,38.44
20,1683,SILVER,EQ,10933,9531,87.18
20,1684,SILVERBEES,EQ,311278,236616,76.01
20,1685,SILVERTUC,EQ,702,356,50.71
20,1686,SINTERCOM,EQ,953,552,57.92
20,1687,SIRCA,EQ,25834,15416,59.67
20,1688,SIS,EQ,18422,6424,34.87
20,1689,SIYSIL,EQ,73585,26259,35.69
20,1690,SJS,EQ,148198,70212,47.38
20,1691,SJVN,EQ,1712397,891344,52.05
20,1692,SKFINDIA,EQ,27917,22835,81.80
20,1693,SKIPPER,EQ,142303,77011,54.12
20,1694,SKMEGGPROD,EQ,18077,9798,54.20
20,1695,SKSTEXTILE,SM,2000,2000,100.00
20,1696,SMARTLINK,EQ,6343,3842,60.57
20,1697,SMCGLOBAL,EQ,214914,125588,58.44
20,1698,SMLISUZU,EQ,6533,3573,54.69
20,1699,SMLT,EQ,16024,10589,66.08
20,1700,SMSLIFE,EQ,3662,2005,54.75
20,1701,SMSPHARMA,EQ,21202,11501,54.24
20,1702,SNOWMAN,EQ,128811,67665,52.53
20,1703,SOBHA,EQ,639761,269224,42.08
20,1704,SOLARA,EQ,207063,58552,28.28
20,1705,SOLARINDS,EQ,37527,17410,46.39
20,1706,SOMANYCERA,EQ,9727,4247,43.66
20,1707,SOMICONVEY,EQ,2290,2049,89.48
20,1708,SONACOMS,EQ,711093,381104,53.59
20,1709,SONAHISONA,SM,10000,10000,100.00
20,1710,SONAMCLOCK,EQ,169848,5283,3.11
20,1711,SONATSOFTW,EQ,208225,33420,16.05
20,1712,SONUINFRA,SM,309000,186000,60.19
20,1713,SORILINFRA,EQ,9528,4694,49.27
20,1714,SOTL,EQ,4598,2479,53.91
20,1715,SOUTHBANK,EQ,3335850,1581537,47.41
20,1716,SOUTHWEST,EQ,9854,6143,62.34
20,1717,SPAL,EQ,23229,9593,41.30
20,1718,SPANDANA,EQ,71000,20463,28.82
20,1719,SPARC,EQ,524786,330301,62.94
20,1720,SPECIALITY,EQ,79027,37580,47.55
20,1721,SPENCERS,EQ,87715,35722,40.73
20,1722,SPIC,EQ,1028913,274390,26.67
20,1723,SPICEJET,EQ,781469,403393,51.62
20,1724,SPLIL,EQ,31430,11382,36.21
20,1725,SPMLINFRA,EQ,106869,78768,73.71
20,1726,SPTL,EQ,1000417,593436,59.32
20,1727,SREEL,EQ,2572,1685,65.51
20,1728,SREIBNPNCD,NO,50,50,100.00
20,1729,SREIBNPNCD,Y8,1,1,100.00
20,1730,SRF,EQ,609138,194834,31.99
20,1731,SRHHYPOLTD,EQ,12643,7284,57.61
20,1732,SRPL,EQ,314029,204254,65.04
20,1733,SRTRANSFIN,EQ,454382,81617,17.96
20,1734,SRTRANSFIN,YN,10,10,100.00
20,1735,SRTRANSFIN,YR,100,100,100.00
20,1736,SRTRANSFIN,YV,656,538,82.01
20,1737,SRTRANSFIN,YW,356,208,58.43
20,1738,SRTRANSFIN,Z3,145,145,100.00
20,1739,SRTRANSFIN,Z7,25,25,100.00
20,1740,SRTRANSFIN,ZB,600,600,100.00
20,1741,SRTRANSFIN,ZF,922,922,100.00
20,1742,SRTRANSFIN,ZG,20,20,100.00
20,1743,SRTRANSFIN,ZI,1,1,100.00
20,1744,SSWL,EQ,26057,12740,48.89
20,1745,STAR,EQ,716572,114295,15.95
20,1746,STARCEMENT,EQ,54378,35470,65.23
20,1747,STARHEALTH,EQ,255000,117491,46.07
20,1748,STARPAPER,EQ,71729,30266,42.19
20,1749,STARTECK,EQ,19474,6360,32.66
20,1750,STCINDIA,EQ,21755,10716,49.26
20,1751,STEELCAS,EQ,9829,7456,75.86
20,1752,STEELCITY,EQ,14910,10710,71.83
20,1753,STEELXIND,EQ,582464,282723,48.54
20,1754,STEL,EQ,4350,3041,69.91
20,1755,STERTOOLS,EQ,60039,43601,72.62
20,1756,STLTECH,EQ,398666,174934,43.88
20,1757,STOVEKRAFT,EQ,29548,13988,47.34
20,1758,STYLAMIND,EQ,11945,5940,49.73
20,1759,SUBEXLTD,EQ,1893115,690021,36.45
20,1760,SUBROS,EQ,9683,4508,46.56
20,1761,SUDARSCHEM,EQ,112655,37510,33.30
20,1762,SUMEETINDS,EQ,230801,172986,74.95
20,1763,SUMICHEM,EQ,252263,99666,39.51
20,1764,SUMIT,EQ,26822,14816,55.24
20,1765,SUMMITSEC,EQ,4033,2247,55.72
20,1766,SUNCLAYLTD,EQ,3105,2086,67.18
20,1767,SUNDARAM,EQ,283729,210263,74.11
20,1768,SUNDARMFIN,EQ,232894,149871,64.35
20,1769,SUNDARMHLD,EQ,56627,38645,68.24
20,1770,SUNDRMBRAK,EQ,3739,968,25.89
20,1771,SUNDRMFAST,EQ,17529,4656,26.56
20,1772,SUNFLAG,EQ,302829,134977,44.57
20,1773,SUNPHARMA,EQ,2374509,1239809,52.21
20,1774,SUNTECK,EQ,596166,194223,32.58
20,1775,SUNTV,EQ,555322,148471,26.74
20,1776,SUPERHOUSE,EQ,7011,4363,62.23
20,1777,SUPRAJIT,EQ,73511,28997,39.45
20,1778,SUPREMEIND,EQ,117191,78751,67.20
20,1779,SUPREMEINF,EQ,30745,14001,45.54
20,1780,SUPRIYA,EQ,89790,29712,33.09
20,1781,SURANASOL,EQ,83065,58826,70.82
20,1782,SURANAT&P,EQ,83981,67874,80.82
20,1783,SURYALAXMI,EQ,10267,4567,44.48
20,1784,SURYAROSNI,EQ,111301,53860,48.39
20,1785,SURYODAY,EQ,214250,73828,34.46
20,1786,SUTLEJTEX,EQ,89021,42894,48.18
20,1787,SUULD,EQ,128259,84790,66.11
20,1788,SUVEN,EQ,98478,52985,53.80
20,1789,SUVENPHAR,EQ,187335,121716,64.97
20,1790,SUVIDHAA,EQ,41912,32028,76.42
20,1791,SUZLON,EQ,46294188,26866102,58.03
20,1792,SVLL,SM,9000,5000,55.56
20,1793,SVPGLOB,EQ,179408,115037,64.12
20,1794,SWANENERGY,EQ,109102,58453,53.58
20,1795,SWARAJ,SM,8000,6000,75.00
20,1796,SWARAJENG,EQ,5321,3325,62.49
20,1797,SWELECTES,EQ,3972,3468,87.31
20,1798,SWSOLAR,EQ,117558,41273,35.11
20,1799,SYMPHONY,EQ,21667,8599,39.69
20,1800,SYNGENE,EQ,158984,67659,42.56
20,1801,TAINWALCHM,EQ,10945,6980,63.77
20,1802,TAJGVK,EQ,129817,38008,29.28
20,1803,TAKE,EQ,253813,123645,48.71
20,1804,TALBROAUTO,EQ,20287,6783,33.44
20,1805,TANLA,EQ,235001,83549,35.55
20,1806,TARAPUR,EQ,2189,1889,86.30
20,1807,TARC,EQ,378258,196143,51.85
20,1808,TARMAT,EQ,3317,1520,45.82
20,1809,TARSONS,EQ,244338,76394,31.27
20,1810,TASTYBITE,EQ,513,278,54.19
20,1811,TATACAPHSG,N2,198,173,87.37
20,1812,TATACAPHSG,N4,37,35,94.59
20,1813,TATACAPHSG,N6,140,130,92.86
20,1814,TATACAPHSG,N8,110,100,90.91
20,1815,TATACAPHSG,NA,4,4,100.00
20,1816,TATACAPHSG,NB,4,0,0.00
20,1817,TATACHEM,EQ,1671471,726209,43.45
20,1818,TATACOFFEE,EQ,651914,186680,28.64
20,1819,TATACOMM,EQ,553467,220923,39.92
20,1820,TATACONSUM,EQ,1039408,390764,37.59
20,1821,TATAELXSI,EQ,418901,133448,31.86
20,1822,TATAINVEST,EQ,24071,12279,51.01
20,1823,TATAMETALI,EQ,34623,10559,30.50
20,1824,TATAMOTORS,EQ,16867431,4383559,25.99
20,1825,TATAMTRDVR,EQ,2652629,1048283,39.52
20,1826,TATAPOWER,EQ,16159280,2704815,16.74
20,1827,TATASTEEL,EQ,7477220,1350881,18.07
20,1828,TATASTLLP,EQ,46404,18931,40.80
20,1829,TATVA,EQ,7736,4178,54.01
20,1830,TBZ,EQ,253285,88730,35.03
20,1831,TCFSL,ND,123,103,83.74
20,1832,TCFSL,NF,364,364,100.00
20,1833,TCFSL,NH,190,190,100.00
20,1834,TCFSL,NJ,78,78,100.00
20,1835,TCFSL,NL,200,200,100.00
20,1836,TCFSL,NN,207,150,72.46
20,1837,TCI,EQ,66325,22793,34.37
20,1838,TCIEXP,EQ,14206,7339,51.66
20,1839,TCNSBRANDS,EQ,16426,7849,47.78
20,1840,TCPLPACK,EQ,300551,73787,24.55
20,1841,TCS,EQ,3103153,2076287,66.91
20,1842,TDPOWERSYS,EQ,21061,11478,54.50
20,1843,TEAMLEASE,EQ,21822,16249,74.46
20,1844,TECH,EQ,4818,4199,87.15
20,1845,TECHIN,EQ,40957,29939,73.10
20,1846,TECHM,EQ,3367600,1520127,45.14
20,1847,TECHNOE,EQ,59126,29610,50.08
20,1848,TEGA,EQ,36393,17160,47.15
20,1849,TEJASNET,EQ,184289,72198,39.18
20,1850,TEMBO,EQ,37973,7439,19.59
20,1851,TERASOFT,EQ,11650,7438,63.85
20,1852,TEXINFRA,EQ,173216,145718,84.13
20,1853,TEXMOPIPES,EQ,418320,240233,57.43
20,1854,TEXRAIL,EQ,767852,240802,31.36
20,1855,TFCILTD,EQ,63086,36115,57.25
20,1856,TFL,EQ,2340,1723,73.63
20,1857,THANGAMAYL,EQ,4968,2848,57.33
20,1858,THEINVEST,EQ,2841,2289,80.57
20,1859,THEJO,SM,450,450,100.00
20,1860,THEMISMED,EQ,410,271,66.10
20,1861,THERMAX,EQ,37006,18148,49.04
20,1862,THOMASCOOK,EQ,639351,263057,41.14
20,1863,THYROCARE,EQ,92180,10967,11.90
20,1864,TI,EQ,127517,79871,62.64
20,1865,TIDEWATER,EQ,11335,5678,50.09
20,1866,TIIL,EQ,17267,9999,57.91
20,1867,TIINDIA,EQ,82309,31465,38.23
20,1868,TIJARIA,EQ,40663,34686,85.30
20,1869,TIL,EQ,4126,2718,65.87
20,1870,TIMESGTY,EQ,944,651,68.96
20,1871,TIMETECHNO,EQ,1786722,347979,19.48
20,1872,TIMKEN,EQ,10542,4953,46.98
20,1873,TINPLATE,EQ,314378,63953,20.34
20,1874,TIRUMALCHM,EQ,497012,161442,32.48
20,1875,TIRUPATI,SM,6000,6000,100.00
20,1876,TIRUPATIFL,EQ,29015,20107,69.30
20,1877,TITAN,EQ,865917,423355,48.89
20,1878,TMRVL,EQ,23998,17350,72.30
20,1879,TNIDETF,EQ,2298,1584,68.93
20,1880,TNPETRO,EQ,416714,166051,39.85
20,1881,TNPL,EQ,253387,85875,33.89
20,1882,TOKYOPLAST,EQ,3569,2787,78.09
20,1883,TORNTPHARM,EQ,386532,74502,19.27
20,1884,TORNTPOWER,EQ,330812,93917,28.39
20,1885,TOTAL,EQ,15566,9739,62.57
20,1886,TOUCHWOOD,EQ,581,417,71.77
20,1887,TPLPLASTEH,EQ,3966,2629,66.29
20,1888,TREEHOUSE,EQ,37525,20346,54.22
20,1889,TREJHARA,EQ,23381,15215,65.07
20,1890,TRENT,EQ,293538,100781,34.33
20,1891,TRF,EQ,24858,18005,72.43
20,1892,TRIDENT,EQ,3161479,1895541,59.96
20,1893,TRIGYN,EQ,77107,38273,49.64
20,1894,TRIL,EQ,84856,43697,51.50
20,1895,TRITURBINE,EQ,374370,140328,37.48
20,1896,TRIVENI,EQ,605180,213001,35.20
20,1897,TTKHLTCARE,EQ,4001,2116,52.89
20,1898,TTKPRESTIG,EQ,36943,20797,56.29
20,1899,TTL,EQ,15602,5377,34.46
20,1900,TTML,EQ,3903205,1469686,37.65
20,1901,TV18BRDCST,EQ,8767598,2676595,30.53
20,1902,TVSELECT,EQ,37270,19962,53.56
20,1903,TVSMOTOR,EQ,1809438,623776,34.47
20,1904,TVSSRICHAK,EQ,2279,1127,49.45
20,1905,TVTODAY,EQ,48071,20889,43.45
20,1906,TWL,EQ,324538,133709,41.20
20,1907,UBL,EQ,220427,116837,53.00
20,1908,UCALFUEL,EQ,29932,14350,47.94
20,1909,UCL,SM,2000,2000,100.00
20,1910,UCOBANK,EQ,2090869,730602,34.94
20,1911,UDAICEMENT,EQ,140769,81604,57.97
20,1912,UFLEX,EQ,273384,116337,42.55
20,1913,UFO,EQ,134075,70380,52.49
20,1914,UGARSUGAR,EQ,649694,325204,50.05
20,1915,UGROCAP,EQ,45142,33445,74.09
20,1916,UGROCAP,N1,18,9,50.00
20,1917,UGROCAP,N2,10,10,100.00
20,1918,UGROCAP,N4,125,125,100.00
20,1919,UJJIVAN,EQ,1396311,375620,26.90
20,1920,UJJIVANSFB,EQ,550842,291309,52.88
20,1921,ULTRACEMCO,EQ,290626,159281,54.81
20,1922,UMAEXPORTS,EQ,487442,48207,9.89
20,1923,UMANGDAIRY,EQ,3047,1606,52.71
20,1924,UNICHEMLAB,EQ,12960,6733,51.95
20,1925,UNIDT,EQ,25386,5952,23.45
20,1926,UNIENTER,EQ,2405,1854,77.09
20,1927,UNIONBANK,EQ,8000926,3197792,39.97
20,1928,UNITEDPOLY,EQ,19245,10490,54.51
20,1929,UNITEDTEA,EQ,2434,1441,59.20
20,1930,UNIVASTU,EQ,15505,8218,53.00
20,1931,UNIVCABLES,EQ,6586,4752,72.15
20,1932,UNIVPHOTO,EQ,16558,13662,82.51
20,1933,UPL,EQ,1529970,485214,31.71
20,1934,URAVI,SM,45600,34800,76.32
20,1935,URJA,EQ,2856529,1189459,41.64
20,1936,USHAMART,EQ,531851,370800,69.72
20,1937,UTIAMC,EQ,69283,30300,43.73
20,1938,UTIBANKETF,EQ,8407,8372,99.58
20,1939,UTINEXT50,EQ,146818,146447,99.75
20,1940,UTINIFTETF,EQ,2368,893,37.71
20,1941,UTISENSETF,EQ,718,510,71.03
20,1942,UTISXN50,EQ,174,63,36.21
20,1943,UTTAMSUGAR,EQ,422880,129471,30.62
20,1944,V2RETAIL,EQ,3205,1979,61.75
20,1945,VADILALIND,EQ,46850,17798,37.99
20,1946,VAIBHAVGBL,EQ,222624,120482,54.12
20,1947,VAKRANGEE,EQ,3795879,1473796,38.83
20,1948,VALIANTORG,EQ,48183,23778,49.35
20,1949,VARDHACRLC,EQ,30233,23307,77.09
20,1950,VARDMNPOLY,EQ,25392,20183,79.49
20,1951,VARROC,EQ,131161,52027,39.67
20,1952,VASCONEQ,EQ,325745,237293,72.85
20,1953,VASWANI,EQ,64888,34249,52.78
20,1954,VBL,EQ,669602,355189,53.04
20,1955,VEDL,EQ,11035458,1762506,15.97
20,1956,VENKEYS,EQ,16433,6394,38.91
20,1957,VENUSREM,EQ,90897,74535,82.00
20,1958,VERANDA,EQ,177280,91653,51.70
20,1959,VERTOZ,EQ,8072,4707,58.31
20,1960,VESUVIUS,EQ,3318,2944,88.73
20,1961,VETO,EQ,71246,40807,57.28
20,1962,VGUARD,EQ,278496,104533,37.53
20,1963,VHL,EQ,532,360,67.67
20,1964,VIDHIING,EQ,16792,6194,36.89
20,1965,VIJAYA,EQ,102736,45801,44.58
20,1966,VIJIFIN,EQ,157526,66621,42.29
20,1967,VIKASECO,EQ,11239776,4540818,40.40
20,1968,VIKASLIFE,EQ,6378800,2856850,44.79
20,1969,VIKASPROP,EQ,2324337,1660296,71.43
20,1970,VIMTALABS,EQ,10247,4775,46.60
20,1971,VINATIORGA,EQ,35910,15854,44.15
20,1972,VINDHYATEL,EQ,3758,1721,45.80
20,1973,VINEETLAB,EQ,13988,7617,54.45
20,1974,VINYLINDIA,EQ,65636,29049,44.26
20,1975,VIPIND,EQ,532662,90404,16.97
20,1976,VISAKAIND,EQ,14250,6366,44.67
20,1977,VISESHINFO,EQ,11543238,10538009,91.29
20,1978,VISHAL,EQ,69084,35790,51.81
20,1979,VISHWARAJ,EQ,547660,312813,57.12
20,1980,VIVIDHA,EQ,727174,506214,69.61
20,1981,VIVIMEDLAB,EQ,107531,67028,62.33
20,1982,VLSFINANCE,EQ,19683,8353,42.44
20,1983,VMART,EQ,12251,5523,45.08
20,1984,VOLTAMP,EQ,76398,19540,25.58
20,1985,VOLTAS,EQ,2936842,2121197,72.23
20,1986,VRLLOG,EQ,755864,154665,20.46
20,1987,VSCL,SM,3000,3000,100.00
20,1988,VSSL,EQ,20272,10335,50.98
20,1989,VSTIND,EQ,4942,3251,65.78
20,1990,VSTTILLERS,EQ,1388,676,48.70
20,1991,VTL,EQ,1269677,434765,34.24
20,1992,WABAG,EQ,116684,60728,52.04
20,1993,WATERBASE,EQ,201674,59812,29.66
20,1994,WEIZMANIND,EQ,24598,2100,8.54
20,1995,WELCORP,EQ,1720452,587123,34.13
20,1996,WELENT,EQ,780808,649221,83.15
20,1997,WELINV,EQ,134,91,67.91
20,1998,WELSPUNIND,EQ,2741158,1857027,67.75
20,1999,WENDT,EQ,455,319,70.11
20,2000,WESTLIFE,EQ,20876,9887,47.36
20,2001,WFL,EQ,302,165,54.64
20,2002,WHEELS,EQ,5996,2789,46.51
20,2003,WHIRLPOOL,EQ,471615,76036,16.12
20,2004,WILLAMAGOR,EQ,1167,1002,85.86
20,2005,WINDLAS,EQ,141388,131322,92.88
20,2006,WINDMACHIN,EQ,46078,26120,56.69
20,2007,WINPRO,EQ,376243,251596,66.87
20,2008,WIPRO,EQ,5707236,1328410,23.28
20,2009,WOCKPHARMA,EQ,718919,153832,21.40
20,2010,WONDERLA,EQ,378474,111715,29.52
20,2011,WORTH,EQ,15279,11726,76.75
20,2012,WSTCSTPAPR,EQ,1051288,257447,24.49
20,2013,XCHANGING,EQ,103352,49886,48.27
20,2014,XELPMOC,EQ,19688,10815,54.93
20,2015,YAARI,EQ,104240,61528,59.03
20,2016,YESBANK,EQ,45731067,14648421,32.03
20,2017,YUKEN,EQ,1629,1253,76.92
20,2018,ZEEL,EQ,11730633,2472445,21.08
20,2019,ZEELEARN,EQ,799933,485559,60.70
20,2020,ZEEMEDIA,EQ,2386850,1603234,67.17
20,2021,ZENITHSTL,EQ,34731,34731,100.00
20,2022,ZENSARTECH,EQ,907095,253640,27.96
20,2023,ZENTEC,EQ,157713,79280,50.27
20,2024,ZFCVINDIA,EQ,13403,9995,74.57
20,2025,ZODIACLOTH,EQ,8174,4939,60.42
20,2026,ZOMATO,EQ,32064280,8462469,26.39
20,2027,ZOTA,EQ,8728,5925,67.88
20,2028,ZUARI,EQ,163926,39751,24.25
20,2029,ZUARIGLOB,EQ,31523,13307,42.21
20,2030,ZYDUSLIFE,EQ,2252457,1041709,46.25
20,2031,ZYDUSWELL,EQ,83581,68786,82.30
