Security Wise Delivery Position - Compulsory Rolling Settlement
10,MTO,11052022,953326283,0002056
Trade Date <11-MAY-2022>,Settlement Type <N>
Record Type,Sr No,Name of Security,Quantity Traded,Deliverable Quantity(gross across client level),% of Deliverable Quantity to Traded Quantity
20,1,20MICRONS,EQ,298548,132177,44.27
20,2,21STCENMGM,EQ,1521,1521,100.00
20,3,3IINFOLTD,EQ,905884,438424,48.40
20,4,3MINDIA,EQ,5971,4130,69.17
20,5,522GS2025,GS,100,100,100.00
20,6,5PAISA,EQ,23399,10637,45.46
20,7,610GS2031,GS,2,2,100.00
20,8,618GS2024,GS,100,100,100.00
20,9,63MOONS,EQ,612900,196581,32.07
20,10,664GS2035,GS,170000,170000,100.00
20,11,667GS2035,GS,4676,4676,100.00
20,12,667GS2050,GS,33283,33283,100.00
20,13,676GS2061,GS,100,100,100.00
20,14,68GS2060,GS,300,300,100.00
20,15,695GS2061,GS,5,5,100.00
20,16,699GS2051,GS,511,484,94.72
20,17,716GS2050,GS,80,80,100.00
20,18,727GS2026,GS,2167,2107,97.23
20,19,757GS2033,GS,100,100,100.00
20,20,772GS2055,GS,301,301,100.00
20,21,813GS2045,GS,70,70,100.00
20,22,A2ZINFRA,EQ,528505,287314,54.36
20,23,AAATECH,SM,6000,3000,50.00
20,24,AAKASH,EQ,307002,148458,48.36
20,25,AAREYDRUGS,EQ,38194,24727,64.74
20,26,AARON,EQ,3343,1825,54.59
20,27,AARTIDRUGS,EQ,121318,55264,45.55
20,28,AARTIIND,EQ,986286,579261,58.73
20,29,AARTISURF,EQ,18523,10825,58.44
20,30,AARVEEDEN,EQ,17223,12131,70.43
20,31,AARVI,EQ,16921,14966,88.45
20,32,AAVAS,EQ,136453,70111,51.38
20,33,ABAN,EQ,266599,132683,49.77
20,34,ABB,EQ,425040,170529,40.12
20,35,ABBOTINDIA,EQ,7553,2734,36.20
20,36,ABCAPITAL,EQ,3844403,1099002,28.59
20,37,ABCOTS,SM,44000,44000,100.00
20,38,ABFRL,EQ,2985124,1030067,34.51
20,39,ABMINTLLTD,EQ,2021,1053,52.10
20,40,ABSLAMC,EQ,202524,150477,74.30
20,41,ABSLBANETF,EQ,10393,4470,43.01
20,42,ABSLNN50ET,EQ,8691,8413,96.80
20,43,ACC,EQ,546421,261443,47.85
20,44,ACCELYA,EQ,23323,14881,63.80
20,45,ACCORD,SM,4000,4000,100.00
20,46,ACCURACY,EQ,27811,12269,44.12
20,47,ACE,EQ,916664,376083,41.03
20,48,ACRYSIL,EQ,213250,120151,56.34
20,49,ADANIENT,EQ,1397917,214780,15.36
20,50,ADANIGREEN,EQ,1287498,335574,26.06
20,51,ADANIPORTS,EQ,8985117,2689662,29.93
20,52,ADANIPOWER,EQ,34477812,8787083,25.49
20,53,ADANITRANS,EQ,825849,307312,37.21
20,54,ADFFOODS,EQ,11946,8191,68.57
20,55,ADORWELD,EQ,18095,12602,69.64
20,56,ADSL,EQ,241486,125342,51.90
20,57,ADVANIHOTR,EQ,55030,32228,58.56
20,58,ADVENZYMES,EQ,98679,36492,36.98
20,59,AEGISCHEM,EQ,459139,218528,47.60
20,60,AFFLE,EQ,551163,267509,48.54
20,61,AGARIND,EQ,155467,62917,40.47
20,62,AGI,EQ,71394,38522,53.96
20,63,AGROPHOS,EQ,10484,10484,100.00
20,64,AGSTRA,EQ,467215,153144,32.78
20,65,AHLADA,EQ,66979,38550,57.56
20,66,AHLEAST,EQ,25213,12776,50.67
20,67,AHLUCONT,EQ,22610,11498,50.85
20,68,AIAENG,EQ,15096,7535,49.91
20,69,AILIMITED,SM,9000,6000,66.67
20,70,AIRAN,EQ,157838,111931,70.92
20,71,AIROLAM,EQ,15346,8329,54.27
20,72,AIRTELPP,E1,682246,565233,82.85
20,73,AISL,SM,1200,1200,100.00
20,74,AJANTPHARM,EQ,132532,54844,41.38
20,75,AJMERA,EQ,204173,173772,85.11
20,76,AJOONI,EQ,24333,20861,85.73
20,77,AKASH,EQ,61991,52754,85.10
20,78,AKG,EQ,207049,94278,45.53
20,79,AKSHARCHEM,EQ,11083,6556,59.15
20,80,AKSHOPTFBR,EQ,320174,192227,60.04
20,81,AKZOINDIA,EQ,3960,2378,60.05
20,82,ALANKIT,EQ,239517,189559,79.14
20,83,ALBERTDAVD,EQ,9962,5193,52.13
20,84,ALEMBICLTD,EQ,196742,105484,53.62
20,85,ALICON,EQ,9641,4475,46.42
20,86,ALKEM,EQ,144076,77464,53.77
20,87,ALKYLAMINE,EQ,73315,23795,32.46
20,88,ALLCARGO,EQ,379963,207849,54.70
20,89,ALLSEC,EQ,18403,6083,33.05
20,90,ALMONDZ,EQ,25496,6934,27.20
20,91,ALOKINDS,EQ,14550448,4522190,31.08
20,92,ALPA,EQ,62578,37531,59.97
20,93,ALPHAGEO,EQ,14728,8629,58.59
20,94,AMARAJABAT,EQ,594549,191905,32.28
20,95,AMBANIORG,SM,2000,2000,100.00
20,96,AMBER,EQ,74277,33599,45.23
20,97,AMBICAAGAR,EQ,88669,49406,55.72
20,98,AMBIKCO,EQ,44282,19512,44.06
20,99,AMBUJACEM,EQ,5728451,1895670,33.09
20,100,AMDIND,EQ,50877,31082,61.09
20,101,AMIORG,EQ,138903,57650,41.50
20,102,AMJLAND,EQ,30347,15101,49.76
20,103,AMJUMBO,SM,24000,24000,100.00
20,104,AMRUTANJAN,EQ,44340,18663,42.09
20,105,ANANDRATHI,EQ,56515,28153,49.82
20,106,ANANTRAJ,EQ,1133956,357067,31.49
20,107,ANDHRACEMT,EQ,144445,144433,99.99
20,108,ANDHRAPAP,EQ,92925,45812,49.30
20,109,ANDHRSUGAR,EQ,370410,102922,27.79
20,110,ANDREWYU,EQ,363784,192371,52.88
20,111,ANGELONE,EQ,878368,221627,25.23
20,112,ANIKINDS,EQ,125601,58489,46.57
20,113,ANKITMETAL,EQ,151030,116623,77.22
20,114,ANMOL,EQ,18906,11075,58.58
20,115,ANSALHSG,EQ,160155,109084,68.11
20,116,ANUP,EQ,22541,12995,57.65
20,117,ANURAS,EQ,76156,36373,47.76
20,118,APARINDS,EQ,77709,43307,55.73
20,119,APCL,EQ,14204,8853,62.33
20,120,APCOTEXIND,EQ,269545,67137,24.91
20,121,APEX,EQ,86519,29116,33.65
20,122,APLAPOLLO,EQ,317254,150635,47.48
20,123,APLLTD,EQ,310591,160215,51.58
20,124,APOLLO,EQ,85884,55119,64.18
20,125,APOLLOHOSP,EQ,524764,225618,42.99
20,126,APOLLOPIPE,EQ,73633,34634,47.04
20,127,APOLLOTYRE,EQ,4078142,1206424,29.58
20,128,APOLSINHOT,EQ,2208,1369,62.00
20,129,APTECHT,EQ,183154,52098,28.44
20,130,APTUS,EQ,301432,147081,48.79
20,131,ARCHIDPLY,EQ,46650,28775,61.68
20,132,ARENTERP,EQ,3625,2381,65.68
20,133,ARIES,EQ,71318,32414,45.45
20,134,ARIHANTCAP,EQ,194578,141313,72.63
20,135,ARIHANTSUP,EQ,100118,45189,45.14
20,136,ARMANFIN,EQ,13024,7475,57.39
20,137,AROGRANITE,EQ,57789,40176,69.52
20,138,ARROWGREEN,EQ,12575,5032,40.02
20,139,ARSHIYA,EQ,1365591,708762,51.90
20,140,ARSSINFRA,EQ,28329,20346,71.82
20,141,ARTEMISMED,EQ,130033,70705,54.37
20,142,ARTNIRMAN,EQ,6681,2659,39.80
20,143,ARVIND,EQ,1039272,490722,47.22
20,144,ARVINDFASN,EQ,182350,81287,44.58
20,145,ARVSMART,EQ,43153,27168,62.96
20,146,ASAHIINDIA,EQ,108138,28482,26.34
20,147,ASAHISONG,EQ,64098,12625,19.70
20,148,ASALCBR,EQ,43440,25842,59.49
20,149,ASHAPURMIN,EQ,512523,278348,54.31
20,150,ASHIANA,EQ,76322,36760,48.16
20,151,ASHIMASYN,EQ,162172,111100,68.51
20,152,ASHOKA,EQ,862231,362119,42.00
20,153,ASHOKLEY,EQ,9163178,1294175,14.12
20,154,ASIANENE,EQ,57682,28312,49.08
20,155,ASIANHOTNR,EQ,73606,33098,44.97
20,156,ASIANPAINT,EQ,1883969,644331,34.20
20,157,ASIANTILES,EQ,1366480,381198,27.90
20,158,ASPINWALL,EQ,2857,1981,69.34
20,159,ASTEC,EQ,69962,27589,39.43
20,160,ASTERDM,EQ,471357,206401,43.79
20,161,ASTRAL,EQ,366615,184633,50.36
20,162,ASTRAMICRO,EQ,481823,191487,39.74
20,163,ASTRAZEN,EQ,14115,6228,44.12
20,164,ASTRON,EQ,115921,54800,47.27
20,165,ATALREAL,SM,46400,9600,20.69
20,166,ATFL,EQ,14188,9483,66.84
20,167,ATGL,EQ,508758,168168,33.05
20,168,ATLANTA,EQ,75978,45470,59.85
20,169,ATUL,EQ,43832,22258,50.78
20,170,ATULAUTO,EQ,48291,21642,44.82
20,171,AUBANK,EQ,1049572,481350,45.86
20,172,AURIONPRO,EQ,27133,16476,60.72
20,173,AUROPHARMA,EQ,4399756,748301,17.01
20,174,AUSOMENT,EQ,9923,5945,59.91
20,175,AUTOAXLES,EQ,7325,4244,57.94
20,176,AUTOBEES,EQ,8555,7345,85.86
20,177,AVADHSUGAR,EQ,287842,60037,20.86
20,178,AVANTIFEED,EQ,213798,79319,37.10
20,179,AVROIND,EQ,23193,22080,95.20
20,180,AVTNPL,EQ,267689,110695,41.35
20,181,AWHCL,EQ,101823,51491,50.57
20,182,AXISBANK,EQ,9352398,4430124,47.37
20,183,AXISBNKETF,EQ,1186,923,77.82
20,184,AXISBPSETF,EQ,15800,14068,89.04
20,185,AXISCADES,EQ,89693,48138,53.67
20,186,AXISCETF,EQ,617,352,57.05
20,187,AXISGOLD,EQ,49579,30796,62.12
20,188,AXISHCETF,EQ,1483,963,64.94
20,189,AXISNIFTY,EQ,27672,24228,87.55
20,190,AXISTECETF,EQ,3675,3136,85.33
20,191,AYMSYNTEX,EQ,81601,43871,53.76
20,192,BAFNAPH,EQ,1191,998,83.80
20,193,BAJAJ-AUTO,EQ,437746,215665,49.27
20,194,BAJAJCON,EQ,535976,255969,47.76
20,195,BAJAJELEC,EQ,115392,24915,21.59
20,196,BAJAJFINSV,EQ,291848,54731,18.75
20,197,BAJAJHCARE,EQ,31204,15565,49.88
20,198,BAJAJHIND,EQ,13529257,5514356,40.76
20,199,BAJAJHLDNG,EQ,74429,19198,25.79
20,200,BAJFINANCE,EQ,1861339,667202,35.85
20,201,BALAJITELE,EQ,136419,64810,47.51
20,202,BALAMINES,EQ,423257,61216,14.46
20,203,BALAXI,EQ,29195,12622,43.23
20,204,BALKRISHNA,EQ,10262,6517,63.51
20,205,BALKRISIND,EQ,231369,107242,46.35
20,206,BALMLAWRIE,EQ,185903,103523,55.69
20,207,BALPHARMA,EQ,40220,20878,51.91
20,208,BALRAMCHIN,EQ,3321971,563535,16.96
20,209,BANARBEADS,EQ,29937,16265,54.33
20,210,BANARISUG,EQ,2646,1543,58.31
20,211,BANCOINDIA,EQ,89669,42057,46.90
20,212,BANDHANBNK,EQ,6685022,1435612,21.48
20,213,BANG,EQ,13337,12564,94.20
20,214,BANKA,EQ,10816,6192,57.25
20,215,BANKBARODA,EQ,26776508,6835753,25.53
20,216,BANKBEES,EQ,792613,329962,41.63
20,217,BANKINDIA,EQ,3298635,1292767,39.19
20,218,BANSWRAS,EQ,70579,37020,52.45
20,219,BARBEQUE,EQ,272240,168625,61.94
20,220,BASF,EQ,59085,26520,44.88
20,221,BASML,EQ,180586,74576,41.30
20,222,BATAINDIA,EQ,249355,106165,42.58
20,223,BAYERCROP,EQ,20773,13287,63.96
20,224,BBETF0432,EQ,2873,2521,87.75
20,225,BBL,EQ,16885,7213,42.72
20,226,BBOX,EQ,7948,3085,38.81
20,227,BBTC,EQ,78195,19245,24.61
20,228,BBTCL,SM,4000,4000,100.00
20,229,BCP,EQ,289257,180365,62.35
20,230,BDL,EQ,1561067,417335,26.73
20,231,BEARDSELL,EQ,72558,40344,55.60
20,232,BECTORFOOD,EQ,253743,133789,52.73
20,233,BEDMUTHA,EQ,22603,10947,48.43
20,234,BEL,EQ,5847132,2948959,50.43
20,235,BEML,EQ,268397,106729,39.77
20,236,BEPL,EQ,381968,185143,48.47
20,237,BERGEPAINT,EQ,506670,146637,28.94
20,238,BESTAGRO,EQ,30643,19359,63.18
20,239,BETA,SM,25800,19800,76.74
20,240,BEWLTD,SM,2000,2000,100.00
20,241,BFINVEST,EQ,13224,5928,44.83
20,242,BFUTILITIE,EQ,277548,73471,26.47
20,243,BGRENERGY,EQ,347709,227575,65.45
20,244,BHAGCHEM,EQ,8394,6302,75.08
20,245,BHAGERIA,EQ,32354,13593,42.01
20,246,BHAGYANGR,EQ,124710,54209,43.47
20,247,BHAGYAPROP,EQ,21245,18878,88.86
20,248,BHANDARI,EQ,291717,165327,56.67
20,249,BHARATFORG,EQ,1294267,559307,43.21
20,250,BHARATGEAR,EQ,26973,16240,60.21
20,251,BHARATRAS,EQ,3836,1135,29.59
20,252,BHARATWIRE,EQ,61677,32795,53.17
20,253,BHARTIARTL,EQ,6919703,3691601,53.35
20,254,BHEL,EQ,31708100,6270266,19.77
20,255,BIL,EQ,4289,2087,48.66
20,256,BINDALAGRO,EQ,275485,158749,57.63
20,257,BIOCON,EQ,1135305,262207,23.10
20,258,BIOFILCHEM,EQ,18661,12412,66.51
20,259,BIRET,RR,70477,57719,81.90
20,260,BIRLACABLE,EQ,186661,76631,41.05
20,261,BIRLACORPN,EQ,71308,29290,41.08
20,262,BIRLAMONEY,EQ,99435,41998,42.24
20,263,BIRLATYRE,EQ,1239781,970699,78.30
20,264,BLBLIMITED,EQ,57581,42888,74.48
20,265,BLISSGVS,EQ,109070,59486,54.54
20,266,BLKASHYAP,EQ,516490,416199,80.58
20,267,BLS,EQ,633411,233404,36.85
20,268,BLUEDART,EQ,19587,8535,43.57
20,269,BLUESTARCO,EQ,257788,187982,72.92
20,270,BMETRICS,SM,18000,10800,60.00
20,271,BODALCHEM,EQ,432302,157176,36.36
20,272,BOMDYEING,EQ,4535853,1239281,27.32
20,273,BOROLTD,EQ,91149,42589,46.72
20,274,BORORENEW,EQ,844272,258782,30.65
20,275,BOSCHLTD,EQ,26773,8714,32.55
20,276,BPCL,EQ,3887065,1703733,43.83
20,277,BPL,EQ,126163,75039,59.48
20,278,BRIGADE,EQ,722635,347167,48.04
20,279,BRIGHT,SM,126000,111000,88.10
20,280,BRITANNIA,EQ,269579,89859,33.33
20,281,BRITANNIA,N2,1188,1180,99.33
20,282,BRITANNIA,N3,3332,3308,99.28
20,283,BRNL,EQ,31013,22054,71.11
20,284,BROOKS,EQ,75025,38597,51.45
20,285,BSE,EQ,1568119,523519,33.39
20,286,BSL,EQ,11297,6731,59.58
20,287,BSLGOLDETF,EQ,152204,145595,95.66
20,288,BSLNIFTY,EQ,26393,14413,54.61
20,289,BSLSENETFG,EQ,710,518,72.96
20,290,BSOFT,EQ,3370371,886241,26.30
20,291,BURNPUR,EQ,248464,138714,55.83
20,292,BUTTERFLY,EQ,47847,39720,83.01
20,293,CADSYS,SM,2000,2000,100.00
20,294,CALSOFT,EQ,87367,55223,63.21
20,295,CAMLINFINE,EQ,281190,151619,53.92
20,296,CAMPUS,EQ,11420193,2222507,19.46
20,297,CAMS,EQ,128582,70086,54.51
20,298,CANBK,EQ,15338778,3835273,25.00
20,299,CANFINHOME,EQ,2515630,507610,20.18
20,300,CANTABIL,EQ,35431,17202,48.55
20,301,CAPACITE,EQ,150632,75304,49.99
20,302,CAPLIPOINT,EQ,108585,46700,43.01
20,303,CAPTRUST,EQ,23493,11419,48.61
20,304,CARBORUNIV,EQ,125004,59435,47.55
20,305,CAREERP,EQ,19063,10258,53.81
20,306,CARERATING,EQ,156922,100251,63.89
20,307,CARTRADE,EQ,166295,59782,35.95
20,308,CASTROLIND,EQ,1491400,579100,38.83
20,309,CCCL,EQ,2011570,1292476,64.25
20,310,CCHHL,EQ,78863,49816,63.17
20,311,CCL,EQ,284808,98802,34.69
20,312,CDSL,EQ,1408074,615184,43.69
20,313,CEATLTD,EQ,71539,18835,26.33
20,314,CEBBCO,EQ,259011,114152,44.07
20,315,CELEBRITY,EQ,41908,23580,56.27
20,316,CENTENKA,EQ,214851,51329,23.89
20,317,CENTEXT,EQ,128418,87355,68.02
20,318,CENTRALBK,EQ,2678688,1217978,45.47
20,319,CENTRUM,EQ,490731,317983,64.80
20,320,CENTUM,EQ,15481,6238,40.29
20,321,CENTURYPLY,EQ,352283,149524,42.44
20,322,CENTURYTEX,EQ,250118,84833,33.92
20,323,CERA,EQ,95248,29565,31.04
20,324,CEREBRAINT,EQ,194864,121328,62.26
20,325,CESC,EQ,2489227,1232206,49.50
20,326,CGCL,EQ,133295,73443,55.10
20,327,CGPOWER,EQ,3281518,1587820,48.39
20,328,CHALET,EQ,308023,87246,28.32
20,329,CHAMBLFERT,EQ,2169307,508902,23.46
20,330,CHEMBOND,EQ,14519,8622,59.38
20,331,CHEMCON,EQ,109064,52200,47.86
20,332,CHEMPLASTS,EQ,238508,70913,29.73
20,333,CHENNPETRO,EQ,2424747,1200808,49.52
20,334,CHOICEIN,EQ,62322,26615,42.71
20,335,CHOLAFIN,EQ,2465676,841924,34.15
20,336,CHOLAHLDNG,EQ,82064,54106,65.93
20,337,CIGNITITEC,EQ,143048,65793,45.99
20,338,CINEVISTA,EQ,51238,26825,52.35
20,339,CIPLA,EQ,5296875,1595304,30.12
20,340,CLEAN,EQ,115146,58440,50.75
20,341,CLEDUCATE,EQ,73074,46262,63.31
20,342,CLNINDIA,EQ,25103,13480,53.70
20,343,CLSEL,EQ,173265,90386,52.17
20,344,CMICABLES,EQ,16430,7605,46.29
20,345,CMSINFO,EQ,418357,166525,39.80
20,346,COALINDIA,EQ,20641617,3296340,15.97
20,347,COASTCORP,EQ,85621,39528,46.17
20,348,COCHINSHIP,EQ,109484,59624,54.46
20,349,COFFEEDAY,EQ,1549281,768466,49.60
20,350,COFORGE,EQ,343644,56802,16.53
20,351,COLPAL,EQ,286472,129739,45.29
20,352,COMPINFO,EQ,319847,184379,57.65
20,353,COMPUSOFT,EQ,125644,68553,54.56
20,354,CONCOR,EQ,823252,368102,44.71
20,355,CONFIPET,EQ,626599,311522,49.72
20,356,CONSOFINVT,EQ,12745,8602,67.49
20,357,CONSUMBEES,EQ,12512,8230,65.78
20,358,CONTROLPR,EQ,35602,12453,34.98
20,359,COOLCAPS,SM,45000,30000,66.67
20,360,CORALFINAC,EQ,23609,15830,67.05
20,361,CORDSCABLE,EQ,42373,28541,67.36
20,362,COROMANDEL,EQ,923598,347439,37.62
20,363,COSMOFILMS,EQ,204933,66913,32.65
20,364,COUNCODOS,EQ,69960,39272,56.13
20,365,CPSEETF,EQ,1069034,721904,67.53
20,366,CRAFTSMAN,EQ,16282,6754,41.48
20,367,CREATIVE,EQ,10701,8561,80.00
20,368,CREATIVEYE,EQ,2799,2799,100.00
20,369,CREDITACC,EQ,145414,44794,30.80
20,370,CREST,EQ,5201,4692,90.21
20,371,CRISIL,EQ,41637,9781,23.49
20,372,CROMPTON,EQ,3836705,2676606,69.76
20,373,CROWN,EQ,5163,2528,48.96
20,374,CSBBANK,EQ,313221,109625,35.00
20,375,CTE,EQ,25569,14618,57.17
20,376,CUB,EQ,1134248,378701,33.39
20,377,CUBEXTUB,EQ,13121,8461,64.48
20,378,CUMMINSIND,EQ,414179,145774,35.20
20,379,CUPID,EQ,240945,99044,41.11
20,380,CYBERTECH,EQ,161420,58749,36.40
20,381,CYIENT,EQ,625838,413877,66.13
20,382,DAAWAT,EQ,3342407,1120753,33.53
20,383,DABUR,EQ,1809222,867863,47.97
20,384,DALBHARAT,EQ,322693,155745,48.26
20,385,DALMIASUG,EQ,190628,52160,27.36
20,386,DAMODARIND,EQ,16789,9373,55.83
20,387,DANGEE,EQ,104487,69356,66.38
20,388,DATAMATICS,EQ,191899,86753,45.21
20,389,DATAPATTNS,EQ,185445,55860,30.12
20,390,DBCORP,EQ,123269,65690,53.29
20,391,DBL,EQ,569355,177160,31.12
20,392,DBSTOCKBRO,EQ,2036,1592,78.19
20,393,DCAL,EQ,2996505,915208,30.54
20,394,DCBBANK,EQ,1906924,1111668,58.30
20,395,DCI,SM,18000,18000,100.00
20,396,DCM,EQ,70559,36497,51.73
20,397,DCMFINSERV,EQ,3354,3354,100.00
20,398,DCMNVL,EQ,80971,40630,50.18
20,399,DCMSHRIRAM,EQ,140611,51691,36.76
20,400,DCMSRIND,EQ,452986,224790,49.62
20,401,DCW,EQ,1054904,683599,64.80
20,402,DECCANCE,EQ,12247,7865,64.22
20,403,DEEPAKFERT,EQ,274542,193845,70.61
20,404,DEEPAKNTR,EQ,926292,238393,25.74
20,405,DEEPINDS,EQ,284230,58646,20.63
20,406,DELPHIFX,EQ,2640,1431,54.20
20,407,DELTACORP,EQ,4800632,697622,14.53
20,408,DELTAMAGNT,EQ,8268,6884,83.26
20,409,DEN,EQ,1512410,610924,40.39
20,410,DENORA,EQ,35951,22862,63.59
20,411,DESTINY,SM,36000,30000,83.33
20,412,DEVYANI,EQ,2727566,1070636,39.25
20,413,DFMFOODS,EQ,36543,22302,61.03
20,414,DHAMPURSUG,EQ,1692828,436234,25.77
20,415,DHANBANK,EQ,344275,232996,67.68
20,416,DHANI,EQ,3141152,2270576,72.28
20,417,DHANILOANS,N6,413,413,100.00
20,418,DHANILOANS,N8,390,390,100.00
20,419,DHANILOANS,NC,190,190,100.00
20,420,DHANILOANS,ND,1,1,100.00
20,421,DHANILOANS,NE,20,20,100.00
20,422,DHANILOANS,NH,35,35,100.00
20,423,DHANILOANS,NO,10,10,100.00
20,424,DHANILOANS,NR,24,12,50.00
20,425,DHANILOANS,NV,15,15,100.00
20,426,DHANILOANS,NX,89,89,100.00
20,427,DHANUKA,EQ,29222,11809,40.41
20,428,DHANVARSHA,EQ,931995,358938,38.51
20,429,DHARAMSI,EQ,81906,40810,49.83
20,430,DHARSUGAR,EQ,112931,66344,58.75
20,431,DHRUV,EQ,28512,20221,70.92
20,432,DHUNINV,EQ,3279,2049,62.49
20,433,DIAMONDYD,EQ,5906,3069,51.96
20,434,DICIND,EQ,2917,1616,55.40
20,435,DIGISPICE,EQ,127909,89134,69.69
20,436,DIL,EQ,18438,9199,49.89
20,437,DISHTV,EQ,2754855,1871700,67.94
20,438,DIVISLAB,EQ,366780,177869,48.49
20,439,DIVOPPBEES,EQ,4127,2391,57.94
20,440,DIXON,EQ,882549,318843,36.13
20,441,DKEGL,SM,27000,27000,100.00
20,442,DLF,EQ,9584712,3053758,31.86
20,443,DLINKINDIA,EQ,167077,78200,46.80
20,444,DMART,EQ,689554,382817,55.52
20,445,DNAMEDIA,EQ,41894,26542,63.36
20,446,DODLA,EQ,25897,15906,61.42
20,447,DOLATALGO,EQ,268884,151394,56.30
20,448,DOLLAR,EQ,95503,27413,28.70
20,449,DONEAR,EQ,12232,8953,73.19
20,450,DPABHUSHAN,EQ,40883,23259,56.89
20,451,DPSCLTD,EQ,169777,107165,63.12
20,452,DPWIRES,EQ,38187,23189,60.72
20,453,DREDGECORP,EQ,33669,17521,52.04
20,454,DRREDDY,EQ,271256,114703,42.29
20,455,DSPN50ETF,EQ,19346,14281,73.82
20,456,DSPNEWETF,EQ,6275,5625,89.64
20,457,DSPQ50ETF,EQ,11936,7290,61.08
20,458,DSSL,EQ,89584,34404,38.40
20,459,DTIL,EQ,7223,4224,58.48
20,460,DUCON,EQ,163555,118709,72.58
20,461,DUGLOBAL,SM,7000,7000,100.00
20,462,DVL,EQ,37297,16448,44.10
20,463,DWARKESH,EQ,3938336,949833,24.12
20,464,DYNAMATECH,EQ,23522,12317,52.36
20,465,DYNAMIC,SM,16000,16000,100.00
20,466,DYNPRO,EQ,72806,36580,50.24
20,467,E2E,EQ,3422,3045,88.98
20,468,EASEMYTRIP,EQ,2461388,564515,22.93
20,469,EASTSILK,EQ,96105,70119,72.96
20,470,EBANK,EQ,61,41,67.21
20,471,EBBETF0423,EQ,1928,1240,64.32
20,472,EBBETF0425,EQ,5274,4747,90.01
20,473,EBBETF0430,EQ,15815,15271,96.56
20,474,EBBETF0431,EQ,9046,8348,92.28
20,475,EC1RG,MF,9990,9990,100.00
20,476,ECLERX,EQ,38165,20401,53.45
20,477,ECLFINANCE,NH,197,100,50.76
20,478,ECLFINANCE,NI,26,26,100.00
20,479,ECLFINANCE,NJ,425,425,100.00
20,480,ECLFINANCE,NK,342,337,98.54
20,481,ECLFINANCE,NO,493,493,100.00
20,482,ECLFINANCE,NQ,363,363,100.00
20,483,ECLFINANCE,NR,1253,1178,94.01
20,484,EDELWEISS,EQ,1942622,563240,28.99
20,485,EHFLNCD,N5,134,130,97.01
20,486,EHFLNCD,N6,3,3,100.00
20,487,EICHERMOT,EQ,459255,168849,36.77
20,488,EIDPARRY,EQ,286901,88208,30.75
20,489,EIFFL,EQ,1828,813,44.47
20,490,EIHAHOTELS,EQ,46570,16917,36.33
20,491,EIHOTEL,EQ,668346,333077,49.84
20,492,EIMCOELECO,EQ,5272,2032,38.54
20,493,EKC,EQ,382314,217604,56.92
20,494,ELDEHSG,EQ,2591,1387,53.53
20,495,ELECON,EQ,1601420,685304,42.79
20,496,ELECTCAST,EQ,2999710,1096668,36.56
20,497,ELECTHERM,EQ,42785,27327,63.87
20,498,ELGIEQUIP,EQ,404661,123523,30.53
20,499,EMAMILTD,EQ,267557,112543,42.06
20,500,EMAMIPAP,EQ,132529,45377,34.24
20,501,EMAMIREAL,EQ,47698,25569,53.61
20,502,EMBASSY,RR,290664,252866,87.00
20,503,EMKAY,EQ,43368,27420,63.23
20,504,EMMBI,EQ,25732,17145,66.63
20,505,ENDURANCE,EQ,168446,69124,41.04
20,506,ENERGYDEV,EQ,41286,33005,79.94
20,507,ENGINERSIN,EQ,785531,395516,50.35
20,508,ENIL,EQ,124987,52186,41.75
20,509,EPL,EQ,298116,189648,63.62
20,510,EQUIPPP,EQ,9386,6530,69.57
20,511,EQUITAS,EQ,1477110,936034,63.37
20,512,EQUITASBNK,EQ,4276391,2734917,63.95
20,513,ERFLNCDI,N3,74,74,100.00
20,514,ERFLNCDI,N4,105,105,100.00
20,515,ERFLNCDI,N5,200,200,100.00
20,516,ERFLNCDI,N6,50,50,100.00
20,517,ERIS,EQ,47406,18117,38.22
20,518,EROSMEDIA,EQ,279384,214151,76.65
20,519,ESABINDIA,EQ,8268,3241,39.20
20,520,ESCORTS,EQ,483439,183528,37.96
20,521,ESSARSHPNG,EQ,284116,171341,60.31
20,522,ESTER,EQ,361116,169815,47.03
20,523,EUROBOND,SM,44000,36000,81.82
20,524,EUROTEXIND,EQ,506,506,100.00
20,525,EVEREADY,EQ,968963,654992,67.60
20,526,EVERESTIND,EQ,130476,40692,31.19
20,527,EXCELINDUS,EQ,90236,39121,43.35
20,528,EXIDEIND,EQ,2268665,864830,38.12
20,529,EXPLEOSOL,EQ,23643,9773,41.34
20,530,EXXARO,EQ,87695,47312,53.95
20,531,FACT,EQ,240424,69456,28.89
20,532,FAIRCHEMOR,EQ,17899,8568,47.87
20,533,FCL,EQ,1120089,437949,39.10
20,534,FCONSUMER,EQ,14808772,9697660,65.49
20,535,FCSSOFT,EQ,5646733,2961282,52.44
20,536,FDC,EQ,132071,73490,55.64
20,537,FEDERALBNK,EQ,16650244,4219735,25.34
20,538,FEL,EQ,1812262,915802,50.53
20,539,FIBERWEB,EQ,60559,33344,55.06
20,540,FIEMIND,EQ,38110,19936,52.31
20,541,FILATEX,EQ,439320,139998,31.87
20,542,FINCABLES,EQ,164423,84789,51.57
20,543,FINEORG,EQ,27903,12007,43.03
20,544,FINOPB,EQ,76467,17135,22.41
20,545,FINPIPE,EQ,359476,188105,52.33
20,546,FLFL,EQ,338366,207410,61.30
20,547,FMGOETZE,EQ,161533,145864,90.30
20,548,FMNL,EQ,343771,197601,57.48
20,549,FOCE,SM,4200,3000,71.43
20,550,FOODSIN,EQ,46771,25027,53.51
20,551,FORCEMOT,EQ,20282,8011,39.50
20,552,FORTIS,EQ,1329588,891308,67.04
20,553,FOSECOIND,EQ,2177,1007,46.26
20,554,FRETAIL,EQ,207201,207201,100.00
20,555,FSC,EQ,164858,119821,72.68
20,556,FSL,EQ,3899557,901324,23.11
20,557,GABRIEL,EQ,298788,152199,50.94
20,558,GAEL,EQ,883929,255090,28.86
20,559,GAIL,EQ,11082243,4510333,40.70
20,560,GAL,EQ,465708,401962,86.31
20,561,GALAXYSURF,EQ,8888,4287,48.23
20,562,GALLANTT,EQ,149912,58107,38.76
20,563,GALLISPAT,EQ,338006,141386,41.83
20,564,GANDHITUBE,EQ,9499,4199,44.20
20,565,GANECOS,EQ,115313,63123,54.74
20,566,GANESHBE,EQ,834342,359385,43.07
20,567,GANESHHOUC,EQ,134566,55412,41.18
20,568,GANGAFORGE,EQ,220825,203382,92.10
20,569,GANGESSECU,EQ,7219,4525,62.68
20,570,GARFIBRES,EQ,12214,5172,42.34
20,571,GATEWAY,EQ,464671,262717,56.54
20,572,GATI,EQ,1009591,324498,32.14
20,573,GAYAPROJ,EQ,460109,331643,72.08
20,574,GEECEE,EQ,23273,12520,53.80
20,575,GEEKAYWIRE,EQ,4365,2723,62.38
20,576,GENCON,EQ,54801,29344,53.55
20,577,GENUSPAPER,EQ,602482,385537,63.99
20,578,GENUSPOWER,EQ,806858,395255,48.99
20,579,GEOJITFSL,EQ,359356,199248,55.45
20,580,GEPIL,EQ,202622,117160,57.82
20,581,GESHIP,EQ,233687,118743,50.81
20,582,GET&D,EQ,42551,16109,37.86
20,583,GFLLIMITED,EQ,103029,53984,52.40
20,584,GFSTEELS,EQ,3150,3150,100.00
20,585,GHCL,EQ,1525562,559944,36.70
20,586,GICHSGFIN,EQ,101907,57816,56.73
20,587,GICRE,EQ,1536907,142991,9.30
20,588,GILLANDERS,EQ,7630,6476,84.88
20,589,GILLETTE,EQ,5304,3749,70.68
20,590,GILT5YBEES,EQ,55727,48678,87.35
20,591,GINNIFILA,EQ,239286,148773,62.17
20,592,GIPCL,EQ,465753,267365,57.40
20,593,GKWLIMITED,EQ,2033,1303,64.09
20,594,GLAND,EQ,271525,198402,73.07
20,595,GLAXO,EQ,19169,10145,52.92
20,596,GLENMARK,EQ,736213,220488,29.95
20,597,GLOBAL,EQ,157203,96987,61.70
20,598,GLOBALVECT,EQ,85977,63344,73.68
20,599,GLOBE,EQ,459692,284628,61.92
20,600,GLOBUSSPR,EQ,229784,84139,36.62
20,601,GLS,EQ,33004,19474,59.00
20,602,GMBREW,EQ,21524,12200,56.68
20,603,GMDCLTD,EQ,7136127,1222473,17.13
20,604,GMMPFAUDLR,EQ,24104,9967,41.35
20,605,GMRINFRA,EQ,14373142,5229681,36.39
20,606,GMRP&UI,EQ,1767001,1480075,83.76
20,607,GNA,EQ,64899,32458,50.01
20,608,GNFC,EQ,10694264,1246736,11.66
20,609,GOACARBON,EQ,63655,28009,44.00
20,610,GOCLCORP,EQ,40651,22151,54.49
20,611,GOCOLORS,EQ,32648,15751,48.24
20,612,GODFRYPHLP,EQ,47565,15651,32.90
20,613,GODREJAGRO,EQ,576649,169702,29.43
20,614,GODREJCP,EQ,1026366,476043,46.38
20,615,GODREJIND,EQ,86459,38824,44.90
20,616,GODREJPROP,EQ,1172213,363277,30.99
20,617,GOKEX,EQ,935072,380327,40.67
20,618,GOKUL,EQ,573448,236321,41.21
20,619,GOLDBEES,EQ,2945267,1773484,60.21
20,620,GOLDENTOBC,EQ,50495,22782,45.12
20,621,GOLDIAM,EQ,215320,115389,53.59
20,622,GOLDSHARE,EQ,77103,65669,85.17
20,623,GOLDTECH,EQ,54628,39899,73.04
20,624,GOODLUCK,EQ,67781,43025,63.48
20,625,GOODYEAR,EQ,11469,6477,56.47
20,626,GPIL,EQ,579693,246516,42.53
20,627,GPPL,EQ,923375,514440,55.71
20,628,GPTINFRA,EQ,99369,61403,61.79
20,629,GRANULES,EQ,784418,209463,26.70
20,630,GRAPHITE,EQ,677891,218807,32.28
20,631,GRASIM,EQ,836760,389853,46.59
20,632,GRAUWEIL,EQ,779358,286955,36.82
20,633,GREAVESCOT,EQ,1543812,427060,27.66
20,634,GREENLAM,EQ,71450,56901,79.64
20,635,GREENPANEL,EQ,667742,331711,49.68
20,636,GREENPLY,EQ,114124,30892,27.07
20,637,GREENPOWER,EQ,3338462,2086220,62.49
20,638,GRINDWELL,EQ,21364,8586,40.19
20,639,GRINFRA,EQ,13352,7068,52.94
20,640,GROBTEA,EQ,744,488,65.59
20,641,GRPLTD,EQ,1122,453,40.37
20,642,GRSE,EQ,684137,222455,32.52
20,643,GRWRHITECH,EQ,25144,16312,64.87
20,644,GSCLCEMENT,EQ,120010,72513,60.42
20,645,GSFC,EQ,2095440,603752,28.81
20,646,GSPL,EQ,2541935,426535,16.78
20,647,GTL,EQ,644580,429490,66.63
20,648,GTLINFRA,EQ,107485282,58820958,54.72
20,649,GTPL,EQ,65734,45013,68.48
20,650,GUFICBIO,EQ,238456,99539,41.74
20,651,GUJALKALI,EQ,1457514,304631,20.90
20,652,GUJAPOLLO,EQ,6961,2380,34.19
20,653,GUJGASLTD,EQ,12632804,1589402,12.58
20,654,GULFOILLUB,EQ,63867,37553,58.80
20,655,GULFPETRO,EQ,58531,32077,54.80
20,656,GULPOLY,EQ,74656,45953,61.55
20,657,HAL,EQ,639420,324654,50.77
20,658,HAPPSTMNDS,EQ,808720,324647,40.14
20,659,HARIOMPIPE,EQ,949146,433748,45.70
20,660,HARRMALAYA,EQ,171763,86891,50.59
20,661,HATHWAY,EQ,3305338,1394516,42.19
20,662,HATSUN,EQ,43110,16460,38.18
20,663,HAVELLS,EQ,612932,242494,39.56
20,664,HBANKETF,EQ,5687,2851,50.13
20,665,HBLPOWER,EQ,7788122,1358414,17.44
20,666,HBSL,EQ,9382,7170,76.42
20,667,HCC,EQ,12076777,3965858,32.84
20,668,HCG,EQ,173452,88966,51.29
20,669,HCL-INSYS,EQ,308830,226511,73.34
20,670,HCLTECH,EQ,2895668,1655764,57.18
20,671,HDFC,EQ,3499620,2143486,61.25
20,672,HDFC,W3,13800,9000,65.22
20,673,HDFCAMC,EQ,513224,226769,44.19
20,674,HDFCBANK,EQ,8551462,4909202,57.41
20,675,HDFCLIFE,EQ,4283207,2108250,49.22
20,676,HDFCMFGETF,EQ,484066,292052,60.33
20,677,HDFCNIFETF,EQ,185708,165545,89.14
20,678,HDFCSENETF,EQ,9968,4794,48.09
20,679,HEALTHY,EQ,35355,30866,87.30
20,680,HECPROJECT,EQ,1401,1213,86.58
20,681,HEG,EQ,242987,57217,23.55
20,682,HEIDELBERG,EQ,60202,29522,49.04
20,683,HEMIPROP,EQ,746787,384971,51.55
20,684,HERANBA,EQ,77780,35179,45.23
20,685,HERCULES,EQ,68034,30052,44.17
20,686,HERITGFOOD,EQ,91080,48626,53.39
20,687,HEROMOTOCO,EQ,575504,236430,41.08
20,688,HESTERBIO,EQ,15002,7283,48.55
20,689,HEXATRADEX,EQ,36899,33012,89.47
20,690,HFCL,EQ,8116499,2279365,28.08
20,691,HGINFRA,EQ,160771,52206,32.47
20,692,HGS,EQ,67463,27986,41.48
20,693,HIKAL,EQ,165776,45094,27.20
20,694,HIL,EQ,55671,40696,73.10
20,695,HIMATSEIDE,EQ,417070,218194,52.32
20,696,HINDALCO,EQ,14197501,5939394,41.83
20,697,HINDCOMPOS,EQ,5341,2592,48.53
20,698,HINDCON,EQ,17726,11381,64.21
20,699,HINDCOPPER,EQ,6121617,1477939,24.14
20,700,HINDMOTORS,EQ,884926,356386,40.27
20,701,HINDOILEXP,EQ,983132,445911,45.36
20,702,HINDPETRO,EQ,2959294,1117189,37.75
20,703,HINDUNILVR,EQ,1858636,963934,51.86
20,704,HINDZINC,EQ,873285,467355,53.52
20,705,HIRECT,EQ,12507,6410,51.25
20,706,HISARMETAL,EQ,20493,10624,51.84
20,707,HITECH,EQ,61575,7888,12.81
20,708,HITECHCORP,EQ,9034,5091,56.35
20,709,HITECHGEAR,EQ,5055,2034,40.24
20,710,HLEGLAS,EQ,15569,7386,47.44
20,711,HLVLTD,EQ,627077,407991,65.06
20,712,HMVL,EQ,148627,89554,60.25
20,713,HNDFDS,EQ,6033,2819,46.73
20,714,HNGSNGBEES,EQ,2930,2095,71.50
20,715,HOMEFIRST,EQ,324229,259680,80.09
20,716,HONAUT,EQ,5123,3370,65.78
20,717,HONDAPOWER,EQ,8592,5843,68.01
20,718,HOVS,EQ,30370,15927,52.44
20,719,HPAL,EQ,43896,18503,42.15
20,720,HPIL,SM,3000,3000,100.00
20,721,HPL,EQ,103116,54907,53.25
20,722,HSCL,EQ,12423860,2557933,20.59
20,723,HTMEDIA,EQ,478657,177439,37.07
20,724,HUDCO,EQ,1658623,701005,42.26
20,725,HUDCO,N2,4772,3489,73.11
20,726,HUDCO,N6,21,21,100.00
20,727,HUDCO,N8,1,1,100.00
20,728,HUDCO,N9,145,72,49.66
20,729,HUDCO,ND,2607,2540,97.43
20,730,HUDCO,NE,596,596,100.00
20,731,HUHTAMAKI,EQ,204969,122025,59.53
20,732,IBMFNIFTY,EQ,279,152,54.48
20,733,IBREALEST,EQ,19655111,5265168,26.79
20,734,IBUCCREDIT,N7,15,15,100.00
20,735,IBUCCREDIT,N9,60,60,100.00
20,736,IBUCCREDIT,NB,44,44,100.00
20,737,IBULHSGFIN,EQ,77550101,13575282,17.51
20,738,IBULHSGFIN,N8,85,75,88.24
20,739,IBULHSGFIN,NA,1309,1256,95.95
20,740,IBULHSGFIN,NE,540,540,100.00
20,741,IBULHSGFIN,NH,5,5,100.00
20,742,IBULHSGFIN,NN,49,49,100.00
20,743,IBULHSGFIN,NS,1,1,100.00
20,744,ICICI500,EQ,106100,92465,87.15
20,745,ICICI5GSEC,EQ,601,448,74.54
20,746,ICICIALPLV,EQ,33325,28813,86.46
20,747,ICICIAUTO,EQ,16319,8939,54.78
20,748,ICICIB22,EQ,198179,124634,62.89
20,749,ICICIBANK,EQ,13516852,7654536,56.63
20,750,ICICIBANKN,EQ,891812,707593,79.34
20,751,ICICIBANKP,EQ,18809,7881,41.90
20,752,ICICICONSU,EQ,5474,5157,94.21
20,753,ICICIFMCG,EQ,3145,1816,57.74
20,754,ICICIGI,EQ,464070,290873,62.68
20,755,ICICIGOLD,EQ,1175910,1108909,94.30
20,756,ICICILIQ,EQ,650436,577413,88.77
20,757,ICICILOVOL,EQ,276379,267315,96.72
20,758,ICICIM150,EQ,47015,13542,28.80
20,759,ICICIMCAP,EQ,12916,8249,63.87
20,760,ICICINF100,EQ,12409,9766,78.70
20,761,ICICINIFTY,EQ,208094,184092,88.47
20,762,ICICINV20,EQ,29378,22789,77.57
20,763,ICICINXT50,EQ,119091,105365,88.47
20,764,ICICIPHARM,EQ,13453,10313,76.66
20,765,ICICIPRULI,EQ,1301977,408327,31.36
20,766,ICICISENSX,EQ,7810,6392,81.84
20,767,ICICISILVE,EQ,505302,349830,69.23
20,768,ICICITECH,EQ,21556,12961,60.13
20,769,ICIL,EQ,490351,210585,42.95
20,770,ICRA,EQ,2952,2095,70.97
20,771,IDBI,EQ,5875625,2112048,35.95
20,772,IDBIGOLD,EQ,32,18,56.25
20,773,IDEA,EQ,141068768,36774489,26.07
20,774,IDFC,EQ,8201487,2705400,32.99
20,775,IDFCFIRSTB,EQ,38962535,10451152,26.82
20,776,IDFNIFTYET,EQ,1466,1464,99.86
20,777,IEX,EQ,15688613,5598562,35.69
20,778,IFBAGRO,EQ,15393,8255,53.63
20,779,IFBIND,EQ,119554,76369,63.88
20,780,IFCI,EQ,5776695,2167982,37.53
20,781,IFCI,NH,622,622,100.00
20,782,IFCI,NL,170,170,100.00
20,783,IFCI,NM,19,19,100.00
20,784,IFGLEXPOR,EQ,20148,11738,58.26
20,785,IGARASHI,EQ,37611,18451,49.06
20,786,IGL,EQ,5601081,961407,17.16
20,787,IGPL,EQ,44028,22772,51.72
20,788,IIFCL,N4,28,25,89.29
20,789,IIFL,EQ,1451696,616298,42.45
20,790,IIFL,N4,692,677,97.83
20,791,IIFL,N5,60,60,100.00
20,792,IIFL,N6,134,114,85.07
20,793,IIFL,N9,100,100,100.00
20,794,IIFL,NB,25,25,100.00
20,795,IIFL,NE,359,201,55.99
20,796,IIFL,NF,3870,3360,86.82
20,797,IIFL,NG,10,10,100.00
20,798,IIFL,NH,10,10,100.00
20,799,IIFL,NL,1234,1234,100.00
20,800,IIFL,NM,50,50,100.00
20,801,IIFL,NN,10,10,100.00
20,802,IIFLSEC,EQ,619768,233518,37.68
20,803,IIFLWAM,EQ,111464,65534,58.79
20,804,IIHFL,N4,60,60,100.00
20,805,IIHFL,N5,1326,1316,99.25
20,806,IIHFL,N6,45,45,100.00
20,807,IIHFL,N7,435,435,100.00
20,808,IIHFL,N8,10,10,100.00
20,809,IIHFL,N9,51,51,100.00
20,810,IIHFL,NE,106,100,94.34
20,811,IMAGICAA,EQ,797576,609569,76.43
20,812,IMFA,EQ,128337,47550,37.05
20,813,IMPAL,EQ,636,484,76.10
20,814,IMPEXFERRO,EQ,7901,7901,100.00
20,815,INCRED,N1,70,70,100.00
20,816,INCRED,N3,71,60,84.51
20,817,INCREDIBLE,EQ,29653,26184,88.30
20,818,INDBANK,EQ,376163,207978,55.29
20,819,INDHOTEL,EQ,9359469,4460508,47.66
20,820,INDIACEM,EQ,3115610,724006,23.24
20,821,INDIAGLYCO,EQ,161628,56485,34.95
20,822,INDIAMART,EQ,92950,15767,16.96
20,823,INDIANB,EQ,1550144,451278,29.11
20,824,INDIANCARD,EQ,35106,23004,65.53
20,825,INDIANHUME,EQ,26674,13945,52.28
20,826,INDIGO,EQ,504697,90403,17.91
20,827,INDIGOPNTS,EQ,20909,7144,34.17
20,828,INDIGRID,IV,515813,476750,92.43
20,829,INDIGRID,ND,200,200,100.00
20,830,INDIGRID,NJ,4290,4290,100.00
20,831,INDNIPPON,EQ,19207,12520,65.18
20,832,INDOAMIN,EQ,36633,16150,44.09
20,833,INDOBORAX,EQ,47473,20271,42.70
20,834,INDOCO,EQ,81167,40515,49.92
20,835,INDORAMA,EQ,1165780,239349,20.53
20,836,INDOSTAR,EQ,121455,85857,70.69
20,837,INDOTECH,EQ,27958,13745,49.16
20,838,INDOTHAI,EQ,39832,14955,37.55
20,839,INDOWIND,EQ,218708,131981,60.35
20,840,INDRAMEDCO,EQ,104327,64054,61.40
20,841,INDSWFTLAB,EQ,57110,36120,63.25
20,842,INDSWFTLTD,EQ,39018,26114,66.93
20,843,INDTERRAIN,EQ,194020,112948,58.21
20,844,INDUSINDBK,EQ,4209334,1597016,37.94
20,845,INDUSTOWER,EQ,5737133,3222779,56.17
20,846,INEOSSTYRO,EQ,158774,30991,19.52
20,847,INFIBEAM,EQ,23057780,10362157,44.94
20,848,INFOBEAN,EQ,50794,30481,60.01
20,849,INFOMEDIA,EQ,55897,43897,78.53
20,850,INFRABEES,EQ,8637,2920,33.81
20,851,INFY,EQ,7846080,5249131,66.90
20,852,INGERRAND,EQ,17114,7831,45.76
20,853,INNOVATIVE,SM,21000,21000,100.00
20,854,INOXLEISUR,EQ,1468787,309997,21.11
20,855,INOXWIND,EQ,659588,231946,35.17
20,856,INSECTICID,EQ,149266,132183,88.56
20,857,INSPIRISYS,EQ,41844,36958,88.32
20,858,INTELLECT,EQ,1322640,491495,37.16
20,859,INTENTECH,EQ,230826,50003,21.66
20,860,INTLCONV,EQ,146541,63103,43.06
20,861,INVENTURE,EQ,6223284,2882884,46.32
20,862,IOB,EQ,2064489,805134,39.00
20,863,IOC,EQ,9743582,3316262,34.04
20,864,IOLCP,EQ,174112,60146,34.54
20,865,IONEXCHANG,EQ,22703,11764,51.82
20,866,IPCALAB,EQ,259418,125963,48.56
20,867,IPL,EQ,275522,166725,60.51
20,868,IRB,EQ,1445892,659161,45.59
20,869,IRBINVIT,IV,219270,197047,89.87
20,870,IRCON,EQ,1019224,657261,64.49
20,871,IRCTC,EQ,2586387,903437,34.93
20,872,IREDA,N5,630,619,98.25
20,873,IREDA,N7,658,658,100.00
20,874,IRFC,EQ,5823704,3284318,56.40
20,875,IRFC,N2,1300,1300,100.00
20,876,IRFC,N4,50,50,100.00
20,877,IRFC,N7,24,24,100.00
20,878,IRFC,N9,2028,2028,100.00
20,879,IRFC,NA,2033,1116,54.89
20,880,IRFC,NE,1340,1321,98.58
20,881,IRFC,NI,510,510,100.00
20,882,IRFC,NJ,300,300,100.00
20,883,IRFC,NK,1588,1488,93.70
20,884,IRIS,EQ,70065,41427,59.13
20,885,IRISDOREME,EQ,29640,1952,6.59
20,886,ISEC,EQ,841012,412101,49.00
20,887,ISFT,EQ,22977,13197,57.44
20,888,ISGEC,EQ,61517,37347,60.71
20,889,ITBEES,EQ,1596371,1248639,78.22
20,890,ITC,EQ,17344099,8319833,47.97
20,891,ITDC,EQ,21936,6931,31.60
20,892,ITDCEM,EQ,442836,280519,63.35
20,893,ITI,EQ,206862,85198,41.19
20,894,IVC,EQ,230896,141694,61.37
20,895,IVP,EQ,18115,13068,72.14
20,896,IVZINGOLD,EQ,182,163,89.56
20,897,IVZINNIFTY,EQ,7,3,42.86
20,898,IWEL,EQ,1145,733,64.02
20,899,IZMO,EQ,35514,23327,65.68
20,900,JAGRAN,EQ,157034,97618,62.16
20,901,JAGSNPHARM,EQ,114437,79398,69.38
20,902,JAIBALAJI,EQ,166657,113802,68.29
20,903,JAICORPLTD,EQ,4659861,506163,10.86
20,904,JAINAM,SM,16000,12000,75.00
20,905,JAIPURKURT,EQ,1864,1437,77.09
20,906,JAMNAAUTO,EQ,873969,333748,38.19
20,907,JASH,EQ,23800,15452,64.92
20,908,JAYAGROGN,EQ,119547,44410,37.15
20,909,JAYBARMARU,EQ,16973,9719,57.26
20,910,JAYNECOIND,EQ,286352,248232,86.69
20,911,JAYSREETEA,EQ,108550,74385,68.53
20,912,JBCHEPHARM,EQ,112479,93132,82.80
20,913,JBFIND,EQ,131491,90211,68.61
20,914,JBMA,EQ,113677,60174,52.93
20,915,JCHAC,EQ,5942,2993,50.37
20,916,JETFREIGHT,EQ,21870,11260,51.49
20,917,JHS,EQ,194020,124896,64.37
20,918,JINDALPHOT,EQ,18467,8752,47.39
20,919,JINDALPOLY,EQ,138193,48068,34.78
20,920,JINDALSAW,EQ,894144,266054,29.76
20,921,JINDALSTEL,EQ,9760025,1491315,15.28
20,922,JINDRILL,EQ,16550,12493,75.49
20,923,JISLDVREQS,EQ,15031,8578,57.07
20,924,JISLJALEQS,EQ,2776995,1423984,51.28
20,925,J&KBANK,EQ,2636765,845261,32.06
20,926,JKCEMENT,EQ,120652,53411,44.27
20,927,JKIL,EQ,1220458,461372,37.80
20,928,JKLAKSHMI,EQ,170411,71980,42.24
20,929,JKPAPER,EQ,2299336,604602,26.29
20,930,JKTYRE,EQ,710675,187115,26.33
20,931,JMA,EQ,30613,14823,48.42
20,932,JMCPROJECT,EQ,92388,58916,63.77
20,933,JMFINANCIL,EQ,978487,443104,45.28
20,934,JOCIL,EQ,14480,9246,63.85
20,935,JPASSOCIAT,EQ,9026037,5028376,55.71
20,936,JPINFRATEC,EQ,2462739,1040799,42.26
20,937,JPOLYINVST,EQ,3850,2527,65.64
20,938,JPPOWER,EQ,40059503,21792846,54.40
20,939,JSL,EQ,3059502,1385912,45.30
20,940,JSLHISAR,EQ,613571,281934,45.95
20,941,JSLL,SM,46000,38000,82.61
20,942,JSWENERGY,EQ,1065839,588305,55.20
20,943,JSWHL,EQ,567,465,82.01
20,944,JSWISPL,EQ,2254994,1008885,44.74
20,945,JSWSTEEL,EQ,4158341,1022160,24.58
20,946,JTEKTINDIA,EQ,128690,81732,63.51
20,947,JTLINFRA,EQ,85207,45474,53.37
20,948,JUBLFOOD,EQ,2001979,821280,41.02
20,949,JUBLINDS,EQ,21325,10050,47.13
20,950,JUBLINGREA,EQ,431726,194630,45.08
20,951,JUBLPHARMA,EQ,112001,51147,45.67
20,952,JUNIORBEES,EQ,186072,126507,67.99
20,953,JUSTDIAL,EQ,629648,109904,17.45
20,954,JYOTHYLAB,EQ,154624,90344,58.43
20,955,KABRAEXTRU,EQ,90748,60530,66.70
20,956,KAJARIACER,EQ,85587,49034,57.29
20,957,KAKATCEM,EQ,22038,14315,64.96
20,958,KALPATPOWR,EQ,184666,78129,42.31
20,959,KALYANKJIL,EQ,2526128,1160752,45.95
20,960,KAMATHOTEL,EQ,148429,85386,57.53
20,961,KAMDHENU,EQ,163280,68920,42.21
20,962,KANORICHEM,EQ,21314,10330,48.47
20,963,KANPRPLA,EQ,26402,10974,41.57
20,964,KANSAINER,EQ,515288,92865,18.02
20,965,KARURVYSYA,EQ,2644841,1105208,41.79
20,966,KAUSHALYA,EQ,65008,54695,84.14
20,967,KAVVERITEL,EQ,39550,32187,81.38
20,968,KAYA,EQ,13029,7232,55.51
20,969,KBCGLOBAL,EQ,3295910,2717146,82.44
20,970,KCP,EQ,244937,139363,56.90
20,971,KCPSUGIND,EQ,892906,299002,33.49
20,972,KDDL,EQ,3343,1757,52.56
20,973,KEC,EQ,113725,46765,41.12
20,974,KECL,EQ,48184,31806,66.01
20,975,KEERTI,EQ,46606,43719,93.81
20,976,KEI,EQ,212547,93625,44.05
20,977,KELLTONTEC,EQ,313719,223701,71.31
20,978,KENNAMET,EQ,21671,9274,42.79
20,979,KESORAMIND,EQ,805115,441159,54.79
20,980,KEYFINSERV,EQ,18374,8921,48.55
20,981,KHADIM,EQ,45922,21365,46.52
20,982,KHAICHEM,EQ,259275,127481,49.17
20,983,KICL,EQ,323,276,85.45
20,984,KILITCH,EQ,11513,8583,74.55
20,985,KIMS,EQ,50947,29944,58.77
20,986,KINGFA,EQ,15415,6578,42.67
20,987,KIOCL,EQ,83684,40659,48.59
20,988,KIRIINDUS,EQ,89749,38481,42.88
20,989,KIRLFER,EQ,287009,118522,41.30
20,990,KIRLOSBROS,EQ,11978,6051,50.52
20,991,KIRLOSENG,EQ,270673,191311,70.68
20,992,KIRLOSIND,EQ,2970,2040,68.69
20,993,KITEX,EQ,751055,213627,28.44
20,994,KKCL,EQ,109997,64195,58.36
20,995,KMSUGAR,EQ,729662,310558,42.56
20,996,KNAGRI,SM,288000,185600,64.44
20,997,KNRCON,EQ,387608,215772,55.67
20,998,KOKUYOCMLN,EQ,111630,62465,55.96
20,999,KOLTEPATIL,EQ,268241,124248,46.32
20,1000,KOPRAN,EQ,503574,223751,44.43
20,1001,KOTAKALPHA,EQ,836506,511599,61.16
20,1002,KOTAKBANK,EQ,2621884,1246977,47.56
20,1003,KOTAKBKETF,EQ,331544,309823,93.45
20,1004,KOTAKGOLD,EQ,234140,123116,52.58
20,1005,KOTAKIT,EQ,51357,37825,73.65
20,1006,KOTAKLOVOL,EQ,1486,1386,93.27
20,1007,KOTAKMID50,EQ,1526,1325,86.83
20,1008,KOTAKNIFTY,EQ,210069,111010,52.84
20,1009,KOTAKNV20,EQ,23855,18956,79.46
20,1010,KOTAKPSUBK,EQ,8686,2727,31.40
20,1011,KOTARISUG,EQ,327498,137863,42.10
20,1012,KOTHARIPET,EQ,239121,98209,41.07
20,1013,KOTYARK,SM,41600,24800,59.62
20,1014,KOVAI,EQ,3566,2229,62.51
20,1015,KPIGREEN,EQ,118899,63969,53.80
20,1016,KPITTECH,EQ,1456362,715788,49.15
20,1017,KPRMILL,EQ,1122614,972251,86.61
20,1018,KRBL,EQ,586351,220102,37.54
20,1019,KREBSBIO,EQ,18570,10779,58.05
20,1020,KRIDHANINF,EQ,55348,41758,75.45
20,1021,KRISHANA,EQ,44495,25498,57.31
20,1022,KRISHIVAL,SM,6000,6000,100.00
20,1023,KRISHNADEF,SM,75000,48000,64.00
20,1024,KRITI,EQ,140257,60249,42.96
20,1025,KRITIKA,EQ,78327,36399,46.47
20,1026,KRSNAA,EQ,100195,27646,27.59
20,1027,KSB,EQ,10057,5976,59.42
20,1028,KSCL,EQ,130408,60593,46.46
20,1029,KSHITIJPOL,SM,32662,32662,100.00
20,1030,KSL,EQ,19660,11601,59.01
20,1031,KSOLVES,SM,13200,9600,72.73
20,1032,KTKBANK,EQ,1487622,754361,50.71
20,1033,KUANTUM,EQ,18914,14757,78.02
20,1034,LAGNAM,EQ,32493,26865,82.68
20,1035,LALPATHLAB,EQ,150227,34955,23.27
20,1036,LAMBODHARA,EQ,101023,51677,51.15
20,1037,LANCER,EQ,103627,81709,78.85
20,1038,LAOPALA,EQ,265873,95374,35.87
20,1039,LASA,EQ,114340,82401,72.07
20,1040,LATENTVIEW,EQ,661429,230085,34.79
20,1041,LAURUSLABS,EQ,2677284,915924,34.21
20,1042,LAXMICOT,EQ,18655,9846,52.78
20,1043,LAXMIMACH,EQ,10296,3415,33.17
20,1044,LCCINFOTEC,EQ,184762,166132,89.92
20,1045,LEMERITE,ST,1416000,1297600,91.64
20,1046,LEMONTREE,EQ,5815366,1677612,28.85
20,1047,LEXUS,SM,31000,31000,100.00
20,1048,LFIC,EQ,1042,781,74.95
20,1049,LGBBROSLTD,EQ,114983,39863,34.67
20,1050,LGBFORGE,EQ,190288,104752,55.05
20,1051,LIBAS,EQ,99578,51720,51.94
20,1052,LIBERTSHOE,EQ,170084,62751,36.89
20,1053,LICHSGFIN,EQ,5034892,1522265,30.23
20,1054,LICNETFGSC,EQ,5792,3290,56.80
20,1055,LICNETFN50,EQ,1931,1534,79.44
20,1056,LICNETFSEN,EQ,953,882,92.55
20,1057,LICNFNHGP,EQ,6463,6274,97.08
20,1058,LIKHITHA,EQ,26471,17997,67.99
20,1059,LINC,EQ,10306,4699,45.59
20,1060,LINCOLN,EQ,39285,24470,62.29
20,1061,LINDEINDIA,EQ,100648,39425,39.17
20,1062,LIQUIDBEES,EQ,1348716,1127780,83.62
20,1063,LIQUIDETF,EQ,57462,52521,91.40
20,1064,LODHA,EQ,439734,320583,72.90
20,1065,LOKESHMACH,EQ,124624,73069,58.63
20,1066,LOTUSEYE,EQ,6406,4961,77.44
20,1067,LOVABLE,EQ,57477,30751,53.50
20,1068,LPDC,EQ,72679,39699,54.62
20,1069,LSIL,EQ,3947468,1934476,49.01
20,1070,LT,EQ,2988788,1684482,56.36
20,1071,L&TFH,EQ,13129746,1580475,12.04
20,1072,L&TFINANCE,NC,200,200,100.00
20,1073,L&TFINANCE,NE,93,93,100.00
20,1074,L&TFINANCE,NG,40,33,82.50
20,1075,L&TFINANCE,NI,1630,1306,80.12
20,1076,L&TFINANCE,NO,13,13,100.00
20,1077,L&TFINANCE,NQ,179,179,100.00
20,1078,L&TFINANCE,NS,1,1,100.00
20,1079,L&TFINANCE,NU,165,165,100.00
20,1080,L&TFINANCE,Y1,120,120,100.00
20,1081,LTGILTBEES,EQ,9755,7533,77.22
20,1082,LTI,EQ,717491,273176,38.07
20,1083,LTTS,EQ,309416,106196,34.32
20,1084,LUMAXIND,EQ,5422,3431,63.28
20,1085,LUMAXTECH,EQ,69823,28517,40.84
20,1086,LUPIN,EQ,1815949,365325,20.12
20,1087,LUXIND,EQ,47840,17675,36.95
20,1088,LXCHEM,EQ,877911,327465,37.30
20,1089,LYKALABS,EQ,131048,103622,79.07
20,1090,LYPSAGEMS,EQ,34319,22367,65.17
20,1091,M15RG,MF,30000,30000,100.00
20,1092,M17RD,MF,40000,40000,100.00
20,1093,MAANALU,EQ,93080,41934,45.05
20,1094,MACPOWER,EQ,10689,5755,53.84
20,1095,MADHAV,EQ,10112,6957,68.80
20,1096,MADHAVBAUG,SM,1600,1600,100.00
20,1097,MADRASFERT,EQ,570455,217716,38.17
20,1098,MAESGETF,EQ,505395,505048,99.93
20,1099,MAFANG,EQ,719950,535531,74.38
20,1100,MAFSETF,EQ,484428,394345,81.40
20,1101,MAGADSUGAR,EQ,274109,54976,20.06
20,1102,MAGNUM,EQ,106372,79009,74.28
20,1103,MAHABANK,EQ,4583719,2058290,44.90
20,1104,MAHAPEXLTD,EQ,4340,2614,60.23
20,1105,MAHASTEEL,EQ,22540,15967,70.84
20,1106,MAHEPC,EQ,55038,27609,50.16
20,1107,MAHESHWARI,EQ,111422,61753,55.42
20,1108,MAHINDCIE,EQ,610450,234691,38.45
20,1109,MAHKTECH,EQ,262268,185503,70.73
20,1110,MAHLIFE,EQ,160523,61468,38.29
20,1111,MAHLOG,EQ,61181,29153,47.65
20,1112,MAHSCOOTER,EQ,4082,2700,66.14
20,1113,MAHSEAMLES,EQ,152121,71724,47.15
20,1114,MAITHANALL,EQ,155665,62070,39.87
20,1115,MALLCOM,EQ,5970,4067,68.12
20,1116,MALUPAPER,EQ,18675,9657,51.71
20,1117,MAM150ETF,EQ,75250,41332,54.93
20,1118,MAMFGETF,EQ,3912,3738,95.55
20,1119,MAN50ETF,EQ,153312,152691,99.59
20,1120,MANAKALUCO,EQ,104074,66412,63.81
20,1121,MANAKCOAT,EQ,55815,35721,64.00
20,1122,MANAKSIA,EQ,225349,102375,45.43
20,1123,MANAKSTEEL,EQ,165483,92248,55.74
20,1124,MANALIPETC,EQ,1345685,476235,35.39
20,1125,MANAPPURAM,EQ,5063732,1178826,23.28
20,1126,MANGALAM,EQ,35736,19896,55.67
20,1127,MANGCHEFER,EQ,830398,324833,39.12
20,1128,MANGLMCEM,EQ,95860,42546,44.38
20,1129,MANINDS,EQ,2483547,936455,37.71
20,1130,MANINFRA,EQ,452472,261325,57.75
20,1131,MANORG,EQ,13643,6234,45.69
20,1132,MANUGRAPH,EQ,7082,5796,81.84
20,1133,MANXT50,EQ,4319,2961,68.56
20,1134,MANYAVAR,EQ,211281,124850,59.09
20,1135,MAPMYINDIA,EQ,468816,144726,30.87
20,1136,MARALOVER,EQ,54770,38405,70.12
20,1137,MARATHON,EQ,60000,35258,58.76
20,1138,MARICO,EQ,1259082,670014,53.21
20,1139,MARINE,EQ,242884,157774,64.96
20,1140,MARKSANS,EQ,614482,309515,50.37
20,1141,MARSHALL,EQ,34602,27753,80.21
20,1142,MARUTI,EQ,605312,232820,38.46
20,1143,MASFIN,EQ,59157,25292,42.75
20,1144,MASPTOP50,EQ,88587,70629,79.73
20,1145,MASTEK,EQ,187041,67202,35.93
20,1146,MATRIMONY,EQ,22873,15219,66.54
20,1147,MAWANASUG,EQ,652143,270431,41.47
20,1148,MAXHEALTH,EQ,502803,252029,50.12
20,1149,MAXIND,EQ,207139,180473,87.13
20,1150,MAXVIL,EQ,152762,86832,56.84
20,1151,MAYURUNIQ,EQ,145594,51988,35.71
20,1152,MAZDA,EQ,2074,1327,63.98
20,1153,MAZDOCK,EQ,500444,132797,26.54
20,1154,MBAPL,EQ,96845,56659,58.50
20,1155,MBLINFRA,EQ,170296,109792,64.47
20,1156,MCDOWELL-N,EQ,1041950,461915,44.33
20,1157,MCLEODRUSS,EQ,331775,225305,67.91
20,1158,MCX,EQ,302712,111337,36.78
20,1159,MEDICAMEQ,EQ,32539,21326,65.54
20,1160,MEDPLUS,EQ,327852,136182,41.54
20,1161,MEGASOFT,EQ,224213,169359,75.53
20,1162,MEGASTAR,EQ,46386,19916,42.94
20,1163,MENONBE,EQ,59459,38792,65.24
20,1164,MEP,EQ,822940,480933,58.44
20,1165,MERCATOR,EQ,274920,274920,100.00
20,1166,METROBRAND,EQ,105327,65762,62.44
20,1167,METROPOLIS,EQ,91535,38098,41.62
20,1168,MFL,EQ,269675,83964,31.14
20,1169,MFSL,EQ,1719079,747996,43.51
20,1170,MGEL,EQ,13514,13081,96.80
20,1171,MGL,EQ,2702074,211218,7.82
20,1172,MHHL,SM,30000,27000,90.00
20,1173,MHLXMIRU,EQ,18271,12739,69.72
20,1174,MHRIL,EQ,444177,158273,35.63
20,1175,MICEL,EQ,80451,55464,68.94
20,1176,MID150BEES,EQ,223801,148922,66.54
20,1177,MIDHANI,EQ,481401,240261,49.91
20,1178,MINDACORP,EQ,2042570,630262,30.86
20,1179,MINDAIND,EQ,585132,170689,29.17
20,1180,MINDSPACE,RR,216031,197681,91.51
20,1181,MINDTECK,EQ,36905,20772,56.29
20,1182,MINDTREE,EQ,996850,225286,22.60
20,1183,MIRCELECTR,EQ,940933,634799,67.46
20,1184,MIRZAINT,EQ,1429074,548629,38.39
20,1185,MITCON,EQ,19063,15832,83.05
20,1186,MITTAL,EQ,156361,82789,52.95
20,1187,MKPL,SM,2000,2000,100.00
20,1188,M&M,EQ,3048794,1778851,58.35
20,1189,M&MFIN,EQ,3469137,886927,25.57
20,1190,MMFL,EQ,47631,26494,55.62
20,1191,MMP,EQ,93709,47015,50.17
20,1192,MMTC,EQ,2446024,647579,26.47
20,1193,MODISNME,EQ,51016,29304,57.44
20,1194,MOGSEC,EQ,398,275,69.10
20,1195,MOHITIND,EQ,103957,47089,45.30
20,1196,MOIL,EQ,228138,89702,39.32
20,1197,MOKSH,EQ,337802,246801,73.06
20,1198,MOL,EQ,3584554,1131873,31.58
20,1199,MOLDTECH,EQ,141797,59582,42.02
20,1200,MOLDTKPAC,EQ,54339,22731,41.83
20,1201,MOLOWVOL,EQ,220,213,96.82
20,1202,MOM100,EQ,169505,128062,75.55
20,1203,MOM50,EQ,5414,5195,95.95
20,1204,MOMOMENTUM,EQ,9888,6466,65.39
20,1205,MON100,EQ,348800,193408,55.45
20,1206,MONARCH,EQ,136372,62563,45.88
20,1207,MONQ50,EQ,7526,6633,88.13
20,1208,MONTECARLO,EQ,33363,14423,43.23
20,1209,MOREPENLAB,EQ,2203732,660816,29.99
20,1210,MOTHERSUMI,EQ,10716303,4365667,40.74
20,1211,MOTILALOFS,EQ,94297,41159,43.65
20,1212,MOTOGENFIN,EQ,5773,3328,57.65
20,1213,MPHASIS,EQ,433239,182011,42.01
20,1214,MPSLTD,EQ,10081,6321,62.70
20,1215,MRF,EQ,10262,2351,22.91
20,1216,MRO-TEK,EQ,208910,52692,25.22
20,1217,MRPL,EQ,12287871,2965888,24.14
20,1218,MSPL,EQ,1845754,963166,52.18
20,1219,MSTCLTD,EQ,473671,161929,34.19
20,1220,MSUMI,EQ,6219377,4855068,78.06
20,1221,MTARTECH,EQ,229999,132998,57.83
20,1222,MTEDUCARE,EQ,81148,52040,64.13
20,1223,MTNL,EQ,7847266,1088986,13.88
20,1224,MUKANDLTD,EQ,98013,66089,67.43
20,1225,MUNJALAU,EQ,83254,55573,66.75
20,1226,MUNJALSHOW,EQ,41627,29804,71.60
20,1227,MURUDCERA,EQ,40093,26577,66.29
20,1228,MUTHOOTCAP,EQ,9308,6857,73.67
20,1229,MUTHOOTFIN,EQ,555878,237288,42.69
20,1230,NABARD,N2,2085,1925,92.33
20,1231,NACLIND,EQ,124598,59946,48.11
20,1232,NAGAFERT,EQ,836747,550246,65.76
20,1233,NAGREEKEXP,EQ,22193,11245,50.67
20,1234,NAHARCAP,EQ,28759,12291,42.74
20,1235,NAHARINDUS,EQ,220997,99845,45.18
20,1236,NAHARPOLY,EQ,110150,93908,85.25
20,1237,NAM-INDIA,EQ,632953,225339,35.60
20,1238,NATCOPHARM,EQ,665021,537112,80.77
20,1239,NATHBIOGEN,EQ,56293,36937,65.62
20,1240,NATIONALUM,EQ,19100752,2606647,13.65
20,1241,NAUKRI,EQ,625181,120966,19.35
20,1242,NAVINFLUOR,EQ,385181,92534,24.02
20,1243,NAVKARCORP,EQ,1488391,747649,50.23
20,1244,NAVNETEDUL,EQ,218946,151693,69.28
20,1245,NAZARA,EQ,309372,121840,39.38
20,1246,NBCC,EQ,5340230,1892340,35.44
20,1247,NBIFIN,EQ,386,209,54.15
20,1248,NBVENTURES,EQ,726496,263782,36.31
20,1249,NCC,EQ,3012047,946077,31.41
20,1250,NCLIND,EQ,122561,69521,56.72
20,1251,NDGL,EQ,552,290,52.54
20,1252,NDL,EQ,113398,66680,58.80
20,1253,NDRAUTO,EQ,51411,21950,42.70
20,1254,NDTV,EQ,62372,41047,65.81
20,1255,NECCLTD,EQ,165727,99848,60.25
20,1256,NECLIFE,EQ,341556,140029,41.00
20,1257,NELCAST,EQ,102595,54176,52.81
20,1258,NELCO,EQ,39639,26663,67.26
20,1259,NEOGEN,EQ,91697,64937,70.82
20,1260,NESCO,EQ,36490,20409,55.93
20,1261,NESTLEIND,EQ,61787,38046,61.58
20,1262,NETF,EQ,3661,2589,70.72
20,1263,NETWORK18,EQ,3639767,1673024,45.97
20,1264,NEULANDLAB,EQ,241707,60082,24.86
20,1265,NEWGEN,EQ,146665,75746,51.65
20,1266,NFL,EQ,1286767,271971,21.14
20,1267,NGIL,EQ,13802,13631,98.76
20,1268,NH,EQ,91926,49518,53.87
20,1269,NHAI,N2,1363,1362,99.93
20,1270,NHAI,N6,1032,1032,100.00
20,1271,NHAI,N8,462,462,100.00
20,1272,NHAI,NA,1664,1235,74.22
20,1273,NHAI,ND,247,247,100.00
20,1274,NHAI,NE,3257,3132,96.16
20,1275,NHBTF2014,N6,111,111,100.00
20,1276,NHBTF2023,N6,114,114,100.00
20,1277,NHPC,EQ,12482870,5082508,40.72
20,1278,NHPC,N5,379,379,100.00
20,1279,NIACL,EQ,244967,108089,44.12
20,1280,NIBL,EQ,15905,9155,57.56
20,1281,NIDAN,SM,10000,8000,80.00
20,1282,NIF100BEES,EQ,6038,5265,87.20
20,1283,NIFTYBEES,EQ,5356589,3492200,65.19
20,1284,NIITLTD,EQ,518067,251707,48.59
20,1285,NILAINFRA,EQ,548874,334697,60.98
20,1286,NILASPACES,EQ,1800736,1101856,61.19
20,1287,NILKAMAL,EQ,3754,2591,69.02
20,1288,NIPPOBATRY,EQ,2703,1676,62.01
20,1289,NIRAJ,EQ,8717,5832,66.90
20,1290,NITCO,EQ,34435,25135,72.99
20,1291,NITINSPIN,EQ,346701,233884,67.46
20,1292,NITIRAJ,EQ,52783,28767,54.50
20,1293,NKIND,EQ,4451,2243,50.39
20,1294,NLCINDIA,EQ,10194695,2310987,22.67
20,1295,NMDC,EQ,8374050,1927605,23.02
20,1296,NOCIL,EQ,1038944,379652,36.54
20,1297,NOIDATOLL,EQ,132137,78842,59.67
20,1298,NOVARTIND,EQ,7829,4444,56.76
20,1299,NPBET,EQ,478,321,67.15
20,1300,NPST,SM,3200,3200,100.00
20,1301,NRAIL,EQ,18053,12084,66.94
20,1302,NRBBEARING,EQ,158880,99694,62.75
20,1303,NRL,SM,103400,69300,67.02
20,1304,NSIL,EQ,2598,1505,57.93
20,1305,NTPC,EQ,13794764,6873156,49.82
20,1306,NTPC,N4,1640,1640,100.00
20,1307,NTPC,N5,50,50,100.00
20,1308,NTPC,N6,110,110,100.00
20,1309,NTPC,N7,54791,54791,100.00
20,1310,NTPC,NA,8,8,100.00
20,1311,NTPC,ND,1,1,100.00
20,1312,NUCLEUS,EQ,21969,11488,52.29
20,1313,NURECA,EQ,24542,7134,29.07
20,1314,NUVOCO,EQ,1402937,1255278,89.48
20,1315,NV20BEES,EQ,8784,7538,85.82
20,1316,NXTDIGITAL,EQ,7703,5313,68.97
20,1317,NYKAA,EQ,1184651,458308,38.69
20,1318,OAL,EQ,105075,60411,57.49
20,1319,OBCL,EQ,18401,10576,57.48
20,1320,OBEROIRLTY,EQ,890973,426289,47.85
20,1321,OCCL,EQ,5976,4051,67.79
20,1322,OFSS,EQ,139456,79700,57.15
20,1323,OIL,EQ,1904619,733236,38.50
20,1324,OILCOUNTUB,EQ,36017,25967,72.10
20,1325,OLECTRA,EQ,254454,147773,58.07
20,1326,OMAXAUTO,EQ,154288,74462,48.26
20,1327,OMAXE,EQ,883653,155333,17.58
20,1328,OMINFRAL,EQ,128428,78029,60.76
20,1329,OMKARCHEM,EQ,62222,44138,70.94
20,1330,ONELIFECAP,EQ,6085,5146,84.57
20,1331,ONEPOINT,EQ,66683,62618,93.90
20,1332,ONGC,EQ,15084514,3949116,26.18
20,1333,ONMOBILE,EQ,2704382,455656,16.85
20,1334,ONWARDTEC,EQ,39869,19066,47.82
20,1335,OPTIEMUS,EQ,853034,403493,47.30
20,1336,ORBTEXP,EQ,72727,38781,53.32
20,1337,ORCHPHARMA,EQ,8469,6588,77.79
20,1338,ORICONENT,EQ,157439,90859,57.71
20,1339,ORIENTABRA,EQ,156192,73086,46.79
20,1340,ORIENTALTL,EQ,132108,101269,76.66
20,1341,ORIENTBELL,EQ,27863,9656,34.66
20,1342,ORIENTCEM,EQ,674534,391743,58.08
20,1343,ORIENTELEC,EQ,943103,687919,72.94
20,1344,ORIENTHOT,EQ,516678,321563,62.24
20,1345,ORIENTLTD,EQ,8864,5157,58.18
20,1346,ORIENTPPR,EQ,1560443,407320,26.10
20,1347,ORISSAMINE,EQ,18137,8416,46.40
20,1348,ORTINLAB,EQ,44042,14896,33.82
20,1349,OSIAHYPER,SM,800,800,100.00
20,1350,OSWALAGRO,EQ,135518,83032,61.27
20,1351,OSWALSEEDS,SM,4000,4000,100.00
20,1352,PAGEIND,EQ,23731,11408,48.07
20,1353,PAISALO,EQ,91517,30434,33.26
20,1354,PANACEABIO,EQ,43750,28258,64.59
20,1355,PANAMAPET,EQ,168933,58683,34.74
20,1356,PAR,EQ,11393,7614,66.83
20,1357,PARACABLES,EQ,124546,70252,56.41
20,1358,PARAGMILK,EQ,244794,132208,54.01
20,1359,PARAS,EQ,121532,41722,34.33
20,1360,PARSVNATH,EQ,261015,212472,81.40
20,1361,PASHUPATI,SM,19200,8000,41.67
20,1362,PASUPTAC,EQ,726859,246266,33.88
20,1363,PATELENG,EQ,527493,313504,59.43
20,1364,PATINTLOG,EQ,129965,83403,64.17
20,1365,PATINTPP,E1,96533,84341,87.37
20,1366,PAYTM,EQ,3062907,590425,19.28
20,1367,PBAINFRA,EQ,16008,9399,58.71
20,1368,PCBL,EQ,1006805,452004,44.89
20,1369,PCHFL,N6,110,110,100.00
20,1370,PCJEWELLER,EQ,1358467,746526,54.95
20,1371,PDMJEPAPER,EQ,188369,83505,44.33
20,1372,PDSL,EQ,8615,7709,89.48
20,1373,PEARLPOLY,EQ,80479,49457,61.45
20,1374,PEL,EQ,581595,201981,34.73
20,1375,PENIND,EQ,551954,319866,57.95
20,1376,PERSISTENT,EQ,271887,93499,34.39
20,1377,PETRONET,EQ,1909473,818463,42.86
20,1378,PFC,EQ,4347363,2306431,53.05
20,1379,PFC,N5,564,564,100.00
20,1380,PFC,N8,1040,948,91.15
20,1381,PFIZER,EQ,13946,6073,43.55
20,1382,PFOCUS,EQ,68766,34894,50.74
20,1383,PFS,EQ,809909,566590,69.96
20,1384,PGEL,EQ,55320,29252,52.88
20,1385,PGHH,EQ,1681,640,38.07
20,1386,PGHL,EQ,5621,2428,43.20
20,1387,PGIL,EQ,46483,27138,58.38
20,1388,PGINVIT,IV,500043,463317,92.66
20,1389,PHARMABEES,EQ,146947,115847,78.84
20,1390,PHOENIXLTD,EQ,312124,209252,67.04
20,1391,PIDILITIND,EQ,422151,183910,43.56
20,1392,PIGL,SM,2000,2000,100.00
20,1393,PIIND,EQ,140602,56856,40.44
20,1394,PILANIINVS,EQ,1723,1138,66.05
20,1395,PILITA,EQ,448879,307344,68.47
20,1396,PIONDIST,EQ,16916,9852,58.24
20,1397,PIONEEREMB,EQ,76337,40796,53.44
20,1398,PITTIENG,EQ,241578,110074,45.56
20,1399,PIXTRANS,EQ,23925,11413,47.70
20,1400,PLASTIBLEN,EQ,25014,17132,68.49
20,1401,PNB,EQ,36363537,8321505,22.88
20,1402,PNBGILTS,EQ,434871,248688,57.19
20,1403,PNBHOUSING,EQ,161646,73901,45.72
20,1404,PNCINFRA,EQ,159931,60860,38.05
20,1405,PODDARHOUS,EQ,10589,9682,91.43
20,1406,PODDARMENT,EQ,9710,5660,58.29
20,1407,POKARNA,EQ,51011,23795,46.65
20,1408,POLICYBZR,EQ,1501804,763478,50.84
20,1409,POLYCAB,EQ,597024,190675,31.94
20,1410,POLYMED,EQ,56115,13672,24.36
20,1411,POLYPLEX,EQ,346196,105758,30.55
20,1412,PONNIERODE,EQ,48736,26181,53.72
20,1413,POONAWALLA,EQ,7073844,2335772,33.02
20,1414,POWERGRID,EQ,11559464,5971469,51.66
20,1415,POWERINDIA,EQ,52341,17345,33.14
20,1416,POWERMECH,EQ,44812,24445,54.55
20,1417,PPAP,EQ,13622,7881,57.85
20,1418,PPL,EQ,245287,106083,43.25
20,1419,PRAJIND,EQ,1374838,619127,45.03
20,1420,PRAKASH,EQ,844621,411794,48.75
20,1421,PRAKASHSTL,EQ,1206623,673091,55.78
20,1422,PRAXIS,EQ,30478,25414,83.38
20,1423,PRECAM,EQ,199611,91753,45.97
20,1424,PRECISION,SM,24000,16000,66.67
20,1425,PRECOT,EQ,14819,8035,54.22
20,1426,PRECWIRE,EQ,79271,61580,77.68
20,1427,PREMIER,EQ,155996,67890,43.52
20,1428,PREMIERPOL,EQ,110260,35645,32.33
20,1429,PRESSMN,EQ,104735,62579,59.75
20,1430,PRESTIGE,EQ,932890,572046,61.32
20,1431,PRICOLLTD,EQ,1338635,576133,43.04
20,1432,PRIMESECU,EQ,10919,6586,60.32
20,1433,PRINCEPIPE,EQ,203447,102066,50.17
20,1434,PRITI,EQ,5963,3978,66.71
20,1435,PRITIKAUTO,EQ,95048,43739,46.02
20,1436,PRIVISCL,EQ,153278,60616,39.55
20,1437,PROPEQUITY,SM,44400,33600,75.68
20,1438,PROZONINTU,EQ,180249,102093,56.64
20,1439,PRSMJOHNSN,EQ,1477693,234612,15.88
20,1440,PSB,EQ,206150,171014,82.96
20,1441,PSPPROJECT,EQ,123674,56004,45.28
20,1442,PSUBNKBEES,EQ,891036,515185,57.82
20,1443,PTC,EQ,828102,354381,42.79
20,1444,PTL,EQ,114917,70405,61.27
20,1445,PUNJABCHEM,EQ,26819,22400,83.52
20,1446,PURVA,EQ,98670,42994,43.57
20,1447,PVR,EQ,1880187,642046,34.15
20,1448,QGOLDHALF,EQ,10974,5443,49.60
20,1449,QNIFTY,EQ,217,204,94.01
20,1450,QUESS,EQ,85627,30729,35.89
20,1451,QUICKHEAL,EQ,108474,61724,56.90
20,1452,RADICO,EQ,368934,196551,53.28
20,1453,RADIOCITY,EQ,326481,261054,79.96
20,1454,RAILTEL,EQ,1203644,362557,30.12
20,1455,RAIN,EQ,2078541,514273,24.74
20,1456,RAINBOW,EQ,5524324,1623611,29.39
20,1457,RAJESHEXPO,EQ,58801,22894,38.93
20,1458,RAJMET,EQ,56379,18255,32.38
20,1459,RAJSREESUG,EQ,54007,28710,53.16
20,1460,RAJTV,EQ,6353,3619,56.97
20,1461,RALLIS,EQ,436930,189763,43.43
20,1462,RAMANEWS,EQ,63231,32950,52.11
20,1463,RAMASTEEL,EQ,376586,126225,33.52
20,1464,RAMCOCEM,EQ,527096,273875,51.96
20,1465,RAMCOIND,EQ,63770,30975,48.57
20,1466,RAMCOSYS,EQ,195179,84593,43.34
20,1467,RAMKY,EQ,144029,85139,59.11
20,1468,RANASUG,EQ,1174323,553171,47.11
20,1469,RANEENGINE,EQ,9578,3919,40.92
20,1470,RANEHOLDIN,EQ,20159,16082,79.78
20,1471,RATEGAIN,EQ,431924,148513,34.38
20,1472,RATNAMANI,EQ,16015,8854,55.29
20,1473,RAYMOND,EQ,532661,160881,30.20
20,1474,RBA,EQ,1625047,743058,45.73
20,1475,RBL,EQ,14644,3926,26.81
20,1476,RBLBANK,EQ,22113811,2571262,11.63
20,1477,RCF,EQ,5122411,1407354,27.47
20,1478,RCOM,EQ,7492492,5116548,68.29
20,1479,RECLTD,EQ,4742771,2638038,55.62
20,1480,RECLTD,N1,225,220,97.78
20,1481,RECLTD,N2,100,100,100.00
20,1482,RECLTD,N8,100,100,100.00
20,1483,RECLTD,N9,495,485,97.98
20,1484,RECLTD,NE,20,20,100.00
20,1485,RECLTD,NF,550,550,100.00
20,1486,RECLTD,NH,50,50,100.00
20,1487,RECLTD,NI,515,515,100.00
20,1488,REDINGTON,EQ,5649385,2086616,36.94
20,1489,REFEX,EQ,198303,81523,41.11
20,1490,RELAXO,EQ,88747,39474,44.48
20,1491,RELCAPITAL,EQ,1284140,769901,59.95
20,1492,RELIANCE,EQ,7681157,3471644,45.20
20,1493,RELIGARE,EQ,1196998,675470,56.43
20,1494,RELINFRA,EQ,2965443,1505896,50.78
20,1495,REMSONSIND,EQ,2941,1831,62.26
20,1496,RENUKA,EQ,19546401,7468582,38.21
20,1497,REPCOHOME,EQ,230131,116920,50.81
20,1498,REPL,EQ,12665,8858,69.94
20,1499,REPRO,EQ,7159,4173,58.29
20,1500,RESPONIND,EQ,177150,18916,10.68
20,1501,REVATHI,EQ,1773,975,54.99
20,1502,REXPIPES,SM,32000,20000,62.50
20,1503,RGL,EQ,31241,3975,12.72
20,1504,RHFL,EQ,637373,437880,68.70
20,1505,RHFL,N6,3101,2886,93.07
20,1506,RHFL,N8,328,300,91.46
20,1507,RHIM,EQ,414733,177268,42.74
20,1508,RICOAUTO,EQ,334916,174967,52.24
20,1509,RIIL,EQ,2818613,171778,6.09
20,1510,RITCO,EQ,70572,46259,65.55
20,1511,RITES,EQ,212202,79584,37.50
20,1512,RKEC,EQ,13468,6560,48.71
20,1513,RKFORGE,EQ,749815,491548,65.56
20,1514,RML,EQ,18009,11623,64.54
20,1515,ROHLTD,EQ,147285,92495,62.80
20,1516,ROLEXRINGS,EQ,11854,7090,59.81
20,1517,ROLLT,EQ,1405322,856937,60.98
20,1518,ROML,EQ,16459,10111,61.43
20,1519,ROSSARI,EQ,44321,16325,36.83
20,1520,ROSSELLIND,EQ,39306,22886,58.23
20,1521,ROTO,EQ,24565,13962,56.84
20,1522,ROUTE,EQ,114915,40730,35.44
20,1523,RPGLIFE,EQ,22692,11012,48.53
20,1524,RPOWER,EQ,23855100,10258945,43.01
20,1525,RPPINFRA,EQ,94121,47472,50.44
20,1526,RPPL,EQ,33813,15017,44.41
20,1527,RPSGVENT,EQ,50292,21967,43.68
20,1528,RSSOFTWARE,EQ,79016,42250,53.47
20,1529,RSWM,EQ,247498,80562,32.55
20,1530,RSYSTEMS,EQ,103060,37936,36.81
20,1531,RTNINDIA,EQ,7686561,1711247,22.26
20,1532,RTNPOWER,EQ,8822797,4946981,56.07
20,1533,RUBYMILLS,EQ,74898,17911,23.91
20,1534,RUCHI,EQ,7382390,2208922,29.92
20,1535,RUCHIRA,EQ,140671,43427,30.87
20,1536,RUPA,EQ,1014637,305585,30.12
20,1537,RUSHIL,EQ,43264,23392,54.07
20,1538,RVNL,EQ,2288393,1143055,49.95
20,1539,SABEVENTS,EQ,29054,11962,41.17
20,1540,SADBHAV,EQ,602576,332109,55.11
20,1541,SAFARI,EQ,13542,6382,47.13
20,1542,SAGARDEEP,EQ,28568,21161,74.07
20,1543,SAGCEM,EQ,48138,23055,47.89
20,1544,SAIL,EQ,39120953,7631427,19.51
20,1545,SAKAR,EQ,9246,4617,49.94
20,1546,SAKHTISUG,EQ,347072,190633,54.93
20,1547,SAKSOFT,EQ,39933,32227,80.70
20,1548,SAKUMA,EQ,1645772,1123630,68.27
20,1549,SALASAR,EQ,68074,24239,35.61
20,1550,SALONA,EQ,6243,3728,59.71
20,1551,SALSTEEL,EQ,128776,96157,74.67
20,1552,SALZERELEC,EQ,64396,34374,53.38
20,1553,SAMBHAAV,EQ,133335,77243,57.93
20,1554,SANCO,EQ,13227,10316,77.99
20,1555,SANDESH,EQ,2091,1481,70.83
20,1556,SANDHAR,EQ,17207,9341,54.29
20,1557,SANGAMIND,EQ,61576,21454,34.84
20,1558,SANGHIIND,EQ,522937,277739,53.11
20,1559,SANGHVIMOV,EQ,151525,90188,59.52
20,1560,SANGINITA,EQ,42566,31237,73.38
20,1561,SANOFI,EQ,18101,11923,65.87
20,1562,SANSERA,EQ,71804,20393,28.40
20,1563,SAPPHIRE,EQ,145508,79966,54.96
20,1564,SARDAEN,EQ,83622,35447,42.39
20,1565,SAREGAMA,EQ,823340,757498,92.00
20,1566,SARLAPOLY,EQ,254551,132350,51.99
20,1567,SARVESHWAR,SM,1600,1600,100.00
20,1568,SASKEN,EQ,15447,7532,48.76
20,1569,SASTASUNDR,EQ,62698,31913,50.90
20,1570,SATIA,EQ,342397,171722,50.15
20,1571,SATIN,EQ,324967,259218,79.77
20,1572,SBC,EQ,1388301,687087,49.49
20,1573,SBCL,EQ,332886,184498,55.42
20,1574,SBICARD,EQ,2070914,1107552,53.48
20,1575,SBIETFCON,EQ,6668,5423,81.33
20,1576,SBIETFIT,EQ,30260,17122,56.58
20,1577,SBIETFPB,EQ,3658,1526,41.72
20,1578,SBIETFQLTY,EQ,4217,3407,80.79
20,1579,SBILIFE,EQ,1886732,1119908,59.36
20,1580,SBIN,EQ,14771351,4964332,33.61
20,1581,SCAPDVR,EQ,196345,150138,76.47
20,1582,SCHAEFFLER,EQ,37868,18322,48.38
20,1583,SCHAND,EQ,61048,26554,43.50
20,1584,SCHNEIDER,EQ,823077,228196,27.72
20,1585,SCI,EQ,1735107,640835,36.93
20,1586,SDL24BEES,EQ,161,140,86.96
20,1587,SDL26BEES,EQ,7449,7238,97.17
20,1588,SEAMECLTD,EQ,28217,8480,30.05
20,1589,SECURCRED,SM,21600,19200,88.89
20,1590,SECURKLOUD,EQ,108538,62753,57.82
20,1591,SELAN,EQ,191130,124056,64.91
20,1592,SEPC,EQ,610091,426822,69.96
20,1593,SEPOWER,EQ,29447,24885,84.51
20,1594,SEQUENT,EQ,1204885,440985,36.60
20,1595,SERVOTECH,EQ,70512,11976,16.98
20,1596,SESHAPAPER,EQ,210046,88902,42.33
20,1597,SETCO,EQ,80952,64861,80.12
20,1598,SETF10GILT,EQ,215,186,86.51
20,1599,SETFGOLD,EQ,1068713,854177,79.93
20,1600,SETFNIF50,EQ,6285854,1709966,27.20
20,1601,SETFNIFBK,EQ,26016,9238,35.51
20,1602,SETFNN50,EQ,46343,40142,86.62
20,1603,SFL,EQ,37117,7038,18.96
20,1604,SGBAPR28I,GB,789,580,73.51
20,1605,SGBAUG24,GB,72,69,95.83
20,1606,SGBAUG27,GB,10,10,100.00
20,1607,SGBAUG28V,GB,1829,1638,89.56
20,1608,SGBAUG29V,GB,108,90,83.33
20,1609,SGBD29VIII,GB,316,230,72.78
20,1610,SGBDC27VII,GB,10,10,100.00
20,1611,SGBDEC25XI,GB,13,1,7.69
20,1612,SGBDEC26,GB,17,17,100.00
20,1613,SGBFEB24,GB,33,26,78.79
20,1614,SGBFEB28IX,GB,4,4,100.00
20,1615,SGBFEB29XI,GB,162,160,98.77
20,1616,SGBJ28VIII,GB,58,58,100.00
20,1617,SGBJAN26,GB,26,26,100.00
20,1618,SGBJAN29IX,GB,260,217,83.46
20,1619,SGBJAN29X,GB,74,54,72.97
20,1620,SGBJAN30IX,GB,220,165,75.00
20,1621,SGBJU29III,GB,251,241,96.02
20,1622,SGBJUL25,GB,22,22,100.00
20,1623,SGBJUL27,GB,16,16,100.00
20,1624,SGBJUL28IV,GB,434,401,92.40
20,1625,SGBJUL29IV,GB,685,496,72.41
20,1626,SGBJUN27,GB,5,5,100.00
20,1627,SGBJUN28,GB,135,112,82.96
20,1628,SGBJUN29II,GB,184,163,88.59
20,1629,SGBMAR24,GB,58,34,58.62
20,1630,SGBMAR25,GB,312,311,99.68
20,1631,SGBMAR28X,GB,120,120,100.00
20,1632,SGBMAR30X,GB,136,109,80.15
20,1633,SGBMAY25,GB,358,348,97.21
20,1634,SGBMAY26,GB,35,35,100.00
20,1635,SGBMAY28,GB,171,170,99.42
20,1636,SGBMAY29I,GB,756,720,95.24
20,1637,SGBMR29XII,GB,556,443,79.68
20,1638,SGBN28VIII,GB,316,270,85.44
20,1639,SGBNOV23,GB,25,25,100.00
20,1640,SGBNOV24,GB,70,53,75.71
20,1641,SGBNOV25,GB,2,2,100.00
20,1642,SGBNOV25IX,GB,2,2,100.00
20,1643,SGBNOV26,GB,2,2,100.00
20,1644,SGBNV29VII,GB,1346,874,64.93
20,1645,SGBOC28VII,GB,213,172,80.75
20,1646,SGBOCT25IV,GB,2,2,100.00
20,1647,SGBOCT25V,GB,80,70,87.50
20,1648,SGBOCT26,GB,28,28,100.00
20,1649,SGBOCT27,GB,50,50,100.00
20,1650,SGBOCT27VI,GB,8,3,37.50
20,1651,SGBSEP24,GB,120,116,96.67
20,1652,SGBSEP27,GB,16,16,100.00
20,1653,SGBSEP28VI,GB,344,251,72.97
20,1654,SGBSEP29VI,GB,592,339,57.26
20,1655,SGIL,EQ,4914,2831,57.61
20,1656,SGL,EQ,46324,25679,55.43
20,1657,SHAHALLOYS,EQ,37278,19653,52.72
20,1658,SHAILY,EQ,21809,12383,56.78
20,1659,SHAKTIPUMP,EQ,75753,41165,54.34
20,1660,SHALBY,EQ,64347,30289,47.07
20,1661,SHALPAINTS,EQ,208265,152397,73.17
20,1662,SHANKARA,EQ,57212,27465,48.01
20,1663,SHANTI,EQ,10,10,100.00
20,1664,SHANTIGEAR,EQ,568119,154797,27.25
20,1665,SHARDACROP,EQ,328975,185167,56.29
20,1666,SHARDAMOTR,EQ,11034,4189,37.96
20,1667,SHAREINDIA,EQ,65758,40030,60.87
20,1668,SHARIABEES,EQ,1315,970,73.76
20,1669,SHEMAROO,EQ,101686,62448,61.41
20,1670,SHIGAN,SM,240000,120000,50.00
20,1671,SHIL,EQ,413337,275923,66.75
20,1672,SHILPAMED,EQ,76724,30290,39.48
20,1673,SHIVALIK,EQ,10077,6375,63.26
20,1674,SHIVAMAUTO,EQ,298513,226206,75.78
20,1675,SHIVAMILLS,EQ,9357,6743,72.06
20,1676,SHIVATEX,EQ,23969,13708,57.19
20,1677,SHK,EQ,193396,110795,57.29
20,1678,SHOPERSTOP,EQ,223968,59621,26.62
20,1679,SHRADHA,EQ,25854,11546,44.66
20,1680,SHREDIGCEM,EQ,188943,94350,49.94
20,1681,SHREECEM,EQ,43449,10164,23.39
20,1682,SHREEPUSHK,EQ,127025,56307,44.33
20,1683,SHREERAMA,EQ,71313,50586,70.94
20,1684,SHRENIK,EQ,1713361,917249,53.54
20,1685,SHREYANIND,EQ,109919,50009,45.50
20,1686,SHREYAS,EQ,106331,49749,46.79
20,1687,SHRIRAMCIT,EQ,42387,13235,31.22
20,1688,SHRIRAMPPS,EQ,375416,200319,53.36
20,1689,SHUBHLAXMI,SM,9000,7000,77.78
20,1690,SHYAMCENT,EQ,663652,385285,58.06
20,1691,SHYAMMETL,EQ,284860,173849,61.03
20,1692,SICAL,EQ,455726,255895,56.15
20,1693,SIDDHIKA,SM,6000,4000,66.67
20,1694,SIEMENS,EQ,495678,117352,23.68
20,1695,SIGACHI,EQ,107397,50051,46.60
20,1696,SIGIND,EQ,46196,22890,49.55
20,1697,SIGMA,SM,2100,2100,100.00
20,1698,SIKKO,EQ,1287,971,75.45
20,1699,SILGO,EQ,77684,51619,66.45
20,1700,SILINV,EQ,916,731,79.80
20,1701,SILLYMONKS,EQ,2839,1732,61.01
20,1702,SILVER,EQ,91009,63120,69.36
20,1703,SILVERBEES,EQ,553283,364336,65.85
20,1704,SILVERTUC,SM,38000,24000,63.16
20,1705,SINTERCOM,EQ,21310,14377,67.47
20,1706,SIRCA,EQ,23604,12979,54.99
20,1707,SIS,EQ,93837,64549,68.79
20,1708,SIYSIL,EQ,137257,51759,37.71
20,1709,SJS,EQ,45600,19758,43.33
20,1710,SJVN,EQ,2926150,1503903,51.40
20,1711,SKFINDIA,EQ,27487,17310,62.98
20,1712,SKIPPER,EQ,130761,91077,69.65
20,1713,SKMEGGPROD,EQ,100514,39679,39.48
20,1714,SMARTLINK,EQ,36037,12848,35.65
20,1715,SMCGLOBAL,EQ,369406,253739,68.69
20,1716,SMLISUZU,EQ,21989,13872,63.09
20,1717,SMLT,EQ,82500,29051,35.21
20,1718,SMSLIFE,EQ,1741,1002,57.55
20,1719,SMSPHARMA,EQ,43842,28519,65.05
20,1720,SNOWMAN,EQ,367764,160461,43.63
20,1721,SOBHA,EQ,406209,100883,24.84
20,1722,SOLARA,EQ,99103,57734,58.26
20,1723,SOLARINDS,EQ,37683,18000,47.77
20,1724,SOMANYCERA,EQ,31487,19461,61.81
20,1725,SOMICONVEY,EQ,3614,1945,53.82
20,1726,SONACOMS,EQ,1327842,646390,48.68
20,1727,SONAMCLOCK,EQ,83940,2053,2.45
20,1728,SONATSOFTW,EQ,230640,115381,50.03
20,1729,SORILINFRA,EQ,72088,27040,37.51
20,1730,SOTL,EQ,5883,3529,59.99
20,1731,SOUTHBANK,EQ,4658186,1880871,40.38
20,1732,SOUTHWEST,EQ,14386,4796,33.34
20,1733,SPAL,EQ,61910,30466,49.21
20,1734,SPANDANA,EQ,140960,40550,28.77
20,1735,SPARC,EQ,367353,167964,45.72
20,1736,SPECIALITY,EQ,283070,113543,40.11
20,1737,SPECTRUM,SM,4000,2000,50.00
20,1738,SPENCERS,EQ,197154,102439,51.96
20,1739,SPIC,EQ,2610822,733768,28.10
20,1740,SPICEJET,EQ,1735127,711812,41.02
20,1741,SPLIL,EQ,156324,86737,55.49
20,1742,SPMLINFRA,EQ,147525,108379,73.46
20,1743,SPRL,SM,3200,3200,100.00
20,1744,SREEL,EQ,10207,6254,61.27
20,1745,SREIBNPNCD,NO,142,142,100.00
20,1746,SREINFRA,EQ,614147,393746,64.11
20,1747,SRF,EQ,3174932,1006374,31.70
20,1748,SRHHYPOLTD,EQ,33836,12231,36.15
20,1749,SRPL,EQ,148181,113676,76.71
20,1750,SRTRANSFIN,EQ,1783624,558513,31.31
20,1751,SRTRANSFIN,YH,14,13,92.86
20,1752,SRTRANSFIN,YI,2,0,0.00
20,1753,SRTRANSFIN,YK,837,837,100.00
20,1754,SRTRANSFIN,YL,835,835,100.00
20,1755,SRTRANSFIN,YN,2,2,100.00
20,1756,SRTRANSFIN,YR,135,135,100.00
20,1757,SRTRANSFIN,YV,181,181,100.00
20,1758,SRTRANSFIN,YW,28,28,100.00
20,1759,SRTRANSFIN,YY,15,15,100.00
20,1760,SRTRANSFIN,Z2,200,200,100.00
20,1761,SRTRANSFIN,Z3,153,143,93.46
20,1762,SRTRANSFIN,Z4,225,225,100.00
20,1763,SRTRANSFIN,Z5,105,105,100.00
20,1764,SRTRANSFIN,ZJ,50,50,100.00
20,1765,SSINFRA,SM,3000,3000,100.00
20,1766,SSWL,EQ,62613,31616,50.49
20,1767,STAR,EQ,690516,215297,31.18
20,1768,STARCEMENT,EQ,89732,54958,61.25
20,1769,STARHEALTH,EQ,168007,88732,52.81
20,1770,STARPAPER,EQ,317058,99038,31.24
20,1771,STARTECK,EQ,7111,4532,63.73
20,1772,STCINDIA,EQ,45182,22613,50.05
20,1773,STEELCAS,EQ,11021,7937,72.02
20,1774,STEELCITY,EQ,19719,16441,83.38
20,1775,STEELXIND,EQ,1042729,874146,83.83
20,1776,STEL,EQ,10191,4319,42.38
20,1777,STERTOOLS,EQ,67702,31352,46.31
20,1778,STLTECH,EQ,809793,320104,39.53
20,1779,STOVEKRAFT,EQ,85564,33714,39.40
20,1780,STYLAMIND,EQ,42444,15099,35.57
20,1781,SUBEXLTD,EQ,4687080,2361030,50.37
20,1782,SUBROS,EQ,10786,4367,40.49
20,1783,SUDARSCHEM,EQ,94504,40872,43.25
20,1784,SUMEETINDS,EQ,175942,142356,80.91
20,1785,SUMICHEM,EQ,544395,232476,42.70
20,1786,SUMIT,EQ,14352,7339,51.14
20,1787,SUMMITSEC,EQ,15835,9444,59.64
20,1788,SUNCLAYLTD,EQ,1049,682,65.01
20,1789,SUNDARAM,EQ,1590464,1140446,71.71
20,1790,SUNDARMFIN,EQ,71043,41177,57.96
20,1791,SUNDARMHLD,EQ,77070,54984,71.34
20,1792,SUNDRMBRAK,EQ,2175,1164,53.52
20,1793,SUNDRMFAST,EQ,41858,19083,45.59
20,1794,SUNFLAG,EQ,687692,311990,45.37
20,1795,SUNPHARMA,EQ,2768829,1702952,61.50
20,1796,SUNTECK,EQ,804991,262428,32.60
20,1797,SUNTV,EQ,504866,154000,30.50
20,1798,SUPERHOUSE,EQ,33102,17797,53.76
20,1799,SUPRAJIT,EQ,169459,64727,38.20
20,1800,SUPREMEIND,EQ,41188,24317,59.04
20,1801,SUPREMEINF,EQ,18402,16423,89.25
20,1802,SUPRIYA,EQ,456908,128097,28.04
20,1803,SURANASOL,EQ,88792,59607,67.13
20,1804,SURANAT&P,EQ,103900,79948,76.95
20,1805,SURANI,SM,8000,2000,25.00
20,1806,SURYALAXMI,EQ,53513,43896,82.03
20,1807,SURYAROSNI,EQ,96849,41113,42.45
20,1808,SURYODAY,EQ,156034,78692,50.43
20,1809,SUTLEJTEX,EQ,600708,289388,48.17
20,1810,SUULD,EQ,137679,102488,74.44
20,1811,SUVEN,EQ,315225,157743,50.04
20,1812,SUVENPHAR,EQ,258858,105650,40.81
20,1813,SUVIDHAA,EQ,802805,510546,63.60
20,1814,SUZLON,EQ,36274728,14204349,39.16
20,1815,SVPGLOB,EQ,419217,249082,59.42
20,1816,SWANENERGY,EQ,328035,141632,43.18
20,1817,SWARAJ,SM,90000,52000,57.78
20,1818,SWARAJENG,EQ,8761,5997,68.45
20,1819,SWELECTES,EQ,27504,19086,69.39
20,1820,SWSOLAR,EQ,428996,213755,49.83
20,1821,SYMPHONY,EQ,155542,65346,42.01
20,1822,SYNGENE,EQ,394774,207511,52.56
20,1823,TAINWALCHM,EQ,12098,8439,69.76
20,1824,TAJGVK,EQ,265188,76473,28.84
20,1825,TAKE,EQ,1428703,715190,50.06
20,1826,TALBROAUTO,EQ,46572,17173,36.87
20,1827,TANLA,EQ,321532,120295,37.41
20,1828,TARACHAND,SM,2000,2000,100.00
20,1829,TARAPUR,EQ,1092,1092,100.00
20,1830,TARC,EQ,1455705,569726,39.14
20,1831,TARMAT,EQ,14572,5438,37.32
20,1832,TARSONS,EQ,92353,51186,55.42
20,1833,TASTYBITE,EQ,2439,1302,53.38
20,1834,TATACAPHSG,N2,251,150,59.76
20,1835,TATACAPHSG,N4,18,18,100.00
20,1836,TATACAPHSG,N6,256,165,64.45
20,1837,TATACAPHSG,NA,120,120,100.00
20,1838,TATACHEM,EQ,2296845,567768,24.72
20,1839,TATACOFFEE,EQ,983861,319799,32.50
20,1840,TATACOMM,EQ,690092,221370,32.08
20,1841,TATACONSUM,EQ,1287768,418330,32.48
20,1842,TATAELXSI,EQ,1162695,194837,16.76
20,1843,TATAINVEST,EQ,23563,11265,47.81
20,1844,TATAMETALI,EQ,99462,28402,28.56
20,1845,TATAMOTORS,EQ,29215175,9640041,33.00
20,1846,TATAMTRDVR,EQ,3192430,1603805,50.24
20,1847,TATAPOWER,EQ,35097575,5923065,16.88
20,1848,TATASTEEL,EQ,10706315,2587084,24.16
20,1849,TATASTLLP,EQ,71667,19818,27.65
20,1850,TATVA,EQ,165464,157845,95.40
20,1851,TBZ,EQ,115294,62076,53.84
20,1852,TCFSL,ND,783,783,100.00
20,1853,TCFSL,NF,11,11,100.00
20,1854,TCFSL,NH,379,333,87.86
20,1855,TCFSL,NL,56,51,91.07
20,1856,TCI,EQ,86402,29115,33.70
20,1857,TCIEXP,EQ,47341,18985,40.10
20,1858,TCNSBRANDS,EQ,39490,19585,49.59
20,1859,TCPLPACK,EQ,65445,23837,36.42
20,1860,TCS,EQ,1841769,1066170,57.89
20,1861,TDPOWERSYS,EQ,585864,276371,47.17
20,1862,TEAMLEASE,EQ,42779,9318,21.78
20,1863,TECH,EQ,4571,3737,81.75
20,1864,TECHIN,EQ,19745,8546,43.28
20,1865,TECHM,EQ,3244609,1765347,54.41
20,1866,TECHNOE,EQ,199295,104834,52.60
20,1867,TEGA,EQ,84055,46771,55.64
20,1868,TEJASNET,EQ,746650,342109,45.82
20,1869,TEMBO,EQ,101238,42897,42.37
20,1870,TERASOFT,EQ,36166,19626,54.27
20,1871,TEXINFRA,EQ,451290,197358,43.73
20,1872,TEXMOPIPES,EQ,158778,83286,52.45
20,1873,TEXRAIL,EQ,14206045,2796281,19.68
20,1874,TFCILTD,EQ,345455,81447,23.58
20,1875,TFL,EQ,26132,19236,73.61
20,1876,THANGAMAYL,EQ,17605,12743,72.38
20,1877,THEINVEST,EQ,6649,4511,67.84
20,1878,THEJO,SM,2100,1650,78.57
20,1879,THEMISMED,EQ,2968,2288,77.09
20,1880,THERMAX,EQ,81788,48537,59.34
20,1881,THOMASCOOK,EQ,401393,157112,39.14
20,1882,THYROCARE,EQ,96621,34148,35.34
20,1883,TI,EQ,262190,198252,75.61
20,1884,TIDEWATER,EQ,13379,7432,55.55
20,1885,TIIL,EQ,46333,22086,47.67
20,1886,TIINDIA,EQ,93974,32557,34.64
20,1887,TIJARIA,EQ,30552,23984,78.50
20,1888,TIL,EQ,8368,4384,52.39
20,1889,TIMESCAN,SM,6000,6000,100.00
20,1890,TIMESGTY,EQ,3036,2166,71.34
20,1891,TIMETECHNO,EQ,3424103,1346864,39.33
20,1892,TIMKEN,EQ,161745,130943,80.96
20,1893,TINPLATE,EQ,454107,118509,26.10
20,1894,TIPSINDLTD,EQ,12277,8266,67.33
20,1895,TIRUMALCHM,EQ,853343,407955,47.81
20,1896,TIRUPATIFL,EQ,544430,526331,96.68
20,1897,TITAN,EQ,1472911,767905,52.14
20,1898,TMRVL,EQ,53209,30157,56.68
20,1899,TNIDETF,EQ,9549,8151,85.36
20,1900,TNPETRO,EQ,841569,314340,37.35
20,1901,TNPL,EQ,752919,264457,35.12
20,1902,TOKYOPLAST,EQ,11717,5485,46.81
20,1903,TORNTPHARM,EQ,145808,74187,50.88
20,1904,TORNTPOWER,EQ,2411659,558454,23.16
20,1905,TOTAL,EQ,23367,15171,64.92
20,1906,TOUCHWOOD,EQ,1279,829,64.82
20,1907,TPLPLASTEH,EQ,29395,18497,62.93
20,1908,TREEHOUSE,EQ,29684,11336,38.19
20,1909,TREJHARA,EQ,40193,24379,60.65
20,1910,TRENT,EQ,805254,426826,53.01
20,1911,TRF,EQ,15706,13488,85.88
20,1912,TRIDENT,EQ,7128356,4300144,60.32
20,1913,TRIGYN,EQ,248533,87948,35.39
20,1914,TRIL,EQ,225256,116117,51.55
20,1915,TRITURBINE,EQ,318428,104014,32.66
20,1916,TRIVENI,EQ,1072436,258903,24.14
20,1917,TTKHLTCARE,EQ,5334,3067,57.50
20,1918,TTKPRESTIG,EQ,99998,27367,27.37
20,1919,TTL,EQ,68723,33373,48.56
20,1920,TTML,EQ,6346257,2379580,37.50
20,1921,TV18BRDCST,EQ,27539473,8247427,29.95
20,1922,TVSELECT,EQ,90847,26624,29.31
20,1923,TVSMOTOR,EQ,1977793,1056325,53.41
20,1924,TVSSRICHAK,EQ,3522,2086,59.23
20,1925,TVTODAY,EQ,74012,20756,28.04
20,1926,TWL,EQ,1267142,488112,38.52
20,1927,UBL,EQ,175637,58992,33.59
20,1928,UCALFUEL,EQ,12166,6646,54.63
20,1929,UCL,SM,6000,6000,100.00
20,1930,UCOBANK,EQ,1674502,869744,51.94
20,1931,UDAICEMENT,EQ,373055,193225,51.80
20,1932,UFLEX,EQ,171515,72311,42.16
20,1933,UFO,EQ,199938,100243,50.14
20,1934,UGARSUGAR,EQ,268601,139278,51.85
20,1935,UGROCAP,EQ,106920,44583,41.70
20,1936,UGROCAP,N1,82,82,100.00
20,1937,UGROCAP,N4,70,70,100.00
20,1938,UJAAS,EQ,1201562,865593,72.04
20,1939,UJJIVAN,EQ,466840,264687,56.70
20,1940,UJJIVANSFB,EQ,1328741,749542,56.41
20,1941,ULTRACEMCO,EQ,217452,88294,40.60
20,1942,UMAEXPORTS,EQ,508373,189322,37.24
20,1943,UMANGDAIRY,EQ,13549,6363,46.96
20,1944,UNICHEMLAB,EQ,116513,32939,28.27
20,1945,UNIDT,EQ,45658,23900,52.35
20,1946,UNIENTER,EQ,6082,3418,56.20
20,1947,UNIONBANK,EQ,9800136,3502082,35.74
20,1948,UNITEDPOLY,EQ,20985,11895,56.68
20,1949,UNITEDTEA,EQ,791,477,60.30
20,1950,UNIVASTU,EQ,8775,5886,67.08
20,1951,UNIVCABLES,EQ,24656,16145,65.48
20,1952,UNIVPHOTO,EQ,1306,869,66.54
20,1953,UPL,EQ,3654568,1264038,34.59
20,1954,URJA,EQ,3402455,1368612,40.22
20,1955,USHAMART,EQ,3056754,1723470,56.38
20,1956,UTIAMC,EQ,141109,42797,30.33
20,1957,UTIBANKETF,EQ,4266,1664,39.01
20,1958,UTINEXT50,EQ,37162,23259,62.59
20,1959,UTINIFTETF,EQ,3475,2754,79.25
20,1960,UTISENSETF,EQ,2038,1923,94.36
20,1961,UTISXN50,EQ,1893,1575,83.20
20,1962,UTTAMSTL,EQ,747740,533740,71.38
20,1963,UTTAMSUGAR,EQ,341520,129044,37.79
20,1964,V2RETAIL,EQ,37500,28512,76.03
20,1965,VADILALIND,EQ,49230,26463,53.75
20,1966,VAIBHAVGBL,EQ,121547,40512,33.33
20,1967,VAKRANGEE,EQ,1982142,765057,38.60
20,1968,VALIANTORG,EQ,130614,41167,31.52
20,1969,VARDHACRLC,EQ,69733,41095,58.93
20,1970,VARDMNPOLY,EQ,26086,21183,81.20
20,1971,VARROC,EQ,1045569,427742,40.91
20,1972,VASCONEQ,EQ,566789,369974,65.28
20,1973,VASWANI,EQ,117988,63460,53.79
20,1974,VBL,EQ,1134215,694551,61.24
20,1975,VCL,EQ,3255777,1749639,53.74
20,1976,VEDL,EQ,12430816,3330011,26.79
20,1977,VENKEYS,EQ,66801,15197,22.75
20,1978,VENUSREM,EQ,58199,17398,29.89
20,1979,VERA,SM,3000,3000,100.00
20,1980,VERANDA,EQ,345673,185078,53.54
20,1981,VERTOZ,EQ,56004,30765,54.93
20,1982,VESUVIUS,EQ,22840,14893,65.21
20,1983,VETO,EQ,49311,16363,33.18
20,1984,VGUARD,EQ,336685,118191,35.10
20,1985,VHL,EQ,385,246,63.90
20,1986,VIDHIING,EQ,93734,51019,54.43
20,1987,VIJAYA,EQ,122127,73483,60.17
20,1988,VIJIFIN,EQ,198295,147722,74.50
20,1989,VIKASECO,EQ,15578739,9196073,59.03
20,1990,VIKASLIFE,EQ,16442528,8359841,50.84
20,1991,VIKASPROP,EQ,837725,473005,56.46
20,1992,VIMTALABS,EQ,65499,24100,36.79
20,1993,VINATIORGA,EQ,53979,25655,47.53
20,1994,VINDHYATEL,EQ,6826,3147,46.10
20,1995,VINEETLAB,EQ,22501,13730,61.02
20,1996,VINNY,SM,3000,3000,100.00
20,1997,VINYLINDIA,EQ,118844,49540,41.68
20,1998,VIPIND,EQ,553583,160897,29.06
20,1999,VISAKAIND,EQ,67359,36569,54.29
20,2000,VISESHINFO,EQ,76843899,41790693,54.38
20,2001,VISHAL,EQ,181565,128163,70.59
20,2002,VISHWARAJ,EQ,1863158,830790,44.59
20,2003,VIVIDHA,EQ,1827323,1010136,55.28
20,2004,VIVIMEDLAB,EQ,185959,148937,80.09
20,2005,VLSFINANCE,EQ,53879,31186,57.88
20,2006,VMARCIND,SM,3000,3000,100.00
20,2007,VMART,EQ,14690,6892,46.92
20,2008,VOLTAMP,EQ,7983,5243,65.68
20,2009,VOLTAS,EQ,1828775,933488,51.04
20,2010,VRLLOG,EQ,504398,296511,58.79
20,2011,VSCL,SM,27000,21000,77.78
20,2012,VSSL,EQ,51660,29526,57.15
20,2013,VSTIND,EQ,15223,10636,69.87
20,2014,VSTTILLERS,EQ,46902,37583,80.13
20,2015,VTL,EQ,868451,351618,40.49
20,2016,WABAG,EQ,211774,85760,40.50
20,2017,WALPAR,SM,30000,26000,86.67
20,2018,WATERBASE,EQ,42464,25456,59.95
20,2019,WEIZMANIND,EQ,1432,1030,71.93
20,2020,WELCORP,EQ,870484,412600,47.40
20,2021,WELENT,EQ,92626,47518,51.30
20,2022,WELINV,EQ,764,275,35.99
20,2023,WELSPUNIND,EQ,12387180,3748838,30.26
20,2024,WENDT,EQ,887,592,66.74
20,2025,WESTLIFE,EQ,65806,29582,44.95
20,2026,WEWIN,SM,3000,3000,100.00
20,2027,WHEELS,EQ,32292,12760,39.51
20,2028,WHIRLPOOL,EQ,196085,77075,39.31
20,2029,WILLAMAGOR,EQ,47535,18209,38.31
20,2030,WINDLAS,EQ,27457,18169,66.17
20,2031,WINDMACHIN,EQ,203688,101138,49.65
20,2032,WINPRO,EQ,430122,297332,69.13
20,2033,WIPRO,EQ,10514671,5943810,56.53
20,2034,WOCKPHARMA,EQ,497442,213204,42.86
20,2035,WONDERLA,EQ,75119,26459,35.22
20,2036,WORTH,EQ,30697,17742,57.80
20,2037,WSTCSTPAPR,EQ,308367,115647,37.50
20,2038,XCHANGING,EQ,285276,106045,37.17
20,2039,XELPMOC,EQ,28437,14353,50.47
20,2040,YAARI,EQ,558704,271131,48.53
20,2041,YESBANK,EQ,97715454,27810954,28.46
20,2042,YUKEN,EQ,4573,3033,66.32
20,2043,ZEEL,EQ,14030026,3942797,28.10
20,2044,ZEELEARN,EQ,4005921,2896196,72.30
20,2045,ZEEMEDIA,EQ,4093280,1939122,47.37
20,2046,ZENITHSTL,EQ,250064,250064,100.00
20,2047,ZENSARTECH,EQ,3206068,591861,18.46
20,2048,ZENTEC,EQ,467374,281990,60.33
20,2049,ZFCVINDIA,EQ,29427,23439,79.65
20,2050,ZODIACLOTH,EQ,54291,28904,53.24
20,2051,ZOMATO,EQ,99812774,11305847,11.33
20,2052,ZOTA,EQ,18524,12193,65.82
20,2053,ZUARI,EQ,309139,102445,33.14
20,2054,ZUARIGLOB,EQ,156459,57571,36.80
20,2055,ZYDUSLIFE,EQ,1124719,404595,35.97
20,2056,ZYDUSWELL,EQ,28545,13586,47.60
