Security Wise Delivery Position - Compulsory Rolling Settlement
10,MTO,13052022,838757369,0002030
Trade Date <13-MAY-2022>,Settlement Type <N>
Record Type,Sr No,Name of Security,Quantity Traded,Deliverable Quantity(gross across client level),% of Deliverable Quantity to Traded Quantity
20,1,20MICRONS,EQ,195771,65772,33.60
20,2,21STCENMGM,EQ,1704,1618,94.95
20,3,3IINFOLTD,EQ,1389002,448190,32.27
20,4,3MINDIA,EQ,2254,1271,56.39
20,5,426GS2023,GS,5,5,100.00
20,6,5PAISA,EQ,14636,7316,49.99
20,7,610GS2031,GS,37,37,100.00
20,8,622GS2035,GS,203,200,98.52
20,9,63MOONS,EQ,287094,145680,50.74
20,10,654GS2032,GS,68,68,100.00
20,11,667GS2035,GS,3,2,66.67
20,12,667GS2050,GS,4153,4153,100.00
20,13,676GS2061,GS,209,209,100.00
20,14,68GS2060,GS,1890,1890,100.00
20,15,695GS2061,GS,1122,1122,100.00
20,16,699GS2051,GS,13,13,100.00
20,17,716GS2050,GS,1051,1051,100.00
20,18,719GS2060,GS,580,580,100.00
20,19,727GS2026,GS,2,2,100.00
20,20,772GS2055,GS,700,700,100.00
20,21,A2ZINFRA,EQ,451303,270347,59.90
20,22,AAKASH,EQ,219943,198911,90.44
20,23,AAREYDRUGS,EQ,31359,17214,54.89
20,24,AARON,EQ,3682,2541,69.01
20,25,AARTIDRUGS,EQ,71756,31787,44.30
20,26,AARTIIND,EQ,804792,419982,52.19
20,27,AARTISURF,EQ,11513,7114,61.79
20,28,AARVEEDEN,EQ,4576,3771,82.41
20,29,AARVI,EQ,8414,5336,63.42
20,30,AAVAS,EQ,113516,59173,52.13
20,31,ABAN,EQ,191588,87332,45.58
20,32,ABB,EQ,234536,56004,23.88
20,33,ABBOTINDIA,EQ,10015,3663,36.58
20,34,ABCAPITAL,EQ,6518818,1515660,23.25
20,35,ABCOTS,SM,4000,4000,100.00
20,36,ABFRL,EQ,1980581,500725,25.28
20,37,ABMINTLLTD,EQ,1025,641,62.54
20,38,ABSLAMC,EQ,164835,136270,82.67
20,39,ABSLBANETF,EQ,15960,4982,31.22
20,40,ABSLNN50ET,EQ,9415,4642,49.30
20,41,ACC,EQ,431751,131766,30.52
20,42,ACCELYA,EQ,5468,1976,36.14
20,43,ACCURACY,EQ,55197,34597,62.68
20,44,ACE,EQ,380275,125346,32.96
20,45,ACEINTEG,SM,4500,4500,100.00
20,46,ACRYSIL,EQ,70224,36346,51.76
20,47,ADANIENT,EQ,1547617,160831,10.39
20,48,ADANIGREEN,EQ,1722448,700477,40.67
20,49,ADANIPORTS,EQ,7247809,1350622,18.63
20,50,ADANIPOWER,EQ,7976144,4068240,51.01
20,51,ADANITRANS,EQ,394360,141761,35.95
20,52,ADFFOODS,EQ,5784,3180,54.98
20,53,ADORWELD,EQ,3541,2851,80.51
20,54,ADSL,EQ,339806,106167,31.24
20,55,ADVANIHOTR,EQ,28469,17952,63.06
20,56,ADVENZYMES,EQ,64420,23104,35.86
20,57,AEGISCHEM,EQ,399081,158864,39.81
20,58,AFFLE,EQ,319765,115447,36.10
20,59,AGARIND,EQ,101774,39997,39.30
20,60,AGI,EQ,375972,175759,46.75
20,61,AGROPHOS,EQ,10516,10516,100.00
20,62,AGSTRA,EQ,366806,176941,48.24
20,63,AHLADA,EQ,65621,26179,39.89
20,64,AHLEAST,EQ,7035,3882,55.18
20,65,AHLUCONT,EQ,16567,6491,39.18
20,66,AIAENG,EQ,60347,53911,89.34
20,67,AILIMITED,SM,9000,9000,100.00
20,68,AIRAN,EQ,120013,67155,55.96
20,69,AIROLAM,EQ,18128,10579,58.36
20,70,AIRTELPP,E1,594706,473943,79.69
20,71,AJANTPHARM,EQ,66209,39974,60.38
20,72,AJMERA,EQ,92699,37704,40.67
20,73,AJOONI,EQ,27850,15428,55.40
20,74,AKASH,EQ,19591,17041,86.98
20,75,AKG,EQ,37752,20404,54.05
20,76,AKSHARCHEM,EQ,4707,2238,47.55
20,77,AKSHOPTFBR,EQ,666295,386467,58.00
20,78,AKZOINDIA,EQ,4270,2647,61.99
20,79,ALANKIT,EQ,1122914,548344,48.83
20,80,ALBERTDAVD,EQ,4026,2240,55.64
20,81,ALEMBICLTD,EQ,132327,53238,40.23
20,82,ALICON,EQ,9003,7972,88.55
20,83,ALKEM,EQ,476396,237327,49.82
20,84,ALKYLAMINE,EQ,51102,24014,46.99
20,85,ALLCARGO,EQ,173697,98797,56.88
20,86,ALLSEC,EQ,6606,4111,62.23
20,87,ALMONDZ,EQ,7716,3260,42.25
20,88,ALOKINDS,EQ,11639155,3098240,26.62
20,89,ALPA,EQ,38860,21125,54.36
20,90,ALPHAGEO,EQ,13726,6057,44.13
20,91,AMARAJABAT,EQ,400013,120875,30.22
20,92,AMBER,EQ,63503,16474,25.94
20,93,AMBICAAGAR,EQ,32546,16416,50.44
20,94,AMBIKCO,EQ,28088,10437,37.16
20,95,AMBUJACEM,EQ,10195371,2173132,21.31
20,96,AMDIND,EQ,52797,22030,41.73
20,97,AMIORG,EQ,90110,25988,28.84
20,98,AMJLAND,EQ,30977,20547,66.33
20,99,AMJUMBO,SM,16000,16000,100.00
20,100,AMRUTANJAN,EQ,24507,9693,39.55
20,101,ANANDRATHI,EQ,25676,11923,46.44
20,102,ANANTRAJ,EQ,1069854,383429,35.84
20,103,ANDHRACEMT,EQ,1849021,925084,50.03
20,104,ANDHRAPAP,EQ,19150,9327,48.70
20,105,ANDHRSUGAR,EQ,333224,113328,34.01
20,106,ANDREWYU,EQ,468764,266930,56.94
20,107,ANGELONE,EQ,1443583,306031,21.20
20,108,ANIKINDS,EQ,63272,52954,83.69
20,109,ANKITMETAL,EQ,439109,278728,63.48
20,110,ANMOL,EQ,7296,4178,57.26
20,111,ANSALHSG,EQ,97336,64894,66.67
20,112,ANUP,EQ,8911,4833,54.24
20,113,ANURAS,EQ,292017,92371,31.63
20,114,APARINDS,EQ,45072,19091,42.36
20,115,APCL,EQ,60080,28611,47.62
20,116,APCOTEXIND,EQ,139220,47087,33.82
20,117,APEX,EQ,156077,47493,30.43
20,118,APLAPOLLO,EQ,500795,187528,37.45
20,119,APLLTD,EQ,390207,145081,37.18
20,120,APOLLO,EQ,38398,22193,57.80
20,121,APOLLOHOSP,EQ,957908,415123,43.34
20,122,APOLLOPIPE,EQ,190668,106246,55.72
20,123,APOLLOTYRE,EQ,9735027,2045982,21.02
20,124,APOLSINHOT,EQ,1777,1016,57.18
20,125,APTECHT,EQ,71307,26653,37.38
20,126,APTUS,EQ,529490,260868,49.27
20,127,ARCHIDPLY,EQ,80704,46771,57.95
20,128,ARENTERP,EQ,2266,2221,98.01
20,129,ARIES,EQ,36800,17916,48.68
20,130,ARIHANTCAP,EQ,144767,62929,43.47
20,131,ARIHANTSUP,EQ,88428,35616,40.28
20,132,ARMANFIN,EQ,6419,3203,49.90
20,133,AROGRANITE,EQ,31947,18358,57.46
20,134,ARROWGREEN,EQ,4807,3566,74.18
20,135,ARSHIYA,EQ,426216,201018,47.16
20,136,ARSSINFRA,EQ,10607,6234,58.77
20,137,ARTEMISMED,EQ,146942,112359,76.46
20,138,ARTNIRMAN,EQ,6145,3306,53.80
20,139,ARVIND,EQ,1001769,438686,43.79
20,140,ARVINDFASN,EQ,315254,167588,53.16
20,141,ARVSMART,EQ,31117,20370,65.46
20,142,ASAHIINDIA,EQ,226623,122861,54.21
20,143,ASAHISONG,EQ,14156,8833,62.40
20,144,ASALCBR,EQ,14677,8251,56.22
20,145,ASHAPURMIN,EQ,358302,241196,67.32
20,146,ASHIANA,EQ,40340,18797,46.60
20,147,ASHIMASYN,EQ,256766,120273,46.84
20,148,ASHOKA,EQ,668179,265578,39.75
20,149,ASHOKLEY,EQ,26943740,7113597,26.40
20,150,ASIANENE,EQ,90545,38598,42.63
20,151,ASIANHOTNR,EQ,7264,6004,82.65
20,152,ASIANPAINT,EQ,1121729,543048,48.41
20,153,ASIANTILES,EQ,1210472,555816,45.92
20,154,ASPINWALL,EQ,13007,8486,65.24
20,155,ASTEC,EQ,37707,19453,51.59
20,156,ASTERDM,EQ,249919,120504,48.22
20,157,ASTRAL,EQ,659523,364081,55.20
20,158,ASTRAMICRO,EQ,206569,87074,42.15
20,159,ASTRAZEN,EQ,10794,6648,61.59
20,160,ASTRON,EQ,54810,25739,46.96
20,161,ATFL,EQ,5002,3678,73.53
20,162,ATGL,EQ,554235,293735,53.00
20,163,ATLANTA,EQ,56395,23194,41.13
20,164,ATUL,EQ,40495,15920,39.31
20,165,ATULAUTO,EQ,44690,20209,45.22
20,166,AUBANK,EQ,4128140,2110920,51.13
20,167,AURIONPRO,EQ,21571,11478,53.21
20,168,AUROPHARMA,EQ,1820308,659131,36.21
20,169,AUSOMENT,EQ,3569,2135,59.82
20,170,AUTOAXLES,EQ,3515,1723,49.02
20,171,AUTOBEES,EQ,12641,8674,68.62
20,172,AVADHSUGAR,EQ,188211,34730,18.45
20,173,AVANTIFEED,EQ,2163677,197235,9.12
20,174,AVG,SM,1200,1200,100.00
20,175,AVROIND,EQ,4612,4612,100.00
20,176,AVTNPL,EQ,215016,99106,46.09
20,177,AWHCL,EQ,61055,28949,47.41
20,178,AXISBANK,EQ,9618627,4477907,46.55
20,179,AXISBNKETF,EQ,5705,5283,92.60
20,180,AXISBPSETF,EQ,7507,5903,78.63
20,181,AXISCADES,EQ,44739,42338,94.63
20,182,AXISCETF,EQ,10217,5120,50.11
20,183,AXISGOLD,EQ,60874,41170,67.63
20,184,AXISHCETF,EQ,656,456,69.51
20,185,AXISNIFTY,EQ,5399,4704,87.13
20,186,AXISTECETF,EQ,1275,1114,87.37
20,187,AYMSYNTEX,EQ,58428,31411,53.76
20,188,BAFNAPH,EQ,1720,1205,70.06
20,189,BAJAJ-AUTO,EQ,633218,235554,37.20
20,190,BAJAJCON,EQ,730644,278194,38.08
20,191,BAJAJELEC,EQ,45907,14166,30.86
20,192,BAJAJFINSV,EQ,348764,83450,23.93
20,193,BAJAJHCARE,EQ,38014,16442,43.25
20,194,BAJAJHIND,EQ,11536988,4032995,34.96
20,195,BAJAJHLDNG,EQ,32276,10076,31.22
20,196,BAJFINANCE,EQ,2105315,786082,37.34
20,197,BALAJITELE,EQ,58439,30209,51.69
20,198,BALAMINES,EQ,131281,38903,29.63
20,199,BALAXI,EQ,5022,1577,31.40
20,200,BALKRISHNA,EQ,9719,7499,77.16
20,201,BALKRISIND,EQ,259808,112128,43.16
20,202,BALMLAWRIE,EQ,109849,64112,58.36
20,203,BALPHARMA,EQ,15361,8221,53.52
20,204,BALRAMCHIN,EQ,3634636,1064915,29.30
20,205,BANARBEADS,EQ,10148,4459,43.94
20,206,BANARISUG,EQ,1071,409,38.19
20,207,BANCOINDIA,EQ,48610,27953,57.50
20,208,BANDHANBNK,EQ,20382548,2882096,14.14
20,209,BANG,EQ,122926,81964,66.68
20,210,BANKA,EQ,6039,2380,39.41
20,211,BANKBARODA,EQ,31856215,6929137,21.75
20,212,BANKBEES,EQ,894298,503206,56.27
20,213,BANKINDIA,EQ,3817134,1112658,29.15
20,214,BANSWRAS,EQ,37216,19131,51.41
20,215,BARBEQUE,EQ,367619,224714,61.13
20,216,BASF,EQ,40676,13623,33.49
20,217,BASML,EQ,187671,86147,45.90
20,218,BATAINDIA,EQ,210158,41810,19.89
20,219,BAYERCROP,EQ,2967,1080,36.40
20,220,BBETF0432,EQ,5519,3687,66.81
20,221,BBL,EQ,12447,5119,41.13
20,222,BBOX,EQ,133205,78636,59.03
20,223,BBTC,EQ,62305,17148,27.52
20,224,BBTCL,SM,3000,2000,66.67
20,225,BCP,EQ,194406,134418,69.14
20,226,BDL,EQ,2329671,381940,16.39
20,227,BEARDSELL,EQ,35761,22129,61.88
20,228,BECTORFOOD,EQ,119257,39959,33.51
20,229,BEDMUTHA,EQ,22296,13520,60.64
20,230,BEL,EQ,4039429,1226135,30.35
20,231,BEML,EQ,85431,27588,32.29
20,232,BEPL,EQ,260551,127296,48.86
20,233,BERGEPAINT,EQ,366915,164668,44.88
20,234,BESTAGRO,EQ,24990,6859,27.45
20,235,BETA,SM,15200,10000,65.79
20,236,BEWLTD,SM,6000,5000,83.33
20,237,BFINVEST,EQ,9273,4622,49.84
20,238,BFUTILITIE,EQ,155749,34371,22.07
20,239,BGRENERGY,EQ,82408,46200,56.06
20,240,BHAGCHEM,EQ,2844,1761,61.92
20,241,BHAGERIA,EQ,11401,5200,45.61
20,242,BHAGYANGR,EQ,69609,19694,28.29
20,243,BHAGYAPROP,EQ,14131,11553,81.76
20,244,BHANDARI,EQ,313516,210581,67.17
20,245,BHARATFORG,EQ,2123113,817311,38.50
20,246,BHARATGEAR,EQ,24857,9508,38.25
20,247,BHARATRAS,EQ,5239,2386,45.54
20,248,BHARATWIRE,EQ,32184,17059,53.00
20,249,BHARTIARTL,EQ,11938252,7792196,65.27
20,250,BHEL,EQ,28207461,3368040,11.94
20,251,BIL,EQ,39604,20334,51.34
20,252,BINDALAGRO,EQ,170931,72156,42.21
20,253,BIOCON,EQ,691415,149602,21.64
20,254,BIOFILCHEM,EQ,19332,10877,56.26
20,255,BIRET,RR,48297,45006,93.19
20,256,BIRLACABLE,EQ,101154,39010,38.56
20,257,BIRLACORPN,EQ,112456,31854,28.33
20,258,BIRLAMONEY,EQ,133277,80247,60.21
20,259,BIRLATYRE,EQ,1421791,989513,69.60
20,260,BLBLIMITED,EQ,98721,55057,55.77
20,261,BLISSGVS,EQ,99103,50427,50.88
20,262,BLKASHYAP,EQ,74832,56229,75.14
20,263,BLS,EQ,464676,150384,32.36
20,264,BLUEDART,EQ,28094,10617,37.79
20,265,BLUESTARCO,EQ,52929,15474,29.24
20,266,BMETRICS,SM,30000,15600,52.00
20,267,BODALCHEM,EQ,405147,125589,31.00
20,268,BOMDYEING,EQ,2964717,510033,17.20
20,269,BOROLTD,EQ,58050,25840,44.51
20,270,BORORENEW,EQ,705226,185851,26.35
20,271,BOSCHLTD,EQ,28821,12666,43.95
20,272,BPCL,EQ,2257796,931127,41.24
20,273,BPL,EQ,48911,29514,60.34
20,274,BRIGADE,EQ,430997,179970,41.76
20,275,BRIGHT,SM,75000,57000,76.00
20,276,BRITANNIA,EQ,326757,120729,36.95
20,277,BRITANNIA,N2,2917,2286,78.37
20,278,BRITANNIA,N3,5122,5072,99.02
20,279,BRNL,EQ,44991,22249,49.45
20,280,BROOKS,EQ,21663,11516,53.16
20,281,BSE,EQ,1326154,438645,33.08
20,282,BSL,EQ,30921,12703,41.08
20,283,BSLGOLDETF,EQ,150946,150133,99.46
20,284,BSLNIFTY,EQ,54436,46205,84.88
20,285,BSLSENETFG,EQ,1883,1182,62.77
20,286,BSOFT,EQ,1707191,348464,20.41
20,287,BTML,SM,2400,2400,100.00
20,288,BURNPUR,EQ,337771,208177,61.63
20,289,BUTTERFLY,EQ,63216,47286,74.80
20,290,CALSOFT,EQ,96516,47882,49.61
20,291,CAMLINFINE,EQ,491769,320017,65.07
20,292,CAMPUS,EQ,3239264,540327,16.68
20,293,CAMS,EQ,226743,114598,50.54
20,294,CANBK,EQ,13271191,2416395,18.21
20,295,CANFINHOME,EQ,2106778,629066,29.86
20,296,CANTABIL,EQ,21332,6818,31.96
20,297,CAPACITE,EQ,84947,32494,38.25
20,298,CAPLIPOINT,EQ,253747,133053,52.44
20,299,CAPTRUST,EQ,16633,8776,52.76
20,300,CARBORUNIV,EQ,99174,49046,49.45
20,301,CAREERP,EQ,12811,8965,69.98
20,302,CARERATING,EQ,222472,163100,73.31
20,303,CARTRADE,EQ,65135,17488,26.85
20,304,CASTROLIND,EQ,481603,240783,50.00
20,305,CCCL,EQ,1297980,650677,50.13
20,306,CCHHL,EQ,52692,29282,55.57
20,307,CCL,EQ,235190,90174,38.34
20,308,CDSL,EQ,819706,348902,42.56
20,309,CEATLTD,EQ,147738,70277,47.57
20,310,CEBBCO,EQ,375024,175246,46.73
20,311,CELEBRITY,EQ,42294,23912,56.54
20,312,CENTENKA,EQ,48948,22077,45.10
20,313,CENTEXT,EQ,150596,84501,56.11
20,314,CENTRALBK,EQ,2614549,1026712,39.27
20,315,CENTRUM,EQ,361022,199924,55.38
20,316,CENTUM,EQ,3660,918,25.08
20,317,CENTURYPLY,EQ,106620,36925,34.63
20,318,CENTURYTEX,EQ,164462,59173,35.98
20,319,CERA,EQ,33870,11295,33.35
20,320,CEREBRAINT,EQ,132119,59536,45.06
20,321,CESC,EQ,1198600,597794,49.87
20,322,CGCL,EQ,47002,16745,35.63
20,323,CGPOWER,EQ,1745116,1319356,75.60
20,324,CHALET,EQ,200327,45044,22.49
20,325,CHAMBLFERT,EQ,1953558,295988,15.15
20,326,CHEMBOND,EQ,3104,1571,50.61
20,327,CHEMCON,EQ,47709,17659,37.01
20,328,CHEMPLASTS,EQ,308592,147888,47.92
20,329,CHENNPETRO,EQ,1570105,584889,37.25
20,330,CHOICEIN,EQ,38634,6528,16.90
20,331,CHOLAFIN,EQ,3701646,1099755,29.71
20,332,CHOLAHLDNG,EQ,29002,13105,45.19
20,333,CIGNITITEC,EQ,94339,38819,41.15
20,334,CINEVISTA,EQ,109995,93647,85.14
20,335,CIPLA,EQ,1734146,916765,52.87
20,336,CLEAN,EQ,168323,126306,75.04
20,337,CLEDUCATE,EQ,78318,46996,60.01
20,338,CLNINDIA,EQ,13281,5916,44.54
20,339,CLSEL,EQ,180712,86608,47.93
20,340,CMICABLES,EQ,17729,9938,56.06
20,341,CMSINFO,EQ,446846,218281,48.85
20,342,COALINDIA,EQ,11590435,3267730,28.19
20,343,COASTCORP,EQ,33606,12222,36.37
20,344,COCHINSHIP,EQ,171588,62930,36.68
20,345,COFFEEDAY,EQ,1201223,567642,47.26
20,346,COFORGE,EQ,459879,146493,31.85
20,347,COLPAL,EQ,328375,190284,57.95
20,348,COMPINFO,EQ,483595,237265,49.06
20,349,COMPUSOFT,EQ,46793,35363,75.57
20,350,CONCOR,EQ,1514147,767456,50.69
20,351,CONFIPET,EQ,339156,132287,39.00
20,352,CONSOFINVT,EQ,10085,4379,43.42
20,353,CONSUMBEES,EQ,10289,5346,51.96
20,354,CONTROLPR,EQ,9921,5019,50.59
20,355,COOLCAPS,SM,48000,15000,31.25
20,356,CORALFINAC,EQ,25320,16240,64.14
20,357,CORDSCABLE,EQ,21442,12737,59.40
20,358,COROMANDEL,EQ,568345,272712,47.98
20,359,COSMOFILMS,EQ,199046,73117,36.73
20,360,COUNCODOS,EQ,94702,55582,58.69
20,361,CPSEETF,EQ,873895,483747,55.36
20,362,CRAFTSMAN,EQ,41570,19878,47.82
20,363,CREATIVE,EQ,18497,10767,58.21
20,364,CREATIVEYE,EQ,1680,1680,100.00
20,365,CREDITACC,EQ,765012,267103,34.91
20,366,CREST,EQ,2544,2292,90.09
20,367,CRISIL,EQ,55211,33452,60.59
20,368,CROMPTON,EQ,1566459,1093960,69.84
20,369,CROWN,EQ,7025,4524,64.40
20,370,CSBBANK,EQ,217250,85821,39.50
20,371,CTE,EQ,10715,4125,38.50
20,372,CUB,EQ,693923,159096,22.93
20,373,CUBEXTUB,EQ,27314,15736,57.61
20,374,CUMMINSIND,EQ,540269,294385,54.49
20,375,CUPID,EQ,83860,51837,61.81
20,376,CYBERTECH,EQ,246007,90519,36.80
20,377,CYIENT,EQ,262580,137441,52.34
20,378,DAAWAT,EQ,2187539,554579,25.35
20,379,DABUR,EQ,2733902,1547879,56.62
20,380,DALBHARAT,EQ,115514,34292,29.69
20,381,DALMIASUG,EQ,121650,33038,27.16
20,382,DAMODARIND,EQ,38923,18741,48.15
20,383,DANGEE,EQ,31742,10371,32.67
20,384,DATAMATICS,EQ,132838,68788,51.78
20,385,DATAPATTNS,EQ,202085,56312,27.87
20,386,DBCORP,EQ,819192,176002,21.48
20,387,DBL,EQ,1021557,180154,17.64
20,388,DBSTOCKBRO,EQ,2931,1770,60.39
20,389,DCAL,EQ,505706,197757,39.11
20,390,DCBBANK,EQ,2386051,1436799,60.22
20,391,DCI,SM,18000,18000,100.00
20,392,DCM,EQ,65934,30115,45.67
20,393,DCMFINSERV,EQ,885,885,100.00
20,394,DCMNVL,EQ,42869,22932,53.49
20,395,DCMSHRIRAM,EQ,188770,103724,54.95
20,396,DCMSRIND,EQ,260792,114183,43.78
20,397,DCW,EQ,683362,328487,48.07
20,398,DECCANCE,EQ,7341,4347,59.22
20,399,DEEPAKFERT,EQ,284378,120859,42.50
20,400,DEEPAKNTR,EQ,947827,212112,22.38
20,401,DEEPINDS,EQ,159899,59949,37.49
20,402,DELPHIFX,EQ,5091,2442,47.97
20,403,DELTACORP,EQ,2384684,398876,16.73
20,404,DELTAMAGNT,EQ,12197,10878,89.19
20,405,DEN,EQ,1176538,373252,31.72
20,406,DENORA,EQ,24669,12617,51.15
20,407,DESTINY,SM,24000,24000,100.00
20,408,DEVYANI,EQ,2514061,1801483,71.66
20,409,DFMFOODS,EQ,71815,33905,47.21
20,410,DHANBANK,EQ,326253,158890,48.70
20,411,DHANI,EQ,1253822,730541,58.27
20,412,DHANILOANS,N6,17,17,100.00
20,413,DHANILOANS,N7,20,20,100.00
20,414,DHANILOANS,NH,70,70,100.00
20,415,DHANILOANS,NX,159,159,100.00
20,416,DHANUKA,EQ,21468,12566,58.53
20,417,DHANVARSHA,EQ,273194,134547,49.25
20,418,DHARAMSI,EQ,30774,17912,58.20
20,419,DHARSUGAR,EQ,209351,99303,47.43
20,420,DHRUV,EQ,32989,21789,66.05
20,421,DHUNINV,EQ,3123,1598,51.17
20,422,DIAMONDYD,EQ,8091,5763,71.23
20,423,DICIND,EQ,756,477,63.10
20,424,DIGISPICE,EQ,74059,42609,57.53
20,425,DIL,EQ,5158,1602,31.06
20,426,DISHTV,EQ,1896385,836015,44.08
20,427,DIVISLAB,EQ,436997,225031,51.49
20,428,DIVOPPBEES,EQ,11753,11275,95.93
20,429,DIXON,EQ,1067906,373269,34.95
20,430,DLF,EQ,5040759,935936,18.57
20,431,DLINKINDIA,EQ,187438,100168,53.44
20,432,DMART,EQ,546754,261869,47.90
20,433,DNAMEDIA,EQ,59985,50780,84.65
20,434,DODLA,EQ,8466,3839,45.35
20,435,DOLATALGO,EQ,95903,55851,58.24
20,436,DOLLAR,EQ,73815,24114,32.67
20,437,DONEAR,EQ,5302,3244,61.18
20,438,DPABHUSHAN,EQ,7355,4458,60.61
20,439,DPSCLTD,EQ,63619,42694,67.11
20,440,DPWIRES,EQ,33707,15232,45.19
20,441,DREDGECORP,EQ,44921,22328,49.71
20,442,DRREDDY,EQ,218401,86837,39.76
20,443,DSPN50ETF,EQ,5400,4475,82.87
20,444,DSPNEWETF,EQ,7152,3845,53.76
20,445,DSPQ50ETF,EQ,2042,1227,60.09
20,446,DSSL,EQ,67738,23970,35.39
20,447,DTIL,EQ,3306,1796,54.33
20,448,DUCON,EQ,341574,167653,49.08
20,449,DUGLOBAL,SM,8000,5000,62.50
20,450,DVL,EQ,20685,11196,54.13
20,451,DWARKESH,EQ,3864666,1007139,26.06
20,452,DYNAMATECH,EQ,4980,2042,41.00
20,453,DYNAMIC,SM,16000,16000,100.00
20,454,DYNPRO,EQ,33105,18825,56.86
20,455,E2E,EQ,3586,2904,80.98
20,456,EASEMYTRIP,EQ,1796238,1073017,59.74
20,457,EASTSILK,EQ,134659,91216,67.74
20,458,EBANK,EQ,44,14,31.82
20,459,EBBETF0423,EQ,1447,1385,95.72
20,460,EBBETF0425,EQ,5363,5361,99.96
20,461,EBBETF0430,EQ,14262,11427,80.12
20,462,EBBETF0431,EQ,12010,11085,92.30
20,463,ECLERX,EQ,18956,8345,44.02
20,464,ECLFINANCE,NG,1019,821,80.57
20,465,ECLFINANCE,NI,158,158,100.00
20,466,ECLFINANCE,NJ,196,196,100.00
20,467,ECLFINANCE,NO,341,341,100.00
20,468,ECLFINANCE,NP,900,900,100.00
20,469,ECLFINANCE,NQ,325,325,100.00
20,470,ECLFINANCE,NR,530,510,96.23
20,471,ECLFINANCE,NS,25,25,100.00
20,472,EDELWEISS,EQ,2027684,563620,27.80
20,473,EHFLNCD,N5,56,41,73.21
20,474,EHFLNCD,N6,235,235,100.00
20,475,EICHERMOT,EQ,650616,217826,33.48
20,476,EIDPARRY,EQ,238516,90767,38.05
20,477,EIFFL,EQ,2229,1172,52.58
20,478,EIHAHOTELS,EQ,43314,20950,48.37
20,479,EIHOTEL,EQ,670265,296518,44.24
20,480,EIMCOELECO,EQ,1965,1182,60.15
20,481,EKC,EQ,92024,63758,69.28
20,482,ELDEHSG,EQ,1180,756,64.07
20,483,ELECON,EQ,793562,279413,35.21
20,484,ELECTCAST,EQ,1936652,817505,42.21
20,485,ELECTHERM,EQ,23115,11298,48.88
20,486,ELGIEQUIP,EQ,919627,321104,34.92
20,487,EMAMILTD,EQ,1249915,226981,18.16
20,488,EMAMIPAP,EQ,58377,23434,40.14
20,489,EMAMIREAL,EQ,21789,15308,70.26
20,490,EMBASSY,RR,287028,237775,82.84
20,491,EMKAY,EQ,32469,16449,50.66
20,492,EMMBI,EQ,32921,19096,58.01
20,493,ENDURANCE,EQ,64141,12619,19.67
20,494,ENERGYDEV,EQ,160510,76656,47.76
20,495,ENGINERSIN,EQ,604058,330190,54.66
20,496,ENIL,EQ,58044,16611,28.62
20,497,EPL,EQ,134146,85356,63.63
20,498,EQUIPPP,EQ,10775,8408,78.03
20,499,EQUITAS,EQ,2307358,1211579,52.51
20,500,EQUITASBNK,EQ,2845067,1888099,66.36
20,501,ERFLNCDI,N4,30,30,100.00
20,502,ERIS,EQ,75930,33640,44.30
20,503,EROSMEDIA,EQ,292797,192182,65.64
20,504,ESABINDIA,EQ,35784,8674,24.24
20,505,ESCORTS,EQ,1163134,317239,27.27
20,506,ESSARSHPNG,EQ,159673,89970,56.35
20,507,ESTER,EQ,131026,64080,48.91
20,508,EUROBOND,SM,8000,8000,100.00
20,509,EUROTEXIND,EQ,210,210,100.00
20,510,EVEREADY,EQ,201825,109995,54.50
20,511,EVERESTIND,EQ,32037,10048,31.36
20,512,EXCELINDUS,EQ,36287,12754,35.15
20,513,EXIDEIND,EQ,1910199,558744,29.25
20,514,EXPLEOSOL,EQ,16655,5813,34.90
20,515,EXXARO,EQ,35488,18955,53.41
20,516,FACT,EQ,134433,38782,28.85
20,517,FAIRCHEMOR,EQ,9462,5355,56.59
20,518,FCL,EQ,406629,145117,35.69
20,519,FCONSUMER,EQ,11223192,8101178,72.18
20,520,FCSSOFT,EQ,4125169,3290504,79.77
20,521,FDC,EQ,50458,27902,55.30
20,522,FEDERALBNK,EQ,17971518,5071495,28.22
20,523,FEL,EQ,1599667,1088107,68.02
20,524,FIBERWEB,EQ,55293,25284,45.73
20,525,FIEMIND,EQ,20636,11215,54.35
20,526,FILATEX,EQ,363850,129714,35.65
20,527,FINCABLES,EQ,215771,72914,33.79
20,528,FINEORG,EQ,19886,5483,27.57
20,529,FINOPB,EQ,478601,436840,91.27
20,530,FINPIPE,EQ,269046,106117,39.44
20,531,FLFL,EQ,581477,311463,53.56
20,532,FMGOETZE,EQ,17015,15202,89.34
20,533,FMNL,EQ,290930,198528,68.24
20,534,FOCE,SM,2400,2400,100.00
20,535,FOODSIN,EQ,27123,14830,54.68
20,536,FORCEMOT,EQ,14128,4563,32.30
20,537,FORTIS,EQ,518519,318719,61.47
20,538,FOSECOIND,EQ,13179,7487,56.81
20,539,FRETAIL,EQ,488394,488394,100.00
20,540,FSC,EQ,169085,108582,64.22
20,541,FSL,EQ,1976661,443889,22.46
20,542,GABRIEL,EQ,131052,79267,60.49
20,543,GAEL,EQ,1108346,364280,32.87
20,544,GAIL,EQ,7584234,3126531,41.22
20,545,GAL,EQ,910221,631397,69.37
20,546,GALAXYSURF,EQ,14121,5930,41.99
20,547,GALLANTT,EQ,108687,50039,46.04
20,548,GALLISPAT,EQ,96025,40544,42.22
20,549,GANDHITUBE,EQ,1666,1139,68.37
20,550,GANECOS,EQ,116035,110368,95.12
20,551,GANESHBE,EQ,126725,45081,35.57
20,552,GANESHHOUC,EQ,97469,46087,47.28
20,553,GANGAFORGE,EQ,425888,259617,60.96
20,554,GANGESSECU,EQ,4313,1862,43.17
20,555,GARFIBRES,EQ,17204,11630,67.60
20,556,GATEWAY,EQ,370516,217903,58.81
20,557,GATI,EQ,699733,221635,31.67
20,558,GAYAPROJ,EQ,684525,417524,60.99
20,559,GEECEE,EQ,7529,2073,27.53
20,560,GEEKAYWIRE,EQ,22068,5393,24.44
20,561,GENCON,EQ,25599,16540,64.61
20,562,GENUSPAPER,EQ,501852,295707,58.92
20,563,GENUSPOWER,EQ,564048,257042,45.57
20,564,GEOJITFSL,EQ,287866,161635,56.15
20,565,GEPIL,EQ,65973,34958,52.99
20,566,GESHIP,EQ,388739,233100,59.96
20,567,GET&D,EQ,33944,16462,48.50
20,568,GFLLIMITED,EQ,251967,63346,25.14
20,569,GFSTEELS,EQ,11692,11692,100.00
20,570,GHCL,EQ,692885,298813,43.13
20,571,GICHSGFIN,EQ,65487,34334,52.43
20,572,GICL,SM,52500,52500,100.00
20,573,GICRE,EQ,497002,83834,16.87
20,574,GILLANDERS,EQ,26200,21764,83.07
20,575,GILLETTE,EQ,3349,1988,59.36
20,576,GILT5YBEES,EQ,47058,43331,92.08
20,577,GINNIFILA,EQ,132501,68104,51.40
20,578,GIPCL,EQ,290608,148633,51.15
20,579,GIRIRAJ,SM,1200,1200,100.00
20,580,GKWLIMITED,EQ,3101,1338,43.15
20,581,GLAND,EQ,141654,52191,36.84
20,582,GLAXO,EQ,24560,10547,42.94
20,583,GLENMARK,EQ,496624,140307,28.25
20,584,GLOBAL,EQ,85145,47785,56.12
20,585,GLOBALVECT,EQ,15252,12867,84.36
20,586,GLOBE,EQ,625089,322997,51.67
20,587,GLOBUSSPR,EQ,125962,56754,45.06
20,588,GLS,EQ,20078,10832,53.95
20,589,GMBREW,EQ,28346,11760,41.49
20,590,GMDCLTD,EQ,3760991,1016464,27.03
20,591,GMMPFAUDLR,EQ,13266,6930,52.24
20,592,GMRINFRA,EQ,8994513,2982945,33.16
20,593,GMRP&UI,EQ,665363,439175,66.01
20,594,GNA,EQ,36086,16390,45.42
20,595,GNFC,EQ,9621815,1111380,11.55
20,596,GOACARBON,EQ,40126,15276,38.07
20,597,GOCLCORP,EQ,12887,6476,50.25
20,598,GOCOLORS,EQ,82197,48749,59.31
20,599,GODFRYPHLP,EQ,19197,5933,30.91
20,600,GODREJAGRO,EQ,378265,109158,28.86
20,601,GODREJCP,EQ,4061765,1612441,39.70
20,602,GODREJIND,EQ,66839,23402,35.01
20,603,GODREJPROP,EQ,706967,168401,23.82
20,604,GOKEX,EQ,695387,230205,33.10
20,605,GOKUL,EQ,325587,137882,42.35
20,606,GOLDBEES,EQ,6268886,4234412,67.55
20,607,GOLDENTOBC,EQ,34498,16819,48.75
20,608,GOLDIAM,EQ,165208,63956,38.71
20,609,GOLDSHARE,EQ,79916,62126,77.74
20,610,GOLDTECH,EQ,67126,42422,63.20
20,611,GOODLUCK,EQ,68921,46750,67.83
20,612,GOODYEAR,EQ,5994,2604,43.44
20,613,GPIL,EQ,535874,206524,38.54
20,614,GPPL,EQ,403797,180787,44.77
20,615,GPTINFRA,EQ,205837,54039,26.25
20,616,GRANULES,EQ,438170,95220,21.73
20,617,GRAPHITE,EQ,466894,132959,28.48
20,618,GRASIM,EQ,487457,142369,29.21
20,619,GRAUWEIL,EQ,902694,214476,23.76
20,620,GREAVESCOT,EQ,4558366,1202768,26.39
20,621,GREENLAM,EQ,85970,65646,76.36
20,622,GREENPANEL,EQ,341089,159832,46.86
20,623,GREENPLY,EQ,111688,42661,38.20
20,624,GREENPOWER,EQ,2475870,1695834,68.49
20,625,GRINDWELL,EQ,101196,86983,85.95
20,626,GRINFRA,EQ,5632,2979,52.89
20,627,GROBTEA,EQ,317,226,71.29
20,628,GRPLTD,EQ,2805,1476,52.62
20,629,GRSE,EQ,344041,89371,25.98
20,630,GRWRHITECH,EQ,8945,5557,62.12
20,631,GSCLCEMENT,EQ,167894,48506,28.89
20,632,GSFC,EQ,2455422,898329,36.59
20,633,GSPL,EQ,1863917,616454,33.07
20,634,GTL,EQ,989435,532817,53.85
20,635,GTLINFRA,EQ,68899238,30307091,43.99
20,636,GTPL,EQ,177424,142259,80.18
20,637,GUFICBIO,EQ,113479,34329,30.25
20,638,GUJALKALI,EQ,792733,169203,21.34
20,639,GUJAPOLLO,EQ,5310,3410,64.22
20,640,GUJGASLTD,EQ,3597946,930159,25.85
20,641,GULFOILLUB,EQ,29584,15382,51.99
20,642,GULFPETRO,EQ,44166,25358,57.42
20,643,GULPOLY,EQ,48952,27663,56.51
20,644,HAL,EQ,1357690,300105,22.10
20,645,HAPPSTMNDS,EQ,564336,173596,30.76
20,646,HARIOMPIPE,EQ,232807,100028,42.97
20,647,HARRMALAYA,EQ,104066,33604,32.29
20,648,HATHWAY,EQ,2892929,1057434,36.55
20,649,HATSUN,EQ,482601,146189,30.29
20,650,HAVELLS,EQ,925407,268415,29.01
20,651,HBANKETF,EQ,2341,1892,80.82
20,652,HBLPOWER,EQ,3184619,657004,20.63
20,653,HBSL,EQ,23973,10741,44.80
20,654,HCC,EQ,11543577,3251767,28.17
20,655,HCG,EQ,65796,28855,43.86
20,656,HCL-INSYS,EQ,204420,153753,75.21
20,657,HCLTECH,EQ,2496626,1426750,57.15
20,658,HDFC,EQ,4905109,3191909,65.07
20,659,HDFC,W3,12000,11400,95.00
20,660,HDFCAMC,EQ,525367,186391,35.48
20,661,HDFCBANK,EQ,8384119,4443428,53.00
20,662,HDFCLIFE,EQ,3154166,1360947,43.15
20,663,HDFCMFGETF,EQ,782306,503049,64.30
20,664,HDFCNIFETF,EQ,174136,129216,74.20
20,665,HDFCSENETF,EQ,13218,7110,53.79
20,666,HEALTHY,EQ,25899,13398,51.73
20,667,HECPROJECT,EQ,965,793,82.18
20,668,HEG,EQ,203975,43515,21.33
20,669,HEIDELBERG,EQ,64402,33751,52.41
20,670,HEMIPROP,EQ,389473,142022,36.47
20,671,HERANBA,EQ,92324,40273,43.62
20,672,HERCULES,EQ,24268,11727,48.32
20,673,HERITGFOOD,EQ,43619,14813,33.96
20,674,HEROMOTOCO,EQ,691344,229246,33.16
20,675,HESTERBIO,EQ,3002,1124,37.44
20,676,HEXATRADEX,EQ,4271,3476,81.39
20,677,HFCL,EQ,6093786,1957251,32.12
20,678,HGINFRA,EQ,136107,40425,29.70
20,679,HGS,EQ,102214,49328,48.26
20,680,HIKAL,EQ,199826,55582,27.82
20,681,HIL,EQ,14857,8635,58.12
20,682,HIMATSEIDE,EQ,314415,142170,45.22
20,683,HINDALCO,EQ,17007818,7498962,44.09
20,684,HINDCOMPOS,EQ,3263,1459,44.71
20,685,HINDCON,EQ,14654,11569,78.95
20,686,HINDCOPPER,EQ,4512467,1141178,25.29
20,687,HINDMOTORS,EQ,196205,131599,67.07
20,688,HINDOILEXP,EQ,1173559,400178,34.10
20,689,HINDPETRO,EQ,2320541,653632,28.17
20,690,HINDUNILVR,EQ,2057239,1147055,55.76
20,691,HINDZINC,EQ,415655,196251,47.21
20,692,HIRECT,EQ,4835,2384,49.31
20,693,HISARMETAL,EQ,11452,5141,44.89
20,694,HITECH,EQ,66674,11894,17.84
20,695,HITECHCORP,EQ,4062,2154,53.03
20,696,HITECHGEAR,EQ,4870,3040,62.42
20,697,HLEGLAS,EQ,53748,22738,42.30
20,698,HLVLTD,EQ,183134,117223,64.01
20,699,HMVL,EQ,47837,23627,49.39
20,700,HNDFDS,EQ,3485,2049,58.79
20,701,HNGSNGBEES,EQ,939,780,83.07
20,702,HOMEFIRST,EQ,80452,32937,40.94
20,703,HONAUT,EQ,24056,8638,35.91
20,704,HONDAPOWER,EQ,3508,1783,50.83
20,705,HOVS,EQ,22452,8976,39.98
20,706,HPAL,EQ,128416,41535,32.34
20,707,HPIL,SM,60000,51000,85.00
20,708,HPL,EQ,72357,35448,48.99
20,709,HSCL,EQ,9204912,2085786,22.66
20,710,HTMEDIA,EQ,272504,145545,53.41
20,711,HUDCO,EQ,1411365,542743,38.46
20,712,HUDCO,N2,9167,5537,60.40
20,713,HUDCO,N4,25,20,80.00
20,714,HUDCO,N5,350,250,71.43
20,715,HUDCO,N8,1,1,100.00
20,716,HUDCO,NE,50,50,100.00
20,717,HUHTAMAKI,EQ,89282,33369,37.37
20,718,IBMFNIFTY,EQ,705,408,57.87
20,719,IBREALEST,EQ,10121943,2635565,26.04
20,720,IBUCCREDIT,N7,5,5,100.00
20,721,IBUCCREDIT,N9,20,20,100.00
20,722,IBUCCREDIT,NB,12,12,100.00
20,723,IBULHSGFIN,EQ,20822870,2354482,11.31
20,724,IBULHSGFIN,N8,8,8,100.00
20,725,IBULHSGFIN,NA,19403,19298,99.46
20,726,IBULHSGFIN,NE,560,502,89.64
20,727,IBULHSGFIN,NN,139,139,100.00
20,728,ICICI500,EQ,70860,50999,71.97
20,729,ICICI5GSEC,EQ,255,42,16.47
20,730,ICICIALPLV,EQ,77980,37606,48.23
20,731,ICICIAUTO,EQ,31818,22548,70.87
20,732,ICICIB22,EQ,373613,233680,62.55
20,733,ICICIBANK,EQ,15717043,8610043,54.78
20,734,ICICIBANKN,EQ,50742,46480,91.60
20,735,ICICIBANKP,EQ,20935,16005,76.45
20,736,ICICICONSU,EQ,40514,333,0.82
20,737,ICICIFMCG,EQ,14721,14019,95.23
20,738,ICICIGI,EQ,667977,329758,49.37
20,739,ICICIGOLD,EQ,248178,216493,87.23
20,740,ICICILIQ,EQ,146688,126432,86.19
20,741,ICICILOVOL,EQ,376508,251361,66.76
20,742,ICICIM150,EQ,19815,7487,37.78
20,743,ICICIMCAP,EQ,5805,4499,77.50
20,744,ICICINF100,EQ,11961,6509,54.42
20,745,ICICINIFTY,EQ,465439,358805,77.09
20,746,ICICINV20,EQ,21655,15962,73.71
20,747,ICICINXT50,EQ,1426945,1102944,77.29
20,748,ICICIPHARM,EQ,7064,4961,70.23
20,749,ICICIPRULI,EQ,588078,178849,30.41
20,750,ICICISENSX,EQ,9379,7142,76.15
20,751,ICICISILVE,EQ,648248,579214,89.35
20,752,ICICITECH,EQ,48935,31171,63.70
20,753,ICIL,EQ,568753,127325,22.39
20,754,ICRA,EQ,5579,3462,62.05
20,755,IDBI,EQ,7847331,2830519,36.07
20,756,IDBIGOLD,EQ,40,33,82.50
20,757,IDEA,EQ,115583664,27837457,24.08
20,758,IDFC,EQ,4985005,1089306,21.85
20,759,IDFCFIRSTB,EQ,34320610,9698780,28.26
20,760,IDFNIFTYET,EQ,332,265,79.82
20,761,IEX,EQ,8457087,2570987,30.40
20,762,IFBAGRO,EQ,9893,3049,30.82
20,763,IFBIND,EQ,575075,107354,18.67
20,764,IFCI,EQ,3545870,1409735,39.76
20,765,IFCI,NH,30,30,100.00
20,766,IFGLEXPOR,EQ,9031,4067,45.03
20,767,IGARASHI,EQ,50592,24779,48.98
20,768,IGL,EQ,8453530,2315293,27.39
20,769,IGPL,EQ,25814,12117,46.94
20,770,IIFCL,N4,540,540,100.00
20,771,IIFL,EQ,1105246,587842,53.19
20,772,IIFL,N4,1590,1380,86.79
20,773,IIFL,N6,2914,2657,91.18
20,774,IIFL,N7,296,296,100.00
20,775,IIFL,NC,20,20,100.00
20,776,IIFL,NE,300,300,100.00
20,777,IIFL,NF,876,719,82.08
20,778,IIFL,NH,80,80,100.00
20,779,IIFL,NJ,30,30,100.00
20,780,IIFL,NL,814,813,99.88
20,781,IIFL,NM,309,309,100.00
20,782,IIFLSEC,EQ,732704,239995,32.75
20,783,IIFLWAM,EQ,67482,41540,61.56
20,784,IIHFL,N4,30,30,100.00
20,785,IIHFL,N5,3056,2695,88.19
20,786,IIHFL,N6,170,170,100.00
20,787,IIHFL,N7,2000,2000,100.00
20,788,IIHFL,N8,10,10,100.00
20,789,IIHFL,N9,68,68,100.00
20,790,IIHFL,NC,100,100,100.00
20,791,IIHFL,ND,20,10,50.00
20,792,IIHFL,NE,10,10,100.00
20,793,IMAGICAA,EQ,179034,100543,56.16
20,794,IMFA,EQ,32858,13343,40.61
20,795,IMPAL,EQ,212,172,81.13
20,796,IMPEXFERRO,EQ,14097,14097,100.00
20,797,INCRED,N1,21,21,100.00
20,798,INCRED,N3,5,5,100.00
20,799,INCREDIBLE,EQ,4393,2932,66.74
20,800,INDBANK,EQ,543546,197490,36.33
20,801,INDHOTEL,EQ,8327170,4123638,49.52
20,802,INDIACEM,EQ,2312453,544511,23.55
20,803,INDIAGLYCO,EQ,258636,73259,28.33
20,804,INDIAMART,EQ,76235,11550,15.15
20,805,INDIANB,EQ,3117375,888832,28.51
20,806,INDIANCARD,EQ,39852,19132,48.01
20,807,INDIANHUME,EQ,42520,19291,45.37
20,808,INDIGO,EQ,422044,115605,27.39
20,809,INDIGOPNTS,EQ,25112,9622,38.32
20,810,INDIGRID,IV,636224,587321,92.31
20,811,INDIGRID,ND,441,441,100.00
20,812,INDIGRID,NJ,557,392,70.38
20,813,INDNIPPON,EQ,11839,6687,56.48
20,814,INDOAMIN,EQ,32162,15534,48.30
20,815,INDOBORAX,EQ,18873,6782,35.93
20,816,INDOCO,EQ,118556,62927,53.08
20,817,INDORAMA,EQ,332709,100894,30.32
20,818,INDOSTAR,EQ,158790,79092,49.81
20,819,INDOTECH,EQ,20865,13416,64.30
20,820,INDOTHAI,EQ,5708,3652,63.98
20,821,INDOWIND,EQ,288590,161447,55.94
20,822,INDRAMEDCO,EQ,75901,37688,49.65
20,823,INDSWFTLAB,EQ,82565,41343,50.07
20,824,INDSWFTLTD,EQ,17290,7947,45.96
20,825,INDTERRAIN,EQ,119366,53598,44.90
20,826,INDUSINDBK,EQ,2932319,912535,31.12
20,827,INDUSTOWER,EQ,8559896,2894284,33.81
20,828,INEOSSTYRO,EQ,60184,31012,51.53
20,829,INFIBEAM,EQ,6643806,3320249,49.98
20,830,INFOBEAN,EQ,49023,28235,57.60
20,831,INFOMEDIA,EQ,19077,10323,54.11
20,832,INFRABEES,EQ,5641,2829,50.15
20,833,INFY,EQ,6723761,4266241,63.45
20,834,INGERRAND,EQ,30400,16900,55.59
20,835,INNOVANA,SM,1000,1000,100.00
20,836,INNOVATIVE,SM,24000,24000,100.00
20,837,INOXLEISUR,EQ,784025,301301,38.43
20,838,INOXWIND,EQ,433121,110573,25.53
20,839,INSECTICID,EQ,171490,130887,76.32
20,840,INSPIRISYS,EQ,11316,10164,89.82
20,841,INTELLECT,EQ,822541,326158,39.65
20,842,INTENTECH,EQ,86331,37780,43.76
20,843,INTLCONV,EQ,64944,27464,42.29
20,844,INVENTURE,EQ,1716163,894886,52.14
20,845,IOB,EQ,2115060,875101,41.37
20,846,IOC,EQ,15067646,6960331,46.19
20,847,IOLCP,EQ,193177,75592,39.13
20,848,IONEXCHANG,EQ,9645,4725,48.99
20,849,IPCALAB,EQ,319208,224838,70.44
20,850,IPL,EQ,43180,17961,41.60
20,851,IRB,EQ,2108030,937361,44.47
20,852,IRBINVIT,IV,207665,182491,87.88
20,853,IRCON,EQ,668759,388092,58.03
20,854,IRCTC,EQ,3683558,1007096,27.34
20,855,IREDA,N2,5,5,100.00
20,856,IREDA,N5,10,10,100.00
20,857,IREDA,N7,200,200,100.00
20,858,IRFC,EQ,3492615,1747316,50.03
20,859,IRFC,N2,1100,1004,91.27
20,860,IRFC,N9,144,138,95.83
20,861,IRFC,NA,654,410,62.69
20,862,IRFC,NE,3,1,33.33
20,863,IRFC,NJ,1277,791,61.94
20,864,IRFC,NK,90,90,100.00
20,865,IRFC,NO,8281,5287,63.84
20,866,IRIS,EQ,26241,13551,51.64
20,867,IRISDOREME,EQ,43072,6093,14.15
20,868,ISEC,EQ,291052,140093,48.13
20,869,ISFT,EQ,23698,14268,60.21
20,870,ISGEC,EQ,40451,20247,50.05
20,871,ITBEES,EQ,1796966,1127109,62.72
20,872,ITC,EQ,11921627,5186121,43.50
20,873,ITDC,EQ,14098,5506,39.06
20,874,ITDCEM,EQ,206951,88689,42.86
20,875,ITI,EQ,95870,44249,46.16
20,876,IVC,EQ,496743,307723,61.95
20,877,IVP,EQ,13093,5496,41.98
20,878,IVZINGOLD,EQ,31,22,70.97
20,879,IVZINNIFTY,EQ,10,3,30.00
20,880,IWEL,EQ,462,252,54.55
20,881,IZMO,EQ,52973,28089,53.03
20,882,JAGRAN,EQ,189781,105434,55.56
20,883,JAGSNPHARM,EQ,131177,116569,88.86
20,884,JAIBALAJI,EQ,66626,30607,45.94
20,885,JAICORPLTD,EQ,3902048,427391,10.95
20,886,JAIPURKURT,EQ,2565,1835,71.54
20,887,JALAN,SM,6000,6000,100.00
20,888,JAMNAAUTO,EQ,1366076,456061,33.38
20,889,JASH,EQ,9256,5342,57.71
20,890,JAYAGROGN,EQ,72390,20601,28.46
20,891,JAYBARMARU,EQ,18266,9179,50.25
20,892,JAYNECOIND,EQ,177258,127708,72.05
20,893,JAYSREETEA,EQ,52095,24471,46.97
20,894,JBCHEPHARM,EQ,33714,19258,57.12
20,895,JBFIND,EQ,66980,57795,86.29
20,896,JBMA,EQ,68082,35486,52.12
20,897,JCHAC,EQ,7159,2963,41.39
20,898,JETFREIGHT,EQ,8725,4841,55.48
20,899,JETKNIT,SM,1500,1500,100.00
20,900,JHS,EQ,75227,43286,57.54
20,901,JINDALPHOT,EQ,12102,6353,52.50
20,902,JINDALPOLY,EQ,58531,23716,40.52
20,903,JINDALSAW,EQ,753497,284430,37.75
20,904,JINDALSTEL,EQ,8174027,2494569,30.52
20,905,JINDRILL,EQ,31897,21186,66.42
20,906,JISLDVREQS,EQ,7797,5526,70.87
20,907,JISLJALEQS,EQ,1683562,935867,55.59
20,908,J&KBANK,EQ,3261159,1039506,31.88
20,909,JKCEMENT,EQ,84589,29168,34.48
20,910,JKIL,EQ,611945,212844,34.78
20,911,JKLAKSHMI,EQ,185222,86671,46.79
20,912,JKPAPER,EQ,1422361,428266,30.11
20,913,JKTYRE,EQ,1852501,482157,26.03
20,914,JMA,EQ,14139,8310,58.77
20,915,JMCPROJECT,EQ,112920,38737,34.30
20,916,JMFINANCIL,EQ,809498,274266,33.88
20,917,JNPT,N1,1,1,100.00
20,918,JOCIL,EQ,11623,7269,62.54
20,919,JPASSOCIAT,EQ,6181679,2768538,44.79
20,920,JPINFRATEC,EQ,3078835,1553146,50.45
20,921,JPOLYINVST,EQ,5917,3391,57.31
20,922,JPPOWER,EQ,50231616,22251517,44.30
20,923,JSL,EQ,1573226,606775,38.57
20,924,JSLHISAR,EQ,356779,142064,39.82
20,925,JSLL,SM,14000,11000,78.57
20,926,JSWENERGY,EQ,633676,407841,64.36
20,927,JSWHL,EQ,663,429,64.71
20,928,JSWISPL,EQ,1494264,724853,48.51
20,929,JSWSTEEL,EQ,5567335,1824212,32.77
20,930,JTEKTINDIA,EQ,107955,70385,65.20
20,931,JTLINFRA,EQ,177267,115117,64.94
20,932,JUBLFOOD,EQ,2322936,712758,30.68
20,933,JUBLINDS,EQ,6768,2651,39.17
20,934,JUBLINGREA,EQ,382560,141762,37.06
20,935,JUBLPHARMA,EQ,85620,32306,37.73
20,936,JUNIORBEES,EQ,185522,113617,61.24
20,937,JUSTDIAL,EQ,498046,57866,11.62
20,938,JYOTHYLAB,EQ,237377,49146,20.70
20,939,KABRAEXTRU,EQ,74293,49768,66.99
20,940,KAJARIACER,EQ,56341,20519,36.42
20,941,KAKATCEM,EQ,7532,4563,60.58
20,942,KALPATPOWR,EQ,126063,45014,35.71
20,943,KALYANKJIL,EQ,2245479,846263,37.69
20,944,KAMATHOTEL,EQ,191779,71363,37.21
20,945,KAMDHENU,EQ,62128,29658,47.74
20,946,KANORICHEM,EQ,19127,13979,73.09
20,947,KANPRPLA,EQ,21314,16400,76.94
20,948,KANSAINER,EQ,114021,53097,46.57
20,949,KARURVYSYA,EQ,2854173,1236194,43.31
20,950,KAUSHALYA,EQ,60989,59693,97.88
20,951,KAVVERITEL,EQ,53688,27547,51.31
20,952,KAYA,EQ,14656,7769,53.01
20,953,KBCGLOBAL,EQ,10421876,6633087,63.65
20,954,KCP,EQ,151844,69592,45.83
20,955,KCPSUGIND,EQ,480237,166405,34.65
20,956,KDDL,EQ,11668,6008,51.49
20,957,KEC,EQ,132008,79261,60.04
20,958,KECL,EQ,83084,62034,74.66
20,959,KEERTI,EQ,3053,2344,76.78
20,960,KEI,EQ,286397,100800,35.20
20,961,KELLTONTEC,EQ,276487,194030,70.18
20,962,KENNAMET,EQ,15536,9269,59.66
20,963,KESORAMIND,EQ,673091,385133,57.22
20,964,KEYFINSERV,EQ,5356,2861,53.42
20,965,KHADIM,EQ,22368,10111,45.20
20,966,KHAICHEM,EQ,263981,133077,50.41
20,967,KICL,EQ,345,158,45.80
20,968,KILITCH,EQ,8491,5216,61.43
20,969,KIMS,EQ,17680,5746,32.50
20,970,KINGFA,EQ,6195,3606,58.21
20,971,KIOCL,EQ,50987,23619,46.32
20,972,KIRIINDUS,EQ,106529,41900,39.33
20,973,KIRLFER,EQ,162980,70380,43.18
20,974,KIRLOSBROS,EQ,10604,4564,43.04
20,975,KIRLOSENG,EQ,223727,163236,72.96
20,976,KIRLOSIND,EQ,3570,2534,70.98
20,977,KITEX,EQ,467625,110506,23.63
20,978,KKCL,EQ,217512,89863,41.31
20,979,KMSUGAR,EQ,529659,223160,42.13
20,980,KNAGRI,SM,115200,70400,61.11
20,981,KNRCON,EQ,426770,260446,61.03
20,982,KOKUYOCMLN,EQ,73639,34617,47.01
20,983,KOLTEPATIL,EQ,186382,66473,35.66
20,984,KOPRAN,EQ,132447,65064,49.12
20,985,KOTAKALPHA,EQ,264551,175997,66.53
20,986,KOTAKBANK,EQ,2737022,1671279,61.06
20,987,KOTAKBKETF,EQ,307416,233193,75.86
20,988,KOTAKGOLD,EQ,138571,79480,57.36
20,989,KOTAKIT,EQ,26723,20356,76.17
20,990,KOTAKLOVOL,EQ,6171,3691,59.81
20,991,KOTAKMID50,EQ,1298,895,68.95
20,992,KOTAKNIFTY,EQ,68490,31019,45.29
20,993,KOTAKNV20,EQ,7064,4606,65.20
20,994,KOTAKPSUBK,EQ,20224,13260,65.57
20,995,KOTARISUG,EQ,400467,151646,37.87
20,996,KOTHARIPET,EQ,154036,64570,41.92
20,997,KOTYARK,SM,1600,1600,100.00
20,998,KOVAI,EQ,1420,1000,70.42
20,999,KPIGREEN,EQ,46383,21032,45.34
20,1000,KPITTECH,EQ,1171080,539508,46.07
20,1001,KPRMILL,EQ,463876,204392,44.06
20,1002,KRBL,EQ,2438265,302118,12.39
20,1003,KREBSBIO,EQ,44053,13393,30.40
20,1004,KRIDHANINF,EQ,111865,74690,66.77
20,1005,KRISHANA,EQ,16932,11227,66.31
20,1006,KRISHIVAL,SM,165000,102000,61.82
20,1007,KRISHNADEF,SM,93000,66000,70.97
20,1008,KRITI,EQ,75999,31928,42.01
20,1009,KRITIKA,EQ,894,894,100.00
20,1010,KRSNAA,EQ,153764,106444,69.23
20,1011,KSB,EQ,45784,17413,38.03
20,1012,KSCL,EQ,97147,51577,53.09
20,1013,KSHITIJPOL,SM,46660,46660,100.00
20,1014,KSL,EQ,44427,22694,51.08
20,1015,KSOLVES,SM,8000,6400,80.00
20,1016,KTKBANK,EQ,1747584,878852,50.29
20,1017,KUANTUM,EQ,29538,10430,35.31
20,1018,LAGNAM,EQ,23525,14334,60.93
20,1019,LALPATHLAB,EQ,137934,44314,32.13
20,1020,LAMBODHARA,EQ,25937,12894,49.71
20,1021,LANCER,EQ,14555,8301,57.03
20,1022,LAOPALA,EQ,321185,184229,57.36
20,1023,LASA,EQ,68807,48787,70.90
20,1024,LATENTVIEW,EQ,453070,190386,42.02
20,1025,LAURUSLABS,EQ,1011181,418055,41.34
20,1026,LAXMICOT,EQ,10576,8814,83.34
20,1027,LAXMIMACH,EQ,11207,4359,38.90
20,1028,LCCINFOTEC,EQ,93028,77064,82.84
20,1029,LEMERITE,ST,268800,238400,88.69
20,1030,LEMONTREE,EQ,3321495,949600,28.59
20,1031,LEXUS,SM,23000,23000,100.00
20,1032,LFIC,EQ,1297,388,29.92
20,1033,LGBBROSLTD,EQ,49149,18783,38.22
20,1034,LGBFORGE,EQ,206276,109219,52.95
20,1035,LIBAS,EQ,687216,147971,21.53
20,1036,LIBERTSHOE,EQ,85184,41339,48.53
20,1037,LICHSGFIN,EQ,2659692,795562,29.91
20,1038,LICNETFGSC,EQ,8201,5773,70.39
20,1039,LICNETFN50,EQ,1377,657,47.71
20,1040,LICNETFSEN,EQ,695,602,86.62
20,1041,LICNFNHGP,EQ,2436,1261,51.77
20,1042,LIKHITHA,EQ,16854,7845,46.55
20,1043,LINC,EQ,5596,2641,47.19
20,1044,LINCOLN,EQ,17318,10550,60.92
20,1045,LINDEINDIA,EQ,62171,27464,44.17
20,1046,LIQUIDBEES,EQ,2187475,2086614,95.39
20,1047,LIQUIDETF,EQ,61446,56732,92.33
20,1048,LODHA,EQ,137378,77246,56.23
20,1049,LOKESHMACH,EQ,112556,61685,54.80
20,1050,LOTUSEYE,EQ,7265,4431,60.99
20,1051,LOVABLE,EQ,30183,16986,56.28
20,1052,LPDC,EQ,124136,84452,68.03
20,1053,LSIL,EQ,4084729,2098223,51.37
20,1054,LT,EQ,4328846,2235594,51.64
20,1055,L&TFH,EQ,8353983,1215773,14.55
20,1056,L&TFINANCE,NC,688,588,85.47
20,1057,L&TFINANCE,NE,105,105,100.00
20,1058,L&TFINANCE,NG,156,155,99.36
20,1059,L&TFINANCE,NI,300,280,93.33
20,1060,L&TFINANCE,NW,10,10,100.00
20,1061,L&TFINANCE,Y3,362,335,92.54
20,1062,L&TFINANCE,Y5,341,341,100.00
20,1063,L&TFINANCE,Y9,33,33,100.00
20,1064,LTGILTBEES,EQ,11327,9961,87.94
20,1065,LTI,EQ,574894,226121,39.33
20,1066,LTTS,EQ,240723,82748,34.37
20,1067,LUMAXIND,EQ,3859,2546,65.98
20,1068,LUMAXTECH,EQ,103627,59565,57.48
20,1069,LUPIN,EQ,894546,359667,40.21
20,1070,LUXIND,EQ,29919,11646,38.93
20,1071,LXCHEM,EQ,721489,234514,32.50
20,1072,LYKALABS,EQ,40284,31732,78.77
20,1073,LYPSAGEMS,EQ,30536,19230,62.97
20,1074,MAANALU,EQ,21517,9690,45.03
20,1075,MACPOWER,EQ,3859,1139,29.52
20,1076,MADHAV,EQ,5305,2748,51.80
20,1077,MADHAVBAUG,SM,6400,6400,100.00
20,1078,MADRASFERT,EQ,335419,123378,36.78
20,1079,MAESGETF,EQ,3538,3099,87.59
20,1080,MAFANG,EQ,822860,550798,66.94
20,1081,MAFSETF,EQ,173080,137807,79.62
20,1082,MAGADSUGAR,EQ,103181,28302,27.43
20,1083,MAGNUM,EQ,46872,44908,95.81
20,1084,MAHABANK,EQ,2631592,1159599,44.06
20,1085,MAHAPEXLTD,EQ,1400,353,25.21
20,1086,MAHASTEEL,EQ,18476,9380,50.77
20,1087,MAHEPC,EQ,70542,39886,56.54
20,1088,MAHESHWARI,EQ,56044,30609,54.62
20,1089,MAHICKRA,SM,9000,9000,100.00
20,1090,MAHINDCIE,EQ,409327,125242,30.60
20,1091,MAHKTECH,EQ,218525,124803,57.11
20,1092,MAHLIFE,EQ,524715,195760,37.31
20,1093,MAHLOG,EQ,48375,17476,36.13
20,1094,MAHSCOOTER,EQ,3903,2706,69.33
20,1095,MAHSEAMLES,EQ,86051,35502,41.26
20,1096,MAITHANALL,EQ,66251,20580,31.06
20,1097,MALLCOM,EQ,911,434,47.64
20,1098,MALUPAPER,EQ,7549,4724,62.58
20,1099,MAM150ETF,EQ,49165,34075,69.31
20,1100,MAMFGETF,EQ,1647,1379,83.73
20,1101,MAN50ETF,EQ,50703,49755,98.13
20,1102,MANAKALUCO,EQ,136090,70236,51.61
20,1103,MANAKCOAT,EQ,88136,43317,49.15
20,1104,MANAKSIA,EQ,130671,62419,47.77
20,1105,MANAKSTEEL,EQ,1151792,422730,36.70
20,1106,MANALIPETC,EQ,826267,254900,30.85
20,1107,MANAPPURAM,EQ,5266455,1826855,34.69
20,1108,MANGALAM,EQ,15820,9556,60.40
20,1109,MANGCHEFER,EQ,500736,224642,44.86
20,1110,MANGLMCEM,EQ,47498,25793,54.30
20,1111,MANINDS,EQ,217079,90591,41.73
20,1112,MANINFRA,EQ,208522,117018,56.12
20,1113,MANORG,EQ,10168,6950,68.35
20,1114,MANUGRAPH,EQ,4698,4048,86.16
20,1115,MANXT50,EQ,1366,991,72.55
20,1116,MANYAVAR,EQ,101780,38772,38.09
20,1117,MAPMYINDIA,EQ,294495,86429,29.35
20,1118,MARALOVER,EQ,94958,54027,56.90
20,1119,MARATHON,EQ,49706,23997,48.28
20,1120,MARICO,EQ,1648726,521751,31.65
20,1121,MARINE,EQ,250207,176062,70.37
20,1122,MARKSANS,EQ,756733,381664,50.44
20,1123,MARSHALL,EQ,23523,13519,57.47
20,1124,MARUTI,EQ,703097,280955,39.96
20,1125,MASFIN,EQ,57660,23829,41.33
20,1126,MASPTOP50,EQ,169712,128536,75.74
20,1127,MASTEK,EQ,91139,30839,33.84
20,1128,MATRIMONY,EQ,901060,141744,15.73
20,1129,MAWANASUG,EQ,208595,143192,68.65
20,1130,MAXHEALTH,EQ,814850,521846,64.04
20,1131,MAXIND,EQ,74068,57693,77.89
20,1132,MAXVIL,EQ,52842,31018,58.70
20,1133,MAYURUNIQ,EQ,177557,71509,40.27
20,1134,MAZDA,EQ,2839,2001,70.48
20,1135,MAZDOCK,EQ,404839,121166,29.93
20,1136,MBAPL,EQ,86091,50305,58.43
20,1137,MBLINFRA,EQ,89003,63420,71.26
20,1138,MCDOWELL-N,EQ,2148295,830686,38.67
20,1139,MCLEODRUSS,EQ,292379,166801,57.05
20,1140,MCX,EQ,487442,216932,44.50
20,1141,MEDICAMEQ,EQ,27582,15450,56.01
20,1142,MEDPLUS,EQ,237448,142182,59.88
20,1143,MEGASOFT,EQ,226842,165165,72.81
20,1144,MEGASTAR,EQ,36499,20541,56.28
20,1145,MENONBE,EQ,56246,23122,41.11
20,1146,MEP,EQ,1748130,1456422,83.31
20,1147,MERCATOR,EQ,540637,443106,81.96
20,1148,METROBRAND,EQ,74621,14258,19.11
20,1149,METROPOLIS,EQ,67372,15144,22.48
20,1150,MFL,EQ,156034,40790,26.14
20,1151,MFSL,EQ,372416,151299,40.63
20,1152,MGEL,EQ,105993,83166,78.46
20,1153,MGL,EQ,569239,142245,24.99
20,1154,MHHL,SM,27000,15000,55.56
20,1155,MHLXMIRU,EQ,3007,2020,67.18
20,1156,MHRIL,EQ,531486,194895,36.67
20,1157,MICEL,EQ,108255,63938,59.06
20,1158,MID150BEES,EQ,201371,132039,65.57
20,1159,MIDHANI,EQ,280078,92197,32.92
20,1160,MINDACORP,EQ,958413,377888,39.43
20,1161,MINDAIND,EQ,206481,90156,43.66
20,1162,MINDSPACE,RR,60019,55261,92.07
20,1163,MINDTECK,EQ,35104,17520,49.91
20,1164,MINDTREE,EQ,757233,190090,25.10
20,1165,MIRCELECTR,EQ,543783,353862,65.07
20,1166,MIRZAINT,EQ,793738,319241,40.22
20,1167,MITCON,EQ,15144,10502,69.35
20,1168,MITTAL,EQ,50736,38452,75.79
20,1169,MKPL,SM,2000,2000,100.00
20,1170,M&M,EQ,4956950,3342114,67.42
20,1171,M&MFIN,EQ,4827037,1877388,38.89
20,1172,M&MFIN,N2,500,500,100.00
20,1173,MMFL,EQ,17442,8994,51.57
20,1174,MMP,EQ,28689,16244,56.62
20,1175,MMTC,EQ,2220492,683428,30.78
20,1176,MODISNME,EQ,25496,14975,58.73
20,1177,MOGSEC,EQ,7003,5100,72.83
20,1178,MOHITIND,EQ,66116,22740,34.39
20,1179,MOIL,EQ,604569,310792,51.41
20,1180,MOKSH,EQ,111718,111718,100.00
20,1181,MOL,EQ,2089515,643527,30.80
20,1182,MOLDTECH,EQ,356424,80172,22.49
20,1183,MOLDTKPAC,EQ,51857,20401,39.34
20,1184,MOLOWVOL,EQ,553,291,52.62
20,1185,MOM100,EQ,179652,116999,65.13
20,1186,MOM50,EQ,3101,2068,66.69
20,1187,MOMOMENTUM,EQ,3346,2979,89.03
20,1188,MON100,EQ,356077,237939,66.82
20,1189,MONARCH,EQ,40288,23820,59.12
20,1190,MONQ50,EQ,16364,11900,72.72
20,1191,MONTECARLO,EQ,36243,13584,37.48
20,1192,MOREPENLAB,EQ,1248784,427272,34.22
20,1193,MOTHERSUMI,EQ,7454772,1610305,21.60
20,1194,MOTILALOFS,EQ,82937,33587,40.50
20,1195,MOTOGENFIN,EQ,4001,3324,83.08
20,1196,MPHASIS,EQ,417695,147284,35.26
20,1197,MPSLTD,EQ,5170,3009,58.20
20,1198,MRF,EQ,28470,4658,16.36
20,1199,MRO-TEK,EQ,38648,16641,43.06
20,1200,MRPL,EQ,12310226,3215069,26.12
20,1201,MSPL,EQ,851561,457459,53.72
20,1202,MSTCLTD,EQ,232221,84009,36.18
20,1203,MSUMI,EQ,3354650,1986250,59.21
20,1204,MTARTECH,EQ,72689,25072,34.49
20,1205,MTEDUCARE,EQ,55993,27722,49.51
20,1206,MTNL,EQ,1154160,449209,38.92
20,1207,MUKANDLTD,EQ,69168,41065,59.37
20,1208,MUNJALAU,EQ,52703,29726,56.40
20,1209,MUNJALSHOW,EQ,11569,5364,46.37
20,1210,MURUDCERA,EQ,35757,22835,63.86
20,1211,MUTHOOTCAP,EQ,6255,4051,64.76
20,1212,MUTHOOTFIN,EQ,388637,164349,42.29
20,1213,NABARD,N2,795,558,70.19
20,1214,NACLIND,EQ,121408,60981,50.23
20,1215,NAGAFERT,EQ,555326,347500,62.58
20,1216,NAGREEKEXP,EQ,19921,11171,56.08
20,1217,NAHARCAP,EQ,52495,16649,31.72
20,1218,NAHARINDUS,EQ,131251,64364,49.04
20,1219,NAHARPOLY,EQ,45308,31181,68.82
20,1220,NAM-INDIA,EQ,541076,104664,19.34
20,1221,NATCOPHARM,EQ,181235,109924,60.65
20,1222,NATHBIOGEN,EQ,44143,27562,62.44
20,1223,NATIONALUM,EQ,20367885,6449596,31.67
20,1224,NAUKRI,EQ,600628,241960,40.28
20,1225,NAVINFLUOR,EQ,173653,39328,22.65
20,1226,NAVKARCORP,EQ,1188071,588632,49.55
20,1227,NAVNETEDUL,EQ,140734,87473,62.15
20,1228,NAZARA,EQ,875386,150157,17.15
20,1229,NBCC,EQ,3671851,916379,24.96
20,1230,NBIFIN,EQ,312,158,50.64
20,1231,NBVENTURES,EQ,589523,184078,31.22
20,1232,NCC,EQ,3414159,1247116,36.53
20,1233,NCLIND,EQ,117761,44933,38.16
20,1234,NDGL,EQ,764,317,41.49
20,1235,NDL,EQ,75664,44989,59.46
20,1236,NDRAUTO,EQ,22479,7308,32.51
20,1237,NDTV,EQ,51205,29307,57.23
20,1238,NECCLTD,EQ,53299,29300,54.97
20,1239,NECLIFE,EQ,260704,101842,39.06
20,1240,NELCAST,EQ,84023,39482,46.99
20,1241,NELCO,EQ,55606,31134,55.99
20,1242,NEOGEN,EQ,102484,41569,40.56
20,1243,NESCO,EQ,28441,17265,60.70
20,1244,NESTLEIND,EQ,55439,29797,53.75
20,1245,NETF,EQ,13706,12599,91.92
20,1246,NETWORK18,EQ,2565801,1103768,43.02
20,1247,NEULANDLAB,EQ,49310,16749,33.97
20,1248,NEWGEN,EQ,168759,89873,53.26
20,1249,NFL,EQ,1933618,692203,35.80
20,1250,NGIL,EQ,15983,14168,88.64
20,1251,NH,EQ,94988,56194,59.16
20,1252,NHAI,N2,2660,2344,88.12
20,1253,NHAI,N4,555,550,99.10
20,1254,NHAI,N6,2224,2193,98.61
20,1255,NHAI,N8,3003,2307,76.82
20,1256,NHAI,NA,5748,5026,87.44
20,1257,NHAI,NE,5204,5000,96.08
20,1258,NHBTF2014,N4,11,11,100.00
20,1259,NHBTF2014,N6,732,732,100.00
20,1260,NHPC,EQ,7446075,3216185,43.19
20,1261,NHPC,N1,2,1,50.00
20,1262,NHPC,N5,3,3,100.00
20,1263,NHPC,N6,200,100,50.00
20,1264,NIACL,EQ,188689,69320,36.74
20,1265,NIBL,EQ,21640,13507,62.42
20,1266,NIDAN,SM,17000,13000,76.47
20,1267,NIF100BEES,EQ,47982,30684,63.95
20,1268,NIFTYBEES,EQ,4861805,3027045,62.26
20,1269,NIITLTD,EQ,416507,211929,50.88
20,1270,NILAINFRA,EQ,214051,122890,57.41
20,1271,NILASPACES,EQ,1110612,851422,76.66
20,1272,NILKAMAL,EQ,1691,737,43.58
20,1273,NIPPOBATRY,EQ,2973,2316,77.90
20,1274,NIRAJ,EQ,6487,2068,31.88
20,1275,NITCO,EQ,19834,15504,78.17
20,1276,NITINSPIN,EQ,346574,214723,61.96
20,1277,NITIRAJ,EQ,25148,12842,51.07
20,1278,NKIND,EQ,4017,2286,56.91
20,1279,NLCINDIA,EQ,7285946,1959185,26.89
20,1280,NMDC,EQ,6134994,2307563,37.61
20,1281,NOCIL,EQ,492878,160152,32.49
20,1282,NOIDATOLL,EQ,171773,150239,87.46
20,1283,NOVARTIND,EQ,7923,5031,63.50
20,1284,NPBET,EQ,26137,23799,91.05
20,1285,NPST,SM,1600,1600,100.00
20,1286,NRAIL,EQ,9738,5767,59.22
20,1287,NRBBEARING,EQ,92768,44220,47.67
20,1288,NRL,SM,53900,44000,81.63
20,1289,NSIL,EQ,1052,855,81.27
20,1290,NTPC,EQ,22913410,12625635,55.10
20,1291,NTPC,N4,480,480,100.00
20,1292,NTPC,N6,130,70,53.85
20,1293,NTPC,N7,194855,192676,98.88
20,1294,NTPC,ND,610,610,100.00
20,1295,NUCLEUS,EQ,12900,6679,51.78
20,1296,NURECA,EQ,22095,9652,43.68
20,1297,NUVOCO,EQ,97006,43380,44.72
20,1298,NV20BEES,EQ,7799,4640,59.49
20,1299,NXTDIGITAL,EQ,2159,967,44.79
20,1300,NYKAA,EQ,883051,165957,18.79
20,1301,OAL,EQ,45725,26870,58.76
20,1302,OBCL,EQ,19936,13775,69.10
20,1303,OBEROIRLTY,EQ,988511,423080,42.80
20,1304,OCCL,EQ,7499,3629,48.39
20,1305,OFSS,EQ,259290,104073,40.14
20,1306,OIL,EQ,1004800,379377,37.76
20,1307,OILCOUNTUB,EQ,30671,18378,59.92
20,1308,OLECTRA,EQ,275601,156017,56.61
20,1309,OMAXAUTO,EQ,70219,32428,46.18
20,1310,OMAXE,EQ,422416,50472,11.95
20,1311,OMINFRAL,EQ,89343,49430,55.33
20,1312,OMKARCHEM,EQ,57910,33995,58.70
20,1313,ONELIFECAP,EQ,3683,2590,70.32
20,1314,ONEPOINT,EQ,99735,69885,70.07
20,1315,ONGC,EQ,12934346,5302577,41.00
20,1316,ONMOBILE,EQ,2201314,364421,16.55
20,1317,ONWARDTEC,EQ,37517,18738,49.95
20,1318,OPTIEMUS,EQ,485094,154107,31.77
20,1319,ORBTEXP,EQ,34396,20352,59.17
20,1320,ORCHPHARMA,EQ,11820,5975,50.55
20,1321,ORICONENT,EQ,202664,130576,64.43
20,1322,ORIENTABRA,EQ,78347,43076,54.98
20,1323,ORIENTALTL,EQ,38883,27601,70.98
20,1324,ORIENTBELL,EQ,9698,4116,42.44
20,1325,ORIENTCEM,EQ,783669,317293,40.49
20,1326,ORIENTELEC,EQ,576924,430478,74.62
20,1327,ORIENTHOT,EQ,207549,81965,39.49
20,1328,ORIENTLTD,EQ,15076,4692,31.12
20,1329,ORIENTPPR,EQ,1074002,340624,31.72
20,1330,ORISSAMINE,EQ,17533,7543,43.02
20,1331,ORTINLAB,EQ,19192,11244,58.59
20,1332,OSIAHYPER,SM,17600,13200,75.00
20,1333,OSWALAGRO,EQ,148687,115919,77.96
20,1334,OSWALSEEDS,SM,4000,4000,100.00
20,1335,PAGEIND,EQ,25039,10913,43.58
20,1336,PAISALO,EQ,164276,64945,39.53
20,1337,PANACEABIO,EQ,39772,20743,52.15
20,1338,PANAMAPET,EQ,211414,63780,30.17
20,1339,PAR,EQ,5454,3034,55.63
20,1340,PARACABLES,EQ,257484,153678,59.68
20,1341,PARAGMILK,EQ,262920,156263,59.43
20,1342,PARAS,EQ,112717,30729,27.26
20,1343,PARSVNATH,EQ,187936,98511,52.42
20,1344,PARTYCRUS,SM,2000,2000,100.00
20,1345,PASUPTAC,EQ,142200,65261,45.89
20,1346,PATELENG,EQ,431876,265108,61.39
20,1347,PATINTLOG,EQ,47714,25019,52.44
20,1348,PATINTPP,E1,100744,43584,43.26
20,1349,PAVNAIND,SM,2400,1600,66.67
20,1350,PAYTM,EQ,4288609,755902,17.63
20,1351,PBAINFRA,EQ,8974,3939,43.89
20,1352,PCBL,EQ,1851670,1099558,59.38
20,1353,PCHFL,NA,270,250,92.59
20,1354,PCJEWELLER,EQ,1372168,639703,46.62
20,1355,PDMJEPAPER,EQ,137570,66927,48.65
20,1356,PDSL,EQ,3575,3120,87.27
20,1357,PEARLPOLY,EQ,23513,16712,71.08
20,1358,PEL,EQ,538541,225033,41.79
20,1359,PENIND,EQ,404580,204350,50.51
20,1360,PENTAGOLD,SM,6000,6000,100.00
20,1361,PERSISTENT,EQ,321784,130527,40.56
20,1362,PETRONET,EQ,2749152,1702984,61.95
20,1363,PFC,EQ,3894396,2025925,52.02
20,1364,PFC,N8,125,125,100.00
20,1365,PFIZER,EQ,19110,8286,43.36
20,1366,PFOCUS,EQ,14168,6699,47.28
20,1367,PFS,EQ,602620,344461,57.16
20,1368,PGEL,EQ,32093,14675,45.73
20,1369,PGHH,EQ,3092,1880,60.80
20,1370,PGHL,EQ,6776,4039,59.61
20,1371,PGIL,EQ,13351,8034,60.18
20,1372,PGINVIT,IV,325786,281650,86.45
20,1373,PHARMABEES,EQ,1161751,1108836,95.45
20,1374,PHOENIXLTD,EQ,361413,290138,80.28
20,1375,PIDILITIND,EQ,329176,126474,38.42
20,1376,PIIND,EQ,198669,86347,43.46
20,1377,PILANIINVS,EQ,2011,611,30.38
20,1378,PILITA,EQ,526321,268899,51.09
20,1379,PIONDIST,EQ,33969,14284,42.05
20,1380,PIONEEREMB,EQ,55620,34534,62.09
20,1381,PITTIENG,EQ,143253,42436,29.62
20,1382,PIXTRANS,EQ,24073,13023,54.10
20,1383,PLASTIBLEN,EQ,12201,7677,62.92
20,1384,PNB,EQ,63258378,17235161,27.25
20,1385,PNBGILTS,EQ,247560,118025,47.68
20,1386,PNBHOUSING,EQ,185406,62003,33.44
20,1387,PNCINFRA,EQ,166888,87628,52.51
20,1388,PODDARHOUS,EQ,2726,1426,52.31
20,1389,PODDARMENT,EQ,4131,2882,69.77
20,1390,POKARNA,EQ,48751,22879,46.93
20,1391,POLICYBZR,EQ,3067302,856937,27.94
20,1392,POLYCAB,EQ,586359,173027,29.51
20,1393,POLYMED,EQ,36609,15165,41.42
20,1394,POLYPLEX,EQ,352541,137543,39.01
20,1395,PONNIERODE,EQ,28157,11717,41.61
20,1396,POONAWALLA,EQ,20530928,3777455,18.40
20,1397,POONAWALLA,N7,21,21,100.00
20,1398,POWERGRID,EQ,11305915,6195650,54.80
20,1399,POWERINDIA,EQ,77970,22923,29.40
20,1400,POWERMECH,EQ,40264,24978,62.04
20,1401,PPAP,EQ,7505,4795,63.89
20,1402,PPL,EQ,169865,55933,32.93
20,1403,PRAJIND,EQ,766020,306268,39.98
20,1404,PRAKASH,EQ,544657,180975,33.23
20,1405,PRAKASHSTL,EQ,1673168,833670,49.83
20,1406,PRAXIS,EQ,12013,11256,93.70
20,1407,PRECAM,EQ,124835,53073,42.51
20,1408,PRECISION,SM,24000,14000,58.33
20,1409,PRECOT,EQ,5474,2772,50.64
20,1410,PRECWIRE,EQ,46972,29222,62.21
20,1411,PREMIER,EQ,89981,47789,53.11
20,1412,PREMIERPOL,EQ,50009,22210,44.41
20,1413,PRESSMN,EQ,37107,24408,65.78
20,1414,PRESTIGE,EQ,838285,597197,71.24
20,1415,PRICOLLTD,EQ,1719025,913033,53.11
20,1416,PRIMESECU,EQ,116487,109299,93.83
20,1417,PRINCEPIPE,EQ,177897,83408,46.89
20,1418,PRITI,EQ,20826,18716,89.87
20,1419,PRITIKAUTO,EQ,69953,46341,66.25
20,1420,PRIVISCL,EQ,84085,47914,56.98
20,1421,PROPEQUITY,SM,14400,13200,91.67
20,1422,PROZONINTU,EQ,160428,112905,70.38
20,1423,PRSMJOHNSN,EQ,442184,181995,41.16
20,1424,PSB,EQ,178704,108589,60.76
20,1425,PSPPROJECT,EQ,69028,26706,38.69
20,1426,PSUBNKBEES,EQ,1010387,546927,54.13
20,1427,PTC,EQ,694811,417591,60.10
20,1428,PTL,EQ,98256,55691,56.68
20,1429,PUNJABCHEM,EQ,11474,6046,52.69
20,1430,PURVA,EQ,76360,18217,23.86
20,1431,PVR,EQ,759712,205429,27.04
20,1432,QGOLDHALF,EQ,27811,25852,92.96
20,1433,QNIFTY,EQ,441,421,95.46
20,1434,QUESS,EQ,86074,30266,35.16
20,1435,QUICKHEAL,EQ,157069,54759,34.86
20,1436,RADICO,EQ,239876,73894,30.81
20,1437,RADIOCITY,EQ,117375,85717,73.03
20,1438,RAILTEL,EQ,579978,147114,25.37
20,1439,RAIN,EQ,1758562,389107,22.13
20,1440,RAINBOW,EQ,631619,198575,31.44
20,1441,RAJESHEXPO,EQ,40035,12655,31.61
20,1442,RAJMET,EQ,32069,8613,26.86
20,1443,RAJSREESUG,EQ,64823,39270,60.58
20,1444,RAJTV,EQ,2528,2330,92.17
20,1445,RALLIS,EQ,370460,168552,45.50
20,1446,RAMANEWS,EQ,61605,36188,58.74
20,1447,RAMASTEEL,EQ,64061,21368,33.36
20,1448,RAMCOCEM,EQ,493443,181674,36.82
20,1449,RAMCOIND,EQ,35327,20016,56.66
20,1450,RAMCOSYS,EQ,75708,27026,35.70
20,1451,RAMKY,EQ,89797,33595,37.41
20,1452,RANASUG,EQ,1402217,566694,40.41
20,1453,RANEENGINE,EQ,10991,6279,57.13
20,1454,RANEHOLDIN,EQ,11626,6494,55.86
20,1455,RATEGAIN,EQ,247897,78084,31.50
20,1456,RATNAMANI,EQ,24748,11702,47.28
20,1457,RAYMOND,EQ,473002,183315,38.76
20,1458,RBA,EQ,1825685,999476,54.75
20,1459,RBL,EQ,15562,6566,42.19
20,1460,RBLBANK,EQ,49291011,4010626,8.14
20,1461,RCF,EQ,4074198,884450,21.71
20,1462,RCOM,EQ,10462710,4979229,47.59
20,1463,RECLTD,EQ,6032969,3517003,58.30
20,1464,RECLTD,N1,40,40,100.00
20,1465,RECLTD,N6,4001,4001,100.00
20,1466,RECLTD,N8,185,185,100.00
20,1467,RECLTD,N9,851,732,86.02
20,1468,RECLTD,NE,55,55,100.00
20,1469,REDINGTON,EQ,4240350,1511214,35.64
20,1470,REFEX,EQ,73712,37676,51.11
20,1471,RELAXO,EQ,147898,30788,20.82
20,1472,RELCAPITAL,EQ,1346955,702889,52.18
20,1473,RELIANCE,EQ,8910998,4652716,52.21
20,1474,RELIGARE,EQ,908942,516560,56.83
20,1475,RELINFRA,EQ,2307109,1181707,51.22
20,1476,REMSONSIND,EQ,2583,865,33.49
20,1477,RENUKA,EQ,15903209,5017523,31.55
20,1478,REPCOHOME,EQ,104209,59758,57.34
20,1479,REPL,EQ,5863,3759,64.11
20,1480,REPRO,EQ,1113,715,64.24
20,1481,RESPONIND,EQ,201221,15232,7.57
20,1482,REVATHI,EQ,2338,1187,50.77
20,1483,REXPIPES,SM,20000,12000,60.00
20,1484,RGL,EQ,38733,3983,10.28
20,1485,RHFL,EQ,1252617,790360,63.10
20,1486,RHFL,N6,9415,8893,94.46
20,1487,RHFL,N8,22,1,4.55
20,1488,RHIM,EQ,1125959,907270,80.58
20,1489,RICHA,SM,1000,1000,100.00
20,1490,RICOAUTO,EQ,278509,121785,43.73
20,1491,RIIL,EQ,2182250,169304,7.76
20,1492,RITCO,EQ,27521,15666,56.92
20,1493,RITES,EQ,108482,64337,59.31
20,1494,RKEC,EQ,9912,6161,62.16
20,1495,RKFORGE,EQ,290210,127495,43.93
20,1496,RML,EQ,5261,3446,65.50
20,1497,ROHLTD,EQ,22161,12678,57.21
20,1498,ROLEXRINGS,EQ,8746,5002,57.19
20,1499,ROLLT,EQ,918783,881374,95.93
20,1500,ROML,EQ,10420,7993,76.71
20,1501,ROSSARI,EQ,28740,9308,32.39
20,1502,ROSSELLIND,EQ,27468,12172,44.31
20,1503,ROTO,EQ,15478,6386,41.26
20,1504,ROUTE,EQ,83435,23156,27.75
20,1505,RPGLIFE,EQ,19451,8198,42.15
20,1506,RPOWER,EQ,18653085,7155249,38.36
20,1507,RPPINFRA,EQ,80157,40560,50.60
20,1508,RPPL,EQ,15194,6560,43.17
20,1509,RPSGVENT,EQ,222810,33278,14.94
20,1510,RSSOFTWARE,EQ,44545,24191,54.31
20,1511,RSWM,EQ,142160,58387,41.07
20,1512,RSYSTEMS,EQ,79960,29180,36.49
20,1513,RTNINDIA,EQ,8071986,2419300,29.97
20,1514,RTNPOWER,EQ,20843821,15289046,73.35
20,1515,RUBYMILLS,EQ,47000,16041,34.13
20,1516,RUCHI,EQ,6102067,1078080,17.67
20,1517,RUCHIRA,EQ,120686,45880,38.02
20,1518,RUPA,EQ,553759,166066,29.99
20,1519,RUSHIL,EQ,63352,27840,43.94
20,1520,RVNL,EQ,1511968,607595,40.19
20,1521,SABEVENTS,EQ,19241,10916,56.73
20,1522,SADBHAV,EQ,560913,274097,48.87
20,1523,SAFARI,EQ,50892,23273,45.73
20,1524,SAGARDEEP,EQ,33757,19036,56.39
20,1525,SAGCEM,EQ,54868,32442,59.13
20,1526,SAIL,EQ,32364015,8578607,26.51
20,1527,SAKAR,EQ,7281,4056,55.71
20,1528,SAKHTISUG,EQ,229345,104508,45.57
20,1529,SAKSOFT,EQ,36956,8778,23.75
20,1530,SAKUMA,EQ,3721621,1591905,42.77
20,1531,SALASAR,EQ,139457,109062,78.20
20,1532,SALONA,EQ,3433,1928,56.16
20,1533,SALSTEEL,EQ,77808,52980,68.09
20,1534,SALZERELEC,EQ,30316,14211,46.88
20,1535,SAMBHAAV,EQ,189275,143891,76.02
20,1536,SANCO,EQ,22014,16252,73.83
20,1537,SANDESH,EQ,1200,721,60.08
20,1538,SANDHAR,EQ,19309,9804,50.77
20,1539,SANGAMIND,EQ,39183,14044,35.84
20,1540,SANGHIIND,EQ,301728,146239,48.47
20,1541,SANGHVIMOV,EQ,47553,26205,55.11
20,1542,SANGINITA,EQ,85163,40089,47.07
20,1543,SANOFI,EQ,22317,9732,43.61
20,1544,SANSERA,EQ,46229,10254,22.18
20,1545,SAPPHIRE,EQ,262862,144311,54.90
20,1546,SARDAEN,EQ,120598,59790,49.58
20,1547,SAREGAMA,EQ,518902,484245,93.32
20,1548,SARLAPOLY,EQ,254003,101628,40.01
20,1549,SARVESHWAR,SM,3200,3200,100.00
20,1550,SASKEN,EQ,15802,5833,36.91
20,1551,SASTASUNDR,EQ,51841,14477,27.93
20,1552,SATIA,EQ,208338,92714,44.50
20,1553,SATIN,EQ,328932,231185,70.28
20,1554,SBC,EQ,975182,531754,54.53
20,1555,SBCL,EQ,127027,59777,47.06
20,1556,SBICARD,EQ,1613193,931636,57.75
20,1557,SBIETFCON,EQ,1222,1059,86.66
20,1558,SBIETFIT,EQ,13475,7335,54.43
20,1559,SBIETFPB,EQ,3771,3358,89.05
20,1560,SBIETFQLTY,EQ,2416,2257,93.42
20,1561,SBILIFE,EQ,1108831,533492,48.11
20,1562,SBIN,EQ,61403008,21063112,34.30
20,1563,SCAPDVR,EQ,256916,187029,72.80
20,1564,SCHAEFFLER,EQ,149438,107707,72.07
20,1565,SCHAND,EQ,38631,22753,58.90
20,1566,SCHNEIDER,EQ,464033,125290,27.00
20,1567,SCI,EQ,984221,333863,33.92
20,1568,SDL24BEES,EQ,1225,1205,98.37
20,1569,SDL26BEES,EQ,17318,17316,99.99
20,1570,SEAMECLTD,EQ,46012,9189,19.97
20,1571,SECURKLOUD,EQ,85615,60947,71.19
20,1572,SELAN,EQ,63008,36009,57.15
20,1573,SEPC,EQ,3145247,1744371,55.46
20,1574,SEPOWER,EQ,75043,47992,63.95
20,1575,SEQUENT,EQ,914835,386993,42.30
20,1576,SERVOTECH,EQ,111980,8230,7.35
20,1577,SESHAPAPER,EQ,86789,47507,54.74
20,1578,SETCO,EQ,95231,52826,55.47
20,1579,SETF10GILT,EQ,142,142,100.00
20,1580,SETFGOLD,EQ,946390,660472,69.79
20,1581,SETFNIF50,EQ,597561,546698,91.49
20,1582,SETFNIFBK,EQ,44152,25865,58.58
20,1583,SETFNN50,EQ,33643,20807,61.85
20,1584,SFL,EQ,69190,18330,26.49
20,1585,SGBAPR28I,GB,117,107,91.45
20,1586,SGBAUG24,GB,295,292,98.98
20,1587,SGBAUG27,GB,408,402,98.53
20,1588,SGBAUG28V,GB,2383,1888,79.23
20,1589,SGBAUG29V,GB,753,672,89.24
20,1590,SGBD29VIII,GB,440,330,75.00
20,1591,SGBDC27VII,GB,39,38,97.44
20,1592,SGBDEC26,GB,2,2,100.00
20,1593,SGBFEB24,GB,446,263,58.97
20,1594,SGBFEB27,GB,218,218,100.00
20,1595,SGBFEB28IX,GB,7,7,100.00
20,1596,SGBFEB29XI,GB,39,39,100.00
20,1597,SGBJAN26,GB,200,200,100.00
20,1598,SGBJAN29IX,GB,810,705,87.04
20,1599,SGBJAN29X,GB,52,46,88.46
20,1600,SGBJAN30IX,GB,159,144,90.57
20,1601,SGBJU29III,GB,70,66,94.29
20,1602,SGBJUL25,GB,955,955,100.00
20,1603,SGBJUL28IV,GB,743,658,88.56
20,1604,SGBJUL29IV,GB,285,197,69.12
20,1605,SGBJUN28,GB,63,60,95.24
20,1606,SGBJUN29II,GB,254,189,74.41
20,1607,SGBMAR24,GB,11,11,100.00
20,1608,SGBMAR25,GB,242,242,100.00
20,1609,SGBMAR28X,GB,79,74,93.67
20,1610,SGBMAR30X,GB,86,63,73.26
20,1611,SGBMAY25,GB,259,259,100.00
20,1612,SGBMAY28,GB,167,163,97.60
20,1613,SGBMAY29I,GB,1236,1054,85.28
20,1614,SGBMR29XII,GB,279,223,79.93
20,1615,SGBN28VIII,GB,399,371,92.98
20,1616,SGBNOV23,GB,36,25,69.44
20,1617,SGBNOV24,GB,338,338,100.00
20,1618,SGBNOV25VI,GB,5,5,100.00
20,1619,SGBNOV26,GB,31,31,100.00
20,1620,SGBNV29VII,GB,1086,881,81.12
20,1621,SGBOC28VII,GB,133,84,63.16
20,1622,SGBOCT25,GB,222,222,100.00
20,1623,SGBOCT25IV,GB,9,9,100.00
20,1624,SGBOCT25V,GB,1,1,100.00
20,1625,SGBOCT26,GB,65,65,100.00
20,1626,SGBOCT27VI,GB,12,12,100.00
20,1627,SGBSEP24,GB,70,70,100.00
20,1628,SGBSEP28VI,GB,2288,1869,81.69
20,1629,SGBSEP29VI,GB,431,360,83.53
20,1630,SGIL,EQ,1884,1168,62.00
20,1631,SGL,EQ,18225,10814,59.34
20,1632,SHAHALLOYS,EQ,37683,29079,77.17
20,1633,SHAILY,EQ,3723,2245,60.30
20,1634,SHAKTIPUMP,EQ,51113,20671,40.44
20,1635,SHALBY,EQ,54340,20717,38.12
20,1636,SHALPAINTS,EQ,150143,49499,32.97
20,1637,SHANKARA,EQ,44695,17504,39.16
20,1638,SHANTI,EQ,796,640,80.40
20,1639,SHANTIGEAR,EQ,472696,59704,12.63
20,1640,SHARDACROP,EQ,270670,142618,52.69
20,1641,SHARDAMOTR,EQ,6919,3695,53.40
20,1642,SHAREINDIA,EQ,81774,64307,78.64
20,1643,SHARIABEES,EQ,881,836,94.89
20,1644,SHEMAROO,EQ,23182,15748,67.93
20,1645,SHIGAN,SM,153000,93000,60.78
20,1646,SHIL,EQ,61601,30349,49.27
20,1647,SHILPAMED,EQ,42786,20339,47.54
20,1648,SHIVALIK,EQ,8362,4272,51.09
20,1649,SHIVAMAUTO,EQ,124547,99022,79.51
20,1650,SHIVAMILLS,EQ,35772,15799,44.17
20,1651,SHIVATEX,EQ,7992,3966,49.62
20,1652,SHK,EQ,227991,128494,56.36
20,1653,SHOPERSTOP,EQ,331411,108971,32.88
20,1654,SHRADHA,EQ,3354,2227,66.40
20,1655,SHREDIGCEM,EQ,131048,65882,50.27
20,1656,SHREECEM,EQ,44842,18815,41.96
20,1657,SHREEPUSHK,EQ,146679,65282,44.51
20,1658,SHREERAMA,EQ,79860,51650,64.68
20,1659,SHRENIK,EQ,1729524,980640,56.70
20,1660,SHREYANIND,EQ,16960,7183,42.35
20,1661,SHREYAS,EQ,61858,32972,53.30
20,1662,SHRIRAMCIT,EQ,15913,4046,25.43
20,1663,SHRIRAMPPS,EQ,722400,497134,68.82
20,1664,SHUBHLAXMI,SM,11000,11000,100.00
20,1665,SHYAMCENT,EQ,792817,564151,71.16
20,1666,SHYAMMETL,EQ,134723,65371,48.52
20,1667,SICAL,EQ,121633,99465,81.77
20,1668,SIEMENS,EQ,1147133,332335,28.97
20,1669,SIGACHI,EQ,238471,65445,27.44
20,1670,SIGIND,EQ,22888,10049,43.91
20,1671,SIKKO,EQ,260,101,38.85
20,1672,SILGO,EQ,100768,83547,82.91
20,1673,SILINV,EQ,16479,7730,46.91
20,1674,SILLYMONKS,EQ,4184,1659,39.65
20,1675,SILVER,EQ,168617,156968,93.09
20,1676,SILVERBEES,EQ,974549,807394,82.85
20,1677,SILVERTUC,EQ,1450,1450,100.00
20,1678,SINTERCOM,EQ,2224,1661,74.69
20,1679,SIRCA,EQ,12939,7538,58.26
20,1680,SIS,EQ,205554,184060,89.54
20,1681,SIYSIL,EQ,65594,30213,46.06
20,1682,SJS,EQ,34367,15797,45.97
20,1683,SJVN,EQ,2807496,1365901,48.65
20,1684,SKFINDIA,EQ,51943,22850,43.99
20,1685,SKIPPER,EQ,277967,103935,37.39
20,1686,SKMEGGPROD,EQ,28698,14490,50.49
20,1687,SMARTLINK,EQ,33975,13594,40.01
20,1688,SMCGLOBAL,EQ,280794,206040,73.38
20,1689,SMLISUZU,EQ,24672,14505,58.79
20,1690,SMLT,EQ,18317,10535,57.51
20,1691,SMSLIFE,EQ,4750,2544,53.56
20,1692,SMSPHARMA,EQ,89980,56065,62.31
20,1693,SNOWMAN,EQ,221218,106392,48.09
20,1694,SOBHA,EQ,317478,87888,27.68
20,1695,SOLARA,EQ,78059,44841,57.45
20,1696,SOLARINDS,EQ,24399,15468,63.40
20,1697,SOMANYCERA,EQ,48321,19533,40.42
20,1698,SOMICONVEY,EQ,5098,2252,44.17
20,1699,SONACOMS,EQ,914750,354637,38.77
20,1700,SONAMCLOCK,EQ,111466,9610,8.62
20,1701,SONATSOFTW,EQ,139756,65681,47.00
20,1702,SONUINFRA,ST,834000,822000,98.56
20,1703,SORILINFRA,EQ,28580,11954,41.83
20,1704,SOTL,EQ,6687,3300,49.35
20,1705,SOUTHBANK,EQ,14029932,5727338,40.82
20,1706,SOUTHWEST,EQ,21861,11437,52.32
20,1707,SPAL,EQ,32494,20842,64.14
20,1708,SPANDANA,EQ,99231,26765,26.97
20,1709,SPARC,EQ,335482,126339,37.66
20,1710,SPECIALITY,EQ,109354,50351,46.04
20,1711,SPECTRUM,SM,2000,2000,100.00
20,1712,SPENCERS,EQ,748571,313873,41.93
20,1713,SPIC,EQ,1647222,442017,26.83
20,1714,SPICEJET,EQ,1240748,401731,32.38
20,1715,SPLIL,EQ,51261,28744,56.07
20,1716,SPMLINFRA,EQ,119988,85602,71.34
20,1717,SPRL,SM,3200,3200,100.00
20,1718,SREEL,EQ,174728,163732,93.71
20,1719,SREIBNPNCD,NQ,115,115,100.00
20,1720,SREIBNPNCD,NV,100,50,50.00
20,1721,SREIBNPNCD,YB,39,39,100.00
20,1722,SREINFRA,EQ,463743,297444,64.14
20,1723,SRF,EQ,1293512,386557,29.88
20,1724,SRHHYPOLTD,EQ,24619,10781,43.79
20,1725,SRPL,EQ,60929,46089,75.64
20,1726,SRTRANSFIN,EQ,1696481,671404,39.58
20,1727,SRTRANSFIN,YH,50,50,100.00
20,1728,SRTRANSFIN,YI,121,88,72.73
20,1729,SRTRANSFIN,YK,176,176,100.00
20,1730,SRTRANSFIN,YL,50,50,100.00
20,1731,SRTRANSFIN,YN,223,223,100.00
20,1732,SRTRANSFIN,YO,99,99,100.00
20,1733,SRTRANSFIN,YR,50,40,80.00
20,1734,SRTRANSFIN,YS,100,100,100.00
20,1735,SRTRANSFIN,YV,1,1,100.00
20,1736,SRTRANSFIN,YW,9,9,100.00
20,1737,SRTRANSFIN,Z2,45,45,100.00
20,1738,SRTRANSFIN,Z3,315,315,100.00
20,1739,SRTRANSFIN,Z4,156,151,96.79
20,1740,SRTRANSFIN,Z7,2,2,100.00
20,1741,SRTRANSFIN,Z8,30,30,100.00
20,1742,SRTRANSFIN,ZD,2,2,100.00
20,1743,SRTRANSFIN,ZF,63,63,100.00
20,1744,SSWL,EQ,190014,42038,22.12
20,1745,STAR,EQ,1037173,277205,26.73
20,1746,STARCEMENT,EQ,38282,22458,58.66
20,1747,STARHEALTH,EQ,125879,62190,49.40
20,1748,STARPAPER,EQ,82473,24390,29.57
20,1749,STARTECK,EQ,21259,13364,62.86
20,1750,STCINDIA,EQ,39740,25741,64.77
20,1751,STEELCAS,EQ,7494,4443,59.29
20,1752,STEELCITY,EQ,15822,10835,68.48
20,1753,STEELXIND,EQ,640877,375952,58.66
20,1754,STEL,EQ,32353,21989,67.97
20,1755,STERTOOLS,EQ,26733,14290,53.45
20,1756,STLTECH,EQ,880210,335054,38.07
20,1757,STOVEKRAFT,EQ,38531,16651,43.21
20,1758,STYLAMIND,EQ,27492,15475,56.29
20,1759,SUBEXLTD,EQ,4291734,1389514,32.38
20,1760,SUBROS,EQ,10068,4370,43.40
20,1761,SUDARSCHEM,EQ,131848,69776,52.92
20,1762,SUMEETINDS,EQ,129599,107069,82.62
20,1763,SUMICHEM,EQ,222834,106886,47.97
20,1764,SUMIT,EQ,13811,5503,39.85
20,1765,SUMMITSEC,EQ,5723,3210,56.09
20,1766,SUNCLAYLTD,EQ,1230,765,62.20
20,1767,SUNDARAM,EQ,524826,459714,87.59
20,1768,SUNDARMFIN,EQ,11195,5965,53.28
20,1769,SUNDARMHLD,EQ,69376,41182,59.36
20,1770,SUNDRMBRAK,EQ,1135,559,49.25
20,1771,SUNDRMFAST,EQ,49415,26709,54.05
20,1772,SUNFLAG,EQ,311138,134935,43.37
20,1773,SUNPHARMA,EQ,4870689,2736798,56.19
20,1774,SUNTECK,EQ,709805,142166,20.03
20,1775,SUNTV,EQ,424502,131407,30.96
20,1776,SUPERHOUSE,EQ,10358,4561,44.03
20,1777,SUPRAJIT,EQ,188779,72831,38.58
20,1778,SUPREMEIND,EQ,52909,37165,70.24
20,1779,SUPREMEINF,EQ,36174,29093,80.43
20,1780,SUPRIYA,EQ,278871,114521,41.07
20,1781,SURANASOL,EQ,110811,65799,59.38
20,1782,SURANAT&P,EQ,241693,134387,55.60
20,1783,SURANI,SM,70000,32000,45.71
20,1784,SURYALAXMI,EQ,10106,5383,53.27
20,1785,SURYAROSNI,EQ,72448,27099,37.40
20,1786,SURYODAY,EQ,196694,66317,33.72
20,1787,SUTLEJTEX,EQ,252026,110387,43.80
20,1788,SUULD,EQ,155909,111207,71.33
20,1789,SUVEN,EQ,200730,89225,44.45
20,1790,SUVENPHAR,EQ,163164,92928,56.95
20,1791,SUVIDHAA,EQ,220348,124877,56.67
20,1792,SUZLON,EQ,36198974,11327678,31.29
20,1793,SVPGLOB,EQ,377331,311207,82.48
20,1794,SWANENERGY,EQ,94846,39822,41.99
20,1795,SWARAJ,SM,8000,6000,75.00
20,1796,SWARAJENG,EQ,4484,2591,57.78
20,1797,SWELECTES,EQ,12831,6149,47.92
20,1798,SWSOLAR,EQ,264235,103251,39.08
20,1799,SYMPHONY,EQ,60561,27696,45.73
20,1800,SYNGENE,EQ,251330,129421,51.49
20,1801,TAINWALCHM,EQ,3764,1992,52.92
20,1802,TAJGVK,EQ,178164,59967,33.66
20,1803,TAKE,EQ,747395,303531,40.61
20,1804,TALBROAUTO,EQ,27681,10022,36.21
20,1805,TANLA,EQ,249337,95045,38.12
20,1806,TARAPUR,EQ,215,215,100.00
20,1807,TARC,EQ,713326,379575,53.21
20,1808,TARMAT,EQ,7724,4301,55.68
20,1809,TARSONS,EQ,50222,20744,41.30
20,1810,TASTYBITE,EQ,1086,688,63.35
20,1811,TATACAPHSG,N2,80,80,100.00
20,1812,TATACAPHSG,N4,658,657,99.85
20,1813,TATACAPHSG,N6,111,111,100.00
20,1814,TATACAPHSG,NA,10,10,100.00
20,1815,TATACHEM,EQ,1473361,354510,24.06
20,1816,TATACOFFEE,EQ,1067810,331525,31.05
20,1817,TATACOMM,EQ,602775,195432,32.42
20,1818,TATACONSUM,EQ,1481400,579320,39.11
20,1819,TATAELXSI,EQ,2734940,496693,18.16
20,1820,TATAINVEST,EQ,18399,8423,45.78
20,1821,TATAMETALI,EQ,55973,17293,30.90
20,1822,TATAMOTORS,EQ,71425747,8757806,12.26
20,1823,TATAMTRDVR,EQ,8821938,2513798,28.49
20,1824,TATAPOWER,EQ,33108597,9211757,27.82
20,1825,TATASTEEL,EQ,8292441,2348010,28.32
20,1826,TATASTLLP,EQ,32334,12897,39.89
20,1827,TATVA,EQ,117532,109102,92.83
20,1828,TBZ,EQ,108228,61652,56.96
20,1829,TCFSL,ND,299,242,80.94
20,1830,TCFSL,NF,361,340,94.18
20,1831,TCFSL,NJ,142,142,100.00
20,1832,TCI,EQ,91103,34905,38.31
20,1833,TCIEXP,EQ,32267,12373,38.35
20,1834,TCNSBRANDS,EQ,75558,45851,60.68
20,1835,TCPLPACK,EQ,10606,6482,61.12
20,1836,TCS,EQ,2187823,1326058,60.61
20,1837,TDPOWERSYS,EQ,348104,134861,38.74
20,1838,TEAMLEASE,EQ,7867,3333,42.37
20,1839,TECH,EQ,6824,6290,92.17
20,1840,TECHIN,EQ,26115,10040,38.45
20,1841,TECHM,EQ,1892084,842269,44.52
20,1842,TECHNOE,EQ,111897,52953,47.32
20,1843,TEGA,EQ,67549,46862,69.37
20,1844,TEJASNET,EQ,378239,158092,41.80
20,1845,TEMBO,EQ,31857,23187,72.78
20,1846,TERASOFT,EQ,21343,13124,61.49
20,1847,TEXINFRA,EQ,167766,107097,63.84
20,1848,TEXMOPIPES,EQ,263642,92360,35.03
20,1849,TEXRAIL,EQ,4921313,1409322,28.64
20,1850,TFCILTD,EQ,129252,56605,43.79
20,1851,TFL,EQ,5515,4434,80.40
20,1852,THANGAMAYL,EQ,7507,3991,53.16
20,1853,THEINVEST,EQ,7959,3705,46.55
20,1854,THEJO,SM,450,450,100.00
20,1855,THEMISMED,EQ,1324,931,70.32
20,1856,THERMAX,EQ,35768,9016,25.21
20,1857,THOMASCOOK,EQ,503449,157902,31.36
20,1858,THYROCARE,EQ,20589,8772,42.61
20,1859,TI,EQ,208798,162221,77.69
20,1860,TIDEWATER,EQ,12372,6218,50.26
20,1861,TIIL,EQ,21465,11853,55.22
20,1862,TIINDIA,EQ,188868,131862,69.82
20,1863,TIJARIA,EQ,25597,10438,40.78
20,1864,TIL,EQ,11897,4638,38.98
20,1865,TIMESCAN,SM,8000,6000,75.00
20,1866,TIMESGTY,EQ,5459,3370,61.73
20,1867,TIMETECHNO,EQ,1875634,673853,35.93
20,1868,TIMKEN,EQ,84599,37503,44.33
20,1869,TINPLATE,EQ,383830,112750,29.37
20,1870,TIPSINDLTD,EQ,8677,6264,72.19
20,1871,TIRUMALCHM,EQ,685122,227998,33.28
20,1872,TIRUPATIFL,EQ,33619,28246,84.02
20,1873,TITAN,EQ,2580348,1249623,48.43
20,1874,TMRVL,EQ,81021,37918,46.80
20,1875,TNIDETF,EQ,8713,4377,50.24
20,1876,TNPETRO,EQ,449633,161579,35.94
20,1877,TNPL,EQ,283405,129340,45.64
20,1878,TOKYOPLAST,EQ,16266,7748,47.63
20,1879,TORNTPHARM,EQ,229109,103751,45.28
20,1880,TORNTPOWER,EQ,425307,82697,19.44
20,1881,TOTAL,EQ,9405,6117,65.04
20,1882,TOUCHWOOD,EQ,2955,1453,49.17
20,1883,TPLPLASTEH,EQ,6283,3454,54.97
20,1884,TREEHOUSE,EQ,23246,12833,55.21
20,1885,TREJHARA,EQ,35318,22370,63.34
20,1886,TRENT,EQ,467140,194059,41.54
20,1887,TRF,EQ,13204,8320,63.01
20,1888,TRIDENT,EQ,7117577,4171525,58.61
20,1889,TRIGYN,EQ,174860,67403,38.55
20,1890,TRIL,EQ,131156,72028,54.92
20,1891,TRITURBINE,EQ,515960,215474,41.76
20,1892,TRIVENI,EQ,1346416,469796,34.89
20,1893,TTKHLTCARE,EQ,5716,2995,52.40
20,1894,TTKPRESTIG,EQ,94362,24533,26.00
20,1895,TTL,EQ,66576,30663,46.06
20,1896,TTML,EQ,6795008,2579036,37.95
20,1897,TV18BRDCST,EQ,18451995,6062123,32.85
20,1898,TVSELECT,EQ,113649,26627,23.43
20,1899,TVSMOTOR,EQ,2489259,996552,40.03
20,1900,TVSSRICHAK,EQ,2813,1747,62.10
20,1901,TVTODAY,EQ,761878,258281,33.90
20,1902,TWL,EQ,486587,191681,39.39
20,1903,UBL,EQ,370150,139217,37.61
20,1904,UCALFUEL,EQ,15735,6407,40.72
20,1905,UCL,SM,2000,2000,100.00
20,1906,UCOBANK,EQ,2904212,1158896,39.90
20,1907,UDAICEMENT,EQ,121612,67932,55.86
20,1908,UFLEX,EQ,85140,36031,42.32
20,1909,UFO,EQ,113004,58402,51.68
20,1910,UGARSUGAR,EQ,1036694,436766,42.13
20,1911,UGROCAP,EQ,56326,25427,45.14
20,1912,UGROCAP,N1,45,28,62.22
20,1913,UGROCAP,N4,5,5,100.00
20,1914,UJAAS,EQ,753608,542903,72.04
20,1915,UJJIVAN,EQ,2094907,1057371,50.47
20,1916,UJJIVANSFB,EQ,5553380,2845613,51.24
20,1917,ULTRACEMCO,EQ,319217,129552,40.58
20,1918,UMAEXPORTS,EQ,517585,139307,26.91
20,1919,UMANGDAIRY,EQ,52001,17354,33.37
20,1920,UNICHEMLAB,EQ,22527,10899,48.38
20,1921,UNIDT,EQ,28218,10520,37.28
20,1922,UNIENTER,EQ,5285,2851,53.95
20,1923,UNIONBANK,EQ,24779087,5200627,20.99
20,1924,UNITEDPOLY,EQ,11422,7637,66.86
20,1925,UNITEDTEA,EQ,733,221,30.15
20,1926,UNIVASTU,EQ,22588,12858,56.92
20,1927,UNIVCABLES,EQ,10632,6153,57.87
20,1928,UNIVPHOTO,EQ,794,350,44.08
20,1929,UPL,EQ,3062695,1352383,44.16
20,1930,URAVI,SM,34800,34800,100.00
20,1931,URJA,EQ,2703367,1431872,52.97
20,1932,USHAMART,EQ,1039066,509944,49.08
20,1933,UTIAMC,EQ,149200,84595,56.70
20,1934,UTIBANKETF,EQ,11923,10784,90.45
20,1935,UTINEXT50,EQ,187911,107627,57.28
20,1936,UTINIFTETF,EQ,2679,1892,70.62
20,1937,UTISENSETF,EQ,3851,3802,98.73
20,1938,UTISXN50,EQ,1994,1907,95.64
20,1939,UTTAMSTL,EQ,1379875,687046,49.79
20,1940,UTTAMSUGAR,EQ,176913,73634,41.62
20,1941,V2RETAIL,EQ,21689,13589,62.65
20,1942,VADILALIND,EQ,18703,7151,38.23
20,1943,VAIBHAVGBL,EQ,92621,28860,31.16
20,1944,VAKRANGEE,EQ,2720994,1233636,45.34
20,1945,VALIANTORG,EQ,60665,21164,34.89
20,1946,VARDHACRLC,EQ,83242,45163,54.26
20,1947,VARDMNPOLY,EQ,8333,7757,93.09
20,1948,VARROC,EQ,383226,147287,38.43
20,1949,VASCONEQ,EQ,334218,147286,44.07
20,1950,VASWANI,EQ,54742,37117,67.80
20,1951,VBL,EQ,1765287,1398089,79.20
20,1952,VCL,EQ,94032,94032,100.00
20,1953,VEDL,EQ,20305913,7075801,34.85
20,1954,VENKEYS,EQ,36513,10406,28.50
20,1955,VENUSREM,EQ,144902,52726,36.39
20,1956,VERANDA,EQ,978707,426309,43.56
20,1957,VERTOZ,EQ,28989,16999,58.64
20,1958,VESUVIUS,EQ,5815,3233,55.60
20,1959,VETO,EQ,39645,26572,67.02
20,1960,VGUARD,EQ,157028,54247,34.55
20,1961,VHL,EQ,709,576,81.24
20,1962,VIDHIING,EQ,35636,14563,40.87
20,1963,VIJAYA,EQ,128920,42497,32.96
20,1964,VIJIFIN,EQ,150119,92354,61.52
20,1965,VIKASECO,EQ,25520387,8493057,33.28
20,1966,VIKASLIFE,EQ,1483807,1458088,98.27
20,1967,VIKASPROP,EQ,1526568,567245,37.16
20,1968,VIMTALABS,EQ,96329,50155,52.07
20,1969,VINATIORGA,EQ,20571,10137,49.28
20,1970,VINDHYATEL,EQ,7141,3433,48.07
20,1971,VINEETLAB,EQ,5415,3081,56.90
20,1972,VINYLINDIA,EQ,104642,41212,39.38
20,1973,VIPIND,EQ,143397,38021,26.51
20,1974,VISAKAIND,EQ,39139,22644,57.86
20,1975,VISESHINFO,EQ,69592841,20380882,29.29
20,1976,VISHAL,EQ,109282,76854,70.33
20,1977,VISHWARAJ,EQ,1265474,555067,43.86
20,1978,VIVIDHA,EQ,1073592,556716,51.86
20,1979,VIVIMEDLAB,EQ,95358,55471,58.17
20,1980,VLSFINANCE,EQ,33288,13201,39.66
20,1981,VMART,EQ,15263,5108,33.47
20,1982,VOLTAMP,EQ,4895,2374,48.50
20,1983,VOLTAS,EQ,2439176,1353938,55.51
20,1984,VRLLOG,EQ,266210,130449,49.00
20,1985,VSCL,SM,6000,3000,50.00
20,1986,VSSL,EQ,27075,13326,49.22
20,1987,VSTIND,EQ,3163,1835,58.01
20,1988,VSTTILLERS,EQ,27477,6781,24.68
20,1989,VTL,EQ,646801,259068,40.05
20,1990,WABAG,EQ,129648,58357,45.01
20,1991,WALPAR,SM,2000,2000,100.00
20,1992,WATERBASE,EQ,78495,37049,47.20
20,1993,WEIZMANIND,EQ,2398,1393,58.09
20,1994,WELCORP,EQ,983438,432837,44.01
20,1995,WELENT,EQ,742724,147157,19.81
20,1996,WELINV,EQ,980,210,21.43
20,1997,WELSPUNIND,EQ,4879534,1278845,26.21
20,1998,WENDT,EQ,316,216,68.35
20,1999,WESTLIFE,EQ,96205,51223,53.24
20,2000,WEWIN,SM,9000,9000,100.00
20,2001,WHEELS,EQ,8473,3991,47.10
20,2002,WHIRLPOOL,EQ,65292,24029,36.80
20,2003,WILLAMAGOR,EQ,11815,7879,66.69
20,2004,WINDLAS,EQ,124912,38514,30.83
20,2005,WINDMACHIN,EQ,189961,78843,41.50
20,2006,WINPRO,EQ,386305,237509,61.48
20,2007,WIPRO,EQ,8387659,3751197,44.72
20,2008,WOCKPHARMA,EQ,354458,121280,34.22
20,2009,WONDERLA,EQ,138448,59086,42.68
20,2010,WORTH,EQ,13214,7949,60.16
20,2011,WSTCSTPAPR,EQ,196140,85622,43.65
20,2012,XCHANGING,EQ,92899,35410,38.12
20,2013,XELPMOC,EQ,28933,14633,50.58
20,2014,YAARI,EQ,324302,159213,49.09
20,2015,YESBANK,EQ,69982971,27030980,38.63
20,2016,YUKEN,EQ,5373,4231,78.75
20,2017,ZEEL,EQ,9029271,1888308,20.91
20,2018,ZEELEARN,EQ,1232260,900915,73.11
20,2019,ZEEMEDIA,EQ,1839012,1360214,73.96
20,2020,ZENITHSTL,EQ,13746,13746,100.00
20,2021,ZENSARTECH,EQ,974429,449376,46.12
20,2022,ZENTEC,EQ,781462,389200,49.80
20,2023,ZFCVINDIA,EQ,11078,5044,45.53
20,2024,ZODIACLOTH,EQ,13385,7478,55.87
20,2025,ZOMATO,EQ,79292212,12305154,15.52
20,2026,ZOTA,EQ,14407,5869,40.74
20,2027,ZUARI,EQ,352473,109420,31.04
20,2028,ZUARIGLOB,EQ,88948,27455,30.87
20,2029,ZYDUSLIFE,EQ,1288182,550292,42.72
20,2030,ZYDUSWELL,EQ,25772,14921,57.90
