Security Wise Delivery Position - Compulsory Rolling Settlement
10,MTO,12052022,924409273,0002063
Trade Date <12-MAY-2022>,Settlement Type <N>
Record Type,Sr No,Name of Security,Quantity Traded,Deliverable Quantity(gross across client level),% of Deliverable Quantity to Traded Quantity
20,1,20MICRONS,EQ,320962,81124,25.28
20,2,21STCENMGM,EQ,765,656,85.75
20,3,3IINFOLTD,EQ,526029,291150,55.35
20,4,3MINDIA,EQ,5251,3661,69.72
20,5,426GS2023,GS,21,21,100.00
20,6,5PAISA,EQ,11887,6592,55.46
20,7,610GS2031,GS,1,1,100.00
20,8,63MOONS,EQ,139419,66483,47.69
20,9,664GS2035,GS,30000,30000,100.00
20,10,667GS2035,GS,360,298,82.78
20,11,667GS2050,GS,8253,8253,100.00
20,12,68GS2060,GS,217,217,100.00
20,13,695GS2061,GS,501,501,100.00
20,14,699GS2051,GS,703,703,100.00
20,15,699PY29,SG,100,100,100.00
20,16,716GS2050,GS,100,100,100.00
20,17,757GS2033,GS,8,4,50.00
20,18,759GS2026,GS,500,500,100.00
20,19,883GS2023,GS,1,1,100.00
20,20,A2ZINFRA,EQ,326784,206354,63.15
20,21,AAKASH,EQ,482350,444277,92.11
20,22,AAREYDRUGS,EQ,58949,28181,47.81
20,23,AARON,EQ,3729,2705,72.54
20,24,AARTIDRUGS,EQ,149494,55158,36.90
20,25,AARTIIND,EQ,1351911,582988,43.12
20,26,AARTISURF,EQ,10275,5815,56.59
20,27,AARVEEDEN,EQ,10161,5285,52.01
20,28,AARVI,EQ,13396,9350,69.80
20,29,AAVAS,EQ,66756,29324,43.93
20,30,ABAN,EQ,225698,104941,46.50
20,31,ABB,EQ,185292,57885,31.24
20,32,ABBOTINDIA,EQ,10476,3518,33.58
20,33,ABCAPITAL,EQ,3815689,1279358,33.53
20,34,ABCOTS,SM,8000,4000,50.00
20,35,ABFRL,EQ,1669044,369821,22.16
20,36,ABINFRA,SM,4000,4000,100.00
20,37,ABMINTLLTD,EQ,241,217,90.04
20,38,ABSLAMC,EQ,193744,170762,88.14
20,39,ABSLBANETF,EQ,13232,8932,67.50
20,40,ABSLNN50ET,EQ,8153,7926,97.22
20,41,ACC,EQ,348099,119686,34.38
20,42,ACCELYA,EQ,11992,8020,66.88
20,43,ACCORD,SM,6000,6000,100.00
20,44,ACCURACY,EQ,25572,15867,62.05
20,45,ACE,EQ,520025,202813,39.00
20,46,ACRYSIL,EQ,132719,63720,48.01
20,47,ADANIENT,EQ,1553685,292091,18.80
20,48,ADANIGREEN,EQ,890166,309549,34.77
20,49,ADANIPORTS,EQ,10570456,2662815,25.19
20,50,ADANIPOWER,EQ,11068771,5086982,45.96
20,51,ADANITRANS,EQ,702311,212809,30.30
20,52,ADFFOODS,EQ,12219,9162,74.98
20,53,ADORWELD,EQ,16187,13447,83.07
20,54,ADSL,EQ,427319,211520,49.50
20,55,ADVANIHOTR,EQ,34817,20058,57.61
20,56,ADVENZYMES,EQ,118900,58380,49.10
20,57,AEGISCHEM,EQ,431886,199581,46.21
20,58,AFFLE,EQ,320603,164789,51.40
20,59,AGARIND,EQ,132415,44360,33.50
20,60,AGI,EQ,298583,133688,44.77
20,61,AGROPHOS,EQ,7087,7085,99.97
20,62,AGSTRA,EQ,440350,194871,44.25
20,63,AHLADA,EQ,25741,16310,63.36
20,64,AHLEAST,EQ,6160,4509,73.20
20,65,AHLUCONT,EQ,42682,17490,40.98
20,66,AIAENG,EQ,40403,30320,75.04
20,67,AILIMITED,SM,6000,6000,100.00
20,68,AIRAN,EQ,174553,135518,77.64
20,69,AIROLAM,EQ,9273,4778,51.53
20,70,AIRTELPP,E1,491461,423416,86.15
20,71,AISL,SM,1200,1200,100.00
20,72,AJANTPHARM,EQ,102607,57746,56.28
20,73,AJMERA,EQ,133888,50920,38.03
20,74,AJOONI,EQ,19523,14957,76.61
20,75,AKASH,EQ,35569,29386,82.62
20,76,AKG,EQ,82382,57449,69.73
20,77,AKSHARCHEM,EQ,5132,2404,46.84
20,78,AKSHOPTFBR,EQ,298546,193019,64.65
20,79,AKZOINDIA,EQ,5232,3276,62.61
20,80,ALANKIT,EQ,262203,178328,68.01
20,81,ALBERTDAVD,EQ,14528,9150,62.98
20,82,ALEMBICLTD,EQ,288485,170638,59.15
20,83,ALICON,EQ,10134,6225,61.43
20,84,ALKEM,EQ,222870,142292,63.85
20,85,ALKYLAMINE,EQ,82309,29462,35.79
20,86,ALLCARGO,EQ,241986,150412,62.16
20,87,ALLSEC,EQ,8643,4665,53.97
20,88,ALMONDZ,EQ,5969,2682,44.93
20,89,ALOKINDS,EQ,16645649,6038248,36.28
20,90,ALPA,EQ,49334,26058,52.82
20,91,ALPHAGEO,EQ,28312,15808,55.83
20,92,AMARAJABAT,EQ,507033,163640,32.27
20,93,AMBER,EQ,54395,14989,27.56
20,94,AMBICAAGAR,EQ,29606,18581,62.76
20,95,AMBIKCO,EQ,43463,17159,39.48
20,96,AMBUJACEM,EQ,7493279,2584061,34.49
20,97,AMDIND,EQ,31213,19958,63.94
20,98,AMIORG,EQ,90997,30779,33.82
20,99,AMJLAND,EQ,12111,7818,64.55
20,100,AMJUMBO,SM,32000,24000,75.00
20,101,AMRUTANJAN,EQ,31271,14004,44.78
20,102,ANANDRATHI,EQ,80801,56240,69.60
20,103,ANANTRAJ,EQ,789348,196787,24.93
20,104,ANDHRACEMT,EQ,157724,157723,100.00
20,105,ANDHRAPAP,EQ,31150,15666,50.29
20,106,ANDHRSUGAR,EQ,300159,93356,31.10
20,107,ANDREWYU,EQ,162790,92251,56.67
20,108,ANGELONE,EQ,560274,134035,23.92
20,109,ANIKINDS,EQ,53843,41950,77.91
20,110,ANKITMETAL,EQ,149678,116647,77.93
20,111,ANMOL,EQ,5935,4427,74.59
20,112,ANSALHSG,EQ,57514,34098,59.29
20,113,ANUP,EQ,17422,9764,56.04
20,114,ANURAS,EQ,119888,49998,41.70
20,115,APARINDS,EQ,28884,14329,49.61
20,116,APCL,EQ,37493,11678,31.15
20,117,APCOTEXIND,EQ,246991,81925,33.17
20,118,APEX,EQ,165636,43839,26.47
20,119,APLAPOLLO,EQ,491115,288121,58.67
20,120,APLLTD,EQ,350795,138490,39.48
20,121,APOLLO,EQ,54971,36910,67.14
20,122,APOLLOHOSP,EQ,717916,302442,42.13
20,123,APOLLOPIPE,EQ,108487,63912,58.91
20,124,APOLLOTYRE,EQ,4355672,1118976,25.69
20,125,APOLSINHOT,EQ,725,612,84.41
20,126,APTECHT,EQ,78569,25381,32.30
20,127,APTUS,EQ,529804,460422,86.90
20,128,ARCHIDPLY,EQ,37088,15515,41.83
20,129,ARENTERP,EQ,790,529,66.96
20,130,ARIES,EQ,58392,25671,43.96
20,131,ARIHANTCAP,EQ,63906,45158,70.66
20,132,ARIHANTSUP,EQ,69626,23667,33.99
20,133,ARMANFIN,EQ,6550,3598,54.93
20,134,AROGRANITE,EQ,114761,76490,66.65
20,135,ARROWGREEN,EQ,8320,5465,65.69
20,136,ARSHIYA,EQ,751644,624239,83.05
20,137,ARSSINFRA,EQ,27348,14548,53.20
20,138,ARTEMISMED,EQ,199598,160130,80.23
20,139,ARTNIRMAN,EQ,7874,2243,28.49
20,140,ARVIND,EQ,943493,512614,54.33
20,141,ARVINDFASN,EQ,260447,141091,54.17
20,142,ARVSMART,EQ,38997,21288,54.59
20,143,ASAHIINDIA,EQ,141313,55930,39.58
20,144,ASAHISONG,EQ,21344,10166,47.63
20,145,ASALCBR,EQ,35639,21113,59.24
20,146,ASHAPURMIN,EQ,236702,116661,49.29
20,147,ASHIANA,EQ,43055,19466,45.21
20,148,ASHIMASYN,EQ,348664,177860,51.01
20,149,ASHOKA,EQ,623074,310827,49.89
20,150,ASHOKLEY,EQ,15710048,5624166,35.80
20,151,ASIANENE,EQ,99690,60775,60.96
20,152,ASIANHOTNR,EQ,30041,19627,65.33
20,153,ASIANPAINT,EQ,1254245,589784,47.02
20,154,ASIANTILES,EQ,529897,197694,37.31
20,155,ASPINWALL,EQ,9045,6941,76.74
20,156,ASTEC,EQ,26089,13692,52.48
20,157,ASTERDM,EQ,329076,141031,42.86
20,158,ASTRAL,EQ,582315,328494,56.41
20,159,ASTRAMICRO,EQ,326093,129063,39.58
20,160,ASTRAZEN,EQ,9730,5267,54.13
20,161,ASTRON,EQ,41697,17618,42.25
20,162,ATFL,EQ,1687,1144,67.81
20,163,ATGL,EQ,602564,298592,49.55
20,164,ATLANTA,EQ,106633,55459,52.01
20,165,ATUL,EQ,69018,33966,49.21
20,166,ATULAUTO,EQ,36818,19705,53.52
20,167,AUBANK,EQ,1509776,684253,45.32
20,168,AURIONPRO,EQ,17524,11110,63.40
20,169,AUROPHARMA,EQ,2430711,442987,18.22
20,170,AUSOMENT,EQ,3056,2017,66.00
20,171,AUTOAXLES,EQ,13453,8824,65.59
20,172,AUTOBEES,EQ,13790,11853,85.95
20,173,AVADHSUGAR,EQ,184815,41763,22.60
20,174,AVANTIFEED,EQ,2982275,297119,9.96
20,175,AVROIND,EQ,33051,25900,78.36
20,176,AVSL,SM,3000,3000,100.00
20,177,AVTNPL,EQ,273637,183628,67.11
20,178,AWHCL,EQ,46940,26638,56.75
20,179,AXISBANK,EQ,11166084,5109076,45.76
20,180,AXISBNKETF,EQ,6136,6002,97.82
20,181,AXISBPSETF,EQ,7857,5613,71.44
20,182,AXISCADES,EQ,112917,62214,55.10
20,183,AXISCETF,EQ,23191,15493,66.81
20,184,AXISGOLD,EQ,72765,52300,71.88
20,185,AXISHCETF,EQ,2525,1895,75.05
20,186,AXISNIFTY,EQ,15375,13446,87.45
20,187,AXISTECETF,EQ,5302,4910,92.61
20,188,AYMSYNTEX,EQ,65416,41804,63.90
20,189,BAFNAPH,EQ,2370,1744,73.59
20,190,BAJAJ-AUTO,EQ,777332,390076,50.18
20,191,BAJAJCON,EQ,532827,266742,50.06
20,192,BAJAJELEC,EQ,86047,28616,33.26
20,193,BAJAJFINSV,EQ,325696,82178,25.23
20,194,BAJAJHCARE,EQ,72633,41274,56.83
20,195,BAJAJHIND,EQ,8534641,4030802,47.23
20,196,BAJAJHLDNG,EQ,78105,27195,34.82
20,197,BAJFINANCE,EQ,2494044,967293,38.78
20,198,BALAJITELE,EQ,77379,33959,43.89
20,199,BALAMINES,EQ,404903,60550,14.95
20,200,BALAXI,EQ,2094,1166,55.68
20,201,BALKRISHNA,EQ,13922,10896,78.26
20,202,BALKRISIND,EQ,289535,161294,55.71
20,203,BALMLAWRIE,EQ,180622,80431,44.53
20,204,BALPHARMA,EQ,22846,12022,52.62
20,205,BALRAMCHIN,EQ,2594378,442281,17.05
20,206,BANARBEADS,EQ,18212,8888,48.80
20,207,BANARISUG,EQ,5735,3465,60.42
20,208,BANCOINDIA,EQ,45262,20279,44.80
20,209,BANDHANBNK,EQ,8803437,1939963,22.04
20,210,BANG,EQ,2789,2789,100.00
20,211,BANKA,EQ,12677,8153,64.31
20,212,BANKBARODA,EQ,24799413,5239591,21.13
20,213,BANKBEES,EQ,1811255,1244963,68.73
20,214,BANKINDIA,EQ,4639508,2148915,46.32
20,215,BANSWRAS,EQ,50874,27037,53.15
20,216,BARBEQUE,EQ,267591,162060,60.56
20,217,BASF,EQ,36710,16298,44.40
20,218,BASML,EQ,182699,112289,61.46
20,219,BATAINDIA,EQ,359930,171313,47.60
20,220,BAYERCROP,EQ,6686,2572,38.47
20,221,BBETF0432,EQ,3410,2814,82.52
20,222,BBL,EQ,10910,4146,38.00
20,223,BBOX,EQ,6721,3859,57.42
20,224,BBTC,EQ,63926,19623,30.70
20,225,BBTCL,SM,7000,7000,100.00
20,226,BCP,EQ,486202,201598,41.46
20,227,BDL,EQ,1337675,283963,21.23
20,228,BEARDSELL,EQ,62815,31007,49.36
20,229,BECTORFOOD,EQ,164553,82006,49.84
20,230,BEDMUTHA,EQ,11762,6177,52.52
20,231,BEL,EQ,7818268,3104731,39.71
20,232,BEML,EQ,179809,96225,53.52
20,233,BEPL,EQ,292269,153640,52.57
20,234,BERGEPAINT,EQ,541747,113896,21.02
20,235,BESTAGRO,EQ,26411,12359,46.79
20,236,BETA,SM,16400,11200,68.29
20,237,BEWLTD,SM,1000,1000,100.00
20,238,BFINVEST,EQ,21111,12548,59.44
20,239,BFUTILITIE,EQ,170855,54602,31.96
20,240,BGRENERGY,EQ,86559,52752,60.94
20,241,BHAGCHEM,EQ,928,788,84.91
20,242,BHAGERIA,EQ,25680,12391,48.25
20,243,BHAGYANGR,EQ,39065,18143,46.44
20,244,BHAGYAPROP,EQ,51929,45225,87.09
20,245,BHANDARI,EQ,689161,351879,51.06
20,246,BHARATFORG,EQ,1626401,772949,47.53
20,247,BHARATGEAR,EQ,14938,7579,50.74
20,248,BHARATRAS,EQ,2942,1114,37.87
20,249,BHARATWIRE,EQ,67197,46119,68.63
20,250,BHARTIARTL,EQ,6754953,4461046,66.04
20,251,BHEL,EQ,29606312,5729163,19.35
20,252,BIL,EQ,106820,59725,55.91
20,253,BINDALAGRO,EQ,178311,115137,64.57
20,254,BIOCON,EQ,716609,168653,23.53
20,255,BIOFILCHEM,EQ,29049,12056,41.50
20,256,BIRET,RR,67365,55499,82.39
20,257,BIRLACABLE,EQ,105077,39878,37.95
20,258,BIRLACORPN,EQ,301888,139159,46.10
20,259,BIRLAMONEY,EQ,59179,35443,59.89
20,260,BIRLATYRE,EQ,875110,553520,63.25
20,261,BLBLIMITED,EQ,9318,8279,88.85
20,262,BLISSGVS,EQ,101977,44312,43.45
20,263,BLKASHYAP,EQ,149206,112182,75.19
20,264,BLS,EQ,587744,291687,49.63
20,265,BLUEDART,EQ,17347,9631,55.52
20,266,BLUESTARCO,EQ,107524,30918,28.75
20,267,BMETRICS,SM,19200,9600,50.00
20,268,BODALCHEM,EQ,313596,133488,42.57
20,269,BOMDYEING,EQ,3469478,678214,19.55
20,270,BOROLTD,EQ,115758,34416,29.73
20,271,BORORENEW,EQ,1359335,244248,17.97
20,272,BOSCHLTD,EQ,20938,8126,38.81
20,273,BPCL,EQ,3858313,1517892,39.34
20,274,BPL,EQ,102758,61332,59.69
20,275,BRIGADE,EQ,241807,63319,26.19
20,276,BRIGHT,SM,84000,66000,78.57
20,277,BRITANNIA,EQ,310942,123854,39.83
20,278,BRITANNIA,N2,3432,3187,92.86
20,279,BRITANNIA,N3,4658,4638,99.57
20,280,BRNL,EQ,24714,13059,52.84
20,281,BROOKS,EQ,23574,15287,64.85
20,282,BSE,EQ,1911262,428993,22.45
20,283,BSL,EQ,10739,8080,75.24
20,284,BSLGOLDETF,EQ,4698,3251,69.20
20,285,BSLNIFTY,EQ,64688,49306,76.22
20,286,BSLSENETFG,EQ,2515,1792,71.25
20,287,BSOFT,EQ,2857836,577515,20.21
20,288,BTML,SM,3600,2400,66.67
20,289,BURNPUR,EQ,655583,375431,57.27
20,290,BUTTERFLY,EQ,171111,126767,74.08
20,291,CALSOFT,EQ,82645,64672,78.25
20,292,CAMLINFINE,EQ,449961,227611,50.58
20,293,CAMPUS,EQ,6133738,1312484,21.40
20,294,CAMS,EQ,150235,82176,54.70
20,295,CANBK,EQ,13704412,3434202,25.06
20,296,CANFINHOME,EQ,1464187,321294,21.94
20,297,CANTABIL,EQ,15217,2189,14.39
20,298,CAPACITE,EQ,111874,53587,47.90
20,299,CAPLIPOINT,EQ,333769,37816,11.33
20,300,CAPTRUST,EQ,17285,8894,51.46
20,301,CARBORUNIV,EQ,149641,74707,49.92
20,302,CAREERP,EQ,12537,7474,59.62
20,303,CARERATING,EQ,136115,61610,45.26
20,304,CARTRADE,EQ,141205,75577,53.52
20,305,CASTROLIND,EQ,848789,497934,58.66
20,306,CCCL,EQ,427372,302171,70.70
20,307,CCHHL,EQ,66701,38196,57.26
20,308,CCL,EQ,319787,105246,32.91
20,309,CDSL,EQ,713520,390673,54.75
20,310,CEATLTD,EQ,64043,22882,35.73
20,311,CEBBCO,EQ,354752,157851,44.50
20,312,CELEBRITY,EQ,25049,15651,62.48
20,313,CENTENKA,EQ,80006,35169,43.96
20,314,CENTEXT,EQ,405865,250287,61.67
20,315,CENTRALBK,EQ,1947560,1074749,55.18
20,316,CENTRUM,EQ,759651,372365,49.02
20,317,CENTUM,EQ,10047,7381,73.46
20,318,CENTURYPLY,EQ,264805,132678,50.10
20,319,CENTURYTEX,EQ,259964,116739,44.91
20,320,CERA,EQ,45090,16625,36.87
20,321,CEREBRAINT,EQ,209029,154688,74.00
20,322,CESC,EQ,2049731,1032794,50.39
20,323,CGCL,EQ,68146,12489,18.33
20,324,CGPOWER,EQ,1617929,968917,59.89
20,325,CHALET,EQ,329147,82969,25.21
20,326,CHAMBLFERT,EQ,1730933,366668,21.18
20,327,CHEMBOND,EQ,8201,4538,55.33
20,328,CHEMCON,EQ,49965,22339,44.71
20,329,CHEMPLASTS,EQ,172793,89302,51.68
20,330,CHENNPETRO,EQ,1601004,614636,38.39
20,331,CHOICEIN,EQ,53386,17514,32.81
20,332,CHOLAFIN,EQ,2330770,834370,35.80
20,333,CHOLAHLDNG,EQ,50150,22517,44.90
20,334,CIGNITITEC,EQ,134135,87373,65.14
20,335,CINEVISTA,EQ,15964,10403,65.17
20,336,CIPLA,EQ,2242769,994894,44.36
20,337,CLEAN,EQ,202294,150628,74.46
20,338,CLEDUCATE,EQ,61320,42951,70.04
20,339,CLNINDIA,EQ,15804,8738,55.29
20,340,CLSEL,EQ,249792,94066,37.66
20,341,CMICABLES,EQ,30698,19546,63.67
20,342,CMSINFO,EQ,219420,80739,36.80
20,343,COALINDIA,EQ,10406343,2692385,25.87
20,344,COASTCORP,EQ,71003,31764,44.74
20,345,COCHINSHIP,EQ,80609,37670,46.73
20,346,COFFEEDAY,EQ,1323767,648022,48.95
20,347,COFORGE,EQ,514608,118598,23.05
20,348,COLPAL,EQ,250393,122890,49.08
20,349,COMPINFO,EQ,328311,216014,65.80
20,350,COMPUSOFT,EQ,115595,67411,58.32
20,351,CONCOR,EQ,1178604,521705,44.26
20,352,CONFIPET,EQ,408578,160129,39.19
20,353,CONSOFINVT,EQ,11823,8906,75.33
20,354,CONSUMBEES,EQ,18298,14873,81.28
20,355,CONTI,SM,3333,3333,100.00
20,356,CONTROLPR,EQ,40913,22848,55.85
20,357,COOLCAPS,SM,24000,15000,62.50
20,358,CORALFINAC,EQ,79429,42952,54.08
20,359,CORDSCABLE,EQ,50729,31163,61.43
20,360,COROMANDEL,EQ,335412,140559,41.91
20,361,COSMOFILMS,EQ,110704,29690,26.82
20,362,COUNCODOS,EQ,132296,96877,73.23
20,363,CPSEETF,EQ,1321655,1127214,85.29
20,364,CRAFTSMAN,EQ,8237,3917,47.55
20,365,CREATIVE,EQ,103442,87686,84.77
20,366,CREATIVEYE,EQ,550,550,100.00
20,367,CREDITACC,EQ,107439,40231,37.45
20,368,CREST,EQ,2832,2536,89.55
20,369,CRISIL,EQ,79958,49104,61.41
20,370,CROMPTON,EQ,2308056,1275844,55.28
20,371,CROWN,EQ,10348,6684,64.59
20,372,CSBBANK,EQ,207712,90889,43.76
20,373,CTE,EQ,19892,10939,54.99
20,374,CUB,EQ,1386841,723885,52.20
20,375,CUBEXTUB,EQ,27362,13718,50.14
20,376,CUMMINSIND,EQ,265926,91113,34.26
20,377,CUPID,EQ,134754,49217,36.52
20,378,CYBERTECH,EQ,76944,32528,42.27
20,379,CYIENT,EQ,304121,155429,51.11
20,380,DAAWAT,EQ,3248041,885090,27.25
20,381,DABUR,EQ,2176908,1315162,60.41
20,382,DALBHARAT,EQ,197668,84744,42.87
20,383,DALMIASUG,EQ,264360,89222,33.75
20,384,DAMODARIND,EQ,37412,30313,81.02
20,385,DANGEE,EQ,5085,2517,49.50
20,386,DATAMATICS,EQ,136379,45861,33.63
20,387,DATAPATTNS,EQ,169525,64283,37.92
20,388,DBCORP,EQ,189269,100309,53.00
20,389,DBL,EQ,447230,163742,36.61
20,390,DBSTOCKBRO,EQ,2618,1763,67.34
20,391,DCAL,EQ,1319409,367385,27.84
20,392,DCBBANK,EQ,3316003,1927665,58.13
20,393,DCM,EQ,39060,22784,58.33
20,394,DCMFINSERV,EQ,2855,2855,100.00
20,395,DCMNVL,EQ,41293,25733,62.32
20,396,DCMSHRIRAM,EQ,223682,58435,26.12
20,397,DCMSRIND,EQ,230561,116699,50.62
20,398,DCW,EQ,883140,560058,63.42
20,399,DECCANCE,EQ,13303,7962,59.85
20,400,DEEPAKFERT,EQ,542519,248750,45.85
20,401,DEEPAKNTR,EQ,849909,283657,33.37
20,402,DEEPINDS,EQ,126291,64178,50.82
20,403,DELPHIFX,EQ,1029,693,67.35
20,404,DELTACORP,EQ,2617392,457903,17.49
20,405,DELTAMAGNT,EQ,3604,2260,62.71
20,406,DEN,EQ,1176498,440572,37.45
20,407,DENORA,EQ,19745,11284,57.15
20,408,DESTINY,SM,30000,30000,100.00
20,409,DEVYANI,EQ,2941242,1130150,38.42
20,410,DFMFOODS,EQ,99284,49255,49.61
20,411,DHAMPURSUG,EQ,1484059,397195,26.76
20,412,DHANBANK,EQ,310072,177475,57.24
20,413,DHANI,EQ,7763164,4385849,56.50
20,414,DHANILOANS,N6,405,405,100.00
20,415,DHANILOANS,N8,22,21,95.45
20,416,DHANILOANS,NC,6,6,100.00
20,417,DHANILOANS,NR,2,2,100.00
20,418,DHANILOANS,NX,98,98,100.00
20,419,DHANUKA,EQ,25788,12098,46.91
20,420,DHANVARSHA,EQ,272284,187265,68.78
20,421,DHARAMSI,EQ,26571,14704,55.34
20,422,DHARSUGAR,EQ,80550,61808,76.73
20,423,DHRUV,EQ,17708,14332,80.94
20,424,DHUNINV,EQ,2108,1231,58.40
20,425,DIAMONDYD,EQ,15001,9218,61.45
20,426,DICIND,EQ,5535,3768,68.08
20,427,DIGISPICE,EQ,83368,54523,65.40
20,428,DIL,EQ,18773,5400,28.76
20,429,DISHTV,EQ,5689954,3658007,64.29
20,430,DIVISLAB,EQ,481414,250028,51.94
20,431,DIVOPPBEES,EQ,11731,9279,79.10
20,432,DIXON,EQ,744515,270628,36.35
20,433,DKEGL,SM,27000,21000,77.78
20,434,DLF,EQ,7826298,2696797,34.46
20,435,DLINKINDIA,EQ,188253,104551,55.54
20,436,DMART,EQ,725552,449316,61.93
20,437,DNAMEDIA,EQ,31045,27436,88.37
20,438,DODLA,EQ,12960,10188,78.61
20,439,DOLATALGO,EQ,180643,109275,60.49
20,440,DOLLAR,EQ,106027,38770,36.57
20,441,DONEAR,EQ,9391,6935,73.85
20,442,DPABHUSHAN,EQ,10091,7344,72.78
20,443,DPSCLTD,EQ,93270,71822,77.00
20,444,DPWIRES,EQ,26145,18843,72.07
20,445,DREDGECORP,EQ,56641,33724,59.54
20,446,DRL,SM,6000,6000,100.00
20,447,DRREDDY,EQ,293629,126797,43.18
20,448,DSPN50ETF,EQ,6056,4845,80.00
20,449,DSPNEWETF,EQ,7393,5864,79.32
20,450,DSPQ50ETF,EQ,8960,8798,98.19
20,451,DSSL,EQ,91162,34338,37.67
20,452,DTIL,EQ,6257,3796,60.67
20,453,DUCON,EQ,140299,95315,67.94
20,454,DUGLOBAL,SM,8000,8000,100.00
20,455,DVL,EQ,21220,11084,52.23
20,456,DWARKESH,EQ,2386935,540497,22.64
20,457,DYNAMATECH,EQ,11607,5668,48.83
20,458,DYNAMIC,SM,28000,22000,78.57
20,459,DYNPRO,EQ,69202,39961,57.75
20,460,E2E,EQ,3115,3090,99.20
20,461,EASEMYTRIP,EQ,1273717,739872,58.09
20,462,EASTSILK,EQ,9791,9791,100.00
20,463,EBANK,EQ,7,7,100.00
20,464,EBBETF0423,EQ,3220,2743,85.19
20,465,EBBETF0425,EQ,4916,4577,93.10
20,466,EBBETF0430,EQ,2692,2332,86.63
20,467,EBBETF0431,EQ,6795,5336,78.53
20,468,EC1RG,MF,6000,6000,100.00
20,469,EC4RG,MF,100,100,100.00
20,470,ECLERX,EQ,38241,15084,39.44
20,471,ECLFINANCE,NG,10,10,100.00
20,472,ECLFINANCE,NI,498,498,100.00
20,473,ECLFINANCE,NJ,62,62,100.00
20,474,ECLFINANCE,NK,185,179,96.76
20,475,ECLFINANCE,NO,297,297,100.00
20,476,ECLFINANCE,NP,300,300,100.00
20,477,ECLFINANCE,NQ,261,261,100.00
20,478,ECLFINANCE,NR,244,230,94.26
20,479,EDELWEISS,EQ,939912,360445,38.35
20,480,EHFLNCD,N5,20,10,50.00
20,481,EHFLNCD,N6,256,256,100.00
20,482,EICHERMOT,EQ,419477,129446,30.86
20,483,EIDPARRY,EQ,337395,146274,43.35
20,484,EIFFL,EQ,7419,6050,81.55
20,485,EIHAHOTELS,EQ,30631,12414,40.53
20,486,EIHOTEL,EQ,474490,271381,57.19
20,487,EIMCOELECO,EQ,6500,3316,51.02
20,488,EKC,EQ,182570,114614,62.78
20,489,ELDEHSG,EQ,1012,447,44.17
20,490,ELECON,EQ,823930,349859,42.46
20,491,ELECTCAST,EQ,1921678,1204027,62.65
20,492,ELECTHERM,EQ,17349,12081,69.64
20,493,ELGIEQUIP,EQ,1002988,265093,26.43
20,494,EMAMILTD,EQ,634380,558564,88.05
20,495,EMAMIPAP,EQ,65334,29882,45.74
20,496,EMAMIREAL,EQ,19234,10748,55.88
20,497,EMBASSY,RR,1696967,1598580,94.20
20,498,EMKAY,EQ,35478,19684,55.48
20,499,EMMBI,EQ,45507,33127,72.80
20,500,ENDURANCE,EQ,293998,240014,81.64
20,501,ENERGYDEV,EQ,60518,41345,68.32
20,502,ENGINERSIN,EQ,849587,490409,57.72
20,503,ENIL,EQ,52086,24045,46.16
20,504,EPL,EQ,788117,727491,92.31
20,505,EQUIPPP,EQ,8032,6636,82.62
20,506,EQUITAS,EQ,1627889,1076289,66.12
20,507,EQUITASBNK,EQ,2273799,1400355,61.59
20,508,ERFLNCDI,N3,60,60,100.00
20,509,ERFLNCDI,N4,10,10,100.00
20,510,ERFLNCDI,N5,1530,1530,100.00
20,511,ERIS,EQ,87481,63996,73.15
20,512,EROSMEDIA,EQ,550773,280702,50.97
20,513,ESABINDIA,EQ,10009,4876,48.72
20,514,ESCORTS,EQ,544245,280337,51.51
20,515,ESSARSHPNG,EQ,130192,89594,68.82
20,516,ESTER,EQ,289414,129683,44.81
20,517,EUROBOND,SM,38000,28000,73.68
20,518,EVEREADY,EQ,546367,345661,63.27
20,519,EVERESTIND,EQ,30631,14341,46.82
20,520,EXCELINDUS,EQ,68217,15108,22.15
20,521,EXIDEIND,EQ,2244896,816227,36.36
20,522,EXPLEOSOL,EQ,27316,15612,57.15
20,523,EXXARO,EQ,135137,69956,51.77
20,524,FACT,EQ,179216,66105,36.89
20,525,FAIRCHEMOR,EQ,21702,7894,36.37
20,526,FCL,EQ,531493,200835,37.79
20,527,FCONSUMER,EQ,11431078,7484484,65.47
20,528,FCSSOFT,EQ,6044451,3422042,56.61
20,529,FDC,EQ,105397,62474,59.27
20,530,FEDERALBNK,EQ,29157781,7747386,26.57
20,531,FEL,EQ,1408960,1143538,81.16
20,532,FIBERWEB,EQ,32400,16314,50.35
20,533,FIEMIND,EQ,22809,9720,42.61
20,534,FILATEX,EQ,384995,161659,41.99
20,535,FINCABLES,EQ,151361,56243,37.16
20,536,FINEORG,EQ,48436,27490,56.76
20,537,FINOPB,EQ,40695,15649,38.45
20,538,FINPIPE,EQ,410667,183498,44.68
20,539,FLFL,EQ,75477,74266,98.40
20,540,FMGOETZE,EQ,38969,31802,81.61
20,541,FMNL,EQ,254287,146840,57.75
20,542,FOCE,SM,4200,4200,100.00
20,543,FOODSIN,EQ,68711,42017,61.15
20,544,FORCEMOT,EQ,27873,12359,44.34
20,545,FORTIS,EQ,726874,429516,59.09
20,546,FOSECOIND,EQ,3248,2169,66.78
20,547,FRETAIL,EQ,228133,228133,100.00
20,548,FSC,EQ,93051,66108,71.04
20,549,FSL,EQ,4014986,877185,21.85
20,550,GABRIEL,EQ,271577,178999,65.91
20,551,GAEL,EQ,437652,191622,43.78
20,552,GAIL,EQ,9350627,4087930,43.72
20,553,GAL,EQ,723584,464721,64.22
20,554,GALAXYSURF,EQ,24104,14544,60.34
20,555,GALLANTT,EQ,100052,50295,50.27
20,556,GALLISPAT,EQ,130790,59431,45.44
20,557,GANDHITUBE,EQ,4160,2632,63.27
20,558,GANECOS,EQ,35850,24897,69.45
20,559,GANESHBE,EQ,249680,150482,60.27
20,560,GANESHHOUC,EQ,146152,47852,32.74
20,561,GANGAFORGE,EQ,240793,224198,93.11
20,562,GANGESSECU,EQ,25880,13968,53.97
20,563,GARFIBRES,EQ,14374,7782,54.14
20,564,GATEWAY,EQ,259032,180390,69.64
20,565,GATI,EQ,540600,139642,25.83
20,566,GAYAPROJ,EQ,793310,565591,71.30
20,567,GEECEE,EQ,48692,28759,59.06
20,568,GEEKAYWIRE,EQ,6935,6325,91.20
20,569,GENCON,EQ,20428,15398,75.38
20,570,GENUSPAPER,EQ,159751,142046,88.92
20,571,GENUSPOWER,EQ,650364,296771,45.63
20,572,GEOJITFSL,EQ,270773,132817,49.05
20,573,GEPIL,EQ,197837,98460,49.77
20,574,GESHIP,EQ,167874,93726,55.83
20,575,GET&D,EQ,45271,26663,58.90
20,576,GFLLIMITED,EQ,82874,54484,65.74
20,577,GFSTEELS,EQ,2660,2660,100.00
20,578,GHCL,EQ,1067053,469845,44.03
20,579,GICHSGFIN,EQ,100247,57796,57.65
20,580,GICL,SM,75000,75000,100.00
20,581,GICRE,EQ,433265,103542,23.90
20,582,GILLANDERS,EQ,13681,11649,85.15
20,583,GILLETTE,EQ,2113,1347,63.75
20,584,GILT5YBEES,EQ,74639,67401,90.30
20,585,GINNIFILA,EQ,110967,68091,61.36
20,586,GIPCL,EQ,407079,190290,46.75
20,587,GKWLIMITED,EQ,2071,1666,80.44
20,588,GLAND,EQ,178997,106134,59.29
20,589,GLAXO,EQ,22111,10396,47.02
20,590,GLENMARK,EQ,591329,151995,25.70
20,591,GLOBAL,EQ,5250,5212,99.28
20,592,GLOBALVECT,EQ,22963,15500,67.50
20,593,GLOBE,EQ,704321,509006,72.27
20,594,GLOBUSSPR,EQ,94747,37469,39.55
20,595,GLS,EQ,40862,26833,65.67
20,596,GMBREW,EQ,31168,18577,59.60
20,597,GMDCLTD,EQ,6125809,1356728,22.15
20,598,GMMPFAUDLR,EQ,17893,7560,42.25
20,599,GMRINFRA,EQ,10389381,4185645,40.29
20,600,GMRP&UI,EQ,769122,545331,70.90
20,601,GNA,EQ,57527,25815,44.87
20,602,GNFC,EQ,7591207,564730,7.44
20,603,GOACARBON,EQ,38994,18938,48.57
20,604,GOCLCORP,EQ,19763,10628,53.78
20,605,GOCOLORS,EQ,46914,17408,37.11
20,606,GODFRYPHLP,EQ,61531,9594,15.59
20,607,GODREJAGRO,EQ,479755,143183,29.85
20,608,GODREJCP,EQ,1509515,749275,49.64
20,609,GODREJIND,EQ,111167,48509,43.64
20,610,GODREJPROP,EQ,772999,256809,33.22
20,611,GOKEX,EQ,436413,154327,35.36
20,612,GOKUL,EQ,319413,171045,53.55
20,613,GOLDBEES,EQ,2448614,1583648,64.68
20,614,GOLDENTOBC,EQ,32289,10791,33.42
20,615,GOLDIAM,EQ,142724,82815,58.02
20,616,GOLDSHARE,EQ,98780,60808,61.56
20,617,GOLDTECH,EQ,27632,22003,79.63
20,618,GOODLUCK,EQ,36577,20836,56.96
20,619,GOODYEAR,EQ,15798,9229,58.42
20,620,GPIL,EQ,449953,205063,45.57
20,621,GPPL,EQ,1012873,492528,48.63
20,622,GPTINFRA,EQ,53972,29899,55.40
20,623,GRANULES,EQ,815563,207455,25.44
20,624,GRAPHITE,EQ,485411,141206,29.09
20,625,GRASIM,EQ,690847,266149,38.53
20,626,GRAUWEIL,EQ,460416,191447,41.58
20,627,GREAVESCOT,EQ,1538522,715346,46.50
20,628,GREENLAM,EQ,45538,28755,63.15
20,629,GREENPANEL,EQ,333936,152525,45.67
20,630,GREENPLY,EQ,149693,66642,44.52
20,631,GREENPOWER,EQ,2552202,1653704,64.80
20,632,GRINDWELL,EQ,37152,15775,42.46
20,633,GRINFRA,EQ,9816,5705,58.12
20,634,GROBTEA,EQ,191,139,72.77
20,635,GRPLTD,EQ,7836,6070,77.46
20,636,GRSE,EQ,484516,191601,39.54
20,637,GRWRHITECH,EQ,23065,13146,57.00
20,638,GSCLCEMENT,EQ,81613,54740,67.07
20,639,GSFC,EQ,1582671,591516,37.37
20,640,GSPL,EQ,1161076,410816,35.38
20,641,GTL,EQ,1170312,737979,63.06
20,642,GTLINFRA,EQ,33543424,20876529,62.24
20,643,GTPL,EQ,100088,87538,87.46
20,644,GUFICBIO,EQ,166142,57331,34.51
20,645,GUJALKALI,EQ,617817,97372,15.76
20,646,GUJAPOLLO,EQ,8838,6549,74.10
20,647,GUJGASLTD,EQ,6495291,1044639,16.08
20,648,GULFOILLUB,EQ,48375,28603,59.13
20,649,GULFPETRO,EQ,52527,22234,42.33
20,650,GULPOLY,EQ,41789,24466,58.55
20,651,HAL,EQ,697216,318498,45.68
20,652,HAPPSTMNDS,EQ,501084,185866,37.09
20,653,HARIOMPIPE,EQ,307116,98686,32.13
20,654,HARRMALAYA,EQ,114435,52743,46.09
20,655,HATHWAY,EQ,2993732,1404905,46.93
20,656,HATSUN,EQ,34728,14787,42.58
20,657,HAVELLS,EQ,684197,255629,37.36
20,658,HBANKETF,EQ,5696,4433,77.83
20,659,HBLPOWER,EQ,3652777,682973,18.70
20,660,HBSL,EQ,7726,7722,99.95
20,661,HCC,EQ,7350037,2460385,33.47
20,662,HCG,EQ,140502,77783,55.36
20,663,HCL-INSYS,EQ,409550,301494,73.62
20,664,HCLTECH,EQ,3195189,1635357,51.18
20,665,HDFC,EQ,4361039,2913248,66.80
20,666,HDFC,W3,8400,8400,100.00
20,667,HDFCAMC,EQ,402347,131691,32.73
20,668,HDFCBANK,EQ,11191145,6836437,61.09
20,669,HDFCLIFE,EQ,3079554,1651751,53.64
20,670,HDFCMFGETF,EQ,433299,232294,53.61
20,671,HDFCNIFETF,EQ,139013,131443,94.55
20,672,HDFCSENETF,EQ,18456,14353,77.77
20,673,HEALTHY,EQ,16119,13938,86.47
20,674,HECPROJECT,EQ,284,197,69.37
20,675,HEG,EQ,189690,50337,26.54
20,676,HEIDELBERG,EQ,73051,34033,46.59
20,677,HEMIPROP,EQ,383601,201694,52.58
20,678,HERANBA,EQ,46987,25597,54.48
20,679,HERCULES,EQ,28266,15186,53.73
20,680,HERITGFOOD,EQ,78654,42984,54.65
20,681,HEROMOTOCO,EQ,966472,436586,45.17
20,682,HESTERBIO,EQ,7099,3175,44.72
20,683,HEXATRADEX,EQ,14823,10675,72.02
20,684,HFCL,EQ,6546733,1879908,28.72
20,685,HGINFRA,EQ,57150,21894,38.31
20,686,HGS,EQ,93631,41637,44.47
20,687,HIKAL,EQ,149996,58070,38.71
20,688,HIL,EQ,12603,7104,56.37
20,689,HIMATSEIDE,EQ,397498,175612,44.18
20,690,HINDALCO,EQ,23831422,10659277,44.73
20,691,HINDCOMPOS,EQ,4316,2598,60.19
20,692,HINDCON,EQ,9919,7919,79.84
20,693,HINDCOPPER,EQ,4256098,909488,21.37
20,694,HINDMOTORS,EQ,193703,118932,61.40
20,695,HINDOILEXP,EQ,529476,198352,37.46
20,696,HINDPETRO,EQ,2971815,1114783,37.51
20,697,HINDUNILVR,EQ,1531515,877045,57.27
20,698,HINDZINC,EQ,548950,305899,55.72
20,699,HIRECT,EQ,11225,7396,65.89
20,700,HISARMETAL,EQ,21921,11141,50.82
20,701,HITECH,EQ,82910,31824,38.38
20,702,HITECHCORP,EQ,9653,5816,60.25
20,703,HITECHGEAR,EQ,12774,5754,45.04
20,704,HLEGLAS,EQ,7249,3252,44.86
20,705,HLVLTD,EQ,209262,132405,63.27
20,706,HMVL,EQ,57732,38464,66.63
20,707,HNDFDS,EQ,4365,2299,52.67
20,708,HNGSNGBEES,EQ,3425,2472,72.18
20,709,HOMEFIRST,EQ,208650,58000,27.80
20,710,HONAUT,EQ,3412,1273,37.31
20,711,HONDAPOWER,EQ,27970,5356,19.15
20,712,HOVS,EQ,11303,5533,48.95
20,713,HPAL,EQ,40491,24786,61.21
20,714,HPIL,SM,3000,3000,100.00
20,715,HPL,EQ,68863,39661,57.59
20,716,HSCL,EQ,7645099,1581759,20.69
20,717,HTMEDIA,EQ,342459,188565,55.06
20,718,HUDCO,EQ,1845346,769557,41.70
20,719,HUDCO,N2,7280,4999,68.67
20,720,HUDCO,N4,151,151,100.00
20,721,HUDCO,N5,1730,1630,94.22
20,722,HUDCO,N8,954,750,78.62
20,723,HUDCO,N9,397,386,97.23
20,724,HUDCO,ND,10,10,100.00
20,725,HUDCO,NE,102,101,99.02
20,726,HUHTAMAKI,EQ,80529,33116,41.12
20,727,IBMFNIFTY,EQ,532,305,57.33
20,728,IBREALEST,EQ,15113550,2931265,19.39
20,729,IBUCCREDIT,N7,24,24,100.00
20,730,IBUCCREDIT,N9,70,50,71.43
20,731,IBUCCREDIT,NB,11,11,100.00
20,732,IBULHSGFIN,EQ,61421648,5626205,9.16
20,733,IBULHSGFIN,N8,75,75,100.00
20,734,IBULHSGFIN,NA,3994,3974,99.50
20,735,IBULHSGFIN,NE,602,602,100.00
20,736,IBULHSGFIN,NU,1,1,100.00
20,737,IBULHSGFIN,NY,2,2,100.00
20,738,IBULHSGFIN,YI,10,10,100.00
20,739,ICICI500,EQ,74144,50402,67.98
20,740,ICICI5GSEC,EQ,244,177,72.54
20,741,ICICIALPLV,EQ,162379,123073,75.79
20,742,ICICIAUTO,EQ,413292,400912,97.00
20,743,ICICIB22,EQ,991787,931901,93.96
20,744,ICICIBANK,EQ,16685166,8990120,53.88
20,745,ICICIBANKN,EQ,455117,417362,91.70
20,746,ICICIBANKP,EQ,27037,21938,81.14
20,747,ICICICONSU,EQ,11327,11163,98.55
20,748,ICICIFMCG,EQ,5233,3155,60.29
20,749,ICICIGI,EQ,528459,324285,61.36
20,750,ICICIGOLD,EQ,879786,703087,79.92
20,751,ICICILIQ,EQ,44912,40928,91.13
20,752,ICICILOVOL,EQ,454836,438610,96.43
20,753,ICICIM150,EQ,45978,27277,59.33
20,754,ICICIMCAP,EQ,30205,19289,63.86
20,755,ICICINF100,EQ,37151,17001,45.76
20,756,ICICINIFTY,EQ,697739,640829,91.84
20,757,ICICINV20,EQ,37828,27756,73.37
20,758,ICICINXT50,EQ,153399,140128,91.35
20,759,ICICIPHARM,EQ,10070,9357,92.92
20,760,ICICIPRULI,EQ,1290273,595693,46.17
20,761,ICICISENSX,EQ,13714,9256,67.49
20,762,ICICISILVE,EQ,389797,362975,93.12
20,763,ICICITECH,EQ,357112,287490,80.50
20,764,ICIL,EQ,1529371,221917,14.51
20,765,ICRA,EQ,1849,937,50.68
20,766,IDBI,EQ,6600408,2616088,39.64
20,767,IDBIGOLD,EQ,54,27,50.00
20,768,IDEA,EQ,122299874,39216882,32.07
20,769,IDFC,EQ,8379629,3154830,37.65
20,770,IDFCFIRSTB,EQ,47352639,16229331,34.27
20,771,IDFNIFTYET,EQ,3247,3211,98.89
20,772,IEX,EQ,13248306,5585179,42.16
20,773,IFBAGRO,EQ,9939,6574,66.14
20,774,IFBIND,EQ,59428,12126,20.40
20,775,IFCI,EQ,4028001,1786559,44.35
20,776,IFCI,NH,603,576,95.52
20,777,IFCI,NL,83,83,100.00
20,778,IFGLEXPOR,EQ,26529,15957,60.15
20,779,IGARASHI,EQ,54119,26078,48.19
20,780,IGL,EQ,2691973,1000513,37.17
20,781,IGPL,EQ,34021,14514,42.66
20,782,IIFCL,N2,200,200,100.00
20,783,IIFCL,N4,25,25,100.00
20,784,IIFL,EQ,1033100,536096,51.89
20,785,IIFL,N4,533,533,100.00
20,786,IIFL,N5,69,69,100.00
20,787,IIFL,N6,25,25,100.00
20,788,IIFL,NA,272,207,76.10
20,789,IIFL,NC,10,10,100.00
20,790,IIFL,NE,9,9,100.00
20,791,IIFL,NF,8233,7423,90.16
20,792,IIFL,NI,25,25,100.00
20,793,IIFL,NJ,150,150,100.00
20,794,IIFL,NL,1640,1538,93.78
20,795,IIFLSEC,EQ,569517,214546,37.67
20,796,IIFLWAM,EQ,44059,25911,58.81
20,797,IIHFL,N4,90,90,100.00
20,798,IIHFL,N5,3860,3379,87.54
20,799,IIHFL,N6,52,52,100.00
20,800,IIHFL,N7,140,140,100.00
20,801,IIHFL,N9,69,69,100.00
20,802,IIHFL,NC,490,472,96.33
20,803,IMAGICAA,EQ,466554,278473,59.69
20,804,IMFA,EQ,70811,32292,45.60
20,805,IMPAL,EQ,1039,1006,96.82
20,806,IMPEXFERRO,EQ,18931,18931,100.00
20,807,INCRED,N1,112,112,100.00
20,808,INCRED,N3,12,10,83.33
20,809,INCREDIBLE,EQ,6422,3153,49.10
20,810,INDBANK,EQ,241645,102771,42.53
20,811,INDHOTEL,EQ,8408010,4538751,53.98
20,812,INDIACEM,EQ,1982859,441462,22.26
20,813,INDIAGLYCO,EQ,156545,51413,32.84
20,814,INDIAMART,EQ,94513,16025,16.96
20,815,INDIANB,EQ,2738548,904795,33.04
20,816,INDIANCARD,EQ,17022,8870,52.11
20,817,INDIANHUME,EQ,16788,8308,49.49
20,818,INDIGO,EQ,371011,85360,23.01
20,819,INDIGOPNTS,EQ,35521,13309,37.47
20,820,INDIGRID,IV,500496,486385,97.18
20,821,INDIGRID,NB,51,51,100.00
20,822,INDIGRID,ND,350,350,100.00
20,823,INDIGRID,NF,50,50,100.00
20,824,INDIGRID,NJ,1581,1006,63.63
20,825,INDIGRID,NL,60,50,83.33
20,826,INDNIPPON,EQ,21614,13314,61.60
20,827,INDOAMIN,EQ,41785,25428,60.85
20,828,INDOBORAX,EQ,28534,17618,61.74
20,829,INDOCO,EQ,85864,46481,54.13
20,830,INDORAMA,EQ,557145,145387,26.10
20,831,INDOSTAR,EQ,53822,44103,81.94
20,832,INDOTECH,EQ,17903,11133,62.19
20,833,INDOTHAI,EQ,6611,5643,85.36
20,834,INDOWIND,EQ,165032,87421,52.97
20,835,INDRAMEDCO,EQ,105430,60114,57.02
20,836,INDSWFTLAB,EQ,48334,31515,65.20
20,837,INDSWFTLTD,EQ,59980,40890,68.17
20,838,INDTERRAIN,EQ,104468,50297,48.15
20,839,INDUSINDBK,EQ,4776857,1301127,27.24
20,840,INDUSTOWER,EQ,4943694,2729342,55.21
20,841,INEOSSTYRO,EQ,51845,25320,48.84
20,842,INFIBEAM,EQ,8265998,2666602,32.26
20,843,INFOBEAN,EQ,32223,18164,56.37
20,844,INFOMEDIA,EQ,12510,12109,96.79
20,845,INFRABEES,EQ,7689,6342,82.48
20,846,INFY,EQ,7034979,4816162,68.46
20,847,INGERRAND,EQ,28159,14895,52.90
20,848,INNOVATIVE,SM,27000,27000,100.00
20,849,INOXLEISUR,EQ,570684,194956,34.16
20,850,INOXWIND,EQ,873847,252912,28.94
20,851,INSECTICID,EQ,22825,12826,56.19
20,852,INSPIRISYS,EQ,23113,16302,70.53
20,853,INTELLECT,EQ,520621,222333,42.71
20,854,INTENTECH,EQ,65850,36453,55.36
20,855,INTLCONV,EQ,96093,48489,50.46
20,856,INVENTURE,EQ,4176186,2596034,62.16
20,857,IOB,EQ,1757340,833495,47.43
20,858,IOC,EQ,20411762,7716610,37.80
20,859,IOLCP,EQ,233812,73711,31.53
20,860,IONEXCHANG,EQ,16208,9216,56.86
20,861,IPCALAB,EQ,175466,82175,46.83
20,862,IPL,EQ,87487,44763,51.17
20,863,IRB,EQ,1619181,965900,59.65
20,864,IRBINVIT,IV,270703,251045,92.74
20,865,IRCON,EQ,1003232,620402,61.84
20,866,IRCTC,EQ,3756193,1465341,39.01
20,867,IREDA,N5,100,100,100.00
20,868,IREDA,N7,179,179,100.00
20,869,IRFC,EQ,6472563,3307423,51.10
20,870,IRFC,N2,500,500,100.00
20,871,IRFC,N4,450,450,100.00
20,872,IRFC,N9,1711,1589,92.87
20,873,IRFC,NA,77,77,100.00
20,874,IRFC,NE,233,224,96.14
20,875,IRFC,NI,999,999,100.00
20,876,IRFC,NJ,1832,1832,100.00
20,877,IRFC,NK,494,494,100.00
20,878,IRFC,NL,1,1,100.00
20,879,IRFC,NN,49,49,100.00
20,880,IRFC,NO,1031,1031,100.00
20,881,IRIS,EQ,41965,24825,59.16
20,882,IRISDOREME,EQ,72983,39669,54.35
20,883,ISEC,EQ,409821,184288,44.97
20,884,ISFT,EQ,6888,4582,66.52
20,885,ISGEC,EQ,54121,27469,50.75
20,886,ITBEES,EQ,1982983,1050753,52.99
20,887,ITC,EQ,20044726,10795115,53.86
20,888,ITDC,EQ,26401,12362,46.82
20,889,ITDCEM,EQ,468602,288723,61.61
20,890,ITI,EQ,130678,71316,54.57
20,891,IVC,EQ,272323,161728,59.39
20,892,IVP,EQ,10711,7476,69.80
20,893,IVZINGOLD,EQ,138,112,81.16
20,894,IVZINNIFTY,EQ,91,84,92.31
20,895,IWEL,EQ,670,281,41.94
20,896,IZMO,EQ,42217,26095,61.81
20,897,JAGRAN,EQ,196328,120574,61.41
20,898,JAGSNPHARM,EQ,129510,119044,91.92
20,899,JAIBALAJI,EQ,65778,44289,67.33
20,900,JAICORPLTD,EQ,2584566,450063,17.41
20,901,JAINAM,SM,2000,2000,100.00
20,902,JAIPURKURT,EQ,3915,2054,52.46
20,903,JAMNAAUTO,EQ,783274,344372,43.97
20,904,JASH,EQ,14435,8307,57.55
20,905,JAYAGROGN,EQ,92959,45577,49.03
20,906,JAYBARMARU,EQ,20637,12407,60.12
20,907,JAYNECOIND,EQ,93619,70557,75.37
20,908,JAYSREETEA,EQ,77694,54921,70.69
20,909,JBCHEPHARM,EQ,27708,14543,52.49
20,910,JBFIND,EQ,159903,105974,66.27
20,911,JBMA,EQ,104785,59092,56.39
20,912,JCHAC,EQ,30027,7314,24.36
20,913,JETFREIGHT,EQ,10985,5009,45.60
20,914,JHS,EQ,82826,46973,56.71
20,915,JINDALPHOT,EQ,29634,21873,73.81
20,916,JINDALPOLY,EQ,99993,38486,38.49
20,917,JINDALSAW,EQ,880082,326067,37.05
20,918,JINDALSTEL,EQ,7443538,1772322,23.81
20,919,JINDRILL,EQ,34275,25378,74.04
20,920,JISLDVREQS,EQ,9132,7006,76.72
20,921,JISLJALEQS,EQ,2892596,1572858,54.38
20,922,J&KBANK,EQ,3414190,1198128,35.09
20,923,JKCEMENT,EQ,50220,14850,29.57
20,924,JKIL,EQ,738168,293379,39.74
20,925,JKLAKSHMI,EQ,160395,68307,42.59
20,926,JKPAPER,EQ,813496,237273,29.17
20,927,JKTYRE,EQ,713306,233934,32.80
20,928,JMA,EQ,21849,11837,54.18
20,929,JMCPROJECT,EQ,224145,80062,35.72
20,930,JMFINANCIL,EQ,624263,235139,37.67
20,931,JOCIL,EQ,13334,8409,63.06
20,932,JPASSOCIAT,EQ,8616266,4962711,57.60
20,933,JPINFRATEC,EQ,2252096,1005148,44.63
20,934,JPOLYINVST,EQ,2245,1553,69.18
20,935,JPPOWER,EQ,17041512,13072208,76.71
20,936,JSL,EQ,1636939,524983,32.07
20,937,JSLHISAR,EQ,775419,385474,49.71
20,938,JSLL,SM,51000,45000,88.24
20,939,JSWENERGY,EQ,883676,624086,70.62
20,940,JSWHL,EQ,1153,673,58.37
20,941,JSWISPL,EQ,3520362,1964913,55.82
20,942,JSWSTEEL,EQ,4123927,1398793,33.92
20,943,JTEKTINDIA,EQ,103165,56197,54.47
20,944,JTLINFRA,EQ,166645,95208,57.13
20,945,JUBLFOOD,EQ,2600931,841191,32.34
20,946,JUBLINDS,EQ,13917,6575,47.24
20,947,JUBLINGREA,EQ,409754,225626,55.06
20,948,JUBLPHARMA,EQ,94217,51664,54.84
20,949,JUNIORBEES,EQ,431920,349247,80.86
20,950,JUSTDIAL,EQ,640827,156352,24.40
20,951,JYOTHYLAB,EQ,208486,121385,58.22
20,952,KABRAEXTRU,EQ,31782,20485,64.45
20,953,KAJARIACER,EQ,126600,71309,56.33
20,954,KAKATCEM,EQ,13666,8211,60.08
20,955,KALPATPOWR,EQ,189488,59260,31.27
20,956,KALYANKJIL,EQ,5799208,1268567,21.87
20,957,KAMATHOTEL,EQ,73731,42206,57.24
20,958,KAMDHENU,EQ,81425,35678,43.82
20,959,KANORICHEM,EQ,11603,7544,65.02
20,960,KANPRPLA,EQ,11138,7059,63.38
20,961,KANSAINER,EQ,143358,75348,52.56
20,962,KARURVYSYA,EQ,2628845,1249617,47.53
20,963,KAUSHALYA,EQ,74905,55944,74.69
20,964,KAVVERITEL,EQ,39979,28979,72.49
20,965,KAYA,EQ,9997,6079,60.81
20,966,KBCGLOBAL,EQ,1926281,1926281,100.00
20,967,KCP,EQ,287557,180227,62.68
20,968,KCPSUGIND,EQ,598346,149997,25.07
20,969,KDDL,EQ,8347,4905,58.76
20,970,KEC,EQ,118033,51357,43.51
20,971,KECL,EQ,73714,46329,62.85
20,972,KEERTI,EQ,28996,27962,96.43
20,973,KEI,EQ,153638,59893,38.98
20,974,KELLTONTEC,EQ,388238,231300,59.58
20,975,KENNAMET,EQ,36032,14287,39.65
20,976,KESORAMIND,EQ,647362,367413,56.76
20,977,KEYFINSERV,EQ,8154,2494,30.59
20,978,KHADIM,EQ,45972,30479,66.30
20,979,KHAICHEM,EQ,81094,71891,88.65
20,980,KICL,EQ,3800,1914,50.37
20,981,KILITCH,EQ,20814,14159,68.03
20,982,KIMS,EQ,129287,111290,86.08
20,983,KINGFA,EQ,8019,4148,51.73
20,984,KIOCL,EQ,60708,34537,56.89
20,985,KIRIINDUS,EQ,123265,58063,47.10
20,986,KIRLFER,EQ,181572,93874,51.70
20,987,KIRLOSBROS,EQ,18272,12875,70.46
20,988,KIRLOSENG,EQ,83377,52621,63.11
20,989,KIRLOSIND,EQ,2092,1246,59.56
20,990,KITEX,EQ,450470,139264,30.92
20,991,KKCL,EQ,294357,203759,69.22
20,992,KMSUGAR,EQ,593200,191824,32.34
20,993,KNAGRI,SM,158400,104000,65.66
20,994,KNRCON,EQ,434199,244282,56.26
20,995,KOKUYOCMLN,EQ,165060,116461,70.56
20,996,KOLTEPATIL,EQ,321737,144311,44.85
20,997,KOPRAN,EQ,232572,91359,39.28
20,998,KOTAKALPHA,EQ,469719,390123,83.05
20,999,KOTAKBANK,EQ,4282268,2653245,61.96
20,1000,KOTAKBKETF,EQ,517265,427856,82.72
20,1001,KOTAKGOLD,EQ,180007,122825,68.23
20,1002,KOTAKIT,EQ,79008,60208,76.20
20,1003,KOTAKLOVOL,EQ,9990,9820,98.30
20,1004,KOTAKMID50,EQ,3801,2505,65.90
20,1005,KOTAKNIFTY,EQ,238469,138371,58.02
20,1006,KOTAKNV20,EQ,26101,22754,87.18
20,1007,KOTAKPSUBK,EQ,31476,22807,72.46
20,1008,KOTARISUG,EQ,260420,83641,32.12
20,1009,KOTHARIPET,EQ,164329,65266,39.72
20,1010,KOTYARK,SM,2000,2000,100.00
20,1011,KOVAI,EQ,3563,2268,63.65
20,1012,KPIGREEN,EQ,94331,49922,52.92
20,1013,KPITTECH,EQ,1126248,479510,42.58
20,1014,KPRMILL,EQ,580549,261111,44.98
20,1015,KRBL,EQ,5384803,638658,11.86
20,1016,KREBSBIO,EQ,22150,10796,48.74
20,1017,KRIDHANINF,EQ,170572,95692,56.10
20,1018,KRISHANA,EQ,11575,7084,61.20
20,1019,KRISHIVAL,SM,12000,12000,100.00
20,1020,KRISHNADEF,SM,36000,21000,58.33
20,1021,KRITI,EQ,89238,49510,55.48
20,1022,KRITIKA,EQ,980,980,100.00
20,1023,KRSNAA,EQ,55526,31989,57.61
20,1024,KSB,EQ,31287,12137,38.79
20,1025,KSCL,EQ,78479,34343,43.76
20,1026,KSHITIJPOL,SM,32662,32662,100.00
20,1027,KSL,EQ,158453,33228,20.97
20,1028,KSOLVES,SM,4000,4000,100.00
20,1029,KTKBANK,EQ,1030018,615702,59.78
20,1030,KUANTUM,EQ,11969,6523,54.50
20,1031,LAGNAM,EQ,20412,14839,72.70
20,1032,LALPATHLAB,EQ,137747,28285,20.53
20,1033,LAMBODHARA,EQ,49158,32019,65.13
20,1034,LANCER,EQ,17126,9400,54.89
20,1035,LAOPALA,EQ,212969,82433,38.71
20,1036,LASA,EQ,78119,53101,67.97
20,1037,LATENTVIEW,EQ,537671,127782,23.77
20,1038,LAURUSLABS,EQ,1486405,688205,46.30
20,1039,LAXMICOT,EQ,12351,6149,49.79
20,1040,LAXMIMACH,EQ,19682,5942,30.19
20,1041,LCCINFOTEC,EQ,77454,65619,84.72
20,1042,LEMERITE,ST,235200,222400,94.56
20,1043,LEMONTREE,EQ,3156936,1154505,36.57
20,1044,LEXUS,SM,141000,121000,85.82
20,1045,LFIC,EQ,1036,804,77.61
20,1046,LGBBROSLTD,EQ,49331,19978,40.50
20,1047,LGBFORGE,EQ,386356,289714,74.99
20,1048,LIBAS,EQ,32051,20423,63.72
20,1049,LIBERTSHOE,EQ,99856,38238,38.29
20,1050,LICHSGFIN,EQ,3803415,970731,25.52
20,1051,LICNETFGSC,EQ,3989,2424,60.77
20,1052,LICNETFN50,EQ,8200,5558,67.78
20,1053,LICNETFSEN,EQ,558,516,92.47
20,1054,LICNFNHGP,EQ,6484,6199,95.60
20,1055,LIKHITHA,EQ,27674,19187,69.33
20,1056,LINC,EQ,16682,8930,53.53
20,1057,LINCOLN,EQ,32409,23988,74.02
20,1058,LINDEINDIA,EQ,93242,32557,34.92
20,1059,LIQUIDBEES,EQ,2744203,2405950,87.67
20,1060,LIQUIDETF,EQ,18793,17579,93.54
20,1061,LODHA,EQ,103016,54498,52.90
20,1062,LOKESHMACH,EQ,135147,72807,53.87
20,1063,LOTUSEYE,EQ,19447,11691,60.12
20,1064,LOVABLE,EQ,65104,40556,62.29
20,1065,LPDC,EQ,81536,59031,72.40
20,1066,LSIL,EQ,1266993,1013811,80.02
20,1067,LT,EQ,3407191,2154482,63.23
20,1068,L&TFH,EQ,9791943,1820894,18.60
20,1069,L&TFINANCE,NE,20,20,100.00
20,1070,L&TFINANCE,NG,121,113,93.39
20,1071,L&TFINANCE,NS,50,50,100.00
20,1072,L&TFINANCE,NW,30,30,100.00
20,1073,L&TFINANCE,NY,425,425,100.00
20,1074,L&TFINANCE,Y1,201,201,100.00
20,1075,L&TFINANCE,Y3,60,60,100.00
20,1076,L&TFINANCE,Y5,100,100,100.00
20,1077,L&TFINANCE,Y9,444,307,69.14
20,1078,LTGILTBEES,EQ,5581,3989,71.47
20,1079,LTI,EQ,655789,210875,32.16
20,1080,LTTS,EQ,375486,124543,33.17
20,1081,LUMAXIND,EQ,5853,4173,71.30
20,1082,LUMAXTECH,EQ,74863,28566,38.16
20,1083,LUPIN,EQ,1338840,441066,32.94
20,1084,LUXIND,EQ,33707,14301,42.43
20,1085,LXCHEM,EQ,706484,262347,37.13
20,1086,LYKALABS,EQ,103009,81016,78.65
20,1087,LYPSAGEMS,EQ,47030,36787,78.22
20,1088,M15RG,MF,7500,7500,100.00
20,1089,MAANALU,EQ,29469,17422,59.12
20,1090,MACPOWER,EQ,7060,4164,58.98
20,1091,MADHAV,EQ,9197,7259,78.93
20,1092,MADHAVBAUG,SM,6400,4800,75.00
20,1093,MADRASFERT,EQ,315139,104118,33.04
20,1094,MAESGETF,EQ,31239,30143,96.49
20,1095,MAFANG,EQ,807879,565534,70.00
20,1096,MAFSETF,EQ,1103800,697516,63.19
20,1097,MAGADSUGAR,EQ,127763,36498,28.57
20,1098,MAGNUM,EQ,43638,35165,80.58
20,1099,MAHABANK,EQ,2269860,1161262,51.16
20,1100,MAHAPEXLTD,EQ,4619,2171,47.00
20,1101,MAHASTEEL,EQ,54730,40453,73.91
20,1102,MAHEPC,EQ,71864,47515,66.12
20,1103,MAHESHWARI,EQ,89626,60956,68.01
20,1104,MAHINDCIE,EQ,548881,232924,42.44
20,1105,MAHKTECH,EQ,209869,166614,79.39
20,1106,MAHLIFE,EQ,219752,92547,42.11
20,1107,MAHLOG,EQ,45877,22342,48.70
20,1108,MAHSCOOTER,EQ,5630,4052,71.97
20,1109,MAHSEAMLES,EQ,56180,23651,42.10
20,1110,MAITHANALL,EQ,65772,25806,39.24
20,1111,MALLCOM,EQ,2392,1299,54.31
20,1112,MALUPAPER,EQ,16879,11353,67.26
20,1113,MAM150ETF,EQ,172350,165400,95.97
20,1114,MAMFGETF,EQ,2992,2974,99.40
20,1115,MAN50ETF,EQ,62653,62602,99.92
20,1116,MANAKALUCO,EQ,69885,37479,53.63
20,1117,MANAKCOAT,EQ,114557,72587,63.36
20,1118,MANAKSIA,EQ,107942,49458,45.82
20,1119,MANAKSTEEL,EQ,198025,120884,61.04
20,1120,MANALIPETC,EQ,796427,260233,32.68
20,1121,MANAPPURAM,EQ,6776832,2060499,30.41
20,1122,MANGALAM,EQ,11187,6537,58.43
20,1123,MANGCHEFER,EQ,833857,397768,47.70
20,1124,MANGLMCEM,EQ,14195,6399,45.08
20,1125,MANINDS,EQ,1132908,344785,30.43
20,1126,MANINFRA,EQ,266784,170812,64.03
20,1127,MANORG,EQ,15189,7420,48.85
20,1128,MANUGRAPH,EQ,9361,6665,71.20
20,1129,MANXT50,EQ,4665,3976,85.23
20,1130,MANYAVAR,EQ,375421,290424,77.36
20,1131,MAPMYINDIA,EQ,278684,69163,24.82
20,1132,MARALOVER,EQ,66967,45856,68.48
20,1133,MARATHON,EQ,31284,13307,42.54
20,1134,MARICO,EQ,1799507,1058457,58.82
20,1135,MARINE,EQ,289639,195582,67.53
20,1136,MARKSANS,EQ,818765,443256,54.14
20,1137,MARSHALL,EQ,27478,14534,52.89
20,1138,MARUTI,EQ,571754,233993,40.93
20,1139,MASFIN,EQ,76781,35465,46.19
20,1140,MASPTOP50,EQ,134921,77602,57.52
20,1141,MASTEK,EQ,117491,43719,37.21
20,1142,MATRIMONY,EQ,22046,11338,51.43
20,1143,MAWANASUG,EQ,294669,118895,40.35
20,1144,MAXHEALTH,EQ,440492,225552,51.20
20,1145,MAXIND,EQ,243476,214881,88.26
20,1146,MAXVIL,EQ,110455,85147,77.09
20,1147,MAYURUNIQ,EQ,136132,42240,31.03
20,1148,MAZDA,EQ,3384,1321,39.04
20,1149,MAZDOCK,EQ,241866,68570,28.35
20,1150,MBAPL,EQ,85430,47396,55.48
20,1151,MBLINFRA,EQ,204550,114878,56.16
20,1152,MCDOWELL-N,EQ,932166,347304,37.26
20,1153,MCLEODRUSS,EQ,324174,256162,79.02
20,1154,MCX,EQ,268207,114672,42.76
20,1155,MEDICAMEQ,EQ,12772,7847,61.44
20,1156,MEDPLUS,EQ,74632,26522,35.54
20,1157,MEGASOFT,EQ,124217,76786,61.82
20,1158,MEGASTAR,EQ,34953,24397,69.80
20,1159,MENONBE,EQ,49291,20180,40.94
20,1160,MEP,EQ,417626,214498,51.36
20,1161,MERCATOR,EQ,431539,422867,97.99
20,1162,METROBRAND,EQ,69786,34332,49.20
20,1163,METROPOLIS,EQ,102711,41798,40.69
20,1164,MFL,EQ,216782,76143,35.12
20,1165,MFSL,EQ,906187,516669,57.02
20,1166,MGEL,EQ,151283,122145,80.74
20,1167,MGL,EQ,529217,132470,25.03
20,1168,MHHL,SM,18000,12000,66.67
20,1169,MHLXMIRU,EQ,2761,1501,54.36
20,1170,MHRIL,EQ,487205,211352,43.38
20,1171,MICEL,EQ,158262,114312,72.23
20,1172,MID150BEES,EQ,357222,283151,79.26
20,1173,MIDHANI,EQ,275034,85118,30.95
20,1174,MILTON,SM,4400,4400,100.00
20,1175,MINDACORP,EQ,1449250,266327,18.38
20,1176,MINDAIND,EQ,252859,70983,28.07
20,1177,MINDSPACE,RR,124011,111101,89.59
20,1178,MINDTECK,EQ,54109,33001,60.99
20,1179,MINDTREE,EQ,1147473,291788,25.43
20,1180,MIRCELECTR,EQ,422412,271389,64.25
20,1181,MIRZAINT,EQ,990291,344414,34.78
20,1182,MITCON,EQ,12033,9100,75.63
20,1183,MITTAL,EQ,79496,47821,60.16
20,1184,M&M,EQ,4908042,3323410,67.71
20,1185,M&MFIN,EQ,6085745,2380447,39.12
20,1186,M&MFIN,N2,1258,1000,79.49
20,1187,MMFL,EQ,17081,10653,62.37
20,1188,MMP,EQ,62454,36219,57.99
20,1189,MMTC,EQ,1812965,553590,30.54
20,1190,MODISNME,EQ,42971,24016,55.89
20,1191,MOGSEC,EQ,568,339,59.68
20,1192,MOHITIND,EQ,34673,22861,65.93
20,1193,MOIL,EQ,139386,67761,48.61
20,1194,MOKSH,EQ,28972,28972,100.00
20,1195,MOL,EQ,2099518,697976,33.24
20,1196,MOLDTECH,EQ,103062,42939,41.66
20,1197,MOLDTKPAC,EQ,77792,36502,46.92
20,1198,MOLOWVOL,EQ,205,176,85.85
20,1199,MOM100,EQ,203260,163539,80.46
20,1200,MOM50,EQ,6318,4406,69.74
20,1201,MOMOMENTUM,EQ,17919,17638,98.43
20,1202,MON100,EQ,931233,626304,67.26
20,1203,MONARCH,EQ,33943,14270,42.04
20,1204,MONQ50,EQ,60419,55924,92.56
20,1205,MONTECARLO,EQ,27468,15194,55.32
20,1206,MOREPENLAB,EQ,1393422,579128,41.56
20,1207,MOTHERSUMI,EQ,13886266,4098433,29.51
20,1208,MOTILALOFS,EQ,90347,36491,40.39
20,1209,MOTOGENFIN,EQ,4672,3725,79.73
20,1210,MPHASIS,EQ,314731,96150,30.55
20,1211,MPSLTD,EQ,9718,6290,64.73
20,1212,MRF,EQ,11473,3827,33.36
20,1213,MRO-TEK,EQ,27201,16617,61.09
20,1214,MRPL,EQ,19888522,4185169,21.04
20,1215,MSPL,EQ,1115335,607521,54.47
20,1216,MSTCLTD,EQ,233131,68492,29.38
20,1217,MSUMI,EQ,7162504,4804983,67.09
20,1218,MTARTECH,EQ,83201,33291,40.01
20,1219,MTEDUCARE,EQ,163356,71097,43.52
20,1220,MTNL,EQ,1162226,549311,47.26
20,1221,MUKANDLTD,EQ,65822,42699,64.87
20,1222,MUNJALAU,EQ,56822,36317,63.91
20,1223,MUNJALSHOW,EQ,26224,12720,48.51
20,1224,MURUDCERA,EQ,29095,18152,62.39
20,1225,MUTHOOTCAP,EQ,7550,4812,63.74
20,1226,MUTHOOTFIN,EQ,752431,398641,52.98
20,1227,NABARD,N2,2427,2050,84.47
20,1228,NACLIND,EQ,72510,44902,61.93
20,1229,NAGAFERT,EQ,1077785,696783,64.65
20,1230,NAGREEKEXP,EQ,15192,12808,84.31
20,1231,NAHARCAP,EQ,43978,15939,36.24
20,1232,NAHARINDUS,EQ,139547,49015,35.12
20,1233,NAHARPOLY,EQ,34535,23592,68.31
20,1234,NAM-INDIA,EQ,611626,249529,40.80
20,1235,NATCOPHARM,EQ,538039,439259,81.64
20,1236,NATHBIOGEN,EQ,55196,28802,52.18
20,1237,NATIONALUM,EQ,21955290,8094049,36.87
20,1238,NAUKRI,EQ,504365,211728,41.98
20,1239,NAVINFLUOR,EQ,240679,94369,39.21
20,1240,NAVKARCORP,EQ,2087348,902780,43.25
20,1241,NAVNETEDUL,EQ,101630,62909,61.90
20,1242,NAZARA,EQ,541519,152853,28.23
20,1243,NBCC,EQ,3989517,1344614,33.70
20,1244,NBIFIN,EQ,72545,65679,90.54
20,1245,NBVENTURES,EQ,962333,274866,28.56
20,1246,NCC,EQ,6987999,2175934,31.14
20,1247,NCLIND,EQ,132935,50979,38.35
20,1248,NDGL,EQ,161,111,68.94
20,1249,NDL,EQ,201548,92995,46.14
20,1250,NDRAUTO,EQ,25599,7636,29.83
20,1251,NDTV,EQ,69396,43000,61.96
20,1252,NECCLTD,EQ,92893,59585,64.14
20,1253,NECLIFE,EQ,342548,190652,55.66
20,1254,NELCAST,EQ,84256,55120,65.42
20,1255,NELCO,EQ,48328,29349,60.73
20,1256,NEOGEN,EQ,69688,29859,42.85
20,1257,NESCO,EQ,33472,18898,56.46
20,1258,NESTLEIND,EQ,71776,44479,61.97
20,1259,NETF,EQ,4978,3711,74.55
20,1260,NETWORK18,EQ,2610397,778902,29.84
20,1261,NEULANDLAB,EQ,68198,20938,30.70
20,1262,NEWGEN,EQ,106331,42260,39.74
20,1263,NFL,EQ,1579735,540757,34.23
20,1264,NGIL,EQ,21411,18259,85.28
20,1265,NH,EQ,115425,74833,64.83
20,1266,NHAI,N2,3400,2885,84.85
20,1267,NHAI,N4,110,110,100.00
20,1268,NHAI,N6,757,651,86.00
20,1269,NHAI,N8,898,803,89.42
20,1270,NHAI,NA,14381,10980,76.35
20,1271,NHAI,NC,38,38,100.00
20,1272,NHAI,NE,1969,1910,97.00
20,1273,NHBTF2014,N4,47,47,100.00
20,1274,NHBTF2023,N6,426,347,81.46
20,1275,NHPC,EQ,14390136,8890105,61.78
20,1276,NHPC,N6,97,97,100.00
20,1277,NIACL,EQ,281431,95491,33.93
20,1278,NIBL,EQ,22372,12032,53.78
20,1279,NIDAN,SM,23000,15000,65.22
20,1280,NIF100BEES,EQ,16536,14930,90.29
20,1281,NIFTYBEES,EQ,12227812,10021181,81.95
20,1282,NIITLTD,EQ,559548,252336,45.10
20,1283,NILAINFRA,EQ,510686,179046,35.06
20,1284,NILASPACES,EQ,1434621,1120783,78.12
20,1285,NILKAMAL,EQ,6407,4418,68.96
20,1286,NIPPOBATRY,EQ,3567,2234,62.63
20,1287,NIRAJ,EQ,8660,3259,37.63
20,1288,NITCO,EQ,29660,21752,73.34
20,1289,NITINSPIN,EQ,847943,484118,57.09
20,1290,NITIRAJ,EQ,11133,5944,53.39
20,1291,NKIND,EQ,4945,2523,51.02
20,1292,NLCINDIA,EQ,5370271,1371590,25.54
20,1293,NMDC,EQ,8268733,2429966,29.39
20,1294,NOCIL,EQ,686394,259001,37.73
20,1295,NOIDATOLL,EQ,89404,59171,66.18
20,1296,NOVARTIND,EQ,4982,3334,66.92
20,1297,NPBET,EQ,959,658,68.61
20,1298,NPST,SM,6400,6400,100.00
20,1299,NRAIL,EQ,7569,4837,63.91
20,1300,NRBBEARING,EQ,120595,89378,74.11
20,1301,NRL,SM,39600,27500,69.44
20,1302,NSIL,EQ,926,687,74.19
20,1303,NTPC,EQ,11818556,6720212,56.86
20,1304,NTPC,N2,6,6,100.00
20,1305,NTPC,N4,1013,1013,100.00
20,1306,NTPC,N6,393,393,100.00
20,1307,NTPC,N7,163737,138534,84.61
20,1308,NTPC,NA,2,2,100.00
20,1309,NTPC,NC,16,16,100.00
20,1310,NTPC,ND,450,437,97.11
20,1311,NUCLEUS,EQ,10811,5595,51.75
20,1312,NURECA,EQ,23064,9911,42.97
20,1313,NUVOCO,EQ,563910,495688,87.90
20,1314,NV20BEES,EQ,17455,10607,60.77
20,1315,NXTDIGITAL,EQ,5156,3669,71.16
20,1316,NYKAA,EQ,769439,187987,24.43
20,1317,OAL,EQ,51814,22300,43.04
20,1318,OBCL,EQ,17552,13797,78.61
20,1319,OBEROIRLTY,EQ,502448,198173,39.44
20,1320,OCCL,EQ,5227,3294,63.02
20,1321,OFSS,EQ,125825,64339,51.13
20,1322,OIL,EQ,1418183,610109,43.02
20,1323,OILCOUNTUB,EQ,14532,12676,87.23
20,1324,OLECTRA,EQ,169627,116863,68.89
20,1325,OMAXAUTO,EQ,20335,12959,63.73
20,1326,OMAXE,EQ,536089,135798,25.33
20,1327,OMINFRAL,EQ,58959,41702,70.73
20,1328,OMKARCHEM,EQ,21649,12854,59.37
20,1329,ONELIFECAP,EQ,13747,9540,69.40
20,1330,ONEPOINT,EQ,320873,280527,87.43
20,1331,ONGC,EQ,21459069,8087883,37.69
20,1332,ONMOBILE,EQ,1582070,332704,21.03
20,1333,ONWARDTEC,EQ,13321,5526,41.48
20,1334,OPTIEMUS,EQ,532491,152745,28.68
20,1335,ORBTEXP,EQ,17481,12169,69.61
20,1336,ORCHPHARMA,EQ,7988,5374,67.28
20,1337,ORICONENT,EQ,124527,80957,65.01
20,1338,ORIENTABRA,EQ,92400,35154,38.05
20,1339,ORIENTALTL,EQ,95123,67576,71.04
20,1340,ORIENTBELL,EQ,25099,9259,36.89
20,1341,ORIENTCEM,EQ,1651130,700730,42.44
20,1342,ORIENTELEC,EQ,562978,180220,32.01
20,1343,ORIENTHOT,EQ,399505,216485,54.19
20,1344,ORIENTLTD,EQ,7979,6448,80.81
20,1345,ORIENTPPR,EQ,1115458,410395,36.79
20,1346,ORISSAMINE,EQ,23075,11153,48.33
20,1347,ORTINLAB,EQ,37966,20985,55.27
20,1348,OSIAHYPER,SM,2800,2800,100.00
20,1349,OSWALAGRO,EQ,91892,59700,64.97
20,1350,OSWALSEEDS,SM,12000,8000,66.67
20,1351,PAGEIND,EQ,16682,7486,44.87
20,1352,PAISALO,EQ,96378,46436,48.18
20,1353,PANACEABIO,EQ,37748,23634,62.61
20,1354,PANAMAPET,EQ,302284,107198,35.46
20,1355,PAR,EQ,23913,19208,80.32
20,1356,PARACABLES,EQ,190368,134576,70.69
20,1357,PARAGMILK,EQ,310923,169944,54.66
20,1358,PARAS,EQ,100741,37616,37.34
20,1359,PARSVNATH,EQ,318783,193066,60.56
20,1360,PARTYCRUS,SM,4000,4000,100.00
20,1361,PASUPTAC,EQ,91297,51470,56.38
20,1362,PATELENG,EQ,361020,247533,68.56
20,1363,PATINTLOG,EQ,38531,25685,66.66
20,1364,PATINTPP,E1,44707,33001,73.82
20,1365,PAYTM,EQ,2218786,583120,26.28
20,1366,PBAINFRA,EQ,21958,16622,75.70
20,1367,PCBL,EQ,946116,522966,55.28
20,1368,PCHFL,N2,525,525,100.00
20,1369,PCHFL,N6,5,5,100.00
20,1370,PCHFL,NA,235,235,100.00
20,1371,PCJEWELLER,EQ,963529,556662,57.77
20,1372,PDMJEPAPER,EQ,193010,92297,47.82
20,1373,PDSL,EQ,6259,3923,62.68
20,1374,PEARLPOLY,EQ,73518,31924,43.42
20,1375,PEL,EQ,709239,272392,38.41
20,1376,PENIND,EQ,655693,369750,56.39
20,1377,PERSISTENT,EQ,218944,80880,36.94
20,1378,PETRONET,EQ,4466767,1415569,31.69
20,1379,PFC,EQ,3785754,1915045,50.59
20,1380,PFC,N3,35,35,100.00
20,1381,PFC,N5,82,82,100.00
20,1382,PFC,N6,2,2,100.00
20,1383,PFC,N8,103,75,72.82
20,1384,PFIZER,EQ,29502,19730,66.88
20,1385,PFOCUS,EQ,31079,20358,65.50
20,1386,PFS,EQ,735659,497499,67.63
20,1387,PGEL,EQ,72064,45574,63.24
20,1388,PGHH,EQ,3830,1646,42.98
20,1389,PGHL,EQ,16027,12996,81.09
20,1390,PGIL,EQ,12620,8607,68.20
20,1391,PGINVIT,IV,565078,508129,89.92
20,1392,PHARMABEES,EQ,353218,303696,85.98
20,1393,PHOENIXLTD,EQ,173147,94562,54.61
20,1394,PIDILITIND,EQ,376209,148595,39.50
20,1395,PIIND,EQ,270846,119078,43.97
20,1396,PILANIINVS,EQ,4495,2561,56.97
20,1397,PILITA,EQ,942921,356079,37.76
20,1398,PIONDIST,EQ,2480,1228,49.52
20,1399,PIONEEREMB,EQ,138448,77241,55.79
20,1400,PITTIENG,EQ,177519,95879,54.01
20,1401,PIXTRANS,EQ,23627,13324,56.39
20,1402,PLASTIBLEN,EQ,12564,6094,48.50
20,1403,PNB,EQ,203441446,64573658,31.74
20,1404,PNBGILTS,EQ,257236,138791,53.95
20,1405,PNBHOUSING,EQ,168723,77235,45.78
20,1406,PNCINFRA,EQ,121643,59601,49.00
20,1407,PODDARHOUS,EQ,2655,1626,61.24
20,1408,PODDARMENT,EQ,4969,2849,57.34
20,1409,POKARNA,EQ,82252,51201,62.25
20,1410,POLICYBZR,EQ,740958,447219,60.36
20,1411,POLYCAB,EQ,377134,150242,39.84
20,1412,POLYMED,EQ,26668,9217,34.56
20,1413,POLYPLEX,EQ,345882,105612,30.53
20,1414,PONNIERODE,EQ,37032,22336,60.32
20,1415,POONAWALLA,EQ,8198381,2741971,33.45
20,1416,POONAWALLA,N6,250,250,100.00
20,1417,POWERGRID,EQ,19904246,12428124,62.44
20,1418,POWERINDIA,EQ,27547,10469,38.00
20,1419,POWERMECH,EQ,28928,18688,64.60
20,1420,PPAP,EQ,40351,26643,66.03
20,1421,PPL,EQ,166564,71118,42.70
20,1422,PRAJIND,EQ,1413984,693243,49.03
20,1423,PRAKASH,EQ,744639,319738,42.94
20,1424,PRAKASHSTL,EQ,1722622,1083113,62.88
20,1425,PRAXIS,EQ,6639,5711,86.02
20,1426,PRECAM,EQ,122921,69939,56.90
20,1427,PRECISION,SM,24000,14000,58.33
20,1428,PRECOT,EQ,3243,1978,60.99
20,1429,PRECWIRE,EQ,90301,71855,79.57
20,1430,PREMIER,EQ,35273,22354,63.37
20,1431,PREMIERPOL,EQ,55781,22661,40.62
20,1432,PRESSMN,EQ,32834,16454,50.11
20,1433,PRESTIGE,EQ,348152,195968,56.29
20,1434,PRICOLLTD,EQ,1596851,892898,55.92
20,1435,PRIMESECU,EQ,137850,122696,89.01
20,1436,PRINCEPIPE,EQ,113855,44214,38.83
20,1437,PRITI,EQ,5253,4185,79.67
20,1438,PRITIKAUTO,EQ,41697,28121,67.44
20,1439,PRIVISCL,EQ,90332,26774,29.64
20,1440,PROPEQUITY,SM,1200,1200,100.00
20,1441,PROZONINTU,EQ,382044,242111,63.37
20,1442,PRSMJOHNSN,EQ,697680,192201,27.55
20,1443,PSB,EQ,562494,347418,61.76
20,1444,PSPPROJECT,EQ,97505,51051,52.36
20,1445,PSUBNKBEES,EQ,2147764,1268581,59.07
20,1446,PTC,EQ,782137,457663,58.51
20,1447,PTL,EQ,83642,60551,72.39
20,1448,PUNJABCHEM,EQ,13457,8839,65.68
20,1449,PURVA,EQ,150961,76886,50.93
20,1450,PVR,EQ,771470,283927,36.80
20,1451,QGOLDHALF,EQ,44709,20847,46.63
20,1452,QNIFTY,EQ,3258,3153,96.78
20,1453,QUADPRO,SM,12000,12000,100.00
20,1454,QUESS,EQ,141673,60456,42.67
20,1455,QUICKHEAL,EQ,51344,29088,56.65
20,1456,RADICO,EQ,348583,195730,56.15
20,1457,RADIOCITY,EQ,532644,418080,78.49
20,1458,RAILTEL,EQ,607481,270497,44.53
20,1459,RAIN,EQ,2291580,634771,27.70
20,1460,RAINBOW,EQ,1681626,622579,37.02
20,1461,RAJESHEXPO,EQ,108776,44329,40.75
20,1462,RAJMET,EQ,39378,20095,51.03
20,1463,RAJSREESUG,EQ,29877,15544,52.03
20,1464,RAJTV,EQ,4740,3385,71.41
20,1465,RALLIS,EQ,390698,169314,43.34
20,1466,RAMANEWS,EQ,30230,22618,74.82
20,1467,RAMASTEEL,EQ,73796,30061,40.74
20,1468,RAMCOCEM,EQ,502039,202996,40.43
20,1469,RAMCOIND,EQ,33108,21269,64.24
20,1470,RAMCOSYS,EQ,110782,34459,31.11
20,1471,RAMKY,EQ,197140,88429,44.86
20,1472,RANASUG,EQ,1442748,719107,49.84
20,1473,RANEENGINE,EQ,4137,2239,54.12
20,1474,RANEHOLDIN,EQ,12359,9273,75.03
20,1475,RATEGAIN,EQ,378185,158997,42.04
20,1476,RATNAMANI,EQ,23727,7933,33.43
20,1477,RAYMOND,EQ,490103,194501,39.69
20,1478,RBA,EQ,874355,507166,58.00
20,1479,RBL,EQ,7111,3773,53.06
20,1480,RBLBANK,EQ,20964165,3298418,15.73
20,1481,RCF,EQ,4128261,1032103,25.00
20,1482,RCOM,EQ,10735054,4739770,44.15
20,1483,RECLTD,EQ,4916828,2532608,51.51
20,1484,RECLTD,N1,2600,2400,92.31
20,1485,RECLTD,N2,909,909,100.00
20,1486,RECLTD,N3,1,1,100.00
20,1487,RECLTD,N6,587,587,100.00
20,1488,RECLTD,N8,50,50,100.00
20,1489,RECLTD,N9,364,364,100.00
20,1490,RECLTD,NB,120,120,100.00
20,1491,RECLTD,NE,769,769,100.00
20,1492,RECLTD,NF,75,75,100.00
20,1493,RECLTD,NH,14,14,100.00
20,1494,REDINGTON,EQ,3972720,1195433,30.09
20,1495,REFEX,EQ,101689,41089,40.41
20,1496,RELAXO,EQ,962245,144379,15.00
20,1497,RELCAPITAL,EQ,1764515,1125711,63.80
20,1498,RELIANCE,EQ,9456280,5344949,56.52
20,1499,RELIGARE,EQ,1325658,764765,57.69
20,1500,RELINFRA,EQ,3026642,1437699,47.50
20,1501,REMSONSIND,EQ,3336,2196,65.83
20,1502,RENUKA,EQ,12024405,4905842,40.80
20,1503,REPCOHOME,EQ,146958,73782,50.21
20,1504,REPL,EQ,16108,12862,79.85
20,1505,REPRO,EQ,10834,5192,47.92
20,1506,RESPONIND,EQ,104011,6225,5.98
20,1507,REVATHI,EQ,1454,600,41.27
20,1508,REXPIPES,SM,8000,8000,100.00
20,1509,RGL,EQ,38776,5508,14.20
20,1510,RHFL,EQ,1140849,718237,62.96
20,1511,RHFL,N6,1971,1849,93.81
20,1512,RHFL,N8,786,611,77.74
20,1513,RHIM,EQ,209259,114505,54.72
20,1514,RICOAUTO,EQ,276115,106528,38.58
20,1515,RIIL,EQ,1396155,134399,9.63
20,1516,RITCO,EQ,53258,35120,65.94
20,1517,RITES,EQ,85563,45027,52.62
20,1518,RKEC,EQ,29290,15077,51.47
20,1519,RKFORGE,EQ,551745,293183,53.14
20,1520,RML,EQ,6545,2928,44.74
20,1521,ROHLTD,EQ,58011,38612,66.56
20,1522,ROLEXRINGS,EQ,9381,4714,50.25
20,1523,ROLLT,EQ,1469399,917432,62.44
20,1524,ROML,EQ,20332,15328,75.39
20,1525,ROSSARI,EQ,30297,11550,38.12
20,1526,ROSSELLIND,EQ,42292,25179,59.54
20,1527,ROTO,EQ,27361,18271,66.78
20,1528,ROUTE,EQ,147128,84668,57.55
20,1529,RPGLIFE,EQ,27143,16065,59.19
20,1530,RPOWER,EQ,18307718,10658316,58.22
20,1531,RPPINFRA,EQ,73475,44502,60.57
20,1532,RPPL,EQ,19860,6533,32.90
20,1533,RPSGVENT,EQ,31511,18133,57.54
20,1534,RSSOFTWARE,EQ,62052,35414,57.07
20,1535,RSWM,EQ,133448,54664,40.96
20,1536,RSYSTEMS,EQ,69157,31054,44.90
20,1537,RTNINDIA,EQ,2075127,834365,40.21
20,1538,RTNPOWER,EQ,9285052,5106569,55.00
20,1539,RUBYMILLS,EQ,49031,19384,39.53
20,1540,RUCHI,EQ,4849887,1077200,22.21
20,1541,RUCHIRA,EQ,172879,53282,30.82
20,1542,RUPA,EQ,553815,133264,24.06
20,1543,RUSHIL,EQ,97014,56121,57.85
20,1544,RVNL,EQ,1747986,1009246,57.74
20,1545,SABEVENTS,EQ,10344,4583,44.31
20,1546,SADBHAV,EQ,462633,275285,59.50
20,1547,SAFARI,EQ,4631,3108,67.11
20,1548,SAGARDEEP,EQ,27457,18618,67.81
20,1549,SAGCEM,EQ,191259,63396,33.15
20,1550,SAIL,EQ,35341235,9850863,27.87
20,1551,SAKAR,EQ,6204,3014,48.58
20,1552,SAKHTISUG,EQ,248169,119406,48.11
20,1553,SAKSOFT,EQ,11838,6583,55.61
20,1554,SAKUMA,EQ,970918,567458,58.45
20,1555,SALASAR,EQ,59610,32531,54.57
20,1556,SALONA,EQ,2940,2029,69.01
20,1557,SALSTEEL,EQ,157584,77960,49.47
20,1558,SALZERELEC,EQ,38986,26244,67.32
20,1559,SAMBHAAV,EQ,43169,25664,59.45
20,1560,SANCO,EQ,25033,23772,94.96
20,1561,SANDESH,EQ,1629,1043,64.03
20,1562,SANDHAR,EQ,18136,10862,59.89
20,1563,SANGAMIND,EQ,48636,26760,55.02
20,1564,SANGHIIND,EQ,280805,158758,56.54
20,1565,SANGHVIMOV,EQ,60061,48936,81.48
20,1566,SANGINITA,EQ,64807,46665,72.01
20,1567,SANOFI,EQ,22516,8015,35.60
20,1568,SANSERA,EQ,63746,30082,47.19
20,1569,SAPPHIRE,EQ,137348,82970,60.41
20,1570,SARDAEN,EQ,102886,38739,37.65
20,1571,SAREGAMA,EQ,368669,311247,84.42
20,1572,SARLAPOLY,EQ,225259,132276,58.72
20,1573,SARVESHWAR,SM,1600,1600,100.00
20,1574,SASKEN,EQ,14311,7276,50.84
20,1575,SASTASUNDR,EQ,28087,13853,49.32
20,1576,SATIA,EQ,476948,366531,76.85
20,1577,SATIN,EQ,183983,118827,64.59
20,1578,SBC,EQ,1298001,519126,39.99
20,1579,SBCL,EQ,74690,30016,40.19
20,1580,SBICARD,EQ,2102675,1189851,56.59
20,1581,SBIETFCON,EQ,24280,13310,54.82
20,1582,SBIETFIT,EQ,27449,19132,69.70
20,1583,SBIETFPB,EQ,8030,5103,63.55
20,1584,SBIETFQLTY,EQ,22770,15891,69.79
20,1585,SBILIFE,EQ,1457225,914190,62.73
20,1586,SBIN,EQ,18947096,6321015,33.36
20,1587,SCAPDVR,EQ,349152,212190,60.77
20,1588,SCHAEFFLER,EQ,105473,69294,65.70
20,1589,SCHAND,EQ,38591,26062,67.53
20,1590,SCHNEIDER,EQ,631294,274498,43.48
20,1591,SCI,EQ,1253524,569137,45.40
20,1592,SDL24BEES,EQ,4828,4001,82.87
20,1593,SDL26BEES,EQ,39651,39651,100.00
20,1594,SEAMECLTD,EQ,12427,4408,35.47
20,1595,SECURCRED,SM,3600,3000,83.33
20,1596,SECURKLOUD,EQ,57107,40522,70.96
20,1597,SELAN,EQ,126912,72562,57.18
20,1598,SEPC,EQ,2217649,797648,35.97
20,1599,SEPOWER,EQ,9716,9716,100.00
20,1600,SEQUENT,EQ,960243,541380,56.38
20,1601,SERVOTECH,EQ,61730,6436,10.43
20,1602,SESHAPAPER,EQ,104464,52636,50.39
20,1603,SETCO,EQ,89317,64445,72.15
20,1604,SETF10GILT,EQ,15,13,86.67
20,1605,SETFGOLD,EQ,513047,373010,72.70
20,1606,SETFNIF50,EQ,2032321,1924987,94.72
20,1607,SETFNIFBK,EQ,482106,375682,77.93
20,1608,SETFNN50,EQ,61747,49480,80.13
20,1609,SFL,EQ,48334,9777,20.23
20,1610,SGBAPR28I,GB,306,233,76.14
20,1611,SGBAUG24,GB,329,231,70.21
20,1612,SGBAUG27,GB,65,65,100.00
20,1613,SGBAUG28V,GB,3295,2886,87.59
20,1614,SGBAUG29V,GB,227,149,65.64
20,1615,SGBD29VIII,GB,368,302,82.07
20,1616,SGBDC27VII,GB,75,57,76.00
20,1617,SGBFEB24,GB,21,11,52.38
20,1618,SGBFEB28IX,GB,7,7,100.00
20,1619,SGBFEB29XI,GB,186,154,82.80
20,1620,SGBJ28VIII,GB,61,61,100.00
20,1621,SGBJAN26,GB,12,12,100.00
20,1622,SGBJAN27,GB,24,24,100.00
20,1623,SGBJAN29IX,GB,649,577,88.91
20,1624,SGBJAN29X,GB,303,277,91.42
20,1625,SGBJAN30IX,GB,153,153,100.00
20,1626,SGBJU29III,GB,1881,1471,78.20
20,1627,SGBJUL25,GB,528,477,90.34
20,1628,SGBJUL28IV,GB,2848,2457,86.27
20,1629,SGBJUL29IV,GB,573,515,89.88
20,1630,SGBJUN27,GB,59,54,91.53
20,1631,SGBJUN28,GB,532,490,92.11
20,1632,SGBJUN29II,GB,508,388,76.38
20,1633,SGBMAR24,GB,354,346,97.74
20,1634,SGBMAR25,GB,155,103,66.45
20,1635,SGBMAR28X,GB,100,56,56.00
20,1636,SGBMAR30X,GB,180,138,76.67
20,1637,SGBMAY25,GB,1352,1342,99.26
20,1638,SGBMAY28,GB,536,535,99.81
20,1639,SGBMAY29I,GB,1493,1356,90.82
20,1640,SGBMR29XII,GB,579,532,91.88
20,1641,SGBN28VIII,GB,117,117,100.00
20,1642,SGBNOV23,GB,112,102,91.07
20,1643,SGBNOV24,GB,295,198,67.12
20,1644,SGBNOV25IX,GB,1,1,100.00
20,1645,SGBNOV25VI,GB,1,1,100.00
20,1646,SGBNOV26,GB,5,5,100.00
20,1647,SGBNV29VII,GB,1104,939,85.05
20,1648,SGBOC28VII,GB,87,71,81.61
20,1649,SGBOCT25,GB,4,4,100.00
20,1650,SGBOCT25IV,GB,20,20,100.00
20,1651,SGBOCT25V,GB,41,41,100.00
20,1652,SGBOCT27,GB,74,74,100.00
20,1653,SGBOCT27VI,GB,53,43,81.13
20,1654,SGBSEP24,GB,46,46,100.00
20,1655,SGBSEP27,GB,21,21,100.00
20,1656,SGBSEP28VI,GB,977,916,93.76
20,1657,SGBSEP29VI,GB,823,775,94.17
20,1658,SGIL,EQ,3970,2987,75.24
20,1659,SGL,EQ,53110,25488,47.99
20,1660,SHAHALLOYS,EQ,45939,27866,60.66
20,1661,SHAILY,EQ,5516,3058,55.44
20,1662,SHAKTIPUMP,EQ,49728,25823,51.93
20,1663,SHALBY,EQ,63248,39273,62.09
20,1664,SHALPAINTS,EQ,157435,62465,39.68
20,1665,SHANKARA,EQ,40188,17104,42.56
20,1666,SHANTI,EQ,467,467,100.00
20,1667,SHANTIGEAR,EQ,475740,87508,18.39
20,1668,SHARDACROP,EQ,109590,63466,57.91
20,1669,SHARDAMOTR,EQ,20724,5536,26.71
20,1670,SHAREINDIA,EQ,46947,31586,67.28
20,1671,SHARIABEES,EQ,1775,1447,81.52
20,1672,SHEMAROO,EQ,32664,20594,63.05
20,1673,SHIGAN,SM,216000,78000,36.11
20,1674,SHIL,EQ,85770,50142,58.46
20,1675,SHILPAMED,EQ,67656,32458,47.98
20,1676,SHIVALIK,EQ,42028,25236,60.05
20,1677,SHIVAMAUTO,EQ,276480,161875,58.55
20,1678,SHIVAMILLS,EQ,11081,7364,66.46
20,1679,SHIVATEX,EQ,47726,8342,17.48
20,1680,SHK,EQ,226646,142284,62.78
20,1681,SHOPERSTOP,EQ,185569,39130,21.09
20,1682,SHRADHA,EQ,9304,6508,69.95
20,1683,SHREDIGCEM,EQ,231842,108709,46.89
20,1684,SHREECEM,EQ,43801,14628,33.40
20,1685,SHREEPUSHK,EQ,234479,91541,39.04
20,1686,SHREERAMA,EQ,42186,34525,81.84
20,1687,SHRENIK,EQ,1974533,1225171,62.05
20,1688,SHREYANIND,EQ,9136,4237,46.38
20,1689,SHREYAS,EQ,46541,16753,36.00
20,1690,SHRIRAMCIT,EQ,110764,65797,59.40
20,1691,SHRIRAMPPS,EQ,375418,224802,59.88
20,1692,SHUBHLAXMI,SM,9000,8000,88.89
20,1693,SHYAMCENT,EQ,763907,463879,60.72
20,1694,SHYAMMETL,EQ,198942,99489,50.01
20,1695,SICAL,EQ,120141,88167,73.39
20,1696,SIEMENS,EQ,308531,119140,38.62
20,1697,SIGACHI,EQ,68721,31662,46.07
20,1698,SIGIND,EQ,27495,13105,47.66
20,1699,SIGMA,SM,900,900,100.00
20,1700,SIKKO,EQ,410,277,67.56
20,1701,SILGO,EQ,43127,36821,85.38
20,1702,SILINV,EQ,5227,3493,66.83
20,1703,SILLYMONKS,EQ,1529,1074,70.24
20,1704,SILVER,EQ,134738,131460,97.57
20,1705,SILVERBEES,EQ,2005985,1700191,84.76
20,1706,SILVERTUC,EQ,6765,6765,100.00
20,1707,SINTERCOM,EQ,141412,72259,51.10
20,1708,SIRCA,EQ,28392,18666,65.74
20,1709,SIS,EQ,108357,86733,80.04
20,1710,SIYSIL,EQ,75609,35201,46.56
20,1711,SJS,EQ,36191,17240,47.64
20,1712,SJVN,EQ,4158159,2020957,48.60
20,1713,SKFINDIA,EQ,110696,60727,54.86
20,1714,SKIPPER,EQ,1177146,327134,27.79
20,1715,SKMEGGPROD,EQ,29688,17144,57.75
20,1716,SMARTLINK,EQ,47947,29303,61.12
20,1717,SMCGLOBAL,EQ,188428,135583,71.95
20,1718,SMLISUZU,EQ,25209,14973,59.40
20,1719,SMLT,EQ,27104,15085,55.66
20,1720,SMSLIFE,EQ,5216,3744,71.78
20,1721,SMSPHARMA,EQ,102636,61217,59.64
20,1722,SNOWMAN,EQ,443373,250567,56.51
20,1723,SOBHA,EQ,470563,158317,33.64
20,1724,SOLARA,EQ,112393,68461,60.91
20,1725,SOLARINDS,EQ,23258,13071,56.20
20,1726,SOMANYCERA,EQ,44291,23080,52.11
20,1727,SOMICONVEY,EQ,6744,4453,66.03
20,1728,SONACOMS,EQ,1497236,835958,55.83
20,1729,SONAMCLOCK,EQ,107730,5913,5.49
20,1730,SONATSOFTW,EQ,195952,88282,45.05
20,1731,SORILINFRA,EQ,33729,12566,37.26
20,1732,SOTL,EQ,5699,3112,54.61
20,1733,SOUTHBANK,EQ,4164973,2327003,55.87
20,1734,SOUTHWEST,EQ,19478,13239,67.97
20,1735,SPAL,EQ,42286,25780,60.97
20,1736,SPANDANA,EQ,151037,43844,29.03
20,1737,SPARC,EQ,372584,161197,43.26
20,1738,SPECIALITY,EQ,124005,62438,50.35
20,1739,SPECTRUM,SM,4000,4000,100.00
20,1740,SPENCERS,EQ,164363,51354,31.24
20,1741,SPIC,EQ,1422736,373760,26.27
20,1742,SPICEJET,EQ,2028830,666650,32.86
20,1743,SPLIL,EQ,79627,42234,53.04
20,1744,SPMLINFRA,EQ,71193,64396,90.45
20,1745,SPRL,SM,4800,4800,100.00
20,1746,SREEL,EQ,8835,5057,57.24
20,1747,SREIBNPNCD,NU,10,10,100.00
20,1748,SREIBNPNCD,YB,10,10,100.00
20,1749,SREINFRA,EQ,466893,294213,63.02
20,1750,SRF,EQ,1100400,422884,38.43
20,1751,SRHHYPOLTD,EQ,15896,7116,44.77
20,1752,SRPL,EQ,193294,168958,87.41
20,1753,SRTRANSFIN,EQ,1879485,924332,49.18
20,1754,SRTRANSFIN,YH,35,35,100.00
20,1755,SRTRANSFIN,YI,12,12,100.00
20,1756,SRTRANSFIN,YK,375,375,100.00
20,1757,SRTRANSFIN,YL,25,25,100.00
20,1758,SRTRANSFIN,YN,7,7,100.00
20,1759,SRTRANSFIN,YO,651,651,100.00
20,1760,SRTRANSFIN,YR,75,75,100.00
20,1761,SRTRANSFIN,YU,625,550,88.00
20,1762,SRTRANSFIN,YV,395,395,100.00
20,1763,SRTRANSFIN,YY,40,40,100.00
20,1764,SRTRANSFIN,Z4,146,146,100.00
20,1765,SRTRANSFIN,Z5,50,50,100.00
20,1766,SRTRANSFIN,Z7,40,40,100.00
20,1767,SRTRANSFIN,Z8,100,100,100.00
20,1768,SRTRANSFIN,ZF,124,124,100.00
20,1769,SRTRANSFIN,ZK,10,10,100.00
20,1770,SSWL,EQ,54429,16303,29.95
20,1771,STAR,EQ,1412935,449266,31.80
20,1772,STARCEMENT,EQ,67845,47171,69.53
20,1773,STARHEALTH,EQ,253248,131627,51.98
20,1774,STARPAPER,EQ,67592,30214,44.70
20,1775,STARTECK,EQ,11040,6229,56.42
20,1776,STCINDIA,EQ,57162,26849,46.97
20,1777,STEELCAS,EQ,10009,8303,82.96
20,1778,STEELCITY,EQ,10686,8239,77.10
20,1779,STEELXIND,EQ,143366,103131,71.94
20,1780,STEL,EQ,8040,4446,55.30
20,1781,STERTOOLS,EQ,64194,24665,38.42
20,1782,STLTECH,EQ,703500,289763,41.19
20,1783,STOVEKRAFT,EQ,122105,41875,34.29
20,1784,STYLAMIND,EQ,15707,9852,62.72
20,1785,SUBEXLTD,EQ,3654530,1964488,53.75
20,1786,SUBROS,EQ,92127,75124,81.54
20,1787,SUDARSCHEM,EQ,74214,34832,46.93
20,1788,SUMEETINDS,EQ,235090,160041,68.08
20,1789,SUMICHEM,EQ,282906,118904,42.03
20,1790,SUMIT,EQ,16132,8051,49.91
20,1791,SUMMITSEC,EQ,5987,3362,56.16
20,1792,SUNCLAYLTD,EQ,2853,2225,77.99
20,1793,SUNDARAM,EQ,907202,638457,70.38
20,1794,SUNDARMFIN,EQ,19574,11802,60.29
20,1795,SUNDARMHLD,EQ,77819,57303,73.64
20,1796,SUNDRMBRAK,EQ,2757,1917,69.53
20,1797,SUNDRMFAST,EQ,58913,27945,47.43
20,1798,SUNFLAG,EQ,470727,176024,37.39
20,1799,SUNPHARMA,EQ,2700591,1487816,55.09
20,1800,SUNTECK,EQ,713020,348030,48.81
20,1801,SUNTV,EQ,646025,227627,35.24
20,1802,SUPERHOUSE,EQ,22895,12243,53.47
20,1803,SUPRAJIT,EQ,128547,40222,31.29
20,1804,SUPREMEIND,EQ,119417,94549,79.18
20,1805,SUPREMEINF,EQ,2548,2548,100.00
20,1806,SUPRIYA,EQ,314659,125464,39.87
20,1807,SURANASOL,EQ,98602,62429,63.31
20,1808,SURANAT&P,EQ,84122,67952,80.78
20,1809,SURANI,SM,20000,20000,100.00
20,1810,SURYALAXMI,EQ,76550,60397,78.90
20,1811,SURYAROSNI,EQ,56352,24230,43.00
20,1812,SURYODAY,EQ,92321,39132,42.39
20,1813,SUTLEJTEX,EQ,214897,131390,61.14
20,1814,SUULD,EQ,63369,48480,76.50
20,1815,SUVEN,EQ,308197,144169,46.78
20,1816,SUVENPHAR,EQ,214499,109390,51.00
20,1817,SUVIDHAA,EQ,449049,268517,59.80
20,1818,SUZLON,EQ,35263854,14292979,40.53
20,1819,SVLL,SM,1000,1000,100.00
20,1820,SVPGLOB,EQ,112050,61309,54.72
20,1821,SWANENERGY,EQ,277006,214950,77.60
20,1822,SWARAJ,SM,70000,44000,62.86
20,1823,SWARAJENG,EQ,8802,6238,70.87
20,1824,SWELECTES,EQ,14049,10973,78.11
20,1825,SWSOLAR,EQ,402700,154805,38.44
20,1826,SYMPHONY,EQ,50188,28876,57.54
20,1827,SYNGENE,EQ,291637,132586,45.46
20,1828,TAINWALCHM,EQ,13210,7968,60.32
20,1829,TAJGVK,EQ,131840,71629,54.33
20,1830,TAKE,EQ,1108665,595748,53.74
20,1831,TALBROAUTO,EQ,23650,11762,49.73
20,1832,TANLA,EQ,378417,115733,30.58
20,1833,TARACHAND,SM,2000,2000,100.00
20,1834,TARAPUR,EQ,2700,2700,100.00
20,1835,TARC,EQ,643264,300999,46.79
20,1836,TARMAT,EQ,13807,6305,45.67
20,1837,TARSONS,EQ,76788,45572,59.35
20,1838,TASTYBITE,EQ,1102,698,63.34
20,1839,TATACAPHSG,N2,52,50,96.15
20,1840,TATACAPHSG,N4,365,363,99.45
20,1841,TATACAPHSG,N6,850,615,72.35
20,1842,TATACAPHSG,N8,41,41,100.00
20,1843,TATACAPHSG,NA,31,31,100.00
20,1844,TATACAPHSG,NB,101,100,99.01
20,1845,TATACHEM,EQ,1294615,262187,20.25
20,1846,TATACOFFEE,EQ,1062788,295806,27.83
20,1847,TATACOMM,EQ,607197,259623,42.76
20,1848,TATACONSUM,EQ,1488552,710372,47.72
20,1849,TATAELXSI,EQ,890703,155362,17.44
20,1850,TATAINVEST,EQ,16978,8239,48.53
20,1851,TATAMETALI,EQ,125102,27100,21.66
20,1852,TATAMOTORS,EQ,33511538,10729323,32.02
20,1853,TATAMTRDVR,EQ,3671229,2307287,62.85
20,1854,TATAPOWER,EQ,29320356,7544170,25.73
20,1855,TATASTEEL,EQ,9419161,2995396,31.80
20,1856,TATASTLLP,EQ,53325,32067,60.14
20,1857,TATVA,EQ,50448,42978,85.19
20,1858,TBZ,EQ,96635,53358,55.22
20,1859,TCFSL,ND,605,530,87.60
20,1860,TCFSL,NH,2054,2054,100.00
20,1861,TCFSL,NJ,286,286,100.00
20,1862,TCFSL,NL,435,250,57.47
20,1863,TCI,EQ,61667,24546,39.80
20,1864,TCIEXP,EQ,66630,22854,34.30
20,1865,TCNSBRANDS,EQ,28224,13899,49.25
20,1866,TCPLPACK,EQ,17481,8794,50.31
20,1867,TCS,EQ,2807195,1630791,58.09
20,1868,TDPOWERSYS,EQ,401142,126899,31.63
20,1869,TEAMLEASE,EQ,17347,7893,45.50
20,1870,TECH,EQ,4211,3363,79.86
20,1871,TECHIN,EQ,13978,9579,68.53
20,1872,TECHM,EQ,3110220,1641812,52.79
20,1873,TECHNOE,EQ,58579,36005,61.46
20,1874,TEGA,EQ,61810,44019,71.22
20,1875,TEJASNET,EQ,382960,166555,43.49
20,1876,TEMBO,EQ,36364,13134,36.12
20,1877,TERASOFT,EQ,22566,11681,51.76
20,1878,TEXINFRA,EQ,218623,142031,64.97
20,1879,TEXMOPIPES,EQ,138827,87365,62.93
20,1880,TEXRAIL,EQ,7213514,1876192,26.01
20,1881,TFCILTD,EQ,90584,51745,57.12
20,1882,TFL,EQ,8854,7547,85.24
20,1883,THANGAMAYL,EQ,15081,9166,60.78
20,1884,THEINVEST,EQ,8007,5627,70.28
20,1885,THEJO,SM,600,450,75.00
20,1886,THEMISMED,EQ,989,512,51.77
20,1887,THERMAX,EQ,67060,34863,51.99
20,1888,THOMASCOOK,EQ,341186,186043,54.53
20,1889,THYROCARE,EQ,48341,18026,37.29
20,1890,TI,EQ,422880,340045,80.41
20,1891,TIDEWATER,EQ,13252,7506,56.64
20,1892,TIIL,EQ,16156,6546,40.52
20,1893,TIINDIA,EQ,71660,28750,40.12
20,1894,TIJARIA,EQ,12378,10270,82.97
20,1895,TIL,EQ,16697,8896,53.28
20,1896,TIMESCAN,SM,22000,18000,81.82
20,1897,TIMESGTY,EQ,2872,1925,67.03
20,1898,TIMETECHNO,EQ,1859402,870951,46.84
20,1899,TIMKEN,EQ,159261,145311,91.24
20,1900,TINPLATE,EQ,364683,121618,33.35
20,1901,TIPSINDLTD,EQ,13206,7303,55.30
20,1902,TIRUMALCHM,EQ,852159,311202,36.52
20,1903,TIRUPATIFL,EQ,144035,133904,92.97
20,1904,TITAN,EQ,1362031,694076,50.96
20,1905,TMRVL,EQ,51838,37442,72.23
20,1906,TNIDETF,EQ,8682,8004,92.19
20,1907,TNPETRO,EQ,411153,113325,27.56
20,1908,TNPL,EQ,395466,157450,39.81
20,1909,TOKYOPLAST,EQ,34472,17383,50.43
20,1910,TORNTPHARM,EQ,166181,89703,53.98
20,1911,TORNTPOWER,EQ,1043176,356784,34.20
20,1912,TOTAL,EQ,6220,3550,57.07
20,1913,TOUCHWOOD,EQ,2581,1858,71.99
20,1914,TPLPLASTEH,EQ,6858,4449,64.87
20,1915,TREEHOUSE,EQ,44636,30090,67.41
20,1916,TREJHARA,EQ,37422,26280,70.23
20,1917,TRENT,EQ,1433291,845438,58.99
20,1918,TRF,EQ,9081,8155,89.80
20,1919,TRIDENT,EQ,6312315,4083404,64.69
20,1920,TRIGYN,EQ,178747,86905,48.62
20,1921,TRIL,EQ,206704,133426,64.55
20,1922,TRITURBINE,EQ,404464,84278,20.84
20,1923,TRIVENI,EQ,939512,302125,32.16
20,1924,TTKHLTCARE,EQ,9498,4236,44.60
20,1925,TTKPRESTIG,EQ,683812,564226,82.51
20,1926,TTL,EQ,102357,50365,49.21
20,1927,TTML,EQ,1576290,733910,46.56
20,1928,TV18BRDCST,EQ,25025486,7556039,30.19
20,1929,TVSELECT,EQ,91065,25172,27.64
20,1930,TVSMOTOR,EQ,1947444,576104,29.58
20,1931,TVSSRICHAK,EQ,3282,1880,57.28
20,1932,TVTODAY,EQ,333361,161483,48.44
20,1933,TWL,EQ,731625,294027,40.19
20,1934,UBL,EQ,256947,115777,45.06
20,1935,UCALFUEL,EQ,23974,17605,73.43
20,1936,UCL,SM,2000,2000,100.00
20,1937,UCOBANK,EQ,2204731,1236462,56.08
20,1938,UDAICEMENT,EQ,276497,155617,56.28
20,1939,UFLEX,EQ,124971,62255,49.82
20,1940,UFO,EQ,260646,134306,51.53
20,1941,UGARSUGAR,EQ,515813,290407,56.30
20,1942,UGROCAP,EQ,71987,43971,61.08
20,1943,UGROCAP,N1,121,120,99.17
20,1944,UGROCAP,N2,1,1,100.00
20,1945,UGROCAP,N4,25,25,100.00
20,1946,UJAAS,EQ,882485,613706,69.54
20,1947,UJJIVAN,EQ,482645,292689,60.64
20,1948,UJJIVANSFB,EQ,1879563,845219,44.97
20,1949,ULTRACEMCO,EQ,323730,138624,42.82
20,1950,UMAEXPORTS,EQ,1417281,260027,18.35
20,1951,UMANGDAIRY,EQ,15427,8225,53.32
20,1952,UNICHEMLAB,EQ,35417,19561,55.23
20,1953,UNIDT,EQ,27990,13145,46.96
20,1954,UNIENTER,EQ,11973,4613,38.53
20,1955,UNIONBANK,EQ,7742862,3034151,39.19
20,1956,UNITEDPOLY,EQ,1924,994,51.66
20,1957,UNITEDTEA,EQ,946,619,65.43
20,1958,UNIVASTU,EQ,79177,59249,74.83
20,1959,UNIVCABLES,EQ,12378,7178,57.99
20,1960,UNIVPHOTO,EQ,1627,1189,73.08
20,1961,UPL,EQ,2998405,1210990,40.39
20,1962,URAVI,SM,54000,54000,100.00
20,1963,URJA,EQ,2878687,1562699,54.29
20,1964,USHAMART,EQ,1085749,506155,46.62
20,1965,UTIAMC,EQ,104647,39940,38.17
20,1966,UTIBANKETF,EQ,10361,9694,93.56
20,1967,UTINEXT50,EQ,31801,26793,84.25
20,1968,UTINIFTETF,EQ,10809,8363,77.37
20,1969,UTISENSETF,EQ,4109,3985,96.98
20,1970,UTISXN50,EQ,1958,1677,85.65
20,1971,UTTAMSTL,EQ,941946,668261,70.94
20,1972,UTTAMSUGAR,EQ,187747,76268,40.62
20,1973,V2RETAIL,EQ,51542,39645,76.92
20,1974,VADILALIND,EQ,19960,6855,34.34
20,1975,VAIBHAVGBL,EQ,116088,49534,42.67
20,1976,VAKRANGEE,EQ,1719051,812028,47.24
20,1977,VALIANTORG,EQ,119334,35129,29.44
20,1978,VARDHACRLC,EQ,64422,37993,58.98
20,1979,VARDMNPOLY,EQ,14215,10425,73.34
20,1980,VARROC,EQ,374843,150575,40.17
20,1981,VASCONEQ,EQ,320760,173194,53.99
20,1982,VASWANI,EQ,138422,73951,53.42
20,1983,VBL,EQ,1146497,825362,71.99
20,1984,VCL,EQ,6147211,3577306,58.19
20,1985,VEDL,EQ,16664763,5780338,34.69
20,1986,VENKEYS,EQ,34074,10812,31.73
20,1987,VENUSREM,EQ,340930,192422,56.44
20,1988,VERANDA,EQ,47386,47336,99.89
20,1989,VERTOZ,EQ,38438,23065,60.01
20,1990,VESUVIUS,EQ,11397,7262,63.72
20,1991,VETO,EQ,34645,20376,58.81
20,1992,VGUARD,EQ,207730,96054,46.24
20,1993,VHL,EQ,1282,955,74.49
20,1994,VIDHIING,EQ,116025,54434,46.92
20,1995,VIJAYA,EQ,58999,21569,36.56
20,1996,VIJIFIN,EQ,304600,229010,75.18
20,1997,VIKASECO,EQ,1677826,1677826,100.00
20,1998,VIKASLIFE,EQ,12247204,7847438,64.08
20,1999,VIKASPROP,EQ,1521641,883512,58.06
20,2000,VIMTALABS,EQ,103446,36501,35.29
20,2001,VINATIORGA,EQ,118650,99194,83.60
20,2002,VINDHYATEL,EQ,5278,2673,50.64
20,2003,VINEETLAB,EQ,21386,15284,71.47
20,2004,VINNY,SM,27000,27000,100.00
20,2005,VINYLINDIA,EQ,76614,34529,45.07
20,2006,VIPIND,EQ,277146,50586,18.25
20,2007,VISAKAIND,EQ,38629,25227,65.31
20,2008,VISESHINFO,EQ,21698910,14679952,67.65
20,2009,VISHAL,EQ,198908,141959,71.37
20,2010,VISHWARAJ,EQ,1011759,596670,58.97
20,2011,VIVIDHA,EQ,1664416,867177,52.10
20,2012,VIVIMEDLAB,EQ,120928,88273,73.00
20,2013,VLSFINANCE,EQ,60750,35477,58.40
20,2014,VMARCIND,SM,6000,6000,100.00
20,2015,VMART,EQ,25267,17758,70.28
20,2016,VOLTAMP,EQ,20041,9851,49.15
20,2017,VOLTAS,EQ,2387327,1353765,56.71
20,2018,VRLLOG,EQ,452966,154650,34.14
20,2019,VSCL,SM,9000,6000,66.67
20,2020,VSSL,EQ,40265,28405,70.55
20,2021,VSTIND,EQ,5552,3858,69.49
20,2022,VSTTILLERS,EQ,41218,34877,84.62
20,2023,VTL,EQ,1389569,278190,20.02
20,2024,WABAG,EQ,171331,84510,49.33
20,2025,WALPAR,SM,8000,6000,75.00
20,2026,WATERBASE,EQ,127312,44695,35.11
20,2027,WEIZMANIND,EQ,1555,794,51.06
20,2028,WELCORP,EQ,916751,350474,38.23
20,2029,WELENT,EQ,166688,99154,59.48
20,2030,WELINV,EQ,1151,527,45.79
20,2031,WELSPUNIND,EQ,7630432,1512695,19.82
20,2032,WENDT,EQ,444,303,68.24
20,2033,WESTLIFE,EQ,112514,25863,22.99
20,2034,WHEELS,EQ,10163,5105,50.23
20,2035,WHIRLPOOL,EQ,184580,109106,59.11
20,2036,WILLAMAGOR,EQ,10629,7703,72.47
20,2037,WINDLAS,EQ,36093,13832,38.32
20,2038,WINDMACHIN,EQ,73583,43475,59.08
20,2039,WINPRO,EQ,522940,230839,44.14
20,2040,WIPRO,EQ,7286500,2792051,38.32
20,2041,WOCKPHARMA,EQ,261963,94158,35.94
20,2042,WONDERLA,EQ,97362,38386,39.43
20,2043,WORTH,EQ,15904,11467,72.10
20,2044,WSTCSTPAPR,EQ,159516,71350,44.73
20,2045,XCHANGING,EQ,185215,77630,41.91
20,2046,XELPMOC,EQ,52817,32691,61.89
20,2047,YAARI,EQ,285407,137206,48.07
20,2048,YESBANK,EQ,108927333,25157167,23.10
20,2049,YUKEN,EQ,2020,1254,62.08
20,2050,ZEEL,EQ,9306586,1757935,18.89
20,2051,ZEELEARN,EQ,5507987,2801085,50.85
20,2052,ZEEMEDIA,EQ,3587536,2011638,56.07
20,2053,ZENITHSTL,EQ,22251,22251,100.00
20,2054,ZENSARTECH,EQ,1963511,625345,31.85
20,2055,ZENTEC,EQ,561346,190178,33.88
20,2056,ZFCVINDIA,EQ,13738,12124,88.25
20,2057,ZODIACLOTH,EQ,39579,14799,37.39
20,2058,ZOMATO,EQ,37338266,6442043,17.25
20,2059,ZOTA,EQ,94639,72968,77.10
20,2060,ZUARI,EQ,111783,52564,47.02
20,2061,ZUARIGLOB,EQ,120198,41274,34.34
20,2062,ZYDUSLIFE,EQ,1263216,428658,33.93
20,2063,ZYDUSWELL,EQ,17500,9845,56.26
