Security Wise Delivery Position - Compulsory Rolling Settlement
10,MTO,26052022,732447242,0002018
Trade Date <26-MAY-2022>,Settlement Type <N>
Record Type,Sr No,Name of Security,Quantity Traded,Deliverable Quantity(gross across client level),% of Deliverable Quantity to Traded Quantity
20,1,20MICRONS,EQ,167320,78277,46.78
20,2,21STCENMGM,EQ,11081,7141,64.44
20,3,3IINFOLTD,EQ,438102,213340,48.70
20,4,3MINDIA,EQ,11420,9802,85.83
20,5,5PAISA,EQ,11734,3633,30.96
20,6,610GS2031,GS,1,1,100.00
20,7,633AS26,SG,100,100,100.00
20,8,63MOONS,EQ,283913,74878,26.37
20,9,667GS2035,GS,30,30,100.00
20,10,667GS2050,GS,624,624,100.00
20,11,676GS2061,GS,3009,2999,99.67
20,12,691GJ30,SG,400,400,100.00
20,13,694MH31,SG,400,400,100.00
20,14,695GS2061,GS,1772,1772,100.00
20,15,695PN31,SG,500,500,100.00
20,16,699GA31,SG,400,400,100.00
20,17,699GS2051,GS,54,54,100.00
20,18,813GS2045,GS,40,40,100.00
20,19,A2ZINFRA,EQ,490286,321646,65.60
20,20,AAATECH,SM,9000,9000,100.00
20,21,AAKASH,EQ,140637,94335,67.08
20,22,AAREYDRUGS,EQ,52102,29872,57.33
20,23,AARON,EQ,6861,4096,59.70
20,24,AARTIDRUGS,EQ,56701,22474,39.64
20,25,AARTIIND,EQ,527887,148864,28.20
20,26,AARTISURF,EQ,5061,2335,46.14
20,27,AARVEEDEN,EQ,3498,3315,94.77
20,28,AARVI,EQ,10959,6092,55.59
20,29,AAVAS,EQ,54905,25286,46.05
20,30,ABAN,EQ,139220,66708,47.92
20,31,ABB,EQ,105221,32804,31.18
20,32,ABBOTINDIA,EQ,9604,2913,30.33
20,33,ABCAPITAL,EQ,3426005,1441292,42.07
20,34,ABFRL,EQ,1829267,345035,18.86
20,35,ABINFRA,SM,12000,4000,33.33
20,36,ABSLAMC,EQ,246878,167073,67.67
20,37,ABSLBANETF,EQ,3703,2263,61.11
20,38,ABSLNN50ET,EQ,7683,4032,52.48
20,39,ACC,EQ,309697,104752,33.82
20,40,ACCELYA,EQ,5520,3112,56.38
20,41,ACCURACY,EQ,141319,61038,43.19
20,42,ACE,EQ,201760,62996,31.22
20,43,ACEINTEG,SM,4500,4500,100.00
20,44,ACRYSIL,EQ,154564,53057,34.33
20,45,ADANIENT,EQ,4967514,748908,15.08
20,46,ADANIGREEN,EQ,1651419,335704,20.33
20,47,ADANIPORTS,EQ,13569693,1479087,10.90
20,48,ADANIPOWER,EQ,30333101,9827953,32.40
20,49,ADANITRANS,EQ,332786,118583,35.63
20,50,ADFFOODS,EQ,12228,5892,48.18
20,51,ADORWELD,EQ,33162,9998,30.15
20,52,ADSL,EQ,158551,96179,60.66
20,53,ADVANIHOTR,EQ,11267,7370,65.41
20,54,ADVENZYMES,EQ,95817,62207,64.92
20,55,AEGISCHEM,EQ,513107,154471,30.11
20,56,AFFLE,EQ,1307055,366416,28.03
20,57,AGARIND,EQ,85163,23638,27.76
20,58,AGI,EQ,161383,70100,43.44
20,59,AGROPHOS,EQ,159964,88193,55.13
20,60,AGSTRA,EQ,491780,360952,73.40
20,61,AHLADA,EQ,10214,5007,49.02
20,62,AHLEAST,EQ,6126,2964,48.38
20,63,AHLUCONT,EQ,8495,5115,60.21
20,64,AIAENG,EQ,651896,210493,32.29
20,65,AILIMITED,SM,3000,3000,100.00
20,66,AIRAN,EQ,165450,85506,51.68
20,67,AIROLAM,EQ,10878,8030,73.82
20,68,AIRTELPP,E1,172297,151005,87.64
20,69,AISL,SM,2400,2400,100.00
20,70,AJANTPHARM,EQ,51779,20821,40.21
20,71,AJMERA,EQ,74169,27075,36.50
20,72,AJOONI,EQ,12561,7491,59.64
20,73,AKASH,EQ,17883,12558,70.22
20,74,AKG,EQ,24761,19408,78.38
20,75,AKSHAR,EQ,13486,8060,59.77
20,76,AKSHARCHEM,EQ,8428,4390,52.09
20,77,AKSHOPTFBR,EQ,168501,111122,65.95
20,78,AKZOINDIA,EQ,3326,2107,63.35
20,79,ALANKIT,EQ,230319,160913,69.87
20,80,ALBERTDAVD,EQ,4982,3809,76.46
20,81,ALEMBICLTD,EQ,210101,52404,24.94
20,82,ALICON,EQ,4227,2075,49.09
20,83,ALKEM,EQ,104076,47086,45.24
20,84,ALKYLAMINE,EQ,51447,22548,43.83
20,85,ALLCARGO,EQ,437546,164424,37.58
20,86,ALLSEC,EQ,6939,4754,68.51
20,87,ALMONDZ,EQ,15709,7772,49.47
20,88,ALPA,EQ,43495,22977,52.83
20,89,ALPHAGEO,EQ,11023,4510,40.91
20,90,AMARAJABAT,EQ,723413,226065,31.25
20,91,AMBER,EQ,227961,47378,20.78
20,92,AMBICAAGAR,EQ,16834,12192,72.42
20,93,AMBIKCO,EQ,20364,11867,58.27
20,94,AMBUJACEM,EQ,3900318,1403178,35.98
20,95,AMDIND,EQ,27709,12573,45.38
20,96,AMIORG,EQ,133023,47074,35.39
20,97,AMJLAND,EQ,33999,27400,80.59
20,98,AMRUTANJAN,EQ,33056,12192,36.88
20,99,ANANDRATHI,EQ,62971,28232,44.83
20,100,ANANTRAJ,EQ,612107,229020,37.42
20,101,ANDHRAPAP,EQ,91959,40555,44.10
20,102,ANDHRSUGAR,EQ,646628,153135,23.68
20,103,ANDREWYU,EQ,240260,130413,54.28
20,104,ANGELONE,EQ,675596,168582,24.95
20,105,ANIKINDS,EQ,31579,20902,66.19
20,106,ANKITMETAL,EQ,209229,139611,66.73
20,107,ANMOL,EQ,7025,5072,72.20
20,108,ANSALHSG,EQ,79786,49212,61.68
20,109,ANUP,EQ,10248,6895,67.28
20,110,ANURAS,EQ,171915,97355,56.63
20,111,APARINDS,EQ,16703,9657,57.82
20,112,APCL,EQ,14258,6273,44.00
20,113,APCOTEXIND,EQ,306938,102811,33.50
20,114,APEX,EQ,50268,21110,41.99
20,115,APLAPOLLO,EQ,377958,184651,48.85
20,116,APLLTD,EQ,121949,30789,25.25
20,117,APOLLO,EQ,37664,18307,48.61
20,118,APOLLOHOSP,EQ,1730687,437124,25.26
20,119,APOLLOPIPE,EQ,31953,13634,42.67
20,120,APOLLOTYRE,EQ,3168312,1350534,42.63
20,121,APOLSINHOT,EQ,59474,29693,49.93
20,122,APTECHT,EQ,235523,56673,24.06
20,123,APTUS,EQ,273502,126944,46.41
20,124,ARCHIDPLY,EQ,176828,58263,32.95
20,125,ARENTERP,EQ,1203,410,34.08
20,126,ARIES,EQ,87138,46524,53.39
20,127,ARIHANTCAP,EQ,97610,49661,50.88
20,128,ARIHANTSUP,EQ,82465,29664,35.97
20,129,ARMANFIN,EQ,5786,2294,39.65
20,130,AROGRANITE,EQ,45605,23034,50.51
20,131,ARROWGREEN,EQ,5146,2732,53.09
20,132,ARSHIYA,EQ,475588,255075,53.63
20,133,ARTEMISMED,EQ,102550,79275,77.30
20,134,ARTNIRMAN,EQ,4273,1451,33.96
20,135,ARVIND,EQ,917120,268458,29.27
20,136,ARVINDFASN,EQ,233349,95425,40.89
20,137,ARVSMART,EQ,30445,15021,49.34
20,138,ASAHIINDIA,EQ,1033815,206904,20.01
20,139,ASAHISONG,EQ,15058,9235,61.33
20,140,ASALCBR,EQ,133736,70136,52.44
20,141,ASCOM,SM,4000,4000,100.00
20,142,ASHAPURMIN,EQ,211405,72978,34.52
20,143,ASHIANA,EQ,519852,509758,98.06
20,144,ASHIMASYN,EQ,56701,51344,90.55
20,145,ASHOKA,EQ,1352724,463667,34.28
20,146,ASHOKLEY,EQ,20373228,8599710,42.21
20,147,ASIANENE,EQ,52538,29180,55.54
20,148,ASIANHOTNR,EQ,2802,2152,76.80
20,149,ASIANPAINT,EQ,3212196,1219764,37.97
20,150,ASIANTILES,EQ,3371305,1191578,35.34
20,151,ASPINWALL,EQ,3486,1949,55.91
20,152,ASTEC,EQ,16312,6247,38.30
20,153,ASTERDM,EQ,2722485,428396,15.74
20,154,ASTRAL,EQ,370782,204235,55.08
20,155,ASTRAMICRO,EQ,430093,110628,25.72
20,156,ASTRAZEN,EQ,5671,3080,54.31
20,157,ASTRON,EQ,48044,20172,41.99
20,158,ATALREAL,SM,12800,9600,75.00
20,159,ATFL,EQ,2862,2335,81.59
20,160,ATGL,EQ,365372,174943,47.88
20,161,ATLANTA,EQ,19974,8834,44.23
20,162,ATUL,EQ,46758,24979,53.42
20,163,ATULAUTO,EQ,56131,26933,47.98
20,164,AUBANK,EQ,1344524,524826,39.03
20,165,AURIONPRO,EQ,35037,19171,54.72
20,166,AUROPHARMA,EQ,2614203,751751,28.76
20,167,AURUMPP,X1,111021,110888,99.88
20,168,AUSOMENT,EQ,5854,2581,44.09
20,169,AUTOAXLES,EQ,12617,7512,59.54
20,170,AUTOBEES,EQ,6314,4094,64.84
20,171,AVADHSUGAR,EQ,307127,50966,16.59
20,172,AVANTIFEED,EQ,238741,104177,43.64
20,173,AVG,SM,1200,1200,100.00
20,174,AVSL,SM,6000,6000,100.00
20,175,AVTNPL,EQ,116383,61553,52.89
20,176,AWHCL,EQ,63615,33137,52.09
20,177,AXISBANK,EQ,10114633,5275537,52.16
20,178,AXISBNKETF,EQ,180,137,76.11
20,179,AXISBPSETF,EQ,9526,6827,71.67
20,180,AXISCADES,EQ,92851,56932,61.32
20,181,AXISCETF,EQ,5041,4803,95.28
20,182,AXISGOLD,EQ,28151,23317,82.83
20,183,AXISHCETF,EQ,1135,940,82.82
20,184,AXISNIFTY,EQ,2173,1279,58.86
20,185,AXISTECETF,EQ,3745,3026,80.80
20,186,AYMSYNTEX,EQ,39431,17847,45.26
20,187,BAJAJ-AUTO,EQ,419826,190065,45.27
20,188,BAJAJCON,EQ,406078,174623,43.00
20,189,BAJAJELEC,EQ,67693,10997,16.25
20,190,BAJAJFINSV,EQ,379204,64107,16.91
20,191,BAJAJHCARE,EQ,37558,13541,36.05
20,192,BAJAJHIND,EQ,8763753,2810624,32.07
20,193,BAJAJHLDNG,EQ,31101,19448,62.53
20,194,BAJFINANCE,EQ,1259546,314458,24.97
20,195,BALAJITELE,EQ,132495,71443,53.92
20,196,BALAMINES,EQ,48935,19548,39.95
20,197,BALAXI,EQ,4761,2306,48.44
20,198,BALKRISHNA,EQ,21671,15710,72.49
20,199,BALKRISIND,EQ,524240,216613,41.32
20,200,BALMLAWRIE,EQ,94140,53621,56.96
20,201,BALPHARMA,EQ,28384,16091,56.69
20,202,BALRAMCHIN,EQ,8873659,1119616,12.62
20,203,BANARBEADS,EQ,3715,2159,58.12
20,204,BANARISUG,EQ,4404,2824,64.12
20,205,BANCOINDIA,EQ,33502,16288,48.62
20,206,BANDHANBNK,EQ,6353103,1711445,26.94
20,207,BANG,EQ,20727,12772,61.62
20,208,BANKA,EQ,2642,1928,72.98
20,209,BANKBARODA,EQ,36341295,6779703,18.66
20,210,BANKBEES,EQ,697486,394810,56.60
20,211,BANKINDIA,EQ,3593193,949895,26.44
20,212,BANSWRAS,EQ,16458,7993,48.57
20,213,BARBEQUE,EQ,125990,55708,44.22
20,214,BASF,EQ,10714,4589,42.83
20,215,BASML,EQ,109421,43763,40.00
20,216,BATAINDIA,EQ,941378,193613,20.57
20,217,BAYERCROP,EQ,17628,8864,50.28
20,218,BBETF0432,EQ,493,409,82.96
20,219,BBL,EQ,6487,2835,43.70
20,220,BBOX,EQ,14390,8010,55.66
20,221,BBTC,EQ,33617,13494,40.14
20,222,BCG,EQ,4202780,2310836,54.98
20,223,BCP,EQ,129660,90188,69.56
20,224,BDL,EQ,1254257,210779,16.81
20,225,BEARDSELL,EQ,25172,10450,41.51
20,226,BECTORFOOD,EQ,87620,40977,46.77
20,227,BEDMUTHA,EQ,17343,9031,52.07
20,228,BEL,EQ,3771168,1484552,39.37
20,229,BEML,EQ,249363,102225,40.99
20,230,BEPL,EQ,357008,140211,39.27
20,231,BERGEPAINT,EQ,1550372,385572,24.87
20,232,BESTAGRO,EQ,16085,5036,31.31
20,233,BETA,SM,10000,5400,54.00
20,234,BEWLTD,SM,4750,3250,68.42
20,235,BFINVEST,EQ,6006,3032,50.48
20,236,BFUTILITIE,EQ,102812,30232,29.41
20,237,BGRENERGY,EQ,71709,35597,49.64
20,238,BHAGCHEM,EQ,976,738,75.61
20,239,BHAGERIA,EQ,17512,9500,54.25
20,240,BHAGYANGR,EQ,12272,5837,47.56
20,241,BHAGYAPROP,EQ,36228,30746,84.87
20,242,BHANDARI,EQ,427871,239872,56.06
20,243,BHARATFORG,EQ,1024439,398960,38.94
20,244,BHARATGEAR,EQ,22207,11957,53.84
20,245,BHARATRAS,EQ,3063,1202,39.24
20,246,BHARATWIRE,EQ,12341,6077,49.24
20,247,BHARTIARTL,EQ,5780597,2725058,47.14
20,248,BHEL,EQ,31516573,4328752,13.73
20,249,BIL,EQ,312995,307711,98.31
20,250,BINDALAGRO,EQ,165625,81062,48.94
20,251,BIOCON,EQ,1800315,830579,46.14
20,252,BIOFILCHEM,EQ,16918,7630,45.10
20,253,BIRET,RR,136420,100256,73.49
20,254,BIRLACABLE,EQ,231767,47833,20.64
20,255,BIRLACORPN,EQ,149086,52739,35.37
20,256,BIRLAMONEY,EQ,41446,22266,53.72
20,257,BLBLIMITED,EQ,22174,18707,84.36
20,258,BLISSGVS,EQ,167722,100155,59.71
20,259,BLKASHYAP,EQ,126686,90001,71.04
20,260,BLS,EQ,1514159,499975,33.02
20,261,BLUEDART,EQ,27085,11365,41.96
20,262,BLUESTARCO,EQ,43729,21127,48.31
20,263,BMETRICS,SM,9600,6000,62.50
20,264,BODALCHEM,EQ,402659,143932,35.75
20,265,BOMDYEING,EQ,2563740,514466,20.07
20,266,BOROLTD,EQ,86945,39180,45.06
20,267,BORORENEW,EQ,517457,120894,23.36
20,268,BOSCHLTD,EQ,22958,5218,22.73
20,269,BPCL,EQ,8030657,1887634,23.51
20,270,BPL,EQ,57039,25738,45.12
20,271,BRIGADE,EQ,290864,164323,56.49
20,272,BRIGHT,SM,87000,45000,51.72
20,273,BRITANNIA,EQ,545260,282820,51.87
20,274,BRITANNIA,N2,16962,14367,84.70
20,275,BRITANNIA,N3,8832,7134,80.77
20,276,BRNL,EQ,52148,30224,57.96
20,277,BROOKS,EQ,42244,20961,49.62
20,278,BSE,EQ,1420069,648796,45.69
20,279,BSL,EQ,12709,6769,53.26
20,280,BSLGOLDETF,EQ,47001,45138,96.04
20,281,BSLNIFTY,EQ,33458,27563,82.38
20,282,BSLSENETFG,EQ,297,153,51.52
20,283,BSOFT,EQ,3123783,657556,21.05
20,284,BTML,SM,1200,1200,100.00
20,285,BURNPUR,EQ,180475,138378,76.67
20,286,BUTTERFLY,EQ,65794,58916,89.55
20,287,CALSOFT,EQ,31069,20167,64.91
20,288,CAMLINFINE,EQ,294505,96931,32.91
20,289,CAMPUS,EQ,688738,181926,26.41
20,290,CAMS,EQ,199775,125812,62.98
20,291,CANBK,EQ,12723469,2938578,23.10
20,292,CANFINHOME,EQ,514296,126754,24.65
20,293,CANTABIL,EQ,48826,26456,54.18
20,294,CAPACITE,EQ,272819,84914,31.12
20,295,CAPLIPOINT,EQ,72235,21027,29.11
20,296,CAPTRUST,EQ,14361,8228,57.29
20,297,CARBORUNIV,EQ,117525,75253,64.03
20,298,CAREERP,EQ,8354,3959,47.39
20,299,CARERATING,EQ,40855,15130,37.03
20,300,CARTRADE,EQ,64080,16800,26.22
20,301,CASTROLIND,EQ,386948,155747,40.25
20,302,CCHHL,EQ,33659,17538,52.10
20,303,CCL,EQ,100879,26972,26.74
20,304,CDSL,EQ,499424,170674,34.17
20,305,CEATLTD,EQ,125991,80987,64.28
20,306,CEBBCO,EQ,409513,160149,39.11
20,307,CELEBRITY,EQ,92844,82267,88.61
20,308,CENTENKA,EQ,62052,18746,30.21
20,309,CENTEXT,EQ,372565,160828,43.17
20,310,CENTRALBK,EQ,4766543,1354526,28.42
20,311,CENTRUM,EQ,347283,229225,66.01
20,312,CENTUM,EQ,21558,14204,65.89
20,313,CENTURYPLY,EQ,88592,39245,44.30
20,314,CENTURYTEX,EQ,601466,511257,85.00
20,315,CERA,EQ,13738,7460,54.30
20,316,CEREBRAINT,EQ,163942,83318,50.82
20,317,CESC,EQ,1450768,724999,49.97
20,318,CGCL,EQ,19307,8246,42.71
20,319,CGPOWER,EQ,1599178,972284,60.80
20,320,CHALET,EQ,134563,55037,40.90
20,321,CHAMBLFERT,EQ,4260739,1255063,29.46
20,322,CHEMBOND,EQ,6757,3769,55.78
20,323,CHEMCON,EQ,132937,96921,72.91
20,324,CHEMPLASTS,EQ,170974,90315,52.82
20,325,CHENNPETRO,EQ,6635358,1640044,24.72
20,326,CHOICEIN,EQ,46308,8541,18.44
20,327,CHOLAFIN,EQ,1086166,349387,32.17
20,328,CHOLAHLDNG,EQ,75252,42515,56.50
20,329,CIGNITITEC,EQ,106862,70238,65.73
20,330,CINEVISTA,EQ,16735,10416,62.24
20,331,CIPLA,EQ,1630614,839319,51.47
20,332,CLEAN,EQ,133637,91019,68.11
20,333,CLEDUCATE,EQ,70152,45370,64.67
20,334,CLNINDIA,EQ,12765,6249,48.95
20,335,CLSEL,EQ,195563,69164,35.37
20,336,CMICABLES,EQ,43377,6637,15.30
20,337,CMMIPL,ST,3000,3000,100.00
20,338,CMSINFO,EQ,401275,186669,46.52
20,339,COALINDIA,EQ,23140556,3088168,13.35
20,340,COASTCORP,EQ,24922,12893,51.73
20,341,COCHINSHIP,EQ,172844,69382,40.14
20,342,COFFEEDAY,EQ,741300,320212,43.20
20,343,COFORGE,EQ,419377,115961,27.65
20,344,COLPAL,EQ,662577,106482,16.07
20,345,COMPINFO,EQ,172123,81769,47.51
20,346,COMPUSOFT,EQ,112022,59543,53.15
20,347,CONCOR,EQ,4992191,1388995,27.82
20,348,CONFIPET,EQ,291271,118693,40.75
20,349,CONSOFINVT,EQ,1899,1495,78.73
20,350,CONSUMBEES,EQ,10712,9809,91.57
20,351,CONTROLPR,EQ,18849,9748,51.72
20,352,COOLCAPS,SM,15000,15000,100.00
20,353,CORALFINAC,EQ,24001,13293,55.39
20,354,CORDSCABLE,EQ,16068,10193,63.44
20,355,COROMANDEL,EQ,970840,220157,22.68
20,356,COSMOFILMS,EQ,41527,18588,44.76
20,357,COUNCODOS,EQ,70618,58109,82.29
20,358,CPSEETF,EQ,339684,167600,49.34
20,359,CRAFTSMAN,EQ,14778,7677,51.95
20,360,CREATIVE,EQ,23304,17093,73.35
20,361,CREATIVEYE,EQ,5011,5011,100.00
20,362,CREDITACC,EQ,382262,238061,62.28
20,363,CREST,EQ,29116,13677,46.97
20,364,CRISIL,EQ,31553,5116,16.21
20,365,CROMPTON,EQ,692899,340833,49.19
20,366,CROWN,EQ,8907,6198,69.59
20,367,CSBBANK,EQ,161113,75264,46.72
20,368,CTE,EQ,35010,19709,56.30
20,369,CUB,EQ,1125933,419441,37.25
20,370,CUBEXTUB,EQ,16810,10644,63.32
20,371,CUMMINSIND,EQ,318489,82950,26.04
20,372,CUPID,EQ,43818,18535,42.30
20,373,CYBERTECH,EQ,43102,20834,48.34
20,374,CYIENT,EQ,174645,90691,51.93
20,375,DAAWAT,EQ,6250645,1045271,16.72
20,376,DABUR,EQ,2070365,1199115,57.92
20,377,DALBHARAT,EQ,167934,38973,23.21
20,378,DALMIASUG,EQ,1005833,176380,17.54
20,379,DAMODARIND,EQ,35573,19400,54.54
20,380,DANGEE,EQ,2516,1382,54.93
20,381,DATAMATICS,EQ,179783,64257,35.74
20,382,DATAPATTNS,EQ,263805,87966,33.35
20,383,DBCORP,EQ,373811,244282,65.35
20,384,DBL,EQ,428567,105819,24.69
20,385,DBSTOCKBRO,EQ,7711,3403,44.13
20,386,DCAL,EQ,268091,91243,34.03
20,387,DCBBANK,EQ,707389,328301,46.41
20,388,DCM,EQ,39000,7244,18.57
20,389,DCMNVL,EQ,47875,27267,56.95
20,390,DCMSHRIRAM,EQ,75530,21723,28.76
20,391,DCMSRIND,EQ,159550,62916,39.43
20,392,DCW,EQ,1437689,602737,41.92
20,393,DECCANCE,EQ,15992,9833,61.49
20,394,DEEPAKFERT,EQ,1506643,576591,38.27
20,395,DEEPAKNTR,EQ,817763,236063,28.87
20,396,DEEPINDS,EQ,122931,59322,48.26
20,397,DELHIVERY,EQ,913963,276628,30.27
20,398,DELPHIFX,EQ,3078,1630,52.96
20,399,DELTACORP,EQ,7083772,1835065,25.91
20,400,DELTAMAGNT,EQ,3516,2862,81.40
20,401,DEN,EQ,415442,171522,41.29
20,402,DENORA,EQ,98125,30925,31.52
20,403,DESTINY,SM,120000,102000,85.00
20,404,DEVYANI,EQ,1743044,459500,26.36
20,405,DFMFOODS,EQ,208179,122673,58.93
20,406,DHANBANK,EQ,275369,134437,48.82
20,407,DHANI,EQ,3930765,1912453,48.65
20,408,DHANILOANS,N6,304,304,100.00
20,409,DHANILOANS,NE,10,10,100.00
20,410,DHANILOANS,NF,47,47,100.00
20,411,DHANILOANS,NO,20,20,100.00
20,412,DHANILOANS,NY,10,10,100.00
20,413,DHANUKA,EQ,32418,8815,27.19
20,414,DHANVARSHA,EQ,77184,35367,45.82
20,415,DHARAMSI,EQ,47679,31664,66.41
20,416,DHRUV,EQ,37341,12041,32.25
20,417,DHUNINV,EQ,3211,1565,48.74
20,418,DIAMONDYD,EQ,7434,5411,72.79
20,419,DICIND,EQ,1181,994,84.17
20,420,DIGISPICE,EQ,373634,112988,30.24
20,421,DIL,EQ,2708,2708,100.00
20,422,DISHTV,EQ,1261974,631031,50.00
20,423,DIVISLAB,EQ,2436609,1078524,44.26
20,424,DIVOPPBEES,EQ,3501,2247,64.18
20,425,DIXON,EQ,239255,59271,24.77
20,426,DKEGL,SM,18000,9000,50.00
20,427,DLF,EQ,8037300,2020786,25.14
20,428,DLINKINDIA,EQ,96530,40127,41.57
20,429,DMART,EQ,279250,61479,22.02
20,430,DNAMEDIA,EQ,40321,35215,87.34
20,431,DODLA,EQ,7879,4695,59.59
20,432,DOLATALGO,EQ,147523,76634,51.95
20,433,DOLLAR,EQ,162852,43689,26.83
20,434,DONEAR,EQ,18436,13121,71.17
20,435,DPABHUSHAN,EQ,4625,3078,66.55
20,436,DPSCLTD,EQ,57974,35165,60.66
20,437,DPWIRES,EQ,39535,17399,44.01
20,438,DREDGECORP,EQ,37297,12224,32.77
20,439,DRL,SM,6000,6000,100.00
20,440,DRREDDY,EQ,429072,201515,46.97
20,441,DSPN50ETF,EQ,1591,1306,82.09
20,442,DSPNEWETF,EQ,1833,1409,76.87
20,443,DSPQ50ETF,EQ,2798,2154,76.98
20,444,DSSL,EQ,49712,14551,29.27
20,445,DTIL,EQ,4993,3501,70.12
20,446,DUCON,EQ,433566,203615,46.96
20,447,DUGLOBAL,SM,4000,4000,100.00
20,448,DVL,EQ,72286,34860,48.23
20,449,DWARKESH,EQ,3455704,691267,20.00
20,450,DYNAMATECH,EQ,4964,2028,40.85
20,451,DYNAMIC,SM,20000,16000,80.00
20,452,DYNPRO,EQ,79048,45275,57.28
20,453,E2E,EQ,4926,4596,93.30
20,454,EASEMYTRIP,EQ,200225,200225,100.00
20,455,EASTSILK,EQ,63358,39662,62.60
20,456,EBANK,EQ,12,12,100.00
20,457,EBBETF0423,EQ,4534,4474,98.68
20,458,EBBETF0425,EQ,11904,6824,57.33
20,459,EBBETF0430,EQ,9497,9202,96.89
20,460,EBBETF0431,EQ,34445,32903,95.52
20,461,ECLERX,EQ,51637,30564,59.19
20,462,ECLFINANCE,NJ,155,155,100.00
20,463,ECLFINANCE,NO,88,88,100.00
20,464,ECLFINANCE,NP,20,20,100.00
20,465,ECLFINANCE,NQ,100,100,100.00
20,466,ECLFINANCE,NR,50,50,100.00
20,467,ECLFINANCE,NS,395,395,100.00
20,468,EDELWEISS,EQ,2753394,716836,26.03
20,469,EHFLNCD,N5,24,24,100.00
20,470,EHFLNCD,N6,8,8,100.00
20,471,EHFLNCD,N7,20,20,100.00
20,472,EICHERMOT,EQ,854405,338785,39.65
20,473,EIDPARRY,EQ,484991,192605,39.71
20,474,EIFFL,EQ,189,120,63.49
20,475,EIHAHOTELS,EQ,17556,8832,50.31
20,476,EIHOTEL,EQ,280566,62300,22.21
20,477,EIMCOELECO,EQ,9417,4974,52.82
20,478,EKC,EQ,338455,172625,51.00
20,479,ELDEHSG,EQ,7070,3625,51.27
20,480,ELECON,EQ,660899,208811,31.59
20,481,ELECTCAST,EQ,585954,346781,59.18
20,482,ELECTHERM,EQ,23788,14104,59.29
20,483,ELGIEQUIP,EQ,486934,246854,50.70
20,484,EMAMILTD,EQ,582774,367862,63.12
20,485,EMAMIPAP,EQ,88229,32650,37.01
20,486,EMAMIREAL,EQ,349486,91151,26.08
20,487,EMBASSY,RR,443183,390801,88.18
20,488,EMKAY,EQ,367916,120693,32.80
20,489,EMMBI,EQ,16257,10073,61.96
20,490,ENDURANCE,EQ,104152,56239,54.00
20,491,ENERGYDEV,EQ,48460,33879,69.91
20,492,ENGINERSIN,EQ,464361,240007,51.69
20,493,ENIL,EQ,20133,12887,64.01
20,494,EPL,EQ,78926,33896,42.95
20,495,EQUITAS,EQ,1337689,784041,58.61
20,496,EQUITASBNK,EQ,3852227,1288820,33.46
20,497,ERFLNCDI,N4,20,20,100.00
20,498,ERFLNCDI,N5,11,11,100.00
20,499,ERFLNCDI,N6,85,85,100.00
20,500,ERIS,EQ,56967,20934,36.75
20,501,EROSMEDIA,EQ,481624,246158,51.11
20,502,ESABINDIA,EQ,39447,16596,42.07
20,503,ESCORTS,EQ,276244,83095,30.08
20,504,ESSARSHPNG,EQ,110492,53877,48.76
20,505,ESTER,EQ,147791,34445,23.31
20,506,EUROBOND,SM,36000,24000,66.67
20,507,EVEREADY,EQ,179572,92801,51.68
20,508,EVERESTIND,EQ,52627,12516,23.78
20,509,EXCELINDUS,EQ,42296,14383,34.01
20,510,EXIDEIND,EQ,3889470,1847754,47.51
20,511,EXPLEOSOL,EQ,15382,8300,53.96
20,512,EXXARO,EQ,499898,204767,40.96
20,513,FACT,EQ,236152,71635,30.33
20,514,FAIRCHEMOR,EQ,12190,6347,52.07
20,515,FCL,EQ,309356,105271,34.03
20,516,FCONSUMER,EQ,7131520,4039372,56.64
20,517,FCSSOFT,EQ,5389021,2154674,39.98
20,518,FDC,EQ,250326,118909,47.50
20,519,FEDERALBNK,EQ,11661808,4101339,35.17
20,520,FEL,EQ,791789,527620,66.64
20,521,FELIX,SM,4000,4000,100.00
20,522,FIBERWEB,EQ,134168,41811,31.16
20,523,FIEMIND,EQ,13202,6150,46.58
20,524,FILATEX,EQ,259229,85080,32.82
20,525,FINCABLES,EQ,76867,35765,46.53
20,526,FINEORG,EQ,26782,13047,48.72
20,527,FINOPB,EQ,28474,10130,35.58
20,528,FINPIPE,EQ,463573,255460,55.11
20,529,FLFL,EQ,153565,99145,64.56
20,530,FLUOROCHEM,EQ,65792,43383,65.94
20,531,FMGOETZE,EQ,21466,16967,79.04
20,532,FMNL,EQ,137769,78677,57.11
20,533,FOCE,SM,1200,1200,100.00
20,534,FOODSIN,EQ,44131,20790,47.11
20,535,FORCEMOT,EQ,13387,4499,33.61
20,536,FORTIS,EQ,1271788,842867,66.27
20,537,FOSECOIND,EQ,7362,4643,63.07
20,538,FRETAIL,EQ,327760,327760,100.00
20,539,FSC,EQ,38694,21784,56.30
20,540,FSL,EQ,2546216,492424,19.34
20,541,GABRIEL,EQ,616432,157391,25.53
20,542,GAEL,EQ,657760,253528,38.54
20,543,GAIL,EQ,7946108,3714709,46.75
20,544,GAL,EQ,247314,213284,86.24
20,545,GALAXYSURF,EQ,11814,4410,37.33
20,546,GALLANTT,EQ,27444,12470,45.44
20,547,GALLISPAT,EQ,36270,24561,67.72
20,548,GANDHITUBE,EQ,1616,957,59.22
20,549,GANECOS,EQ,38764,13531,34.91
20,550,GANESHBE,EQ,118070,48491,41.07
20,551,GANESHHOUC,EQ,46473,27032,58.17
20,552,GANGAFORGE,EQ,167580,112134,66.91
20,553,GANGESSECU,EQ,2912,2049,70.36
20,554,GARFIBRES,EQ,8082,3139,38.84
20,555,GATEWAY,EQ,267710,163299,61.00
20,556,GATI,EQ,591432,208218,35.21
20,557,GAYAPROJ,EQ,667362,386582,57.93
20,558,GEECEE,EQ,43307,24457,56.47
20,559,GEEKAYWIRE,EQ,14028,11764,83.86
20,560,GENCON,EQ,42643,24047,56.39
20,561,GENUSPAPER,EQ,265042,115945,43.75
20,562,GENUSPOWER,EQ,699021,256792,36.74
20,563,GEOJITFSL,EQ,267660,146963,54.91
20,564,GEPIL,EQ,103827,49179,47.37
20,565,GESHIP,EQ,240640,98347,40.87
20,566,GET&D,EQ,77907,32526,41.75
20,567,GFLLIMITED,EQ,28831,21167,73.42
20,568,GHCL,EQ,803172,224563,27.96
20,569,GICHSGFIN,EQ,119389,55887,46.81
20,570,GICL,SM,15000,15000,100.00
20,571,GICRE,EQ,1734932,117533,6.77
20,572,GILLANDERS,EQ,5252,4010,76.35
20,573,GILLETTE,EQ,3807,1660,43.60
20,574,GILT5YBEES,EQ,18446,15951,86.47
20,575,GINNIFILA,EQ,89213,49254,55.21
20,576,GIPCL,EQ,585493,308282,52.65
20,577,GIRIRAJ,SM,1200,1200,100.00
20,578,GKWLIMITED,EQ,352,243,69.03
20,579,GLAND,EQ,153096,82939,54.17
20,580,GLAXO,EQ,19672,10672,54.25
20,581,GLENMARK,EQ,406851,64469,15.85
20,582,GLOBAL,EQ,49080,38093,77.61
20,583,GLOBALVECT,EQ,11285,9711,86.05
20,584,GLOBE,EQ,273034,203728,74.62
20,585,GLOBUSSPR,EQ,1595026,334303,20.96
20,586,GLS,EQ,25359,13325,52.55
20,587,GMBREW,EQ,10210,5157,50.51
20,588,GMDCLTD,EQ,16809639,3468708,20.64
20,589,GMMPFAUDLR,EQ,94871,38180,40.24
20,590,GMRINFRA,EQ,6890668,1281543,18.60
20,591,GMRP&UI,EQ,1296528,1103007,85.07
20,592,GNA,EQ,35080,14241,40.60
20,593,GNFC,EQ,4303995,578734,13.45
20,594,GOACARBON,EQ,27580,8808,31.94
20,595,GOCLCORP,EQ,8531,3948,46.28
20,596,GOCOLORS,EQ,118040,45041,38.16
20,597,GODFRYPHLP,EQ,50305,15017,29.85
20,598,GODREJAGRO,EQ,309309,122596,39.64
20,599,GODREJCP,EQ,1747144,1013812,58.03
20,600,GODREJIND,EQ,50810,12876,25.34
20,601,GODREJPROP,EQ,872769,242366,27.77
20,602,GOKEX,EQ,1018566,345971,33.97
20,603,GOKUL,EQ,503051,158880,31.58
20,604,GOLDBEES,EQ,2024163,1295692,64.01
20,605,GOLDENTOBC,EQ,13092,6765,51.67
20,606,GOLDIAM,EQ,250070,105000,41.99
20,607,GOLDSHARE,EQ,31641,24003,75.86
20,608,GOLDTECH,EQ,34667,14589,42.08
20,609,GOODLUCK,EQ,60775,40601,66.81
20,610,GOODYEAR,EQ,7443,3593,48.27
20,611,GPIL,EQ,972327,307696,31.65
20,612,GPPL,EQ,1035998,767332,74.07
20,613,GPTINFRA,EQ,42818,19033,44.45
20,614,GRANULES,EQ,1051098,234473,22.31
20,615,GRAPHITE,EQ,522514,102063,19.53
20,616,GRASIM,EQ,1556591,454665,29.21
20,617,GRAUWEIL,EQ,1343452,333006,24.79
20,618,GREAVESCOT,EQ,1819780,339434,18.65
20,619,GREENLAM,EQ,202833,52571,25.92
20,620,GREENPANEL,EQ,365142,171166,46.88
20,621,GREENPLY,EQ,133941,56453,42.15
20,622,GREENPOWER,EQ,1047700,1032776,98.58
20,623,GRINDWELL,EQ,28133,14624,51.98
20,624,GRINFRA,EQ,9005,3747,41.61
20,625,GROBTEA,EQ,594,255,42.93
20,626,GRPLTD,EQ,2120,566,26.70
20,627,GRSE,EQ,668960,139125,20.80
20,628,GRWRHITECH,EQ,70047,22858,32.63
20,629,GSCLCEMENT,EQ,44437,24373,54.85
20,630,GSFC,EQ,1434044,425447,29.67
20,631,GSPL,EQ,599231,324964,54.23
20,632,GTL,EQ,611762,368195,60.19
20,633,GTLINFRA,EQ,44898564,18386252,40.95
20,634,GTPL,EQ,29160,21270,72.94
20,635,GUFICBIO,EQ,99277,42431,42.74
20,636,GUJALKALI,EQ,797763,145428,18.23
20,637,GUJAPOLLO,EQ,2062,770,37.34
20,638,GUJGASLTD,EQ,921281,277508,30.12
20,639,GULFOILLUB,EQ,230743,216387,93.78
20,640,GULFPETRO,EQ,69179,45208,65.35
20,641,GULPOLY,EQ,220255,120714,54.81
20,642,HAL,EQ,766781,207067,27.00
20,643,HAPPSTMNDS,EQ,706711,264121,37.37
20,644,HARIOMPIPE,EQ,295042,92971,31.51
20,645,HARRMALAYA,EQ,112821,38266,33.92
20,646,HATHWAY,EQ,2201352,815402,37.04
20,647,HATSUN,EQ,24439,8721,35.68
20,648,HAVELLS,EQ,1375381,654854,47.61
20,649,HBANKETF,EQ,3891,2214,56.90
20,650,HBLPOWER,EQ,5380907,1201664,22.33
20,651,HBSL,EQ,7357,4614,62.72
20,652,HCC,EQ,5811145,1978416,34.05
20,653,HCG,EQ,161033,98215,60.99
20,654,HCL-INSYS,EQ,277108,163053,58.84
20,655,HCLTECH,EQ,4278059,2743164,64.12
20,656,HDFC,EQ,5940524,3548829,59.74
20,657,HDFC,W3,30600,30600,100.00
20,658,HDFCAMC,EQ,719268,359538,49.99
20,659,HDFCBANK,EQ,13496214,7943634,58.86
20,660,HDFCLIFE,EQ,3444955,1249742,36.28
20,661,HDFCMFGETF,EQ,202248,119183,58.93
20,662,HDFCNIFETF,EQ,17378,9093,52.32
20,663,HDFCSENETF,EQ,2974,1877,63.11
20,664,HEALTHY,EQ,34283,29666,86.53
20,665,HECPROJECT,EQ,438,264,60.27
20,666,HEG,EQ,607791,76771,12.63
20,667,HEIDELBERG,EQ,1406723,1349501,95.93
20,668,HEMIPROP,EQ,673551,208891,31.01
20,669,HERANBA,EQ,36395,22117,60.77
20,670,HERCULES,EQ,16231,8539,52.61
20,671,HERITGFOOD,EQ,67494,27963,41.43
20,672,HEROMOTOCO,EQ,362813,116547,32.12
20,673,HESTERBIO,EQ,2593,1907,73.54
20,674,HEXATRADEX,EQ,17800,10978,61.67
20,675,HFCL,EQ,6837785,1942969,28.42
20,676,HGINFRA,EQ,80771,23130,28.64
20,677,HGS,EQ,31254,13736,43.95
20,678,HIKAL,EQ,200504,58518,29.19
20,679,HIL,EQ,9724,4837,49.74
20,680,HIMATSEIDE,EQ,187299,54731,29.22
20,681,HINDALCO,EQ,13391224,3264569,24.38
20,682,HINDCOMPOS,EQ,711,458,64.42
20,683,HINDCON,EQ,16045,8463,52.75
20,684,HINDCOPPER,EQ,5404173,997446,18.46
20,685,HINDMOTORS,EQ,6639528,4122416,62.09
20,686,HINDOILEXP,EQ,591747,228500,38.61
20,687,HINDPETRO,EQ,5475391,2481914,45.33
20,688,HINDUNILVR,EQ,2299127,1385996,60.28
20,689,HINDZINC,EQ,1752641,283196,16.16
20,690,HIRECT,EQ,10707,4017,37.52
20,691,HISARMETAL,EQ,10791,5252,48.67
20,692,HITECH,EQ,55922,2473,4.42
20,693,HITECHCORP,EQ,8758,5794,66.16
20,694,HITECHGEAR,EQ,4262,2649,62.15
20,695,HLEGLAS,EQ,27938,5147,18.42
20,696,HLVLTD,EQ,244684,157539,64.38
20,697,HMVL,EQ,73396,49644,67.64
20,698,HNDFDS,EQ,7067,2286,32.35
20,699,HNGSNGBEES,EQ,1436,1212,84.40
20,700,HOMEFIRST,EQ,110784,44747,40.39
20,701,HONAUT,EQ,9147,4315,47.17
20,702,HONDAPOWER,EQ,17863,6428,35.98
20,703,HOVS,EQ,23683,11600,48.98
20,704,HPAL,EQ,34231,9144,26.71
20,705,HPIL,SM,3000,3000,100.00
20,706,HPL,EQ,86527,39174,45.27
20,707,HSCL,EQ,7916260,1620228,20.47
20,708,HTMEDIA,EQ,372250,195925,52.63
20,709,HUDCO,EQ,1257148,461634,36.72
20,710,HUDCO,N2,2100,2000,95.24
20,711,HUDCO,N4,41,41,100.00
20,712,HUDCO,N5,650,650,100.00
20,713,HUDCO,N7,5,5,100.00
20,714,HUDCO,N8,2,1,50.00
20,715,HUDCO,N9,161,161,100.00
20,716,HUDCO,ND,320,320,100.00
20,717,HUDCO,NE,110,110,100.00
20,718,HUHTAMAKI,EQ,85071,40530,47.64
20,719,IBMFNIFTY,EQ,487,254,52.16
20,720,IBREALEST,EQ,9993153,2575178,25.77
20,721,IBUCCREDIT,N7,6,6,100.00
20,722,IBUCCREDIT,N9,100,100,100.00
20,723,IBUCCREDIT,ND,70,70,100.00
20,724,IBULHSGFIN,EQ,21155281,3498768,16.54
20,725,IBULHSGFIN,NA,12,12,100.00
20,726,IBULHSGFIN,NE,295,295,100.00
20,727,IBULHSGFIN,NL,26,26,100.00
20,728,IBULHSGFIN,Y3,11,11,100.00
20,729,ICICI500,EQ,48269,39449,81.73
20,730,ICICI5GSEC,EQ,307,97,31.60
20,731,ICICIALPLV,EQ,55512,50894,91.68
20,732,ICICIAUTO,EQ,10512,6828,64.95
20,733,ICICIB22,EQ,68671,48402,70.48
20,734,ICICIBANK,EQ,14028733,7202565,51.34
20,735,ICICIBANKN,EQ,11653,11145,95.64
20,736,ICICIBANKP,EQ,15217,10411,68.42
20,737,ICICICONSU,EQ,384,363,94.53
20,738,ICICIFMCG,EQ,840,444,52.86
20,739,ICICIGI,EQ,490371,232295,47.37
20,740,ICICIGOLD,EQ,217896,190313,87.34
20,741,ICICILIQ,EQ,248405,212664,85.61
20,742,ICICILOVOL,EQ,112767,107142,95.01
20,743,ICICIM150,EQ,38886,12937,33.27
20,744,ICICIMCAP,EQ,7454,3432,46.04
20,745,ICICINF100,EQ,7021,4385,62.46
20,746,ICICINIFTY,EQ,89829,55684,61.99
20,747,ICICINV20,EQ,24223,17584,72.59
20,748,ICICINXT50,EQ,79655,49573,62.23
20,749,ICICIPHARM,EQ,20911,10993,52.57
20,750,ICICIPRULI,EQ,1699683,599542,35.27
20,751,ICICISENSX,EQ,1517,1003,66.12
20,752,ICICISILVE,EQ,267065,241864,90.56
20,753,ICICITECH,EQ,95551,47246,49.45
20,754,ICIL,EQ,265612,79078,29.77
20,755,ICRA,EQ,15418,14664,95.11
20,756,IDBI,EQ,8948369,4271508,47.74
20,757,IDBIGOLD,EQ,18,5,27.78
20,758,IDEA,EQ,175421842,35560396,20.27
20,759,IDFC,EQ,8049934,1947408,24.19
20,760,IDFCFIRSTB,EQ,28499589,8618978,30.24
20,761,IDFNIFTYET,EQ,42,35,83.33
20,762,IEX,EQ,8300816,2579196,31.07
20,763,IFBAGRO,EQ,5773,2601,45.05
20,764,IFBIND,EQ,7771,2535,32.62
20,765,IFCI,EQ,3539904,1368689,38.66
20,766,IFCI,NH,465,465,100.00
20,767,IFCI,NL,10,10,100.00
20,768,IFGLEXPOR,EQ,6112,3377,55.25
20,769,IGARASHI,EQ,32054,11704,36.51
20,770,IGL,EQ,2132811,1014558,47.57
20,771,IGPL,EQ,45046,24106,53.51
20,772,IIFCL,N4,200,200,100.00
20,773,IIFL,EQ,753801,351220,46.59
20,774,IIFL,N4,1078,1036,96.10
20,775,IIFL,N5,47,47,100.00
20,776,IIFL,N6,307,307,100.00
20,777,IIFL,NC,31,31,100.00
20,778,IIFL,NE,605,565,93.39
20,779,IIFL,NF,5233,5233,100.00
20,780,IIFL,NG,20,20,100.00
20,781,IIFL,NH,144,144,100.00
20,782,IIFL,NI,71,71,100.00
20,783,IIFL,NL,542,361,66.61
20,784,IIFL,NM,20,20,100.00
20,785,IIFLSEC,EQ,208406,83298,39.97
20,786,IIFLWAM,EQ,27584,11629,42.16
20,787,IIHFL,N4,125,125,100.00
20,788,IIHFL,N5,224,224,100.00
20,789,IIHFL,N6,120,60,50.00
20,790,IIHFL,NC,430,430,100.00
20,791,IMAGICAA,EQ,288947,160954,55.70
20,792,IMFA,EQ,319396,154263,48.30
20,793,IMPAL,EQ,3796,1775,46.76
20,794,IMPEXFERRO,EQ,37462,37462,100.00
20,795,INCRED,N2,2,2,100.00
20,796,INCREDIBLE,EQ,10746,8025,74.68
20,797,INDBANK,EQ,172409,67647,39.24
20,798,INDHOTEL,EQ,10828637,5045903,46.60
20,799,INDIACEM,EQ,6289781,1276850,20.30
20,800,INDIAGLYCO,EQ,135050,53805,39.84
20,801,INDIAMART,EQ,142230,32158,22.61
20,802,INDIANB,EQ,1576237,552275,35.04
20,803,INDIANCARD,EQ,5177,1493,28.84
20,804,INDIANHUME,EQ,23319,15662,67.16
20,805,INDIGO,EQ,3255118,315310,9.69
20,806,INDIGOPNTS,EQ,30988,12245,39.52
20,807,INDIGRID,IV,84650,76015,89.80
20,808,INDIGRID,NH,50,50,100.00
20,809,INDIGRID,NJ,101,68,67.33
20,810,INDIGRID,NL,7,7,100.00
20,811,INDNIPPON,EQ,9582,5514,57.55
20,812,INDOAMIN,EQ,37646,19734,52.42
20,813,INDOBORAX,EQ,11442,6378,55.74
20,814,INDOCO,EQ,89355,68562,76.73
20,815,INDORAMA,EQ,187953,72432,38.54
20,816,INDOSTAR,EQ,55558,41710,75.07
20,817,INDOTECH,EQ,15355,7692,50.09
20,818,INDOTHAI,EQ,2779,1686,60.67
20,819,INDRAMEDCO,EQ,95086,53117,55.86
20,820,INDSWFTLAB,EQ,30964,15236,49.21
20,821,INDSWFTLTD,EQ,27882,19112,68.55
20,822,INDTERRAIN,EQ,71207,36135,50.75
20,823,INDUSINDBK,EQ,3909078,1527345,39.07
20,824,INDUSTOWER,EQ,3159956,1789171,56.62
20,825,INEOSSTYRO,EQ,45652,19075,41.78
20,826,INFIBEAM,EQ,1756550,790022,44.98
20,827,INFOBEAN,EQ,20208,11118,55.02
20,828,INFRABEES,EQ,1527,1249,81.79
20,829,INFY,EQ,13040065,8236068,63.16
20,830,INGERRAND,EQ,19992,11504,57.54
20,831,INNOVANA,SM,2000,2000,100.00
20,832,INNOVATIVE,ST,15000,15000,100.00
20,833,INOXLEISUR,EQ,358997,84091,23.42
20,834,INOXWIND,EQ,265480,102190,38.49
20,835,INSECTICID,EQ,59242,43181,72.89
20,836,INSPIRISYS,EQ,8737,4725,54.08
20,837,INTELLECT,EQ,460456,109079,23.69
20,838,INTENTECH,EQ,34511,20522,59.47
20,839,INTLCONV,EQ,198162,109835,55.43
20,840,INVENTURE,EQ,3743139,2299601,61.44
20,841,IOB,EQ,7085512,1504597,21.23
20,842,IOC,EQ,15855279,6472716,40.82
20,843,IOLCP,EQ,182327,62528,34.29
20,844,IONEXCHANG,EQ,6549,3018,46.08
20,845,IPCALAB,EQ,1271410,869398,68.38
20,846,IPL,EQ,59396,25840,43.50
20,847,IRB,EQ,1217740,479326,39.36
20,848,IRBINVIT,IV,1627077,371318,22.82
20,849,IRCON,EQ,492391,269220,54.68
20,850,IRCTC,EQ,2987486,795027,26.61
20,851,IREDA,N5,15,15,100.00
20,852,IREDA,N7,66,66,100.00
20,853,IRFC,EQ,3482555,1626192,46.70
20,854,IRFC,N2,26,15,57.69
20,855,IRFC,N3,1368,1368,100.00
20,856,IRFC,N4,150,150,100.00
20,857,IRFC,N8,71,71,100.00
20,858,IRFC,N9,500,500,100.00
20,859,IRFC,NA,1,1,100.00
20,860,IRFC,NE,65,65,100.00
20,861,IRFC,NI,4,4,100.00
20,862,IRFC,NJ,599,599,100.00
20,863,IRFC,NK,1237,1120,90.54
20,864,IRFC,NO,181,181,100.00
20,865,IRIS,EQ,10310,4377,42.45
20,866,IRISDOREME,EQ,28353,1308,4.61
20,867,ISEC,EQ,819977,402921,49.14
20,868,ISFT,EQ,12333,6998,56.74
20,869,ISGEC,EQ,46318,22792,49.21
20,870,ITBEES,EQ,1922520,1119170,58.21
20,871,ITC,EQ,18420159,8540395,46.36
20,872,ITDC,EQ,15022,6969,46.39
20,873,ITDCEM,EQ,327388,186216,56.88
20,874,ITI,EQ,11314025,505884,4.47
20,875,IVC,EQ,137398,62342,45.37
20,876,IVP,EQ,19332,10006,51.76
20,877,IVZINGOLD,EQ,21,14,66.67
20,878,IVZINNIFTY,EQ,224,1,0.45
20,879,IWEL,EQ,114,35,30.70
20,880,IZMO,EQ,21329,12505,58.63
20,881,JAGRAN,EQ,73465,40102,54.59
20,882,JAGSNPHARM,EQ,46122,19723,42.76
20,883,JAIBALAJI,EQ,22261,14194,63.76
20,884,JAICORPLTD,EQ,2235331,340147,15.22
20,885,JAINAM,SM,16000,8000,50.00
20,886,JAIPURKURT,EQ,181,94,51.93
20,887,JAMNAAUTO,EQ,1716364,722766,42.11
20,888,JASH,EQ,17146,8976,52.35
20,889,JAYAGROGN,EQ,40519,16610,40.99
20,890,JAYBARMARU,EQ,19303,10333,53.53
20,891,JAYNECOIND,EQ,357087,250996,70.29
20,892,JAYSREETEA,EQ,38963,15573,39.97
20,893,JBCHEPHARM,EQ,24283,13411,55.23
20,894,JBFIND,EQ,442033,308544,69.80
20,895,JBMA,EQ,88922,46318,52.09
20,896,JCHAC,EQ,2440,1017,41.68
20,897,JETFREIGHT,EQ,13015,8963,68.87
20,898,JHS,EQ,52693,27629,52.43
20,899,JINDALPHOT,EQ,9545,4855,50.86
20,900,JINDALPOLY,EQ,35578,12015,33.77
20,901,JINDALSAW,EQ,724887,214608,29.61
20,902,JINDALSTEL,EQ,12425196,2526274,20.33
20,903,JINDRILL,EQ,19338,13029,67.38
20,904,JISLDVREQS,EQ,38597,23090,59.82
20,905,JISLJALEQS,EQ,1848468,1043831,56.47
20,906,J&KBANK,EQ,1068056,468938,43.91
20,907,JKCEMENT,EQ,147167,20859,14.17
20,908,JKIL,EQ,551147,216903,39.35
20,909,JKLAKSHMI,EQ,379861,129561,34.11
20,910,JKPAPER,EQ,2523978,484672,19.20
20,911,JKTYRE,EQ,767404,245136,31.94
20,912,JMA,EQ,22293,13185,59.14
20,913,JMCPROJECT,EQ,86674,54442,62.81
20,914,JMFINANCIL,EQ,1014006,392491,38.71
20,915,JOCIL,EQ,10626,4406,41.46
20,916,JPASSOCIAT,EQ,5099169,2434880,47.75
20,917,JPOLYINVST,EQ,1199,676,56.38
20,918,JPPOWER,EQ,30956433,11391473,36.80
20,919,JSL,EQ,2125289,607404,28.58
20,920,JSLHISAR,EQ,517156,154117,29.80
20,921,JSLL,SM,18000,14000,77.78
20,922,JSWENERGY,EQ,1423316,576474,40.50
20,923,JSWHL,EQ,926,361,38.98
20,924,JSWISPL,EQ,4511646,1652414,36.63
20,925,JSWSTEEL,EQ,8178844,1462499,17.88
20,926,JTEKTINDIA,EQ,60969,25907,42.49
20,927,JTLINFRA,EQ,77381,36660,47.38
20,928,JUBLFOOD,EQ,4755358,1063575,22.37
20,929,JUBLINDS,EQ,8883,3763,42.36
20,930,JUBLINGREA,EQ,320451,146592,45.75
20,931,JUBLPHARMA,EQ,79197,24679,31.16
20,932,JUNIORBEES,EQ,132675,93188,70.24
20,933,JUSTDIAL,EQ,266555,39036,14.64
20,934,JYOTHYLAB,EQ,1812619,1456795,80.37
20,935,KABRAEXTRU,EQ,57310,26547,46.32
20,936,KAJARIACER,EQ,138890,67067,48.29
20,937,KAKATCEM,EQ,13889,6999,50.39
20,938,KALPATPOWR,EQ,99856,53559,53.64
20,939,KALYANKJIL,EQ,523012,174079,33.28
20,940,KAMATHOTEL,EQ,112522,58485,51.98
20,941,KAMDHENU,EQ,46541,18515,39.78
20,942,KANORICHEM,EQ,5362,3436,64.08
20,943,KANPRPLA,EQ,7570,4796,63.36
20,944,KANSAINER,EQ,373397,338215,90.58
20,945,KARURVYSYA,EQ,2421934,1315535,54.32
20,946,KAUSHALYA,EQ,35207,35207,100.00
20,947,KAVVERITEL,EQ,17595,9970,56.66
20,948,KAYA,EQ,7117,4509,63.36
20,949,KBCGLOBAL,EQ,11355592,4022719,35.43
20,950,KCP,EQ,125626,78810,62.73
20,951,KCPSUGIND,EQ,889231,249226,28.03
20,952,KDDL,EQ,11718,5050,43.10
20,953,KEC,EQ,265218,204628,77.15
20,954,KECL,EQ,53607,37018,69.05
20,955,KEERTI,EQ,3928,1458,37.12
20,956,KEI,EQ,187345,77371,41.30
20,957,KELLTONTEC,EQ,301607,145629,48.28
20,958,KENNAMET,EQ,6478,3135,48.39
20,959,KESORAMIND,EQ,793020,365279,46.06
20,960,KEYFINSERV,EQ,4055,1933,47.67
20,961,KHADIM,EQ,61043,33932,55.59
20,962,KHAICHEM,EQ,231743,103340,44.59
20,963,KICL,EQ,166,141,84.94
20,964,KILITCH,EQ,1905,934,49.03
20,965,KIMS,EQ,305410,285381,93.44
20,966,KINGFA,EQ,10940,6033,55.15
20,967,KIOCL,EQ,74873,18616,24.86
20,968,KIRIINDUS,EQ,100436,55861,55.62
20,969,KIRLFER,EQ,255221,87972,34.47
20,970,KIRLOSBROS,EQ,29795,23071,77.43
20,971,KIRLOSENG,EQ,134631,62484,46.41
20,972,KIRLOSIND,EQ,5648,921,16.31
20,973,KITEX,EQ,398414,128886,32.35
20,974,KKCL,EQ,108819,65913,60.57
20,975,KMSUGAR,EQ,645498,155766,24.13
20,976,KNAGRI,SM,56000,36800,65.71
20,977,KNRCON,EQ,310571,120095,38.67
20,978,KOKUYOCMLN,EQ,37486,24923,66.49
20,979,KOLTEPATIL,EQ,197656,28030,14.18
20,980,KOPRAN,EQ,87050,43953,50.49
20,981,KOTAKALPHA,EQ,348252,271643,78.00
20,982,KOTAKBANK,EQ,4949829,3020025,61.01
20,983,KOTAKBKETF,EQ,226162,221946,98.14
20,984,KOTAKGOLD,EQ,83958,63538,75.68
20,985,KOTAKIT,EQ,40260,17636,43.81
20,986,KOTAKLOVOL,EQ,2107,1065,50.55
20,987,KOTAKMID50,EQ,964,513,53.22
20,988,KOTAKNIFTY,EQ,41594,19515,46.92
20,989,KOTAKNV20,EQ,12659,10336,81.65
20,990,KOTAKPSUBK,EQ,6248,4348,69.59
20,991,KOTARISUG,EQ,289526,85469,29.52
20,992,KOTHARIPET,EQ,90430,38292,42.34
20,993,KOTYARK,SM,3200,2400,75.00
20,994,KOVAI,EQ,1055,782,74.12
20,995,KPIGREEN,EQ,40917,16889,41.28
20,996,KPITTECH,EQ,1072712,456189,42.53
20,997,KPRMILL,EQ,662242,514159,77.64
20,998,KRBL,EQ,947836,148671,15.69
20,999,KREBSBIO,EQ,12045,7089,58.85
20,1000,KRIDHANINF,EQ,83296,62388,74.90
20,1001,KRISHANA,EQ,25045,15420,61.57
20,1002,KRISHIVAL,SM,12000,12000,100.00
20,1003,KRISHNADEF,SM,30000,21000,70.00
20,1004,KRITI,EQ,86010,30953,35.99
20,1005,KRITIKA,EQ,4566,3623,79.35
20,1006,KRSNAA,EQ,50977,10986,21.55
20,1007,KSB,EQ,57156,30833,53.95
20,1008,KSCL,EQ,65049,18142,27.89
20,1009,KSHITIJPOL,SM,4666,4666,100.00
20,1010,KSL,EQ,16952,9882,58.29
20,1011,KSOLVES,SM,9200,7600,82.61
20,1012,KTKBANK,EQ,597526,258066,43.19
20,1013,KUANTUM,EQ,19842,11745,59.19
20,1014,LAGNAM,EQ,26811,15396,57.42
20,1015,LALPATHLAB,EQ,1167603,347739,29.78
20,1016,LAMBODHARA,EQ,14554,7876,54.12
20,1017,LANCER,EQ,31363,15127,48.23
20,1018,LAOPALA,EQ,153759,39504,25.69
20,1019,LASA,EQ,49787,30606,61.47
20,1020,LATENTVIEW,EQ,574507,147824,25.73
20,1021,LAURUSLABS,EQ,1414051,594403,42.04
20,1022,LAXMICOT,EQ,6528,5379,82.40
20,1023,LAXMIMACH,EQ,5924,2235,37.73
20,1024,LCCINFOTEC,EQ,115699,83654,72.30
20,1025,LEMERITE,SM,33600,25600,76.19
20,1026,LEMONTREE,EQ,4204499,1411504,33.57
20,1027,LEXUS,SM,9000,7000,77.78
20,1028,LFIC,EQ,1312,1040,79.27
20,1029,LGBBROSLTD,EQ,47333,21500,45.42
20,1030,LGBFORGE,EQ,506854,307732,60.71
20,1031,LIBAS,EQ,687145,121263,17.65
20,1032,LIBERTSHOE,EQ,62965,16996,26.99
20,1033,LICHSGFIN,EQ,2791816,835118,29.91
20,1034,LICI,EQ,2796468,861111,30.79
20,1035,LICNETFGSC,EQ,20271,7220,35.62
20,1036,LICNETFN50,EQ,671,371,55.29
20,1037,LICNETFSEN,EQ,510,438,85.88
20,1038,LICNFNHGP,EQ,2058,1517,73.71
20,1039,LIKHITHA,EQ,21011,13092,62.31
20,1040,LINC,EQ,2779,1369,49.26
20,1041,LINCOLN,EQ,61195,50523,82.56
20,1042,LINDEINDIA,EQ,56231,14243,25.33
20,1043,LIQUIDBEES,EQ,1576834,1193058,75.66
20,1044,LIQUIDETF,EQ,12298,11664,94.84
20,1045,LODHA,EQ,280081,168046,60.00
20,1046,LOKESHMACH,EQ,62574,44038,70.38
20,1047,LOTUSEYE,EQ,10564,5481,51.88
20,1048,LOVABLE,EQ,20951,11105,53.00
20,1049,LPDC,EQ,37681,26701,70.86
20,1050,LSIL,EQ,6769187,2573710,38.02
20,1051,LT,EQ,3578710,2169664,60.63
20,1052,L&TFH,EQ,8145007,1412593,17.34
20,1053,L&TFINANCE,NC,130,77,59.23
20,1054,L&TFINANCE,NE,3,3,100.00
20,1055,L&TFINANCE,NG,15,15,100.00
20,1056,L&TFINANCE,NO,87,69,79.31
20,1057,L&TFINANCE,NU,387,200,51.68
20,1058,L&TFINANCE,NY,5,5,100.00
20,1059,L&TFINANCE,Y5,673,519,77.12
20,1060,L&TFINANCE,Y7,50,50,100.00
20,1061,LTGILTBEES,EQ,8946,8379,93.66
20,1062,LTI,EQ,480870,136040,28.29
20,1063,LTTS,EQ,432179,113323,26.22
20,1064,LUMAXIND,EQ,69444,23159,33.35
20,1065,LUMAXTECH,EQ,88411,49809,56.34
20,1066,LUPIN,EQ,982546,224048,22.80
20,1067,LUXIND,EQ,25852,9558,36.97
20,1068,LXCHEM,EQ,381656,142496,37.34
20,1069,LYKALABS,EQ,95118,54880,57.70
20,1070,LYPSAGEMS,EQ,47477,12177,25.65
20,1071,M17RD,MF,30020,30010,99.97
20,1072,MAANALU,EQ,18955,9507,50.16
20,1073,MACPOWER,EQ,5708,3713,65.05
20,1074,MADHAV,EQ,3242,1900,58.61
20,1075,MADHAVBAUG,SM,4800,4800,100.00
20,1076,MADRASFERT,EQ,503799,189885,37.69
20,1077,MAESGETF,EQ,8067,3211,39.80
20,1078,MAFANG,EQ,642574,491333,76.46
20,1079,MAFSETF,EQ,106879,66144,61.89
20,1080,MAGADSUGAR,EQ,214360,46669,21.77
20,1081,MAGNUM,EQ,20000,14548,72.74
20,1082,MAHABANK,EQ,3617348,1327164,36.69
20,1083,MAHAPEXLTD,EQ,1443,643,44.56
20,1084,MAHASTEEL,EQ,7642,3877,50.73
20,1085,MAHEPC,EQ,18662,10584,56.71
20,1086,MAHESHWARI,EQ,29373,11985,40.80
20,1087,MAHICKRA,SM,1500,1500,100.00
20,1088,MAHINDCIE,EQ,851936,462365,54.27
20,1089,MAHKTECH,EQ,168541,159746,94.78
20,1090,MAHLIFE,EQ,242068,104986,43.37
20,1091,MAHLOG,EQ,57522,19934,34.65
20,1092,MAHSCOOTER,EQ,4121,3035,73.65
20,1093,MAHSEAMLES,EQ,76961,43795,56.91
20,1094,MAITHANALL,EQ,160744,77142,47.99
20,1095,MALLCOM,EQ,484,281,58.06
20,1096,MALUPAPER,EQ,225137,53077,23.58
20,1097,MAM150ETF,EQ,24411,19427,79.58
20,1098,MAMFGETF,EQ,187922,187900,99.99
20,1099,MAN50ETF,EQ,475215,471721,99.26
20,1100,MANAKALUCO,EQ,44364,33098,74.61
20,1101,MANAKCOAT,EQ,41800,27343,65.41
20,1102,MANAKSIA,EQ,89956,41037,45.62
20,1103,MANAKSTEEL,EQ,222675,85718,38.49
20,1104,MANALIPETC,EQ,1587757,511358,32.21
20,1105,MANAPPURAM,EQ,7183575,2026390,28.21
20,1106,MANGALAM,EQ,80026,50786,63.46
20,1107,MANGCHEFER,EQ,1046115,477095,45.61
20,1108,MANGLMCEM,EQ,49172,29994,61.00
20,1109,MANINDS,EQ,99620,46056,46.23
20,1110,MANINFRA,EQ,402390,151492,37.65
20,1111,MANORG,EQ,12750,6058,47.51
20,1112,MANUGRAPH,EQ,3330,3191,95.83
20,1113,MANXT50,EQ,10216,3488,34.14
20,1114,MANYAVAR,EQ,122430,59733,48.79
20,1115,MAPMYINDIA,EQ,96091,26698,27.78
20,1116,MARALOVER,EQ,17103,14167,82.83
20,1117,MARATHON,EQ,59098,28122,47.59
20,1118,MARICO,EQ,1753281,1028809,58.68
20,1119,MARINE,EQ,80929,56058,69.27
20,1120,MARKSANS,EQ,786555,384370,48.87
20,1121,MARSHALL,EQ,10248,5662,55.25
20,1122,MARUTI,EQ,476799,114559,24.03
20,1123,MASFIN,EQ,29074,14856,51.10
20,1124,MASPTOP50,EQ,28514,27036,94.82
20,1125,MASTEK,EQ,64628,24677,38.18
20,1126,MATRIMONY,EQ,8962,4828,53.87
20,1127,MAWANASUG,EQ,510060,151370,29.68
20,1128,MAXHEALTH,EQ,363640,158000,43.45
20,1129,MAXIND,EQ,43891,31936,72.76
20,1130,MAXVIL,EQ,43835,29094,66.37
20,1131,MAYURUNIQ,EQ,65539,22945,35.01
20,1132,MAZDA,EQ,8330,4226,50.73
20,1133,MAZDOCK,EQ,408628,127898,31.30
20,1134,MBAPL,EQ,71452,51609,72.23
20,1135,MBLINFRA,EQ,94288,51474,54.59
20,1136,MCDOWELL-N,EQ,1665004,844174,50.70
20,1137,MCLEODRUSS,EQ,153413,89463,58.32
20,1138,MCX,EQ,362750,81708,22.52
20,1139,MEDICAMEQ,EQ,25530,15395,60.30
20,1140,MEDICO,EQ,12117,8689,71.71
20,1141,MEDPLUS,EQ,145727,52648,36.13
20,1142,MEGASOFT,EQ,105989,92714,87.48
20,1143,MEGASTAR,EQ,16685,9546,57.21
20,1144,MENONBE,EQ,41369,17613,42.58
20,1145,MEP,EQ,299423,207589,69.33
20,1146,METROBRAND,EQ,93880,47512,50.61
20,1147,METROPOLIS,EQ,964415,210355,21.81
20,1148,MFL,EQ,151160,47496,31.42
20,1149,MFSL,EQ,710118,157413,22.17
20,1150,MGEL,EQ,97912,46366,47.35
20,1151,MGL,EQ,241264,69154,28.66
20,1152,MHHL,SM,15000,15000,100.00
20,1153,MHLXMIRU,EQ,4970,1878,37.79
20,1154,MHRIL,EQ,409053,204746,50.05
20,1155,MID150BEES,EQ,194784,118247,60.71
20,1156,MIDHANI,EQ,133257,52028,39.04
20,1157,MINDACORP,EQ,691550,184646,26.70
20,1158,MINDAIND,EQ,533262,150800,28.28
20,1159,MINDSPACE,RR,137545,90703,65.94
20,1160,MINDTECK,EQ,64984,26039,40.07
20,1161,MINDTREE,EQ,846931,201799,23.83
20,1162,MIRCELECTR,EQ,848077,651138,76.78
20,1163,MIRZAINT,EQ,606163,320365,52.85
20,1164,MITCON,EQ,12257,6754,55.10
20,1165,MITTAL,EQ,31175,17148,55.01
20,1166,MKPL,SM,16000,16000,100.00
20,1167,M&M,EQ,2384886,1117131,46.84
20,1168,M&MFIN,EQ,5005311,1700156,33.97
20,1169,M&MFIN,N1,191,191,100.00
20,1170,M&MFIN,N2,339,334,98.53
20,1171,MMFL,EQ,36975,26721,72.27
20,1172,MMP,EQ,22767,8712,38.27
20,1173,MMTC,EQ,1208666,315071,26.07
20,1174,MODISNME,EQ,24238,13572,55.99
20,1175,MOGSEC,EQ,2117,2100,99.20
20,1176,MOHITIND,EQ,75131,48005,63.90
20,1177,MOIL,EQ,341421,60379,17.68
20,1178,MOKSH,EQ,93428,63492,67.96
20,1179,MOL,EQ,2547017,691156,27.14
20,1180,MOLDTECH,EQ,147828,36221,24.50
20,1181,MOLDTKPAC,EQ,40263,13106,32.55
20,1182,MOLOWVOL,EQ,229,182,79.48
20,1183,MOM100,EQ,104916,80164,76.41
20,1184,MOM50,EQ,693,310,44.73
20,1185,MOMOMENTUM,EQ,6464,5218,80.72
20,1186,MON100,EQ,429178,315094,73.42
20,1187,MONARCH,EQ,37247,15298,41.07
20,1188,MONQ50,EQ,7423,4416,59.49
20,1189,MONTECARLO,EQ,20615,11440,55.49
20,1190,MOREPENLAB,EQ,810798,317041,39.10
20,1191,MOTHERSUMI,EQ,7212399,2073938,28.76
20,1192,MOTILALOFS,EQ,200315,75515,37.70
20,1193,MOTOGENFIN,EQ,4920,3980,80.89
20,1194,MPHASIS,EQ,479355,212748,44.38
20,1195,MPSLTD,EQ,14173,10790,76.13
20,1196,MRF,EQ,9279,2468,26.60
20,1197,MRO-TEK,EQ,53223,23559,44.26
20,1198,MRPL,EQ,19802871,6332420,31.98
20,1199,MSPL,EQ,434205,257408,59.28
20,1200,MSTCLTD,EQ,316805,130038,41.05
20,1201,MSUMI,EQ,4228760,2467788,58.36
20,1202,MTARTECH,EQ,81506,35204,43.19
20,1203,MTEDUCARE,EQ,308802,166880,54.04
20,1204,MTNL,EQ,1208294,363476,30.08
20,1205,MUKANDLTD,EQ,48104,32401,67.36
20,1206,MUNJALAU,EQ,43420,18837,43.38
20,1207,MUNJALSHOW,EQ,10645,4844,45.50
20,1208,MURUDCERA,EQ,58247,25204,43.27
20,1209,MUTHOOTCAP,EQ,20064,11223,55.94
20,1210,MUTHOOTFIN,EQ,517117,132688,25.66
20,1211,NABARD,N2,1578,1468,93.03
20,1212,NACLIND,EQ,65510,38858,59.32
20,1213,NAGREEKEXP,EQ,22963,19837,86.39
20,1214,NAHARCAP,EQ,36792,16457,44.73
20,1215,NAHARINDUS,EQ,168325,79864,47.45
20,1216,NAHARPOLY,EQ,47002,27246,57.97
20,1217,NAM-INDIA,EQ,623930,267826,42.93
20,1218,NARMADA,SM,7200,7200,100.00
20,1219,NATCOPHARM,EQ,322106,261709,81.25
20,1220,NATHBIOGEN,EQ,24024,12778,53.19
20,1221,NATIONALUM,EQ,22578723,2304899,10.21
20,1222,NAUKRI,EQ,583822,178505,30.58
20,1223,NAVINFLUOR,EQ,215248,76432,35.51
20,1224,NAVKARCORP,EQ,1201422,442035,36.79
20,1225,NAVNETEDUL,EQ,239919,144182,60.10
20,1226,NAZARA,EQ,136907,43054,31.45
20,1227,NBCC,EQ,5881828,1576678,26.81
20,1228,NBIFIN,EQ,51433,50828,98.82
20,1229,NBVENTURES,EQ,1273127,395958,31.10
20,1230,NCC,EQ,2573661,1366790,53.11
20,1231,NCLIND,EQ,76166,43117,56.61
20,1232,NDGL,EQ,66,18,27.27
20,1233,NDL,EQ,81045,50190,61.93
20,1234,NDRAUTO,EQ,90382,78286,86.62
20,1235,NDTV,EQ,59199,31512,53.23
20,1236,NECCLTD,EQ,91608,45818,50.02
20,1237,NECLIFE,EQ,165099,64130,38.84
20,1238,NELCAST,EQ,53921,32131,59.59
20,1239,NELCO,EQ,55263,30624,55.42
20,1240,NEOGEN,EQ,35887,15258,42.52
20,1241,NESCO,EQ,23689,9001,38.00
20,1242,NESTLEIND,EQ,105581,51597,48.87
20,1243,NETF,EQ,722,515,71.33
20,1244,NETWORK18,EQ,1805876,764839,42.35
20,1245,NEULANDLAB,EQ,39872,19997,50.15
20,1246,NEWGEN,EQ,161373,94168,58.35
20,1247,NFL,EQ,1822388,309491,16.98
20,1248,NGIL,EQ,14333,10939,76.32
20,1249,NH,EQ,106136,32512,30.63
20,1250,NHAI,N2,1579,1579,100.00
20,1251,NHAI,N6,760,710,93.42
20,1252,NHAI,N8,57,57,100.00
20,1253,NHAI,N9,1,1,100.00
20,1254,NHAI,NA,1691,1646,97.34
20,1255,NHAI,NE,455,455,100.00
20,1256,NHBTF2023,N6,2,2,100.00
20,1257,NHPC,EQ,8489342,3145810,37.06
20,1258,NHPC,N5,100,50,50.00
20,1259,NHPC,N6,1101,1100,99.91
20,1260,NIACL,EQ,306968,112452,36.63
20,1261,NIBL,EQ,2956,2078,70.30
20,1262,NIDAN,SM,6000,4000,66.67
20,1263,NIF100BEES,EQ,8385,7416,88.44
20,1264,NIFTYBEES,EQ,3043887,1253456,41.18
20,1265,NIITLTD,EQ,704484,269509,38.26
20,1266,NILAINFRA,EQ,146563,92763,63.29
20,1267,NILKAMAL,EQ,5042,2053,40.72
20,1268,NIPPOBATRY,EQ,1811,1127,62.23
20,1269,NIRAJ,EQ,2980,1563,52.45
20,1270,NITCO,EQ,52887,33036,62.47
20,1271,NITINSPIN,EQ,176437,102112,57.87
20,1272,NITIRAJ,EQ,4327,1595,36.86
20,1273,NKIND,EQ,879,783,89.08
20,1274,NLCINDIA,EQ,6003266,1073166,17.88
20,1275,NMDC,EQ,14656422,4658702,31.79
20,1276,NOCIL,EQ,688905,196478,28.52
20,1277,NOIDATOLL,EQ,268653,145153,54.03
20,1278,NOVARTIND,EQ,7158,5296,73.99
20,1279,NPBET,EQ,1591,1209,75.99
20,1280,NPST,SM,4800,4800,100.00
20,1281,NRAIL,EQ,4745,2358,49.69
20,1282,NRBBEARING,EQ,73269,40390,55.13
20,1283,NRL,SM,31900,30800,96.55
20,1284,NSIL,EQ,1523,912,59.88
20,1285,NTPC,EQ,22698086,12301272,54.20
20,1286,NTPC,N3,1,1,100.00
20,1287,NTPC,N4,78,78,100.00
20,1288,NTPC,N5,500,300,60.00
20,1289,NTPC,N6,555,555,100.00
20,1290,NTPC,N7,21054,18753,89.07
20,1291,NTPC,ND,799,698,87.36
20,1292,NUCLEUS,EQ,16713,7848,46.96
20,1293,NURECA,EQ,4406,1824,41.40
20,1294,NUVOCO,EQ,169388,100790,59.50
20,1295,NV20BEES,EQ,5989,5742,95.88
20,1296,NXTDIGITAL,EQ,3486,1366,39.19
20,1297,NYKAA,EQ,508461,82967,16.32
20,1298,OAL,EQ,10170,2593,25.50
20,1299,OBCL,EQ,20405,12026,58.94
20,1300,OBEROIRLTY,EQ,720584,167699,23.27
20,1301,OCCL,EQ,7677,5349,69.68
20,1302,OFSS,EQ,57140,21377,37.41
20,1303,OIL,EQ,417949,172513,41.28
20,1304,OLECTRA,EQ,203633,120900,59.37
20,1305,OMAXAUTO,EQ,16430,8575,52.19
20,1306,OMAXE,EQ,473530,156923,33.14
20,1307,OMINFRAL,EQ,60410,33407,55.30
20,1308,OMKARCHEM,EQ,58175,35841,61.61
20,1309,ONELIFECAP,EQ,8460,7005,82.80
20,1310,ONEPOINT,EQ,82124,60569,73.75
20,1311,ONGC,EQ,12824105,4935828,38.49
20,1312,ONMOBILE,EQ,1708254,391486,22.92
20,1313,ONWARDTEC,EQ,30147,16761,55.60
20,1314,OPTIEMUS,EQ,229050,106607,46.54
20,1315,ORBTEXP,EQ,28650,15450,53.93
20,1316,ORICONENT,EQ,74397,36431,48.97
20,1317,ORIENTABRA,EQ,55461,31127,56.12
20,1318,ORIENTALTL,EQ,147391,78257,53.09
20,1319,ORIENTBELL,EQ,66262,31651,47.77
20,1320,ORIENTCEM,EQ,799657,384335,48.06
20,1321,ORIENTELEC,EQ,97293,35353,36.34
20,1322,ORIENTHOT,EQ,173960,66104,38.00
20,1323,ORIENTLTD,EQ,2095,1320,63.01
20,1324,ORIENTPPR,EQ,1682346,724615,43.07
20,1325,ORTINLAB,EQ,55636,19533,35.11
20,1326,OSIAHYPER,SM,12800,2400,18.75
20,1327,OSWALAGRO,EQ,207725,153001,73.66
20,1328,OSWALSEEDS,SM,4000,4000,100.00
20,1329,PAGEIND,EQ,50699,18213,35.92
20,1330,PAISALO,EQ,32608,19323,59.26
20,1331,PANACEABIO,EQ,58606,28937,49.38
20,1332,PANAMAPET,EQ,83499,44976,53.86
20,1333,PAR,EQ,13329,8296,62.24
20,1334,PARACABLES,EQ,128901,81425,63.17
20,1335,PARAGMILK,EQ,287363,131534,45.77
20,1336,PARAS,EQ,58191,14846,25.51
20,1337,PARSVNATH,EQ,699257,408495,58.42
20,1338,PASUPTAC,EQ,96920,66111,68.21
20,1339,PATELENG,EQ,1907219,1061582,55.66
20,1340,PATINTLOG,EQ,87983,55637,63.24
20,1341,PATINTPP,E1,57340,45543,79.43
20,1342,PAYTM,EQ,5162570,566633,10.98
20,1343,PBAINFRA,EQ,2824,2319,82.12
20,1344,PCBL,EQ,1006298,453916,45.11
20,1345,PCHFL,N2,875,675,77.14
20,1346,PCHFL,N4,551,503,91.29
20,1347,PCHFL,N6,10,10,100.00
20,1348,PCHFL,NA,665,665,100.00
20,1349,PCJEWELLER,EQ,507146,267546,52.76
20,1350,PDMJEPAPER,EQ,532076,148745,27.96
20,1351,PDSL,EQ,3516,1859,52.87
20,1352,PEARLPOLY,EQ,33329,16106,48.32
20,1353,PEL,EQ,538301,183875,34.16
20,1354,PENIND,EQ,343972,160175,46.57
20,1355,PERSISTENT,EQ,341272,96757,28.35
20,1356,PETRONET,EQ,2327650,1122358,48.22
20,1357,PFC,EQ,5150922,1841862,35.76
20,1358,PFC,N3,22,22,100.00
20,1359,PFC,N5,8,4,50.00
20,1360,PFC,N8,187,135,72.19
20,1361,PFIZER,EQ,27895,6706,24.04
20,1362,PFOCUS,EQ,22504,16351,72.66
20,1363,PFS,EQ,414800,255378,61.57
20,1364,PGEL,EQ,58740,23112,39.35
20,1365,PGHH,EQ,2551,1116,43.75
20,1366,PGHL,EQ,2769,1409,50.88
20,1367,PGIL,EQ,32351,16317,50.44
20,1368,PGINVIT,IV,216414,203604,94.08
20,1369,PHARMABEES,EQ,203314,155373,76.42
20,1370,PHOENIXLTD,EQ,94809,56228,59.31
20,1371,PIDILITIND,EQ,393960,143581,36.45
20,1372,PIIND,EQ,156973,48956,31.19
20,1373,PILANIINVS,EQ,1614,688,42.63
20,1374,PILITA,EQ,460412,266214,57.82
20,1375,PIONDIST,EQ,4856,1387,28.56
20,1376,PIONEEREMB,EQ,35783,23762,66.41
20,1377,PITTIENG,EQ,219081,67860,30.97
20,1378,PIXTRANS,EQ,7949,5272,66.32
20,1379,PLASTIBLEN,EQ,5126,3432,66.95
20,1380,PNB,EQ,43717993,9902415,22.65
20,1381,PNBGILTS,EQ,176295,90441,51.30
20,1382,PNBHOUSING,EQ,57900,19697,34.02
20,1383,PNCINFRA,EQ,279608,190175,68.01
20,1384,PODDARHOUS,EQ,1757,926,52.70
20,1385,PODDARMENT,EQ,4760,2912,61.18
20,1386,POKARNA,EQ,42538,19321,45.42
20,1387,POLICYBZR,EQ,708198,244439,34.52
20,1388,POLYCAB,EQ,230882,89416,38.73
20,1389,POLYMED,EQ,63844,35069,54.93
20,1390,POLYPLEX,EQ,564681,161570,28.61
20,1391,PONNIERODE,EQ,45263,18614,41.12
20,1392,POONAWALLA,EQ,5081907,1270011,24.99
20,1393,POWERGRID,EQ,10612841,6130541,57.77
20,1394,POWERINDIA,EQ,36968,18861,51.02
20,1395,POWERMECH,EQ,90207,46840,51.93
20,1396,PPAP,EQ,7120,3665,51.47
20,1397,PPL,EQ,143167,61326,42.84
20,1398,PRAJIND,EQ,2820442,780329,27.67
20,1399,PRAKASH,EQ,1489670,504995,33.90
20,1400,PRAKASHSTL,EQ,1521363,920145,60.48
20,1401,PRAXIS,EQ,5522,3210,58.13
20,1402,PRECAM,EQ,102477,47716,46.56
20,1403,PRECISION,SM,14000,8000,57.14
20,1404,PRECOT,EQ,12993,7517,57.85
20,1405,PRECWIRE,EQ,64202,46021,71.68
20,1406,PREMIERPOL,EQ,24739,12823,51.83
20,1407,PRESSMN,EQ,56353,41332,73.34
20,1408,PRESTIGE,EQ,522945,224805,42.99
20,1409,PRICOLLTD,EQ,1186559,669229,56.40
20,1410,PRIMESECU,EQ,147323,107883,73.23
20,1411,PRINCEPIPE,EQ,198705,87247,43.91
20,1412,PRITI,EQ,56497,33613,59.50
20,1413,PRITIKAUTO,EQ,110269,68889,62.47
20,1414,PRIVISCL,EQ,70211,45719,65.12
20,1415,PROPEQUITY,SM,24000,16800,70.00
20,1416,PROZONINTU,EQ,74472,59456,79.84
20,1417,PRSMJOHNSN,EQ,134143,52605,39.22
20,1418,PRUDENT,EQ,113670,25772,22.67
20,1419,PSB,EQ,212848,110012,51.69
20,1420,PSPPROJECT,EQ,73342,29388,40.07
20,1421,PSUBNKBEES,EQ,1033242,528806,51.18
20,1422,PTC,EQ,632596,349213,55.20
20,1423,PTL,EQ,50914,30045,59.01
20,1424,PUNJABCHEM,EQ,8632,5713,66.18
20,1425,PURVA,EQ,69590,36567,52.55
20,1426,PVR,EQ,563978,129158,22.90
20,1427,QGOLDHALF,EQ,4538,2975,65.56
20,1428,QNIFTY,EQ,70,29,41.43
20,1429,QUADPRO,SM,6000,6000,100.00
20,1430,QUESS,EQ,122458,42356,34.59
20,1431,QUICKHEAL,EQ,95023,47178,49.65
20,1432,RADICO,EQ,152607,69327,45.43
20,1433,RADIOCITY,EQ,106828,82677,77.39
20,1434,RAILTEL,EQ,974886,280478,28.77
20,1435,RAIN,EQ,1741557,402016,23.08
20,1436,RAINBOW,EQ,545714,232746,42.65
20,1437,RAJESHEXPO,EQ,60107,16086,26.76
20,1438,RAJMET,EQ,40952,10467,25.56
20,1439,RAJRATAN,EQ,82573,50507,61.17
20,1440,RAJSREESUG,EQ,91705,42155,45.97
20,1441,RAJTV,EQ,4038,2636,65.28
20,1442,RALLIS,EQ,1268779,1080280,85.14
20,1443,RAMANEWS,EQ,44713,33775,75.54
20,1444,RAMASTEEL,EQ,77415,27585,35.63
20,1445,RAMCOCEM,EQ,405647,92647,22.84
20,1446,RAMCOIND,EQ,66912,42404,63.37
20,1447,RAMCOSYS,EQ,102442,39071,38.14
20,1448,RAMKY,EQ,40905,21055,51.47
20,1449,RANASUG,EQ,1513352,486921,32.17
20,1450,RANEENGINE,EQ,3812,1182,31.01
20,1451,RANEHOLDIN,EQ,4364,2777,63.63
20,1452,RATEGAIN,EQ,375535,164449,43.79
20,1453,RATNAMANI,EQ,14686,8415,57.30
20,1454,RAYMOND,EQ,822488,157556,19.16
20,1455,RBA,EQ,674272,302016,44.79
20,1456,RBL,EQ,7414,4100,55.30
20,1457,RBLBANK,EQ,15301370,2187918,14.30
20,1458,RCF,EQ,5121900,1067137,20.83
20,1459,RECLTD,EQ,3939667,1563662,39.69
20,1460,RECLTD,N1,380,380,100.00
20,1461,RECLTD,N8,79,79,100.00
20,1462,RECLTD,N9,221,216,97.74
20,1463,RECLTD,NE,800,800,100.00
20,1464,RECLTD,NF,50,50,100.00
20,1465,RECLTD,NI,100,100,100.00
20,1466,REDINGTON,EQ,2452151,988195,40.30
20,1467,REFEX,EQ,73712,37961,51.50
20,1468,RELAXO,EQ,132834,55916,42.09
20,1469,RELCHEMQ,EQ,7917,4921,62.16
20,1470,RELIANCE,EQ,8252551,3568836,43.25
20,1471,RELIGARE,EQ,683708,240218,35.13
20,1472,RELINFRA,EQ,1414181,647493,45.79
20,1473,REMSONSIND,EQ,5195,2377,45.76
20,1474,RENUKA,EQ,29627632,5663177,19.11
20,1475,REPCOHOME,EQ,233138,129758,55.66
20,1476,REPL,EQ,21951,14124,64.34
20,1477,REPRO,EQ,77636,40519,52.19
20,1478,RESPONIND,EQ,130651,10036,7.68
20,1479,REVATHI,EQ,2725,1669,61.25
20,1480,REXPIPES,SM,4000,4000,100.00
20,1481,RGL,EQ,33318,4016,12.05
20,1482,RHFL,EQ,416353,316984,76.13
20,1483,RHFL,N6,1293,1293,100.00
20,1484,RHFL,N8,272,272,100.00
20,1485,RHIM,EQ,356931,99852,27.98
20,1486,RICHA,SM,5000,0,0.00
20,1487,RICOAUTO,EQ,154349,77201,50.02
20,1488,RIIL,EQ,2185798,226690,10.37
20,1489,RITCO,EQ,33744,25794,76.44
20,1490,RITES,EQ,128284,75157,58.59
20,1491,RKEC,EQ,11922,9202,77.19
20,1492,RKFORGE,EQ,158777,69598,43.83
20,1493,RML,EQ,10936,5711,52.22
20,1494,ROHLTD,EQ,29795,12368,41.51
20,1495,ROLEXRINGS,EQ,45208,18206,40.27
20,1496,ROLLT,EQ,456026,293071,64.27
20,1497,ROLTA,EQ,125718,86163,68.54
20,1498,ROSSARI,EQ,29866,18345,61.42
20,1499,ROSSELLIND,EQ,34432,18053,52.43
20,1500,ROTO,EQ,45492,26932,59.20
20,1501,ROUTE,EQ,376263,111609,29.66
20,1502,RPGLIFE,EQ,16198,9214,56.88
20,1503,RPOWER,EQ,16053316,6727177,41.91
20,1504,RPPINFRA,EQ,32102,18468,57.53
20,1505,RPPL,EQ,10087,5279,52.33
20,1506,RPSGVENT,EQ,23718,10065,42.44
20,1507,RSSOFTWARE,EQ,68287,35779,52.40
20,1508,RSWM,EQ,102274,45485,44.47
20,1509,RSYSTEMS,EQ,113374,43488,38.36
20,1510,RTNINDIA,EQ,2087871,1158288,55.48
20,1511,RTNPOWER,EQ,16013056,9141573,57.09
20,1512,RUBYMILLS,EQ,28573,10797,37.79
20,1513,RUCHIRA,EQ,159834,55807,34.92
20,1514,RUPA,EQ,3393734,796942,23.48
20,1515,RUSHIL,EQ,52527,21461,40.86
20,1516,RVNL,EQ,1062196,420967,39.63
20,1517,SABEVENTS,EQ,1289,1201,93.17
20,1518,SADBHAV,EQ,627309,319076,50.86
20,1519,SAFARI,EQ,9680,6933,71.62
20,1520,SAGARDEEP,EQ,24587,20613,83.84
20,1521,SAGCEM,EQ,28388,15442,54.40
20,1522,SAIL,EQ,66187950,13616555,20.57
20,1523,SAKAR,EQ,38414,19135,49.81
20,1524,SAKHTISUG,EQ,129909,85467,65.79
20,1525,SAKSOFT,EQ,77672,17386,22.38
20,1526,SAKUMA,EQ,446188,257689,57.75
20,1527,SALASAR,EQ,130211,38058,29.23
20,1528,SALONA,EQ,4614,2445,52.99
20,1529,SALSTEEL,EQ,101160,67488,66.71
20,1530,SALZERELEC,EQ,27793,18705,67.30
20,1531,SAMBHAAV,EQ,170567,99994,58.62
20,1532,SANCO,EQ,7939,5756,72.50
20,1533,SANDESH,EQ,1693,851,50.27
20,1534,SANDHAR,EQ,23038,13266,57.58
20,1535,SANGAMIND,EQ,71173,33304,46.79
20,1536,SANGHIIND,EQ,488362,249121,51.01
20,1537,SANGHVIMOV,EQ,261396,140412,53.72
20,1538,SANGINITA,EQ,18633,13796,74.04
20,1539,SANOFI,EQ,7970,4732,59.37
20,1540,SANSERA,EQ,42112,12193,28.95
20,1541,SAPPHIRE,EQ,188554,65122,34.54
20,1542,SARDAEN,EQ,125941,47330,37.58
20,1543,SAREGAMA,EQ,111296,55930,50.25
20,1544,SARLAPOLY,EQ,214865,112936,52.56
20,1545,SARVESHWAR,SM,4800,4800,100.00
20,1546,SASKEN,EQ,7839,4206,53.65
20,1547,SASTASUNDR,EQ,45596,23507,51.55
20,1548,SATIA,EQ,443245,133471,30.11
20,1549,SATIN,EQ,100940,61896,61.32
20,1550,SBC,EQ,767283,478129,62.31
20,1551,SBCL,EQ,52776,32956,62.45
20,1552,SBICARD,EQ,846867,325668,38.46
20,1553,SBIETFCON,EQ,5223,2256,43.19
20,1554,SBIETFIT,EQ,20514,4580,22.33
20,1555,SBIETFPB,EQ,1009,781,77.40
20,1556,SBIETFQLTY,EQ,7052,3530,50.06
20,1557,SBILIFE,EQ,1177148,443475,37.67
20,1558,SBIN,EQ,17055257,6310397,37.00
20,1559,SCHAEFFLER,EQ,55828,26355,47.21
20,1560,SCHAND,EQ,65010,40911,62.93
20,1561,SCHNEIDER,EQ,582491,162760,27.94
20,1562,SCI,EQ,838405,260383,31.06
20,1563,SDL24BEES,EQ,38,27,71.05
20,1564,SDL26BEES,EQ,125,120,96.00
20,1565,SEAMECLTD,EQ,14740,3753,25.46
20,1566,SECL,SM,6000,6000,100.00
20,1567,SECURCRED,SM,1260,1260,100.00
20,1568,SECURKLOUD,EQ,65549,42681,65.11
20,1569,SELAN,EQ,55251,30793,55.73
20,1570,SEPC,EQ,422378,284698,67.40
20,1571,SEPOWER,EQ,1290725,1275109,98.79
20,1572,SEQUENT,EQ,8036869,1654617,20.59
20,1573,SERVOTECH,EQ,63767,57033,89.44
20,1574,SESHAPAPER,EQ,101278,34475,34.04
20,1575,SETCO,EQ,32631,19373,59.37
20,1576,SETF10GILT,EQ,116,103,88.79
20,1577,SETFGOLD,EQ,518744,416512,80.29
20,1578,SETFNIF50,EQ,144332,92210,63.89
20,1579,SETFNIFBK,EQ,755078,685305,90.76
20,1580,SETFNN50,EQ,33402,22554,67.52
20,1581,SFL,EQ,31297,16767,53.57
20,1582,SGBAPR28I,GB,214,181,84.58
20,1583,SGBAUG24,GB,180,176,97.78
20,1584,SGBAUG27,GB,44,30,68.18
20,1585,SGBAUG28V,GB,878,740,84.28
20,1586,SGBAUG29V,GB,194,185,95.36
20,1587,SGBD29VIII,GB,156,151,96.79
20,1588,SGBDC27VII,GB,23,23,100.00
20,1589,SGBDEC25,GB,1,1,100.00
20,1590,SGBDEC2512,GB,10,10,100.00
20,1591,SGBFEB24,GB,36,26,72.22
20,1592,SGBFEB28IX,GB,8,3,37.50
20,1593,SGBFEB29XI,GB,81,50,61.73
20,1594,SGBJ28VIII,GB,7,7,100.00
20,1595,SGBJAN26,GB,83,83,100.00
20,1596,SGBJAN29IX,GB,307,246,80.13
20,1597,SGBJAN29X,GB,43,29,67.44
20,1598,SGBJAN30IX,GB,127,127,100.00
20,1599,SGBJU29III,GB,838,838,100.00
20,1600,SGBJUL25,GB,13,13,100.00
20,1601,SGBJUL28IV,GB,84,70,83.33
20,1602,SGBJUL29IV,GB,134,106,79.10
20,1603,SGBJUN27,GB,1,1,100.00
20,1604,SGBJUN28,GB,403,238,59.06
20,1605,SGBJUN29II,GB,316,305,96.52
20,1606,SGBMAR24,GB,21,16,76.19
20,1607,SGBMAR25,GB,129,111,86.05
20,1608,SGBMAR28X,GB,7,7,100.00
20,1609,SGBMAR30X,GB,74,66,89.19
20,1610,SGBMAY25,GB,136,136,100.00
20,1611,SGBMAY26,GB,71,69,97.18
20,1612,SGBMAY28,GB,205,203,99.02
20,1613,SGBMAY29I,GB,2524,2450,97.07
20,1614,SGBMR29XII,GB,411,294,71.53
20,1615,SGBN28VIII,GB,398,217,54.52
20,1616,SGBNOV23,GB,39,39,100.00
20,1617,SGBNOV24,GB,1289,999,77.50
20,1618,SGBNOV25,GB,8,8,100.00
20,1619,SGBNOV25IX,GB,1,1,100.00
20,1620,SGBNV29VII,GB,145,136,93.79
20,1621,SGBOC28VII,GB,52,33,63.46
20,1622,SGBOCT25,GB,20,20,100.00
20,1623,SGBOCT25IV,GB,35,35,100.00
20,1624,SGBOCT25V,GB,27,27,100.00
20,1625,SGBOCT27,GB,17,17,100.00
20,1626,SGBSEP24,GB,264,254,96.21
20,1627,SGBSEP27,GB,2,2,100.00
20,1628,SGBSEP28VI,GB,239,223,93.31
20,1629,SGBSEP29VI,GB,280,219,78.21
20,1630,SGIL,EQ,7549,4778,63.29
20,1631,SGL,EQ,27001,14402,53.34
20,1632,SHAHALLOYS,EQ,65056,32574,50.07
20,1633,SHAILY,EQ,645,432,66.98
20,1634,SHAKTIPUMP,EQ,27572,8261,29.96
20,1635,SHALBY,EQ,78523,35298,44.95
20,1636,SHALPAINTS,EQ,240016,97804,40.75
20,1637,SHANKARA,EQ,28142,10836,38.50
20,1638,SHANTI,EQ,29961,29961,100.00
20,1639,SHANTIGEAR,EQ,508310,88801,17.47
20,1640,SHARDACROP,EQ,535503,234650,43.82
20,1641,SHARDAMOTR,EQ,7678,3288,42.82
20,1642,SHAREINDIA,EQ,70129,39075,55.72
20,1643,SHARIABEES,EQ,825,727,88.12
20,1644,SHEMAROO,EQ,29349,15355,52.32
20,1645,SHIGAN,SM,72000,51000,70.83
20,1646,SHIL,EQ,56115,31693,56.48
20,1647,SHILPAMED,EQ,271629,70362,25.90
20,1648,SHIVALIK,EQ,12316,6730,54.64
20,1649,SHIVAMAUTO,EQ,65417,36887,56.39
20,1650,SHIVAMILLS,EQ,20367,8763,43.03
20,1651,SHIVATEX,EQ,15514,9865,63.59
20,1652,SHK,EQ,128291,66854,52.11
20,1653,SHOPERSTOP,EQ,327256,243196,74.31
20,1654,SHRADHA,EQ,2694,1762,65.40
20,1655,SHREDIGCEM,EQ,307044,136107,44.33
20,1656,SHREECEM,EQ,67112,17113,25.50
20,1657,SHREEPUSHK,EQ,112317,30955,27.56
20,1658,SHREERAMA,EQ,48699,28745,59.03
20,1659,SHRENIK,EQ,1136612,796248,70.05
20,1660,SHREYANIND,EQ,36141,20541,56.84
20,1661,SHREYAS,EQ,404307,201807,49.91
20,1662,SHRIRAMCIT,EQ,40809,17032,41.74
20,1663,SHRIRAMPPS,EQ,623340,406006,65.13
20,1664,SHUBHLAXMI,SM,9000,9000,100.00
20,1665,SHYAMCENT,EQ,760911,386705,50.82
20,1666,SHYAMMETL,EQ,159689,63415,39.71
20,1667,SIEMENS,EQ,207143,89128,43.03
20,1668,SIGACHI,EQ,53133,27865,52.44
20,1669,SIGIND,EQ,10267,4957,48.28
20,1670,SIGMA,SM,300,300,100.00
20,1671,SIKKO,EQ,3878,2242,57.81
20,1672,SILGO,EQ,55828,29762,53.31
20,1673,SILINV,EQ,2027,1279,63.10
20,1674,SILLYMONKS,EQ,21436,12230,57.05
20,1675,SILVER,EQ,118657,113412,95.58
20,1676,SILVERBEES,EQ,263459,209937,79.68
20,1677,SILVERTUC,EQ,5100,2881,56.49
20,1678,SINTERCOM,EQ,1263,1074,85.04
20,1679,SIRCA,EQ,37847,13817,36.51
20,1680,SIS,EQ,77511,21741,28.05
20,1681,SIYSIL,EQ,117668,48278,41.03
20,1682,SJS,EQ,53946,27865,51.65
20,1683,SJVN,EQ,6031524,2669185,44.25
20,1684,SKFINDIA,EQ,35835,15863,44.27
20,1685,SKIPPER,EQ,42024,21447,51.04
20,1686,SKMEGGPROD,EQ,31439,19651,62.51
20,1687,SMARTLINK,EQ,6317,3981,63.02
20,1688,SMCGLOBAL,EQ,329455,200077,60.73
20,1689,SMLISUZU,EQ,10380,4457,42.94
20,1690,SMLT,EQ,5143,2969,57.73
20,1691,SMSLIFE,EQ,2088,1387,66.43
20,1692,SMSPHARMA,EQ,16473,11632,70.61
20,1693,SNOWMAN,EQ,261818,153421,58.60
20,1694,SOBHA,EQ,851840,443515,52.07
20,1695,SOLARA,EQ,157713,37034,23.48
20,1696,SOLARINDS,EQ,40285,21882,54.32
20,1697,SOLEX,SM,6000,6000,100.00
20,1698,SOMANYCERA,EQ,24711,8961,36.26
20,1699,SOMICONVEY,EQ,2382,1565,65.70
20,1700,SONACOMS,EQ,580401,207021,35.67
20,1701,SONAHISONA,SM,10000,10000,100.00
20,1702,SONAMCLOCK,EQ,123526,2228,1.80
20,1703,SONATSOFTW,EQ,147508,91903,62.30
20,1704,SONUINFRA,ST,12000,12000,100.00
20,1705,SORILINFRA,EQ,48340,15868,32.83
20,1706,SOTL,EQ,8087,4315,53.36
20,1707,SOUTHBANK,EQ,5342543,1884380,35.27
20,1708,SOUTHWEST,EQ,10845,7382,68.07
20,1709,SPAL,EQ,66903,25577,38.23
20,1710,SPANDANA,EQ,188840,23645,12.52
20,1711,SPARC,EQ,432295,308419,71.34
20,1712,SPECIALITY,EQ,75388,26924,35.71
20,1713,SPENCERS,EQ,129064,54387,42.14
20,1714,SPIC,EQ,1822618,356679,19.57
20,1715,SPICEJET,EQ,1162260,400385,34.45
20,1716,SPLIL,EQ,45076,20368,45.19
20,1717,SPMLINFRA,EQ,354632,219456,61.88
20,1718,SPTL,EQ,2745459,1325581,48.28
20,1719,SREEL,EQ,7659,4537,59.24
20,1720,SRF,EQ,791107,303731,38.39
20,1721,SRHHYPOLTD,EQ,16241,7978,49.12
20,1722,SRPL,EQ,168850,133870,79.28
20,1723,SRTRANSFIN,EQ,702979,199942,28.44
20,1724,SRTRANSFIN,YK,100,100,100.00
20,1725,SRTRANSFIN,YL,404,404,100.00
20,1726,SRTRANSFIN,YN,275,245,89.09
20,1727,SRTRANSFIN,YP,1181,606,51.31
20,1728,SRTRANSFIN,YR,525,465,88.57
20,1729,SRTRANSFIN,YV,362,362,100.00
20,1730,SRTRANSFIN,YW,18,9,50.00
20,1731,SRTRANSFIN,Z3,100,100,100.00
20,1732,SRTRANSFIN,Z7,100,100,100.00
20,1733,SRTRANSFIN,ZD,10,10,100.00
20,1734,SRTRANSFIN,ZF,744,729,97.98
20,1735,SRTRANSFIN,ZG,9,9,100.00
20,1736,SSWL,EQ,68780,33632,48.90
20,1737,STAR,EQ,2377592,335714,14.12
20,1738,STARCEMENT,EQ,56195,42581,75.77
20,1739,STARHEALTH,EQ,360769,134960,37.41
20,1740,STARPAPER,EQ,308200,76785,24.91
20,1741,STARTECK,EQ,11658,549,4.71
20,1742,STCINDIA,EQ,29466,13759,46.69
20,1743,STEELCAS,EQ,18636,13736,73.71
20,1744,STEELCITY,EQ,19958,13585,68.07
20,1745,STEELXIND,EQ,684721,249573,36.45
20,1746,STEL,EQ,7834,3541,45.20
20,1747,STERTOOLS,EQ,39519,26587,67.28
20,1748,STLTECH,EQ,580079,163008,28.10
20,1749,STOVEKRAFT,EQ,55010,24056,43.73
20,1750,STYLAMIND,EQ,30295,15636,51.61
20,1751,SUBEXLTD,EQ,3384318,1251402,36.98
20,1752,SUBROS,EQ,10188,4747,46.59
20,1753,SUDARSCHEM,EQ,66584,27150,40.78
20,1754,SUMEETINDS,EQ,170050,113504,66.75
20,1755,SUMICHEM,EQ,304971,115078,37.73
20,1756,SUMIT,EQ,16222,10858,66.93
20,1757,SUMMITSEC,EQ,4583,2439,53.22
20,1758,SUNCLAYLTD,EQ,1386,849,61.26
20,1759,SUNDARAM,EQ,567274,465772,82.11
20,1760,SUNDARMFIN,EQ,90810,64314,70.82
20,1761,SUNDARMHLD,EQ,106003,71717,67.66
20,1762,SUNDRMBRAK,EQ,1599,1219,76.24
20,1763,SUNDRMFAST,EQ,18909,8504,44.97
20,1764,SUNFLAG,EQ,540096,200907,37.20
20,1765,SUNPHARMA,EQ,4113170,2180542,53.01
20,1766,SUNTECK,EQ,455365,115941,25.46
20,1767,SUNTV,EQ,1238774,464734,37.52
20,1768,SUPERHOUSE,EQ,12239,6951,56.79
20,1769,SUPRAJIT,EQ,170530,43419,25.46
20,1770,SUPREMEIND,EQ,20569,7381,35.88
20,1771,SUPREMEINF,EQ,12086,8056,66.66
20,1772,SUPRIYA,EQ,220772,56559,25.62
20,1773,SURANASOL,EQ,50819,32618,64.18
20,1774,SURANAT&P,EQ,72365,46045,63.63
20,1775,SURYALAXMI,EQ,31725,25418,80.12
20,1776,SURYAROSNI,EQ,115393,54110,46.89
20,1777,SURYODAY,EQ,122523,39601,32.32
20,1778,SUTLEJTEX,EQ,97089,43995,45.31
20,1779,SUULD,EQ,89337,59671,66.79
20,1780,SUVEN,EQ,138251,71424,51.66
20,1781,SUVENPHAR,EQ,171282,95771,55.91
20,1782,SUVIDHAA,EQ,91136,64163,70.40
20,1783,SUZLON,EQ,90846063,40064646,44.10
20,1784,SVPGLOB,EQ,115209,48595,42.18
20,1785,SWANENERGY,EQ,89875,44559,49.58
20,1786,SWARAJ,SM,18000,14000,77.78
20,1787,SWARAJENG,EQ,4589,2303,50.19
20,1788,SWELECTES,EQ,8226,4570,55.56
20,1789,SWSOLAR,EQ,233418,63246,27.10
20,1790,SYMPHONY,EQ,42356,23788,56.16
20,1791,SYNGENE,EQ,350145,155318,44.36
20,1792,TAINWALCHM,EQ,9234,4374,47.37
20,1793,TAJGVK,EQ,157868,40978,25.96
20,1794,TAKE,EQ,265150,121698,45.90
20,1795,TALBROAUTO,EQ,34761,12709,36.56
20,1796,TANLA,EQ,241210,89785,37.22
20,1797,TARACHAND,SM,6000,4000,66.67
20,1798,TARAPUR,EQ,50864,50064,98.43
20,1799,TARC,EQ,530355,152408,28.74
20,1800,TARMAT,EQ,7727,2563,33.17
20,1801,TARSONS,EQ,111044,39879,35.91
20,1802,TASTYBITE,EQ,609,404,66.34
20,1803,TATACAPHSG,N2,175,175,100.00
20,1804,TATACAPHSG,N8,100,100,100.00
20,1805,TATACHEM,EQ,1751250,464327,26.51
20,1806,TATACOFFEE,EQ,631817,147610,23.36
20,1807,TATACOMM,EQ,625692,261323,41.77
20,1808,TATACONSUM,EQ,1339748,283906,21.19
20,1809,TATAELXSI,EQ,638433,179221,28.07
20,1810,TATAINVEST,EQ,24609,14897,60.53
20,1811,TATAMETALI,EQ,40091,14283,35.63
20,1812,TATAMOTORS,EQ,17712299,2604649,14.71
20,1813,TATAMTRDVR,EQ,2458114,940589,38.26
20,1814,TATAPOWER,EQ,34963419,5746517,16.44
20,1815,TATASTEEL,EQ,15053673,4267397,28.35
20,1816,TATASTLLP,EQ,50612,16993,33.58
20,1817,TATVA,EQ,9010,3398,37.71
20,1818,TBZ,EQ,144659,72914,50.40
20,1819,TCFSL,ND,423,423,100.00
20,1820,TCFSL,NF,308,296,96.10
20,1821,TCFSL,NH,50,50,100.00
20,1822,TCFSL,NN,201,201,100.00
20,1823,TCI,EQ,109300,40584,37.13
20,1824,TCIEXP,EQ,21716,7258,33.42
20,1825,TCNSBRANDS,EQ,25710,11094,43.15
20,1826,TCPLPACK,EQ,59379,29285,49.32
20,1827,TCS,EQ,2813186,1819586,64.68
20,1828,TDPOWERSYS,EQ,54160,32664,60.31
20,1829,TEAMLEASE,EQ,23101,14597,63.19
20,1830,TECH,EQ,3544,1950,55.02
20,1831,TECHIN,EQ,21993,12265,55.77
20,1832,TECHM,EQ,2946857,1202175,40.80
20,1833,TECHNOE,EQ,67171,36172,53.85
20,1834,TEGA,EQ,80381,32927,40.96
20,1835,TEJASNET,EQ,367766,168607,45.85
20,1836,TEMBO,EQ,102052,25378,24.87
20,1837,TERASOFT,EQ,10934,5822,53.25
20,1838,TEXINFRA,EQ,160580,135826,84.58
20,1839,TEXMOPIPES,EQ,125196,66545,53.15
20,1840,TEXRAIL,EQ,1363630,361828,26.53
20,1841,TFCILTD,EQ,66824,40401,60.46
20,1842,TFL,EQ,4343,4268,98.27
20,1843,THANGAMAYL,EQ,8716,5497,63.07
20,1844,THEINVEST,EQ,8473,4627,54.61
20,1845,THEJO,SM,2400,2100,87.50
20,1846,THEMISMED,EQ,754,545,72.28
20,1847,THERMAX,EQ,21274,6910,32.48
20,1848,THOMASCOOK,EQ,851070,391276,45.97
20,1849,THYROCARE,EQ,579398,49795,8.59
20,1850,TI,EQ,202808,100780,49.69
20,1851,TIDEWATER,EQ,8678,3394,39.11
20,1852,TIIL,EQ,15816,8535,53.96
20,1853,TIINDIA,EQ,50884,16168,31.77
20,1854,TIJARIA,EQ,12367,12367,100.00
20,1855,TIL,EQ,24698,20049,81.18
20,1856,TIMESGTY,EQ,2259,1430,63.30
20,1857,TIMETECHNO,EQ,2126622,511274,24.04
20,1858,TIMKEN,EQ,28652,11822,41.26
20,1859,TINPLATE,EQ,404904,105232,25.99
20,1860,TIRUMALCHM,EQ,1351400,317060,23.46
20,1861,TIRUPATI,SM,6000,3000,50.00
20,1862,TIRUPATIFL,EQ,20184,11793,58.43
20,1863,TITAN,EQ,1382368,725821,52.51
20,1864,TMRVL,EQ,38970,17755,45.56
20,1865,TNIDETF,EQ,5157,3597,69.75
20,1866,TNPETRO,EQ,935688,269905,28.85
20,1867,TNPL,EQ,485668,213038,43.86
20,1868,TOKYOPLAST,EQ,11619,5002,43.05
20,1869,TORNTPHARM,EQ,2565837,351807,13.71
20,1870,TORNTPOWER,EQ,379813,138519,36.47
20,1871,TOTAL,EQ,8461,4723,55.82
20,1872,TOUCHWOOD,EQ,1846,629,34.07
20,1873,TPLPLASTEH,EQ,12173,5929,48.71
20,1874,TREEHOUSE,EQ,28115,15296,54.41
20,1875,TREJHARA,EQ,22116,13781,62.31
20,1876,TRENT,EQ,444559,172975,38.91
20,1877,TRF,EQ,93095,53589,57.56
20,1878,TRIDENT,EQ,6109320,3501017,57.31
20,1879,TRIGYN,EQ,116587,54548,46.79
20,1880,TRIL,EQ,163740,91361,55.80
20,1881,TRITURBINE,EQ,1130596,348500,30.82
20,1882,TRIVENI,EQ,1092002,392281,35.92
20,1883,TTKHLTCARE,EQ,6073,3224,53.09
20,1884,TTKPRESTIG,EQ,46960,21184,45.11
20,1885,TTL,EQ,81998,17588,21.45
20,1886,TTML,EQ,5497867,1780703,32.39
20,1887,TV18BRDCST,EQ,12971453,3296753,25.42
20,1888,TVSELECT,EQ,55462,21647,39.03
20,1889,TVSMOTOR,EQ,984399,243600,24.75
20,1890,TVSSRICHAK,EQ,2806,1317,46.94
20,1891,TVTODAY,EQ,163009,58462,35.86
20,1892,TWL,EQ,683438,182181,26.66
20,1893,UBL,EQ,253063,108692,42.95
20,1894,UCALFUEL,EQ,43961,12198,27.75
20,1895,UCL,SM,2000,2000,100.00
20,1896,UCOBANK,EQ,1533873,610682,39.81
20,1897,UDAICEMENT,EQ,160169,94123,58.76
20,1898,UFLEX,EQ,70874,24596,34.70
20,1899,UFO,EQ,116802,55508,47.52
20,1900,UGARSUGAR,EQ,1469852,372466,25.34
20,1901,UGROCAP,EQ,31696,18696,58.99
20,1902,UGROCAP,N1,41,41,100.00
20,1903,UJJIVAN,EQ,573127,223740,39.04
20,1904,UJJIVANSFB,EQ,752627,443003,58.86
20,1905,ULTRACEMCO,EQ,512954,235337,45.88
20,1906,UMAEXPORTS,EQ,479800,89850,18.73
20,1907,UMANGDAIRY,EQ,11981,7727,64.49
20,1908,UNICHEMLAB,EQ,14407,7384,51.25
20,1909,UNIDT,EQ,74270,36834,49.59
20,1910,UNIENTER,EQ,7170,3976,55.45
20,1911,UNIONBANK,EQ,6672032,2637505,39.53
20,1912,UNITEDPOLY,EQ,8384,4051,48.32
20,1913,UNITEDTEA,EQ,312,152,48.72
20,1914,UNIVASTU,EQ,26623,12419,46.65
20,1915,UNIVCABLES,EQ,23212,13025,56.11
20,1916,UNIVPHOTO,EQ,877,722,82.33
20,1917,UPL,EQ,2577097,680605,26.41
20,1918,URAVI,SM,25200,25200,100.00
20,1919,URJA,EQ,3832915,1706270,44.52
20,1920,USHAMART,EQ,850748,485093,57.02
20,1921,UTIAMC,EQ,119433,78794,65.97
20,1922,UTIBANKETF,EQ,2658,2529,95.15
20,1923,UTINEXT50,EQ,244140,193857,79.40
20,1924,UTINIFTETF,EQ,2094,1381,65.95
20,1925,UTISENSETF,EQ,463,331,71.49
20,1926,UTISXN50,EQ,1090,975,89.45
20,1927,UTTAMSUGAR,EQ,608945,185231,30.42
20,1928,V2RETAIL,EQ,9915,5378,54.24
20,1929,VADILALIND,EQ,17128,9905,57.83
20,1930,VAIBHAVGBL,EQ,314446,134262,42.70
20,1931,VAKRANGEE,EQ,2564267,1343703,52.40
20,1932,VALIANTORG,EQ,122621,41852,34.13
20,1933,VARDHACRLC,EQ,68405,41528,60.71
20,1934,VARDMNPOLY,EQ,6584,4409,66.97
20,1935,VARROC,EQ,297954,158899,53.33
20,1936,VASCONEQ,EQ,286944,163191,56.87
20,1937,VASWANI,EQ,25193,13819,54.85
20,1938,VBL,EQ,501776,305603,60.90
20,1939,VEDL,EQ,11117630,2564318,23.07
20,1940,VENKEYS,EQ,23512,6830,29.05
20,1941,VENUSREM,EQ,45789,19609,42.82
20,1942,VERANDA,EQ,234173,101612,43.39
20,1943,VERTOZ,EQ,8009,5225,65.24
20,1944,VESUVIUS,EQ,7511,5666,75.44
20,1945,VETO,EQ,26138,17700,67.72
20,1946,VGUARD,EQ,1017096,416461,40.95
20,1947,VHL,EQ,4678,1984,42.41
20,1948,VIDHIING,EQ,40802,24675,60.47
20,1949,VIJAYA,EQ,158618,72913,45.97
20,1950,VIJIFIN,EQ,181454,96184,53.01
20,1951,VIKASECO,EQ,9787952,6037851,61.69
20,1952,VIKASLIFE,EQ,8192267,2964299,36.18
20,1953,VIKASPROP,EQ,1864493,1570068,84.21
20,1954,VIMTALABS,EQ,27098,15921,58.75
20,1955,VINATIORGA,EQ,48814,18131,37.14
20,1956,VINDHYATEL,EQ,9917,5713,57.61
20,1957,VINEETLAB,EQ,10100,6412,63.49
20,1958,VINNY,SM,3300,3300,100.00
20,1959,VINYLINDIA,EQ,109735,52967,48.27
20,1960,VIPIND,EQ,712958,167770,23.53
20,1961,VISAKAIND,EQ,33751,15330,45.42
20,1962,VISESHINFO,EQ,19325075,9328679,48.27
20,1963,VISHAL,EQ,65630,30597,46.62
20,1964,VISHWARAJ,EQ,961886,525028,54.58
20,1965,VIVIDHA,EQ,1050336,745438,70.97
20,1966,VIVIMEDLAB,EQ,336222,171973,51.15
20,1967,VLSFINANCE,EQ,25193,13930,55.29
20,1968,VMARCIND,SM,9000,3000,33.33
20,1969,VMART,EQ,18220,4798,26.33
20,1970,VOLTAMP,EQ,40579,29803,73.44
20,1971,VOLTAS,EQ,1439924,789129,54.80
20,1972,VRLLOG,EQ,413292,128108,31.00
20,1973,VSSL,EQ,37331,16962,45.44
20,1974,VSTIND,EQ,3661,2302,62.88
20,1975,VSTTILLERS,EQ,4457,1465,32.87
20,1976,VTL,EQ,1592161,738835,46.40
20,1977,WABAG,EQ,248186,120948,48.73
20,1978,WALPAR,SM,2000,2000,100.00
20,1979,WATERBASE,EQ,28889,17824,61.70
20,1980,WEIZMANIND,EQ,5904,5575,94.43
20,1981,WELCORP,EQ,2480420,794507,32.03
20,1982,WELENT,EQ,518605,205043,39.54
20,1983,WELINV,EQ,642,338,52.65
20,1984,WELSPUNIND,EQ,2109652,567600,26.90
20,1985,WENDT,EQ,454,365,80.40
20,1986,WESTLIFE,EQ,108563,50133,46.18
20,1987,WEWIN,SM,9000,9000,100.00
20,1988,WFL,EQ,432,61,14.12
20,1989,WHEELS,EQ,14778,7221,48.86
20,1990,WHIRLPOOL,EQ,520630,202828,38.96
20,1991,WILLAMAGOR,EQ,6549,1574,24.03
20,1992,WINDLAS,EQ,22749,10443,45.91
20,1993,WINDMACHIN,EQ,125685,78034,62.09
20,1994,WINPRO,EQ,192932,129521,67.13
20,1995,WIPRO,EQ,5791541,1928994,33.31
20,1996,WOCKPHARMA,EQ,441654,121026,27.40
20,1997,WONDERLA,EQ,330912,119199,36.02
20,1998,WORTH,EQ,22412,11831,52.79
20,1999,WSTCSTPAPR,EQ,315406,134783,42.73
20,2000,XCHANGING,EQ,117816,56478,47.94
20,2001,XELPMOC,EQ,28905,16897,58.46
20,2002,YAARI,EQ,227814,129658,56.91
20,2003,YESBANK,EQ,50038976,16328423,32.63
20,2004,YUKEN,EQ,50114,46966,93.72
20,2005,ZEEL,EQ,9419028,2774333,29.45
20,2006,ZEELEARN,EQ,746288,400140,53.62
20,2007,ZEEMEDIA,EQ,3959423,2172144,54.86
20,2008,ZENITHSTL,EQ,21973,21973,100.00
20,2009,ZENSARTECH,EQ,1193826,289986,24.29
20,2010,ZENTEC,EQ,166864,73646,44.14
20,2011,ZFCVINDIA,EQ,19908,13633,68.48
20,2012,ZODIACLOTH,EQ,12857,10994,85.51
20,2013,ZOMATO,EQ,46556399,5915579,12.71
20,2014,ZOTA,EQ,7600,3944,51.89
20,2015,ZUARI,EQ,247467,80632,32.58
20,2016,ZUARIGLOB,EQ,90017,26167,29.07
20,2017,ZYDUSLIFE,EQ,2827263,1318578,46.64
20,2018,ZYDUSWELL,EQ,114255,100983,88.38
