Security Wise Delivery Position - Compulsory Rolling Settlement
10,MTO,20092024,2573483786,0002446
Trade Date <20-SEP-2024>,Settlement Type <N>
Record Type,Sr No,Name of Security,Quantity Traded,Deliverable Quantity(gross across client level),% of Deliverable Quantity to Traded Quantity
20,1,1003ISFL28,N4,268,268,100.00
20,2,1015ECL29,NR,312,312,100.00
20,3,1018GS2026,GS,109,107,98.17
20,4,1025NFL25,N5,40,40,100.00
20,5,1025SCL34,Z8,180,119,66.11
20,6,1035UCL26,NA,70,70,100.00
20,7,1050IIFL29,ND,180,180,100.00
20,8,1050ISFL28,N5,100,100,100.00
20,9,1050UCL25,N7,6,6,100.00
20,10,1065NFL27,NC,115,115,100.00
20,11,1075NFL25,N6,202,202,100.00
20,12,10CAGL27,N5,724,359,49.59
20,13,10IIFL28,N4,761,761,100.00
20,14,10IIFL28A,NE,80,80,100.00
20,15,10IIFL29,N6,1887,1883,99.79
20,16,10ISFL26,N3,334,234,70.06
20,17,10NIDO26,N6,39,39,100.00
20,18,10SCL30A,BV,475,339,71.37
20,19,1102NFL26,N8,6,6,100.00
20,20,1190VCCL26,N0,1,1,100.00
20,21,11DLSL25,NV,100,100,100.00
20,22,11UCL26,NC,100,100,100.00
20,23,182D140225,TB,100,100,100.00
20,24,182D191224,TB,500,500,100.00
20,25,182D241024,TB,100,100,100.00
20,26,20MICRONS,EQ,289918,90076,31.07
20,27,360ONE,EQ,1348962,932761,69.15
20,28,364D040925,TB,1000,1000,100.00
20,29,364D071124,TB,300,300,100.00
20,30,364D080525,TB,100,100,100.00
20,31,364D120625,TB,500,500,100.00
20,32,364D121224,TB,13600,13600,100.00
20,33,364D130225,TB,500,500,100.00
20,34,364D150825,TB,100,100,100.00
20,35,364D180425,TB,100,100,100.00
20,36,364D240725,TB,100,100,100.00
20,37,364D270225,TB,600,600,100.00
20,38,3IINFOLTD,EQ,639803,317091,49.56
20,39,3MINDIA,EQ,3976,2359,59.33
20,40,515GS2025,GS,100,100,100.00
20,41,522GS2025,GS,2,2,100.00
20,42,563GS2026,GS,1,1,100.00
20,43,574GS2026,GS,17,16,94.12
20,44,5PAISA,EQ,171766,87039,50.67
20,45,618GS2024,GS,98,98,100.00
20,46,63MOONS,EQ,412410,250465,60.73
20,47,654GS2032,GS,108,103,95.37
20,48,667GS2050,GS,1007,1007,100.00
20,49,676GS2061,GS,4,4,100.00
20,50,689GS2025,GS,5000,5000,100.00
20,51,695GS2061,GS,2,2,100.00
20,52,697GR2034,GS,100,100,100.00
20,53,699GS2026,GS,3002,3002,100.00
20,54,699GS2051,GS,20850,20850,100.00
20,55,702GS2027,GS,310,310,100.00
20,56,702GS2031,GS,10094,10092,99.98
20,57,706GS2028,GS,2900,2900,100.00
20,58,710GS2029,GS,5010,5010,100.00
20,59,718GS2033,GS,80100,78100,97.50
20,60,718GS2037,GS,4804,4803,99.98
20,61,71GS2034,GS,100,100,100.00
20,62,723GS2039,GS,200,200,100.00
20,63,725GS2063,GS,6101,6101,100.00
20,64,726GS2032,GS,54,27,50.00
20,65,726GS2033,GS,6499,6499,100.00
20,66,727GS2026,GS,2,2,100.00
20,67,729IRFC26,NN,50,50,100.00
20,68,729NHAI26,NC,17,17,100.00
20,69,732GS2030,GS,5500,5400,98.18
20,70,732IRFC25,NI,75,65,86.67
20,71,733GS2026,GS,6200,6100,98.39
20,72,734GS2064,GS,6059,5959,98.35
20,73,734IRFC28,N4,10,10,100.00
20,74,735NHAI31,N9,399,399,100.00
20,75,735PFCL35,N1,103,103,100.00
20,76,736GS2052,GS,1,1,100.00
20,77,736NTPC25D,NB,130,100,76.92
20,78,737GR2054,GS,10,10,100.00
20,79,737GS2028,GS,600,600,100.00
20,80,738GS2027,GS,35656,35656,100.00
20,81,739NHAI26,N8,50,50,100.00
20,82,73GS2053,GS,6005,5801,96.60
20,83,746GS2073,GS,900,450,50.00
20,84,750IRFC35,NK,175,175,100.00
20,85,753IRFC30,NJ,327,327,100.00
20,86,754GS2036,GS,277464,271451,97.83
20,87,759GS2026,GS,5,5,100.00
20,88,762NTPC35F,ND,1090,1090,100.00
20,89,764HUDCO31,N8,476,476,100.00
20,90,764IRFC31,NO,6233,5190,83.27
20,91,764KA39,SG,300,300,100.00
20,92,764NABAR31,N2,1086,655,60.31
20,93,769HUDCO31,N9,8,8,100.00
20,94,769NHAI31,NE,1339,1330,99.33
20,95,76NHAI31,NA,1359,1100,80.94
20,96,772GS2055,GS,3,3,100.00
20,97,774IREDA31,N7,922,922,100.00
20,98,78ABFL33,N4,10,10,100.00
20,99,79NHIT35,N1,1379,1069,77.52
20,100,79NHIT40,N2,1200,1200,100.00
20,101,79NHIT47,N3,1292,1197,92.65
20,102,801TCH25,N4,70,50,71.43
20,103,810IRFC27,N2,160,135,84.38
20,104,812REC27,NI,250,250,100.00
20,105,81ABFL33,N5,543,533,98.16
20,106,820IIFL27,N9,2010,2010,100.00
20,107,824GS2027,GS,41,41,100.00
20,108,825IIFL25,N7,30,30,100.00
20,109,82HUDCO27,N2,445,445,100.00
20,110,82IGT31,NJ,20,20,100.00
20,111,830NHAI27,N2,2227,1802,80.92
20,112,83GS2042,GS,500,500,100.00
20,113,83TCHF25,N6,500,500,100.00
20,114,840CIFCL28,N4,30,30,100.00
20,115,840IRFC29,N8,400,400,100.00
20,116,842IIFL26,NL,95,95,100.00
20,117,843IHFL29,NC,1279,1279,100.00
20,118,846REC28,N6,2760,2000,72.46
20,119,848NTPC28,N2,1,1,100.00
20,120,849NTPC25,N7,119810,104211,86.98
20,121,85IIFL24,NJ,30,30,100.00
20,122,863IRFC29,NC,1010,1010,100.00
20,123,863NHB29,N2,70,70,100.00
20,124,863NHB34,N3,3,3,100.00
20,125,865IFL28,NZ,19,19,100.00
20,126,865IIFL28,NS,1668,1498,89.81
20,127,865IRFC29,NA,400,400,100.00
20,128,865TCAPS27,N8,502,500,99.60
20,129,871REC28,N9,1406,1400,99.57
20,130,875IHFL29,ND,581,581,100.00
20,131,875IIFL26,NM,25,25,100.00
20,132,875IIFL26A,NQ,25,25,100.00
20,133,875NHAI29,N6,733,623,84.99
20,134,875SFL27,ZF,636,600,94.34
20,135,876HUDCO28,ND,939,939,100.00
20,136,879NHPC28,N5,100,100,100.00
20,137,880IREDA29,N5,20,20,100.00
20,138,880IREDA34,N6,25,25,100.00
20,139,883GS2041,GS,250,250,100.00
20,140,885MOFSL26,N0,100,100,100.00
20,141,886REC34,NG,1185,1185,100.00
20,142,888ERFL28,N5,151,151,100.00
20,143,888IHFL25F,NC,200,200,100.00
20,144,888IRFC29,NE,90,90,100.00
20,145,888NHB29,N5,46,46,100.00
20,146,888REC29,NF,380,380,100.00
20,147,889SCL27,YT,10,10,100.00
20,148,891IIFCL34,N4,3,3,100.00
20,149,891NTPC33,N6,10,10,100.00
20,150,892NHPC33,N6,180,180,100.00
20,151,892PFCL33,N8,1138,1138,100.00
20,152,893NHB29,N6,18,18,100.00
20,153,894SCL25,Z3,4,4,100.00
20,154,897MOFSL29,N4,20,20,100.00
20,155,8ABFL26,N0,150,150,100.00
20,156,901HUDCO34,NE,47,37,78.72
20,157,901NHB34,N6,208,177,85.10
20,158,903SFL28,YI,10,10,100.00
20,159,905PEL26,N1,16,8,50.00
20,160,905SC24B,Z9,285,285,100.00
20,161,910TCAP28,NA,114,113,99.12
20,162,91D031024,TB,2000,1000,50.00
20,163,91D101024,TB,6900,6900,100.00
20,164,91D151124,TB,200,200,100.00
20,165,91D211124,TB,100,100,100.00
20,166,91D260924,TB,300,300,100.00
20,167,91D281124,TB,200,200,100.00
20,168,91D311024,TB,500,500,100.00
20,169,925SCL25B,Y3,1492,1000,67.02
20,170,925SCL25C,AR,10,10,100.00
20,171,925SCL26B,YQ,10,10,100.00
20,172,925SFCL25,AC,10,10,100.00
20,173,92GS2030,GS,5863,5863,100.00
20,174,930SFL28,YP,19,11,57.89
20,175,932AEL27,N3,163,163,100.00
20,176,93MOFSL34,N6,3,3,100.00
20,177,943ECL28,NJ,20,20,100.00
20,178,945IFSL25,N4,60,60,100.00
20,179,948SCL26,N9,52,16,30.77
20,180,94SFL28,YL,519,419,80.73
20,181,955ICCL25A,NH,20,20,100.00
20,182,956AEL29,N6,161,161,100.00
20,183,960CAGL25,N3,1066,1066,100.00
20,184,965AEL27,N4,1453,1453,100.00
20,185,965SCL25B,Y1,2,2,100.00
20,186,965SCL25C,N0,50,50,100.00
20,187,965SCL26A,ZB,17,17,100.00
20,188,96IIFL28,N5,649,649,100.00
20,189,96IIFL28A,NF,2041,1697,83.15
20,190,96SFL24A,NB,15,15,100.00
20,191,970CAGL28,ND,93,93,100.00
20,192,975NFL25,N0,81,81,100.00
20,193,97SFL28,YS,104,102,98.08
20,194,97SFL29,YZ,46,46,100.00
20,195,985ECL28,NK,56,55,98.21
20,196,990SCL26,N7,104,74,71.15
20,197,99AEL29,N7,4368,4243,97.14
20,198,99IFCI24,NH,365,360,98.63
20,199,9IIFL28,Y0,653,608,93.11
20,200,9IIFL28A,NT,80,80,100.00
20,201,9MMFSML,N2,75,75,100.00
20,202,9SCL26BA,NA,224,209,93.30
20,203,AAATECH,EQ,142739,68941,48.30
20,204,AADHARHFC,EQ,981248,573561,58.45
20,205,AARON,EQ,8129,2200,27.06
20,206,AARTECH,EQ,399593,208037,52.06
20,207,AARTIDRUGS,EQ,78615,24639,31.34
20,208,AARTIIND,EQ,1123268,502719,44.76
20,209,AARTIPHARM,EQ,249339,125561,50.36
20,210,AARTISURF,EQ,60527,28958,47.84
20,211,AARVI,EQ,15488,4537,29.29
20,212,AATMAJ,SM,12000,8000,66.67
20,213,AAVAS,EQ,212083,108272,51.05
20,214,ABAN,EQ,111605,64453,57.75
20,215,ABB,EQ,474901,268762,56.59
20,216,ABBOTINDIA,EQ,10431,4356,41.76
20,217,ABCAPITAL,EQ,20884105,14894873,71.32
20,218,ABCOTS,SM,12500,12000,96.00
20,219,ABDL,EQ,571925,280755,49.09
20,220,ABFL26,N1,53,51,96.23
20,221,ABFRL,EQ,5778454,2945667,50.98
20,222,ABGSEC,EQ,161,144,89.44
20,223,ABINFRA,SM,24000,24000,100.00
20,224,ABSLAMC,EQ,2415067,1823006,75.48
20,225,ABSLBANETF,EQ,75856,70538,92.99
20,226,ABSLLIQUID,EQ,1142,899,78.72
20,227,ABSLNN50ET,EQ,15935,13980,87.73
20,228,ABSLPSE,EQ,797846,747731,93.72
20,229,ABSMARINE,SM,129000,79000,61.24
20,230,ACC,EQ,527393,332463,63.04
20,231,ACCELYA,EQ,11827,7099,60.02
20,232,ACCENTMIC,SM,9000,7000,77.78
20,233,ACCORD,SM,14000,14000,100.00
20,234,ACE,EQ,1667628,997155,59.79
20,235,ACEINTEG,EQ,59558,16972,28.50
20,236,ACI,EQ,214476,114673,53.47
20,237,ACL,EQ,17505,10386,59.33
20,238,ACLGATI,EQ,3835791,1697551,44.26
20,239,ACSAL,SM,99000,69000,69.70
20,240,ADANIENSOL,EQ,4788824,2645104,55.23
20,241,ADANIENT,EQ,1787210,807774,45.20
20,242,ADANIGREEN,EQ,5657903,3445471,60.90
20,243,ADANIPORTS,EQ,4407151,2078564,47.16
20,244,ADANIPOWER,EQ,2936128,1379998,47.00
20,245,ADFFOODS,EQ,377876,116043,30.71
20,246,ADORWELD,EQ,12823,7881,61.46
20,247,ADROITINFO,EQ,22448,12551,55.91
20,248,ADROITPP1,E1,7304,6469,88.57
20,249,ADSL,EQ,547411,187361,34.23
20,250,ADVANIHOTR,EQ,124135,74516,60.03
20,251,ADVENZYMES,EQ,533987,243186,45.54
20,252,AEGISLOG,EQ,322368,197038,61.12
20,253,AEROFLEX,EQ,1176738,507749,43.15
20,254,AERON,SM,124000,77000,62.10
20,255,AESTHETIK,SM,396000,198000,50.00
20,256,AETHER,EQ,35831,17984,50.19
20,257,AFFLE,EQ,197847,103582,52.35
20,258,AFIL,EQ,139201,60612,43.54
20,259,AGARIND,EQ,37648,21998,58.43
20,260,AGARWALFT,ST,15000,15000,100.00
20,261,AGI,EQ,118332,56938,48.12
20,262,AGIIL,EQ,13628,5114,37.53
20,263,AGNI,SM,17500,12500,71.43
20,264,AGRITECH,EQ,19156,10135,52.91
20,265,AGROPHOS,EQ,49476,19128,38.66
20,266,AGSTRA,EQ,829340,313666,37.82
20,267,AGUL,SM,10000,8000,80.00
20,268,AHL,EQ,320509,210925,65.81
20,269,AHLADA,EQ,53082,36605,68.96
20,270,AHLEAST,EQ,9662,7744,80.15
20,271,AHLUCONT,EQ,127466,55900,43.85
20,272,AIAENG,EQ,75727,48477,64.02
20,273,AIIL,EQ,55102,32348,58.71
20,274,AIMTRON,ST,132000,128800,97.58
20,275,AIROLAM,EQ,8259,3880,46.98
20,276,AIRTELPP,E1,1557902,1304346,83.72
20,277,AISL,SM,25200,21600,85.71
20,278,AJANTPHARM,EQ,119556,71365,59.69
20,279,AJMERA,EQ,54360,21993,40.46
20,280,AKANKSHA,ST,112000,110000,98.21
20,281,AKASH,EQ,74515,50996,68.44
20,282,AKG,EQ,268738,218278,81.22
20,283,AKI,EQ,151401,93468,61.74
20,284,AKIKO,SM,32000,24000,75.00
20,285,AKSHARCHEM,EQ,6707,4152,61.91
20,286,AKSHOPTFBR,EQ,269161,181278,67.35
20,287,AKUMS,EQ,100514,70849,70.49
20,288,AKZOINDIA,EQ,5309,2771,52.19
20,289,ALANKIT,EQ,4660187,1834174,39.36
20,290,ALEMBICLTD,EQ,889562,432581,48.63
20,291,ALICON,EQ,15376,7787,50.64
20,292,ALKALI,EQ,46796,28685,61.30
20,293,ALKEM,EQ,243155,157325,64.70
20,294,ALKYLAMINE,EQ,252066,69500,27.57
20,295,ALLCARGO,EQ,2354438,973935,41.37
20,296,ALLETEC,SM,29200,21200,72.60
20,297,ALLSEC,EQ,9665,3953,40.90
20,298,ALOKINDS,EQ,8862788,2422928,27.34
20,299,ALPA,EQ,125735,51528,40.98
20,300,ALPEXSOLAR,ST,34800,30000,86.21
20,301,ALPHA,EQ,1848327,1288785,69.73
20,302,ALPHAETF,EQ,1205166,834602,69.25
20,303,ALPL30IETF,EQ,3805630,1936015,50.87
20,304,ALUWIND,ST,36000,33000,91.67
20,305,AMBER,EQ,51727,25634,49.56
20,306,AMBEY,SM,60000,46000,76.67
20,307,AMBICAAGAR,EQ,27041,9232,34.14
20,308,AMBIKCO,EQ,19773,9998,50.56
20,309,AMBUJACEM,EQ,1799104,977280,54.32
20,310,AMDIND,EQ,29406,15782,53.67
20,311,AMEYA,SM,12000,8000,66.67
20,312,AMIABLE,SM,24000,22400,93.33
20,313,AMIORG,EQ,663088,287956,43.43
20,314,AMJUMBO,SM,32000,16000,50.00
20,315,AMNPLST,EQ,8401,3912,46.57
20,316,AMRUTANJAN,EQ,31117,17798,57.20
20,317,ANANDRATHI,EQ,36701,20686,56.36
20,318,ANANTRAJ,EQ,12652411,6103349,48.24
20,319,ANDHRAPAP,EQ,286855,155407,54.18
20,320,ANDHRSUGAR,EQ,200916,85887,42.75
20,321,ANGELONE,EQ,969884,325743,33.59
20,322,ANLON,ST,13200,12000,90.91
20,323,ANNAPURNA,SM,412000,299500,72.69
20,324,ANUP,EQ,30089,15543,51.66
20,325,ANURAS,EQ,71057,41289,58.11
20,326,APARINDS,EQ,131457,65400,49.75
20,327,APCL,EQ,20831,10459,50.21
20,328,APCOTEXIND,EQ,27688,17854,64.48
20,329,APEX,EQ,142756,52266,36.61
20,330,APLAPOLLO,EQ,423910,270014,63.70
20,331,APLLTD,EQ,191053,100037,52.36
20,332,APOLLO,EQ,1498317,571003,38.11
20,333,APOLLOHOSP,EQ,493357,331809,67.26
20,334,APOLLOPIPE,EQ,149296,95429,63.92
20,335,APOLLOTYRE,EQ,1691024,778090,46.01
20,336,APOLSINHOT,EQ,1010,546,54.06
20,337,APRAMEYA,SM,2000,2000,100.00
20,338,APS,ST,36500,27500,75.34
20,339,APTECHT,EQ,149704,68770,45.94
20,340,APTUS,EQ,3119490,1713799,54.94
20,341,ARCHIES,EQ,125868,66373,52.73
20,342,ARE&M,EQ,494808,270799,54.73
20,343,ARHAM,SM,12000,9000,75.00
20,344,ARIES,EQ,151531,93754,61.87
20,345,ARIHANTACA,SM,21600,21600,100.00
20,346,ARIHANTCAP,EQ,1690339,619810,36.67
20,347,ARIHANTSUP,EQ,29795,8687,29.16
20,348,ARISTO,SM,1600,1600,100.00
20,349,ARMANFIN,EQ,68568,38185,55.69
20,350,AROGRANITE,EQ,79203,40197,50.75
20,351,ARROWGREEN,EQ,33637,17917,53.27
20,352,ARTEMISMED,EQ,165020,88976,53.92
20,353,ARVIND,EQ,445238,218021,48.97
20,354,ARVINDFASN,EQ,2879188,1866092,64.81
20,355,ARVSMART,EQ,124994,82021,65.62
20,356,ASAHIINDIA,EQ,6307629,477844,7.58
20,357,ASAL,EQ,19796,9944,50.23
20,358,ASALCBR,EQ,68347,27024,39.54
20,359,ASHALOG,SM,36000,31000,86.11
20,360,ASHAPURMIN,EQ,235806,149032,63.20
20,361,ASHIANA,EQ,126346,43168,34.17
20,362,ASHOKA,EQ,1204973,554606,46.03
20,363,ASHOKAMET,EQ,48725,37365,76.69
20,364,ASHOKLEY,EQ,10309320,5399975,52.38
20,365,ASIANENE,EQ,190528,105678,55.47
20,366,ASIANHOTNR,EQ,1280,728,56.88
20,367,ASIANPAINT,EQ,1504277,670578,44.58
20,368,ASIANTILES,EQ,1711021,605040,35.36
20,369,ASKAUTOLTD,EQ,141083,67089,47.55
20,370,ASMS,EQ,1197489,565262,47.20
20,371,ASPINWALL,EQ,14786,3860,26.11
20,372,ASPIRE,SM,36000,34000,94.44
20,373,ASTEC,EQ,25210,13209,52.40
20,374,ASTERDM,EQ,852795,477626,56.01
20,375,ASTRAL,EQ,518567,263452,50.80
20,376,ASTRAMICRO,EQ,1923157,1230623,63.99
20,377,ASTRAZEN,EQ,7102,3020,42.52
20,378,ASTRON,EQ,40337,32188,79.80
20,379,ATAM,EQ,28773,14298,49.69
20,380,ATFL,EQ,16088,8450,52.52
20,381,ATGL,EQ,903218,384150,42.53
20,382,ATL,EQ,475102,206820,43.53
20,383,ATMASTCO,ST,29600,24800,83.78
20,384,ATUL,EQ,121658,72690,59.75
20,385,AUBANK,EQ,2771083,1165688,42.07
20,386,AURDIS,SM,14500,10500,72.41
20,387,AURIONPRO,EQ,641992,462478,72.04
20,388,AUROIMPEX,SM,11200,8000,71.43
20,389,AUROPHARMA,EQ,2007987,1089820,54.27
20,390,AURUMPP1,X1,4536,4478,98.72
20,391,AUSL,ST,216000,214000,99.07
20,392,AUTOAXLES,EQ,9139,5236,57.29
20,393,AUTOBEES,EQ,365018,235331,64.47
20,394,AUTOIETF,EQ,934782,632592,67.67
20,395,AUTOIND,EQ,163362,85028,52.05
20,396,AVADHSUGAR,EQ,594775,190002,31.95
20,397,AVALON,EQ,189232,85175,45.01
20,398,AVANTEL,EQ,471692,231742,49.13
20,399,AVANTIFEED,EQ,232851,85234,36.60
20,400,AVG,EQ,27153,12796,47.13
20,401,AVPINFRA,SM,128000,70400,55.00
20,402,AVTNPL,EQ,171036,68975,40.33
20,403,AWFIS,EQ,271434,98742,36.38
20,404,AWHCL,EQ,202750,103013,50.81
20,405,AWL,EQ,1689807,730643,43.24
20,406,AXISBANK,EQ,15009629,9013219,60.05
20,407,AXISBNKETF,EQ,80936,72282,89.31
20,408,AXISBPSETF,EQ,4034953,4026484,99.79
20,409,AXISCADES,EQ,272450,132825,48.75
20,410,AXISCETF,EQ,3643,1901,52.18
20,411,AXISGOLD,EQ,105445,77075,73.09
20,412,AXISHCETF,EQ,2578,2093,81.19
20,413,AXISILVER,EQ,22635,20601,91.01
20,414,AXISNIFTY,EQ,9469,9154,96.67
20,415,AXISTECETF,EQ,1969,1350,68.56
20,416,AXITA,EQ,26973828,6498435,24.09
20,417,AXSENSEX,EQ,14130,4686,33.16
20,418,AZAD,EQ,172721,76706,44.41
20,419,BABAFP,SM,14400,9600,66.67
20,420,BAGFILMS,EQ,787611,381055,48.38
20,421,BAHETI,SM,3000,3000,100.00
20,422,BAJAJ-AUTO,EQ,772831,484264,62.66
20,423,BAJAJCON,EQ,345788,182218,52.70
20,424,BAJAJELEC,EQ,66812,30722,45.98
20,425,BAJAJFINSV,EQ,4225587,2673248,63.26
20,426,BAJAJHCARE,EQ,137901,67319,48.82
20,427,BAJAJHFL,EQ,74914958,22733143,30.35
20,428,BAJAJHIND,EQ,13170322,4326677,32.85
20,429,BAJAJHLDNG,EQ,116438,48240,41.43
20,430,BAJEL,EQ,213682,108550,50.80
20,431,BAJFINANCE,EQ,1645004,782346,47.56
20,432,BALAMINES,EQ,93217,36201,38.84
20,433,BALAXI,EQ,56189,29989,53.37
20,434,BALCO,SM,51600,37200,72.09
20,435,BALKRISHNA,EQ,691353,272948,39.48
20,436,BALKRISIND,EQ,195270,82109,42.05
20,437,BALMLAWRIE,EQ,452245,228704,50.57
20,438,BALRAMCHIN,EQ,4735432,1137645,24.02
20,439,BALUFORGE,EQ,422275,221466,52.45
20,440,BANARBEADS,EQ,20961,8975,42.82
20,441,BANARISUG,EQ,1988,944,47.48
20,442,BANCOINDIA,EQ,130487,52788,40.45
20,443,BANDHANBNK,EQ,13719259,6223181,45.36
20,444,BANG,EQ,32203,16519,51.30
20,445,BANKA,EQ,24768,10956,44.23
20,446,BANKBARODA,EQ,17417523,10471070,60.12
20,447,BANKBEES,EQ,1704817,1041674,61.10
20,448,BANKBETF,EQ,43102,39174,90.89
20,449,BANKETF,EQ,11036,7741,70.14
20,450,BANKETFADD,EQ,78584,77284,98.35
20,451,BANKIETF,EQ,1027950,788677,76.72
20,452,BANKINDIA,EQ,4333880,2025407,46.73
20,453,BANKNIFTY1,EQ,124927,108087,86.52
20,454,BANSALWIRE,EQ,265341,102375,38.58
20,455,BANSWRAS,EQ,39829,30162,75.73
20,456,BARBEQUE,EQ,51138,27628,54.03
20,457,BASF,EQ,25848,13955,53.99
20,458,BASILIC,ST,42000,38700,92.14
20,459,BATAINDIA,EQ,203288,107506,52.88
20,460,BAWEJA,SM,24800,18400,74.19
20,461,BAYERCROP,EQ,36358,23817,65.51
20,462,BBETF0432,EQ,2005,1990,99.25
20,463,BBL,EQ,25532,11992,46.97
20,464,BBNPNBETF,EQ,9040,8401,92.93
20,465,BBNPPGOLD,EQ,8234,8011,97.29
20,466,BBTC,EQ,122009,54262,44.47
20,467,BBTCL,EQ,1863,1326,71.18
20,468,BCLIND,EQ,7363806,2473720,33.59
20,469,BCONCEPTS,EQ,11293,6172,54.65
20,470,BDL,EQ,2710099,962140,35.50
20,471,BEACON,SM,56000,40000,71.43
20,472,BEARDSELL,EQ,139143,58497,42.04
20,473,BECTORFOOD,EQ,1425996,702427,49.26
20,474,BEDMUTHA,EQ,9805,7811,79.66
20,475,BEL,EQ,38501362,21375742,55.52
20,476,BEML,EQ,469820,58787,12.51
20,477,BEPL,EQ,1414252,552837,39.09
20,478,BERGEPAINT,EQ,932381,504618,54.12
20,479,BESTAGRO,EQ,92732,47016,50.70
20,480,BETA,SM,5700,4200,73.68
20,481,BEWLTD,SM,2250,2000,88.89
20,482,BFINVEST,EQ,18471,7845,42.47
20,483,BFSI,EQ,1254188,695432,55.45
20,484,BFUTILITIE,EQ,105325,48227,45.79
20,485,BHAGCHEM,EQ,222350,141139,63.48
20,486,BHAGERIA,EQ,59395,28248,47.56
20,487,BHAGYANGR,EQ,62100,32443,52.24
20,488,BHANDARI,EQ,1478615,790945,53.49
20,489,BHARATFORG,EQ,976662,518638,53.10
20,490,BHARATGEAR,EQ,13972,8588,61.47
20,491,BHARATRAS,EQ,25498,12671,49.69
20,492,BHARATWIRE,EQ,316853,140990,44.50
20,493,BHARTIARTL,EQ,21646275,12332520,56.97
20,494,BHARTIHEXA,EQ,575018,245649,42.72
20,495,BHEL,EQ,13916388,3776468,27.14
20,496,BHINVIT,IV,55431,49188,88.74
20,497,BIGBLOC,EQ,91387,42745,46.77
20,498,BIKAJI,EQ,2397365,1447761,60.39
20,499,BIL,EQ,5436,2783,51.20
20,500,BIOCON,EQ,4175049,1908670,45.72
20,501,BIOFILCHEM,EQ,547457,209435,38.26
20,502,BIRET,RR,333669,318777,95.54
20,503,BIRLACABLE,EQ,48793,20924,42.88
20,504,BIRLACORPN,EQ,58644,35152,59.94
20,505,BLAL,EQ,292405,172283,58.92
20,506,BLISSGVS,EQ,1281125,471774,36.82
20,507,BLKASHYAP,EQ,850559,500018,58.79
20,508,BLS,EQ,3075998,1098347,35.71
20,509,BLSE,EQ,430927,139759,32.43
20,510,BLUEDART,EQ,68629,24196,35.26
20,511,BLUEJET,EQ,108130,55454,51.28
20,512,BLUEPEBBLE,SM,24000,19200,80.00
20,513,BLUESTARCO,EQ,565268,273555,48.39
20,514,BMETRICS,SM,8800,6800,77.27
20,515,BODALCHEM,EQ,474206,234869,49.53
20,516,BOMDYEING,EQ,644979,235126,36.45
20,517,BOROLTD,EQ,119428,63126,52.86
20,518,BORORENEW,EQ,311950,111724,35.81
20,519,BOROSCI,EQ,270029,103922,38.49
20,520,BOSCHLTD,EQ,73949,34780,47.03
20,521,BOSS,SM,278000,118000,42.45
20,522,BPCL,EQ,14642546,7828150,53.46
20,523,BRACEPORT,SM,169600,131200,77.36
20,524,BRIGADE,EQ,640015,421260,65.82
20,525,BRITANNIA,EQ,663556,427334,64.40
20,526,BRNL,EQ,56150,31309,55.76
20,527,BSE,EQ,6839594,1404609,20.54
20,528,BSE500IETF,EQ,278637,117297,42.10
20,529,BSHSL,EQ,29982,17232,57.47
20,530,BSL,EQ,9173,4117,44.88
20,531,BSLGOLDETF,EQ,54637,46554,85.21
20,532,BSLNIFTY,EQ,327899,189934,57.92
20,533,BSLSENETFG,EQ,16480,16198,98.29
20,534,BSOFT,EQ,4071481,1127893,27.70
20,535,BULKCORP,SM,14400,13200,91.67
20,536,BUTTERFLY,EQ,80402,25687,31.95
20,537,BVCL,EQ,14592,7051,48.32
20,538,CADSYS,SM,19000,10000,52.63
20,539,CAMLINFINE,EQ,421076,206034,48.93
20,540,CAMPUS,EQ,2790881,1019121,36.52
20,541,CAMS,EQ,232335,102444,44.09
20,542,CANARYS,ST,80000,64000,80.00
20,543,CANBK,EQ,20245750,10946140,54.07
20,544,CANFINHOME,EQ,442052,141296,31.96
20,545,CANTABIL,EQ,440519,129782,29.46
20,546,CAPACITE,EQ,1569969,524131,33.38
20,547,CAPITALSFB,EQ,36351,20248,55.70
20,548,CAPLIPOINT,EQ,115011,28439,24.73
20,549,CARBORUNIV,EQ,63193,27984,44.28
20,550,CARERATING,EQ,31185,17461,55.99
20,551,CARTRADE,EQ,752617,288072,38.28
20,552,CARYSIL,EQ,168743,85890,50.90
20,553,CASTROLIND,EQ,3168566,1208630,38.14
20,554,CBAZAAR,SM,16000,16000,100.00
20,555,CCL,EQ,183940,64152,34.88
20,556,CDSL,EQ,6003579,2021204,33.67
20,557,CEATLTD,EQ,75906,24411,32.16
20,558,CEIGALL,EQ,362503,160019,44.14
20,559,CELEBRITY,EQ,262755,129929,49.45
20,560,CELLECOR,SM,2388000,1410000,59.05
20,561,CELLO,EQ,319594,204047,63.85
20,562,CELLPOINT,SM,50400,31200,61.90
20,563,CENTENKA,EQ,102577,52479,51.16
20,564,CENTRALBK,EQ,21691234,12165879,56.09
20,565,CENTRUM,EQ,497243,314762,63.30
20,566,CENTUM,EQ,6965,3646,52.35
20,567,CENTURYPLY,EQ,811663,344650,42.46
20,568,CENTURYTEX,EQ,515162,143948,27.94
20,569,CERA,EQ,26847,11842,44.11
20,570,CESC,EQ,3914349,1649552,42.14
20,571,CGCL,EQ,94764,53448,56.40
20,572,CGPOWER,EQ,3126501,1833032,58.63
20,573,CGRAPHICS,SM,28800,19200,66.67
20,574,CHALET,EQ,61541,27145,44.11
20,575,CHAMBLFERT,EQ,2560440,941665,36.78
20,576,CHAVDA,SM,98000,59000,60.20
20,577,CHEMBOND,EQ,13477,6918,51.33
20,578,CHEMCON,EQ,111177,51645,46.45
20,579,CHEMFAB,EQ,38634,21971,56.87
20,580,CHEMPLASTS,EQ,121073,46995,38.82
20,581,CHENNPETRO,EQ,1962381,1184105,60.34
20,582,CHETANA,SM,176000,132800,75.45
20,583,CHEVIOT,EQ,4171,2207,52.91
20,584,CHOICEIN,EQ,474915,122225,25.74
20,585,CHOLAFIN,EQ,1168486,720352,61.65
20,586,CHOLAHLDNG,EQ,360746,152514,42.28
20,587,CIEINDIA,EQ,148155,86389,58.31
20,588,CIGNITITEC,EQ,81977,55285,67.44
20,589,CINELINE,EQ,43183,22987,53.23
20,590,CIPLA,EQ,2504382,1309619,52.29
20,591,CLEAN,EQ,113782,57220,50.29
20,592,CLOUD,ST,165000,145000,87.88
20,593,CLSEL,EQ,665600,324182,48.71
20,594,CLSL,SM,50000,34000,68.00
20,595,CMMIPL,ST,66000,63000,95.45
20,596,CMNL,SM,94500,66000,69.84
20,597,CMRSL,SM,12800,11200,87.50
20,598,CMSINFO,EQ,1408413,538803,38.26
20,599,COALINDIA,EQ,12982128,5289526,40.74
20,600,COASTCORP,EQ,25884,15988,61.77
20,601,COCHINSHIP,EQ,5800913,1593811,27.48
20,602,COFORGE,EQ,299674,123205,41.11
20,603,COLPAL,EQ,1169327,786998,67.30
20,604,COMMOIETF,EQ,59030,33982,57.57
20,605,COMPUSOFT,EQ,233688,103398,44.25
20,606,COMSYN,EQ,42219,11440,27.10
20,607,CONCOR,EQ,4834345,2124327,43.94
20,608,CONCORDBIO,EQ,4008375,2037736,50.84
20,609,CONFIPET,EQ,1598226,527315,32.99
20,610,CONS,EQ,5336,4460,83.58
20,611,CONSOFINVT,EQ,14667,7246,49.40
20,612,CONSUMBEES,EQ,304642,202661,66.52
20,613,CONSUMIETF,EQ,52383,22515,42.98
20,614,CONTI,ST,16665,16665,100.00
20,615,CONTROLPR,EQ,19991,11299,56.52
20,616,COOLCAPS,SM,55000,38750,70.45
20,617,COROMANDEL,EQ,835610,492053,58.89
20,618,COSMOFIRST,EQ,63365,24371,38.46
20,619,CPS,SM,1200,1200,100.00
20,620,CPSEETF,EQ,4500096,3717862,82.62
20,621,CRAFTSMAN,EQ,119012,73134,61.45
20,622,CRAYONS,SM,50000,29000,58.00
20,623,CREATIVE,EQ,18493,9731,52.62
20,624,CREDITACC,EQ,186061,86491,46.49
20,625,CREST,EQ,1740268,242188,13.92
20,626,CRISIL,EQ,31033,18671,60.16
20,627,CROMPTON,EQ,3252868,2250967,69.20
20,628,CSBBANK,EQ,291650,150452,51.59
20,629,CSLFINANCE,EQ,10971,5315,48.45
20,630,CUB,EQ,1789474,861821,48.16
20,631,CUBEXTUB,EQ,23870,13862,58.07
20,632,CUMMINSIND,EQ,686932,374564,54.53
20,633,CYBERMEDIA,EQ,12432,6891,55.43
20,634,CYIENT,EQ,183598,66190,36.05
20,635,CYIENTDLM,EQ,226541,94247,41.60
20,636,DABUR,EQ,1798471,985557,54.80
20,637,DALBHARAT,EQ,478981,364959,76.19
20,638,DALMIASUG,EQ,1604156,531520,33.13
20,639,DAMODARIND,EQ,17247,13408,77.74
20,640,DANGEE,EQ,3166317,666512,21.05
20,641,DATAMATICS,EQ,114305,41079,35.94
20,642,DATAPATTNS,EQ,502907,192017,38.18
20,643,DAVANGERE,EQ,4373266,2152331,49.22
20,644,DBCORP,EQ,150028,54330,36.21
20,645,DBL,EQ,256525,88770,34.60
20,646,DBOL,EQ,173846,103642,59.62
20,647,DBREALTY,EQ,4832514,2460986,50.93
20,648,DBSTOCKBRO,EQ,28674,23965,83.58
20,649,DCAL,EQ,863040,253765,29.40
20,650,DCBBANK,EQ,1194495,784655,65.69
20,651,DCG,ST,27600,26400,95.65
20,652,DCMSHRIRAM,EQ,97749,69890,71.50
20,653,DCMSRIND,EQ,137226,70237,51.18
20,654,DCW,EQ,6490984,1488386,22.93
20,655,DECCANCE,EQ,4877,2734,56.06
20,656,DEEDEV,EQ,197182,116399,59.03
20,657,DEEM,SM,5000,4000,80.00
20,658,DEEPAKFERT,EQ,449981,157186,34.93
20,659,DEEPAKNTR,EQ,189228,82572,43.64
20,660,DEEPINDS,EQ,166206,90606,54.51
20,661,DELAPLEX,SM,13800,9600,69.57
20,662,DELHIVERY,EQ,2696667,1979590,73.41
20,663,DELTACORP,EQ,3203170,1333739,41.64
20,664,DELTAMAGNT,EQ,47021,32886,69.94
20,665,DEN,EQ,4084831,1245743,30.50
20,666,DENEERS,SM,22200,18000,81.08
20,667,DENORA,EQ,10294,4857,47.18
20,668,DENTALKART,SM,32500,23500,72.31
20,669,DESTINY,ST,15000,15000,100.00
20,670,DEVIT,EQ,81037,34784,42.92
20,671,DEVYANI,EQ,20851836,8590739,41.20
20,672,DHAMPURSUG,EQ,859720,351209,40.85
20,673,DHANBANK,EQ,612516,228548,37.31
20,674,DHANI,EQ,2645132,1100260,41.60
20,675,DHANUKA,EQ,56349,28597,50.75
20,676,DHARIWAL,SM,22800,20400,89.47
20,677,DHARMAJ,EQ,86734,43430,50.07
20,678,DHTL,ST,8000,2400,30.00
20,679,DHUNINV,EQ,3833,2102,54.84
20,680,DIAMINESQ,EQ,7606,5226,68.71
20,681,DIAMONDYD,EQ,197245,114073,57.83
20,682,DIGIKORE,ST,16000,15600,97.50
20,683,DIL,EQ,709635,439826,61.98
20,684,DISHTV,EQ,8812595,3018067,34.25
20,685,DIVGIITTS,EQ,13105,6747,51.48
20,686,DIVISLAB,EQ,630993,371726,58.91
20,687,DIVOPPBEES,EQ,77308,45280,58.57
20,688,DIXON,EQ,610684,175429,28.73
20,689,DLF,EQ,4012769,1693148,42.19
20,690,DLINKINDIA,EQ,292398,104966,35.90
20,691,DMART,EQ,598428,330226,55.18
20,692,DMCC,EQ,11155,4982,44.66
20,693,DODLA,EQ,29358,15622,53.21
20,694,DOLATALGO,EQ,709647,332877,46.91
20,695,DOLLAR,EQ,35745,22785,63.74
20,696,DOLLEX,SM,32000,28000,87.50
20,697,DOMS,EQ,71585,35456,49.53
20,698,DPABHUSHAN,EQ,116818,26752,22.90
20,699,DPEL,SM,144000,90000,62.50
20,700,DPSCLTD,EQ,504282,244425,48.47
20,701,DPWIRES,EQ,61914,31389,50.70
20,702,DREAMFOLKS,EQ,142606,66332,46.51
20,703,DRL,SM,6000,6000,100.00
20,704,DRONE,ST,43000,36000,83.72
20,705,DRREDDY,EQ,564730,354965,62.86
20,706,DRSDILIP,SM,4000,3200,80.00
20,707,DSSL,EQ,23930,9383,39.21
20,708,DTIL,EQ,19743,11247,56.97
20,709,DTL,SM,1200,1200,100.00
20,710,DUCOL,ST,31200,27200,87.18
20,711,DUGLOBAL,SM,30000,17500,58.33
20,712,DURLAX,SM,52000,38000,73.08
20,713,DVL,EQ,171258,68994,40.29
20,714,DWARKESH,EQ,1891136,747236,39.51
20,715,DYCL,EQ,51735,27660,53.46
20,716,DYNAMATECH,EQ,7946,3528,44.40
20,717,DYNAMIC,SM,31000,21000,67.74
20,718,EASEMYTRIP,EQ,42601623,4629371,10.87
20,719,EBANKNIFTY,EQ,23866,21819,91.42
20,720,EBBETF0425,EQ,56192,54864,97.64
20,721,EBBETF0430,EQ,15153,11255,74.28
20,722,EBBETF0431,EQ,14936,11656,78.04
20,723,EBBETF0433,EQ,2090,1985,94.98
20,724,ECLERX,EQ,34778,16466,47.35
20,725,ECOSMOBLTY,EQ,1739872,317908,18.27
20,726,EDELWEISS,EQ,7489136,3396605,45.35
20,727,EFACTOR,SM,14400,11200,77.78
20,728,EFFWA,SM,56000,48000,85.71
20,729,EFORCE,SM,30000,22800,76.00
20,730,EGOLD,EQ,93751,93636,99.88
20,731,EICHERMOT,EQ,1332877,594147,44.58
20,732,EIDPARRY,EQ,475365,252749,53.17
20,733,EIFFL,EQ,116405,40024,34.38
20,734,EIHAHOTELS,EQ,46113,13711,29.73
20,735,EIHOTEL,EQ,1014701,653454,64.40
20,736,EKC,EQ,976915,334590,34.25
20,737,ELDEHSG,EQ,499,259,51.90
20,738,ELECON,EQ,411989,264635,64.23
20,739,ELECTCAST,EQ,1861804,974880,52.36
20,740,ELGIEQUIP,EQ,458391,276102,60.23
20,741,ELIN,EQ,284902,115285,40.46
20,742,EMAMILTD,EQ,1538498,1069104,69.49
20,743,EMAMIPAP,EQ,38632,20623,53.38
20,744,EMBASSY,RR,2063019,1773626,85.97
20,745,EMBDL,EQ,11589654,6623704,57.15
20,746,EMCURE,EQ,119194,48382,40.59
20,747,EMIL,EQ,1050696,608188,57.88
20,748,EMKAYTOOLS,SM,300,300,100.00
20,749,EMMBI,EQ,121132,47723,39.40
20,750,EMMIL,SM,52000,46000,88.46
20,751,EMSLIMITED,EQ,850468,272147,32.00
20,752,EMUDHRA,EQ,54892,21875,39.85
20,753,ENDURANCE,EQ,647050,343242,53.05
20,754,ENFUSE,ST,7200,6000,83.33
20,755,ENGINERSIN,EQ,5198110,1253903,24.12
20,756,ENIL,EQ,19076,9772,51.23
20,757,ENSER,SM,30000,26000,86.67
20,758,ENTERO,EQ,20526,10145,49.43
20,759,EPACK,EQ,2864636,911614,31.82
20,760,EPIGRAL,EQ,107656,19294,17.92
20,761,EPL,EQ,1318111,705092,53.49
20,762,EQUAL50ADD,EQ,34096,33062,96.97
20,763,EQUITASBNK,EQ,2765082,1725529,62.40
20,764,ERIS,EQ,2628085,1845942,70.24
20,765,EROSMEDIA,EQ,470639,293123,62.28
20,766,ESABINDIA,EQ,2531,1354,53.50
20,767,ESAFSFB,EQ,979136,435824,44.51
20,768,ESCONET,ST,35200,35200,100.00
20,769,ESCORTS,EQ,1701708,450288,26.46
20,770,ESFL,SM,160200,127800,79.78
20,771,ESG,EQ,214356,185144,86.37
20,772,ESILVER,EQ,10491,6460,61.58
20,773,ESPRIT,SM,22400,19200,85.71
20,774,ESSENTIA,EQ,5158994,3214864,62.32
20,775,ESTER,EQ,417099,133724,32.06
20,776,ETHOSLTD,EQ,29280,17244,58.89
20,777,EUREKAFORB,EQ,331169,236244,71.34
20,778,EUROBOND,SM,7000,5000,71.43
20,779,EUROTEXIND,EQ,3105,2138,68.86
20,780,EVEREADY,EQ,161966,54215,33.47
20,781,EVERESTIND,EQ,13385,4480,33.47
20,782,EVINDIA,EQ,436402,364154,83.44
20,783,EXCEL,EQ,9154653,4661464,50.92
20,784,EXCELINDUS,EQ,24753,13436,54.28
20,785,EXCELLENT,ST,36800,36800,100.00
20,786,EXIDEIND,EQ,3024808,1298164,42.92
20,787,EXPLEOSOL,EQ,10981,5341,48.64
20,788,EXXARO,EQ,20865,13810,66.19
20,789,FACT,EQ,239399,73831,30.84
20,790,FAIRCHEMOR,EQ,7472,4176,55.89
20,791,FALCONTECH,SM,10800,10800,100.00
20,792,FAZE3Q,EQ,35584,24054,67.60
20,793,FCL,EQ,302558,137175,45.34
20,794,FCSSOFT,EQ,3682298,1649785,44.80
20,795,FDC,EQ,656932,195326,29.73
20,796,FEDERALBNK,EQ,8194605,3632672,44.33
20,797,FEDFINA,EQ,125522,55372,44.11
20,798,FELIX,SM,24000,16000,66.67
20,799,FIDEL,SM,10000,9000,90.00
20,800,FIEMIND,EQ,73961,41940,56.71
20,801,FILATEX,EQ,1852172,598937,32.34
20,802,FINCABLES,EQ,168561,85592,50.78
20,803,FINEORG,EQ,18393,8264,44.93
20,804,FINIETF,EQ,284824,193110,67.80
20,805,FINOPB,EQ,430936,194423,45.12
20,806,FINPIPE,EQ,987437,478053,48.41
20,807,FIRSTCRY,EQ,1091515,774270,70.94
20,808,FIVESTAR,EQ,9432298,6070539,64.36
20,809,FLAIR,EQ,93958,48852,51.99
20,810,FLUOROCHEM,EQ,294136,113842,38.70
20,811,FMCGIETF,EQ,889703,634165,71.28
20,812,FMGOETZE,EQ,83690,55468,66.28
20,813,FOCE,SM,600,600,100.00
20,814,FONEBOX,SM,3000,3000,100.00
20,815,FOODSIN,EQ,123357,57219,46.38
20,816,FORCAS,SM,49600,38400,77.42
20,817,FORCEMOT,EQ,116886,32573,27.87
20,818,FORTIS,EQ,3330825,1800758,54.06
20,819,FOSECOIND,EQ,2832,1395,49.26
20,820,FROG,SM,39600,28800,72.73
20,821,FSL,EQ,6255046,2326914,37.20
20,822,FUSION,EQ,207132,101820,49.16
20,823,GABRIEL,EQ,222185,96199,43.30
20,824,GAEL,EQ,2573758,1400814,54.43
20,825,GAIL,EQ,29582243,19528350,66.01
20,826,GAJANAND,ST,45000,45000,100.00
20,827,GALAXYSURF,EQ,36328,17538,48.28
20,828,GANDHAR,EQ,251129,103810,41.34
20,829,GANDHITUBE,EQ,6295,3572,56.74
20,830,GANECOS,EQ,32895,15025,45.68
20,831,GANESHBE,EQ,199387,97163,48.73
20,832,GANESHHOUC,EQ,283514,142484,50.26
20,833,GANGAFORGE,EQ,1848875,611510,33.07
20,834,GANGESSECU,EQ,16136,9261,57.39
20,835,GARFIBRES,EQ,193418,25986,13.44
20,836,GATECH,EQ,80633421,15734165,19.51
20,837,GATEWAY,EQ,873799,531843,60.87
20,838,GEECEE,EQ,8174,2939,35.96
20,839,GENESYS,EQ,170515,81660,47.89
20,840,GENSOL,EQ,117929,66792,56.64
20,841,GENUSPAPER,EQ,2192494,951467,43.40
20,842,GENUSPOWER,EQ,7195274,4813841,66.90
20,843,GEOJITFSL,EQ,1572833,407949,25.94
20,844,GESHIP,EQ,789725,376042,47.62
20,845,GFLLIMITED,EQ,96162,44565,46.34
20,846,GGBL,SM,79800,55800,69.92
20,847,GHCL,EQ,181563,90248,49.71
20,848,GHCLTEXTIL,EQ,214403,102266,47.70
20,849,GICHSGFIN,EQ,245065,98890,40.35
20,850,GICL,SM,24000,21000,87.50
20,851,GICRE,EQ,1251238,723834,57.85
20,852,GILLANDERS,EQ,6740,3256,48.31
20,853,GILLETTE,EQ,336483,229128,68.09
20,854,GILT5YBEES,EQ,500809,476294,95.10
20,855,GINNIFILA,EQ,146709,85160,58.05
20,856,GIPCL,EQ,390934,206551,52.84
20,857,GKWLIMITED,EQ,3841,2432,63.32
20,858,GLAND,EQ,458897,363164,79.14
20,859,GLAXO,EQ,61928,39147,63.21
20,860,GLENMARK,EQ,2923466,1865812,63.82
20,861,GLOBAL,EQ,27798,16329,58.74
20,862,GLOBALPET,SM,15000,10500,70.00
20,863,GLOBUSSPR,EQ,201104,80956,40.26
20,864,GLOSTERLTD,EQ,1994,1522,76.33
20,865,GLS,EQ,310356,167704,54.04
20,866,GMBREW,EQ,141004,40242,28.54
20,867,GMDCLTD,EQ,788852,312874,39.66
20,868,GMMPFAUDLR,EQ,126548,78592,62.10
20,869,GMRINFRA,EQ,82880399,66703173,80.48
20,870,GMRP&UI,EQ,4716158,2932658,62.18
20,871,GNA,EQ,88717,61685,69.53
20,872,GNFC,EQ,570219,340895,59.78
20,873,GOACARBON,EQ,90120,32925,36.53
20,874,GOCLCORP,EQ,63299,39587,62.54
20,875,GOCOLORS,EQ,98099,80694,82.26
20,876,GODFRYPHLP,EQ,755624,456530,60.42
20,877,GODIGIT,EQ,734715,403296,54.89
20,878,GODREJAGRO,EQ,512471,259598,50.66
20,879,GODREJCP,EQ,1885327,1233354,65.42
20,880,GODREJIND,EQ,418057,281158,67.25
20,881,GODREJPROP,EQ,1020027,452233,44.34
20,882,GOKEX,EQ,351918,199880,56.80
20,883,GOKUL,EQ,98739,37630,38.11
20,884,GOKULAGRO,EQ,237073,103273,43.56
20,885,GOLD1,EQ,692323,617011,89.12
20,886,GOLDBEES,EQ,10186997,7260407,71.27
20,887,GOLDCASE,EQ,494805,337395,68.19
20,888,GOLDETF,EQ,201329,149090,74.05
20,889,GOLDETFADD,EQ,148345,146638,98.85
20,890,GOLDIAM,EQ,864506,321108,37.14
20,891,GOLDIETF,EQ,1952305,1288333,65.99
20,892,GOLDKART,ST,5000,5000,100.00
20,893,GOLDSHARE,EQ,216353,195500,90.36
20,894,GOLDSTAR,SM,45000,45000,100.00
20,895,GOLDTECH,EQ,336178,204284,60.77
20,896,GOODLUCK,EQ,134607,70663,52.50
20,897,GOPAL,EQ,1249707,489680,39.18
20,898,GOYALALUM,EQ,207663,123118,59.29
20,899,GOYALSALT,SM,14400,10200,70.83
20,900,GPECO,SM,82800,42000,50.72
20,901,GPIL,EQ,223993,108381,48.39
20,902,GPPL,EQ,1506733,640015,42.48
20,903,GPTHEALTH,EQ,295792,141159,47.72
20,904,GRANULES,EQ,1836678,786407,42.82
20,905,GRAPHISAD,SM,70800,58800,83.05
20,906,GRAPHITE,EQ,2740945,886404,32.34
20,907,GRASIM,EQ,2755774,1928502,69.98
20,908,GRASIMPP1,E1,21365,14212,66.52
20,909,GRAVITA,EQ,156817,57258,36.51
20,910,GRCL,SM,1500,500,33.33
20,911,GREAVESCOT,EQ,2310999,709025,30.68
20,912,GREENCHEF,SM,82400,68000,82.52
20,913,GREENLAM,EQ,34157,14177,41.51
20,914,GREENPANEL,EQ,95852,46960,48.99
20,915,GREENPLY,EQ,229606,102325,44.57
20,916,GREENPOWER,EQ,7671151,3418842,44.57
20,917,GRINDWELL,EQ,50251,22424,44.62
20,918,GRINFRA,EQ,885274,555048,62.70
20,919,GRMOVER,EQ,182916,73957,40.43
20,920,GROBTEA,EQ,1271,1087,85.52
20,921,GROWWEV,EQ,1125447,799879,71.07
20,922,GRSE,EQ,5810787,1821854,31.35
20,923,GRWRHITECH,EQ,40669,20164,49.58
20,924,GSEC10ABSL,EQ,14,13,92.86
20,925,GSEC10IETF,EQ,478,468,97.91
20,926,GSEC10YEAR,EQ,3033,3033,100.00
20,927,GSEC5IETF,EQ,2527,2262,89.51
20,928,GSFC,EQ,1162904,479425,41.23
20,929,GSLSU,EQ,149818,59936,40.01
20,930,GSMFOILS,ST,28000,28000,100.00
20,931,GSPL,EQ,1876036,839946,44.77
20,932,GSS,EQ,106957,70851,66.24
20,933,GSTL,ST,8000,7000,87.50
20,934,GTL,EQ,1163300,594124,51.07
20,935,GTLINFRA,EQ,74919703,33550666,44.78
20,936,GTPL,EQ,135320,39980,29.54
20,937,GUFICBIO,EQ,83382,46802,56.13
20,938,GUJALKALI,EQ,50209,21471,42.76
20,939,GUJGASLTD,EQ,721181,359677,49.87
20,940,GUJRAFFIA,EQ,2666,1663,62.38
20,941,GULFOILLUB,EQ,117459,57854,49.25
20,942,GULFPETRO,EQ,375533,153934,40.99
20,943,GULPOLY,EQ,307081,133097,43.34
20,944,GVPTECH,EQ,159279,105553,66.27
20,945,HAL,EQ,3502389,1220691,34.85
20,946,HAPPSTMNDS,EQ,318033,142386,44.77
20,947,HAPPYFORGE,EQ,18987,9376,49.38
20,948,HARDWYN,EQ,4250013,2437836,57.36
20,949,HARIOMPIPE,EQ,245884,90578,36.84
20,950,HARSHA,EQ,26231,13920,53.07
20,951,HATHWAY,EQ,5180051,1624136,31.35
20,952,HATSUN,EQ,17544,8563,48.81
20,953,HAVELLS,EQ,1360503,824341,60.59
20,954,HAVISHA,EQ,34128,24121,70.68
20,955,HBLPOWER,EQ,806110,335484,41.62
20,956,HCC,EQ,19650643,8350405,42.49
20,957,HCG,EQ,123819,73022,58.97
20,958,HCL-INSYS,EQ,475071,285561,60.11
20,959,HCLTECH,EQ,4644317,2163949,46.59
20,960,HDFCAMC,EQ,737967,485262,65.76
20,961,HDFCBANK,EQ,30311693,17465531,57.62
20,962,HDFCBSE500,EQ,60211,52970,87.97
20,963,HDFCGOLD,EQ,1541168,1189377,77.17
20,964,HDFCGROWTH,EQ,34144,24298,71.16
20,965,HDFCLIFE,EQ,7891171,4066485,51.53
20,966,HDFCLIQUID,EQ,601,601,100.00
20,967,HDFCLOWVOL,EQ,32650,27688,84.80
20,968,HDFCMID150,EQ,427318,165933,38.83
20,969,HDFCMOMENT,EQ,169908,93802,55.21
20,970,HDFCNEXT50,EQ,87621,47364,54.06
20,971,HDFCNIF100,EQ,64517,51452,79.75
20,972,HDFCNIFBAN,EQ,163111,155677,95.44
20,973,HDFCNIFIT,EQ,50419,42898,85.08
20,974,HDFCNIFTY,EQ,60669,43132,71.09
20,975,HDFCPSUBK,EQ,42892,32116,74.88
20,976,HDFCPVTBAN,EQ,470431,416124,88.46
20,977,HDFCQUAL,EQ,37783,20018,52.98
20,978,HDFCSENSEX,EQ,56163,52738,93.90
20,979,HDFCSILVER,EQ,424383,304718,71.80
20,980,HDFCSML250,EQ,471200,272766,57.89
20,981,HDFCVALUE,EQ,10655,8400,78.84
20,982,HEADSUP,EQ,157105,84543,53.81
20,983,HEALTHADD,EQ,94,56,59.57
20,984,HEALTHIETF,EQ,114925,68352,59.48
20,985,HEALTHY,EQ,2054237,1189331,57.90
20,986,HEG,EQ,398850,80492,20.18
20,987,HEIDELBERG,EQ,202466,97574,48.19
20,988,HEMIPROP,EQ,451145,201155,44.59
20,989,HERANBA,EQ,122996,49344,40.12
20,990,HERCULES,EQ,45118,25802,57.19
20,991,HERITGFOOD,EQ,1468298,925791,63.05
20,992,HEROMOTOCO,EQ,993542,598595,60.25
20,993,HESTERBIO,EQ,2858,1252,43.81
20,994,HEUBACHIND,EQ,67949,35255,51.88
20,995,HFCL,EQ,51799301,13634399,26.32
20,996,HGINFRA,EQ,97951,39801,40.63
20,997,HGS,EQ,60732,31142,51.28
20,998,HIGREEN,SM,49600,35200,70.97
20,999,HIKAL,EQ,462240,155570,33.66
20,1000,HIL,EQ,11628,7700,66.22
20,1001,HILTON,EQ,220340,100625,45.67
20,1002,HIMATSEIDE,EQ,4609923,2129730,46.20
20,1003,HINDALCO,EQ,9753966,5653837,57.96
20,1004,HINDCOMPOS,EQ,14164,7009,49.48
20,1005,HINDCON,EQ,138093,32834,23.78
20,1006,HINDCOPPER,EQ,10243702,4474949,43.68
20,1007,HINDOILEXP,EQ,490237,202493,41.31
20,1008,HINDPETRO,EQ,9159103,5446914,59.47
20,1009,HINDUNILVR,EQ,3641632,1819612,49.97
20,1010,HINDWAREAP,EQ,163847,103879,63.40
20,1011,HINDZINC,EQ,2846982,1569970,55.15
20,1012,HIRECT,EQ,8399,4446,52.93
20,1013,HISARMETAL,EQ,8826,4668,52.89
20,1014,HITECH,EQ,2525118,1102129,43.65
20,1015,HITECHCORP,EQ,650471,238528,36.67
20,1016,HLEGLAS,EQ,50431,25722,51.00
20,1017,HLVLTD,EQ,2667904,1799444,67.45
20,1018,HMAAGRO,EQ,307598,186549,60.65
20,1019,HMVL,EQ,23687,12035,50.81
20,1020,HNDFDS,EQ,375000,213980,57.06
20,1021,HNGSNGBEES,EQ,110303,80149,72.66
20,1022,HOLMARC,SM,1500,1500,100.00
20,1023,HOMEFIRST,EQ,1612179,1044537,64.79
20,1024,HONASA,EQ,5953681,4116939,69.15
20,1025,HONAUT,EQ,19586,15405,78.65
20,1026,HONDAPOWER,EQ,10591,5182,48.93
20,1027,HPAL,EQ,328759,210680,64.08
20,1028,HPIL,EQ,6380,4532,71.03
20,1029,HPL,EQ,132622,61666,46.50
20,1030,HRHNEXT,ST,60000,57000,95.00
20,1031,HSCL,EQ,2608657,969470,37.16
20,1032,HTMEDIA,EQ,256922,65600,25.53
20,1033,HUDCO,EQ,39836437,9997932,25.10
20,1034,HUHTAMAKI,EQ,119208,50492,42.36
20,1035,IBLFL,SM,120000,88000,73.33
20,1036,ICEMAKE,EQ,28362,14351,50.60
20,1037,ICICIB22,EQ,498687,315311,63.23
20,1038,ICICIBANK,EQ,73257767,44237266,60.39
20,1039,ICICIGI,EQ,1452094,716039,49.31
20,1040,ICICIPRULI,EQ,1602126,792979,49.50
20,1041,ICIL,EQ,238919,99355,41.59
20,1042,ICRA,EQ,5678,2213,38.97
20,1043,IDBI,EQ,5759040,1868050,32.44
20,1044,IDEA,EQ,1528422309,471205249,30.83
20,1045,IDEAFORGE,EQ,213393,89832,42.10
20,1046,IDEALTECHO,SM,25000,17000,68.00
20,1047,IDFC,EQ,7794356,5213014,66.88
20,1048,IDFCFIRSTB,EQ,42448766,19265217,45.38
20,1049,IDFNIFTYET,EQ,598,404,67.56
20,1050,IEML,SM,23000,19000,82.61
20,1051,IEX,EQ,21702823,8896026,40.99
20,1052,IFBIND,EQ,34648,17843,51.50
20,1053,IFCI,EQ,22692979,4622862,20.37
20,1054,IFCIZC24,NI,6,6,100.00
20,1055,IFGLEXPOR,EQ,7025,4305,61.28
20,1056,IGARASHI,EQ,65006,24972,38.41
20,1057,IGL,EQ,2853876,1991830,69.79
20,1058,IGPL,EQ,34855,18702,53.66
20,1059,IIFL,EQ,45196738,12666638,28.03
20,1060,IIFLHF29,NE,20,20,100.00
20,1061,IIFLSEC,EQ,6368052,3934577,61.79
20,1062,IIFLZC25B,NW,100,100,100.00
20,1063,IIFLZC25C,N8,20,20,100.00
20,1064,IIFLZC26B,NY,700,500,71.43
20,1065,IIFLZC28,NG,150,30,20.00
20,1066,IIFLZC28A,NU,14,14,100.00
20,1067,IIFLZC28B,Y1,710,710,100.00
20,1068,IIFLZC28C,N6,46,46,100.00
20,1069,IKIO,EQ,129665,66484,51.27
20,1070,IMAGICAA,EQ,3417874,1426334,41.73
20,1071,IMC1,N0,168,168,100.00
20,1072,IMFA,EQ,71485,32478,45.43
20,1073,IMPAL,EQ,4146,2365,57.04
20,1074,INDBANK,EQ,81211,35967,44.29
20,1075,INDGN,EQ,458956,224966,49.02
20,1076,INDHOTEL,EQ,2945519,1198077,40.67
20,1077,INDIACEM,EQ,5204815,3641553,69.97
20,1078,INDIAGLYCO,EQ,124481,53246,42.77
20,1079,INDIAMART,EQ,200751,101637,50.63
20,1080,INDIANB,EQ,2124662,1552786,73.08
20,1081,INDIANCARD,EQ,2740,1276,46.57
20,1082,INDIANHUME,EQ,111468,38857,34.86
20,1083,INDIASHLTR,EQ,159183,85829,53.92
20,1084,INDIGO,EQ,1361564,876199,64.35
20,1085,INDIGOPNTS,EQ,286603,161034,56.19
20,1086,INDIGRID,IV,209717,182235,86.90
20,1087,INDNIPPON,EQ,11769,6085,51.70
20,1088,INDOAMIN,EQ,340632,127195,37.34
20,1089,INDOBORAX,EQ,745775,230710,30.94
20,1090,INDOCO,EQ,61910,36740,59.34
20,1091,INDORAMA,EQ,391123,183062,46.80
20,1092,INDOSTAR,EQ,2683031,1068024,39.81
20,1093,INDOTECH,EQ,14256,9745,68.36
20,1094,INDRAMEDCO,EQ,374282,178729,47.75
20,1095,INDSWFTLTD,EQ,26314,17057,64.82
20,1096,INDTERRAIN,EQ,194873,73914,37.93
20,1097,INDUSINDBK,EQ,5335400,3629095,68.02
20,1098,INDUSTOWER,EQ,46485982,24434789,52.56
20,1099,INFINIUM,SM,75500,45000,59.60
20,1100,INFOBEAN,EQ,29677,6902,23.26
20,1101,INFOLLION,ST,1600,1600,100.00
20,1102,INFRABEES,EQ,34061,21690,63.68
20,1103,INFRAIETF,EQ,1330012,1269608,95.46
20,1104,INFY,EQ,15242974,8354395,54.81
20,1105,INGERRAND,EQ,10845,7331,67.60
20,1106,INM,SM,600,600,100.00
20,1107,INNOMET,ST,409200,390000,95.31
20,1108,INNOVACAP,EQ,86710,37509,43.26
20,1109,INNOVANA,SM,800,800,100.00
20,1110,INOXGREEN,EQ,2971853,880520,29.63
20,1111,INOXINDIA,EQ,340699,198878,58.37
20,1112,INOXWIND,EQ,30082498,19002613,63.17
20,1113,INSECTICID,EQ,32725,14157,43.26
20,1114,INSPIRE,SM,12000,10000,83.33
20,1115,INTELLECT,EQ,82019,41328,50.39
20,1116,INTERARCH,EQ,1773789,581945,32.81
20,1117,INTLCONV,EQ,2778285,1136875,40.92
20,1118,INVENTURE,EQ,4042107,2219961,54.92
20,1119,IOB,EQ,7406089,1844222,24.90
20,1120,IOC,EQ,20652037,12581772,60.92
20,1121,IOLCP,EQ,536013,157432,29.37
20,1122,IONEXCHANG,EQ,455651,145327,31.89
20,1123,IPCALAB,EQ,446166,286938,64.31
20,1124,IPHL,SM,130800,85200,65.14
20,1125,IPL,EQ,246594,111422,45.18
20,1126,IRB,EQ,130358748,82068831,62.96
20,1127,IRBINVIT,IV,479708,463059,96.53
20,1128,IRCON,EQ,15432616,3430011,22.23
20,1129,IRCTC,EQ,1955170,950588,48.62
20,1130,IREDA,EQ,14476821,3760614,25.98
20,1131,IRFC,EQ,51104236,11079257,21.68
20,1132,IRISDOREME,EQ,402886,209488,52.00
20,1133,IRMENERGY,EQ,191408,118647,61.99
20,1134,ISEC,EQ,381987,203331,53.23
20,1135,ISGEC,EQ,59357,26241,44.21
20,1136,ISHAN,ST,1344000,1152000,85.71
20,1137,IT,EQ,771496,656242,85.06
20,1138,ITALIANE,SM,54000,46000,85.19
20,1139,ITBEES,EQ,7265230,3978957,54.77
20,1140,ITC,EQ,23808194,10642170,44.70
20,1141,ITDC,EQ,41003,10535,25.69
20,1142,ITDCEM,EQ,16740583,4001594,23.90
20,1143,ITETF,EQ,369247,286191,77.51
20,1144,ITETFADD,EQ,24541,18342,74.74
20,1145,ITI,EQ,509551,172262,33.81
20,1146,ITIETF,EQ,1546267,839086,54.27
20,1147,IVZINGOLD,EQ,859,825,96.04
20,1148,IVZINNIFTY,EQ,38,29,76.32
20,1149,IXIGO,EQ,668486,416363,62.28
20,1150,JAGRAN,EQ,494570,224073,45.31
20,1151,JAGSNPHARM,EQ,25629,8222,32.08
20,1152,JAIBALAJI,EQ,272894,190038,69.64
20,1153,JAICORPLTD,EQ,465727,171568,36.84
20,1154,JAIPURKURT,EQ,78553,23189,29.52
20,1155,JALAN,ST,153000,144000,94.12
20,1156,JAMNAAUTO,EQ,5105986,2501343,48.99
20,1157,JASH,EQ,78141,39670,50.77
20,1158,JAYAGROGN,EQ,33853,19063,56.31
20,1159,JAYBARMARU,EQ,533348,131677,24.69
20,1160,JAYBEE,SM,164000,91000,55.49
20,1161,JAYNECOIND,EQ,514345,287972,55.99
20,1162,JAYSREETEA,EQ,205876,100950,49.03
20,1163,JBCHEPHARM,EQ,178811,122320,68.41
20,1164,JBMA,EQ,301192,137866,45.77
20,1165,JCHAC,EQ,30591,13699,44.78
20,1166,JEYYAM,ST,226000,220000,97.35
20,1167,JFLLIFE,ST,90000,78000,86.67
20,1168,JGCHEM,EQ,256577,81301,31.69
20,1169,JINDALPHOT,EQ,8659,3953,45.65
20,1170,JINDALPOLY,EQ,70337,27822,39.56
20,1171,JINDALSAW,EQ,775548,440734,56.83
20,1172,JINDALSTEL,EQ,3076614,1337195,43.46
20,1173,JINDRILL,EQ,10791,4809,44.56
20,1174,JINDWORLD,EQ,1537943,232182,15.10
20,1175,JIOFIN,EQ,38491941,19919006,51.75
20,1176,JISLDVREQS,EQ,43975,10809,24.58
20,1177,JISLJALEQS,EQ,2110931,884627,41.91
20,1178,JITFINFRA,EQ,32342,17523,54.18
20,1179,JIWANRAM,SM,216000,144000,66.67
20,1180,J&KBANK,EQ,3834460,1905811,49.70
20,1181,JKCEMENT,EQ,244971,152359,62.19
20,1182,JKIL,EQ,162477,102378,63.01
20,1183,JKLAKSHMI,EQ,136372,98520,72.24
20,1184,JKPAPER,EQ,673390,251008,37.28
20,1185,JKTYRE,EQ,424098,175466,41.37
20,1186,JLHL,EQ,1225797,888658,72.50
20,1187,JMA,EQ,51665,38736,74.98
20,1188,JMFINANCIL,EQ,10441305,3047586,29.19
20,1189,JOCIL,EQ,36359,23242,63.92
20,1190,JPOLYINVST,EQ,9684,4881,50.40
20,1191,JPPOWER,EQ,19968452,12072653,60.46
20,1192,JSFB,EQ,292771,180731,61.73
20,1193,JSL,EQ,1379940,846028,61.31
20,1194,JSLL,SM,17100,16560,96.84
20,1195,JSWENERGY,EQ,6369882,3411861,53.56
20,1196,JSWHL,EQ,8332,3510,42.13
20,1197,JSWINFRA,EQ,3124097,1625548,52.03
20,1198,JSWSTEEL,EQ,8035572,2504172,31.16
20,1199,JTEKTINDIA,EQ,146075,71957,49.26
20,1200,JTLIND,EQ,1065781,510479,47.90
20,1201,JUBLFOOD,EQ,3809291,1703456,44.72
20,1202,JUBLINDS,EQ,7702,5274,68.48
20,1203,JUBLINGREA,EQ,598200,231810,38.75
20,1204,JUBLPHARMA,EQ,513293,187134,36.46
20,1205,JUNIORBEES,EQ,197101,122204,62.00
20,1206,JUNIPER,EQ,102442,58343,56.95
20,1207,JUSTDIAL,EQ,269421,93202,34.59
20,1208,JWL,EQ,1699655,642025,37.77
20,1209,JYOTHYLAB,EQ,495216,248184,50.12
20,1210,JYOTICNC,EQ,306800,229564,74.83
20,1211,JYOTISTRUC,EQ,6887773,4039770,58.65
20,1212,K2INFRA,ST,51600,46800,90.70
20,1213,KABRAEXTRU,EQ,106168,54043,50.90
20,1214,KAJARIACER,EQ,162643,104355,64.16
20,1215,KAKATCEM,EQ,9032,3508,38.84
20,1216,KALAMANDIR,EQ,687154,384051,55.89
20,1217,KALYANKJIL,EQ,6892361,2099680,30.46
20,1218,KAMATHOTEL,EQ,38040,18073,47.51
20,1219,KAMDHENU,EQ,377131,103138,27.35
20,1220,KAMOPAINTS,EQ,41720981,6446282,15.45
20,1221,KANANIIND,EQ,376599,231561,61.49
20,1222,KANDARP,SM,172000,64000,37.21
20,1223,KANORICHEM,EQ,185123,91156,49.24
20,1224,KANPRPLA,EQ,14294,7845,54.88
20,1225,KANSAINER,EQ,482473,292568,60.64
20,1226,KARNIKA,SM,400,400,100.00
20,1227,KARURVYSYA,EQ,2825569,2320481,82.12
20,1228,KATARIA,SM,79200,55200,69.70
20,1229,KAYNES,EQ,332407,93070,28.00
20,1230,KCEIL,ST,11500,11000,95.65
20,1231,KCK,SM,16000,10000,62.50
20,1232,KCP,EQ,310359,113022,36.42
20,1233,KDDL,EQ,155872,88959,57.07
20,1234,KDL,ST,4300,4300,100.00
20,1235,KEC,EQ,1860651,928451,49.90
20,1236,KECL,EQ,233063,112151,48.12
20,1237,KEI,EQ,1048476,515327,49.15
20,1238,KEL,SM,46800,31200,66.67
20,1239,KELLTONTEC,EQ,985041,333716,33.88
20,1240,KERNEX,EQ,101255,45120,44.56
20,1241,KESORAMIND,EQ,585561,256063,43.73
20,1242,KEYFINSERV,EQ,6248,2333,37.34
20,1243,KFINTECH,EQ,2632390,1683779,63.96
20,1244,KHADIM,EQ,13359,6007,44.97
20,1245,KHAICHEM,EQ,766704,292888,38.20
20,1246,KHANDSE,EQ,36394,24184,66.45
20,1247,KHFM,SM,15500,12400,80.00
20,1248,KILITCH,EQ,25654,15142,59.02
20,1249,KIMS,EQ,215476,112097,52.02
20,1250,KINGFA,EQ,9033,4502,49.84
20,1251,KIOCL,EQ,70881,39793,56.14
20,1252,KIRIINDUS,EQ,516290,217811,42.19
20,1253,KIRLOSBROS,EQ,338846,198428,58.56
20,1254,KIRLOSENG,EQ,244375,145845,59.68
20,1255,KIRLOSIND,EQ,4079,2539,62.25
20,1256,KIRLPNU,EQ,778714,563756,72.40
20,1257,KITEX,EQ,572808,272739,47.61
20,1258,KKCL,EQ,51937,34005,65.47
20,1259,KKVAPOW,SM,468,468,100.00
20,1260,KLL,SM,25600,17600,68.75
20,1261,KNAGRI,ST,20000,19200,96.00
20,1262,KNRCON,EQ,1463134,1003652,68.60
20,1263,KODYTECH,SM,7100,5200,73.24
20,1264,KOHINOOR,EQ,598417,248877,41.59
20,1265,KOKUYOCMLN,EQ,1105780,379058,34.28
20,1266,KOLTEPATIL,EQ,1091384,436034,39.95
20,1267,KONSTELEC,SM,20000,17000,85.00
20,1268,KONTOR,SM,4800,2400,50.00
20,1269,KOPRAN,EQ,682354,278497,40.81
20,1270,KORE,ST,2000,2000,100.00
20,1271,KOTAKBANK,EQ,18849579,13242294,70.25
20,1272,KOTARISUG,EQ,203172,79049,38.91
20,1273,KOTHARIPET,EQ,121798,77902,63.96
20,1274,KOTYARK,SM,16200,11300,69.75
20,1275,KPIL,EQ,260926,173800,66.61
20,1276,KPITTECH,EQ,1393739,731017,52.45
20,1277,KPRMILL,EQ,1591958,256887,16.14
20,1278,KRBL,EQ,687015,310382,45.18
20,1279,KRIDHANINF,EQ,526217,308118,58.55
20,1280,KRISHANA,EQ,10904,2971,27.25
20,1281,KRISHCA,ST,27500,25500,92.73
20,1282,KRISHIVAL,SM,3500,3500,100.00
20,1283,KRISHNADEF,ST,37000,34000,91.89
20,1284,KRITI,EQ,149643,71505,47.78
20,1285,KRITIKA,EQ,6113312,4832751,79.05
20,1286,KRONOX,EQ,248405,87722,35.31
20,1287,KROSS,EQ,1025555,346948,33.83
20,1288,KRSNAA,EQ,325991,146059,44.80
20,1289,KRYSTAL,EQ,41446,20633,49.78
20,1290,KSB,EQ,129901,64789,49.88
20,1291,KSCL,EQ,178888,68083,38.06
20,1292,KSL,EQ,100809,57147,56.69
20,1293,KSOLVES,EQ,20217,12265,60.67
20,1294,KTKBANK,EQ,1877530,1005513,53.56
20,1295,KTL,SM,9000,9000,100.00
20,1296,KUANTUM,EQ,27719,12745,45.98
20,1297,LAGNAM,EQ,40248,12495,31.05
20,1298,LALPATHLAB,EQ,181546,112696,62.08
20,1299,LAMBODHARA,EQ,15197,8522,56.08
20,1300,LANCORHOL,EQ,42580,27501,64.59
20,1301,LANDMARK,EQ,59312,31287,52.75
20,1302,LAOPALA,EQ,273906,154344,56.35
20,1303,LATENTVIEW,EQ,198923,98036,49.28
20,1304,LATTEYS,EQ,1062783,719921,67.74
20,1305,LAURUSLABS,EQ,2651519,1481941,55.89
20,1306,LAWSIKHO,SM,55500,37500,67.57
20,1307,LAXMICOT,EQ,350929,100842,28.74
20,1308,LAXMIMACH,EQ,4734,2943,62.17
20,1309,LEMERITE,SM,40000,19200,48.00
20,1310,LEMONTREE,EQ,4069186,1916600,47.10
20,1311,LEXUS,EQ,48297,32480,67.25
20,1312,LFIC,EQ,28705,11843,41.26
20,1313,LGBBROSLTD,EQ,33894,18665,55.07
20,1314,LIBAS,EQ,122028,58114,47.62
20,1315,LICHSGFIN,EQ,1992776,872121,43.76
20,1316,LICI,EQ,1547836,711582,45.97
20,1317,LICMFGOLD,EQ,410,324,79.02
20,1318,LICNETFGSC,EQ,83581,74321,88.92
20,1319,LICNETFN50,EQ,1966,196,9.97
20,1320,LICNETFSEN,EQ,157,61,38.85
20,1321,LICNFNHGP,EQ,796,722,90.70
20,1322,LICNMID100,EQ,10714,7353,68.63
20,1323,LIKHITHA,EQ,152744,88577,57.99
20,1324,LINC,EQ,30272,15731,51.97
20,1325,LINCOLN,EQ,37019,18865,50.96
20,1326,LINDEINDIA,EQ,69002,19877,28.81
20,1327,LIQUID,EQ,327280,249949,76.37
20,1328,LIQUID1,EQ,498963,418959,83.97
20,1329,LIQUIDADD,EQ,709236,447973,63.16
20,1330,LIQUIDBEES,EQ,4138316,3897147,94.17
20,1331,LIQUIDBETF,EQ,39960,19920,49.85
20,1332,LIQUIDCASE,EQ,5197815,4948270,95.20
20,1333,LIQUIDETF,EQ,313372,231463,73.86
20,1334,LIQUIDIETF,EQ,625182,325986,52.14
20,1335,LIQUIDSBI,EQ,10347,5021,48.53
20,1336,LIQUIDSHRI,EQ,1447,1395,96.41
20,1337,LLOYDS,SM,14000,8000,57.14
20,1338,LLOYDSENGG,EQ,3627871,1383351,38.13
20,1339,LLOYDSME,EQ,1624115,938328,57.77
20,1340,LODHA,EQ,3434814,1456174,42.39
20,1341,LOKESHMACH,EQ,86985,49690,57.12
20,1342,LORDSCHLO,EQ,35524,19694,55.44
20,1343,LOTUSEYE,EQ,37170,17717,47.66
20,1344,LOWVOL,EQ,6191,5887,95.09
20,1345,LOWVOL1,EQ,317593,288116,90.72
20,1346,LOWVOLIETF,EQ,2850866,2550885,89.48
20,1347,LOYALTEX,EQ,2992,1665,55.65
20,1348,LRRPL,ST,15000,15000,100.00
20,1349,LT,EQ,5401701,2502587,46.33
20,1350,LTF,EQ,10622489,5990375,56.39
20,1351,LTFOODS,EQ,5169061,3527780,68.25
20,1352,LTGILTBEES,EQ,10573299,9587220,90.67
20,1353,LTIM,EQ,393050,177206,45.08
20,1354,LTTS,EQ,121020,48369,39.97
20,1355,LUMAXIND,EQ,7312,4511,61.69
20,1356,LUMAXTECH,EQ,296526,166445,56.13
20,1357,LUPIN,EQ,1330836,817744,61.45
20,1358,LUXIND,EQ,66934,30114,44.99
20,1359,LXCHEM,EQ,1632924,679496,41.61
20,1360,LYKALABS,EQ,100273,49610,49.47
20,1361,MAANALU,EQ,205109,130567,63.66
20,1362,MACOBSTECH,SM,137600,112000,81.40
20,1363,MADHAV,EQ,38611,16461,42.63
20,1364,MADHAVBAUG,SM,7200,6800,94.44
20,1365,MADHUSUDAN,SM,48000,33000,68.75
20,1366,MADRASFERT,EQ,151744,73964,48.74
20,1367,MAFANG,EQ,844440,731067,86.57
20,1368,MAGADSUGAR,EQ,342721,82257,24.00
20,1369,MAGNUM,EQ,145135,110423,76.08
20,1370,MAGSON,SM,12000,12000,100.00
20,1371,MAHABANK,EQ,18559284,8358118,45.03
20,1372,MAHESHWARI,EQ,59941,29475,49.17
20,1373,MAHICKRA,SM,750,750,100.00
20,1374,MAHKTECH,EQ,1198190,888609,74.16
20,1375,MAHLIFE,EQ,141235,71802,50.84
20,1376,MAHLOG,EQ,316086,120564,38.14
20,1377,MAHSCOOTER,EQ,24594,13529,55.01
20,1378,MAHSEAMLES,EQ,251643,145758,57.92
20,1379,MAITHANALL,EQ,463154,232107,50.11
20,1380,MAITREYA,ST,17600,12800,72.73
20,1381,MAKEINDIA,EQ,53915,40499,75.12
20,1382,MAKS,ST,18000,15000,83.33
20,1383,MAL,SM,60800,9600,15.79
20,1384,MALLCOM,EQ,19815,9220,46.53
20,1385,MALUPAPER,EQ,48697,16736,34.37
20,1386,MANAKSIA,EQ,264908,93873,35.44
20,1387,MANAKSTEEL,EQ,230706,122351,53.03
20,1388,MANALIPETC,EQ,275413,147737,53.64
20,1389,MANAPPURAM,EQ,6798006,2017344,29.68
20,1390,MANCREDIT,EQ,40246,2607,6.48
20,1391,MANDEEP,ST,28000,26000,92.86
20,1392,MANGALAM,EQ,34246,18374,53.65
20,1393,MANGCHEFER,EQ,220500,146364,66.38
20,1394,MANGLMCEM,EQ,98381,51765,52.62
20,1395,MANINDS,EQ,229746,127620,55.55
20,1396,MANINFRA,EQ,412486,181046,43.89
20,1397,MANKIND,EQ,1991090,474006,23.81
20,1398,MANORAMA,EQ,47199,26076,55.25
20,1399,MANUGRAPH,EQ,62646,31031,49.53
20,1400,MANYAVAR,EQ,350503,300396,85.70
20,1401,MAPMYINDIA,EQ,86423,38037,44.01
20,1402,MARALOVER,EQ,27155,13246,48.78
20,1403,MARATHON,EQ,630137,228302,36.23
20,1404,MARCO,SM,21000,18000,85.71
20,1405,MARICO,EQ,2799627,1852102,66.16
20,1406,MARINETRAN,SM,12000,8000,66.67
20,1407,MARKSANS,EQ,28498783,9851620,34.57
20,1408,MARSHALL,EQ,507337,94918,18.71
20,1409,MARUTI,EQ,875654,395305,45.14
20,1410,MASFIN,EQ,283922,152717,53.79
20,1411,MASON,SM,84000,50000,59.52
20,1412,MASPTOP50,EQ,287152,207275,72.18
20,1413,MASTEK,EQ,61870,31723,51.27
20,1414,MASTER,ST,4000,4000,100.00
20,1415,MATRIMONY,EQ,25475,11976,47.01
20,1416,MAWANASUG,EQ,511506,161432,31.56
20,1417,MAXESTATES,EQ,397176,237298,59.75
20,1418,MAXHEALTH,EQ,9930210,5987933,60.30
20,1419,MAXIND,EQ,50325,32271,64.13
20,1420,MAXPOSURE,SM,12000,10000,83.33
20,1421,MAYURUNIQ,EQ,60485,27857,46.06
20,1422,MAZDA,EQ,7012,4007,57.14
20,1423,MAZDOCK,EQ,6028180,650400,10.79
20,1424,MBAPL,EQ,20065,4981,24.82
20,1425,MCL,EQ,96071,26479,27.56
20,1426,MCLEODRUSS,EQ,942002,528935,56.15
20,1427,MCX,EQ,407689,134485,32.99
20,1428,MDL,SM,2000,2000,100.00
20,1429,MEDANTA,EQ,1735068,1229532,70.86
20,1430,MEDIASSIST,EQ,364475,157905,43.32
20,1431,MEDICAMEQ,EQ,51906,14401,27.74
20,1432,MEDIORG,SM,8000,8000,100.00
20,1433,MEDPLUS,EQ,889491,679016,76.34
20,1434,MEGAFLEX,SM,57000,39000,68.42
20,1435,MEGASOFT,EQ,443697,234832,52.93
20,1436,MEGASTAR,EQ,7262,6130,84.41
20,1437,MEGATHERM,ST,14800,14000,94.59
20,1438,MENONBE,EQ,160207,107105,66.85
20,1439,METALIETF,EQ,3741097,2253493,60.24
20,1440,METROBRAND,EQ,95146,57970,60.93
20,1441,METROPOLIS,EQ,121227,51116,42.17
20,1442,MFSL,EQ,1176971,643275,54.66
20,1443,MGL,EQ,607554,122461,20.16
20,1444,MHLXMIRU,EQ,8193,5286,64.52
20,1445,MHRIL,EQ,329718,206012,62.48
20,1446,MICROPRO,SM,20800,14400,69.23
20,1447,MID150BEES,EQ,379645,200831,52.90
20,1448,MID150CASE,EQ,268923,171374,63.73
20,1449,MIDCAP,EQ,24881,10897,43.80
20,1450,MIDCAPETF,EQ,1992115,1188031,59.64
20,1451,MIDCAPIETF,EQ,844526,385230,45.61
20,1452,MIDHANI,EQ,408177,131091,32.12
20,1453,MIDQ50ADD,EQ,2716,1781,65.57
20,1454,MIDSELIETF,EQ,538129,337227,62.67
20,1455,MIDSMALL,EQ,376947,325488,86.35
20,1456,MIEL,SM,194000,148000,76.29
20,1457,MINDACORP,EQ,11666778,3386285,29.03
20,1458,MINDSPACE,RR,279467,247283,88.48
20,1459,MIRZAINT,EQ,256379,163661,63.84
20,1460,MITCON,EQ,13153,9270,70.48
20,1461,MITCONPP,E1,684,679,99.27
20,1462,MITTAL,EQ,1089730,731639,67.14
20,1463,M&M,EQ,12492909,7265204,58.15
20,1464,M&MFIN,EQ,16177572,9635138,59.56
20,1465,MMFL,EQ,29416,14246,48.43
20,1466,MMTC,EQ,2317438,610444,26.34
20,1467,MNC,EQ,152822,114181,74.72
20,1468,MODEFENCE,EQ,437128,328887,75.24
20,1469,MOGSEC,EQ,1722,1036,60.16
20,1470,MOHEALTH,EQ,27641,16239,58.75
20,1471,MOIL,EQ,1029304,477374,46.38
20,1472,MOL,EQ,860144,309078,35.93
20,1473,MOLDTECH,EQ,43198,25776,59.67
20,1474,MOLDTKPAC,EQ,38197,21923,57.39
20,1475,MOLOWVOL,EQ,295859,293188,99.10
20,1476,MOM100,EQ,562950,259989,46.18
20,1477,MOM30IETF,EQ,11653886,9758721,83.74
20,1478,MOM50,EQ,3425,2196,64.12
20,1479,MOMENTUM,EQ,76697,55405,72.24
20,1480,MOMOMENTUM,EQ,354194,319737,90.27
20,1481,MON100,EQ,1314694,1001845,76.20
20,1482,MONARCH,EQ,198108,83420,42.11
20,1483,MONIFTY500,EQ,345089,265890,77.05
20,1484,MONOPHARMA,SM,12000,12000,100.00
20,1485,MONQ50,EQ,69070,41861,60.61
20,1486,MONTECARLO,EQ,38177,19708,51.62
20,1487,MOQUALITY,EQ,1890,1055,55.82
20,1488,MOREALTY,EQ,840994,709778,84.40
20,1489,MOREPENLAB,EQ,11939875,3617310,30.30
20,1490,MOS,SM,726400,265600,36.56
20,1491,MOSMALL250,EQ,390382,261096,66.88
20,1492,MOTHERSON,EQ,32818263,14624085,44.56
20,1493,MOTILALOFS,EQ,4137607,1815757,43.88
20,1494,MOTISONS,EQ,3420489,1216751,35.57
20,1495,MOTOGENFIN,EQ,24992,13554,54.23
20,1496,MOVALUE,EQ,183318,145122,79.16
20,1497,MOXSH,ST,35200,35200,100.00
20,1498,MPHASIS,EQ,662106,307116,46.38
20,1499,MPSLTD,EQ,30502,19001,62.29
20,1500,MRF,EQ,13578,6918,50.95
20,1501,MRPL,EQ,1771823,631047,35.62
20,1502,MSPL,EQ,3405288,2298816,67.51
20,1503,MSTCLTD,EQ,466797,191922,41.11
20,1504,MSUMI,EQ,4099721,2525651,61.61
20,1505,MTARTECH,EQ,132527,46294,34.93
20,1506,MTNL,EQ,4404085,1427568,32.41
20,1507,MUFIN,EQ,90842,55261,60.83
20,1508,MUFTI,EQ,160752,81552,50.73
20,1509,MUKANDLTD,EQ,515774,226792,43.97
20,1510,MUKKA,EQ,1379941,832363,60.32
20,1511,MUKTAARTS,EQ,17411,9451,54.28
20,1512,MULTICAP,EQ,122509,93419,76.25
20,1513,MUNJALAU,EQ,426859,138562,32.46
20,1514,MUNJALSHOW,EQ,476491,148619,31.19
20,1515,MURUDCERA,EQ,134916,89792,66.55
20,1516,MUTHOOTCAP,EQ,18556,9602,51.75
20,1517,MUTHOOTFIN,EQ,1609685,566442,35.19
20,1518,MUTHOOTMF,EQ,273948,192906,70.42
20,1519,MVGJL,EQ,387123,124963,32.28
20,1520,MVKAGRO,SM,10800,9600,88.89
20,1521,MWL,SM,20400,19200,94.12
20,1522,MYMUDRA,ST,86400,66000,76.39
20,1523,NACLIND,EQ,101815,52579,51.64
20,1524,NAGAFERT,EQ,2091913,910893,43.54
20,1525,NAHARCAP,EQ,15859,7456,47.01
20,1526,NAHARINDUS,EQ,78401,50107,63.91
20,1527,NAHARSPING,EQ,29981,15671,52.27
20,1528,NAMAN,SM,27200,22400,82.35
20,1529,NAM-INDIA,EQ,1336231,906496,67.84
20,1530,NAMOEWASTE,ST,196800,192000,97.56
20,1531,NATCOPHARM,EQ,1026936,615237,59.91
20,1532,NATIONALUM,EQ,14292236,7269484,50.86
20,1533,NAUKRI,EQ,414689,178612,43.07
20,1534,NAVA,EQ,3034965,1878844,61.91
20,1535,NAVINFLUOR,EQ,219300,101001,46.06
20,1536,NAVINIFTY,EQ,533,211,39.59
20,1537,NAVKARCORP,EQ,352828,127079,36.02
20,1538,NAVNETEDUL,EQ,260346,165346,63.51
20,1539,NAZARA,EQ,988365,296159,29.96
20,1540,NBCC,EQ,10018391,2973578,29.68
20,1541,NCC,EQ,4390539,2304071,52.48
20,1542,NCLIND,EQ,94396,52778,55.91
20,1543,NDLVENTURE,EQ,36149,23357,64.61
20,1544,NDRAUTO,EQ,20625,11020,53.43
20,1545,NDTV,EQ,141951,65732,46.31
20,1546,NECLIFE,EQ,3636822,1642772,45.17
20,1547,NELCAST,EQ,762547,436503,57.24
20,1548,NELCO,EQ,143358,69758,48.66
20,1549,NEOGEN,EQ,1291708,255943,19.81
20,1550,NEPHROCARE,SM,25600,14400,56.25
20,1551,NESCO,EQ,94435,49434,52.35
20,1552,NESTLEIND,EQ,2322758,1348628,58.06
20,1553,NETF,EQ,2372,1704,71.84
20,1554,NETWEB,EQ,118554,57053,48.12
20,1555,NETWORK18,EQ,2974999,1130401,38.00
20,1556,NEULANDLAB,EQ,15382,10576,68.76
20,1557,NEWGEN,EQ,475155,167212,35.19
20,1558,NEWJAISA,SM,33000,28500,86.36
20,1559,NEXT50,EQ,5049,3101,61.42
20,1560,NEXT50IETF,EQ,777422,624635,80.35
20,1561,NFL,EQ,3145271,1068273,33.96
20,1562,NGIL,EQ,114826,16250,14.15
20,1563,NGLFINE,EQ,2214,1544,69.74
20,1564,NH,EQ,329435,179257,54.41
20,1565,NHPC,EQ,31054052,15919964,51.27
20,1566,NIACL,EQ,1176685,515188,43.78
20,1567,NIBL,EQ,40732,18031,44.27
20,1568,NIDAN,SM,6000,4000,66.67
20,1569,NIF100BEES,EQ,90780,81469,89.74
20,1570,NIF100IETF,EQ,265738,153694,57.84
20,1571,NIF10GETF,EQ,1270,1098,86.46
20,1572,NIF5GETF,EQ,315,265,84.13
20,1573,NIFITETF,EQ,1175,1058,90.04
20,1574,NIFMID150,EQ,1230,497,40.41
20,1575,NIFTY1,EQ,85123,76604,89.99
20,1576,NIFTY50ADD,EQ,9056,4788,52.87
20,1577,NIFTYBEES,EQ,4783991,2515110,52.57
20,1578,NIFTYBETF,EQ,2609,2285,87.58
20,1579,NIFTYETF,EQ,1170200,1152116,98.45
20,1580,NIFTYIETF,EQ,474130,246500,51.99
20,1581,NIFTYQLITY,EQ,21468,13309,61.99
20,1582,NIITLTD,EQ,1615311,523598,32.41
20,1583,NIITMTS,EQ,69908,34254,49.00
20,1584,NILAINFRA,EQ,643417,352518,54.79
20,1585,NILKAMAL,EQ,9803,7673,78.27
20,1586,NINSYS,EQ,44770,29804,66.57
20,1587,NIPPOBATRY,EQ,6548,4512,68.91
20,1588,NIRMAN,ST,122400,105600,86.27
20,1589,NITCO,EQ,119591,89538,74.87
20,1590,NITINSPIN,EQ,116772,64233,55.01
20,1591,NITIRAJ,EQ,6583,4181,63.51
20,1592,NKIND,EQ,1553,1030,66.32
20,1593,NLCINDIA,EQ,7548952,5009210,66.36
20,1594,NMDC,EQ,14316486,6520581,45.55
20,1595,NOCIL,EQ,468957,258331,55.09
20,1596,NPBET,EQ,1370,1054,76.93
20,1597,NPST,SM,304900,132200,43.36
20,1598,NRAIL,EQ,23716,20563,86.71
20,1599,NRBBEARING,EQ,109154,68539,62.79
20,1600,NRL,EQ,335990,143408,42.68
20,1601,NSIL,EQ,10856,5211,48.00
20,1602,NSLNISP,EQ,3107050,1370383,44.11
20,1603,NTPC,EQ,36084164,16210987,44.93
20,1604,NUCLEUS,EQ,33196,17381,52.36
20,1605,NURECA,EQ,62801,31117,49.55
20,1606,NUVAMA,EQ,134968,65627,48.62
20,1607,NUVOCO,EQ,319717,126497,39.57
20,1608,NV20,EQ,15449,6965,45.08
20,1609,NV20BEES,EQ,10105,6091,60.28
20,1610,NV20IETF,EQ,693480,364354,52.54
20,1611,NXST,RR,8740019,7973327,91.23
20,1612,NYKAA,EQ,10595454,4354001,41.09
20,1613,OAL,EQ,25488,14804,58.08
20,1614,OBCL,EQ,21348,15128,70.86
20,1615,OBEROIRLTY,EQ,1405487,728661,51.84
20,1616,OFSS,EQ,561495,242725,43.23
20,1617,OIL,EQ,9500390,5327286,56.07
20,1618,OILIETF,EQ,12137141,10457824,86.16
20,1619,OLAELEC,EQ,26659658,11749690,44.07
20,1620,OLECTRA,EQ,487927,162261,33.26
20,1621,OLIL,ST,1200,1200,100.00
20,1622,OMAXAUTO,EQ,30288,21550,71.15
20,1623,OMFURN,SM,31200,28800,92.31
20,1624,ONDOOR,SM,1200,1200,100.00
20,1625,ONEPOINT,EQ,836844,438532,52.40
20,1626,ONGC,EQ,16585530,9360391,56.44
20,1627,ONMOBILE,EQ,1129004,295112,26.14
20,1628,ONWARDTEC,EQ,57424,27002,47.02
20,1629,OPTIEMUS,EQ,342533,156485,45.68
20,1630,ORBTEXP,EQ,7330,3820,52.11
20,1631,ORCHPHARMA,EQ,114506,52031,45.44
20,1632,ORIANA,SM,59100,34050,57.61
20,1633,ORICONENT,EQ,340134,147476,43.36
20,1634,ORIENTBELL,EQ,4177,2327,55.71
20,1635,ORIENTCEM,EQ,1012276,439263,43.39
20,1636,ORIENTCER,EQ,150340,58530,38.93
20,1637,ORIENTELEC,EQ,127843,56961,44.56
20,1638,ORIENTHOT,EQ,474039,216688,45.71
20,1639,ORIENTLTD,EQ,18768,6864,36.57
20,1640,ORIENTPPR,EQ,1395692,647712,46.41
20,1641,ORIENTTECH,EQ,185315,97189,52.45
20,1642,ORISSAMINE,EQ,63823,19710,30.88
20,1643,ORTINGLOBE,EQ,10533,6277,59.59
20,1644,OSWALGREEN,EQ,5129012,1532970,29.89
20,1645,OWAIS,SM,9600,6400,66.67
20,1646,PAGEIND,EQ,58654,41043,69.97
20,1647,PAISALO,EQ,19146126,13159562,68.73
20,1648,PAKKA,EQ,141783,63757,44.97
20,1649,PALASHSECU,EQ,6396,1696,26.52
20,1650,PANACEABIO,EQ,28686,28686,100.00
20,1651,PANAMAPET,EQ,57218,32620,57.01
20,1652,PAR,EQ,28956,12081,41.72
20,1653,PARACABLES,EQ,2761451,1100706,39.86
20,1654,PARADEEP,EQ,1802024,689299,38.25
20,1655,PARAGMILK,EQ,232006,132862,57.27
20,1656,PARAGON,SM,61200,36000,58.82
20,1657,PARAMATRIX,SM,19200,16800,87.50
20,1658,PARIN,SM,2000,2000,100.00
20,1659,PARKHOTELS,EQ,231935,145797,62.86
20,1660,PARTYCRUS,SM,1000,1000,100.00
20,1661,PATANJALI,EQ,527746,341216,64.66
20,1662,PATELENG,EQ,7571907,2310091,30.51
20,1663,PATINTLOG,EQ,467208,226380,48.45
20,1664,PATTECH,SM,4500,4500,100.00
20,1665,PAVNAIND,EQ,9027,2907,32.20
20,1666,PAYTM,EQ,5300046,1650771,31.15
20,1667,PCBL,EQ,3985574,1353212,33.95
20,1668,PCCL,SM,51200,34400,67.19
20,1669,PCJEWELLER,EQ,5437163,2636180,48.48
20,1670,PDMJEPAPER,EQ,108985,51647,47.39
20,1671,PDSL,EQ,48888,28241,57.77
20,1672,PEARLPOLY,EQ,498789,247862,49.69
20,1673,PEL,EQ,958667,302869,31.59
20,1674,PENIND,EQ,460249,229852,49.94
20,1675,PENINLAND,EQ,609868,300014,49.19
20,1676,PENTAGON,SM,14000,13000,92.86
20,1677,PERSISTENT,EQ,682525,340587,49.90
20,1678,PETRONET,EQ,6193977,4091366,66.05
20,1679,PFC,EQ,13890094,6599994,47.52
20,1680,PFIZER,EQ,223043,136210,61.07
20,1681,PFS,EQ,1442543,593063,41.11
20,1682,PGEL,EQ,5480244,4116303,75.11
20,1683,PGHH,EQ,28094,23790,84.68
20,1684,PGHL,EQ,5421,3147,58.05
20,1685,PGIL,EQ,41615,21644,52.01
20,1686,PGINVIT,IV,2957203,2883975,97.52
20,1687,PHANTOMFX,SM,19200,12600,65.63
20,1688,PHARMABEES,EQ,3973767,2545436,64.06
20,1689,PHOENIXLTD,EQ,1296237,511748,39.48
20,1690,PIDILITIND,EQ,556121,353377,63.54
20,1691,PIIND,EQ,606322,376473,62.09
20,1692,PILANIINVS,EQ,5332,2766,51.88
20,1693,PILITA,EQ,1222722,321032,26.26
20,1694,PIONEEREMB,EQ,149616,80757,53.98
20,1695,PITTIENG,EQ,66812,39596,59.26
20,1696,PIXTRANS,EQ,151681,32086,21.15
20,1697,PLADAINFO,SM,18000,15000,83.33
20,1698,PLATIND,EQ,860595,302209,35.12
20,1699,PLAZACABLE,EQ,52853,33210,62.83
20,1700,PNB,EQ,23196144,10504263,45.28
20,1701,PNBGILTS,EQ,688365,232289,33.75
20,1702,PNBHOUSING,EQ,1483490,388590,26.19
20,1703,PNC,EQ,18393,8611,46.82
20,1704,PNCINFRA,EQ,481437,254686,52.90
20,1705,PNGJL,EQ,3172480,906190,28.56
20,1706,POCL,EQ,62736,37368,59.56
20,1707,PODDARMENT,EQ,7283,6283,86.27
20,1708,POKARNA,EQ,87981,24941,28.35
20,1709,POLICYBZR,EQ,1787519,1092789,61.13
20,1710,POLYCAB,EQ,309437,166018,53.65
20,1711,POLYMED,EQ,159553,101449,63.58
20,1712,POLYPLEX,EQ,130481,62792,48.12
20,1713,POLYSIL,SM,10000,10000,100.00
20,1714,PONNIERODE,EQ,40720,15133,37.16
20,1715,POONAWALLA,EQ,2977088,1927520,64.75
20,1716,POSITRON,SM,33600,19800,58.93
20,1717,POWERGRID,EQ,31236123,16808561,53.81
20,1718,POWERINDIA,EQ,149015,68890,46.23
20,1719,POWERMECH,EQ,30654,9468,30.89
20,1720,PPAP,EQ,16052,7431,46.29
20,1721,PPL,EQ,85822,31185,36.34
20,1722,PPLPHARMA,EQ,3696048,1662532,44.98
20,1723,PPSL,SM,102000,102000,100.00
20,1724,PRAJIND,EQ,1165116,464101,39.83
20,1725,PRAKASH,EQ,1031646,491291,47.62
20,1726,PRAMARA,SM,36000,32000,88.89
20,1727,PRATHAM,SM,97600,59200,60.66
20,1728,PRECAM,EQ,124457,51186,41.13
20,1729,PRECISION,SM,24000,18000,75.00
20,1730,PRECWIRE,EQ,956823,271833,28.41
20,1731,PREMIERENE,EQ,1730908,504361,29.14
20,1732,PREMIERPOL,EQ,39157,21716,55.46
20,1733,PRESSTONIC,SM,86400,61600,71.30
20,1734,PRESTIGE,EQ,1158294,579422,50.02
20,1735,PRICOLLTD,EQ,256696,133554,52.03
20,1736,PRIMESECU,EQ,78304,43033,54.96
20,1737,PRINCEPIPE,EQ,89817,52286,58.21
20,1738,PRITI,EQ,22267,11760,52.81
20,1739,PRITIKA,SM,94000,52000,55.32
20,1740,PRITIKAUTO,EQ,1586014,390821,24.64
20,1741,PRIVISCL,EQ,19868,11064,55.69
20,1742,PRIZOR,SM,100800,73600,73.02
20,1743,PRLIND,SM,140000,136000,97.14
20,1744,PROLIFE,SM,2500,2500,100.00
20,1745,PROPEQUITY,SM,600,600,100.00
20,1746,PROZONER,EQ,328475,161931,49.30
20,1747,PRSMJOHNSN,EQ,21339604,1413690,6.62
20,1748,PRUDENT,EQ,43007,29532,68.67
20,1749,PSB,EQ,763343,284958,37.33
20,1750,PSPPROJECT,EQ,39148,18377,46.94
20,1751,PSUBANK,EQ,403169,374794,92.96
20,1752,PSUBANKADD,EQ,14807,12892,87.07
20,1753,PSUBNKBEES,EQ,3116521,2117564,67.95
20,1754,PSUBNKIETF,EQ,187893,88854,47.29
20,1755,PTC,EQ,3297904,1481198,44.91
20,1756,PTL,EQ,56137,28360,50.52
20,1757,PULZ,SM,24000,19000,79.17
20,1758,PUNJABCHEM,EQ,4359,2434,55.84
20,1759,PURVFLEXI,SM,4800,4800,100.00
20,1760,PVRINOX,EQ,341329,152012,44.54
20,1761,PVSL,EQ,35968,20057,55.76
20,1762,PVTBANIETF,EQ,5239956,3672655,70.09
20,1763,PVTBANKADD,EQ,357898,321705,89.89
20,1764,PYRAMID,EQ,46197,25549,55.30
20,1765,QGOLDHALF,EQ,27094,15655,57.78
20,1766,QMSMEDI,SM,22000,17000,77.27
20,1767,QNIFTY,EQ,630,413,65.56
20,1768,QUADPRO,SM,48000,48000,100.00
20,1769,QUAL30IETF,EQ,886313,810480,91.44
20,1770,QUESS,EQ,635551,297404,46.79
20,1771,QUESTLAB,SM,19200,16800,87.50
20,1772,QUICKHEAL,EQ,86381,26605,30.80
20,1773,QUICKTOUCH,SM,21000,12000,57.14
20,1774,QVCEL,SM,107200,83200,77.61
20,1775,RACE,EQ,19451,9522,48.95
20,1776,RADAAN,EQ,40579,40579,100.00
20,1777,RADHIKAJWE,EQ,749903,315741,42.10
20,1778,RADIANTCMS,EQ,213785,137015,64.09
20,1779,RADICO,EQ,259725,90194,34.73
20,1780,RADIOCITY,EQ,375786,165253,43.98
20,1781,RADIOCITY,P1,5895,5895,100.00
20,1782,RADIOWALLA,SM,9600,9600,100.00
20,1783,RAILTEL,EQ,6143962,2879521,46.87
20,1784,RAIN,EQ,1965938,631773,32.14
20,1785,RAINBOW,EQ,332384,77412,23.29
20,1786,RAJESHEXPO,EQ,1071993,499121,46.56
20,1787,RAJINDLTD,SM,15000,15000,100.00
20,1788,RAJMET,EQ,2440093,1402027,57.46
20,1789,RAJRATAN,EQ,28363,11183,39.43
20,1790,RAJSREESUG,EQ,155356,57795,37.20
20,1791,RALLIS,EQ,326529,97357,29.82
20,1792,RAMANEWS,EQ,123072,67864,55.14
20,1793,RAMAPHO,EQ,18434,11812,64.08
20,1794,RAMASTEEL,EQ,60060102,12610811,21.00
20,1795,RAMCOCEM,EQ,401773,199693,49.70
20,1796,RAMCOIND,EQ,152002,107746,70.88
20,1797,RAMCOSYS,EQ,24645,13629,55.30
20,1798,RAMKY,EQ,86288,46506,53.90
20,1799,RAMRAT,EQ,181162,66458,36.68
20,1800,RANASUG,EQ,569696,183884,32.28
20,1801,RANEHOLDIN,EQ,49988,22386,44.78
20,1802,RATEGAIN,EQ,2625954,1584441,60.34
20,1803,RATNAMANI,EQ,12774,6272,49.10
20,1804,RAYMOND,EQ,184397,84061,45.59
20,1805,RAYMONDLSL,EQ,157867,104121,65.95
20,1806,RBA,EQ,1794639,1071982,59.73
20,1807,RBLBANK,EQ,5152932,2762861,53.62
20,1808,RBMINFRA,SM,23800,18200,76.47
20,1809,RBS,SM,30400,27200,89.47
20,1810,RCDL,SM,15000,6000,40.00
20,1811,RCF,EQ,2241771,655524,29.24
20,1812,RECLTD,EQ,15317549,6229472,40.67
20,1813,REDINGTON,EQ,1196032,751926,62.87
20,1814,REDTAPE,EQ,67096,34678,51.68
20,1815,REFEX,EQ,1087636,626878,57.64
20,1816,REFRACTORY,ST,76000,64000,84.21
20,1817,RELAXO,EQ,107150,59776,55.79
20,1818,RELCHEMQ,EQ,18683,9906,53.02
20,1819,RELIANCE,EQ,15448660,8564168,55.44
20,1820,RELIGARE,EQ,697307,307417,44.09
20,1821,RELINFRA,EQ,56875659,12615672,22.18
20,1822,RELTD,EQ,52675,52675,100.00
20,1823,REMSONSIND,EQ,52228,41292,79.06
20,1824,REMUS,SM,8100,6800,83.95
20,1825,RENUKA,EQ,9096741,2442821,26.85
20,1826,REPCOHOME,EQ,99080,53915,54.42
20,1827,REPL,EQ,16985,10197,60.04
20,1828,REPRO,EQ,9753,5504,56.43
20,1829,RESPONIND,EQ,667426,39722,5.95
20,1830,RGL,EQ,1256020,616030,49.05
20,1831,RHFL,EQ,4647869,4535830,97.59
20,1832,RHIM,EQ,226545,159902,70.58
20,1833,RICOAUTO,EQ,528826,193048,36.51
20,1834,RIIL,EQ,160384,32066,19.99
20,1835,RILINFRA,ST,11900,11800,99.16
20,1836,RISHABH,EQ,95729,49977,52.21
20,1837,RITCO,EQ,42217,31982,75.76
20,1838,RITES,EQ,13384039,3763689,28.12
20,1839,RITEZONE,SM,1600,1600,100.00
20,1840,RKFORGE,EQ,1474809,1023297,69.39
20,1841,RKSWAMY,EQ,152413,87522,57.42
20,1842,RMDRIP,SM,10000,7000,70.00
20,1843,RML,EQ,9503,5510,57.98
20,1844,RNFI,SM,56400,43200,76.60
20,1845,ROCKINGDCE,SM,46000,20000,43.48
20,1846,ROHLTD,EQ,64219,43231,67.32
20,1847,ROLEXRINGS,EQ,10699,4569,42.70
20,1848,ROML,EQ,12958,10909,84.19
20,1849,ROSSARI,EQ,75987,36237,47.69
20,1850,ROTO,EQ,35794,19122,53.42
20,1851,ROUTE,EQ,110088,73982,67.20
20,1852,ROXHITECH,SM,24000,20800,86.67
20,1853,RPEL,EQ,10787,6121,56.74
20,1854,RPGLIFE,EQ,31007,13212,42.61
20,1855,RPOWER,EQ,51425308,29677689,57.71
20,1856,RPPL,EQ,525711,239589,45.57
20,1857,RPSGVENT,EQ,109377,58110,53.13
20,1858,RPTECH,EQ,284283,158657,55.81
20,1859,RRKABEL,EQ,1281600,901287,70.33
20,1860,RSWM,EQ,55211,26423,47.86
20,1861,RSYSTEMS,EQ,91754,49317,53.75
20,1862,RTNINDIA,EQ,4179999,1512936,36.19
20,1863,RTNPOWER,EQ,78021592,50222689,64.37
20,1864,RUBFILA,EQ,45822,26884,58.67
20,1865,RUBYMILLS,EQ,31615,14361,45.42
20,1866,RUCHIRA,EQ,62332,31182,50.03
20,1867,RULKA,ST,9000,7200,80.00
20,1868,RUPA,EQ,283652,126801,44.70
20,1869,RUSHIL,EQ,6235841,2815423,45.15
20,1870,RUSTOMJEE,EQ,118438,76502,64.59
20,1871,RVNL,EQ,25018038,3817068,15.26
20,1872,SAAKSHI,ST,10800,10200,94.44
20,1873,SABAR,SM,160000,100000,62.50
20,1874,SADBHAV,EQ,1893664,1139310,60.16
20,1875,SADHAV,SM,28800,25200,87.50
20,1876,SADHNANIQ,EQ,1769293,869694,49.15
20,1877,SAFARI,EQ,45282,24828,54.83
20,1878,SAGCEM,EQ,49569,35383,71.38
20,1879,SAH,EQ,36922,10943,29.64
20,1880,SAHAJ,SM,20000,16000,80.00
20,1881,SAHAJSOLAR,SM,48800,29600,60.66
20,1882,SAHANA,SM,5000,2750,55.00
20,1883,SAHYADRI,EQ,8799,4481,50.93
20,1884,SAIFL,SM,23200,20000,86.21
20,1885,SAIL,EQ,13885160,4991533,35.95
20,1886,SAKAR,EQ,18035,8935,49.54
20,1887,SAKHTISUG,EQ,379086,127381,33.60
20,1888,SAKSOFT,EQ,1087134,372002,34.22
20,1889,SALASAR,EQ,37523931,14199182,37.84
20,1890,SALONA,EQ,1031,537,52.09
20,1891,SALSTEEL,EQ,498232,232971,46.76
20,1892,SALZERELEC,EQ,77476,36387,46.97
20,1893,SAMBHAAV,EQ,76750,46285,60.31
20,1894,SAMHI,EQ,999895,547193,54.73
20,1895,SAMMAANCAP,EQ,6075696,3179068,52.32
20,1896,SANDESH,EQ,6039,3162,52.36
20,1897,SANDHAR,EQ,56555,31513,55.72
20,1898,SANDUMA,EQ,142606,71763,50.32
20,1899,SANGAMIND,EQ,53929,25029,46.41
20,1900,SANGHIIND,EQ,226990,117861,51.92
20,1901,SANGHVIMOV,EQ,189957,94742,49.88
20,1902,SANGINITA,EQ,48210,33496,69.48
20,1903,SANOFI,EQ,13325,8277,62.12
20,1904,SANSERA,EQ,1387708,1001624,72.18
20,1905,SANSTAR,EQ,1990114,842332,42.33
20,1906,SAPPHIRE,EQ,1464470,801027,54.70
20,1907,SARDAEN,EQ,506008,188537,37.26
20,1908,SAREGAMA,EQ,122516,56707,46.29
20,1909,SAROJA,SM,4800,4800,100.00
20,1910,SARTELE,SM,220000,126500,57.50
20,1911,SARVESHWAR,EQ,7061681,4344064,61.52
20,1912,SASKEN,EQ,7397,3690,49.89
20,1913,SASTASUNDR,EQ,11923,6583,55.21
20,1914,SATECH,SM,114000,84000,73.68
20,1915,SATIA,EQ,451372,295579,65.48
20,1916,SATIN,EQ,173264,92468,53.37
20,1917,SATINDLTD,EQ,606818,279163,46.00
20,1918,SATIPOLY,SM,3000,3000,100.00
20,1919,SAURASHCEM,EQ,126877,72267,56.96
20,1920,SBC,EQ,5151153,1730694,33.60
20,1921,SBCL,EQ,180931,86000,47.53
20,1922,SBFC,EQ,2562404,1461378,57.03
20,1923,SBGLP,EQ,149332,80407,53.84
20,1924,SBICARD,EQ,1481594,743419,50.18
20,1925,SBIETFCON,EQ,14507,11843,81.64
20,1926,SBIETFIT,EQ,11008,4596,41.75
20,1927,SBIETFPB,EQ,16585,13252,79.90
20,1928,SBIETFQLTY,EQ,4254,2772,65.16
20,1929,SBILIFE,EQ,1512372,930154,61.50
20,1930,SBIN,EQ,21372244,12419457,58.11
20,1931,SBINEQWETF,EQ,35547,32721,92.05
20,1932,SBISILVER,EQ,102483,95207,92.90
20,1933,SCHAEFFLER,EQ,75844,48328,63.72
20,1934,SCHAND,EQ,1817254,830980,45.73
20,1935,SCHNEIDER,EQ,1890779,1216602,64.34
20,1936,SCI,EQ,13069349,5251014,40.18
20,1937,SCILAL,EQ,3522470,1677738,47.63
20,1938,SCL310524,ZF,2,2,100.00
20,1939,SCLZC25B,AT,10,10,100.00
20,1940,SCLZC25F,Y5,50,50,100.00
20,1941,SCML,SM,8000,8000,100.00
20,1942,SCPL,EQ,12032,6656,55.32
20,1943,SDBL,EQ,1170302,476256,40.70
20,1944,SDL24BEES,EQ,10805,5898,54.59
20,1945,SDL26BEES,EQ,5984,4972,83.09
20,1946,SEAMECLTD,EQ,45224,23044,50.96
20,1947,SECL,SM,150000,75000,50.00
20,1948,SECMARK,EQ,453,277,61.15
20,1949,SECURKLOUD,EQ,28601,12780,44.68
20,1950,SEL,SM,7600,6000,78.95
20,1951,SELAN,EQ,68638,31818,46.36
20,1952,SENCO,EQ,264464,135593,51.27
20,1953,SENSEXADD,EQ,1641,1093,66.61
20,1954,SENSEXETF,EQ,28913,18072,62.50
20,1955,SENSEXIETF,EQ,7846,3468,44.20
20,1956,SEPC,EQ,19142904,7531400,39.34
20,1957,SEQUENT,EQ,1222105,371302,30.38
20,1958,SERVICE,SM,12000,12000,100.00
20,1959,SERVOTECH,EQ,2680465,1310392,48.89
20,1960,SESHAPAPER,EQ,22785,12771,56.05
20,1961,SETF10GILT,EQ,25348,22144,87.36
20,1962,SETFGOLD,EQ,1795798,1529155,85.15
20,1963,SETFNIF50,EQ,2320365,2149196,92.62
20,1964,SETFNIFBK,EQ,1259296,1079503,85.72
20,1965,SETFNN50,EQ,27757,16735,60.29
20,1966,SFL,EQ,53461,28914,54.08
20,1967,SGBAPR28I,GB,202,158,78.22
20,1968,SGBAUG27,GB,48,48,100.00
20,1969,SGBAUG28V,GB,688,598,86.92
20,1970,SGBAUG29V,GB,45,37,82.22
20,1971,SGBAUG30,GB,240,173,72.08
20,1972,SGBD29VIII,GB,94,86,91.49
20,1973,SGBDE30III,GB,184,171,92.93
20,1974,SGBDE31III,GB,922,699,75.81
20,1975,SGBDEC25,GB,1,1,100.00
20,1976,SGBDEC2513,GB,12,12,100.00
20,1977,SGBFEB27,GB,3,3,100.00
20,1978,SGBFEB28IX,GB,138,87,63.04
20,1979,SGBFEB29XI,GB,164,143,87.20
20,1980,SGBFEB32IV,GB,2589,1611,62.22
20,1981,SGBJ28VIII,GB,23,23,100.00
20,1982,SGBJAN26,GB,3,3,100.00
20,1983,SGBJAN27,GB,6,6,100.00
20,1984,SGBJAN29IX,GB,923,866,93.82
20,1985,SGBJAN29X,GB,19,19,100.00
20,1986,SGBJAN30IX,GB,243,149,61.32
20,1987,SGBJU29III,GB,468,428,91.45
20,1988,SGBJUL25,GB,59,50,84.75
20,1989,SGBJUL27,GB,6,1,16.67
20,1990,SGBJUL28IV,GB,131,123,93.89
20,1991,SGBJUL29IV,GB,446,406,91.03
20,1992,SGBJUN27,GB,23,13,56.52
20,1993,SGBJUN28,GB,60,45,75.00
20,1994,SGBJUN29II,GB,182,160,87.91
20,1995,SGBJUN30,GB,68,44,64.71
20,1996,SGBJUN31I,GB,482,378,78.42
20,1997,SGBMAR25,GB,181,126,69.61
20,1998,SGBMAR28X,GB,281,280,99.64
20,1999,SGBMAR30X,GB,68,68,100.00
20,2000,SGBMAR31IV,GB,162,98,60.49
20,2001,SGBMAY26,GB,13,13,100.00
20,2002,SGBMAY28,GB,1180,1122,95.08
20,2003,SGBMAY29I,GB,361,274,75.90
20,2004,SGBMR29XII,GB,371,361,97.30
20,2005,SGBN28VIII,GB,34,29,85.29
20,2006,SGBNOV24,GB,108,108,100.00
20,2007,SGBNV29VII,GB,140,128,91.43
20,2008,SGBOC28VII,GB,104,78,75.00
20,2009,SGBOCT25IV,GB,36,36,100.00
20,2010,SGBOCT27,GB,88,88,100.00
20,2011,SGBSEP24,GB,968,903,93.29
20,2012,SGBSEP27,GB,124,124,100.00
20,2013,SGBSEP28VI,GB,109,97,88.99
20,2014,SGBSEP29VI,GB,88,62,70.45
20,2015,SGBSEP31II,GB,700,633,90.43
20,2016,SGIL,EQ,104433,27876,26.69
20,2017,SHAHALLOYS,EQ,83977,53571,63.79
20,2018,SHAILY,EQ,668858,324864,48.57
20,2019,SHALBY,EQ,184092,60889,33.08
20,2020,SHALPAINTS,EQ,106905,65660,61.42
20,2021,SHANKARA,EQ,58877,35351,60.04
20,2022,SHANTHALA,SM,4800,3600,75.00
20,2023,SHANTI,EQ,33874,26300,77.64
20,2024,SHANTIGEAR,EQ,34079,17331,50.86
20,2025,SHARDACROP,EQ,145918,84390,57.83
20,2026,SHARDAMOTR,EQ,15926,9378,58.88
20,2027,SHAREINDIA,EQ,2353475,1130773,48.05
20,2028,SHARIABEES,EQ,4151,1978,47.65
20,2029,SHEETAL,SM,2000,2000,100.00
20,2030,SHEMAROO,EQ,101298,47532,46.92
20,2031,SHERA,SM,150000,85000,56.67
20,2032,SHIGAN,SM,12000,10500,87.50
20,2033,SHILPAMED,EQ,224041,88458,39.48
20,2034,SHIVALIK,EQ,8303,4195,50.52
20,2035,SHIVAMILLS,EQ,5522,2929,53.04
20,2036,SHIVATEX,EQ,47049,21326,45.33
20,2037,SHK,EQ,379965,176605,46.48
20,2038,SHOPERSTOP,EQ,38313,14426,37.65
20,2039,SHREDIGCEM,EQ,494665,246701,49.87
20,2040,SHREECEM,EQ,36895,20550,55.70
20,2041,SHREEKARNI,ST,4200,4200,100.00
20,2042,SHREEOSFM,SM,11000,7000,63.64
20,2043,SHREYANIND,EQ,34838,16346,46.92
20,2044,SHREYAS,EQ,132622,85050,64.13
20,2045,SHRIPISTON,EQ,61827,30331,49.06
20,2046,SHRIRAMFIN,EQ,1281428,761856,59.45
20,2047,SHRIRAMPPS,EQ,2793194,1071695,38.37
20,2048,SHRITECH,SM,4000,4000,100.00
20,2049,SHUBHLAXMI,SM,10000,8000,80.00
20,2050,SHUBHSHREE,ST,99600,97200,97.59
20,2051,SHYAMCENT,EQ,149948,104801,69.89
20,2052,SHYAMMETL,EQ,3541261,1969990,55.63
20,2053,SIDDHIKA,SM,4000,4000,100.00
20,2054,SIEMENS,EQ,582735,380553,65.30
20,2055,SIGACHI,EQ,9216860,2871409,31.15
20,2056,SIGIND,EQ,977482,242372,24.80
20,2057,SIGMA,EQ,3657,2275,62.21
20,2058,SIGNATURE,EQ,2637966,1753777,66.48
20,2059,SIGNORIA,SM,2000,2000,100.00
20,2060,SIGNPOST,EQ,49057,31748,64.72
20,2061,SILGO,EQ,748526,247054,33.01
20,2062,SILINV,EQ,3593,2480,69.02
20,2063,SILKFLEX,SM,22000,16000,72.73
20,2064,SILVER,EQ,109872,73975,67.33
20,2065,SILVER1,EQ,57475,50081,87.14
20,2066,SILVERADD,EQ,15798,13472,85.28
20,2067,SILVERBEES,EQ,6582957,4486865,68.16
20,2068,SILVERETF,EQ,115191,90859,78.88
20,2069,SILVERIETF,EQ,766970,513383,66.94
20,2070,SILVERTUC,EQ,26183,6938,26.50
20,2071,SILVRETF,EQ,20080,14328,71.35
20,2072,SINCLAIR,EQ,46858,26762,57.11
20,2073,SINDHUTRAD,EQ,1384890,1004450,72.53
20,2074,SINTERCOM,EQ,596031,153236,25.71
20,2075,SIRCA,EQ,222804,105712,47.45
20,2076,SIS,EQ,26972,13371,49.57
20,2077,SIYSIL,EQ,29418,16880,57.38
20,2078,SJLOGISTIC,SM,20500,16000,78.05
20,2079,SJS,EQ,80579,36810,45.68
20,2080,SJVN,EQ,6597480,2325637,35.25
20,2081,SKFINDIA,EQ,16338,9379,57.41
20,2082,SKIPPER,EQ,562514,241010,42.85
20,2083,SKIPPERPP,E1,550,452,82.18
20,2084,SKMEGGPROD,EQ,53832,32162,59.75
20,2085,SKP,SM,29500,28500,96.61
20,2086,SLONE,ST,14400,14400,100.00
20,2087,SMALLCAP,EQ,778752,544159,69.88
20,2088,SMARTLINK,EQ,46108,24093,52.25
20,2089,SMCGLOBAL,EQ,586069,352330,60.12
20,2090,SMLISUZU,EQ,23230,12231,52.65
20,2091,SMLT,EQ,40764,10461,25.66
20,2092,SMSPHARMA,EQ,323435,126219,39.02
20,2093,SMVD,SM,24240,24240,100.00
20,2094,SNOWMAN,EQ,4761946,1330279,27.94
20,2095,SOBHA,EQ,675960,342406,50.65
20,2096,SOBHAPP,E1,10141,9147,90.20
20,2097,SOFTTECH,EQ,4523,1112,24.59
20,2098,SOLARAPP,X1,3029,2880,95.08
20,2099,SOLARINDS,EQ,72953,48698,66.75
20,2100,SOLEX,SM,20000,11250,56.25
20,2101,SOMANYCERA,EQ,18023,10030,55.65
20,2102,SOMATEX,EQ,47432,6161,12.99
20,2103,SONACOMS,EQ,5302786,3570228,67.33
20,2104,SONAMAC,SM,41000,28000,68.29
20,2105,SONAMLTD,EQ,138805,52031,37.48
20,2106,SONATSOFTW,EQ,544321,257212,47.25
20,2107,SONUINFRA,ST,6000,6000,100.00
20,2108,SOTL,EQ,69714,34726,49.81
20,2109,SOUTHBANK,EQ,11567012,5516898,47.70
20,2110,SPAL,EQ,15780,5069,32.12
20,2111,SPANDANA,EQ,114349,65380,57.18
20,2112,SPARC,EQ,306464,166857,54.45
20,2113,SPCENET,EQ,4528075,2564898,56.64
20,2114,SPCL,SM,66000,39600,60.00
20,2115,SPECIALITY,EQ,91886,58582,63.76
20,2116,SPECTRUM,SM,625,625,100.00
20,2117,SPECTSTM,SM,16000,12000,75.00
20,2118,SPENCERS,EQ,5053968,1206113,23.86
20,2119,SPIC,EQ,835285,312385,37.40
20,2120,SPLIL,EQ,18379,12809,69.69
20,2121,SPLPETRO,EQ,117809,86374,73.32
20,2122,SPORTKING,EQ,477475,241301,50.54
20,2123,SPPPOLY,ST,12000,12000,100.00
20,2124,SPRL,ST,3200,3200,100.00
20,2125,SREEL,EQ,13381,6107,45.64
20,2126,SRF,EQ,733741,525044,71.56
20,2127,SRGHFL,EQ,1415,813,57.46
20,2128,SRHHYPOLTD,EQ,118180,33760,28.57
20,2129,SRIVASAVI,SM,61000,58000,95.08
20,2130,SRPL,EQ,1878821,1779545,94.72
20,2131,SSDL,EQ,2692185,416077,15.45
20,2132,SSEGL,SM,323000,181000,56.04
20,2133,SSFL,SM,4000,3000,75.00
20,2134,SSWL,EQ,274453,180208,65.66
20,2135,STANLEY,EQ,101581,52763,51.94
20,2136,STAR,EQ,294181,190640,64.80
20,2137,STARCEMENT,EQ,382800,193887,50.65
20,2138,STARHEALTH,EQ,1044052,598406,57.32
20,2139,STARPAPER,EQ,18006,10793,59.94
20,2140,STCINDIA,EQ,83013,23052,27.77
20,2141,STEELCAS,EQ,18781,9552,50.86
20,2142,STEELCITY,EQ,204260,107012,52.39
20,2143,STEELXIND,EQ,2855227,1666035,58.35
20,2144,STERTOOLS,EQ,2077975,451151,21.71
20,2145,STLTECH,EQ,927501,389735,42.02
20,2146,STOVEKRAFT,EQ,130784,63695,48.70
20,2147,STYLAMIND,EQ,18580,8970,48.28
20,2148,STYLEBAAZA,EQ,489770,279663,57.10
20,2149,STYRENIX,EQ,42081,24354,57.87
20,2150,SUBEXLTD,EQ,3171346,1436835,45.31
20,2151,SUBROS,EQ,73144,29374,40.16
20,2152,SUDARSCHEM,EQ,1220394,774117,63.43
20,2153,SUKHJITS,EQ,9255,3628,39.20
20,2154,SULA,EQ,319531,158978,49.75
20,2155,SUMICHEM,EQ,1555427,974366,62.64
20,2156,SUMMITSEC,EQ,9810,3784,38.57
20,2157,SUNCLAY,EQ,10778,6278,58.25
20,2158,SUNDARMFIN,EQ,189855,123327,64.96
20,2159,SUNDARMHLD,EQ,168910,78520,46.49
20,2160,SUNDRMFAST,EQ,76211,36256,47.57
20,2161,SUNFLAG,EQ,341107,142671,41.83
20,2162,SUNLITE,SM,25200,15600,61.90
20,2163,SUNPHARMA,EQ,4229991,2542353,60.10
20,2164,SUNTECK,EQ,523891,185557,35.42
20,2165,SUNTV,EQ,474120,196605,41.47
20,2166,SUPERHOUSE,EQ,17345,11971,69.02
20,2167,SUPERSPIN,EQ,266300,169074,63.49
20,2168,SUPRAJIT,EQ,2057240,1390210,67.58
20,2169,SUPREMEIND,EQ,197096,117845,59.79
20,2170,SUPREMEPWR,ST,30000,30000,100.00
20,2171,SUPRIYA,EQ,425669,187704,44.10
20,2172,SURANASOL,EQ,710331,525665,74.00
20,2173,SURANI,SM,7000,7000,100.00
20,2174,SURYALAXMI,EQ,15022,8779,58.44
20,2175,SURYAROSNI,EQ,167494,81293,48.53
20,2176,SURYODAY,EQ,323997,200402,61.85
20,2177,SUTLEJTEX,EQ,228612,86283,37.74
20,2178,SUVEN,EQ,463877,198907,42.88
20,2179,SUVENPHAR,EQ,736274,292278,39.70
20,2180,SUVIDHAA,EQ,131072,94947,72.44
20,2181,SUYOG,EQ,16480,7457,45.25
20,2182,SUZLON,EQ,74313107,47893675,64.45
20,2183,SVPGLOB,EQ,89283,64005,71.69
20,2184,SWANENERGY,EQ,1879450,776383,41.31
20,2185,SWARAJ,SM,11000,6000,54.55
20,2186,SWARAJENG,EQ,8865,4611,52.01
20,2187,SWASTIK,SM,18000,12000,66.67
20,2188,SWELECTES,EQ,64923,24143,37.19
20,2189,SWSOLAR,EQ,1572591,1014014,64.48
20,2190,SYLVANPLY,SM,44000,36000,81.82
20,2191,SYMPHONY,EQ,252212,113075,44.83
20,2192,SYNCOMF,EQ,11535328,3504305,30.38
20,2193,SYNGENE,EQ,546382,336843,61.65
20,2194,SYNOPTICS,SM,6000,4800,80.00
20,2195,SYRMA,EQ,247317,96643,39.08
20,2196,SYSTANGO,SM,13200,8800,66.67
20,2197,TAC,SM,49200,28800,58.54
20,2198,TAJGVK,EQ,60593,26495,43.73
20,2199,TAKE,EQ,382467,213416,55.80
20,2200,TALBROAUTO,EQ,88175,50796,57.61
20,2201,TANLA,EQ,214546,112044,52.22
20,2202,TARACHAND,EQ,120135,71668,59.66
20,2203,TARSONS,EQ,66839,32291,48.31
20,2204,TASTYBITE,EQ,6507,3056,46.96
20,2205,TATACHEM,EQ,541066,168866,31.21
20,2206,TATACOMM,EQ,372956,183929,49.32
20,2207,TATACONSUM,EQ,3533125,2376940,67.28
20,2208,TATAELXSI,EQ,377846,157210,41.61
20,2209,TATAGOLD,EQ,3658185,2541431,69.47
20,2210,TATAINVEST,EQ,41434,21328,51.47
20,2211,TATAMOTORS,EQ,16764981,7789154,46.46
20,2212,TATAPOWER,EQ,11837310,5309528,44.85
20,2213,TATASTEEL,EQ,53873369,22591256,41.93
20,2214,TATATECH,EQ,9382071,6051454,64.50
20,2215,TATSILV,EQ,626502,462085,73.76
20,2216,TATVA,EQ,45817,24337,53.12
20,2217,TBI,ST,49200,42000,85.37
20,2218,TBOTEK,EQ,48718,16898,34.69
20,2219,TBZ,EQ,2140799,708604,33.10
20,2220,TCI,EQ,117701,64573,54.86
20,2221,TCIEXP,EQ,84731,30465,35.95
20,2222,TCL,SM,36800,28800,78.26
20,2223,TCPLPACK,EQ,24269,7166,29.53
20,2224,TCS,EQ,5447908,2801478,51.42
20,2225,TDPOWERSYS,EQ,392576,190814,48.61
20,2226,TEAMLEASE,EQ,21125,9736,46.09
20,2227,TECH,EQ,27031,15275,56.51
20,2228,TECHLABS,ST,5500,5500,100.00
20,2229,TECHM,EQ,3984683,2024690,50.81
20,2230,TECHNOE,EQ,1099070,993091,90.36
20,2231,TEGA,EQ,36963,15336,41.49
20,2232,TEJASNET,EQ,259089,146056,56.37
20,2233,TEXINFRA,EQ,682024,320868,47.05
20,2234,TEXMOPIPES,EQ,72242,39240,54.32
20,2235,TEXRAIL,EQ,8685707,5099883,58.72
20,2236,TFCILTD,EQ,560580,242559,43.27
20,2237,TGBHOTELS,EQ,40681,25692,63.15
20,2238,TGL,ST,31200,31200,100.00
20,2239,THANGAMAYL,EQ,66818,25614,38.33
20,2240,THEJO,EQ,15546,10632,68.39
20,2241,THEMISMED,EQ,1130283,547953,48.48
20,2242,THERMAX,EQ,174780,85479,48.91
20,2243,THOMASCOOK,EQ,4180278,2991122,71.55
20,2244,THYROCARE,EQ,35820,19054,53.19
20,2245,TI,EQ,1274999,454304,35.63
20,2246,TIDEWATER,EQ,49652,16574,33.38
20,2247,TIIL,EQ,23517,10080,42.86
20,2248,TIINDIA,EQ,1412283,864345,61.20
20,2249,TIMESCAN,SM,18000,18000,100.00
20,2250,TIMESGTY,EQ,7805,5883,75.37
20,2251,TIMETECHNO,EQ,1240833,196127,15.81
20,2252,TIMKEN,EQ,48416,25308,52.27
20,2253,TIPSFILMS,EQ,4626,2156,46.61
20,2254,TIPSINDLTD,EQ,152367,77484,50.85
20,2255,TIRUMALCHM,EQ,203454,73074,35.92
20,2256,TIRUPATI,SM,5000,5000,100.00
20,2257,TITAGARH,EQ,2024899,606471,29.95
20,2258,TITAN,EQ,1951755,876806,44.92
20,2259,TMB,EQ,136904,58493,42.73
20,2260,TNIDETF,EQ,349927,307436,87.86
20,2261,TNPETRO,EQ,186032,96431,51.84
20,2262,TNPL,EQ,208038,100930,48.52
20,2263,TOP100CASE,EQ,350821,285195,81.29
20,2264,TOP10ADD,EQ,1434794,1410763,98.33
20,2265,TORNTPHARM,EQ,522159,308784,59.14
20,2266,TORNTPOWER,EQ,1489978,525402,35.26
20,2267,TRACXN,EQ,360420,169872,47.13
20,2268,TRANSTEEL,SM,32000,24000,75.00
20,2269,TRANSWIND,ST,12000,12000,100.00
20,2270,TREEHOUSE,EQ,135396,110953,81.95
20,2271,TREL,EQ,279612,176088,62.98
20,2272,TRENT,EQ,798170,508482,63.71
20,2273,TRF,EQ,15111,11717,77.54
20,2274,TRIDENT,EQ,3579911,1530110,42.74
20,2275,TRIDHYA,SM,30000,27000,90.00
20,2276,TRITURBINE,EQ,619241,278879,45.04
20,2277,TRIVENI,EQ,1586317,424669,26.77
20,2278,TROM,SM,18000,15600,86.67
20,2279,TRU,EQ,703796,453060,64.37
20,2280,TRUST,ST,54000,54000,100.00
20,2281,TTKHLTCARE,EQ,14551,6925,47.59
20,2282,TTKPRESTIG,EQ,63961,29922,46.78
20,2283,TTL,EQ,26644,15486,58.12
20,2284,TTML,EQ,5470694,1626437,29.73
20,2285,TUNWAL,SM,158000,102000,64.56
20,2286,TV18BRDCST,EQ,5566268,1840612,33.07
20,2287,TVSHLTD,EQ,10436,6360,60.94
20,2288,TVSMOTOR,EQ,1029376,575667,55.92
20,2289,TVSSCS,EQ,7093920,4661069,65.71
20,2290,TVSSRICHAK,EQ,3745,1971,52.63
20,2291,TVTODAY,EQ,246618,161054,65.31
20,2292,UBL,EQ,575889,243724,42.32
20,2293,UCAL,EQ,49414,25472,51.55
20,2294,UCL,SM,2000,2000,100.00
20,2295,UCOBANK,EQ,3526300,1155957,32.78
20,2296,UDAICEMENT,EQ,666417,402568,60.41
20,2297,UDS,EQ,507157,188344,37.14
20,2298,UFLEX,EQ,66081,29822,45.13
20,2299,UFO,EQ,130185,53202,40.87
20,2300,UGARSUGAR,EQ,1154281,508851,44.08
20,2301,UGROCAP,EQ,156227,79552,50.92
20,2302,UJJIVANSFB,EQ,37047823,24150342,65.19
20,2303,ULTRACEMCO,EQ,608787,319425,52.47
20,2304,UMA,SM,28000,20000,71.43
20,2305,UNICHEMLAB,EQ,35019,14529,41.49
20,2306,UNIDT,EQ,14349,7752,54.02
20,2307,UNIECOM,EQ,2322059,545888,23.51
20,2308,UNIENTER,EQ,96415,54714,56.75
20,2309,UNIHEALTH,SM,52000,52000,100.00
20,2310,UNIINFO,EQ,39684,32152,81.02
20,2311,UNIONBANK,EQ,14117339,7034385,49.83
20,2312,UNIPARTS,EQ,65420,37910,57.95
20,2313,UNITDSPR,EQ,1821157,1327499,72.89
20,2314,UNITEDPOLY,EQ,73843,32393,43.87
20,2315,UNITEDTEA,EQ,4015,2189,54.52
20,2316,UNIVASTU,EQ,30085,16693,55.49
20,2317,UNIVCABLES,EQ,45181,19157,42.40
20,2318,UNIVPHOTO,EQ,1282,326,25.43
20,2319,UNOMINDA,EQ,1482411,705220,47.57
20,2320,UPL,EQ,5717560,3901553,68.24
20,2321,URBAN,SM,6400,5200,81.25
20,2322,URJA,EQ,2871800,1347213,46.91
20,2323,USASEEDS,SM,2100,2100,100.00
20,2324,USHAMART,EQ,1474790,436998,29.63
20,2325,UTIAMC,EQ,188627,95542,50.65
20,2326,UTIBANKETF,EQ,854316,718519,84.10
20,2327,UTINEXT50,EQ,87951,49319,56.08
20,2328,UTINIFTETF,EQ,70689,68593,97.03
20,2329,UTISENSETF,EQ,2053,1097,53.43
20,2330,UTISXN50,EQ,9395,8006,85.22
20,2331,UTKARSHBNK,EQ,1709025,970118,56.76
20,2332,UTSSAV,SM,163200,121200,74.26
20,2333,UTTAMSUGAR,EQ,775456,258860,33.38
20,2334,VADILALIND,EQ,15313,7708,50.34
20,2335,VAIBHAVGBL,EQ,365301,197301,54.01
20,2336,VAISHALI,EQ,63079,37217,59.00
20,2337,VAKRANGEE,EQ,50285996,16324735,32.46
20,2338,VALIANTLAB,EQ,84364,46793,55.47
20,2339,VALIANTORG,EQ,43134,24059,55.78
20,2340,VARDHACRLC,EQ,51520,29947,58.13
20,2341,VARROC,EQ,329500,189333,57.46
20,2342,VASCONEQ,EQ,845602,384084,45.42
20,2343,VASWANI,EQ,58679,33192,56.57
20,2344,VBL,EQ,7292526,4713984,64.64
20,2345,VDEAL,SM,99600,51600,51.81
20,2346,VEDL,EQ,17249829,9441994,54.74
20,2347,VEEKAYEM,SM,11000,10000,90.91
20,2348,VENKEYS,EQ,42564,17712,41.61
20,2349,VENUSPIPES,EQ,37426,19232,51.39
20,2350,VENUSREM,EQ,18300,10313,56.36
20,2351,VERITAAS,SM,4800,2400,50.00
20,2352,VERTOZ,EQ,1077146,624128,57.94
20,2353,VESUVIUS,EQ,228650,161784,70.76
20,2354,VGUARD,EQ,484378,303860,62.73
20,2355,VHL,EQ,828,473,57.13
20,2356,VIAZ,SM,8000,8000,100.00
20,2357,VIDHIING,EQ,6456,4913,76.10
20,2358,VIESL,ST,240000,216800,90.33
20,2359,VIJAYA,EQ,47605,20906,43.92
20,2360,VIKASECO,EQ,5707105,2671694,46.81
20,2361,VIKASLIFE,EQ,9774425,3106384,31.78
20,2362,VILAS,ST,65000,59000,90.77
20,2363,VIMTALABS,EQ,122544,59270,48.37
20,2364,VINATIORGA,EQ,67282,48425,71.97
20,2365,VINDHYATEL,EQ,21443,9661,45.05
20,2366,VINEETLAB,EQ,8669,3136,36.17
20,2367,VINSYS,SM,26500,25000,94.34
20,2368,VINYAS,ST,29400,25800,87.76
20,2369,VINYLINDIA,EQ,26940,16871,62.62
20,2370,VIPIND,EQ,374770,171887,45.86
20,2371,VIRINCHI,EQ,1284386,724416,56.40
20,2372,VISAKAIND,EQ,214955,105675,49.16
20,2373,VISAMAN,SM,39000,39000,100.00
20,2374,VISHNU,EQ,46708,28208,60.39
20,2375,VISHNUINFR,SM,14500,7500,51.72
20,2376,VISHWARAJ,EQ,2967538,1041622,35.10
20,2377,VISHWAS,SM,35200,32000,90.91
20,2378,VITAL,ST,40800,34800,85.29
20,2379,VIVIANA,ST,5000,5000,100.00
20,2380,VIVIDHA,EQ,2536139,1544234,60.89
20,2381,VLEGOV,EQ,1310317,505045,38.54
20,2382,VLINFRA,SM,162000,126000,77.78
20,2383,VLSFINANCE,EQ,91790,34637,37.74
20,2384,VMARCIND,SM,26000,22000,84.62
20,2385,VMART,EQ,16294,7835,48.09
20,2386,VOLTAMP,EQ,25186,14592,57.94
20,2387,VOLTAS,EQ,2434135,1233340,50.67
20,2388,VPRPL,EQ,590387,263174,44.58
20,2389,VRAJ,EQ,198969,87821,44.14
20,2390,VRLLOG,EQ,65857,27821,42.24
20,2391,VSCL,SM,9000,9000,100.00
20,2392,VSSL,EQ,32748,18938,57.83
20,2393,VSTIND,EQ,405532,91635,22.60
20,2394,VSTTILLERS,EQ,7373,3719,50.44
20,2395,VTL,EQ,238914,139544,58.41
20,2396,WABAG,EQ,2564642,1512734,58.98
20,2397,WALCHANNAG,EQ,641667,284316,44.31
20,2398,WALPAR,SM,6000,4000,66.67
20,2399,WEL,EQ,230599,80479,34.90
20,2400,WELCORP,EQ,467507,290050,62.04
20,2401,WELENT,EQ,81057,34285,42.30
20,2402,WELINV,EQ,576,373,64.76
20,2403,WELSPUNLIV,EQ,6381071,4118281,64.54
20,2404,WENDT,EQ,275,179,65.09
20,2405,WESTLIFE,EQ,136734,83162,60.82
20,2406,WHEELS,EQ,55012,30059,54.64
20,2407,WHIRLPOOL,EQ,223488,154221,69.01
20,2408,WILLAMAGOR,EQ,14966,8933,59.69
20,2409,WINDLAS,EQ,61318,24753,40.37
20,2410,WINDMACHIN,EQ,179255,96718,53.96
20,2411,WINSOL,SM,49600,27200,54.84
20,2412,WIPRO,EQ,8332116,3670787,44.06
20,2413,WOMANCART,ST,4800,4800,100.00
20,2414,WONDERLA,EQ,113574,42347,37.29
20,2415,WORTH,EQ,82677,39087,47.28
20,2416,WSI,EQ,155218,84453,54.41
20,2417,WSTCSTPAPR,EQ,302894,161326,53.26
20,2418,WTICAB,SM,26000,18000,69.23
20,2419,XCHANGING,EQ,161393,85226,52.81
20,2420,XELPMOC,EQ,27548,13390,48.61
20,2421,XPROINDIA,EQ,72082,48228,66.91
20,2422,XTGLOBAL,EQ,67636,49346,72.96
20,2423,YASHO,EQ,7387,4516,61.13
20,2424,YASHOPTICS,SM,36800,35200,95.65
20,2425,YATHARTH,EQ,813675,392764,48.27
20,2426,YATRA,EQ,252065,160379,63.63
20,2427,YCCL,SM,6000,6000,100.00
20,2428,YESBANK,EQ,78880719,36678941,46.50
20,2429,YUDIZ,ST,8800,8800,100.00
20,2430,YUKEN,EQ,6397,4551,71.14
20,2431,ZAGGLE,EQ,915492,385481,42.11
20,2432,ZEAL,SM,17400,10800,62.07
20,2433,ZEEL,EQ,14064662,6594193,46.88
20,2434,ZEEMEDIA,EQ,3245274,1542652,47.54
20,2435,ZENITHDRUG,SM,153600,96000,62.50
20,2436,ZENSARTECH,EQ,640787,285750,44.59
20,2437,ZENTEC,EQ,1113256,776492,69.75
20,2438,ZFCVINDIA,EQ,7712,4167,54.03
20,2439,ZIMLAB,EQ,95047,47345,49.81
20,2440,ZOMATO,EQ,84416068,37269854,44.15
20,2441,ZOTA,EQ,66713,44828,67.20
20,2442,ZTECH,SM,116400,81600,70.10
20,2443,ZUARI,EQ,106775,50748,47.53
20,2444,ZUARIIND,EQ,66595,36433,54.71
20,2445,ZYDUSLIFE,EQ,2271977,1372843,60.43
20,2446,ZYDUSWELL,EQ,45522,25206,55.37
