Security Wise Delivery Position - Compulsory Rolling Settlement
10,MTO,14112024,1035475949,0002560
Trade Date <14-NOV-2024>,Settlement Type <N>
Record Type,Sr No,Name of Security,Quantity Traded,Deliverable Quantity(gross across client level),% of Deliverable Quantity to Traded Quantity
20,1,0MOFSL27,N3,215,215,100.00
20,2,1003ICCL28,NX,13,13,100.00
20,3,1003IIFL29,NC,52,52,100.00
20,4,1003ISFL28,N4,1142,1134,99.30
20,5,1003SCL30A,NV,30,30,100.00
20,6,1015ECL29,NR,53,52,98.11
20,7,1025SCL34B,N1,29,17,58.62
20,8,1035UCL26,NA,28,28,100.00
20,9,1050NFL26,N7,289,287,99.31
20,10,1050UCL25,N7,235,235,100.00
20,11,1060ECL29,NS,26,26,100.00
20,12,1065NFL27,NC,31,31,100.00
20,13,1075UCL25,N9,100,100,100.00
20,14,1090NFL26,NB,200,100,50.00
20,15,10CAGL27,N5,68,68,100.00
20,16,10IIFL28A,NE,255,255,100.00
20,17,10IIFL29,N6,50,50,100.00
20,18,10NIDO26,N6,260,260,100.00
20,19,1119NFL27,ND,133,73,54.89
20,20,11DLSL25,NV,1,1,100.00
20,21,182D060325,TB,1100,1100,100.00
20,22,182D090125,TB,100,100,100.00
20,23,182D100425,TB,100,100,100.00
20,24,182D240425,TB,1500,1500,100.00
20,25,360ONE,EQ,433088,201053,46.42
20,26,364D020125,TB,100,100,100.00
20,27,364D020525,TB,200,200,100.00
20,28,364D050625,TB,200,200,100.00
20,29,364D070825,TB,68000,68000,100.00
20,30,364D110425,TB,200,200,100.00
20,31,364D160125,TB,200,200,100.00
20,32,364D211124,TB,40000,40000,100.00
20,33,364D240725,TB,400,400,100.00
20,34,364D260625,TB,200,200,100.00
20,35,364D261224,TB,5000,5000,100.00
20,36,364D290525,TB,100,100,100.00
20,37,364D300125,TB,100,100,100.00
20,38,3IINFOLTD,EQ,312013,148796,47.69
20,39,3MINDIA,EQ,5692,1458,25.61
20,40,3RDROCK,IT,5200,5200,100.00
20,41,574GS2026,GS,4,4,100.00
20,42,585GS2030,GS,8,4,50.00
20,43,5PAISA,EQ,37446,12206,32.60
20,44,610GS2031,GS,9,9,100.00
20,45,63MOONS,EQ,604776,224659,37.15
20,46,654GS2032,GS,4001,4001,100.00
20,47,667GS2035,GS,20,20,100.00
20,48,667GS2050,GS,900,900,100.00
20,49,679GS2034,GS,100,100,100.00
20,50,689GS2025,GS,202,202,100.00
20,51,695GS2061,GS,4,4,100.00
20,52,697GR2034,GS,300,300,100.00
20,53,699GS2026,GS,100,100,100.00
20,54,699GS2051,GS,404,400,99.01
20,55,702GS2027,GS,14850,14850,100.00
20,56,702GS2031,GS,20119,20100,99.91
20,57,704GS2029,GS,6700,6700,100.00
20,58,704IRFC28,N6,20,10,50.00
20,59,706GS2028,GS,16000,13500,84.38
20,60,709GS2054,GS,3450,3450,100.00
20,61,710GS2029,GS,425,425,100.00
20,62,714NHAI26,N7,1,1,100.00
20,63,716GS2050,GS,10200,10000,98.04
20,64,717GS2030,GS,37600,37600,100.00
20,65,718GS2033,GS,19000,19000,100.00
20,66,718GS2037,GS,35200,33700,95.74
20,67,71GS2034,GS,200,200,100.00
20,68,723GS2039,GS,3790,3790,100.00
20,69,725GS2063,GS,2929,2929,100.00
20,70,726GS2032,GS,5000,5000,100.00
20,71,726GS2033,GS,2200,2200,100.00
20,72,729IRFC26,NN,120,120,100.00
20,73,732GS2030,GS,16330,14101,86.35
20,74,732IRFC25,NI,980,980,100.00
20,75,733GS2026,GS,10507,10506,99.99
20,76,734GS2064,GS,56513,40900,72.37
20,77,736GS2052,GS,500,500,100.00
20,78,736NTPC25D,NB,100,100,100.00
20,79,737GS2028,GS,5149,5050,98.08
20,80,738GS2027,GS,75913,75913,100.00
20,81,738REC27TF,N2,1010,1010,100.00
20,82,739NHAI26,N8,2178,1952,89.62
20,83,73GS2053,GS,2100,2100,100.00
20,84,740IIFCL33,N1,10,10,100.00
20,85,741GS2036,GS,27639,27639,100.00
20,86,743REC35,NH,1,1,100.00
20,87,746GS2073,GS,750,750,100.00
20,88,74GS2062,GS,13,9,69.23
20,89,750IRFC35,NK,100,100,100.00
20,90,751HUDCO28,N5,49,49,100.00
20,91,753IRFC30,NJ,1382,1382,100.00
20,92,754GS2036,GS,379319,373199,98.39
20,93,759GS2026,GS,10003,10003,100.00
20,94,760PFCL35,N3,178,178,100.00
20,95,762NTPC35F,ND,153,153,100.00
20,96,764HUDCO31,N8,650,650,100.00
20,97,764IRFC31,NO,1310,1235,94.27
20,98,764NABAR31,N2,1570,1570,100.00
20,99,765UP34,SG,100,100,100.00
20,100,769HUDCO31,N9,561,561,100.00
20,101,769IGT28,NH,20,20,100.00
20,102,769NHAI31,NE,2290,2029,88.60
20,103,76NHAI31,NA,3575,3566,99.75
20,104,772GS2025,GS,10005,10002,99.97
20,105,772GS2049,GS,83,83,100.00
20,106,772GS2055,GS,501,501,100.00
20,107,772JK43,SG,100,100,100.00
20,108,774IREDA31,N7,736,736,100.00
20,109,79NHIT35,N1,740,670,90.54
20,110,79NHIT40,N2,407,395,97.05
20,111,79NHIT47,N3,416,396,95.19
20,112,801TCH25,N4,55,55,100.00
20,113,810IRFC27,N2,2556,2556,100.00
20,114,812REC27,NI,375,350,93.33
20,115,81ABFL33,N5,100,100,100.00
20,116,820IIFL27,N9,23,23,100.00
20,117,824GS2027,GS,2425,2425,100.00
20,118,825IIFL25,N7,55,55,100.00
20,119,828GS2032,GS,500,500,100.00
20,120,829LTF24,NL,111,111,100.00
20,121,829PFL29,N6,4,4,100.00
20,122,82HUDCO27,N2,2772,2767,99.82
20,123,82IGT31,NJ,276,276,100.00
20,124,830NHAI27,N2,1966,1554,79.04
20,125,830PFCL27,N5,140,140,100.00
20,126,832GS2032,GS,1,1,100.00
20,127,83TCHF25,N6,140,70,50.00
20,128,842IIFL26,NL,2600,2600,100.00
20,129,843IHFL29,NC,50,50,100.00
20,130,849NTPC25,N7,272554,271092,99.46
20,131,84TCHF28,NA,1,1,100.00
20,132,85IIFL25,NO,160,160,100.00
20,133,863IRFC29,NC,1,1,100.00
20,134,865IFL28,NZ,1397,807,57.77
20,135,865IIFL28,NS,1194,1194,100.00
20,136,865IRFC29,NA,3,3,100.00
20,137,865LTF26,NN,420,400,95.24
20,138,865SCL26,N8,20,20,100.00
20,139,865TCAPS27,N8,268,168,62.69
20,140,866SCFL25,Y8,1,1,100.00
20,141,86LTF24,NJ,60,59,98.33
20,142,871REC28,N9,218,218,100.00
20,143,875NHAI29,N6,97,50,51.55
20,144,875PCHFL26,N8,35,35,100.00
20,145,876HUDCO28,ND,700,700,100.00
20,146,879SCL26,NC,106,53,50.00
20,147,87LTF27,NH,66,66,100.00
20,148,880IREDA34,N6,195,195,100.00
20,149,885MOFSL26,N0,192,192,100.00
20,150,888IRFC29,NE,85,5,5.88
20,151,891IIFCL34,N4,40,40,100.00
20,152,891NTPC33,N6,200,200,100.00
20,153,892PFCL33,N8,479,457,95.41
20,154,894SCL27,ZY,1,1,100.00
20,155,898LTF29,N7,170,170,100.00
20,156,901HUDCO34,NE,524,523,99.81
20,157,901NHB34,N6,438,221,50.46
20,158,903SFL28,YI,5,5,100.00
20,159,910TCAP28,NA,50,50,100.00
20,160,91D090125,TB,200,200,100.00
20,161,91D300125,TB,1300,1300,100.00
20,162,925AEL26,N1,20,20,100.00
20,163,925SCL25,N5,3,3,100.00
20,164,92GS2030,GS,7569,7569,100.00
20,165,930SFL28,YP,50,50,100.00
20,166,932AEL27,N3,4,3,75.00
20,167,935MOFSL29,N5,147,147,100.00
20,168,93MOFSL34,N6,387,387,100.00
20,169,943ECL28,NJ,611,611,100.00
20,170,948SCL26A,NN,2,0,0.00
20,171,948SCL27D,N1,3,3,100.00
20,172,94SFL28,YL,5,5,100.00
20,173,955ICCL25A,NH,10,10,100.00
20,174,956AEL29,N6,11,11,100.00
20,175,957ISFL26,N2,2,1,50.00
20,176,957NIDO26,N5,40,40,100.00
20,177,965AEL27,N4,37,37,100.00
20,178,965SCL25C,N0,69,69,100.00
20,179,965SCL25E,BF,30,30,100.00
20,180,965SCL26F,N1,20,20,100.00
20,181,96IIFL28,N5,1709,1709,100.00
20,182,96IIFL28A,NF,2916,2664,91.36
20,183,96SFL24A,NB,13,13,100.00
20,184,970CAGL28,ND,51,51,100.00
20,185,975NFL25,N0,110,110,100.00
20,186,97SFL28,YS,21,16,76.19
20,187,980SCL33,NX,3,3,100.00
20,188,985ECL28,NK,1040,1040,100.00
20,189,990SCL26,N7,262,256,97.71
20,190,99AEL29,N7,710,710,100.00
20,191,9IIFL28,Y0,260,230,88.46
20,192,9IIFL28A,NT,662,662,100.00
20,193,9MMFSML,N2,271,271,100.00
20,194,9SCFL25,Y5,180,180,100.00
20,195,9SCL26BA,NA,617,617,100.00
20,196,9SFL25A,ZH,16,16,100.00
20,197,A2ZINFRA,EQ,219438,125341,57.12
20,198,AAATECH,EQ,10039,5911,58.88
20,199,AADHARHFC,EQ,1857926,382350,20.58
20,200,AAKASH,EQ,117987,74124,62.82
20,201,AARON,EQ,10854,6167,56.82
20,202,AARTECH,EQ,23165,9091,39.24
20,203,AARTIDRUGS,EQ,265544,124744,46.98
20,204,AARTIIND,EQ,1303934,433334,33.23
20,205,AARTIPHARM,EQ,105429,44709,42.41
20,206,AARVI,EQ,14708,9013,61.28
20,207,AATMAJ,SM,36000,32000,88.89
20,208,AAVAS,EQ,87443,37222,42.57
20,209,ABAN,EQ,40350,22250,55.14
20,210,ABB,EQ,599381,286612,47.82
20,211,ABBOTINDIA,EQ,7905,3511,44.41
20,212,ABCAPITAL,EQ,2597625,992799,38.22
20,213,ABDL,EQ,279350,141333,50.59
20,214,ABFRL,EQ,1511988,602641,39.86
20,215,ABGSEC,EQ,672,668,99.40
20,216,ABREL,EQ,219481,94696,43.15
20,217,ABSLAMC,EQ,406802,219523,53.96
20,218,ABSLBANETF,EQ,166140,157349,94.71
20,219,ABSLLIQUID,EQ,4844,4557,94.08
20,220,ABSLNN50ET,EQ,21192,16418,77.47
20,221,ABSLPSE,EQ,228501,174405,76.33
20,222,ABSMARINE,SM,110500,80500,72.85
20,223,ACC,EQ,194258,74982,38.60
20,224,ACCELYA,EQ,10545,4956,47.00
20,225,ACCENTMIC,SM,18500,14500,78.38
20,226,ACCURACY,EQ,521754,335872,64.37
20,227,ACE,EQ,208691,45146,21.63
20,228,ACEINTEG,EQ,26453,9740,36.82
20,229,ACI,EQ,248870,95131,38.23
20,230,ACL,EQ,46524,23888,51.35
20,231,ACLGATI,EQ,390111,158375,40.60
20,232,ACMESOLAR,EQ,5351111,2774271,51.84
20,233,ACSAL,ST,1500,1500,100.00
20,234,ADANIENSOL,EQ,1903461,877805,46.12
20,235,ADANIENT,EQ,646797,178450,27.59
20,236,ADANIGREEN,EQ,571469,186188,32.58
20,237,ADANIPORTS,EQ,2963013,1561024,52.68
20,238,ADANIPOWER,EQ,3095845,602350,19.46
20,239,ADFFOODS,EQ,154918,45940,29.65
20,240,ADORWELD,EQ,8171,4380,53.60
20,241,ADROITPP1,X1,2217,2188,98.69
20,242,ADSL,EQ,284135,88326,31.09
20,243,ADVANIHOTR,EQ,36531,17630,48.26
20,244,ADVENZYMES,EQ,305167,108834,35.66
20,245,AEGISLOG,EQ,718373,276955,38.55
20,246,AEL120924,N2,7,7,100.00
20,247,AEL120924B,N8,190,190,100.00
20,248,AEROFLEX,EQ,484302,166767,34.43
20,249,AERON,SM,19000,15000,78.95
20,250,AESTHETIK,SM,32000,26000,81.25
20,251,AETHER,EQ,17225,7187,41.72
20,252,AFCONS,EQ,2094067,896824,42.83
20,253,AFFLE,EQ,443710,125990,28.39
20,254,AFFORDABLE,EQ,11217,7587,67.64
20,255,AFIL,EQ,117542,91804,78.10
20,256,AGARIND,EQ,42219,26498,62.76
20,257,AGARWALFT,SM,7500,7500,100.00
20,258,AGI,EQ,173402,54726,31.56
20,259,AGIIL,EQ,10420,7109,68.22
20,260,AGNI,SM,22500,17500,77.78
20,261,AGRITECH,EQ,6632,3512,52.96
20,262,AGROPHOS,EQ,37586,13489,35.89
20,263,AGSTRA,EQ,242463,132038,54.46
20,264,AHL,EQ,44521,19134,42.98
20,265,AHLADA,EQ,14712,6868,46.68
20,266,AHLEAST,EQ,9815,6840,69.69
20,267,AHLUCONT,EQ,41262,19097,46.28
20,268,AIAENG,EQ,29275,15818,54.03
20,269,AIIL,EQ,32567,13787,42.33
20,270,AILIMITED,ST,3000,3000,100.00
20,271,AIMTRON,ST,38800,37600,96.91
20,272,AIROLAM,EQ,11721,3723,31.76
20,273,AIRTELPP,E1,392518,362478,92.35
20,274,AJANTPHARM,EQ,71512,36247,50.69
20,275,AJMERA,EQ,85065,35974,42.29
20,276,AKANKSHA,ST,17000,15000,88.24
20,277,AKASH,EQ,43713,17654,40.39
20,278,AKG,EQ,71395,39427,55.22
20,279,AKI,EQ,54651,30641,56.07
20,280,AKIKO,SM,6400,6400,100.00
20,281,AKSHARCHEM,EQ,8472,4346,51.30
20,282,AKSHOPTFBR,EQ,619858,319812,51.59
20,283,AKUMS,EQ,234411,226383,96.58
20,284,AKZOINDIA,EQ,14255,6459,45.31
20,285,ALANKIT,EQ,910887,340984,37.43
20,286,ALEMBICLTD,EQ,614220,206442,33.61
20,287,ALICON,EQ,8233,4029,48.94
20,288,ALKALI,EQ,9069,4905,54.09
20,289,ALKEM,EQ,308852,162670,52.67
20,290,ALKYLAMINE,EQ,45889,12328,26.86
20,291,ALLCARGO,EQ,1846181,536329,29.05
20,292,ALLDIGI,EQ,15524,7486,48.22
20,293,ALLETEC,SM,33600,18400,54.76
20,294,ALOKINDS,EQ,8179654,1946628,23.80
20,295,ALPEXSOLAR,SM,194200,106800,54.99
20,296,ALPHA,EQ,1135165,823700,72.56
20,297,ALPHAETF,EQ,1431704,1332395,93.06
20,298,ALPHAGEO,EQ,6427,3617,56.28
20,299,ALPL30IETF,EQ,7257921,6375820,87.85
20,300,ALUWIND,ST,4500,4500,100.00
20,301,AMBANIORGO,SM,5000,5000,100.00
20,302,AMBER,EQ,171704,35390,20.61
20,303,AMBEY,SM,38000,30000,78.95
20,304,AMBICAAGAR,EQ,82142,50066,60.95
20,305,AMBIKCO,EQ,11275,6714,59.55
20,306,AMBUJACEM,EQ,1535042,947147,61.70
20,307,AMDIND,EQ,13804,7195,52.12
20,308,AMEYA,ST,22000,17000,77.27
20,309,AMIABLE,SM,17600,11200,63.64
20,310,AMIORG,EQ,460759,117082,25.41
20,311,AMJLAND,EQ,78769,44543,56.55
20,312,AMJUMBO,ST,16000,16000,100.00
20,313,AMNPLST,EQ,5696,3464,60.81
20,314,AMRUTANJAN,EQ,29918,9854,32.94
20,315,ANANDRATHI,EQ,37446,16598,44.33
20,316,ANANTRAJ,EQ,810485,340630,42.03
20,317,ANDHRAPAP,EQ,95990,56922,59.30
20,318,ANDHRSUGAR,EQ,146634,49863,34.01
20,319,ANGELONE,EQ,1679808,290675,17.30
20,320,ANLON,SM,20000,16400,82.00
20,321,ANMOL,EQ,236155,32566,13.79
20,322,ANNAPURNA,SM,131500,94000,71.48
20,323,ANUP,EQ,304131,64930,21.35
20,324,ANURAS,EQ,113909,24800,21.77
20,325,APARINDS,EQ,96755,38291,39.58
20,326,APCL,EQ,12758,8455,66.27
20,327,APCOTEXIND,EQ,10357,6355,61.36
20,328,APEX,EQ,112672,45853,40.70
20,329,APLAPOLLO,EQ,298600,169784,56.86
20,330,APLLTD,EQ,111101,62968,56.68
20,331,APOLLO,EQ,849757,281916,33.18
20,332,APOLLOHOSP,EQ,192648,103604,53.78
20,333,APOLLOPIPE,EQ,42096,18632,44.26
20,334,APOLLOTYRE,EQ,4069068,327320,8.04
20,335,APOLSINHOT,EQ,1695,782,46.14
20,336,APRAMEYA,SM,66000,64000,96.97
20,337,APS,ST,39500,35750,90.51
20,338,APTECHT,EQ,156854,58347,37.20
20,339,APTUS,EQ,478334,217509,45.47
20,340,ARABIAN,SM,38000,14000,36.84
20,341,ARCHIDPLY,EQ,56359,44036,78.13
20,342,ARE&M,EQ,355341,127875,35.99
20,343,ARHAM,SM,38000,27000,71.05
20,344,ARIES,EQ,125087,42030,33.60
20,345,ARIHANTCAP,EQ,450255,184509,40.98
20,346,ARIHANTSUP,EQ,86795,62726,72.27
20,347,ARISTO,ST,11200,9600,85.71
20,348,ARKADE,EQ,642066,216947,33.79
20,349,ARMANFIN,EQ,80937,52796,65.23
20,350,AROGRANITE,EQ,98151,24718,25.18
20,351,ARROWGREEN,EQ,60435,31347,51.87
20,352,ARTEMISMED,EQ,262967,170453,64.82
20,353,ARVEE,EQ,609,464,76.19
20,354,ARVIND,EQ,221302,81990,37.05
20,355,ARVINDFASN,EQ,161848,64544,39.88
20,356,ARVSMART,EQ,34574,14734,42.62
20,357,ASAHIINDIA,EQ,52612,16365,31.11
20,358,ASAL,EQ,12190,5587,45.83
20,359,ASALCBR,EQ,22909,9136,39.88
20,360,ASHALOG,ST,9000,9000,100.00
20,361,ASHAPURMIN,EQ,714088,259221,36.30
20,362,ASHIANA,EQ,128639,80581,62.64
20,363,ASHOKA,EQ,2141356,761964,35.58
20,364,ASHOKLEY,EQ,4818367,1601474,33.24
20,365,ASIANENE,EQ,209749,113875,54.29
20,366,ASIANHOTNR,EQ,1502,970,64.58
20,367,ASIANPAINT,EQ,1206975,560300,46.42
20,368,ASIANTILES,EQ,421044,191669,45.52
20,369,ASKAUTOLTD,EQ,121027,51388,42.46
20,370,ASLIND,SM,6000,6000,100.00
20,371,ASMS,EQ,239891,133777,55.77
20,372,ASPINWALL,EQ,4294,2675,62.30
20,373,ASPIRE,SM,238000,186000,78.15
20,374,ASTEC,EQ,36713,27518,74.95
20,375,ASTERDM,EQ,730914,339075,46.39
20,376,ASTRAL,EQ,342533,219040,63.95
20,377,ASTRAMICRO,EQ,156939,53429,34.04
20,378,ASTRAZEN,EQ,66156,11228,16.97
20,379,ASTRON,EQ,205503,108812,52.95
20,380,ATAM,EQ,19621,9949,50.71
20,381,ATFL,EQ,292515,124219,42.47
20,382,ATGL,EQ,283810,88614,31.22
20,383,ATL,EQ,394744,199518,50.54
20,384,ATMASTCO,ST,6800,6800,100.00
20,385,ATUL,EQ,46953,25435,54.17
20,386,ATULAUTO,EQ,60150,27977,46.51
20,387,AUBANK,EQ,1722187,976781,56.72
20,388,AURDIS,SM,59375,31250,52.63
20,389,AURIONPRO,EQ,42066,23195,55.14
20,390,AUROIMPEX,SM,89600,78400,87.50
20,391,AUROPHARMA,EQ,832369,455040,54.67
20,392,AURUMPP1,X1,1889,1888,99.95
20,393,AUTOAXLES,EQ,4702,3133,66.63
20,394,AUTOBEES,EQ,106776,63291,59.27
20,395,AUTOIETF,EQ,420756,161097,38.29
20,396,AUTOIND,EQ,72830,40610,55.76
20,397,AVADHSUGAR,EQ,51235,19999,39.03
20,398,AVALON,EQ,458539,118814,25.91
20,399,AVANTEL,EQ,1399582,808622,57.78
20,400,AVANTIFEED,EQ,321039,73141,22.78
20,401,AVG,EQ,79132,51723,65.36
20,402,AVIANSH,SM,6000,4000,66.67
20,403,AVL,EQ,203724,169865,83.38
20,404,AVONMORE,EQ,223879,152869,68.28
20,405,AVPINFRA,ST,74400,74400,100.00
20,406,AVTNPL,EQ,55801,31471,56.40
20,407,AWFIS,EQ,183480,117083,63.81
20,408,AWHCL,EQ,173358,60513,34.91
20,409,AWL,EQ,1111772,463474,41.69
20,410,AXISBANK,EQ,5975873,3615850,60.51
20,411,AXISBNKETF,EQ,572,481,84.09
20,412,AXISBPSETF,EQ,79373,74636,94.03
20,413,AXISCADES,EQ,454789,133493,29.35
20,414,AXISCETF,EQ,1734,1695,97.75
20,415,AXISGOLD,EQ,1390180,1300544,93.55
20,416,AXISHCETF,EQ,1348,972,72.11
20,417,AXISILVER,EQ,63902,52555,82.24
20,418,AXISNIFTY,EQ,46244,46145,99.79
20,419,AXISTECETF,EQ,4918,2919,59.35
20,420,AXITA,EQ,3333055,1481824,44.46
20,421,AXSENSEX,EQ,3499,2131,60.90
20,422,AZAD,EQ,157861,67895,43.01
20,423,BABAFP,SM,6400,3200,50.00
20,424,BAGFILMS,EQ,389162,178462,45.86
20,425,BAHETI,ST,7875,6000,76.19
20,426,BAJAJ-AUTO,EQ,275791,118688,43.04
20,427,BAJAJCON,EQ,328274,121403,36.98
20,428,BAJAJELEC,EQ,46122,22989,49.84
20,429,BAJAJFINSV,EQ,744472,283410,38.07
20,430,BAJAJHCARE,EQ,238113,113280,47.57
20,431,BAJAJHFL,EQ,7658399,3910100,51.06
20,432,BAJAJHIND,EQ,7738544,2373635,30.67
20,433,BAJAJHLDNG,EQ,106278,26120,24.58
20,434,BAJEL,EQ,793816,191320,24.10
20,435,BAJFINANCE,EQ,527703,210441,39.88
20,436,BALAJEE,EQ,237863,164773,69.27
20,437,BALAMINES,EQ,38886,18094,46.53
20,438,BALAXI,EQ,10153,7294,71.84
20,439,BALCO,ST,3600,3600,100.00
20,440,BALKRISHNA,EQ,12855,7634,59.39
20,441,BALKRISIND,EQ,259506,70522,27.18
20,442,BALMLAWRIE,EQ,191777,61978,32.32
20,443,BALRAMCHIN,EQ,995557,481594,48.37
20,444,BALUFORGE,EQ,505120,210673,41.71
20,445,BANARBEADS,EQ,44007,20689,47.01
20,446,BANARISUG,EQ,3638,1801,49.51
20,447,BANCOINDIA,EQ,1935263,515711,26.65
20,448,BANDHANBNK,EQ,12377786,5574543,45.04
20,449,BANG,EQ,20226,16427,81.22
20,450,BANKA,EQ,29139,17509,60.09
20,451,BANKBARODA,EQ,6939685,2435343,35.09
20,452,BANKBEES,EQ,551641,386116,69.99
20,453,BANKBETF,EQ,29129,18594,63.83
20,454,BANKETF,EQ,5039,4530,89.90
20,455,BANKETFADD,EQ,9203,4509,48.99
20,456,BANKIETF,EQ,586602,388602,66.25
20,457,BANKINDIA,EQ,3862235,800383,20.72
20,458,BANKNIFTY1,EQ,160647,119566,74.43
20,459,BANKPSU,EQ,983,825,83.93
20,460,BANSALWIRE,EQ,178253,66086,37.07
20,461,BANSWRAS,EQ,18305,7278,39.76
20,462,BARBEQUE,EQ,68326,40677,59.53
20,463,BASF,EQ,49287,12672,25.71
20,464,BASILIC,SM,75300,51600,68.53
20,465,BATAINDIA,EQ,159862,63081,39.46
20,466,BAWEJA,SM,7200,7200,100.00
20,467,BAYERCROP,EQ,39894,15239,38.20
20,468,BBETF0432,EQ,3630,3511,96.72
20,469,BBL,EQ,59270,27964,47.18
20,470,BBNPNBETF,EQ,466,347,74.46
20,471,BBNPPGOLD,EQ,670,505,75.37
20,472,BBOX,EQ,261282,113721,43.52
20,473,BBTC,EQ,77735,27303,35.12
20,474,BBTCL,EQ,2824,1544,54.67
20,475,BCLIND,EQ,784946,271303,34.56
20,476,BCONCEPTS,EQ,23730,13974,58.89
20,477,BDL,EQ,577725,173594,30.05
20,478,BEACON,SM,71000,61000,85.92
20,479,BEARDSELL,EQ,51799,30596,59.07
20,480,BECTORFOOD,EQ,59400,29841,50.24
20,481,BEDMUTHA,EQ,13246,8148,61.51
20,482,BEL,EQ,20541591,6416751,31.24
20,483,BEML,EQ,381587,60363,15.82
20,484,BEPL,EQ,818436,277322,33.88
20,485,BERGEPAINT,EQ,364603,101438,27.82
20,486,BESTAGRO,EQ,70380,32412,46.05
20,487,BETA,SM,4400,3100,70.45
20,488,BEWLTD,SM,17500,11000,62.86
20,489,BFINVEST,EQ,98392,20068,20.40
20,490,BFSI,EQ,170620,93461,54.78
20,491,BGRENERGY,EQ,263650,135777,51.50
20,492,BHAGCHEM,EQ,114854,74629,64.98
20,493,BHAGYANGR,EQ,30196,13560,44.91
20,494,BHANDARI,EQ,422478,265104,62.75
20,495,BHARATFORG,EQ,1860816,638637,34.32
20,496,BHARATGEAR,EQ,7410,3907,52.73
20,497,BHARATRAS,EQ,7508,1921,25.59
20,498,BHARATWIRE,EQ,81606,29708,36.40
20,499,BHARTIARTL,EQ,5139154,3625933,70.56
20,500,BHARTIHEXA,EQ,872704,738426,84.61
20,501,BHEL,EQ,10187321,1638074,16.08
20,502,BHINVIT,IV,63788,61034,95.68
20,503,BIGBLOC,EQ,462829,225780,48.78
20,504,BIKAJI,EQ,472139,234151,49.59
20,505,BIKEWO,SM,24000,20000,83.33
20,506,BIOCON,EQ,4264527,1674790,39.27
20,507,BIOFILCHEM,EQ,25339,14134,55.78
20,508,BIRET,RR,320029,283637,88.63
20,509,BIRLACABLE,EQ,41377,21701,52.45
20,510,BIRLACORPN,EQ,62266,27799,44.65
20,511,BLAL,EQ,67765,33692,49.72
20,512,BLBLIMITED,EQ,71341,28680,40.20
20,513,BLISSGVS,EQ,196650,66603,33.87
20,514,BLKASHYAP,EQ,305329,176321,57.75
20,515,BLS,EQ,1349003,275669,20.44
20,516,BLSE,EQ,210364,103750,49.32
20,517,BLUEDART,EQ,27604,18031,65.32
20,518,BLUEJET,EQ,79958,46501,58.16
20,519,BLUEPEBBLE,SM,4800,4400,91.67
20,520,BLUESTARCO,EQ,402442,248317,61.70
20,521,BMETRICS,SM,47200,27200,57.63
20,522,BODALCHEM,EQ,649983,239852,36.90
20,523,BOMDYEING,EQ,1356576,342436,25.24
20,524,BOROLTD,EQ,502296,172211,34.28
20,525,BORORENEW,EQ,245566,61074,24.87
20,526,BOROSCI,EQ,80655,38859,48.18
20,527,BOSCHLTD,EQ,25998,5065,19.48
20,528,BOSS,SM,32000,14000,43.75
20,529,BPCL,EQ,11061057,4357582,39.40
20,530,BPL,EQ,177241,106400,60.03
20,531,BRACEPORT,SM,27200,22400,82.35
20,532,BRIGADE,EQ,494881,280899,56.76
20,533,BRITANNIA,EQ,479979,173458,36.14
20,534,BRNL,EQ,39219,18052,46.03
20,535,BSE,EQ,1878541,477178,25.40
20,536,BSE500IETF,EQ,4545162,3550272,78.11
20,537,BSHSL,EQ,29646,14490,48.88
20,538,BSL,EQ,30072,15450,51.38
20,539,BSLGOLDETF,EQ,76261,62902,82.48
20,540,BSLNIFTY,EQ,213426,147680,69.19
20,541,BSLSENETFG,EQ,1855,1571,84.69
20,542,BSOFT,EQ,923393,441102,47.77
20,543,BTML,EQ,1870298,1261862,67.47
20,544,BULKCORP,SM,2400,2400,100.00
20,545,BUTTERFLY,EQ,9287,3502,37.71
20,546,BVCL,EQ,26211,14095,53.78
20,547,CAGL25,N8,18,9,50.00
20,548,CAMLINFINE,EQ,3697535,1885898,51.00
20,549,CAMPUS,EQ,525100,170328,32.44
20,550,CAMS,EQ,262219,79077,30.16
20,551,CANARYS,SM,52000,32000,61.54
20,552,CANBK,EQ,17064169,4963420,29.09
20,553,CANFINHOME,EQ,199382,57752,28.97
20,554,CANTABIL,EQ,90257,35046,38.83
20,555,CAPACITE,EQ,1226946,406469,33.13
20,556,CAPITALSFB,EQ,13726,8408,61.26
20,557,CAPLIPOINT,EQ,116252,39153,33.68
20,558,CARBORUNIV,EQ,103082,48544,47.09
20,559,CARERATING,EQ,64001,27382,42.78
20,560,CARTRADE,EQ,205599,94940,46.18
20,561,CARYSIL,EQ,51902,21766,41.94
20,562,CASTROLIND,EQ,3337322,1337977,40.09
20,563,CBAZAAR,SM,32000,32000,100.00
20,564,CCL,EQ,99297,26232,26.42
20,565,CDSL,EQ,3977598,1008149,25.35
20,566,CEATLTD,EQ,64360,20159,31.32
20,567,CEIGALL,EQ,459033,213018,46.41
20,568,CELEBRITY,EQ,29283,17957,61.32
20,569,CELLECOR,ST,201000,192000,95.52
20,570,CELLO,EQ,181102,144731,79.92
20,571,CELLPOINT,SM,6000,2400,40.00
20,572,CENTENKA,EQ,28210,11299,40.05
20,573,CENTRALBK,EQ,3689333,773712,20.97
20,574,CENTRUM,EQ,620938,250004,40.26
20,575,CENTUM,EQ,6390,2952,46.20
20,576,CENTURYPLY,EQ,174289,102460,58.79
20,577,CERA,EQ,24826,8608,34.67
20,578,CESC,EQ,2990972,1291583,43.18
20,579,CGCL,EQ,91851,22857,24.88
20,580,CGPOWER,EQ,1602611,755012,47.11
20,581,CGRAPHICS,SM,12000,7200,60.00
20,582,CHALET,EQ,86110,25625,29.76
20,583,CHAMBLFERT,EQ,1751179,703104,40.15
20,584,CHAVDA,SM,118000,77000,65.25
20,585,CHEMBOND,EQ,3656,1750,47.87
20,586,CHEMCON,EQ,17411,9422,54.12
20,587,CHEMFAB,EQ,7875,3652,46.37
20,588,CHEMPLASTS,EQ,195986,133208,67.97
20,589,CHENNPETRO,EQ,2242366,707412,31.55
20,590,CHETANA,SM,52800,35200,66.67
20,591,CHEVIOT,EQ,2099,1423,67.79
20,592,CHOICEIN,EQ,689173,195742,28.40
20,593,CHOLAFIN,EQ,1443941,911328,63.11
20,594,CHOLAHLDNG,EQ,134863,93380,69.24
20,595,CIEINDIA,EQ,415149,346933,83.57
20,596,CIFC26,NK,130,130,100.00
20,597,CIFC26A,N9,72,72,100.00
20,598,CIGNITITEC,EQ,55270,27034,48.91
20,599,CINELINE,EQ,11737,7182,61.19
20,600,CINEVISTA,EQ,23086,12104,52.43
20,601,CIPLA,EQ,1469143,776204,52.83
20,602,CLEAN,EQ,123160,64772,52.59
20,603,CLOUD,ST,32000,32000,100.00
20,604,CLSEL,EQ,116875,40723,34.84
20,605,CLSL,SM,6000,6000,100.00
20,606,CMMIPL,SM,120000,102000,85.00
20,607,CMNL,ST,15000,15000,100.00
20,608,CMRSL,SM,1600,1600,100.00
20,609,CMSINFO,EQ,500665,217090,43.36
20,610,COALINDIA,EQ,8776485,4610465,52.53
20,611,COASTCORP,EQ,30180,19223,63.69
20,612,COFORGE,EQ,312854,147609,47.18
20,613,COLPAL,EQ,540593,345844,63.97
20,614,COMMITTED,SM,17600,12800,72.73
20,615,COMMOIETF,EQ,87252,40941,46.92
20,616,COMPUSOFT,EQ,69958,39946,57.10
20,617,COMSYN,EQ,238274,122276,51.32
20,618,CONCOR,EQ,656637,245091,37.33
20,619,CONCORDBIO,EQ,76738,33294,43.39
20,620,CONFIPET,EQ,539619,273070,50.60
20,621,CONS,EQ,3584,3389,94.56
20,622,CONSOFINVT,EQ,10046,3796,37.79
20,623,CONSUMBEES,EQ,123000,76631,62.30
20,624,CONSUMIETF,EQ,19712,7876,39.96
20,625,CONTI,ST,6666,6666,100.00
20,626,CONTROLPR,EQ,13631,7938,58.23
20,627,COOLCAPS,ST,4500,4500,100.00
20,628,CORDSCABLE,EQ,46053,27710,60.17
20,629,COROMANDEL,EQ,572592,322115,56.26
20,630,COSMOFIRST,EQ,237997,139890,58.78
20,631,COUNCODOS,EQ,64584,38219,59.18
20,632,CPS,ST,43800,39600,90.41
20,633,CPSEETF,EQ,1766289,945199,53.51
20,634,CRAFTSMAN,EQ,28030,7174,25.59
20,635,CRAYONS,SM,54000,42000,77.78
20,636,CREATIVE,EQ,20806,10586,50.88
20,637,CREDITACC,EQ,370332,157733,42.59
20,638,CREST,EQ,70491,28318,40.17
20,639,CRISIL,EQ,34018,16334,48.02
20,640,CROMPTON,EQ,2024594,882189,43.57
20,641,CSBBANK,EQ,286474,160148,55.90
20,642,CSLFINANCE,EQ,47385,26136,55.16
20,643,CUB,EQ,4229357,2476189,58.55
20,644,CUBEXTUB,EQ,63511,26851,42.28
20,645,CUMMINSIND,EQ,709817,334476,47.12
20,646,CUPID,EQ,252700,140712,55.68
20,647,CYBERMEDIA,EQ,49729,13054,26.25
20,648,CYIENT,EQ,130458,79146,60.67
20,649,CYIENTDLM,EQ,142998,63702,44.55
20,650,DABUR,EQ,2083472,1216402,58.38
20,651,DALBHARAT,EQ,491072,217499,44.29
20,652,DALMIASUG,EQ,67823,25727,37.93
20,653,DAMODARIND,EQ,12687,6383,50.31
20,654,DANGEE,EQ,86633,75113,86.70
20,655,DANISH,SM,216900,120300,55.46
20,656,DATAMATICS,EQ,60879,28246,46.40
20,657,DATAPATTNS,EQ,162032,30448,18.79
20,658,DAVANGERE,EQ,1369759,635197,46.37
20,659,DBCORP,EQ,70732,32936,46.56
20,660,DBEIL,EQ,156802,67842,43.27
20,661,DBL,EQ,580064,188104,32.43
20,662,DBOL,EQ,77070,42563,55.23
20,663,DBREALTY,EQ,2568668,648662,25.25
20,664,DBSTOCKBRO,EQ,9103,3315,36.42
20,665,DCAL,EQ,9112265,2416835,26.52
20,666,DCBBANK,EQ,1242171,521223,41.96
20,667,DCG,SM,18000,18000,100.00
20,668,DCI,EQ,10577,5584,52.79
20,669,DCMNVL,EQ,8158,6328,77.57
20,670,DCMSHRIRAM,EQ,867058,114020,13.15
20,671,DCMSRIND,EQ,98455,38353,38.95
20,672,DCW,EQ,3097341,724232,23.38
20,673,DCXINDIA,EQ,861542,449219,52.14
20,674,DECCANCE,EQ,23603,16957,71.84
20,675,DECCANTRAN,ST,39600,38400,96.97
20,676,DEEDEV,EQ,347419,84189,24.23
20,677,DEEM,SM,1000,1000,100.00
20,678,DEEPAKFERT,EQ,1627537,223565,13.74
20,679,DEEPAKNTR,EQ,1152662,195696,16.98
20,680,DEEPINDS,EQ,150994,64531,42.74
20,681,DELAPLEX,SM,9000,8400,93.33
20,682,DELHIVERY,EQ,1408544,686845,48.76
20,683,DELPHIFX,EQ,4892,3505,71.65
20,684,DELTACORP,EQ,714509,273058,38.22
20,685,DELTAMAGNT,EQ,13101,8292,63.29
20,686,DEN,EQ,746006,238738,32.00
20,687,DENEERS,SM,222600,180600,81.13
20,688,DENORA,EQ,6081,2573,42.31
20,689,DENTALKART,SM,37000,23750,64.19
20,690,DESTINY,ST,18000,16500,91.67
20,691,DEVIT,EQ,1371968,356124,25.96
20,692,DEVYANI,EQ,1437981,780204,54.26
20,693,DHAMPURSUG,EQ,291407,147120,50.49
20,694,DHANBANK,EQ,355360,131985,37.14
20,695,DHANI,EQ,2558144,664739,25.99
20,696,DHANUKA,EQ,45033,20416,45.34
20,697,DHARIWAL,SM,4800,3600,75.00
20,698,DHARMAJ,EQ,136605,64435,47.17
20,699,DHRUV,EQ,15304,8449,55.21
20,700,DHUNINV,EQ,4159,1994,47.94
20,701,DIAMINESQ,EQ,4975,3299,66.31
20,702,DIAMONDYD,EQ,121657,80683,66.32
20,703,DIFFNKG,EQ,337137,103375,30.66
20,704,DIGIDRIVE,EQ,80532,41587,51.64
20,705,DIGIKORE,SM,23600,17200,72.88
20,706,DIL,EQ,203762,127655,62.65
20,707,DISHTV,EQ,11485570,3518382,30.63
20,708,DIVGIITTS,EQ,9777,4110,42.04
20,709,DIVISLAB,EQ,220287,121891,55.33
20,710,DIVOPPBEES,EQ,40229,24791,61.62
20,711,DIVYADHAN,SM,372000,362000,97.31
20,712,DIXON,EQ,446922,97113,21.73
20,713,DJML,EQ,161757,89179,55.13
20,714,DKEGL,SM,4500,3000,66.67
20,715,DLF,EQ,1985408,567043,28.56
20,716,DLINKINDIA,EQ,86300,34505,39.98
20,717,DLSL25,NW,31,31,100.00
20,718,DMART,EQ,305991,154563,50.51
20,719,DMCC,EQ,14860,8593,57.83
20,720,DODLA,EQ,18049,7902,43.78
20,721,DOLATALGO,EQ,916329,380132,41.48
20,722,DOLLAR,EQ,40899,20909,51.12
20,723,DOLLEX,SM,20000,12000,60.00
20,724,DOMS,EQ,89729,32677,36.42
20,725,DPABHUSHAN,EQ,39343,12109,30.78
20,726,DPEL,SM,52500,34500,65.71
20,727,DPSCLTD,EQ,487011,269391,55.32
20,728,DPWIRES,EQ,17660,9668,54.75
20,729,DRCSYSTEMS,EQ,224811,138737,61.71
20,730,DREAMFOLKS,EQ,90876,34814,38.31
20,731,DREDGECORP,EQ,11575,11575,100.00
20,732,DRONE,ST,76500,73000,95.42
20,733,DRREDDY,EQ,1346891,796310,59.12
20,734,DSSL,EQ,26741,12130,45.36
20,735,DTIL,EQ,254818,67628,26.54
20,736,DTL,SM,10800,10800,100.00
20,737,DUCOL,SM,7200,6400,88.89
20,738,DUCON,EQ,665480,364314,54.74
20,739,DUGLOBAL,SM,7500,7500,100.00
20,740,DURLAX,SM,332000,212000,63.86
20,741,DVL,EQ,27602,9409,34.09
20,742,DWARKESH,EQ,499204,189101,37.88
20,743,DYCL,EQ,94435,43349,45.90
20,744,DYNAMATECH,EQ,12291,2563,20.85
20,745,DYNAMIC,ST,11500,11500,100.00
20,746,EASEMYTRIP,EQ,7607757,2227458,29.28
20,747,EBANKNIFTY,EQ,3106,2758,88.80
20,748,EBBETF0425,EQ,14728,14525,98.62
20,749,EBBETF0430,EQ,7314,5877,80.35
20,750,EBBETF0431,EQ,6698,5343,79.77
20,751,EBBETF0433,EQ,3265,3006,92.07
20,752,ECLERX,EQ,104941,55416,52.81
20,753,ECOSMOBLTY,EQ,193780,83318,43.00
20,754,EDELWEISS,EQ,3142143,1383662,44.04
20,755,EFACTOR,ST,8800,8000,90.91
20,756,EFFWA,ST,98400,98000,99.59
20,757,EFORCE,SM,36000,27600,76.67
20,758,EGOLD,EQ,156396,156071,99.79
20,759,EICHERMOT,EQ,2874648,383886,13.35
20,760,EIDPARRY,EQ,489674,123195,25.16
20,761,EIHAHOTELS,EQ,27215,11440,42.04
20,762,EIHOTEL,EQ,790810,334826,42.34
20,763,EIMCOELECO,EQ,4108,1770,43.09
20,764,EKC,EQ,575801,228852,39.74
20,765,ELDEHSG,EQ,879,438,49.83
20,766,ELECON,EQ,438406,201217,45.90
20,767,ELECTCAST,EQ,2902730,1418061,48.85
20,768,ELGIEQUIP,EQ,304564,131518,43.18
20,769,ELGIRUBCO,EQ,70960,29258,41.23
20,770,ELIN,EQ,108438,52035,47.99
20,771,EMAMILTD,EQ,434476,212995,49.02
20,772,EMAMIPAP,EQ,19511,12500,64.07
20,773,EMAMIREAL,EQ,42774,23539,55.03
20,774,EMBASSY,RR,943314,753510,79.88
20,775,EMBDL,EQ,5189306,1272102,24.51
20,776,EMCURE,EQ,70107,26416,37.68
20,777,EMIL,EQ,1496713,703232,46.99
20,778,EMKAYTOOLS,SM,1500,1200,80.00
20,779,EMMBI,EQ,116488,60102,51.60
20,780,EMMIL,SM,23750,18500,77.89
20,781,EMSLIMITED,EQ,262071,86089,32.85
20,782,EMUDHRA,EQ,101987,34330,33.66
20,783,EMULTIMQ,EQ,100937,97402,96.50
20,784,ENDURANCE,EQ,48443,17113,35.33
20,785,ENERGYDEV,EQ,134607,94447,70.16
20,786,ENFUSE,SM,31200,25200,80.77
20,787,ENGINERSIN,EQ,1631446,416787,25.55
20,788,ENIL,EQ,35115,14650,41.72
20,789,ENSER,ST,4500,4500,100.00
20,790,ENTERO,EQ,68519,41728,60.90
20,791,ENVIRO,SM,48000,38000,79.17
20,792,EPIGRAL,EQ,304051,53863,17.72
20,793,EPL,EQ,1170690,522185,44.60
20,794,EQUAL50ADD,EQ,8300,5303,63.89
20,795,EQUITASBNK,EQ,3979557,2589201,65.06
20,796,ERIS,EQ,49146,13113,26.68
20,797,ESABINDIA,EQ,4480,2433,54.31
20,798,ESAFSFB,EQ,3182593,1370539,43.06
20,799,ESCONET,ST,24000,24000,100.00
20,800,ESCORTS,EQ,86134,21021,24.40
20,801,ESFL,ST,65400,64500,98.62
20,802,ESG,EQ,6040,3509,58.10
20,803,ESILVER,EQ,48542,48100,99.09
20,804,ESPRIT,SM,28800,20800,72.22
20,805,ESTER,EQ,188031,76678,40.78
20,806,ETHOSLTD,EQ,19741,8239,41.74
20,807,EUREKAFORB,EQ,255749,124492,48.68
20,808,EUROBOND,SM,5000,5000,100.00
20,809,EVEREADY,EQ,102230,38167,37.33
20,810,EVERESTIND,EQ,79194,29185,36.85
20,811,EVINDIA,EQ,556712,297760,53.49
20,812,EXCELINDUS,EQ,167352,50988,30.47
20,813,EXICOM,EQ,125369,125368,100.00
20,814,EXIDEIND,EQ,3972370,764661,19.25
20,815,EXPLEOSOL,EQ,4691,2695,57.45
20,816,EXXARO,EQ,95287,43463,45.61
20,817,FACT,EQ,144117,30843,21.40
20,818,FAIRCHEMOR,EQ,16555,7896,47.70
20,819,FALCONTECH,SM,4800,4800,100.00
20,820,FAZE3Q,EQ,32620,19483,59.73
20,821,FCL,EQ,218306,88921,40.73
20,822,FCSSOFT,EQ,4748203,1787390,37.64
20,823,FDC,EQ,68966,31143,45.16
20,824,FEDERALBNK,EQ,9354472,4333142,46.32
20,825,FEDFINA,EQ,183705,97914,53.30
20,826,FELIX,ST,41000,40500,98.78
20,827,FIBERWEB,EQ,171805,60469,35.20
20,828,FIDEL,SM,41000,36000,87.80
20,829,FIEMIND,EQ,86832,41011,47.23
20,830,FILATEX,EQ,3323547,1580543,47.56
20,831,FINCABLES,EQ,194632,84841,43.59
20,832,FINEORG,EQ,14894,5225,35.08
20,833,FINIETF,EQ,175861,126552,71.96
20,834,FINOPB,EQ,75429,33361,44.23
20,835,FINPIPE,EQ,484816,130536,26.92
20,836,FIRSTCRY,EQ,680886,443974,65.21
20,837,FIVESTAR,EQ,584041,285407,48.87
20,838,FLAIR,EQ,60812,36268,59.64
20,839,FLUOROCHEM,EQ,78792,37987,48.21
20,840,FMCGIETF,EQ,2016299,1850975,91.80
20,841,FMGOETZE,EQ,18483,9522,51.52
20,842,FOCE,ST,100,100,100.00
20,843,FONEBOX,SM,1000,1000,100.00
20,844,FOODSIN,EQ,57932,33740,58.24
20,845,FORCAS,SM,4800,3200,66.67
20,846,FORCEMOT,EQ,32484,13556,41.73
20,847,FORGEAUTO,SM,8400,8400,100.00
20,848,FORTIS,EQ,1899805,978417,51.50
20,849,FOSECOIND,EQ,2350,1081,46.00
20,850,FRESHARA,SM,61200,49200,80.39
20,851,FROG,SM,17200,11200,65.12
20,852,FSL,EQ,5104224,1309797,25.66
20,853,FUSION,EQ,383184,253910,66.26
20,854,GABRIEL,EQ,110527,47393,42.88
20,855,GAEL,EQ,858065,289450,33.73
20,856,GAIL,EQ,12252336,5680686,46.36
20,857,GALAPREC,EQ,119036,38080,31.99
20,858,GALAXYSURF,EQ,15808,7251,45.87
20,859,GANDHAR,EQ,261358,83728,32.04
20,860,GANDHITUBE,EQ,3232,1973,61.05
20,861,GANECOS,EQ,277612,75075,27.04
20,862,GANESHBE,EQ,65573,31795,48.49
20,863,GANESHHOUC,EQ,112481,49325,43.85
20,864,GANGESSECU,EQ,22345,8886,39.77
20,865,GARFIBRES,EQ,22960,9196,40.05
20,866,GARUDA,EQ,283846,94125,33.16
20,867,GATEWAY,EQ,480920,181063,37.65
20,868,GEECEE,EQ,20350,11558,56.80
20,869,GENCON,EQ,118384,57510,48.58
20,870,GENESYS,EQ,294744,121909,41.36
20,871,GENSOL,EQ,88804,48869,55.03
20,872,GENUSPAPER,EQ,290261,133387,45.95
20,873,GENUSPOWER,EQ,347508,167732,48.27
20,874,GEOJITFSL,EQ,401555,126885,31.60
20,875,GEPIL,EQ,138944,67515,48.59
20,876,GESHIP,EQ,454501,200997,44.22
20,877,GFLLIMITED,EQ,209326,91127,43.53
20,878,GGBL,SM,102000,73200,71.76
20,879,GHCL,EQ,171915,74799,43.51
20,880,GHCLTEXTIL,EQ,134169,55168,41.12
20,881,GICHSGFIN,EQ,95149,49902,52.45
20,882,GICRE,EQ,822267,333586,40.57
20,883,GILLANDERS,EQ,272693,197629,72.47
20,884,GILLETTE,EQ,51977,15446,29.72
20,885,GILT5YBEES,EQ,288832,245302,84.93
20,886,GINNIFILA,EQ,84527,39997,47.32
20,887,GIPCL,EQ,382074,170820,44.71
20,888,GKWLIMITED,EQ,2644,2144,81.09
20,889,GLAND,EQ,150733,65522,43.47
20,890,GLAXO,EQ,78327,27420,35.01
20,891,GLENMARK,EQ,460222,175235,38.08
20,892,GLOBAL,EQ,46433,24280,52.29
20,893,GLOBALPET,SM,3000,1500,50.00
20,894,GLOBE,EQ,1899864,1100969,57.95
20,895,GLOBUSSPR,EQ,378671,198163,52.33
20,896,GLOSTERLTD,EQ,1409,846,60.04
20,897,GLS,EQ,72185,33280,46.10
20,898,GMBREW,EQ,22758,10066,44.23
20,899,GMDCLTD,EQ,550101,175457,31.90
20,900,GMMPFAUDLR,EQ,70014,43731,62.46
20,901,GMRINFRA,EQ,12842078,4118640,32.07
20,902,GMRP&UI,EQ,1131553,528730,46.73
20,903,GNA,EQ,50360,28546,56.68
20,904,GNFC,EQ,3148142,949624,30.16
20,905,GOACARBON,EQ,27650,12791,46.26
20,906,GOCLCORP,EQ,17452,7276,41.69
20,907,GOCOLORS,EQ,52695,37784,71.70
20,908,GODAVARIB,EQ,150480,74872,49.76
20,909,GODFRYPHLP,EQ,65715,23970,36.48
20,910,GODIGIT,EQ,555788,233097,41.94
20,911,GODREJAGRO,EQ,217872,76092,34.93
20,912,GODREJCP,EQ,1131043,755569,66.80
20,913,GODREJIND,EQ,843498,133232,15.80
20,914,GODREJPROP,EQ,564858,305540,54.09
20,915,GOKEX,EQ,159781,98237,61.48
20,916,GOKULAGRO,EQ,719228,297445,41.36
20,917,GOLD1,EQ,665955,584393,87.75
20,918,GOLDBEES,EQ,16055964,12230407,76.17
20,919,GOLDCASE,EQ,1707224,1517969,88.91
20,920,GOLDETF,EQ,256589,217033,84.58
20,921,GOLDETFADD,EQ,44465,42587,95.78
20,922,GOLDIAM,EQ,317801,105434,33.18
20,923,GOLDIETF,EQ,4237302,3967901,93.64
20,924,GOLDSHARE,EQ,205222,178892,87.17
20,925,GOLDSTAR,SM,56250,56250,100.00
20,926,GOODLUCK,EQ,87225,39804,45.63
20,927,GOPAL,EQ,550935,252708,45.87
20,928,GOYALALUM,EQ,140450,96921,69.01
20,929,GOYALSALT,SM,34800,27000,77.59
20,930,GPECO,SM,54000,35400,65.56
20,931,GPIL,EQ,748345,303114,40.50
20,932,GPPL,EQ,940163,293311,31.20
20,933,GPTHEALTH,EQ,131815,64266,48.75
20,934,GPTINFRA,EQ,266937,141932,53.17
20,935,GRANULES,EQ,1097209,390002,35.54
20,936,GRAPHISAD,ST,34800,33600,96.55
20,937,GRAPHITE,EQ,322330,98362,30.52
20,938,GRASIM,EQ,581846,267032,45.89
20,939,GRASIMPP1,E1,2085,1575,75.54
20,940,GRAVITA,EQ,216654,85245,39.35
20,941,GRCL,ST,500,500,100.00
20,942,GREAVESCOT,EQ,2456342,833851,33.95
20,943,GREENCHEF,SM,8000,5600,70.00
20,944,GREENLAM,EQ,6334,2551,40.27
20,945,GREENPANEL,EQ,80064,30965,38.68
20,946,GREENPLY,EQ,158919,50525,31.79
20,947,GREENPOWER,EQ,5540295,1472654,26.58
20,948,GRINDWELL,EQ,90124,78641,87.26
20,949,GRINFRA,EQ,116765,98745,84.57
20,950,GRMOVER,EQ,73773,31645,42.90
20,951,GROWWDEFNC,EQ,107968,70860,65.63
20,952,GROWWEV,EQ,396859,276024,69.55
20,953,GROWWGOLD,EQ,142335,98913,69.49
20,954,GROWWLIQID,EQ,67663,63347,93.62
20,955,GRSE,EQ,828483,133896,16.16
20,956,GRWRHITECH,EQ,547486,170828,31.20
20,957,GSEC10ABSL,EQ,3,2,66.67
20,958,GSEC10IETF,EQ,13256,7112,53.65
20,959,GSEC10YEAR,EQ,150008,73134,48.75
20,960,GSEC5IETF,EQ,1506,1486,98.67
20,961,GSFC,EQ,1577063,474605,30.09
20,962,GSLSU,EQ,196429,57636,29.34
20,963,GSMFOILS,ST,6000,6000,100.00
20,964,GSPL,EQ,1445877,833354,57.64
20,965,GSS,EQ,234567,175625,74.87
20,966,GSTL,SM,141000,116000,82.27
20,967,GTL,EQ,699190,304398,43.54
20,968,GTLINFRA,EQ,55028655,18628335,33.85
20,969,GTPL,EQ,17324,8495,49.04
20,970,GUFICBIO,EQ,61215,23942,39.11
20,971,GUJALKALI,EQ,43953,23276,52.96
20,972,GUJGASLTD,EQ,311664,106204,34.08
20,973,GUJRAFFIA,EQ,1750,1045,59.71
20,974,GULFOILLUB,EQ,136705,61892,45.27
20,975,GULFPETRO,EQ,118407,48705,41.13
20,976,GULPOLY,EQ,538231,196902,36.58
20,977,GVPTECH,EQ,41720,29865,71.58
20,978,HAL,EQ,3878379,755375,19.48
20,979,HAPPSTMNDS,EQ,503025,242184,48.15
20,980,HAPPYFORGE,EQ,26514,7051,26.59
20,981,HARDWYN,EQ,1814785,1219479,67.20
20,982,HARIOMPIPE,EQ,80302,31073,38.70
20,983,HARSHA,EQ,41651,23105,55.47
20,984,HATHWAY,EQ,2237376,768290,34.34
20,985,HATSUN,EQ,11401,5457,47.86
20,986,HAVELLS,EQ,717761,338310,47.13
20,987,HBLPOWER,EQ,1824681,454891,24.93
20,988,HBSL,EQ,32993,17355,52.60
20,989,HCC,EQ,11885392,4016346,33.79
20,990,HCG,EQ,213335,141022,66.10
20,991,HCLTECH,EQ,2462563,1385264,56.25
20,992,HDFCAMC,EQ,393645,202129,51.35
20,993,HDFCBANK,EQ,13573235,7307878,53.84
20,994,HDFCBSE500,EQ,8757,7482,85.44
20,995,HDFCGOLD,EQ,2151253,1765620,82.07
20,996,HDFCGROWTH,EQ,2307,1778,77.07
20,997,HDFCLIFE,EQ,1715862,766316,44.66
20,998,HDFCLIQUID,EQ,105986,100026,94.38
20,999,HDFCLOWVOL,EQ,26703,14154,53.01
20,1000,HDFCMID150,EQ,326824,274209,83.90
20,1001,HDFCMOMENT,EQ,371938,226309,60.85
20,1002,HDFCNEXT50,EQ,181491,108695,59.89
20,1003,HDFCNIF100,EQ,110900,107427,96.87
20,1004,HDFCNIFBAN,EQ,15400,13477,87.51
20,1005,HDFCNIFIT,EQ,61394,50225,81.81
20,1006,HDFCNIFTY,EQ,181714,172739,95.06
20,1007,HDFCPSUBK,EQ,15327,11494,74.99
20,1008,HDFCPVTBAN,EQ,91707,82578,90.05
20,1009,HDFCQUAL,EQ,9859,8570,86.93
20,1010,HDFCSENSEX,EQ,33495,25596,76.42
20,1011,HDFCSILVER,EQ,975992,793190,81.27
20,1012,HDFCSML250,EQ,613427,373959,60.96
20,1013,HDFCVALUE,EQ,1637,1523,93.04
20,1014,HEADSUP,EQ,86426,68027,78.71
20,1015,HEALTHADD,EQ,334,323,96.71
20,1016,HEALTHIETF,EQ,78789,33279,42.24
20,1017,HEALTHY,EQ,171566,136815,79.74
20,1018,HEG,EQ,252774,88407,34.97
20,1019,HEIDELBERG,EQ,173113,79510,45.93
20,1020,HEMIPROP,EQ,662262,287272,43.38
20,1021,HERANBA,EQ,227806,63275,27.78
20,1022,HERCULES,EQ,99760,44363,44.47
20,1023,HERITGFOOD,EQ,254229,126466,49.74
20,1024,HEROMOTOCO,EQ,889483,329106,37.00
20,1025,HESTERBIO,EQ,7677,3273,42.63
20,1026,HEUBACHIND,EQ,37755,27558,72.99
20,1027,HEXATRADEX,EQ,3585,3104,86.58
20,1028,HFCL,EQ,29193373,4267740,14.62
20,1029,HGINFRA,EQ,134665,56456,41.92
20,1030,HGS,EQ,25133,14569,57.97
20,1031,HIGREEN,ST,68800,67200,97.67
20,1032,HIKAL,EQ,1011355,297897,29.46
20,1033,HIL,EQ,7889,4512,57.19
20,1034,HILTON,EQ,32789,21300,64.96
20,1035,HIMATSEIDE,EQ,1421259,536103,37.72
20,1036,HINDALCO,EQ,6937416,3505824,50.54
20,1037,HINDCOMPOS,EQ,12385,6193,50.00
20,1038,HINDCON,EQ,135171,92488,68.42
20,1039,HINDCOPPER,EQ,2669822,766645,28.72
20,1040,HINDOILEXP,EQ,404709,142189,35.13
20,1041,HINDPETRO,EQ,5809877,2306917,39.71
20,1042,HINDUNILVR,EQ,2443393,1443303,59.07
20,1043,HINDWAREAP,EQ,177565,110378,62.16
20,1044,HINDZINC,EQ,1576044,863411,54.78
20,1045,HIRECT,EQ,38374,16077,41.90
20,1046,HISARMETAL,EQ,1914,1025,53.55
20,1047,HITECH,EQ,773147,383710,49.63
20,1048,HITECHCORP,EQ,33202,18281,55.06
20,1049,HLEGLAS,EQ,120632,32884,27.26
20,1050,HLVLTD,EQ,753192,324027,43.02
20,1051,HMAAGRO,EQ,1144889,446291,38.98
20,1052,HMVL,EQ,34026,13985,41.10
20,1053,HNDFDS,EQ,171886,114351,66.53
20,1054,HNGSNGBEES,EQ,149040,98435,66.05
20,1055,HOLMARC,ST,30000,28500,95.00
20,1056,HOMEFIRST,EQ,83997,24390,29.04
20,1057,HOMESFY,SM,1200,900,75.00
20,1058,HONASA,EQ,520808,243701,46.79
20,1059,HONAUT,EQ,2970,987,33.23
20,1060,HONDAPOWER,EQ,4463,1135,25.43
20,1061,HPAL,EQ,166168,88615,53.33
20,1062,HPIL,EQ,635,273,42.99
20,1063,HPL,EQ,154293,63195,40.96
20,1064,HRHNEXT,ST,13500,13500,100.00
20,1065,HSCL,EQ,1276367,642306,50.32
20,1066,HTMEDIA,EQ,173645,81827,47.12
20,1067,HUDCO,EQ,3222372,976764,30.31
20,1068,HUHTAMAKI,EQ,156036,97752,62.65
20,1069,HVAX,SM,7200,4200,58.33
20,1070,HYUNDAI,EQ,580587,249625,43.00
20,1071,ICDSLTD,EQ,4119,1644,39.91
20,1072,ICEMAKE,EQ,163212,58818,36.04
20,1073,ICICIB22,EQ,510809,277115,54.25
20,1074,ICICIBANK,EQ,9506892,5310528,55.86
20,1075,ICICIGI,EQ,308495,168673,54.68
20,1076,ICICIPRULI,EQ,542297,262257,48.36
20,1077,ICIL,EQ,117978,37244,31.57
20,1078,ICRA,EQ,6174,3086,49.98
20,1079,IDBI,EQ,4989510,1573729,31.54
20,1080,IDEA,EQ,417566075,97814824,23.42
20,1081,IDEAFORGE,EQ,111837,37219,33.28
20,1082,IDEALTECHO,SM,6000,4000,66.67
20,1083,IDFCFIRSTB,EQ,28532246,12498334,43.80
20,1084,IDFNIFTYET,EQ,465,436,93.76
20,1085,IEL,EQ,410645,296092,72.10
20,1086,IEML,SM,34500,27000,78.26
20,1087,IEX,EQ,3791381,965720,25.47
20,1088,IFBAGRO,EQ,4481,3768,84.09
20,1089,IFBIND,EQ,104242,33560,32.19
20,1090,IFCI,EQ,18464657,3360314,18.20
20,1091,IFCIZC25,NM,88,88,100.00
20,1092,IFGLEXPOR,EQ,6963,4465,64.12
20,1093,IGARASHI,EQ,205746,36858,17.91
20,1094,IGL,EQ,2738096,1415135,51.68
20,1095,IGPL,EQ,25657,10585,41.26
20,1096,IIFL,EQ,669924,224157,33.46
20,1097,IIFLSEC,EQ,781024,368000,47.12
20,1098,IIFLZC25A,NP,147,147,100.00
20,1099,IIFLZC25B,NW,25,25,100.00
20,1100,IIFLZC25C,N8,74,74,100.00
20,1101,IIFLZC28B,Y1,60,60,100.00
20,1102,IKIO,EQ,82923,46347,55.89
20,1103,IMAGICAA,EQ,810107,386671,47.73
20,1104,IMC1,N0,335,335,100.00
20,1105,IMC1,N1,385,385,100.00
20,1106,IMC1,N2,134,134,100.00
20,1107,IMC1,N3,226,185,81.86
20,1108,IMFA,EQ,182405,101645,55.72
20,1109,IMPAL,EQ,2918,1400,47.98
20,1110,INDBANK,EQ,27049,12964,47.93
20,1111,INDGN,EQ,250109,135200,54.06
20,1112,INDHOTEL,EQ,5837816,3074718,52.67
20,1113,INDIACEM,EQ,786013,489298,62.25
20,1114,INDIAGLYCO,EQ,213615,66799,31.27
20,1115,INDIAMART,EQ,250209,149467,59.74
20,1116,INDIANB,EQ,483595,150704,31.16
20,1117,INDIANCARD,EQ,1205,698,57.93
20,1118,INDIANHUME,EQ,156735,60872,38.84
20,1119,INDIASHLTR,EQ,168487,127908,75.92
20,1120,INDIFRA,SM,2000,2000,100.00
20,1121,INDIGO,EQ,583377,304794,52.25
20,1122,INDIGOPNTS,EQ,93795,40546,43.23
20,1123,INDIGRID,IV,4127253,3769397,91.33
20,1124,INDNIPPON,EQ,13265,6360,47.95
20,1125,INDOAMIN,EQ,153821,42784,27.81
20,1126,INDOBORAX,EQ,98946,45257,45.74
20,1127,INDOCO,EQ,33909,19135,56.43
20,1128,INDORAMA,EQ,115231,54579,47.36
20,1129,INDOSTAR,EQ,134249,78203,58.25
20,1130,INDOUS,EQ,19157,4449,23.22
20,1131,INDOWIND,EQ,210855,135393,64.21
20,1132,INDRAMEDCO,EQ,176257,85103,48.28
20,1133,INDSWFTLTD,EQ,78257,32841,41.97
20,1134,INDTERRAIN,EQ,278306,123711,44.45
20,1135,INDUSINDBK,EQ,2612235,1203066,46.06
20,1136,INDUSTOWER,EQ,8628870,5737879,66.50
20,1137,INFIBEAM,EQ,6984422,2403661,34.41
20,1138,INFINIUM,ST,6000,5000,83.33
20,1139,INFOBEAN,EQ,16183,10426,64.43
20,1140,INFOLLION,ST,26400,26000,98.48
20,1141,INFRABEES,EQ,9708,5206,53.63
20,1142,INFRAIETF,EQ,99315,40716,41.00
20,1143,INFY,EQ,4311431,2841321,65.90
20,1144,INGERRAND,EQ,40848,23202,56.80
20,1145,INM,SM,600,600,100.00
20,1146,INNOMET,SM,205200,194400,94.74
20,1147,INNOVACAP,EQ,175196,55349,31.59
20,1148,INNOVANA,SM,1200,1200,100.00
20,1149,INOXGREEN,EQ,1349618,463098,34.31
20,1150,INOXINDIA,EQ,124148,49267,39.68
20,1151,INOXWIND,EQ,6106680,1935359,31.69
20,1152,INSECTICID,EQ,90152,47330,52.50
20,1153,INSPIRE,SM,120000,82000,68.33
20,1154,INTELLECT,EQ,192863,87042,45.13
20,1155,INTERARCH,EQ,151507,39016,25.75
20,1156,INTLCONV,EQ,166987,76100,45.57
20,1157,INVENTURE,EQ,2041208,1324816,64.90
20,1158,IOB,EQ,7255657,1696559,23.38
20,1159,IOC,EQ,17425507,7162517,41.10
20,1160,IOLCP,EQ,122884,49326,40.14
20,1161,IONEXCHANG,EQ,177142,58158,32.83
20,1162,IPCALAB,EQ,1239370,415126,33.49
20,1163,IPHL,ST,57600,57600,100.00
20,1164,IPL,EQ,90151,46053,51.08
20,1165,IPSL,ST,2000,2000,100.00
20,1166,IRB,EQ,17659040,7616631,43.13
20,1167,IRBINVIT,IV,525864,498598,94.82
20,1168,IRCON,EQ,2923372,823005,28.15
20,1169,IRCTC,EQ,845850,302721,35.79
20,1170,IREDA,EQ,4515956,1288017,28.52
20,1171,IRFC,EQ,14794085,2932403,19.82
20,1172,IRISDOREME,EQ,92046,24337,26.44
20,1173,IRMENERGY,EQ,89964,43768,48.65
20,1174,ISEC,EQ,121996,63646,52.17
20,1175,ISGEC,EQ,51953,19100,36.76
20,1176,IT,EQ,38354,28545,74.43
20,1177,ITALIANE,ST,22000,22000,100.00
20,1178,ITBEES,EQ,3226247,2329644,72.21
20,1179,ITC,EQ,11639562,6082557,52.26
20,1180,ITDC,EQ,21629,9253,42.78
20,1181,ITDCEM,EQ,929745,582010,62.60
20,1182,ITETF,EQ,121894,72178,59.21
20,1183,ITETFADD,EQ,3988,3793,95.11
20,1184,ITI,EQ,16618080,771944,4.65
20,1185,ITIETF,EQ,283624,179326,63.23
20,1186,IVC,EQ,663033,441928,66.65
20,1187,IVP,EQ,6985,3721,53.27
20,1188,IVZINGOLD,EQ,361,302,83.66
20,1189,IVZINNIFTY,EQ,68,64,94.12
20,1190,IWEL,EQ,9395,7251,77.18
20,1191,IXIGO,EQ,1050655,535183,50.94
20,1192,JAGRAN,EQ,143916,88512,61.50
20,1193,JAGSNPHARM,EQ,43064,21068,48.92
20,1194,JAIBALAJI,EQ,53815,27656,51.39
20,1195,JAICORPLTD,EQ,463021,126543,27.33
20,1196,JAIPURKURT,EQ,170091,50128,29.47
20,1197,JALAN,SM,171000,159000,92.98
20,1198,JAMNAAUTO,EQ,928364,395437,42.60
20,1199,JASH,EQ,543408,241268,44.40
20,1200,JAYAGROGN,EQ,11488,5515,48.01
20,1201,JAYBARMARU,EQ,46716,27671,59.23
20,1202,JAYBEE,SM,46000,32000,69.57
20,1203,JAYNECOIND,EQ,258544,121276,46.91
20,1204,JAYSREETEA,EQ,472154,220531,46.71
20,1205,JBCHEPHARM,EQ,135429,60441,44.63
20,1206,JBMA,EQ,82643,29620,35.84
20,1207,JCHAC,EQ,22591,7894,34.94
20,1208,JEYYAM,SM,108000,100000,92.59
20,1209,JFLLIFE,ST,48000,42000,87.50
20,1210,JGCHEM,EQ,589182,238175,40.42
20,1211,JHS,EQ,250817,129775,51.74
20,1212,JINDALPHOT,EQ,6074,3376,55.58
20,1213,JINDALPOLY,EQ,52257,24318,46.54
20,1214,JINDALSAW,EQ,939362,413084,43.97
20,1215,JINDALSTEL,EQ,1864763,746194,40.02
20,1216,JINDRILL,EQ,39356,19477,49.49
20,1217,JINDWORLD,EQ,61858,33606,54.33
20,1218,JIOFIN,EQ,42750072,13776990,32.23
20,1219,JISLDVREQS,EQ,85990,61755,71.82
20,1220,JISLJALEQS,EQ,2548273,789302,30.97
20,1221,JITFINFRA,EQ,193734,67325,34.75
20,1222,J&KBANK,EQ,2603551,855075,32.84
20,1223,JKCEMENT,EQ,52170,27026,51.80
20,1224,JKIL,EQ,94831,51840,54.67
20,1225,JKLAKSHMI,EQ,330301,256640,77.70
20,1226,JKPAPER,EQ,606041,276495,45.62
20,1227,JKTYRE,EQ,503513,150177,29.83
20,1228,JLHL,EQ,38197,18995,49.73
20,1229,JMA,EQ,10096,2730,27.04
20,1230,JMFINANCIL,EQ,7738406,1625561,21.01
20,1231,JNKINDIA,EQ,34924,18435,52.79
20,1232,JOCIL,EQ,5118,2053,40.11
20,1233,JPOLYINVST,EQ,13896,4781,34.41
20,1234,JPPOWER,EQ,42827273,13211680,30.85
20,1235,JSFB,EQ,64470,33171,51.45
20,1236,JSL,EQ,477721,240766,50.40
20,1237,JSLL,SM,19710,15930,80.82
20,1238,JSWENERGY,EQ,2339209,1103667,47.18
20,1239,JSWHL,EQ,41418,15208,36.72
20,1240,JSWINFRA,EQ,1571106,572116,36.41
20,1241,JSWSTEEL,EQ,1662673,785367,47.24
20,1242,JTEKTINDIA,EQ,467114,270643,57.94
20,1243,JTLIND,EQ,876155,403892,46.10
20,1244,JUBLFOOD,EQ,2007047,770365,38.38
20,1245,JUBLINGREA,EQ,239730,121246,50.58
20,1246,JUBLPHARMA,EQ,225326,94964,42.15
20,1247,JUNIORBEES,EQ,270469,173671,64.21
20,1248,JUNIPER,EQ,342495,244507,71.39
20,1249,JUSTDIAL,EQ,181371,47122,25.98
20,1250,JWL,EQ,968071,359348,37.12
20,1251,JYOTHYLAB,EQ,687546,245047,35.64
20,1252,JYOTICNC,EQ,630158,267662,42.48
20,1253,JYOTISTRUC,EQ,16343123,6507201,39.82
20,1254,K2INFRA,SM,40200,22800,56.72
20,1255,KABRAEXTRU,EQ,57198,23021,40.25
20,1256,KAJARIACER,EQ,50587,26024,51.44
20,1257,KAKATCEM,EQ,6971,4156,59.62
20,1258,KALAMANDIR,EQ,510923,249171,48.77
20,1259,KALANA,SM,30000,16000,53.33
20,1260,KALYANIFRG,EQ,998,998,100.00
20,1261,KALYANKJIL,EQ,9828648,3749310,38.15
20,1262,KAMATHOTEL,EQ,22881,13969,61.05
20,1263,KAMDHENU,EQ,86676,31980,36.90
20,1264,KANANIIND,EQ,584646,290207,49.64
20,1265,KANDARP,ST,4000,4000,100.00
20,1266,KANORICHEM,EQ,306122,166246,54.31
20,1267,KANPRPLA,EQ,20867,11364,54.46
20,1268,KANSAINER,EQ,251207,119720,47.66
20,1269,KAPSTON,EQ,11519,7615,66.11
20,1270,KARMAENG,EQ,14095,4927,34.96
20,1271,KARNIKA,ST,12400,12400,100.00
20,1272,KARURVYSYA,EQ,1262274,534345,42.33
20,1273,KATARIA,SM,14400,12600,87.50
20,1274,KAUSHALYA,EQ,443,338,76.30
20,1275,KAYNES,EQ,398853,92708,23.24
20,1276,KBCGLOBAL,EQ,21517075,8863828,41.19
20,1277,KCEIL,SM,40000,30500,76.25
20,1278,KCK,ST,5000,5000,100.00
20,1279,KCP,EQ,276935,94103,33.98
20,1280,KDDL,EQ,54404,16132,29.65
20,1281,KEC,EQ,808131,371633,45.99
20,1282,KECL,EQ,122222,41709,34.13
20,1283,KEI,EQ,156409,64169,41.03
20,1284,KEL,ST,7200,7200,100.00
20,1285,KELLTONTEC,EQ,922377,229818,24.92
20,1286,KERNEX,EQ,214759,111676,52.00
20,1287,KESORAMIND,EQ,510129,296094,58.04
20,1288,KFINTECH,EQ,410461,226432,55.17
20,1289,KHADIM,EQ,34909,20672,59.22
20,1290,KHAICHEM,EQ,110076,36876,33.50
20,1291,KHANDSE,EQ,2927,1953,66.72
20,1292,KHFM,SM,13950,12400,88.89
20,1293,KICL,EQ,16462,7463,45.33
20,1294,KILITCH,EQ,60349,19669,32.59
20,1295,KIMS,EQ,250533,122088,48.73
20,1296,KINGFA,EQ,2401,1240,51.65
20,1297,KIOCL,EQ,155750,36138,23.20
20,1298,KIRIINDUS,EQ,4279227,919074,21.48
20,1299,KIRLOSBROS,EQ,405968,71454,17.60
20,1300,KIRLOSENG,EQ,876396,148550,16.95
20,1301,KIRLOSIND,EQ,14963,2203,14.72
20,1302,KIRLPNU,EQ,154592,76736,49.64
20,1303,KITEX,EQ,554137,198163,35.76
20,1304,KKCL,EQ,157891,150284,95.18
20,1305,KKVAPOW,ST,156,156,100.00
20,1306,KLL,SM,132000,81600,61.82
20,1307,KMEW,EQ,66526,51051,76.74
20,1308,KMSUGAR,EQ,98548,39946,40.53
20,1309,KNAGRI,ST,4400,3600,81.82
20,1310,KNRCON,EQ,4316639,505546,11.71
20,1311,KODYTECH,SM,2650,1900,71.70
20,1312,KOHINOOR,EQ,70267,28183,40.11
20,1313,KOKUYOCMLN,EQ,120425,51691,42.92
20,1314,KOLTEPATIL,EQ,148219,49854,33.64
20,1315,KONSTELEC,SM,88000,67000,76.14
20,1316,KONTOR,ST,6600,6600,100.00
20,1317,KOPRAN,EQ,1907832,575159,30.15
20,1318,KORE,SM,8750,8500,97.14
20,1319,KOTAKBANK,EQ,3327758,2409019,72.39
20,1320,KOTARISUG,EQ,49537,27366,55.24
20,1321,KOTHARIPET,EQ,87944,33390,37.97
20,1322,KOTYARK,SM,54900,41800,76.14
20,1323,KPEL,EQ,66906,42054,62.86
20,1324,KPIGREEN,EQ,262039,164272,62.69
20,1325,KPIL,EQ,89785,44041,49.05
20,1326,KPITTECH,EQ,1185496,693044,58.46
20,1327,KPRMILL,EQ,248438,75094,30.23
20,1328,KRBL,EQ,690989,333875,48.32
20,1329,KREBSBIO,EQ,26771,14166,52.92
20,1330,KRIDHANINF,EQ,77206,59643,77.25
20,1331,KRISHANA,EQ,6978,2586,37.06
20,1332,KRISHCA,SM,153000,137000,89.54
20,1333,KRISHNADEF,ST,16250,16250,100.00
20,1334,KRN,EQ,3455186,628075,18.18
20,1335,KRONOX,EQ,146521,54974,37.52
20,1336,KROSS,EQ,178539,84898,47.55
20,1337,KRSNAA,EQ,69403,28624,41.24
20,1338,KRYSTAL,EQ,20402,11329,55.53
20,1339,KSB,EQ,121112,62464,51.58
20,1340,KSCL,EQ,146947,37171,25.30
20,1341,KSHITIJPOL,EQ,1017536,1017515,100.00
20,1342,KSL,EQ,20051,8675,43.26
20,1343,KSOLVES,EQ,14983,7994,53.35
20,1344,KTKBANK,EQ,658252,304692,46.29
20,1345,KTL,ST,3000,3000,100.00
20,1346,KUANTUM,EQ,21632,14737,68.13
20,1347,LAGNAM,EQ,59697,10862,18.20
20,1348,LAKSHYA,SM,74400,42400,56.99
20,1349,LALPATHLAB,EQ,149233,79729,53.43
20,1350,LAMBODHARA,EQ,22450,9060,40.36
20,1351,LANCORHOL,EQ,25933,18385,70.89
20,1352,LANDMARK,EQ,38345,26276,68.53
20,1353,LAOPALA,EQ,53267,25650,48.15
20,1354,LATENTVIEW,EQ,224377,100841,44.94
20,1355,LAURUSLABS,EQ,878316,345881,39.38
20,1356,LAWSIKHO,SM,18000,14000,77.78
20,1357,LAXMICOT,EQ,53536,27062,50.55
20,1358,LEMERITE,ST,36000,26400,73.33
20,1359,LEMONTREE,EQ,6078884,3699155,60.85
20,1360,LEXUS,EQ,47899,22078,46.09
20,1361,LGBBROSLTD,EQ,42659,16847,39.49
20,1362,LIBAS,EQ,38144,22278,58.40
20,1363,LICHSGFIN,EQ,1130270,543424,48.08
20,1364,LICI,EQ,1221663,373932,30.61
20,1365,LICMFGOLD,EQ,666,512,76.88
20,1366,LICNETFGSC,EQ,58320,45902,78.71
20,1367,LICNETFN50,EQ,31387,30960,98.64
20,1368,LICNETFSEN,EQ,170,57,33.53
20,1369,LICNFNHGP,EQ,637,470,73.78
20,1370,LICNMID100,EQ,3828,2485,64.92
20,1371,LIKHITHA,EQ,61287,30676,50.05
20,1372,LINC,EQ,6487,3412,52.60
20,1373,LINCOLN,EQ,117379,49387,42.07
20,1374,LINDEINDIA,EQ,50974,16493,32.36
20,1375,LIQUID,EQ,120652,105029,87.05
20,1376,LIQUID1,EQ,96986,80731,83.24
20,1377,LIQUIDADD,EQ,1399278,1165482,83.29
20,1378,LIQUIDBEES,EQ,3138633,2449441,78.04
20,1379,LIQUIDBETF,EQ,17669,1741,9.85
20,1380,LIQUIDCASE,EQ,4448920,3611416,81.18
20,1381,LIQUIDETF,EQ,237908,142217,59.78
20,1382,LIQUIDIETF,EQ,1215294,834363,68.66
20,1383,LIQUIDPLUS,EQ,663109,663096,100.00
20,1384,LIQUIDSBI,EQ,114872,90744,79.00
20,1385,LIQUIDSHRI,EQ,5346,3568,66.74
20,1386,LLOYDS,SM,1000,1000,100.00
20,1387,LLOYDSENGG,EQ,2216838,689589,31.11
20,1388,LLOYDSENT,EQ,638191,353431,55.38
20,1389,LLOYDSME,EQ,317144,159443,50.27
20,1390,LMW,EQ,5260,1716,32.62
20,1391,LODHA,EQ,917068,508658,55.47
20,1392,LOKESHMACH,EQ,77482,36566,47.19
20,1393,LORDSCHLO,EQ,12565,5990,47.67
20,1394,LOWVOL,EQ,545,453,83.12
20,1395,LOWVOL1,EQ,211885,201185,94.95
20,1396,LOWVOLIETF,EQ,1549996,1213517,78.29
20,1397,LOYALTEX,EQ,69302,30591,44.14
20,1398,LPDC,EQ,62424,46865,75.08
20,1399,LT,EQ,1291765,607127,47.00
20,1400,LTF,EQ,5267955,1737921,32.99
20,1401,LTFOODS,EQ,895400,430145,48.04
20,1402,LTGILTBEES,EQ,2944271,2270026,77.10
20,1403,LTIM,EQ,143974,72091,50.07
20,1404,LTTS,EQ,68662,20956,30.52
20,1405,LUMAXIND,EQ,55775,52468,94.07
20,1406,LUMAXTECH,EQ,500960,117860,23.53
20,1407,LUPIN,EQ,663815,369803,55.71
20,1408,LUXIND,EQ,68252,25103,36.78
20,1409,LXCHEM,EQ,357719,107074,29.93
20,1410,LYKALABS,EQ,77209,35572,46.07
20,1411,MACOBSTECH,SM,43200,28800,66.67
20,1412,MACPOWER,EQ,17612,14474,82.18
20,1413,MADHAV,EQ,28670,14996,52.31
20,1414,MADHAVBAUG,SM,1200,1200,100.00
20,1415,MADHUSUDAN,SM,36000,31000,86.11
20,1416,MADRASFERT,EQ,219353,53556,24.42
20,1417,MAFANG,EQ,1096009,532422,48.58
20,1418,MAGADSUGAR,EQ,20046,9230,46.04
20,1419,MAGNUM,EQ,922023,339964,36.87
20,1420,MAHABANK,EQ,10199910,2365774,23.19
20,1421,MAHEPC,EQ,49060,27496,56.05
20,1422,MAHESHWARI,EQ,126056,9099,7.22
20,1423,MAHICKRA,SM,3750,3000,80.00
20,1424,MAHKTECH,EQ,806308,552552,68.53
20,1425,MAHLIFE,EQ,170724,74919,43.88
20,1426,MAHLOG,EQ,84611,33337,39.40
20,1427,MAHSCOOTER,EQ,9358,3777,40.36
20,1428,MAHSEAMLES,EQ,131608,62206,47.27
20,1429,MAITHANALL,EQ,31740,16386,51.63
20,1430,MAITREYA,ST,9600,7600,79.17
20,1431,MAKEINDIA,EQ,33763,23054,68.28
20,1432,MAKS,SM,3000,3000,100.00
20,1433,MAL,SM,9600,8000,83.33
20,1434,MALUPAPER,EQ,21149,11436,54.07
20,1435,MANAKALUCO,EQ,31632,12565,39.72
20,1436,MANAKCOAT,EQ,269534,216064,80.16
20,1437,MANAKSIA,EQ,83530,49983,59.84
20,1438,MANAKSTEEL,EQ,76181,35142,46.13
20,1439,MANALIPETC,EQ,303156,134155,44.25
20,1440,MANAPPURAM,EQ,13659158,4598330,33.66
20,1441,MANBA,EQ,164937,49572,30.06
20,1442,MANCREDIT,EQ,45178,6896,15.26
20,1443,MANDEEP,SM,4000,4000,100.00
20,1444,MANGALAM,EQ,6534,2149,32.89
20,1445,MANGCHEFER,EQ,202670,94160,46.46
20,1446,MANGLMCEM,EQ,191175,72357,37.85
20,1447,MANINDS,EQ,160168,74135,46.29
20,1448,MANINFRA,EQ,479486,187252,39.05
20,1449,MANKIND,EQ,347189,96812,27.88
20,1450,MANORAMA,EQ,35249,17960,50.95
20,1451,MANUGRAPH,EQ,29191,9840,33.71
20,1452,MANYAVAR,EQ,49638,28848,58.12
20,1453,MAPMYINDIA,EQ,80863,31388,38.82
20,1454,MARALOVER,EQ,21952,15400,70.15
20,1455,MARATHON,EQ,28603,17490,61.15
20,1456,MARCO,SM,34500,25500,73.91
20,1457,MARICO,EQ,855697,441424,51.59
20,1458,MARINE,EQ,511797,197315,38.55
20,1459,MARINETRAN,SM,8000,4000,50.00
20,1460,MARKSANS,EQ,5876224,1050582,17.88
20,1461,MARSHALL,EQ,52950,33133,62.57
20,1462,MARUTI,EQ,431348,236843,54.91
20,1463,MASFIN,EQ,177318,78954,44.53
20,1464,MASON,SM,26000,25000,96.15
20,1465,MASPTOP50,EQ,508651,264319,51.96
20,1466,MASTEK,EQ,312522,156244,49.99
20,1467,MASTERTR,EQ,108960,62713,57.56
20,1468,MATRIMONY,EQ,38117,19703,51.69
20,1469,MAWANASUG,EQ,74278,36049,48.53
20,1470,MAXESTATES,EQ,142827,81185,56.84
20,1471,MAXHEALTH,EQ,1048104,579649,55.30
20,1472,MAXIND,EQ,76766,37852,49.31
20,1473,MAXPOSURE,SM,15000,10000,66.67
20,1474,MAYURUNIQ,EQ,68165,38906,57.08
20,1475,MAZDA,EQ,6963,4007,57.55
20,1476,MAZDOCK,EQ,1249981,132797,10.62
20,1477,MBAPL,EQ,24699,4386,17.76
20,1478,MCL,EQ,5617,3312,58.96
20,1479,MCLEODRUSS,EQ,1820580,676211,37.14
20,1480,MCON,SM,5000,5000,100.00
20,1481,MCX,EQ,223201,78169,35.02
20,1482,MDL,SM,4000,4000,100.00
20,1483,MEDANTA,EQ,529762,189453,35.76
20,1484,MEDIASSIST,EQ,269497,66945,24.84
20,1485,MEDICAMEQ,EQ,12282,5900,48.04
20,1486,MEDICO,EQ,471782,127123,26.95
20,1487,MEDIORG,ST,28000,22000,78.57
20,1488,MEDPLUS,EQ,970427,619430,63.83
20,1489,MEGAFLEX,ST,21000,21000,100.00
20,1490,MEGASTAR,EQ,13802,7059,51.14
20,1491,MEGATHERM,SM,28400,28400,100.00
20,1492,MENONBE,EQ,17652,8370,47.42
20,1493,METAL,EQ,106872,77904,72.89
20,1494,METALIETF,EQ,4238444,1593151,37.59
20,1495,METROBRAND,EQ,57764,27636,47.84
20,1496,METROPOLIS,EQ,99058,24248,24.48
20,1497,MFSL,EQ,873917,604354,69.15
20,1498,MGEL,EQ,671210,271495,40.45
20,1499,MGL,EQ,383814,177695,46.30
20,1500,MHHL,SM,15000,15000,100.00
20,1501,MHLXMIRU,EQ,316028,42933,13.59
20,1502,MHRIL,EQ,94864,39778,41.93
20,1503,MICEL,EQ,384086,206961,53.88
20,1504,MID150BEES,EQ,399822,314225,78.59
20,1505,MID150CASE,EQ,414153,328929,79.42
20,1506,MIDCAP,EQ,68480,50444,73.66
20,1507,MIDCAPETF,EQ,1289438,730546,56.66
20,1508,MIDCAPIETF,EQ,606145,364863,60.19
20,1509,MIDHANI,EQ,6119128,310130,5.07
20,1510,MIDQ50ADD,EQ,5559,4564,82.10
20,1511,MIDSELIETF,EQ,205976,112309,54.53
20,1512,MIDSMALL,EQ,1260921,1152459,91.40
20,1513,MIEL,ST,94000,94000,100.00
20,1514,MINDACORP,EQ,917962,561546,61.17
20,1515,MINDSPACE,RR,212785,176423,82.91
20,1516,MIRZAINT,EQ,109163,53259,48.79
20,1517,MITCON,EQ,16690,13174,78.93
20,1518,MITCONPP,E1,252,109,43.25
20,1519,MITTAL,EQ,2343535,1731670,73.89
20,1520,M&M,EQ,2478112,1097492,44.29
20,1521,M&MFIN,EQ,1042293,437856,42.01
20,1522,MMFL,EQ,49981,30101,60.22
20,1523,MMTC,EQ,2302889,451991,19.63
20,1524,MNC,EQ,141388,125098,88.48
20,1525,MODEFENCE,EQ,204849,146478,71.51
20,1526,MOGSEC,EQ,2497,1366,54.71
20,1527,MOHEALTH,EQ,45926,27860,60.66
20,1528,MOHITIND,EQ,39677,26423,66.60
20,1529,MOIL,EQ,967193,431785,44.64
20,1530,MOL,EQ,896017,279953,31.24
20,1531,MOLDTECH,EQ,18297,10503,57.40
20,1532,MOLDTKPAC,EQ,94885,77518,81.70
20,1533,MOLOWVOL,EQ,67813,67314,99.26
20,1534,MOM100,EQ,308512,188977,61.25
20,1535,MOM30IETF,EQ,1442743,639261,44.31
20,1536,MOM50,EQ,7349,6172,83.98
20,1537,MOMENTUM,EQ,161236,104578,64.86
20,1538,MOMENTUM50,EQ,226668,185806,81.97
20,1539,MOMOMENTUM,EQ,210080,161616,76.93
20,1540,MON100,EQ,461873,332855,72.07
20,1541,MONARCH,EQ,125837,49609,39.42
20,1542,MONIFTY500,EQ,4886147,4819388,98.63
20,1543,MONOPHARMA,SM,4000,4000,100.00
20,1544,MONQ50,EQ,77269,57749,74.74
20,1545,MONTECARLO,EQ,23710,10930,46.10
20,1546,MOQUALITY,EQ,2287,1959,85.66
20,1547,MOREALTY,EQ,59414,38072,64.08
20,1548,MOREPENLAB,EQ,5664888,1064133,18.78
20,1549,MOS,ST,19200,17200,89.58
20,1550,MOSMALL250,EQ,520505,392700,75.45
20,1551,MOTHERSON,EQ,25258283,6944650,27.49
20,1552,MOTILALOFS,EQ,2869090,458810,15.99
20,1553,MOTOGENFIN,EQ,6386,4840,75.79
20,1554,MOVALUE,EQ,73828,54472,73.78
20,1555,MPHASIS,EQ,330713,197728,59.79
20,1556,MPSLTD,EQ,8426,4457,52.90
20,1557,MRF,EQ,5012,968,19.31
20,1558,MRO-TEK,EQ,17288,10456,60.48
20,1559,MRPL,EQ,2350584,451881,19.22
20,1560,MSTCLTD,EQ,278316,91500,32.88
20,1561,MSUMI,EQ,5841352,2890766,49.49
20,1562,MTARTECH,EQ,98587,28879,29.29
20,1563,MTNL,EQ,2580470,630398,24.43
20,1564,MUFIN,EQ,126789,52622,41.50
20,1565,MUFTI,EQ,84064,39575,47.08
20,1566,MUKANDLTD,EQ,112828,64248,56.94
20,1567,MUKKA,EQ,1010136,338234,33.48
20,1568,MULTICAP,EQ,69501,53872,77.51
20,1569,MUNJALAU,EQ,547165,162077,29.62
20,1570,MUNJALSHOW,EQ,48712,27064,55.56
20,1571,MURUDCERA,EQ,41354,33194,80.27
20,1572,MUTHOOTCAP,EQ,38505,21537,55.93
20,1573,MUTHOOTFIN,EQ,329256,179574,54.54
20,1574,MUTHOOTMF,EQ,131655,73890,56.12
20,1575,MVGJL,EQ,270923,87756,32.39
20,1576,MVKAGRO,SM,20400,16800,82.35
20,1577,MWL,SM,3600,3600,100.00
20,1578,MYMUDRA,SM,51600,42000,81.40
20,1579,NACLIND,EQ,51767,25926,50.08
20,1580,NAGAFERT,EQ,517620,228390,44.12
20,1581,NAGREEKCAP,EQ,27012,17056,63.14
20,1582,NAHARCAP,EQ,5260,2936,55.82
20,1583,NAHARINDUS,EQ,22520,13628,60.52
20,1584,NAHARSPING,EQ,28805,15471,53.71
20,1585,NAMAN,ST,16000,16000,100.00
20,1586,NAM-INDIA,EQ,459926,267237,58.10
20,1587,NAMOEWASTE,ST,76800,68800,89.58
20,1588,NARMADA,EQ,109135,80836,74.07
20,1589,NATCOPHARM,EQ,1205234,494544,41.03
20,1590,NATHBIOGEN,EQ,8698,4536,52.15
20,1591,NATIONALUM,EQ,35439142,6286045,17.74
20,1592,NAUKRI,EQ,187611,65769,35.06
20,1593,NAVA,EQ,383157,153937,40.18
20,1594,NAVINFLUOR,EQ,63191,22010,34.83
20,1595,NAVINIFTY,EQ,842,496,58.91
20,1596,NAVKARCORP,EQ,245230,78534,32.02
20,1597,NAVNETEDUL,EQ,128671,83841,65.16
20,1598,NAZARA,EQ,285063,132420,46.45
20,1599,NBCC,EQ,7851055,2138440,27.24
20,1600,NBIFIN,EQ,533,393,73.73
20,1601,NCC,EQ,1771988,573480,32.36
20,1602,NCLIND,EQ,111716,62298,55.76
20,1603,NDLVENTURE,EQ,14427,8333,57.76
20,1604,NDRAUTO,EQ,19681,11338,57.61
20,1605,NDTV,EQ,52993,20979,39.59
20,1606,NECCLTD,EQ,193192,88260,45.69
20,1607,NELCAST,EQ,90824,49491,54.49
20,1608,NELCO,EQ,169051,60196,35.61
20,1609,NEOGEN,EQ,53980,13129,24.32
20,1610,NEPHROCARE,ST,2800,2800,100.00
20,1611,NESCO,EQ,149648,73372,49.03
20,1612,NESTLEIND,EQ,1159238,714690,61.65
20,1613,NETF,EQ,5073,4373,86.20
20,1614,NETWEB,EQ,208510,107151,51.39
20,1615,NETWORK18,EQ,14244126,1695083,11.90
20,1616,NEULANDLAB,EQ,83583,21143,25.30
20,1617,NEWGEN,EQ,167512,60992,36.41
20,1618,NEWJAISA,SM,13500,10500,77.78
20,1619,NEXT50,EQ,10801,9482,87.79
20,1620,NEXT50IETF,EQ,489856,355639,72.60
20,1621,NFL,EQ,1536347,351797,22.90
20,1622,NGIL,EQ,17574,2260,12.86
20,1623,NGILPP1,E1,1652,1650,99.88
20,1624,NGLFINE,EQ,3107,1929,62.09
20,1625,NH,EQ,559369,465755,83.26
20,1626,NHPC,EQ,16163462,6289984,38.91
20,1627,NIACL,EQ,778429,199566,25.64
20,1628,NIDAN,SM,6000,6000,100.00
20,1629,NIF100BEES,EQ,38467,30572,79.48
20,1630,NIF100IETF,EQ,232452,102105,43.93
20,1631,NIF10GETF,EQ,682,586,85.92
20,1632,NIF5GETF,EQ,133,121,90.98
20,1633,NIFITETF,EQ,323,250,77.40
20,1634,NIFMID150,EQ,1458,1370,93.96
20,1635,NIFTY1,EQ,453514,439466,96.90
20,1636,NIFTY50ADD,EQ,13316,11969,89.88
20,1637,NIFTYBEES,EQ,5120603,4191694,81.86
20,1638,NIFTYBETF,EQ,8409,8231,97.88
20,1639,NIFTYETF,EQ,769471,758503,98.57
20,1640,NIFTYIETF,EQ,395928,267554,67.58
20,1641,NIFTYQLITY,EQ,36006,31869,88.51
20,1642,NIITLTD,EQ,2537758,612372,24.13
20,1643,NIITMTS,EQ,112647,49225,43.70
20,1644,NILAINFRA,EQ,473520,192042,40.56
20,1645,NILKAMAL,EQ,3089,1835,59.40
20,1646,NINSYS,EQ,5238,2615,49.92
20,1647,NIPPOBATRY,EQ,5335,2740,51.36
20,1648,NIRMAN,ST,34200,32700,95.61
20,1649,NITINSPIN,EQ,63748,28385,44.53
20,1650,NITIRAJ,EQ,53959,22416,41.54
20,1651,NIVABUPA,EQ,38862503,12684358,32.64
20,1652,NKIND,EQ,58,30,51.72
20,1653,NLCINDIA,EQ,728860,213828,29.34
20,1654,NMDC,EQ,9987841,2923515,29.27
20,1655,NOCIL,EQ,553309,201089,36.34
20,1656,NORTHARC,EQ,175668,83651,47.62
20,1657,NPBET,EQ,1049,960,91.52
20,1658,NPST,SM,27050,18200,67.28
20,1659,NRAIL,EQ,5141,2615,50.87
20,1660,NRBBEARING,EQ,132463,74527,56.26
20,1661,NSIL,EQ,89079,34409,38.63
20,1662,NSLNISP,EQ,2815767,825617,29.32
20,1663,NTPC,EQ,15086601,8464496,56.11
20,1664,NUCLEUS,EQ,19993,6725,33.64
20,1665,NURECA,EQ,12284,6369,51.85
20,1666,NUVAMA,EQ,139453,43687,31.33
20,1667,NUVOCO,EQ,72647,28598,39.37
20,1668,NV20,EQ,345480,335556,97.13
20,1669,NV20BEES,EQ,546512,532505,97.44
20,1670,NV20IETF,EQ,893298,415256,46.49
20,1671,NXST,RR,69655,50053,71.86
20,1672,NYKAA,EQ,8232043,3537068,42.97
20,1673,OAL,EQ,92410,35101,37.98
20,1674,OBCL,EQ,8883,8041,90.52
20,1675,OBEROIRLTY,EQ,1392570,752482,54.04
20,1676,OBSCP,SM,99600,68400,68.67
20,1677,OCCL,EQ,37406,26033,69.60
20,1678,OCCLLTD,EQ,183330,126338,68.91
20,1679,OFSS,EQ,108716,49286,45.33
20,1680,OIL,EQ,2114574,882763,41.75
20,1681,OILIETF,EQ,2230632,1130742,50.69
20,1682,OLAELEC,EQ,34166367,7321928,21.43
20,1683,OLECTRA,EQ,431087,121644,28.22
20,1684,OLIL,SM,43200,31200,72.22
20,1685,OMAXAUTO,EQ,13877,7866,56.68
20,1686,OMAXE,EQ,55371,30657,55.37
20,1687,OMFURN,SM,50400,45600,90.48
20,1688,OMINFRAL,EQ,222428,121672,54.70
20,1689,ONDOOR,SM,9000,6900,76.67
20,1690,ONELIFECAP,EQ,71612,31813,44.42
20,1691,ONEPOINT,EQ,719539,354468,49.26
20,1692,ONGC,EQ,12454540,6787458,54.50
20,1693,ONMOBILE,EQ,395864,140692,35.54
20,1694,ONWARDTEC,EQ,48565,29891,61.55
20,1695,ORBTEXP,EQ,8955,4731,52.83
20,1696,ORCHPHARMA,EQ,41201,15800,38.35
20,1697,ORIANA,SM,136425,73650,53.99
20,1698,ORICONENT,EQ,521638,251942,48.30
20,1699,ORIENTBELL,EQ,15913,13344,83.86
20,1700,ORIENTCEM,EQ,492353,284965,57.88
20,1701,ORIENTCER,EQ,71511,37142,51.94
20,1702,ORIENTELEC,EQ,88069,44383,50.40
20,1703,ORIENTHOT,EQ,165049,51680,31.31
20,1704,ORIENTLTD,EQ,20086,8318,41.41
20,1705,ORIENTPPR,EQ,850684,235227,27.65
20,1706,ORIENTTECH,EQ,856523,266638,31.13
20,1707,ORISSAMINE,EQ,8558,2863,33.45
20,1708,ORTINGLOBE,EQ,7355,6635,90.21
20,1709,OSELDEVICE,SM,90400,60000,66.37
20,1710,OSWALGREEN,EQ,656944,162571,24.75
20,1711,OWAIS,SM,69000,58700,85.07
20,1712,PAGEIND,EQ,23936,10638,44.44
20,1713,PAISALO,EQ,2031721,944603,46.49
20,1714,PAKKA,EQ,127306,55997,43.99
20,1715,PALASHSECU,EQ,13416,3715,27.69
20,1716,PANAMAPET,EQ,90106,52558,58.33
20,1717,PAR,EQ,58016,39839,68.67
20,1718,PARACABLES,EQ,956415,310308,32.44
20,1719,PARADEEP,EQ,7929638,2633877,33.22
20,1720,PARAGMILK,EQ,685696,177682,25.91
20,1721,PARAGON,SM,10800,7200,66.67
20,1722,PARAMATRIX,SM,6000,6000,100.00
20,1723,PARAMOUNT,SM,9600,9600,100.00
20,1724,PARAS,EQ,144638,77503,53.58
20,1725,PARIN,ST,1000,1000,100.00
20,1726,PARKHOTELS,EQ,906768,789047,87.02
20,1727,PARTYCRUS,SM,23000,19000,82.61
20,1728,PATANJALI,EQ,299529,189980,63.43
20,1729,PATELENG,EQ,8637033,2803704,32.46
20,1730,PATINTLOG,EQ,274172,111241,40.57
20,1731,PATTECH,ST,1500,1500,100.00
20,1732,PAYTM,EQ,10003402,1665041,16.64
20,1733,PCBL,EQ,1579226,577283,36.55
20,1734,PCCL,SM,144000,86000,59.72
20,1735,PDMJEPAPER,EQ,235464,81788,34.73
20,1736,PDSL,EQ,99438,41728,41.96
20,1737,PEARLPOLY,EQ,35024,7882,22.50
20,1738,PEL,EQ,961682,235621,24.50
20,1739,PELATRO,SM,14400,11400,79.17
20,1740,PENIND,EQ,1101503,412725,37.47
20,1741,PENINLAND,EQ,365268,137424,37.62
20,1742,PENTAGON,SM,7000,6000,85.71
20,1743,PERSISTENT,EQ,379197,179638,47.37
20,1744,PETRONET,EQ,3129940,2022590,64.62
20,1745,PFC,EQ,8930823,2635785,29.51
20,1746,PFIZER,EQ,17568,7740,44.06
20,1747,PFOCUS,EQ,21613,13218,61.16
20,1748,PFS,EQ,700764,259620,37.05
20,1749,PGEL,EQ,704838,327357,46.44
20,1750,PGHH,EQ,11048,7782,70.44
20,1751,PGHL,EQ,7704,4126,53.56
20,1752,PGIL,EQ,88917,56626,63.68
20,1753,PGINVIT,IV,1105042,987750,89.39
20,1754,PHANTOMFX,SM,271200,165000,60.84
20,1755,PHARMABEES,EQ,4180515,2380539,56.94
20,1756,PHOENIXLTD,EQ,638027,367407,57.58
20,1757,PHOGLOBAL,ST,74000,74000,100.00
20,1758,PIDILITIND,EQ,299390,188539,62.97
20,1759,PIIND,EQ,1612326,573182,35.55
20,1760,PILANIINVS,EQ,13069,6270,47.98
20,1761,PILITA,EQ,223364,139831,62.60
20,1762,PIONEEREMB,EQ,24614,14192,57.66
20,1763,PITTIENG,EQ,63233,28198,44.59
20,1764,PIXTRANS,EQ,479730,115542,24.08
20,1765,PKTEA,EQ,1763,1510,85.65
20,1766,PLATIND,EQ,615789,186694,30.32
20,1767,PLAZACABLE,EQ,20565,12330,59.96
20,1768,PNB,EQ,25816807,8244250,31.93
20,1769,PNBGILTS,EQ,731595,184793,25.26
20,1770,PNBHOUSING,EQ,2880521,1759292,61.08
20,1771,PNC,EQ,67258,32221,47.91
20,1772,PNCINFRA,EQ,463294,215409,46.50
20,1773,PNGJL,EQ,287794,141413,49.14
20,1774,POCL,EQ,62199,31943,51.36
20,1775,PODDARMENT,EQ,1893,1239,65.45
20,1776,POKARNA,EQ,77732,19877,25.57
20,1777,POLICYBZR,EQ,1346952,757357,56.23
20,1778,POLYCAB,EQ,191359,61110,31.93
20,1779,POLYMED,EQ,194979,76962,39.47
20,1780,POLYPLEX,EQ,281603,119479,42.43
20,1781,PONNIERODE,EQ,12407,6070,48.92
20,1782,POONAWALLA,EQ,1456921,558909,38.36
20,1783,POSITRON,ST,1800,1800,100.00
20,1784,POWERGRID,EQ,12500377,7162645,57.30
20,1785,POWERINDIA,EQ,126619,77666,61.34
20,1786,POWERMECH,EQ,75406,30667,40.67
20,1787,PPAP,EQ,59805,38028,63.59
20,1788,PPL,EQ,147304,73086,49.62
20,1789,PPLPHARMA,EQ,11280342,1796141,15.92
20,1790,PPSL,SM,33000,30000,90.91
20,1791,PRAJIND,EQ,611855,321889,52.61
20,1792,PRAKASH,EQ,1273633,630282,49.49
20,1793,PRAKASHSTL,EQ,501373,252979,50.46
20,1794,PRAMARA,SM,21000,11000,52.38
20,1795,PRANIK,SM,91200,64000,70.18
20,1796,PRATHAM,ST,96400,86400,89.63
20,1797,PRECAM,EQ,376486,109206,29.01
20,1798,PRECISION,SM,14000,14000,100.00
20,1799,PRECOT,EQ,32316,27860,86.21
20,1800,PRECWIRE,EQ,327007,97659,29.86
20,1801,PREMEXPLN,EQ,80384,43270,53.83
20,1802,PREMIERENE,EQ,2200387,484157,22.00
20,1803,PREMIUM,SM,12000,9000,75.00
20,1804,PRESSTONIC,SM,334400,169600,50.72
20,1805,PRESTIGE,EQ,615995,368517,59.82
20,1806,PRICOLLTD,EQ,150251,69055,45.96
20,1807,PRIMESECU,EQ,48457,17371,35.85
20,1808,PRINCEPIPE,EQ,89287,31328,35.09
20,1809,PRITI,EQ,56357,36671,65.07
20,1810,PRITIKA,ST,42000,35000,83.33
20,1811,PRITIKAUTO,EQ,362723,196354,54.13
20,1812,PRIVISCL,EQ,45252,18303,40.45
20,1813,PRIZOR,ST,83200,82400,99.04
20,1814,PRLIND,SM,63000,41000,65.08
20,1815,PROLIFE,SM,11000,9500,86.36
20,1816,PROPEQUITY,SM,4800,3000,62.50
20,1817,PROZONER,EQ,211776,107312,50.67
20,1818,PRSMJOHNSN,EQ,751843,267926,35.64
20,1819,PRUDENT,EQ,74182,44137,59.50
20,1820,PSB,EQ,1125689,175992,15.63
20,1821,PSFL,SM,44000,32000,72.73
20,1822,PSPPROJECT,EQ,81654,52402,64.18
20,1823,PSUBANK,EQ,6952,3639,52.34
20,1824,PSUBANKADD,EQ,7229,6354,87.90
20,1825,PSUBNKBEES,EQ,1089759,625327,57.38
20,1826,PSUBNKIETF,EQ,131400,48865,37.19
20,1827,PTC,EQ,1573768,668496,42.48
20,1828,PTCIL,EQ,12164,7877,64.76
20,1829,PTL,EQ,52983,27983,52.82
20,1830,PULZ,ST,2000,2000,100.00
20,1831,PUNJABCHEM,EQ,1863,889,47.72
20,1832,PURVA,EQ,120200,58727,48.86
20,1833,PURVFLEXI,SM,4800,4000,83.33
20,1834,PVRINOX,EQ,527499,131371,24.90
20,1835,PVSL,EQ,104792,40236,38.40
20,1836,PVTBANIETF,EQ,5732448,4385334,76.50
20,1837,PVTBANKADD,EQ,51838,37722,72.77
20,1838,PYRAMID,EQ,377289,88001,23.32
20,1839,QFIL,SM,1000,1000,100.00
20,1840,QGOLDHALF,EQ,25754,22541,87.52
20,1841,QMSMEDI,SM,9000,8000,88.89
20,1842,QNIFTY,EQ,370,289,78.11
20,1843,QUAL30IETF,EQ,360061,208906,58.02
20,1844,QUESS,EQ,243307,141344,58.09
20,1845,QUESTLAB,SM,79200,49200,62.12
20,1846,QUICKHEAL,EQ,113365,34196,30.16
20,1847,QUICKTOUCH,SM,3500,2500,71.43
20,1848,QVCEL,ST,3200,3200,100.00
20,1849,RACE,EQ,7934,3572,45.02
20,1850,RADIANTCMS,EQ,107979,60079,55.64
20,1851,RADICO,EQ,111556,54711,49.04
20,1852,RADIOCITY,EQ,142893,71217,49.84
20,1853,RADIOCITY,P1,497,497,100.00
20,1854,RADIOWALLA,SM,27200,20800,76.47
20,1855,RAILTEL,EQ,1022050,247935,24.26
20,1856,RAIN,EQ,1504380,504679,33.55
20,1857,RAINBOW,EQ,688672,261096,37.91
20,1858,RAJESHEXPO,EQ,482141,197712,41.01
20,1859,RAJINDLTD,SM,34500,27000,78.26
20,1860,RAJMET,EQ,470818,267624,56.84
20,1861,RAJRATAN,EQ,17636,10858,61.57
20,1862,RAJSREESUG,EQ,27789,14544,52.34
20,1863,RALLIS,EQ,464165,153920,33.16
20,1864,RAMANEWS,EQ,23935,14203,59.34
20,1865,RAMAPHO,EQ,17222,11603,67.37
20,1866,RAMASTEEL,EQ,14443803,2690086,18.62
20,1867,RAMCOCEM,EQ,698690,187154,26.79
20,1868,RAMCOIND,EQ,251706,94085,37.38
20,1869,RAMCOSYS,EQ,51406,20708,40.28
20,1870,RAMKY,EQ,73281,39350,53.70
20,1871,RAMRAT,EQ,19598,12928,65.97
20,1872,RANASUG,EQ,265671,142453,53.62
20,1873,RANEHOLDIN,EQ,6834,3713,54.33
20,1874,RAPPID,SM,7800,6600,84.62
20,1875,RATEGAIN,EQ,333206,165460,49.66
20,1876,RATNAMANI,EQ,7594,3536,46.56
20,1877,RAYMOND,EQ,87800,25021,28.50
20,1878,RAYMONDLSL,EQ,61329,25487,41.56
20,1879,RBA,EQ,974085,475256,48.79
20,1880,RBLBANK,EQ,6990014,2887435,41.31
20,1881,RBMINFRA,ST,23400,20400,87.18
20,1882,RBS,SM,94400,64000,67.80
20,1883,RCF,EQ,4362609,544329,12.48
20,1884,RECLTD,EQ,7471948,2468672,33.04
20,1885,REDINGTON,EQ,6865328,1234986,17.99
20,1886,REDTAPE,EQ,171529,86056,50.17
20,1887,REFRACTORY,ST,4000,4000,100.00
20,1888,RELAXO,EQ,64962,26296,40.48
20,1889,RELCHEMQ,EQ,1946,896,46.04
20,1890,RELIABLE,EQ,19575,11815,60.36
20,1891,RELIANCE,EQ,12612633,6976289,55.31
20,1892,RELIGARE,EQ,963270,684194,71.03
20,1893,REMSONSIND,EQ,95023,50631,53.28
20,1894,REMUS,SM,2900,1850,63.79
20,1895,RENUKA,EQ,5843842,1254925,21.47
20,1896,REPCOHOME,EQ,113943,47894,42.03
20,1897,REPL,EQ,6765,3813,56.36
20,1898,REPRO,EQ,15938,8345,52.36
20,1899,RESPONIND,EQ,229967,19426,8.45
20,1900,REXPIPES,SM,8000,6000,75.00
20,1901,RGL,EQ,1027266,394693,38.42
20,1902,RHIM,EQ,90348,46746,51.74
20,1903,RHL,EQ,6515,4200,64.47
20,1904,RICHA,SM,3000,2000,66.67
20,1905,RICOAUTO,EQ,411804,164605,39.97
20,1906,RIIL,EQ,124887,22645,18.13
20,1907,RILINFRA,ST,2600,2600,100.00
20,1908,RISHABH,EQ,28718,15106,52.60
20,1909,RITCO,EQ,100978,39624,39.24
20,1910,RITES,EQ,696484,243914,35.02
20,1911,RKEC,EQ,66221,32380,48.90
20,1912,RKFORGE,EQ,135410,49569,36.61
20,1913,RKSWAMY,EQ,251091,168978,67.30
20,1914,RMDRIP,ST,5500,5500,100.00
20,1915,RML,EQ,38614,22557,58.42
20,1916,RNFI,SM,26400,18000,68.18
20,1917,ROCKINGDCE,SM,8750,4000,45.71
20,1918,ROHLTD,EQ,54546,11101,20.35
20,1919,ROLEXRINGS,EQ,12083,5230,43.28
20,1920,ROML,EQ,5609,3204,57.12
20,1921,ROSSARI,EQ,64250,21011,32.70
20,1922,ROTO,EQ,160996,73342,45.56
20,1923,ROUTE,EQ,46907,21647,46.15
20,1924,ROXHITECH,SM,193600,123200,63.64
20,1925,RPEL,EQ,30244,14324,47.36
20,1926,RPGLIFE,EQ,12675,4892,38.60
20,1927,RPPL,EQ,60046,30550,50.88
20,1928,RPSGVENT,EQ,62255,35090,56.36
20,1929,RPTECH,EQ,142364,67139,47.16
20,1930,RRKABEL,EQ,49229,20791,42.23
20,1931,RSWM,EQ,43911,24202,55.12
20,1932,RSYSTEMS,EQ,74082,48313,65.22
20,1933,RTNINDIA,EQ,4754946,1093007,22.99
20,1934,RTNPOWER,EQ,11421990,6541229,57.27
20,1935,RUBFILA,EQ,83917,59855,71.33
20,1936,RUBYMILLS,EQ,18997,10792,56.81
20,1937,RUCHIRA,EQ,21506,11366,52.85
20,1938,RULKA,SM,16200,13200,81.48
20,1939,RUPA,EQ,90077,40220,44.65
20,1940,RUSHIL,EQ,812900,564222,69.41
20,1941,RUSTOMJEE,EQ,24138,10909,45.19
20,1942,RVHL,EQ,46925,18343,39.09
20,1943,RVNL,EQ,3814197,886978,23.25
20,1944,SAAKSHI,SM,9600,9600,100.00
20,1945,SABAR,SM,110000,60000,54.55
20,1946,SADBHAV,EQ,710536,329406,46.36
20,1947,SADBHIN,EQ,276442,165980,60.04
20,1948,SADHAV,SM,21600,17400,80.56
20,1949,SADHNANIQ,EQ,262948,90337,34.36
20,1950,SAFARI,EQ,38456,18106,47.08
20,1951,SAGARDEEP,EQ,6263,4009,64.01
20,1952,SAGCEM,EQ,26768,13339,49.83
20,1953,SAGILITY,EQ,20806989,10154849,48.80
20,1954,SAHAJSOLAR,ST,29000,24200,83.45
20,1955,SAHANA,SM,18875,17500,92.72
20,1956,SAHASRA,SM,118800,76400,64.31
20,1957,SAHYADRI,EQ,13684,12384,90.50
20,1958,SAIFL,SM,18400,12800,69.57
20,1959,SAIL,EQ,15061567,3227504,21.43
20,1960,SAJHOTELS,SM,38000,34000,89.47
20,1961,SAKAR,EQ,6931,4983,71.89
20,1962,SAKHTISUG,EQ,325948,138806,42.59
20,1963,SAKSOFT,EQ,181171,81927,45.22
20,1964,SALASAR,EQ,5171417,2039977,39.45
20,1965,SALONA,EQ,468,266,56.84
20,1966,SALSTEEL,EQ,85801,52496,61.18
20,1967,SALZERELEC,EQ,70361,25773,36.63
20,1968,SAMBHAAV,EQ,136245,86947,63.82
20,1969,SAMHI,EQ,691125,317427,45.93
20,1970,SAMMAANCAP,EQ,3803932,1388031,36.49
20,1971,SAMPANN,EQ,14453,9679,66.97
20,1972,SANDESH,EQ,1472,473,32.13
20,1973,SANDHAR,EQ,140878,52808,37.48
20,1974,SANDUMA,EQ,147373,72742,49.36
20,1975,SANGAMIND,EQ,8983,4259,47.41
20,1976,SANGHIIND,EQ,221541,125999,56.87
20,1977,SANGHVIMOV,EQ,563452,214063,37.99
20,1978,SANGINITA,EQ,36477,23861,65.41
20,1979,SANOFI,EQ,14728,6963,47.28
20,1980,SANOFICONR,EQ,19780,13798,69.76
20,1981,SANSERA,EQ,204140,106416,52.13
20,1982,SANSTAR,EQ,527315,208624,39.56
20,1983,SAPPHIRE,EQ,215286,108706,50.49
20,1984,SARDAEN,EQ,287222,95388,33.21
20,1985,SAREGAMA,EQ,664126,204257,30.76
20,1986,SAROJA,SM,1600,1600,100.00
20,1987,SARTELE,SM,102000,48500,47.55
20,1988,SARVESHWAR,EQ,2197768,978583,44.53
20,1989,SASKEN,EQ,163440,53400,32.67
20,1990,SASTASUNDR,EQ,17996,9135,50.76
20,1991,SATECH,ST,3000,3000,100.00
20,1992,SATIA,EQ,481618,267202,55.48
20,1993,SATIN,EQ,369584,184499,49.92
20,1994,SATINDLTD,EQ,567033,210734,37.16
20,1995,SATIPOLY,SM,19500,14000,71.79
20,1996,SAURASHCEM,EQ,111095,58587,52.74
20,1997,SBC,EQ,2121439,655523,30.90
20,1998,SBCL,EQ,91597,41910,45.75
20,1999,SBFC,EQ,1025387,461121,44.97
20,2000,SBGLP,EQ,336108,183920,54.72
20,2001,SBICARD,EQ,816979,405775,49.67
20,2002,SBIETFCON,EQ,7522,6733,89.51
20,2003,SBIETFIT,EQ,4107,2342,57.02
20,2004,SBIETFPB,EQ,7537,4352,57.74
20,2005,SBIETFQLTY,EQ,4750,3958,83.33
20,2006,SBILIFE,EQ,684365,317772,46.43
20,2007,SBIN,EQ,9461484,3099231,32.76
20,2008,SBINEQWETF,EQ,17913,17593,98.21
20,2009,SBISILVER,EQ,256142,248603,97.06
20,2010,SCHAEFFLER,EQ,83047,55408,66.72
20,2011,SCHAND,EQ,80621,50883,63.11
20,2012,SCHNEIDER,EQ,605475,171418,28.31
20,2013,SCI,EQ,4069091,1020591,25.08
20,2014,SCILAL,EQ,559783,181336,32.39
20,2015,SCL24A,ZS,16,16,100.00
20,2016,SCL25,Y6,100,50,50.00
20,2017,SCLZC25F,Y5,85,85,100.00
20,2018,SCML,SM,6000,6000,100.00
20,2019,SDBL,EQ,1436412,504074,35.09
20,2020,SDL26BEES,EQ,632,260,41.14
20,2021,SDREAMS,SM,10000,9000,90.00
20,2022,SEAMECLTD,EQ,18129,10451,57.65
20,2023,SECL,SM,6250,6250,100.00
20,2024,SECMARK,EQ,1431,1085,75.82
20,2025,SECURKLOUD,EQ,12012,7453,62.05
20,2026,SEL,ST,200,200,100.00
20,2027,SELAN,EQ,33887,20284,59.86
20,2028,SENCO,EQ,726096,242021,33.33
20,2029,SENSEXADD,EQ,1032,797,77.23
20,2030,SENSEXETF,EQ,12899,5202,40.33
20,2031,SENSEXIETF,EQ,5146,4305,83.66
20,2032,SEPC,EQ,7487012,2853614,38.11
20,2033,SERVICE,SM,18000,10000,55.56
20,2034,SERVOTECH,EQ,942029,335015,35.56
20,2035,SESHAPAPER,EQ,20169,11421,56.63
20,2036,SETCO,EQ,44419,24002,54.04
20,2037,SETF10GILT,EQ,10189,7126,69.94
20,2038,SETFGOLD,EQ,2273557,1824597,80.25
20,2039,SETFNIF50,EQ,624391,333691,53.44
20,2040,SETFNIFBK,EQ,19087,14262,74.72
20,2041,SETFNN50,EQ,58912,35817,60.80
20,2042,SFL,EQ,125526,84721,67.49
20,2043,SFLZC25A,ZK,10,10,100.00
20,2044,SGBAPR28I,GB,265,168,63.40
20,2045,SGBAUG27,GB,50,45,90.00
20,2046,SGBAUG28V,GB,957,734,76.70
20,2047,SGBAUG29V,GB,177,176,99.44
20,2048,SGBAUG30,GB,586,408,69.62
20,2049,SGBD29VIII,GB,134,108,80.60
20,2050,SGBDC27VII,GB,3,3,100.00
20,2051,SGBDE30III,GB,460,326,70.87
20,2052,SGBDE31III,GB,3076,2554,83.03
20,2053,SGBDEC25,GB,3,3,100.00
20,2054,SGBDEC2512,GB,1,1,100.00
20,2055,SGBDEC25XI,GB,1,1,100.00
20,2056,SGBFEB28IX,GB,29,12,41.38
20,2057,SGBFEB29XI,GB,233,136,58.37
20,2058,SGBFEB32IV,GB,3899,3507,89.95
20,2059,SGBJ28VIII,GB,11,11,100.00
20,2060,SGBJAN26,GB,6,6,100.00
20,2061,SGBJAN29IX,GB,315,265,84.13
20,2062,SGBJAN29X,GB,109,77,70.64
20,2063,SGBJAN30IX,GB,295,285,96.61
20,2064,SGBJU29III,GB,101,61,60.40
20,2065,SGBJUL25,GB,289,289,100.00
20,2066,SGBJUL27,GB,62,62,100.00
20,2067,SGBJUL28IV,GB,120,84,70.00
20,2068,SGBJUL29IV,GB,130,93,71.54
20,2069,SGBJUN27,GB,22,20,90.91
20,2070,SGBJUN28,GB,260,202,77.69
20,2071,SGBJUN29II,GB,109,89,81.65
20,2072,SGBJUN30,GB,356,330,92.70
20,2073,SGBJUN31I,GB,1406,944,67.14
20,2074,SGBMAR25,GB,196,164,83.67
20,2075,SGBMAR28X,GB,10,10,100.00
20,2076,SGBMAR30X,GB,113,101,89.38
20,2077,SGBMAR31IV,GB,894,780,87.25
20,2078,SGBMAY25,GB,146,144,98.63
20,2079,SGBMAY26,GB,36,36,100.00
20,2080,SGBMAY28,GB,363,219,60.33
20,2081,SGBMAY29I,GB,629,580,92.21
20,2082,SGBMR29XII,GB,483,339,70.19
20,2083,SGBN28VIII,GB,166,127,76.51
20,2084,SGBNOV258,GB,20,20,100.00
20,2085,SGBNOV25IX,GB,6,6,100.00
20,2086,SGBNOV26,GB,18,18,100.00
20,2087,SGBNV29VII,GB,403,283,70.22
20,2088,SGBOC28VII,GB,83,83,100.00
20,2089,SGBOCT25,GB,1,1,100.00
20,2090,SGBOCT25V,GB,3,3,100.00
20,2091,SGBOCT26,GB,25,25,100.00
20,2092,SGBOCT27,GB,300,300,100.00
20,2093,SGBOCT27VI,GB,30,30,100.00
20,2094,SGBSEP27,GB,24,16,66.67
20,2095,SGBSEP28VI,GB,1452,1127,77.62
20,2096,SGBSEP29VI,GB,1526,1071,70.18
20,2097,SGBSEP31II,GB,1595,1175,73.67
20,2098,SGIL,EQ,41000,16905,41.23
20,2099,SHAILY,EQ,115456,73718,63.85
20,2100,SHALBY,EQ,161903,80715,49.85
20,2101,SHALPAINTS,EQ,84457,32932,38.99
20,2102,SHANKARA,EQ,125006,53092,42.47
20,2103,SHANTHALA,SM,2400,2400,100.00
20,2104,SHANTI,EQ,25875,15977,61.75
20,2105,SHANTIGEAR,EQ,25041,10552,42.14
20,2106,SHARDACROP,EQ,617192,157439,25.51
20,2107,SHARDAMOTR,EQ,47099,35377,75.11
20,2108,SHAREINDIA,EQ,184863,86137,46.60
20,2109,SHARIABEES,EQ,5300,3738,70.53
20,2110,SHEETAL,SM,10000,6000,60.00
20,2111,SHEMAROO,EQ,9545,3734,39.12
20,2112,SHERA,SM,22000,13000,59.09
20,2113,SHIGAN,SM,7500,7500,100.00
20,2114,SHILPAMED,EQ,896686,222906,24.86
20,2115,SHIVALIK,EQ,11087,7405,66.79
20,2116,SHIVAMILLS,EQ,27360,8870,32.42
20,2117,SHIVATEX,EQ,48193,11689,24.25
20,2118,SHK,EQ,241824,97874,40.47
20,2119,SHOPERSTOP,EQ,34733,18084,52.07
20,2120,SHREDIGCEM,EQ,438869,215441,49.09
20,2121,SHREECEM,EQ,40911,30122,73.63
20,2122,SHREEKARNI,SM,5700,5550,97.37
20,2123,SHREEOSFM,SM,42000,32000,76.19
20,2124,SHREERAMA,EQ,302668,183705,60.70
20,2125,SHREYANIND,EQ,6000,4219,70.32
20,2126,SHRIPISTON,EQ,64160,31257,48.72
20,2127,SHRIRAMFIN,EQ,1434537,752534,52.46
20,2128,SHRIRAMPPS,EQ,781716,279202,35.72
20,2129,SHRITECH,SM,2000,2000,100.00
20,2130,SHUBHLAXMI,ST,23000,22000,95.65
20,2131,SHUBHSHREE,ST,19200,18000,93.75
20,2132,SHYAMCENT,EQ,158155,82510,52.17
20,2133,SHYAMMETL,EQ,360847,182842,50.67
20,2134,SIDDHIKA,SM,4000,4000,100.00
20,2135,SIEMENS,EQ,254611,119243,46.83
20,2136,SIGACHI,EQ,1170829,432301,36.92
20,2137,SIGIND,EQ,22825,9263,40.58
20,2138,SIGMA,EQ,8641,5284,61.15
20,2139,SIGNATURE,EQ,548356,154881,28.24
20,2140,SIGNORIA,ST,2000,2000,100.00
20,2141,SIGNPOST,EQ,574953,265370,46.16
20,2142,SIKKO,EQ,21419,11192,52.25
20,2143,SIL,EQ,50077,38506,76.89
20,2144,SILGO,EQ,94724,41657,43.98
20,2145,SILKFLEX,ST,10000,10000,100.00
20,2146,SILLYMONKS,EQ,3919,3919,100.00
20,2147,SILVER,EQ,229042,174298,76.10
20,2148,SILVER1,EQ,148236,86049,58.05
20,2149,SILVERADD,EQ,184389,181636,98.51
20,2150,SILVERBEES,EQ,15343610,11190845,72.93
20,2151,SILVERETF,EQ,293023,211710,72.25
20,2152,SILVERIETF,EQ,1695087,1543904,91.08
20,2153,SILVERTUC,EQ,13832,4981,36.01
20,2154,SILVRETF,EQ,36972,32324,87.43
20,2155,SINCLAIR,EQ,25895,19686,76.02
20,2156,SINDHUTRAD,EQ,374950,192304,51.29
20,2157,SINTERCOM,EQ,29690,26502,89.26
20,2158,SIRCA,EQ,132770,55960,42.15
20,2159,SIS,EQ,45674,24124,52.82
20,2160,SIYSIL,EQ,284326,56472,19.86
20,2161,SJLOGISTIC,ST,3750,3750,100.00
20,2162,SJS,EQ,80243,35144,43.80
20,2163,SJVN,EQ,5101719,1351490,26.49
20,2164,SKFINDIA,EQ,294484,170812,58.00
20,2165,SKIPPER,EQ,470022,106436,22.64
20,2166,SKMEGGPROD,EQ,150541,70412,46.77
20,2167,SKP,SM,38000,29500,77.63
20,2168,SLONE,SM,56000,56000,100.00
20,2169,SMALLCAP,EQ,870469,644533,74.04
20,2170,SMCGLOBAL,EQ,156317,75053,48.01
20,2171,SMLISUZU,EQ,14802,6752,45.62
20,2172,SMLT,EQ,64196,37030,57.68
20,2173,SMSPHARMA,EQ,150037,66591,44.38
20,2174,SMVD,SM,16160,16160,100.00
20,2175,SNOWMAN,EQ,456939,171420,37.51
20,2176,SOBHA,EQ,107231,41233,38.45
20,2177,SOBHAPP,E1,1551,1498,96.58
20,2178,SOFTTECH,EQ,2535,1855,73.18
20,2179,SOLARA,EQ,58039,37585,64.76
20,2180,SOLARAPP,E1,1525,1330,87.21
20,2181,SOLARINDS,EQ,58802,20188,34.33
20,2182,SOLEX,SM,24875,14000,56.28
20,2183,SOMANYCERA,EQ,7294,3619,49.62
20,2184,SOMATEX,EQ,205561,51908,25.25
20,2185,SONACOMS,EQ,756869,447076,59.07
20,2186,SONAMAC,SM,20000,15000,75.00
20,2187,SONATSOFTW,EQ,1073493,605860,56.44
20,2188,SONUINFRA,SM,21000,15000,71.43
20,2189,SOTL,EQ,24390,10493,43.02
20,2190,SOUTHBANK,EQ,13619916,5852068,42.97
20,2191,SOUTHWEST,EQ,75664,57724,76.29
20,2192,SPAL,EQ,7206,3364,46.68
20,2193,SPANDANA,EQ,180129,60959,33.84
20,2194,SPARC,EQ,448958,189961,42.31
20,2195,SPCENET,EQ,1798004,1136675,63.22
20,2196,SPCL,SM,118800,56400,47.47
20,2197,SPECIALITY,EQ,20615,11165,54.16
20,2198,SPECTRUM,SM,18250,11625,63.70
20,2199,SPECTSTM,ST,41600,36000,86.54
20,2200,SPENCERS,EQ,158820,70834,44.60
20,2201,SPIC,EQ,711157,302982,42.60
20,2202,SPLIL,EQ,29831,20622,69.13
20,2203,SPLPETRO,EQ,34664,19862,57.30
20,2204,SPORTKING,EQ,100529,49617,49.36
20,2205,SPPPOLY,SM,22000,16000,72.73
20,2206,SREEL,EQ,10349,4974,48.06
20,2207,SRF,EQ,152578,55807,36.58
20,2208,SRGHFL,EQ,5111,1621,31.72
20,2209,SRHHYPOLTD,EQ,63141,32324,51.19
20,2210,SRIVASAVI,SM,32000,24000,75.00
20,2211,SSDL,EQ,106995,45975,42.97
20,2212,SSEGL,ST,42400,42400,100.00
20,2213,SSFL,ST,4000,4000,100.00
20,2214,SSWL,EQ,107965,47104,43.63
20,2215,STANLEY,EQ,70274,26952,38.35
20,2216,STAR,EQ,525523,395710,75.30
20,2217,STARCEMENT,EQ,142630,49491,34.70
20,2218,STARHEALTH,EQ,489499,274990,56.18
20,2219,STARPAPER,EQ,11964,7724,64.56
20,2220,STARTECK,EQ,2689,345,12.83
20,2221,STCINDIA,EQ,162916,44442,27.28
20,2222,STEELCAS,EQ,5041,2261,44.85
20,2223,STEELCITY,EQ,39989,20175,50.45
20,2224,STEELXIND,EQ,1445346,735097,50.86
20,2225,STERTOOLS,EQ,560890,141788,25.28
20,2226,STLTECH,EQ,1343460,357895,26.64
20,2227,STOVEKRAFT,EQ,104211,47435,45.52
20,2228,STYLAMIND,EQ,34357,20769,60.45
20,2229,STYLEBAAZA,EQ,143070,53743,37.56
20,2230,STYRENIX,EQ,27607,11673,42.28
20,2231,SUBEXLTD,EQ,5813362,920197,15.83
20,2232,SUBROS,EQ,32653,15422,47.23
20,2233,SUDARSCHEM,EQ,251603,72062,28.64
20,2234,SUKHJITS,EQ,13610,7147,52.51
20,2235,SULA,EQ,352414,131610,37.35
20,2236,SUMICHEM,EQ,380765,126546,33.23
20,2237,SUMMITSEC,EQ,33531,10438,31.13
20,2238,SUNCLAY,EQ,10168,4287,42.16
20,2239,SUNDARAM,EQ,483745,334372,69.12
20,2240,SUNDARMFIN,EQ,44267,17464,39.45
20,2241,SUNDARMHLD,EQ,127785,45381,35.51
20,2242,SUNDRMFAST,EQ,35311,16234,45.97
20,2243,SUNFLAG,EQ,128762,74365,57.75
20,2244,SUNLITE,SM,22800,15600,68.42
20,2245,SUNPHARMA,EQ,1473358,857018,58.17
20,2246,SUNREST,SM,4800,3200,66.67
20,2247,SUNTECK,EQ,403966,135511,33.55
20,2248,SUNTV,EQ,1014340,146103,14.40
20,2249,SUPERHOUSE,EQ,1973,1264,64.06
20,2250,SUPRAJIT,EQ,215080,74769,34.76
20,2251,SUPREMEIND,EQ,116213,49366,42.48
20,2252,SUPREMEPWR,ST,78000,76500,98.08
20,2253,SUPRIYA,EQ,392479,132793,33.83
20,2254,SURAJEST,EQ,180813,103682,57.34
20,2255,SURANAT&P,EQ,124039,74785,60.29
20,2256,SURANI,SM,4400,4000,90.91
20,2257,SURYALAXMI,EQ,26152,15484,59.21
20,2258,SURYAROSNI,EQ,1066226,351667,32.98
20,2259,SURYODAY,EQ,430115,195649,45.49
20,2260,SUTLEJTEX,EQ,58182,20496,35.23
20,2261,SUVEN,EQ,146274,39693,27.14
20,2262,SUVENPHAR,EQ,317361,132329,41.70
20,2263,SUVIDHAA,EQ,123953,73643,59.41
20,2264,SUYOG,EQ,39382,17843,45.31
20,2265,SUZLON,EQ,56957801,26047084,45.73
20,2266,SVPGLOB,EQ,74384,50869,68.39
20,2267,SWANENERGY,EQ,4337575,1071916,24.71
20,2268,SWARAJ,ST,11000,11000,100.00
20,2269,SWARAJENG,EQ,16226,10520,64.83
20,2270,SWASTIK,SM,2400,2400,100.00
20,2271,SWELECTES,EQ,40959,15539,37.94
20,2272,SWIGGY,EQ,56141395,12425643,22.13
20,2273,SWSOLAR,EQ,1566988,669929,42.75
20,2274,SYMPHONY,EQ,123471,48516,39.29
20,2275,SYNCOMF,EQ,2649641,1127737,42.56
20,2276,SYNGENE,EQ,427092,252323,59.08
20,2277,SYNOPTICS,SM,5400,4800,88.89
20,2278,SYRMA,EQ,855834,373094,43.59
20,2279,SYSTANGO,SM,16000,12800,80.00
20,2280,TAC,ST,14400,14400,100.00
20,2281,TAINWALCHM,EQ,70521,18924,26.83
20,2282,TAJGVK,EQ,150066,52709,35.12
20,2283,TAKE,EQ,82796,45148,54.53
20,2284,TALBROAUTO,EQ,587882,81687,13.90
20,2285,TANLA,EQ,247354,110739,44.77
20,2286,TAPIFRUIT,SM,11250,11250,100.00
20,2287,TARACHAND,EQ,57781,33943,58.74
20,2288,TARC,EQ,332901,158886,47.73
20,2289,TARMAT,EQ,67985,58857,86.57
20,2290,TARSONS,EQ,40325,19816,49.14
20,2291,TASTYBITE,EQ,3892,1846,47.43
20,2292,TATACHEM,EQ,588233,197004,33.49
20,2293,TATACOMM,EQ,121569,35121,28.89
20,2294,TATACONSUM,EQ,1950720,973422,49.90
20,2295,TATAELXSI,EQ,241446,119555,49.52
20,2296,TATAGOLD,EQ,6559571,4741305,72.28
20,2297,TATAINVEST,EQ,34901,11239,32.20
20,2298,TATAMOTORS,EQ,11740909,4351595,37.06
20,2299,TATAPOWER,EQ,11063591,2436456,22.02
20,2300,TATASTEEL,EQ,36345184,12678206,34.88
20,2301,TATATECH,EQ,639883,323053,50.49
20,2302,TATSILV,EQ,2614814,2537846,97.06
20,2303,TATVA,EQ,14960,7800,52.14
20,2304,TBI,ST,4200,4200,100.00
20,2305,TBOTEK,EQ,20767,9600,46.23
20,2306,TBZ,EQ,260008,102811,39.54
20,2307,TCHF30,NB,150,150,100.00
20,2308,TCI,EQ,32040,16601,51.81
20,2309,TCIEXP,EQ,187329,147269,78.62
20,2310,TCL,SM,34400,28000,81.40
20,2311,TCPLPACK,EQ,2093,1165,55.66
20,2312,TCS,EQ,1825432,1122028,61.47
20,2313,TDPOWERSYS,EQ,253032,95085,37.58
20,2314,TEAMLEASE,EQ,12203,6178,50.63
20,2315,TECH,EQ,11041,7796,70.61
20,2316,TECHERA,ST,1600,1600,100.00
20,2317,TECHLABS,SM,32250,23625,73.26
20,2318,TECHM,EQ,1919974,1271381,66.22
20,2319,TECHNOE,EQ,178835,79225,44.30
20,2320,TEGA,EQ,284109,94518,33.27
20,2321,TEJASNET,EQ,1074989,241966,22.51
20,2322,TERASOFT,EQ,633333,310883,49.09
20,2323,TEXINFRA,EQ,234867,111905,47.65
20,2324,TEXMOPIPES,EQ,37333,20650,55.31
20,2325,TEXRAIL,EQ,1080511,341429,31.60
20,2326,TFCILTD,EQ,234854,114232,48.64
20,2327,TGBHOTELS,EQ,10288,5008,48.68
20,2328,TGL,ST,10600,10600,100.00
20,2329,THANGAMAYL,EQ,40595,14595,35.95
20,2330,THEINVEST,EQ,32655,21513,65.88
20,2331,THEJO,EQ,8227,4277,51.99
20,2332,THEMISMED,EQ,74580,34624,46.43
20,2333,THERMAX,EQ,125079,46652,37.30
20,2334,THESL,SM,12000,12000,100.00
20,2335,THOMASCOOK,EQ,1787410,602531,33.71
20,2336,THOMASCOTT,EQ,53736,43766,81.45
20,2337,THYROCARE,EQ,140538,59170,42.10
20,2338,TI,EQ,1209081,218055,18.03
20,2339,TIIL,EQ,24314,11449,47.09
20,2340,TIINDIA,EQ,208267,92099,44.22
20,2341,TIMESCAN,SM,16000,16000,100.00
20,2342,TIMESGTY,EQ,10198,2160,21.18
20,2343,TIMETECHNO,EQ,2025630,953489,47.07
20,2344,TIMKEN,EQ,215230,187899,87.30
20,2345,TIPSFILMS,EQ,2587,1784,68.96
20,2346,TIPSMUSIC,EQ,513404,242715,47.28
20,2347,TIRUMALCHM,EQ,182336,64224,35.22
20,2348,TIRUPATI,SM,250,250,100.00
20,2349,TITAGARH,EQ,744104,117245,15.76
20,2350,TITAN,EQ,1161637,654531,56.35
20,2351,TMB,EQ,97762,54982,56.24
20,2352,TNIDETF,EQ,267770,263367,98.36
20,2353,TNPETRO,EQ,90904,46068,50.68
20,2354,TNPL,EQ,220777,89588,40.58
20,2355,TNTELE,EQ,17694,13021,73.59
20,2356,TOKYOPLAST,EQ,31501,6502,20.64
20,2357,TOLINS,EQ,172489,80025,46.39
20,2358,TOP100CASE,EQ,329188,273555,83.10
20,2359,TOP10ADD,EQ,97793,83987,85.88
20,2360,TORNTPHARM,EQ,223405,98132,43.93
20,2361,TORNTPOWER,EQ,989846,372151,37.60
20,2362,TOTAL,EQ,21500,10314,47.97
20,2363,TOUCHWOOD,EQ,2410,1773,73.57
20,2364,TPHQ,EQ,2249064,1118018,49.71
20,2365,TRACXN,EQ,221148,99030,44.78
20,2366,TRANSTEEL,SM,46000,34000,73.91
20,2367,TRANSWORLD,EQ,199671,53511,26.80
20,2368,TREL,EQ,391708,187941,47.98
20,2369,TRENT,EQ,620489,253116,40.79
20,2370,TRF,EQ,18890,12523,66.29
20,2371,TRIDENT,EQ,3788739,1083961,28.61
20,2372,TRIDHYA,SM,228000,90000,39.47
20,2373,TRIGYN,EQ,136562,66684,48.83
20,2374,TRITURBINE,EQ,944286,252105,26.70
20,2375,TRIVENI,EQ,302717,125126,41.33
20,2376,TROM,SM,46200,30600,66.23
20,2377,TRUST,SM,34800,24600,70.69
20,2378,TTKHLTCARE,EQ,9433,7296,77.35
20,2379,TTKPRESTIG,EQ,13369,7592,56.79
20,2380,TTL,EQ,123533,36274,29.36
20,2381,TTML,EQ,2348689,609392,25.95
20,2382,TUNWAL,SM,76000,56000,73.68
20,2383,TVSHLTD,EQ,3123,1491,47.74
20,2384,TVSMOTOR,EQ,308515,128666,41.70
20,2385,TVSSCS,EQ,527348,275052,52.16
20,2386,TVSSRICHAK,EQ,6252,3259,52.13
20,2387,TVTODAY,EQ,69842,35234,50.45
20,2388,UBL,EQ,294046,184323,62.69
20,2389,UCAL,EQ,9579,5782,60.36
20,2390,UCL-RE,ST,4700,4700,100.00
20,2391,UCOBANK,EQ,4957458,1076698,21.72
20,2392,UDAICEMENT,EQ,186209,80639,43.31
20,2393,UDS,EQ,383195,145571,37.99
20,2394,UFLEX,EQ,191895,84975,44.28
20,2395,UFO,EQ,77349,35233,45.55
20,2396,UGARSUGAR,EQ,107058,36346,33.95
20,2397,UGROCAP,EQ,147957,95501,64.55
20,2398,UHTL,SM,236000,168000,71.19
20,2399,UJJIVANSFB,EQ,8386421,4382261,52.25
20,2400,ULTRACEMCO,EQ,297442,150462,50.59
20,2401,UMA,SM,12000,12000,100.00
20,2402,UMANGDAIRY,EQ,9308,4902,52.66
20,2403,UMESLTD,EQ,62838,39129,62.27
20,2404,UNICHEMLAB,EQ,191645,51385,26.81
20,2405,UNIDT,EQ,7433,4012,53.98
20,2406,UNIECOM,EQ,1122532,369236,32.89
20,2407,UNIENTER,EQ,4887,4073,83.34
20,2408,UNIHEALTH,SM,4000,4000,100.00
20,2409,UNIINFO,EQ,25102,19485,77.62
20,2410,UNIONBANK,EQ,6290516,2758988,43.86
20,2411,UNIPARTS,EQ,80914,53418,66.02
20,2412,UNITDSPR,EQ,548233,355997,64.94
20,2413,UNITEDTEA,EQ,3453,2248,65.10
20,2414,UNIVASTU,EQ,27726,17393,62.73
20,2415,UNIVCABLES,EQ,16556,4128,24.93
20,2416,UNIVPHOTO,EQ,19089,5398,28.28
20,2417,UNOMINDA,EQ,1726665,337582,19.55
20,2418,UPL,EQ,3741207,1669127,44.61
20,2419,USASEEDS,SM,300,300,100.00
20,2420,USHAFIN,ST,28800,28000,97.22
20,2421,USHAMART,EQ,1180997,349653,29.61
20,2422,USK,EQ,398176,272460,68.43
20,2423,UTIAMC,EQ,266430,96212,36.11
20,2424,UTIBANKETF,EQ,709030,696109,98.18
20,2425,UTINEXT50,EQ,89272,46638,52.24
20,2426,UTINIFTETF,EQ,16510,14853,89.96
20,2427,UTISENSETF,EQ,1927,1137,59.00
20,2428,UTISXN50,EQ,3874,1836,47.39
20,2429,UTKARSHBNK,EQ,1693925,622780,36.77
20,2430,UTSSAV,ST,98400,97200,98.78
20,2431,UTTAMSUGAR,EQ,31923,13138,41.16
20,2432,UYFINCORP,EQ,141995,79103,55.71
20,2433,VADILALIND,EQ,7807,4518,57.87
20,2434,VAIBHAVGBL,EQ,480122,208998,43.53
20,2435,VAKRANGEE,EQ,7066343,2756878,39.01
20,2436,VAL30IETF,EQ,180086,41632,23.12
20,2437,VALIANTLAB,EQ,84184,19758,23.47
20,2438,VALIANTORG,EQ,88251,49549,56.15
20,2439,VARDHACRLC,EQ,20569,12430,60.43
20,2440,VARROC,EQ,202920,58307,28.73
20,2441,VASCONEQ,EQ,491762,187299,38.09
20,2442,VBL,EQ,6805711,3321696,48.81
20,2443,VDEAL,SM,12000,8400,70.00
20,2444,VEDL,EQ,7028180,3084874,43.89
20,2445,VEEDOL,EQ,21979,10761,48.96
20,2446,VEEKAYEM,ST,3000,3000,100.00
20,2447,VELS,SM,4800,2400,50.00
20,2448,VENKEYS,EQ,29271,12011,41.03
20,2449,VENUSPIPES,EQ,266092,126700,47.62
20,2450,VENUSREM,EQ,42194,20290,48.09
20,2451,VERANDA,EQ,52939,33534,63.34
20,2452,VERITAAS,SM,1200,1200,100.00
20,2453,VERTEXPLUS,SM,1200,1200,100.00
20,2454,VERTOZ,EQ,1275816,724337,56.77
20,2455,VESUVIUS,EQ,13311,6194,46.53
20,2456,VGUARD,EQ,152076,67707,44.52
20,2457,VHL,EQ,12051,4625,38.38
20,2458,VIAZ,SM,8000,8000,100.00
20,2459,VIDHIING,EQ,34283,23096,67.37
20,2460,VIESL,SM,106400,67200,63.16
20,2461,VIJAYA,EQ,268333,103196,38.46
20,2462,VIKASECO,EQ,2749959,1284063,46.69
20,2463,VIKASLIFE,EQ,6511565,3540997,54.38
20,2464,VILAS,ST,2500,2500,100.00
20,2465,VILINBIO,SM,4000,4000,100.00
20,2466,VIMTALABS,EQ,125842,70030,55.65
20,2467,VINATIORGA,EQ,23871,10074,42.20
20,2468,VINCOFE,EQ,193918,88201,45.48
20,2469,VINDHYATEL,EQ,9258,4330,46.77
20,2470,VINEETLAB,EQ,59382,25426,42.82
20,2471,VINSYS,SM,135000,95000,70.37
20,2472,VINYAS,ST,3000,2800,93.33
20,2473,VINYLINDIA,EQ,12632,6873,54.41
20,2474,VIPIND,EQ,433413,265746,61.31
20,2475,VIRINCHI,EQ,164707,91044,55.28
20,2476,VISAKAIND,EQ,102718,45390,44.19
20,2477,VISAMAN,SM,9000,9000,100.00
20,2478,VISHNU,EQ,177380,86216,48.61
20,2479,VISHNUINFR,ST,4000,4000,100.00
20,2480,VISHWARAJ,EQ,881457,370920,42.08
20,2481,VISHWAS,SM,6400,6400,100.00
20,2482,VITAL,SM,6000,4800,80.00
20,2483,VIVIANA,ST,3250,3250,100.00
20,2484,VIVIDHA,EQ,797076,583422,73.20
20,2485,VLINFRA,ST,6000,6000,100.00
20,2486,VLSFINANCE,EQ,189247,87114,46.03
20,2487,VMARCIND,ST,1250,1250,100.00
20,2488,VMART,EQ,18203,8002,43.96
20,2489,VOLTAMP,EQ,84823,46859,55.24
20,2490,VOLTAS,EQ,1787679,1117879,62.53
20,2491,VPRPL,EQ,1023944,223506,21.83
20,2492,VR,ST,2400,2400,100.00
20,2493,VRAJ,EQ,66120,25889,39.15
20,2494,VRLLOG,EQ,560429,172225,30.73
20,2495,VSSL,EQ,140912,76648,54.39
20,2496,VSTIND,EQ,191017,78262,40.97
20,2497,VSTL,EQ,138701,42884,30.92
20,2498,VSTTILLERS,EQ,2796,1471,52.61
20,2499,VTL,EQ,145107,68578,47.26
20,2500,WAAREEENER,EQ,1428158,364367,25.51
20,2501,WABAG,EQ,272232,107569,39.51
20,2502,WALCHANNAG,EQ,398975,170227,42.67
20,2503,WALPAR,SM,10000,10000,100.00
20,2504,WCIL,EQ,302513,130620,43.18
20,2505,WEALTH,EQ,11062,6428,58.11
20,2506,WEBELSOLAR,EQ,80545,80541,100.00
20,2507,WEIZMANIND,EQ,4733,2613,55.21
20,2508,WEL,EQ,303309,144651,47.69
20,2509,WELCORP,EQ,623248,302081,48.47
20,2510,WELENT,EQ,190029,85687,45.09
20,2511,WELINV,EQ,657,402,61.19
20,2512,WELSPUNLIV,EQ,1475606,534780,36.24
20,2513,WENDT,EQ,243,124,51.03
20,2514,WESTLIFE,EQ,632545,392390,62.03
20,2515,WEWIN,EQ,7604,5621,73.92
20,2516,WHEELS,EQ,18063,11384,63.02
20,2517,WHIRLPOOL,EQ,168047,65374,38.90
20,2518,WILLAMAGOR,EQ,32448,12073,37.21
20,2519,WINDLAS,EQ,50965,32397,63.57
20,2520,WINDMACHIN,EQ,1201804,361358,30.07
20,2521,WINNY,SM,2000,1500,75.00
20,2522,WINSOL,SM,168000,79200,47.14
20,2523,WIPL,EQ,1131,971,85.85
20,2524,WIPRO,EQ,4891760,2538670,51.90
20,2525,WOCKPHARMA,EQ,482211,306316,63.52
20,2526,WOL3D,SM,23000,19000,82.61
20,2527,WOMANCART,ST,18000,18000,100.00
20,2528,WONDERLA,EQ,49145,25327,51.54
20,2529,WORTH,EQ,34836,6125,17.58
20,2530,WSI,EQ,188192,114824,61.01
20,2531,WSTCSTPAPR,EQ,237263,78402,33.04
20,2532,WTICAB,SM,39500,27500,69.62
20,2533,XCHANGING,EQ,102466,43109,42.07
20,2534,XPROINDIA,EQ,19529,10404,53.27
20,2535,XTGLOBAL,EQ,112092,30573,27.27
20,2536,YAARI,EQ,537161,362650,67.51
20,2537,YASHO,EQ,22922,12430,54.23
20,2538,YASHOPTICS,SM,30400,24000,78.95
20,2539,YATHARTH,EQ,328912,129648,39.42
20,2540,YATRA,EQ,145978,64666,44.30
20,2541,YCCL,SM,6000,6000,100.00
20,2542,YESBANK,EQ,67917020,22228286,32.73
20,2543,YUDIZ,ST,28000,27200,97.14
20,2544,YUKEN,EQ,9865,6820,69.13
20,2545,ZEAL,SM,14400,7200,50.00
20,2546,ZEEL,EQ,4648289,1634998,35.17
20,2547,ZEELEARN,EQ,1109090,528811,47.68
20,2548,ZENITHDRUG,ST,28800,28000,97.22
20,2549,ZENSARTECH,EQ,320758,141508,44.12
20,2550,ZENTEC,EQ,367481,153310,41.72
20,2551,ZFCVINDIA,EQ,10179,4498,44.19
20,2552,ZIMLAB,EQ,149653,72309,48.32
20,2553,ZODIACLOTH,EQ,16490,8861,53.74
20,2554,ZOMATO,EQ,84971093,31739129,37.35
20,2555,ZOTA,EQ,8900,6546,73.55
20,2556,ZTECH,ST,107100,98100,91.60
20,2557,ZUARI,EQ,224435,102971,45.88
20,2558,ZUARIIND,EQ,75411,43442,57.61
20,2559,ZYDUSLIFE,EQ,840848,341161,40.57
20,2560,ZYDUSWELL,EQ,55639,22095,39.71
