Security Wise Delivery Position - Compulsory Rolling Settlement
10,MTO,08112024,1070582016,0002540
Trade Date <08-NOV-2024>,Settlement Type <N>
Record Type,Sr No,Name of Security,Quantity Traded,Deliverable Quantity(gross across client level),% of Deliverable Quantity to Traded Quantity
20,1,0SCL26,YR,91,60,65.93
20,2,1003ICCL28,NX,48,48,100.00
20,3,1003ISFL28,N4,50,50,100.00
20,4,1015ECL29,NR,111,110,99.10
20,5,1018GS2026,GS,4904,4901,99.94
20,6,1025NFL25,N5,3,3,100.00
20,7,1025SCL34,Z8,25,25,100.00
20,8,1025SCL34A,ZT,3,3,100.00
20,9,1025UCL25,N8,30,27,90.00
20,10,1040UCL27B,N1,24,24,100.00
20,11,1050ISFL28,N5,60,60,100.00
20,12,1050NFL26,N7,450,313,69.56
20,13,1050UCL25,N7,1615,1170,72.45
20,14,1060ECL29,NS,100,100,100.00
20,15,1065NFL27,NC,139,139,100.00
20,16,1075NFL25,N6,11,11,100.00
20,17,1075SCL33A,N2,100,100,100.00
20,18,10CAGL27,N5,50,50,100.00
20,19,10IIFL28,N4,320,320,100.00
20,20,10IIFL28A,NE,605,605,100.00
20,21,10NFL25,N9,20,20,100.00
20,22,10NIDO26,N6,100,100,100.00
20,23,10SCL30A,BV,100,100,100.00
20,24,1119NFL27,ND,61,50,81.97
20,25,11UCL26,NC,52,42,80.77
20,26,182D230125,TB,200,200,100.00
20,27,182D270225,TB,600,600,100.00
20,28,360ONE,EQ,359739,214349,59.58
20,29,364D090125,TB,1500,1000,66.67
20,30,364D231025,TB,40000,40000,100.00
20,31,364D261224,TB,200,200,100.00
20,32,364D300125,TB,100,100,100.00
20,33,3IINFOLTD,EQ,295285,146177,49.50
20,34,3MINDIA,EQ,2551,432,16.93
20,35,3RDROCK,IT,5200,5200,100.00
20,36,515GS2025,GS,193,100,51.81
20,37,574GS2026,GS,1,1,100.00
20,38,5PAISA,EQ,43738,21018,48.05
20,39,63MOONS,EQ,228448,114377,50.07
20,40,654GS2032,GS,9058,7058,77.92
20,41,667GS2050,GS,129,129,100.00
20,42,679GS2034,GS,100,100,100.00
20,43,689GS2025,GS,100,100,100.00
20,44,695GS2061,GS,100,100,100.00
20,45,697GR2034,GS,400,400,100.00
20,46,699GS2026,GS,3640,3640,100.00
20,47,702GS2027,GS,2301,2300,99.96
20,48,704GS2029,GS,3000,3000,100.00
20,49,706GS2028,GS,22501,22501,100.00
20,50,709GS2054,GS,3435,3435,100.00
20,51,710GS2029,GS,20250,18850,93.09
20,52,714NHAI26,N7,1944,1944,100.00
20,53,716GS2050,GS,8760,8650,98.74
20,54,717GS2030,GS,2803,2800,99.89
20,55,718GS2033,GS,36205,36200,99.99
20,56,718GS2037,GS,8911,8200,92.02
20,57,71GS2034,GS,50,50,100.00
20,58,725GS2063,GS,14360,14359,99.99
20,59,726GS2032,GS,15271,14771,96.73
20,60,732GS2030,GS,103,100,97.09
20,61,732IRFC25,NI,105,105,100.00
20,62,733GS2026,GS,2600,2600,100.00
20,63,734GS2064,GS,656,655,99.85
20,64,736GS2052,GS,589,589,100.00
20,65,736PFCL28,N2,2,1,50.00
20,66,737GS2028,GS,5098,5098,100.00
20,67,738GS2027,GS,54138,53956,99.66
20,68,739NHAI26,N8,200,200,100.00
20,69,73GS2053,GS,5494,5494,100.00
20,70,741GS2036,GS,2200,2200,100.00
20,71,746GS2073,GS,16147,15756,97.58
20,72,74GS2062,GS,21,21,100.00
20,73,753IRFC30,NJ,2,1,50.00
20,74,754GS2036,GS,258725,238925,92.35
20,75,757GS2033,GS,102,102,100.00
20,76,758GJ32,SG,200,200,100.00
20,77,760PFCL35,N3,100,100,100.00
20,78,762GS2039,GS,1000,1000,100.00
20,79,762KL44,SG,100,100,100.00
20,80,762NTPC35F,ND,87,87,100.00
20,81,764HUDCO31,N8,899,899,100.00
20,82,764IRFC31,NO,1465,1360,92.83
20,83,764NABAR31,N2,214,209,97.66
20,84,769HUDCO31,N9,6,5,83.33
20,85,769NHAI31,NE,600,500,83.33
20,86,76NHAI31,NA,1259,1000,79.43
20,87,772GS2055,GS,2350,2350,100.00
20,88,774IREDA31,N7,1168,758,64.90
20,89,79NHIT35,N1,847,762,89.96
20,90,79NHIT47,N3,308,308,100.00
20,91,801TCH25,N4,3,2,66.67
20,92,824GS2027,GS,4145,3145,75.87
20,93,826GS2027,GS,3703,3703,100.00
20,94,828GS2027,GS,5964,5964,100.00
20,95,828GS2032,GS,901,901,100.00
20,96,829LTF24,NL,16,16,100.00
20,97,82HUDCO27,N2,8242,5050,61.27
20,98,82IGT31,NJ,500,500,100.00
20,99,830NHAI27,N2,5693,4736,83.19
20,100,830PFCL27,N5,5993,5993,100.00
20,101,835IFL25,NV,88,88,100.00
20,102,835SCL23B,YM,3,2,66.67
20,103,83TCHF25,N6,1,1,100.00
20,104,842IIFL26,NL,970,970,100.00
20,105,843IHFL29,NC,77,77,100.00
20,106,849NTPC25,N7,15975,13141,82.26
20,107,85IIFL25,NO,50,50,100.00
20,108,863IRFC29,NC,3128,3000,95.91
20,109,865IFL28,NZ,1674,1674,100.00
20,110,865IIFL28,NS,20,20,100.00
20,111,865IRFC29,NA,1,1,100.00
20,112,865LTF26,NN,159,100,62.89
20,113,865TCAPS27,N8,63,63,100.00
20,114,866IIFC34B,N3,30,30,100.00
20,115,872MMFSL26,N1,1677,1138,67.86
20,116,873NTPC28,N5,403,403,100.00
20,117,875NHAI29,N6,544,362,66.54
20,118,875PCHFL26,N8,125,125,100.00
20,119,876HUDCO28,ND,609,544,89.33
20,120,87LTF27,NH,123,118,95.93
20,121,880IREDA34,N6,26,26,100.00
20,122,888ERFL28,N5,185,185,100.00
20,123,888IHFL25F,NC,16,16,100.00
20,124,888IRFC29,NE,3723,85,2.28
20,125,891IIFCL34,N4,1004,1002,99.80
20,126,891NTPC33,N6,1019,1000,98.14
20,127,892NHPC33,N6,205,205,100.00
20,128,892PFCL33,N8,3491,2842,81.41
20,129,897MOFSL29,N4,1687,1687,100.00
20,130,898LTF29,N7,70,65,92.86
20,131,901NHB34,N6,1,1,100.00
20,132,903SFL28,YI,205,205,100.00
20,133,915SCL27,Z7,5,5,100.00
20,134,920PEL28,N2,585,585,100.00
20,135,925AEL26,N1,1,1,100.00
20,136,925CAGL26,N9,10,10,100.00
20,137,925ERFL28,N6,100,100,100.00
20,138,92GS2030,GS,1012,1012,100.00
20,139,935LTF29,N5,110,110,100.00
20,140,935MOFSL29,N5,1000,1000,100.00
20,141,935PEL33,N3,100,100,100.00
20,142,93MOFSL34,N6,10,10,100.00
20,143,945IFSL25,N4,30,25,83.33
20,144,948ICCL25A,NG,15,15,100.00
20,145,948SCL26,N9,50,50,100.00
20,146,948SCL26A,NN,24,24,100.00
20,147,94SFL28,YL,150,150,100.00
20,148,956AEL29,N6,47,47,100.00
20,149,957NIDO26,N5,28,14,50.00
20,150,960ISFL25,N1,10,10,100.00
20,151,965SCFL25,AB,10,10,100.00
20,152,965SCL25B,Y1,30,30,100.00
20,153,965SCL25C,N0,85,85,100.00
20,154,96IIFL28,N5,828,649,78.38
20,155,96IIFL28A,NF,182,172,94.51
20,156,96SFL24A,NB,25,25,100.00
20,157,970CAGL28,ND,815,765,93.87
20,158,971SCL28,AN,20,20,100.00
20,159,975NFL25,N0,210,210,100.00
20,160,97MOFSL34,N7,1000,1000,100.00
20,161,97SFL28,YS,50,50,100.00
20,162,97SFL29,YZ,52,51,98.08
20,163,985IIFL22,NC,468,468,100.00
20,164,990SCL26,N7,206,206,100.00
20,165,990SCL26A,NL,50,50,100.00
20,166,99AEL29,N7,651,651,100.00
20,167,99IFCI24,NH,2143,2098,97.90
20,168,9ICCL23A,N0,114,114,100.00
20,169,9MMFSML,N2,165,165,100.00
20,170,9PCHFL31A,NA,162,162,100.00
20,171,9SCL26BA,NA,25,25,100.00
20,172,A2ZINFRA,EQ,1454714,906500,62.31
20,173,AAATECH,EQ,12498,6805,54.45
20,174,AADHARHFC,EQ,769062,279449,36.34
20,175,AAKASH,EQ,127528,67020,52.55
20,176,AARON,EQ,6089,3420,56.17
20,177,AARTECH,EQ,26864,16135,60.06
20,178,AARTIDRUGS,EQ,81615,41639,51.02
20,179,AARTIIND,EQ,8788529,4130160,46.99
20,180,AARTIPHARM,EQ,133915,61335,45.80
20,181,AARVI,EQ,6256,2838,45.36
20,182,AATMAJ,SM,80000,48000,60.00
20,183,AAVAS,EQ,282233,178830,63.36
20,184,ABAN,EQ,276419,84260,30.48
20,185,ABB,EQ,565723,255864,45.23
20,186,ABBOTINDIA,EQ,15470,4844,31.31
20,187,ABCAPITAL,EQ,3686605,1588570,43.09
20,188,ABCOTS,ST,1000,1000,100.00
20,189,ABDL,EQ,414210,192441,46.46
20,190,ABFRL,EQ,11617622,4704484,40.49
20,191,ABGSEC,EQ,10,10,100.00
20,192,ABREL,EQ,63261,22186,35.07
20,193,ABSLAMC,EQ,192532,79753,41.42
20,194,ABSLBANETF,EQ,14196,10708,75.43
20,195,ABSLLIQUID,EQ,97226,96572,99.33
20,196,ABSLNN50ET,EQ,48813,42656,87.39
20,197,ABSLPSE,EQ,221979,145128,65.38
20,198,ABSMARINE,SM,60500,44500,73.55
20,199,ACC,EQ,120812,49138,40.67
20,200,ACCELYA,EQ,4570,2334,51.07
20,201,ACCENTMIC,SM,16000,13500,84.38
20,202,ACCORD,SM,2000,2000,100.00
20,203,ACCURACY,EQ,228002,176834,77.56
20,204,ACE,EQ,630408,140885,22.35
20,205,ACEINTEG,EQ,39366,15922,40.45
20,206,ACI,EQ,198520,74546,37.55
20,207,ACL,EQ,10661,7157,67.13
20,208,ACLGATI,EQ,400887,164964,41.15
20,209,ACSAL,ST,18000,18000,100.00
20,210,ADANIENSOL,EQ,2473648,923013,37.31
20,211,ADANIENT,EQ,835641,327370,39.18
20,212,ADANIGREEN,EQ,546531,244136,44.67
20,213,ADANIPORTS,EQ,1400491,510074,36.42
20,214,ADANIPOWER,EQ,1193506,503226,42.16
20,215,ADFFOODS,EQ,212691,81676,38.40
20,216,ADORWELD,EQ,10179,4944,48.57
20,217,ADROITINFO,EQ,2416462,708869,29.33
20,218,ADROITPP1,E1,358017,269559,75.29
20,219,ADSL,EQ,439295,209040,47.59
20,220,ADVANIHOTR,EQ,84832,29201,34.42
20,221,ADVENZYMES,EQ,91090,37545,41.22
20,222,AEGISLOG,EQ,131691,56051,42.56
20,223,AEROFLEX,EQ,1208816,535506,44.30
20,224,AERON,SM,101000,62000,61.39
20,225,AESTHETIK,SM,30000,24000,80.00
20,226,AETHER,EQ,26927,13563,50.37
20,227,AFCONS,EQ,10571869,3419332,32.34
20,228,AFFLE,EQ,182710,89877,49.19
20,229,AFFORDABLE,EQ,14659,10030,68.42
20,230,AFIL,EQ,104834,90510,86.34
20,231,AGARIND,EQ,13665,7032,51.46
20,232,AGARWALFT,SM,34500,24000,69.57
20,233,AGI,EQ,653517,218078,33.37
20,234,AGIIL,EQ,80785,56801,70.31
20,235,AGNI,SM,10000,10000,100.00
20,236,AGRITECH,EQ,5472,3783,69.13
20,237,AGROPHOS,EQ,78556,31004,39.47
20,238,AGSTRA,EQ,322434,158242,49.08
20,239,AGUL,SM,6000,4000,66.67
20,240,AHIMSA,ST,3000,3000,100.00
20,241,AHL,EQ,64446,26472,41.08
20,242,AHLADA,EQ,34367,22024,64.08
20,243,AHLEAST,EQ,12819,8683,67.74
20,244,AHLUCONT,EQ,33106,19285,58.25
20,245,AIAENG,EQ,68448,38805,56.69
20,246,AIIL,EQ,60448,28513,47.17
20,247,AILIMITED,ST,6000,6000,100.00
20,248,AIMTRON,ST,288800,276800,95.84
20,249,AIROLAM,EQ,7874,6004,76.25
20,250,AIRTELPP,E1,15534,8222,52.93
20,251,AJANTPHARM,EQ,155027,88323,56.97
20,252,AJMERA,EQ,92010,33366,36.26
20,253,AKANKSHA,SM,31000,12000,38.71
20,254,AKASH,EQ,10892,7389,67.84
20,255,AKG,EQ,17682,11093,62.74
20,256,AKI,EQ,13732,8813,64.18
20,257,AKIKO,SM,16000,14400,90.00
20,258,AKSHARCHEM,EQ,2798,1827,65.30
20,259,AKSHOPTFBR,EQ,6021999,3112824,51.69
20,260,AKUMS,EQ,91897,53207,57.90
20,261,AKZOINDIA,EQ,12939,5518,42.65
20,262,ALANKIT,EQ,889706,402154,45.20
20,263,ALEMBICLTD,EQ,583009,235061,40.32
20,264,ALICON,EQ,10072,4119,40.90
20,265,ALKALI,EQ,26008,14108,54.24
20,266,ALKEM,EQ,258565,169398,65.51
20,267,ALKYLAMINE,EQ,52400,25538,48.74
20,268,ALLCARGO,EQ,3953672,761341,19.26
20,269,ALLDIGI,EQ,57459,43713,76.08
20,270,ALLETEC,SM,226000,117600,52.04
20,271,ALOKINDS,EQ,5138621,2091020,40.69
20,272,ALPEXSOLAR,SM,98400,55400,56.30
20,273,ALPHA,EQ,1224495,919941,75.13
20,274,ALPHAETF,EQ,1160673,1026171,88.41
20,275,ALPHAGEO,EQ,8593,6378,74.22
20,276,ALPL30IETF,EQ,5567397,5264625,94.56
20,277,ALUWIND,ST,21000,19500,92.86
20,278,AMBANIORGO,SM,5000,5000,100.00
20,279,AMBER,EQ,297211,104296,35.09
20,280,AMBEY,SM,10000,8000,80.00
20,281,AMBICAAGAR,EQ,41620,5845,14.04
20,282,AMBIKCO,EQ,18590,7823,42.08
20,283,AMBUJACEM,EQ,901220,436492,48.43
20,284,AMDIND,EQ,8337,4070,48.82
20,285,AMEYA,ST,2000,2000,100.00
20,286,AMIORG,EQ,159505,63532,39.83
20,287,AMJLAND,EQ,25348,18815,74.23
20,288,AMNPLST,EQ,3827,2051,53.59
20,289,AMRUTANJAN,EQ,20123,11627,57.78
20,290,ANANDRATHI,EQ,22959,13692,59.64
20,291,ANANTRAJ,EQ,434158,211957,48.82
20,292,ANDHRAPAP,EQ,153193,91887,59.98
20,293,ANDHRSUGAR,EQ,130597,49368,37.80
20,294,ANGELONE,EQ,1508988,277932,18.42
20,295,ANLON,SM,4000,3600,90.00
20,296,ANMOL,EQ,126868,53082,41.84
20,297,ANNAPURNA,SM,43500,24500,56.32
20,298,ANUP,EQ,125272,38335,30.60
20,299,ANURAS,EQ,113024,27007,23.89
20,300,APARINDS,EQ,78747,38435,48.81
20,301,APCL,EQ,3477,2095,60.25
20,302,APCOTEXIND,EQ,13581,7526,55.42
20,303,APEX,EQ,55354,26448,47.78
20,304,APLAPOLLO,EQ,243560,119055,48.88
20,305,APLLTD,EQ,154255,62137,40.28
20,306,APOLLO,EQ,891226,407563,45.73
20,307,APOLLOHOSP,EQ,1032481,479825,46.47
20,308,APOLLOPIPE,EQ,13881,6273,45.19
20,309,APOLLOTYRE,EQ,701717,158910,22.65
20,310,APOLSINHOT,EQ,3924,1651,42.07
20,311,APRAMEYA,SM,50000,48000,96.00
20,312,APS,ST,36750,33250,90.48
20,313,APTECHT,EQ,126819,59052,46.56
20,314,APTUS,EQ,325365,141507,43.49
20,315,ARABIAN,SM,8000,6000,75.00
20,316,ARCHIDPLY,EQ,29614,27157,91.70
20,317,ARE&M,EQ,398200,145351,36.50
20,318,ARHAM,SM,30000,26000,86.67
20,319,ARIES,EQ,54644,24986,45.73
20,320,ARIHANTACA,ST,5600,4000,71.43
20,321,ARIHANTCAP,EQ,912072,435458,47.74
20,322,ARIHANTSUP,EQ,39096,20699,52.94
20,323,ARISTO,SM,6400,4800,75.00
20,324,ARKADE,EQ,521938,148921,28.53
20,325,ARMANFIN,EQ,19838,9698,48.89
20,326,AROGRANITE,EQ,6638,4629,69.73
20,327,ARROWGREEN,EQ,166744,90115,54.04
20,328,ARTEMISMED,EQ,160215,55741,34.79
20,329,ARVEE,EQ,555,358,64.50
20,330,ARVIND,EQ,251147,126138,50.22
20,331,ARVINDFASN,EQ,492703,371164,75.33
20,332,ARVSMART,EQ,35825,16073,44.87
20,333,ASAHIINDIA,EQ,78348,21753,27.76
20,334,ASAL,EQ,11438,6432,56.23
20,335,ASALCBR,EQ,38472,22272,57.89
20,336,ASHALOG,ST,14000,13000,92.86
20,337,ASHAPURMIN,EQ,170993,103649,60.62
20,338,ASHIANA,EQ,58510,29756,50.86
20,339,ASHOKA,EQ,707437,218455,30.88
20,340,ASHOKLEY,EQ,21020914,3690700,17.56
20,341,ASIANENE,EQ,99058,65138,65.76
20,342,ASIANHOTNR,EQ,7914,4333,54.75
20,343,ASIANPAINT,EQ,2060486,1214532,58.94
20,344,ASIANTILES,EQ,546859,268308,49.06
20,345,ASKAUTOLTD,EQ,278858,137048,49.15
20,346,ASLIND,SM,6000,6000,100.00
20,347,ASMS,EQ,535607,306204,57.17
20,348,ASPINWALL,EQ,2421,1828,75.51
20,349,ASPIRE,SM,4000,4000,100.00
20,350,ASTEC,EQ,38548,27598,71.59
20,351,ASTERDM,EQ,532515,296407,55.66
20,352,ASTRAL,EQ,969790,458054,47.23
20,353,ASTRAMICRO,EQ,134073,68109,50.80
20,354,ASTRAZEN,EQ,11758,2830,24.07
20,355,ASTRON,EQ,55240,41791,75.65
20,356,ATAM,EQ,147913,92330,62.42
20,357,ATFL,EQ,79556,43189,54.29
20,358,ATGL,EQ,269748,99052,36.72
20,359,ATL,EQ,220739,117106,53.05
20,360,ATMASTCO,ST,15600,15600,100.00
20,361,ATUL,EQ,35373,14684,41.51
20,362,ATULAUTO,EQ,46831,28271,60.37
20,363,AUBANK,EQ,2487002,1296718,52.14
20,364,AURDIS,SM,3125,3125,100.00
20,365,AURIONPRO,EQ,40934,25485,62.26
20,366,AUROIMPEX,SM,16000,11200,70.00
20,367,AUROPHARMA,EQ,2540891,1821791,71.70
20,368,AURUMPP1,X1,41065,37911,92.32
20,369,AUSL,SM,4000,4000,100.00
20,370,AUSOMENT,EQ,14842,7840,52.82
20,371,AUTOAXLES,EQ,6374,4866,76.34
20,372,AUTOBEES,EQ,134155,72586,54.11
20,373,AUTOIETF,EQ,349396,153101,43.82
20,374,AUTOIND,EQ,81101,34909,43.04
20,375,AVADHSUGAR,EQ,60119,23488,39.07
20,376,AVALON,EQ,8895679,1151777,12.95
20,377,AVANTEL,EQ,573229,244906,42.72
20,378,AVANTIFEED,EQ,148790,60552,40.70
20,379,AVG,EQ,38261,19410,50.73
20,380,AVIANSH,SM,8000,8000,100.00
20,381,AVL,EQ,72913,37571,51.53
20,382,AVPINFRA,ST,20000,20000,100.00
20,383,AVSL,ST,1000,1000,100.00
20,384,AVTNPL,EQ,63504,32376,50.98
20,385,AWFIS,EQ,244581,109216,44.65
20,386,AWHCL,EQ,153955,62305,40.47
20,387,AWL,EQ,954831,458296,48.00
20,388,AXISBANK,EQ,3786168,2372717,62.67
20,389,AXISBNKETF,EQ,1017,986,96.95
20,390,AXISBPSETF,EQ,9947,6931,69.68
20,391,AXISCADES,EQ,53352,23364,43.79
20,392,AXISCETF,EQ,2651,1933,72.92
20,393,AXISGOLD,EQ,148211,102783,69.35
20,394,AXISHCETF,EQ,2775,2135,76.94
20,395,AXISILVER,EQ,64964,28764,44.28
20,396,AXISNIFTY,EQ,3023,2706,89.51
20,397,AXISTECETF,EQ,2238,1992,89.01
20,398,AXITA,EQ,2416638,1233885,51.06
20,399,AXSENSEX,EQ,1368,1347,98.46
20,400,AZAD,EQ,144306,41327,28.64
20,401,BABAFP,SM,8000,6400,80.00
20,402,BAGFILMS,EQ,281923,153649,54.50
20,403,BAHETI,ST,7125,6375,89.47
20,404,BAJAJ-AUTO,EQ,273163,112825,41.30
20,405,BAJAJCON,EQ,131405,59973,45.64
20,406,BAJAJELEC,EQ,282812,122064,43.16
20,407,BAJAJFINSV,EQ,869560,382031,43.93
20,408,BAJAJHCARE,EQ,113842,65961,57.94
20,409,BAJAJHFL,EQ,6783776,3256886,48.01
20,410,BAJAJHIND,EQ,14592813,2997652,20.54
20,411,BAJAJHLDNG,EQ,29146,18229,62.54
20,412,BAJEL,EQ,187578,99781,53.19
20,413,BAJFINANCE,EQ,424840,164992,38.84
20,414,BALAJEE,EQ,107582,54006,50.20
20,415,BALAMINES,EQ,31125,14976,48.12
20,416,BALAXI,EQ,35172,7976,22.68
20,417,BALCO,ST,6000,6000,100.00
20,418,BALKRISHNA,EQ,39981,26231,65.61
20,419,BALKRISIND,EQ,87623,44514,50.80
20,420,BALMLAWRIE,EQ,136069,70492,51.81
20,421,BALRAMCHIN,EQ,1217407,317229,26.06
20,422,BALUFORGE,EQ,473790,227407,48.00
20,423,BANARBEADS,EQ,98523,43167,43.81
20,424,BANARISUG,EQ,1975,1015,51.39
20,425,BANCOINDIA,EQ,52481,22748,43.35
20,426,BANDHANBNK,EQ,7092881,3244007,45.74
20,427,BANG,EQ,8286,5054,60.99
20,428,BANKA,EQ,12437,7601,61.12
20,429,BANKBARODA,EQ,13569792,5268758,38.83
20,430,BANKBEES,EQ,387301,207441,53.56
20,431,BANKBETF,EQ,5585,5243,93.88
20,432,BANKETF,EQ,3719,3314,89.11
20,433,BANKETFADD,EQ,1192,1099,92.20
20,434,BANKIETF,EQ,138998,65174,46.89
20,435,BANKINDIA,EQ,3799518,1297823,34.16
20,436,BANKNIFTY1,EQ,31666,29325,92.61
20,437,BANKPSU,EQ,5019,2766,55.11
20,438,BANSALWIRE,EQ,97785,47751,48.83
20,439,BANSWRAS,EQ,18888,10871,57.56
20,440,BARBEQUE,EQ,56612,31063,54.87
20,441,BASF,EQ,15148,5111,33.74
20,442,BASILIC,SM,75900,56100,73.91
20,443,BATAINDIA,EQ,98355,27143,27.60
20,444,BAWEJA,SM,11200,6400,57.14
20,445,BAYERCROP,EQ,8724,2853,32.70
20,446,BBETF0432,EQ,2489,2389,95.98
20,447,BBL,EQ,228525,122107,53.43
20,448,BBNPNBETF,EQ,112,109,97.32
20,449,BBNPPGOLD,EQ,63,55,87.30
20,450,BBOX,EQ,303254,172142,56.76
20,451,BBTC,EQ,58206,19816,34.04
20,452,BBTCL,EQ,2464,1497,60.75
20,453,BCLIND,EQ,1351665,616104,45.58
20,454,BCONCEPTS,EQ,8303,5235,63.05
20,455,BDL,EQ,335812,189294,56.37
20,456,BEACON,SM,15000,12000,80.00
20,457,BEARDSELL,EQ,67330,37582,55.82
20,458,BECTORFOOD,EQ,56059,17689,31.55
20,459,BEDMUTHA,EQ,13584,7128,52.47
20,460,BEL,EQ,22935845,8079685,35.23
20,461,BEML,EQ,505314,125901,24.92
20,462,BEPL,EQ,1075576,492964,45.83
20,463,BERGEPAINT,EQ,730157,257340,35.24
20,464,BESTAGRO,EQ,132309,72517,54.81
20,465,BETA,SM,14400,11300,78.47
20,466,BEWLTD,SM,214500,140000,65.27
20,467,BFINVEST,EQ,585976,124246,21.20
20,468,BFSI,EQ,373135,279162,74.82
20,469,BGRENERGY,EQ,95776,63158,65.94
20,470,BHAGCHEM,EQ,82084,66199,80.65
20,471,BHAGYANGR,EQ,50280,28561,56.80
20,472,BHANDARI,EQ,365078,228633,62.63
20,473,BHARATFORG,EQ,811080,502945,62.01
20,474,BHARATGEAR,EQ,10507,5229,49.77
20,475,BHARATRAS,EQ,2916,2030,69.62
20,476,BHARATWIRE,EQ,86586,42148,48.68
20,477,BHARTIARTL,EQ,3096384,2188637,70.68
20,478,BHARTIHEXA,EQ,170296,86029,50.52
20,479,BHEL,EQ,9480514,1675697,17.68
20,480,BHINVIT,IV,131345,125068,95.22
20,481,BIGBLOC,EQ,239285,111060,46.41
20,482,BIKAJI,EQ,144733,66678,46.07
20,483,BIKEWO,SM,20000,14000,70.00
20,484,BIOCON,EQ,3218359,1287569,40.01
20,485,BIOFILCHEM,EQ,40096,24661,61.50
20,486,BIRDYS,SM,18000,18000,100.00
20,487,BIRET,RR,397964,380037,95.50
20,488,BIRLACABLE,EQ,41035,19877,48.44
20,489,BIRLACORPN,EQ,49403,24369,49.33
20,490,BLAL,EQ,57627,29912,51.91
20,491,BLBLIMITED,EQ,102446,26830,26.19
20,492,BLISSGVS,EQ,395711,162621,41.10
20,493,BLKASHYAP,EQ,468855,284967,60.78
20,494,BLS,EQ,2704555,1301043,48.11
20,495,BLSE,EQ,182808,61646,33.72
20,496,BLUEDART,EQ,6617,1775,26.82
20,497,BLUEJET,EQ,249810,72716,29.11
20,498,BLUEPEBBLE,SM,45600,31600,69.30
20,499,BLUESTARCO,EQ,523985,155233,29.63
20,500,BMETRICS,SM,22400,17600,78.57
20,501,BODALCHEM,EQ,246345,126592,51.39
20,502,BOMDYEING,EQ,1447443,530325,36.64
20,503,BOROLTD,EQ,439304,125698,28.61
20,504,BORORENEW,EQ,531785,144365,27.15
20,505,BOROSCI,EQ,97555,46841,48.01
20,506,BOSCHLTD,EQ,14426,5131,35.57
20,507,BOSS,SM,38000,10000,26.32
20,508,BPCL,EQ,9304376,4240613,45.58
20,509,BPL,EQ,94309,49515,52.50
20,510,BRACEPORT,SM,64000,46400,72.50
20,511,BRIGADE,EQ,386048,163207,42.28
20,512,BRITANNIA,EQ,306281,142933,46.67
20,513,BRNL,EQ,35144,13305,37.86
20,514,BSE,EQ,3192229,693684,21.73
20,515,BSE500IETF,EQ,170634,66349,38.88
20,516,BSHSL,EQ,9933,6488,65.32
20,517,BSL,EQ,42885,25134,58.61
20,518,BSLGOLDETF,EQ,61034,19865,32.55
20,519,BSLNIFTY,EQ,160434,105040,65.47
20,520,BSLSENETFG,EQ,402,359,89.30
20,521,BSOFT,EQ,1455717,402258,27.63
20,522,BTML,EQ,70820,51710,73.02
20,523,BULKCORP,SM,4800,4800,100.00
20,524,BUTTERFLY,EQ,11957,5722,47.85
20,525,BVCL,EQ,33576,17319,51.58
20,526,BYKE,EQ,226420,121572,53.69
20,527,CADSYS,ST,4500,4500,100.00
20,528,CAGL25,N8,9,9,100.00
20,529,CAMLINFINE,EQ,457897,211762,46.25
20,530,CAMPUS,EQ,859037,378385,44.05
20,531,CAMS,EQ,315855,96549,30.57
20,532,CANARYS,SM,228000,148000,64.91
20,533,CANBK,EQ,19031613,8091111,42.51
20,534,CANFINHOME,EQ,200702,45426,22.63
20,535,CANTABIL,EQ,136917,71185,51.99
20,536,CAPACITE,EQ,492644,185361,37.63
20,537,CAPITALSFB,EQ,23739,17188,72.40
20,538,CAPLIPOINT,EQ,127535,43516,34.12
20,539,CARBORUNIV,EQ,81330,58475,71.90
20,540,CARERATING,EQ,75360,38056,50.50
20,541,CARTRADE,EQ,435369,159347,36.60
20,542,CARYSIL,EQ,129514,37466,28.93
20,543,CASTROLIND,EQ,1958614,734856,37.52
20,544,CBAZAAR,SM,72000,24000,33.33
20,545,CCHHL,EQ,241335,159031,65.90
20,546,CCL,EQ,161099,48669,30.21
20,547,CDSL,EQ,9470178,2082674,21.99
20,548,CEATLTD,EQ,81828,32010,39.12
20,549,CEIGALL,EQ,647953,438508,67.68
20,550,CELEBRITY,EQ,23956,18541,77.40
20,551,CELLECOR,ST,585000,501000,85.64
20,552,CELLO,EQ,48428,22540,46.54
20,553,CELLPOINT,SM,34800,13200,37.93
20,554,CENTENKA,EQ,184784,61249,33.15
20,555,CENTRALBK,EQ,3076243,882734,28.70
20,556,CENTRUM,EQ,436410,240433,55.09
20,557,CENTUM,EQ,12575,5492,43.67
20,558,CENTURYPLY,EQ,49074,27263,55.55
20,559,CERA,EQ,8064,4060,50.35
20,560,CESC,EQ,1425068,394808,27.70
20,561,CGCL,EQ,391994,176734,45.09
20,562,CGPOWER,EQ,1292110,782260,60.54
20,563,CGRAPHICS,SM,132800,108000,81.33
20,564,CHALET,EQ,326398,104209,31.93
20,565,CHAMBLFERT,EQ,4368692,1405018,32.16
20,566,CHAVDA,SM,47000,26000,55.32
20,567,CHEMBOND,EQ,9141,4427,48.43
20,568,CHEMCON,EQ,12575,8017,63.75
20,569,CHEMFAB,EQ,6188,3364,54.36
20,570,CHEMPLASTS,EQ,235056,80598,34.29
20,571,CHENNPETRO,EQ,1808208,690237,38.17
20,572,CHETANA,SM,108800,91200,83.82
20,573,CHEVIOT,EQ,8240,3184,38.64
20,574,CHOICEIN,EQ,1019833,573871,56.27
20,575,CHOLAFIN,EQ,989468,669715,67.68
20,576,CHOLAHLDNG,EQ,68492,26885,39.25
20,577,CIEINDIA,EQ,139716,70578,50.52
20,578,CIFC26,NK,50,50,100.00
20,579,CIGNITITEC,EQ,320354,248560,77.59
20,580,CINELINE,EQ,5687,3189,56.08
20,581,CINEVISTA,EQ,10253,6513,63.52
20,582,CIPLA,EQ,1718495,1189455,69.21
20,583,CLEAN,EQ,193317,121169,62.68
20,584,CLOUD,ST,16000,16000,100.00
20,585,CLSEL,EQ,343348,76974,22.42
20,586,CLSL,SM,4000,4000,100.00
20,587,CMMIPL,ST,9000,9000,100.00
20,588,CMNL,ST,9000,9000,100.00
20,589,CMRSL,SM,4800,2400,50.00
20,590,CMSINFO,EQ,302430,180544,59.70
20,591,COALINDIA,EQ,9934413,5541320,55.78
20,592,COASTCORP,EQ,30296,24809,81.89
20,593,COFORGE,EQ,536986,144973,27.00
20,594,COLPAL,EQ,482003,303867,63.04
20,595,COMMOIETF,EQ,61338,42833,69.83
20,596,COMPUSOFT,EQ,288341,134026,46.48
20,597,COMSYN,EQ,170340,72345,42.47
20,598,CONCOR,EQ,1154194,618325,53.57
20,599,CONCORDBIO,EQ,43172,21354,49.46
20,600,CONFIPET,EQ,416063,199900,48.05
20,601,CONS,EQ,5080,4593,90.41
20,602,CONSOFINVT,EQ,14128,8714,61.68
20,603,CONSUMBEES,EQ,70072,47647,68.00
20,604,CONSUMIETF,EQ,30358,15284,50.35
20,605,CONTI,ST,9999,9999,100.00
20,606,CONTROLPR,EQ,18700,9845,52.65
20,607,COOLCAPS,ST,10250,9500,92.68
20,608,CORDSCABLE,EQ,23753,13898,58.51
20,609,COROMANDEL,EQ,298828,124980,41.82
20,610,COSMOFIRST,EQ,66974,34675,51.77
20,611,COUNCODOS,EQ,20242,15531,76.73
20,612,CPS,ST,25800,24600,95.35
20,613,CPSEETF,EQ,1857790,889210,47.86
20,614,CRAFTSMAN,EQ,48828,34540,70.74
20,615,CRAYONS,SM,16000,10000,62.50
20,616,CREATIVE,EQ,82998,31622,38.10
20,617,CREDITACC,EQ,159294,86635,54.39
20,618,CREST,EQ,102410,41170,40.20
20,619,CRISIL,EQ,33272,12012,36.10
20,620,CROMPTON,EQ,1417494,413136,29.15
20,621,CSBBANK,EQ,137404,85863,62.49
20,622,CSLFINANCE,EQ,24685,16456,66.66
20,623,CUB,EQ,4300753,2298837,53.45
20,624,CUBEXTUB,EQ,17618,12440,70.61
20,625,CUMMINSIND,EQ,2259037,648479,28.71
20,626,CUPID,EQ,413411,245953,59.49
20,627,CYBERMEDIA,EQ,94520,43853,46.40
20,628,CYIENT,EQ,186149,110750,59.50
20,629,CYIENTDLM,EQ,394510,273940,69.44
20,630,DABUR,EQ,1458407,910600,62.44
20,631,DALBHARAT,EQ,63085,21858,34.65
20,632,DALMIASUG,EQ,111293,43133,38.76
20,633,DAMODARIND,EQ,7735,5971,77.19
20,634,DANGEE,EQ,137631,72932,52.99
20,635,DANISH,ST,343200,249000,72.55
20,636,DATAMATICS,EQ,61070,32204,52.73
20,637,DATAPATTNS,EQ,132134,55319,41.87
20,638,DAVANGERE,EQ,1114707,475519,42.66
20,639,DBCORP,EQ,47372,26165,55.23
20,640,DBEIL,EQ,211588,100215,47.36
20,641,DBL,EQ,158717,58532,36.88
20,642,DBOL,EQ,44350,22446,50.61
20,643,DBREALTY,EQ,999273,517196,51.76
20,644,DBSTOCKBRO,EQ,7013,4753,67.77
20,645,DCAL,EQ,427081,183252,42.91
20,646,DCBBANK,EQ,1392740,805719,57.85
20,647,DCG,SM,33600,25200,75.00
20,648,DCI,EQ,9771,5477,56.05
20,649,DCMNVL,EQ,17103,14305,83.64
20,650,DCMSHRIRAM,EQ,1177745,317388,26.95
20,651,DCMSRIND,EQ,181547,82545,45.47
20,652,DCW,EQ,2390401,658977,27.57
20,653,DCXINDIA,EQ,267000,169042,63.31
20,654,DECCANCE,EQ,6740,5451,80.88
20,655,DECCANTRAN,SM,14400,10800,75.00
20,656,DEEDEV,EQ,66731,33189,49.74
20,657,DEEM,SM,7000,5000,71.43
20,658,DEEPAKFERT,EQ,578496,132283,22.87
20,659,DEEPAKNTR,EQ,200978,69942,34.80
20,660,DEEPINDS,EQ,222059,125445,56.49
20,661,DELAPLEX,SM,7800,7200,92.31
20,662,DELHIVERY,EQ,686546,402360,58.61
20,663,DELPHIFX,EQ,5099,3692,72.41
20,664,DELTACORP,EQ,2078839,743395,35.76
20,665,DELTAMAGNT,EQ,2521,1794,71.16
20,666,DEN,EQ,1179864,424240,35.96
20,667,DENEERS,SM,18600,16200,87.10
20,668,DENORA,EQ,8328,5023,60.31
20,669,DENTALKART,SM,27000,18500,68.52
20,670,DESTINY,ST,10500,10500,100.00
20,671,DEVIT,EQ,687990,188303,27.37
20,672,DEVYANI,EQ,1740858,1518608,87.23
20,673,DHAMPURSUG,EQ,276485,104375,37.75
20,674,DHANBANK,EQ,599039,289908,48.40
20,675,DHANI,EQ,6877015,2444400,35.54
20,676,DHANUKA,EQ,52953,23650,44.66
20,677,DHARIWAL,SM,96000,90000,93.75
20,678,DHARMAJ,EQ,223265,105115,47.08
20,679,DHRUV,EQ,58288,26360,45.22
20,680,DHTL,ST,8800,8000,90.91
20,681,DHUNINV,EQ,4822,2184,45.29
20,682,DIAMINESQ,EQ,17214,11639,67.61
20,683,DIAMONDYD,EQ,53284,23643,44.37
20,684,DIFFNKG,EQ,566576,182767,32.26
20,685,DIGIDRIVE,EQ,28661,15060,52.55
20,686,DIGIKORE,SM,9000,8400,93.33
20,687,DIL,EQ,393340,225372,57.30
20,688,DISHTV,EQ,8379754,3063897,36.56
20,689,DIVGIITTS,EQ,26749,17062,63.79
20,690,DIVISLAB,EQ,447048,182524,40.83
20,691,DIVOPPBEES,EQ,31172,19692,63.17
20,692,DIVYADHAN,SM,60000,56000,93.33
20,693,DIXON,EQ,644468,91274,14.16
20,694,DJML,EQ,24001,16993,70.80
20,695,DLF,EQ,2045558,655538,32.05
20,696,DLINKINDIA,EQ,154825,68441,44.21
20,697,DMART,EQ,428073,314580,73.49
20,698,DMCC,EQ,33843,21016,62.10
20,699,DODLA,EQ,557860,380732,68.25
20,700,DOLATALGO,EQ,285937,130947,45.80
20,701,DOLLAR,EQ,659925,330354,50.06
20,702,DOLLEX,SM,92000,64000,69.57
20,703,DOMS,EQ,56243,16875,30.00
20,704,DPABHUSHAN,EQ,26025,10527,40.45
20,705,DPEL,SM,64500,46500,72.09
20,706,DPSCLTD,EQ,219761,131340,59.76
20,707,DPWIRES,EQ,14040,9280,66.10
20,708,DRCSYSTEMS,EQ,422411,320248,75.81
20,709,DREAMFOLKS,EQ,62325,30133,48.35
20,710,DREDGECORP,EQ,12873,7379,57.32
20,711,DRONE,ST,36500,35000,95.89
20,712,DRREDDY,EQ,1328199,762668,57.42
20,713,DRSDILIP,ST,800,800,100.00
20,714,DSSL,EQ,26398,11718,44.39
20,715,DTIL,EQ,13703,6784,49.51
20,716,DTL,SM,13200,13200,100.00
20,717,DUCOL,SM,4800,2400,50.00
20,718,DUCON,EQ,890317,511523,57.45
20,719,DUGLOBAL,SM,15000,10000,66.67
20,720,DURLAX,SM,22000,14000,63.64
20,721,DVL,EQ,46527,27455,59.01
20,722,DWARKESH,EQ,831777,279195,33.57
20,723,DYCL,EQ,171655,73365,42.74
20,724,DYNAMATECH,EQ,10747,2635,24.52
20,725,DYNAMIC,ST,69000,49000,71.01
20,726,EASEMYTRIP,EQ,7535045,2087147,27.70
20,727,EBANKNIFTY,EQ,745,414,55.57
20,728,EBBETF0425,EQ,39890,39865,99.94
20,729,EBBETF0430,EQ,5594,5562,99.43
20,730,EBBETF0431,EQ,8128,7879,96.94
20,731,EBBETF0433,EQ,5629,4697,83.44
20,732,ECLERX,EQ,133564,45632,34.16
20,733,ECOSMOBLTY,EQ,106711,37689,35.32
20,734,EDELWEISS,EQ,5075072,3280787,64.65
20,735,EFACTOR,SM,39200,24800,63.27
20,736,EFFWA,ST,61200,60400,98.69
20,737,EFORCE,SM,22800,16800,73.68
20,738,EGOLD,EQ,116374,95393,81.97
20,739,EICHERMOT,EQ,194765,76566,39.31
20,740,EIDPARRY,EQ,186509,77980,41.81
20,741,EIHAHOTELS,EQ,25948,11687,45.04
20,742,EIHOTEL,EQ,1185543,560960,47.32
20,743,EIMCOELECO,EQ,3355,2372,70.70
20,744,EKC,EQ,331459,126493,38.16
20,745,ELDEHSG,EQ,727,281,38.65
20,746,ELECON,EQ,262333,133239,50.79
20,747,ELECTCAST,EQ,7193229,4465442,62.08
20,748,ELGIEQUIP,EQ,45155,20145,44.61
20,749,ELGIRUBCO,EQ,133119,79040,59.38
20,750,ELIN,EQ,113762,48707,42.81
20,751,EMAMILTD,EQ,1017600,453777,44.59
20,752,EMAMIPAP,EQ,46967,21241,45.23
20,753,EMAMIREAL,EQ,31186,21090,67.63
20,754,EMBASSY,RR,353811,294990,83.38
20,755,EMBDL,EQ,4802519,1442485,30.04
20,756,EMCURE,EQ,657179,184999,28.15
20,757,EMIL,EQ,824141,415369,50.40
20,758,EMKAYTOOLS,SM,3900,3600,92.31
20,759,EMMBI,EQ,28439,14779,51.97
20,760,EMMIL,SM,14000,9250,66.07
20,761,EMSLIMITED,EQ,160062,76635,47.88
20,762,EMUDHRA,EQ,92094,34037,36.96
20,763,EMULTIMQ,EQ,51386,42415,82.54
20,764,ENDURANCE,EQ,119573,65740,54.98
20,765,ENERGYDEV,EQ,51676,35693,69.07
20,766,ENFUSE,SM,12000,9000,75.00
20,767,ENGINERSIN,EQ,1672700,604214,36.12
20,768,ENIL,EQ,18251,9519,52.16
20,769,ENSER,ST,6500,6500,100.00
20,770,ENTERO,EQ,78781,30892,39.21
20,771,ENVIRO,SM,784000,342000,43.62
20,772,EPIGRAL,EQ,80494,39594,49.19
20,773,EPL,EQ,1300554,588735,45.27
20,774,EQUAL50ADD,EQ,11174,9617,86.07
20,775,EQUITASBNK,EQ,4073820,1751140,42.99
20,776,ERIS,EQ,25878,13946,53.89
20,777,ESABINDIA,EQ,2020,937,46.39
20,778,ESAFSFB,EQ,321737,168644,52.42
20,779,ESCONET,ST,30000,30000,100.00
20,780,ESCORTS,EQ,233793,26971,11.54
20,781,ESFL,ST,136200,135000,99.12
20,782,ESG,EQ,6129,5607,91.48
20,783,ESILVER,EQ,161165,151997,94.31
20,784,ESPRIT,SM,6400,3200,50.00
20,785,ESTER,EQ,378523,160138,42.31
20,786,ETHOSLTD,EQ,43467,14884,34.24
20,787,EUREKAFORB,EQ,457280,235492,51.50
20,788,EUROBOND,SM,7000,6000,85.71
20,789,EVEREADY,EQ,81590,44355,54.36
20,790,EVERESTIND,EQ,40291,19206,47.67
20,791,EVINDIA,EQ,481951,373382,77.47
20,792,EXCEL,EQ,3567034,3567034,100.00
20,793,EXCELINDUS,EQ,17720,10364,58.49
20,794,EXICOM,EQ,773863,390085,50.41
20,795,EXIDEIND,EQ,2682928,1139944,42.49
20,796,EXPLEOSOL,EQ,8070,4675,57.93
20,797,EXXARO,EQ,92514,34732,37.54
20,798,FACT,EQ,397711,45288,11.39
20,799,FAIRCHEMOR,EQ,14120,6922,49.02
20,800,FAZE3Q,EQ,10349,4958,47.91
20,801,FCL,EQ,139199,58016,41.68
20,802,FCSSOFT,EQ,4063724,1842737,45.35
20,803,FDC,EQ,93225,41095,44.08
20,804,FEDERALBNK,EQ,8766446,3737559,42.63
20,805,FEDFINA,EQ,132106,80577,60.99
20,806,FELIX,ST,12500,12500,100.00
20,807,FIBERWEB,EQ,201307,120807,60.01
20,808,FIDEL,SM,165000,98000,59.39
20,809,FIEMIND,EQ,41662,24006,57.62
20,810,FILATEX,EQ,890625,454283,51.01
20,811,FINCABLES,EQ,81267,39740,48.90
20,812,FINEORG,EQ,26185,8114,30.99
20,813,FINIETF,EQ,133486,103698,77.68
20,814,FINOPB,EQ,83227,46701,56.11
20,815,FINPIPE,EQ,344585,130076,37.75
20,816,FIRSTCRY,EQ,1696337,793705,46.79
20,817,FIVESTAR,EQ,1539329,942392,61.22
20,818,FLAIR,EQ,82679,41394,50.07
20,819,FLUOROCHEM,EQ,107541,55175,51.31
20,820,FMCGIETF,EQ,341385,229298,67.17
20,821,FMGOETZE,EQ,73030,45376,62.13
20,822,FONEBOX,SM,1000,1000,100.00
20,823,FOODSIN,EQ,179665,58419,32.52
20,824,FORCAS,SM,115200,107200,93.06
20,825,FORCEMOT,EQ,19385,9794,50.52
20,826,FORGEAUTO,SM,8400,8400,100.00
20,827,FORTIS,EQ,330920,160307,48.44
20,828,FOSECOIND,EQ,799,308,38.55
20,829,FRESHARA,SM,574800,336000,58.46
20,830,FROG,SM,42000,26000,61.90
20,831,FSL,EQ,3674242,720476,19.61
20,832,FUSION,EQ,180082,99597,55.31
20,833,GABRIEL,EQ,124135,61696,49.70
20,834,GAEL,EQ,452900,157844,34.85
20,835,GAIL,EQ,13570458,5134418,37.84
20,836,GAJANAND,ST,33000,33000,100.00
20,837,GALAPREC,EQ,154817,53932,34.84
20,838,GALAXYSURF,EQ,6540,3062,46.82
20,839,GANDHAR,EQ,393106,215431,54.80
20,840,GANDHITUBE,EQ,1718,956,55.65
20,841,GANECOS,EQ,59905,26202,43.74
20,842,GANESHBE,EQ,39743,23504,59.14
20,843,GANESHHOUC,EQ,129060,57149,44.28
20,844,GANGAFORGE,EQ,2004282,1156399,57.70
20,845,GANGESSECU,EQ,27726,17471,63.01
20,846,GARFIBRES,EQ,8579,3265,38.06
20,847,GARUDA,EQ,454962,155111,34.09
20,848,GATEWAY,EQ,602360,239646,39.78
20,849,GEECEE,EQ,23620,13134,55.61
20,850,GENCON,EQ,92372,39984,43.29
20,851,GENESYS,EQ,456142,203750,44.67
20,852,GENSOL,EQ,56816,30800,54.21
20,853,GENUSPAPER,EQ,238248,122475,51.41
20,854,GENUSPOWER,EQ,552283,257072,46.55
20,855,GEOJITFSL,EQ,533645,249621,46.78
20,856,GEPIL,EQ,148771,84959,57.11
20,857,GESHIP,EQ,1386860,418516,30.18
20,858,GGBL,SM,175800,132300,75.26
20,859,GHCL,EQ,142241,85332,59.99
20,860,GHCLTEXTIL,EQ,143532,90722,63.21
20,861,GICHSGFIN,EQ,62721,35403,56.45
20,862,GICL,SM,4500,4500,100.00
20,863,GICRE,EQ,262550,103905,39.58
20,864,GILLANDERS,EQ,16521,9285,56.20
20,865,GILLETTE,EQ,44571,15173,34.04
20,866,GILT5YBEES,EQ,157667,102822,65.21
20,867,GINNIFILA,EQ,85982,30807,35.83
20,868,GIPCL,EQ,217351,119074,54.78
20,869,GKWLIMITED,EQ,45156,33263,73.66
20,870,GLAND,EQ,202286,41923,20.72
20,871,GLAXO,EQ,54485,26447,48.54
20,872,GLENMARK,EQ,595082,267961,45.03
20,873,GLOBAL,EQ,38604,27361,70.88
20,874,GLOBALPET,SM,1500,1500,100.00
20,875,GLOBE,EQ,768125,443426,57.73
20,876,GLOBUSSPR,EQ,101453,41570,40.97
20,877,GLOSTERLTD,EQ,474,435,91.77
20,878,GLS,EQ,51888,25527,49.20
20,879,GMBREW,EQ,21279,12102,56.87
20,880,GMDCLTD,EQ,864806,339503,39.26
20,881,GMMPFAUDLR,EQ,327731,164574,50.22
20,882,GMRINFRA,EQ,9328340,3491273,37.43
20,883,GMRP&UI,EQ,1866986,1226980,65.72
20,884,GNA,EQ,20838,10507,50.42
20,885,GNFC,EQ,404485,144084,35.62
20,886,GOACARBON,EQ,40862,20348,49.80
20,887,GOCLCORP,EQ,50231,35664,71.00
20,888,GOCOLORS,EQ,96126,77791,80.93
20,889,GODAVARIB,EQ,1195359,599921,50.19
20,890,GODFRYPHLP,EQ,25994,9207,35.42
20,891,GODHA,EQ,8601464,6512839,75.72
20,892,GODIGIT,EQ,241503,100147,41.47
20,893,GODREJAGRO,EQ,86230,36485,42.31
20,894,GODREJCP,EQ,878571,594103,67.62
20,895,GODREJIND,EQ,52884,24555,46.43
20,896,GODREJPROP,EQ,513674,227440,44.28
20,897,GOKEX,EQ,27861,12541,45.01
20,898,GOKUL,EQ,604184,324624,53.73
20,899,GOKULAGRO,EQ,517217,284928,55.09
20,900,GOLD1,EQ,264560,166071,62.77
20,901,GOLDBEES,EQ,13572558,9818931,72.34
20,902,GOLDCASE,EQ,499239,428344,85.80
20,903,GOLDETF,EQ,195448,147086,75.26
20,904,GOLDETFADD,EQ,42063,34034,80.91
20,905,GOLDIAM,EQ,706916,317357,44.89
20,906,GOLDIETF,EQ,2219069,1346531,60.68
20,907,GOLDSHARE,EQ,291394,255905,87.82
20,908,GOLDSTAR,SM,303750,247500,81.48
20,909,GOODLUCK,EQ,54550,26905,49.32
20,910,GOPAL,EQ,381728,161599,42.33
20,911,GOYALALUM,EQ,279838,158311,56.57
20,912,GOYALSALT,SM,12000,10200,85.00
20,913,GPECO,SM,135600,82200,60.62
20,914,GPIL,EQ,1724104,661449,38.36
20,915,GPPL,EQ,1117990,520698,46.57
20,916,GPTHEALTH,EQ,72595,40128,55.28
20,917,GPTINFRA,EQ,147102,69733,47.40
20,918,GRANULES,EQ,3534450,1152798,32.62
20,919,GRAPHISAD,ST,21600,19200,88.89
20,920,GRAPHITE,EQ,286953,97681,34.04
20,921,GRASIM,EQ,558297,336104,60.20
20,922,GRASIMPP1,E1,5377,4426,82.31
20,923,GRAVITA,EQ,154187,78427,50.86
20,924,GRCL,ST,250,250,100.00
20,925,GREAVESCOT,EQ,1535346,549325,35.78
20,926,GREENCHEF,SM,5600,4800,85.71
20,927,GREENLAM,EQ,13465,5440,40.40
20,928,GREENPANEL,EQ,54489,21698,39.82
20,929,GREENPLY,EQ,94830,33087,34.89
20,930,GREENPOWER,EQ,4635252,1770427,38.19
20,931,GRETEX,ST,2250,2250,100.00
20,932,GRINDWELL,EQ,9653,2861,29.64
20,933,GRINFRA,EQ,80771,35943,44.50
20,934,GRMOVER,EQ,56627,29016,51.24
20,935,GROWWDEFNC,EQ,121075,89862,74.22
20,936,GROWWEV,EQ,616963,511979,82.98
20,937,GROWWGOLD,EQ,197837,69313,35.04
20,938,GROWWLIQID,EQ,130955,78466,59.92
20,939,GRSE,EQ,260980,110193,42.22
20,940,GRWRHITECH,EQ,32186,12095,37.58
20,941,GSEC10ABSL,EQ,2000,2000,100.00
20,942,GSEC10YEAR,EQ,834,428,51.32
20,943,GSEC5IETF,EQ,5,5,100.00
20,944,GSFC,EQ,918870,421939,45.92
20,945,GSLSU,EQ,114446,82040,71.68
20,946,GSMFOILS,ST,80000,76000,95.00
20,947,GSPL,EQ,748206,258458,34.54
20,948,GSS,EQ,17923,9818,54.78
20,949,GSTL,SM,69000,65000,94.20
20,950,GTL,EQ,639300,347258,54.32
20,951,GTLINFRA,EQ,45268845,17809333,39.34
20,952,GTPL,EQ,34934,20955,59.98
20,953,GUFICBIO,EQ,260413,90910,34.91
20,954,GUJALKALI,EQ,84867,33679,39.68
20,955,GUJGASLTD,EQ,1602443,573314,35.78
20,956,GUJRAFFIA,EQ,3537,2036,57.56
20,957,GULFOILLUB,EQ,78177,31496,40.29
20,958,GULFPETRO,EQ,203937,56919,27.91
20,959,GULPOLY,EQ,101714,48918,48.09
20,960,GVPTECH,EQ,45074,34780,77.16
20,961,HAL,EQ,1073330,367145,34.21
20,962,HAPPSTMNDS,EQ,228201,96815,42.43
20,963,HAPPYFORGE,EQ,44506,20446,45.94
20,964,HARDWYN,EQ,231499,101496,43.84
20,965,HARIOMPIPE,EQ,262057,93852,35.81
20,966,HARSHA,EQ,44568,22045,49.46
20,967,HATHWAY,EQ,1742438,712180,40.87
20,968,HATSUN,EQ,18204,7238,39.76
20,969,HAVELLS,EQ,743428,450466,60.59
20,970,HBLPOWER,EQ,683023,289524,42.39
20,971,HCC,EQ,9142125,3367232,36.83
20,972,HCG,EQ,110313,62756,56.89
20,973,HCLTECH,EQ,1521324,956002,62.84
20,974,HDFCAMC,EQ,265978,135846,51.07
20,975,HDFCBANK,EQ,9951493,6688588,67.21
20,976,HDFCBSE500,EQ,17655,12374,70.09
20,977,HDFCGOLD,EQ,1850819,1302687,70.38
20,978,HDFCGROWTH,EQ,6761,4253,62.90
20,979,HDFCLIFE,EQ,1272302,607843,47.78
20,980,HDFCLIQUID,EQ,457,450,98.47
20,981,HDFCLOWVOL,EQ,6774,5458,80.57
20,982,HDFCMID150,EQ,236845,181696,76.72
20,983,HDFCMOMENT,EQ,173205,132417,76.45
20,984,HDFCNEXT50,EQ,81578,47687,58.46
20,985,HDFCNIF100,EQ,121182,113682,93.81
20,986,HDFCNIFBAN,EQ,19261,17362,90.14
20,987,HDFCNIFIT,EQ,39624,23627,59.63
20,988,HDFCNIFTY,EQ,57574,50852,88.32
20,989,HDFCPSUBK,EQ,26140,15794,60.42
20,990,HDFCPVTBAN,EQ,164804,153422,93.09
20,991,HDFCQUAL,EQ,16755,15943,95.15
20,992,HDFCSENSEX,EQ,37186,34912,93.88
20,993,HDFCSILVER,EQ,1015838,679075,66.85
20,994,HDFCSML250,EQ,669348,388168,57.99
20,995,HDFCVALUE,EQ,2227,1787,80.24
20,996,HEADSUP,EQ,18345,15016,81.85
20,997,HEALTHADD,EQ,573,411,71.73
20,998,HEALTHIETF,EQ,42031,16410,39.04
20,999,HEALTHY,EQ,182721,126774,69.38
20,1000,HECPROJECT,EQ,207479,117766,56.76
20,1001,HEG,EQ,181412,64002,35.28
20,1002,HEIDELBERG,EQ,125070,54749,43.77
20,1003,HEMIPROP,EQ,219378,107923,49.19
20,1004,HERANBA,EQ,136252,63714,46.76
20,1005,HERCULES,EQ,3693740,421481,11.41
20,1006,HERITGFOOD,EQ,344166,245301,71.27
20,1007,HEROMOTOCO,EQ,333494,134932,40.46
20,1008,HESTERBIO,EQ,43558,12091,27.76
20,1009,HEUBACHIND,EQ,70958,45766,64.50
20,1010,HEXATRADEX,EQ,6213,3780,60.84
20,1011,HFCL,EQ,31358773,5097103,16.25
20,1012,HGINFRA,EQ,151225,94335,62.38
20,1013,HGS,EQ,13177,4627,35.11
20,1014,HIGREEN,ST,14400,14400,100.00
20,1015,HIKAL,EQ,855657,423513,49.50
20,1016,HIL,EQ,93302,56904,60.99
20,1017,HILTON,EQ,85993,53414,62.11
20,1018,HIMATSEIDE,EQ,2665536,1310133,49.15
20,1019,HINDALCO,EQ,7886228,2464566,31.25
20,1020,HINDCOMPOS,EQ,5158,3038,58.90
20,1021,HINDCON,EQ,65009,20147,30.99
20,1022,HINDCOPPER,EQ,4299335,1271087,29.56
20,1023,HINDOILEXP,EQ,778795,285550,36.67
20,1024,HINDPETRO,EQ,5067482,2112271,41.68
20,1025,HINDUNILVR,EQ,1700877,1111061,65.32
20,1026,HINDWAREAP,EQ,71865,43154,60.05
20,1027,HINDZINC,EQ,3200423,1732788,54.14
20,1028,HIRECT,EQ,43328,21903,50.55
20,1029,HISARMETAL,EQ,6257,3930,62.81
20,1030,HITECH,EQ,603534,243585,40.36
20,1031,HITECHCORP,EQ,19286,10858,56.30
20,1032,HLEGLAS,EQ,75008,34509,46.01
20,1033,HLVLTD,EQ,867162,308459,35.57
20,1034,HMAAGRO,EQ,345138,171650,49.73
20,1035,HMVL,EQ,65333,41332,63.26
20,1036,HNDFDS,EQ,28769,12929,44.94
20,1037,HNGSNGBEES,EQ,803993,479283,59.61
20,1038,HOACFOODS,SM,4500,3750,83.33
20,1039,HOLMARC,ST,39000,37500,96.15
20,1040,HOMEFIRST,EQ,224740,116352,51.77
20,1041,HOMESFY,SM,2100,1800,85.71
20,1042,HONASA,EQ,404909,225036,55.58
20,1043,HONAUT,EQ,3348,1482,44.27
20,1044,HONDAPOWER,EQ,1925,794,41.25
20,1045,HPAL,EQ,91475,47900,52.36
20,1046,HPIL,EQ,2556,753,29.46
20,1047,HPL,EQ,60866,30156,49.54
20,1048,HRHNEXT,ST,22500,22500,100.00
20,1049,HSCL,EQ,680821,317651,46.66
20,1050,HTMEDIA,EQ,100088,51709,51.66
20,1051,HUDCO,EQ,2542899,1050795,41.32
20,1052,HUHTAMAKI,EQ,80949,45101,55.72
20,1053,HVAX,SM,3600,2700,75.00
20,1054,HYUNDAI,EQ,577813,389590,67.42
20,1055,IBLFL,ST,6000,6000,100.00
20,1056,ICCL25,NS,50,50,100.00
20,1057,ICDSLTD,EQ,5578,4461,79.97
20,1058,ICEMAKE,EQ,465668,114645,24.62
20,1059,ICICIB22,EQ,1260560,991800,78.68
20,1060,ICICIBANK,EQ,11195808,7881177,70.39
20,1061,ICICIGI,EQ,243163,156054,64.18
20,1062,ICICIPRULI,EQ,489019,215075,43.98
20,1063,ICIL,EQ,650404,290538,44.67
20,1064,ICRA,EQ,1765,791,44.82
20,1065,IDBI,EQ,6435971,2203445,34.24
20,1066,IDEA,EQ,311562033,91775902,29.46
20,1067,IDEAFORGE,EQ,204392,50309,24.61
20,1068,IDEALTECHO,SM,8000,6000,75.00
20,1069,IDFCFIRSTB,EQ,24563138,12626614,51.40
20,1070,IDFNIFTYET,EQ,1177,1162,98.73
20,1071,IEL,EQ,223073,133737,59.95
20,1072,IEML,SM,9500,5000,52.63
20,1073,IEX,EQ,4425844,1584678,35.81
20,1074,IFBAGRO,EQ,4470,1895,42.39
20,1075,IFBIND,EQ,106218,41646,39.21
20,1076,IFCI,EQ,15172860,4805186,31.67
20,1077,IFCIZC24,NI,157,157,100.00
20,1078,IFGLEXPOR,EQ,13044,6549,50.21
20,1079,IGARASHI,EQ,166134,62722,37.75
20,1080,IGL,EQ,3433842,1838415,53.54
20,1081,IGPL,EQ,37301,20222,54.21
20,1082,IIFL,EQ,944994,421626,44.62
20,1083,IIFLSEC,EQ,818775,423844,51.77
20,1084,IIFLZC25,ND,20,20,100.00
20,1085,IIFLZC25A,NP,100,100,100.00
20,1086,IIFLZC25C,N8,156,106,67.95
20,1087,IIFLZC26,NN,135,5,3.70
20,1088,IIFLZC28A,NU,520,520,100.00
20,1089,IIFLZC28B,Y1,100,100,100.00
20,1090,IIFLZC28C,N6,23,23,100.00
20,1091,IKIO,EQ,217378,91419,42.06
20,1092,IMAGICAA,EQ,950493,412788,43.43
20,1093,IMC1,N0,559,337,60.29
20,1094,IMC1,N2,242,221,91.32
20,1095,IMC1,N3,221,221,100.00
20,1096,IMFA,EQ,2214339,654785,29.57
20,1097,IMPAL,EQ,804,455,56.59
20,1098,INDBANK,EQ,62738,35836,57.12
20,1099,INDGN,EQ,649319,225010,34.65
20,1100,INDHOTEL,EQ,26357564,3956154,15.01
20,1101,INDIACEM,EQ,3907227,425227,10.88
20,1102,INDIAGLYCO,EQ,187038,62367,33.34
20,1103,INDIAMART,EQ,279067,137425,49.24
20,1104,INDIANB,EQ,749703,283553,37.82
20,1105,INDIANCARD,EQ,2694,2481,92.09
20,1106,INDIANHUME,EQ,46840,21849,46.65
20,1107,INDIASHLTR,EQ,63358,41716,65.84
20,1108,INDIFRA,SM,4000,4000,100.00
20,1109,INDIGO,EQ,411058,152884,37.19
20,1110,INDIGOPNTS,EQ,241201,97098,40.26
20,1111,INDIGRID,IV,311152,292954,94.15
20,1112,INDNIPPON,EQ,8013,4143,51.70
20,1113,INDOAMIN,EQ,268452,141728,52.79
20,1114,INDOBORAX,EQ,40909,22486,54.97
20,1115,INDOCO,EQ,57171,32561,56.95
20,1116,INDORAMA,EQ,85486,50989,59.65
20,1117,INDOSTAR,EQ,68709,53470,77.82
20,1118,INDOUS,EQ,1697,466,27.46
20,1119,INDOWIND,EQ,228893,122531,53.53
20,1120,INDRAMEDCO,EQ,625966,236757,37.82
20,1121,INDSWFTLTD,EQ,218964,115393,52.70
20,1122,INDTERRAIN,EQ,37879,21800,57.55
20,1123,INDUSINDBK,EQ,2107903,1077556,51.12
20,1124,INDUSTOWER,EQ,8234519,4093148,49.71
20,1125,INFIBEAM,EQ,5674248,1927254,33.96
20,1126,INFINIUM,ST,3000,2500,83.33
20,1127,INFOBEAN,EQ,14579,7766,53.27
20,1128,INFOLLION,SM,53200,24400,45.86
20,1129,INFRABEES,EQ,9989,6224,62.31
20,1130,INFRAIETF,EQ,82567,52350,63.40
20,1131,INFY,EQ,4210960,2076350,49.31
20,1132,INGERRAND,EQ,8295,3870,46.65
20,1133,INM,SM,5400,3600,66.67
20,1134,INNOMET,SM,27600,25200,91.30
20,1135,INNOVACAP,EQ,995710,202491,20.34
20,1136,INNOVANA,SM,4000,2200,55.00
20,1137,INOXGREEN,EQ,2343586,1242983,53.04
20,1138,INOXINDIA,EQ,1115394,207289,18.58
20,1139,INOXWIND,EQ,4614827,1834732,39.76
20,1140,INSECTICID,EQ,45977,26671,58.01
20,1141,INSPIRE,SM,4000,4000,100.00
20,1142,INTELLECT,EQ,227738,82551,36.25
20,1143,INTERARCH,EQ,140021,49094,35.06
20,1144,INTLCONV,EQ,162847,72600,44.58
20,1145,INVENTURE,EQ,2186508,1266733,57.93
20,1146,IOB,EQ,4624558,1304786,28.21
20,1147,IOC,EQ,15316464,6441214,42.05
20,1148,IOLCP,EQ,167765,77260,46.05
20,1149,IONEXCHANG,EQ,158134,72420,45.80
20,1150,IPCALAB,EQ,111886,35737,31.94
20,1151,IPHL,ST,20400,15600,76.47
20,1152,IPL,EQ,347802,146699,42.18
20,1153,IPSL,ST,9500,9500,100.00
20,1154,IRB,EQ,12171264,5254610,43.17
20,1155,IRBINVIT,IV,146237,122696,83.90
20,1156,IRCON,EQ,10557068,2612533,24.75
20,1157,IRCTC,EQ,899276,337719,37.55
20,1158,IREDA,EQ,3467278,1583659,45.67
20,1159,IRFC,EQ,14681163,3932559,26.79
20,1160,IRISDOREME,EQ,64231,11119,17.31
20,1161,IRMENERGY,EQ,40839,31014,75.94
20,1162,ISEC,EQ,134927,57601,42.69
20,1163,ISGEC,EQ,26514,11838,44.65
20,1164,ISHAN,ST,432000,432000,100.00
20,1165,IT,EQ,32217,25288,78.49
20,1166,ITALIANE,ST,10000,8000,80.00
20,1167,ITBEES,EQ,3242059,1870244,57.69
20,1168,ITC,EQ,6090462,3454982,56.73
20,1169,ITDC,EQ,17644,3990,22.61
20,1170,ITDCEM,EQ,1323334,504231,38.10
20,1171,ITETF,EQ,132749,79609,59.97
20,1172,ITETFADD,EQ,8193,7538,92.01
20,1173,ITI,EQ,90386249,2612744,2.89
20,1174,ITIETF,EQ,1387580,1181907,85.18
20,1175,IVC,EQ,197770,105705,53.45
20,1176,IVP,EQ,16750,10981,65.56
20,1177,IVZINGOLD,EQ,93,80,86.02
20,1178,IVZINNIFTY,EQ,11,10,90.91
20,1179,IXIGO,EQ,425179,277689,65.31
20,1180,JAGRAN,EQ,271538,186358,68.63
20,1181,JAGSNPHARM,EQ,58910,24365,41.36
20,1182,JAIBALAJI,EQ,46333,25950,56.01
20,1183,JAICORPLTD,EQ,269612,99985,37.08
20,1184,JAINAM,SM,3000,3000,100.00
20,1185,JAIPURKURT,EQ,94710,25272,26.68
20,1186,JALAN,SM,69000,66000,95.65
20,1187,JAMNAAUTO,EQ,843522,387501,45.94
20,1188,JASH,EQ,79335,46186,58.22
20,1189,JAYAGROGN,EQ,101923,46016,45.15
20,1190,JAYBARMARU,EQ,57155,32818,57.42
20,1191,JAYBEE,SM,54000,31000,57.41
20,1192,JAYNECOIND,EQ,124010,69223,55.82
20,1193,JAYSREETEA,EQ,141338,84695,59.92
20,1194,JBCHEPHARM,EQ,122886,79757,64.90
20,1195,JBMA,EQ,74447,30959,41.59
20,1196,JCHAC,EQ,41873,18968,45.30
20,1197,JETKNIT,ST,750,750,100.00
20,1198,JEYYAM,SM,28000,26000,92.86
20,1199,JFLLIFE,SM,252000,144000,57.14
20,1200,JGCHEM,EQ,121198,60480,49.90
20,1201,JHS,EQ,83540,59830,71.62
20,1202,JINDALPHOT,EQ,26557,12461,46.92
20,1203,JINDALPOLY,EQ,51386,17758,34.56
20,1204,JINDALSAW,EQ,889468,484183,54.44
20,1205,JINDALSTEL,EQ,1185483,340046,28.68
20,1206,JINDRILL,EQ,124144,74035,59.64
20,1207,JINDWORLD,EQ,35992,29834,82.89
20,1208,JIOFIN,EQ,7871347,4517392,57.39
20,1209,JISLDVREQS,EQ,62823,34924,55.59
20,1210,JISLJALEQS,EQ,3979319,1450846,36.46
20,1211,JITFINFRA,EQ,58706,33250,56.64
20,1212,J&KBANK,EQ,3754040,1522579,40.56
20,1213,JKCEMENT,EQ,108642,70031,64.46
20,1214,JKIL,EQ,56604,29007,51.25
20,1215,JKLAKSHMI,EQ,84791,36997,43.63
20,1216,JKPAPER,EQ,354224,159678,45.08
20,1217,JKTYRE,EQ,521916,170383,32.65
20,1218,JLHL,EQ,35263,23784,67.45
20,1219,JMA,EQ,12041,7786,64.66
20,1220,JMFINANCIL,EQ,7499010,2228432,29.72
20,1221,JNKINDIA,EQ,21138,14226,67.30
20,1222,JOCIL,EQ,7394,5081,68.72
20,1223,JPOLYINVST,EQ,62402,23202,37.18
20,1224,JPPOWER,EQ,47491107,21633854,45.55
20,1225,JSFB,EQ,63917,34585,54.11
20,1226,JSL,EQ,279109,141648,50.75
20,1227,JSLL,SM,15570,13320,85.55
20,1228,JSWENERGY,EQ,2004021,970159,48.41
20,1229,JSWHL,EQ,314037,23629,7.52
20,1230,JSWINFRA,EQ,1168986,596624,51.04
20,1231,JSWSTEEL,EQ,3568198,1956267,54.83
20,1232,JTEKTINDIA,EQ,81491,42777,52.49
20,1233,JTLIND,EQ,466039,264796,56.82
20,1234,JUBLFOOD,EQ,2499471,863539,34.55
20,1235,JUBLINGREA,EQ,193168,86171,44.61
20,1236,JUBLPHARMA,EQ,137965,75106,54.44
20,1237,JUNIORBEES,EQ,191280,114078,59.64
20,1238,JUNIPER,EQ,51969,22998,44.25
20,1239,JUSTDIAL,EQ,141726,66697,47.06
20,1240,JWL,EQ,965724,415588,43.03
20,1241,JYOTHYLAB,EQ,192668,74309,38.57
20,1242,JYOTICNC,EQ,93620,45165,48.24
20,1243,JYOTISTRUC,EQ,33979215,12179551,35.84
20,1244,K2INFRA,SM,51000,36000,70.59
20,1245,KABRAEXTRU,EQ,558278,191394,34.28
20,1246,KAJARIACER,EQ,40415,16632,41.15
20,1247,KAKATCEM,EQ,6941,2381,34.30
20,1248,KALAMANDIR,EQ,119433,64108,53.68
20,1249,KALANA,SM,18000,10000,55.56
20,1250,KALYANIFRG,EQ,4555,2783,61.10
20,1251,KALYANKJIL,EQ,4230373,1958757,46.30
20,1252,KAMATHOTEL,EQ,83896,47270,56.34
20,1253,KAMDHENU,EQ,40158,17545,43.69
20,1254,KANANIIND,EQ,329875,198695,60.23
20,1255,KANDARP,ST,4000,4000,100.00
20,1256,KANORICHEM,EQ,66158,25771,38.95
20,1257,KANPRPLA,EQ,8121,5419,66.73
20,1258,KANSAINER,EQ,328970,180945,55.00
20,1259,KAPSTON,EQ,11304,6119,54.13
20,1260,KARMAENG,EQ,176721,18578,10.51
20,1261,KARNIKA,ST,1600,1600,100.00
20,1262,KARURVYSYA,EQ,1909188,664344,34.80
20,1263,KATARIA,SM,5400,3600,66.67
20,1264,KAUSHALYA,EQ,965,686,71.09
20,1265,KAYNES,EQ,358576,105495,29.42
20,1266,KBCGLOBAL,EQ,33332382,8743182,26.23
20,1267,KCEIL,SM,14500,11500,79.31
20,1268,KCK,ST,5000,5000,100.00
20,1269,KCP,EQ,3739293,566747,15.16
20,1270,KDDL,EQ,9985,5510,55.18
20,1271,KDL,ST,850,850,100.00
20,1272,KEC,EQ,827492,231136,27.93
20,1273,KECL,EQ,134916,79023,58.57
20,1274,KEI,EQ,113058,60771,53.75
20,1275,KEL,ST,3600,3600,100.00
20,1276,KELLTONTEC,EQ,2336207,693248,29.67
20,1277,KERNEX,EQ,61197,38905,63.57
20,1278,KESORAMIND,EQ,1216861,928450,76.30
20,1279,KFINTECH,EQ,275331,124534,45.23
20,1280,KHADIM,EQ,14643,7348,50.18
20,1281,KHAICHEM,EQ,133497,52506,39.33
20,1282,KHANDSE,EQ,14009,4727,33.74
20,1283,KHFM,SM,20150,17050,84.62
20,1284,KILITCH,EQ,11444,7740,67.63
20,1285,KIMS,EQ,455588,293106,64.34
20,1286,KINGFA,EQ,2945,1591,54.02
20,1287,KIOCL,EQ,223296,56410,25.26
20,1288,KIRIINDUS,EQ,581731,222933,38.32
20,1289,KIRLOSBROS,EQ,121623,30610,25.17
20,1290,KIRLOSENG,EQ,102440,45933,44.84
20,1291,KIRLOSIND,EQ,2421,1061,43.82
20,1292,KIRLPNU,EQ,186407,83365,44.72
20,1293,KITEX,EQ,639794,263527,41.19
20,1294,KKCL,EQ,24867,14802,59.52
20,1295,KKVAPOW,SM,156,156,100.00
20,1296,KLL,SM,56800,38400,67.61
20,1297,KMSUGAR,EQ,120644,66371,55.01
20,1298,KNAGRI,ST,9600,8000,83.33
20,1299,KNRCON,EQ,461752,215338,46.63
20,1300,KODYTECH,SM,3600,2200,61.11
20,1301,KOHINOOR,EQ,65757,38430,58.44
20,1302,KOKUYOCMLN,EQ,66862,33324,49.84
20,1303,KOLTEPATIL,EQ,126866,63969,50.42
20,1304,KONSTELEC,SM,15000,11000,73.33
20,1305,KONTOR,ST,11400,11400,100.00
20,1306,KOPRAN,EQ,397581,130040,32.71
20,1307,KOTAKBANK,EQ,3646825,2535313,69.52
20,1308,KOTARISUG,EQ,53363,26141,48.99
20,1309,KOTHARIPET,EQ,162839,90434,55.54
20,1310,KOTYARK,SM,42100,28100,66.75
20,1311,KPIGREEN,EQ,465548,272061,58.44
20,1312,KPIL,EQ,148180,114508,77.28
20,1313,KPITTECH,EQ,669624,243789,36.41
20,1314,KPRMILL,EQ,318307,118091,37.10
20,1315,KRBL,EQ,259920,116644,44.88
20,1316,KRIDHANINF,EQ,450582,217831,48.34
20,1317,KRISHANA,EQ,3858,2279,59.07
20,1318,KRISHCA,SM,25000,18000,72.00
20,1319,KRISHIVAL,SM,2000,2000,100.00
20,1320,KRISHNADEF,ST,22250,22250,100.00
20,1321,KRN,EQ,5303979,725677,13.68
20,1322,KRONOX,EQ,473242,172598,36.47
20,1323,KROSS,EQ,405976,127060,31.30
20,1324,KRSNAA,EQ,90913,43754,48.13
20,1325,KRYSTAL,EQ,29450,17698,60.10
20,1326,KSB,EQ,494926,428771,86.63
20,1327,KSCL,EQ,45569,20869,45.80
20,1328,KSHITIJPOL,EQ,4587365,2720409,59.30
20,1329,KSL,EQ,35170,14485,41.19
20,1330,KSOLVES,EQ,6975,4460,63.94
20,1331,KTKBANK,EQ,607779,291452,47.95
20,1332,KTL,ST,9000,9000,100.00
20,1333,KUANTUM,EQ,14282,10010,70.09
20,1334,LAGNAM,EQ,22947,12442,54.22
20,1335,LAKSHYA,SM,315200,189600,60.15
20,1336,LALPATHLAB,EQ,82440,39110,47.44
20,1337,LAMBODHARA,EQ,5679,1962,34.55
20,1338,LANCORHOL,EQ,68654,21380,31.14
20,1339,LANDMARK,EQ,30943,13702,44.28
20,1340,LAOPALA,EQ,37010,17575,47.49
20,1341,LATENTVIEW,EQ,3642213,739797,20.31
20,1342,LAURUSLABS,EQ,3843439,1350015,35.13
20,1343,LAWSIKHO,SM,33500,16000,47.76
20,1344,LAXMICOT,EQ,30499,17648,57.86
20,1345,LEMERITE,ST,70400,42400,60.23
20,1346,LEMONTREE,EQ,8887370,3993691,44.94
20,1347,LEXUS,EQ,101223,58492,57.79
20,1348,LGBBROSLTD,EQ,26715,16074,60.17
20,1349,LIBAS,EQ,81626,46053,56.42
20,1350,LICHSGFIN,EQ,2190023,1380202,63.02
20,1351,LICI,EQ,717691,345960,48.20
20,1352,LICMFGOLD,EQ,371,211,56.87
20,1353,LICNETFGSC,EQ,29940,29157,97.38
20,1354,LICNETFN50,EQ,2020,2008,99.41
20,1355,LICNETFSEN,EQ,107,84,78.50
20,1356,LICNFNHGP,EQ,2338,1630,69.72
20,1357,LICNMID100,EQ,6697,3876,57.88
20,1358,LIKHITHA,EQ,36421,22568,61.96
20,1359,LINC,EQ,19240,14908,77.48
20,1360,LINCOLN,EQ,21990,11410,51.89
20,1361,LINDEINDIA,EQ,56435,29646,52.53
20,1362,LIQUID,EQ,146473,131182,89.56
20,1363,LIQUID1,EQ,103691,86839,83.75
20,1364,LIQUIDADD,EQ,734233,502169,68.39
20,1365,LIQUIDBEES,EQ,4063235,3693660,90.90
20,1366,LIQUIDBETF,EQ,599,599,100.00
20,1367,LIQUIDCASE,EQ,5366539,4904456,91.39
20,1368,LIQUIDETF,EQ,240784,169698,70.48
20,1369,LIQUIDIETF,EQ,529133,315139,59.56
20,1370,LIQUIDSBI,EQ,6158,5163,83.84
20,1371,LIQUIDSHRI,EQ,4809,2363,49.14
20,1372,LLOYDS,SM,2000,2000,100.00
20,1373,LLOYDSENGG,EQ,2138704,560597,26.21
20,1374,LLOYDSENT,EQ,858180,520651,60.67
20,1375,LLOYDSME,EQ,418618,231547,55.31
20,1376,LMW,EQ,5333,1557,29.20
20,1377,LODHA,EQ,765837,404747,52.85
20,1378,LOKESHMACH,EQ,1855907,400319,21.57
20,1379,LORDSCHLO,EQ,12952,3256,25.14
20,1380,LOWVOL,EQ,309,203,65.70
20,1381,LOWVOL1,EQ,1003299,904411,90.14
20,1382,LOWVOLIETF,EQ,14825320,11193785,75.50
20,1383,LOYALTEX,EQ,599,489,81.64
20,1384,LPDC,EQ,66199,48185,72.79
20,1385,LT,EQ,1622142,1089533,67.17
20,1386,LTF,EQ,7009217,3344765,47.72
20,1387,LTFOODS,EQ,533056,198671,37.27
20,1388,LTGILTBEES,EQ,1798814,1451091,80.67
20,1389,LTIM,EQ,169926,67487,39.72
20,1390,LTTS,EQ,98531,20549,20.86
20,1391,LUMAXIND,EQ,759,240,31.62
20,1392,LUMAXTECH,EQ,37785,21402,56.64
20,1393,LUPIN,EQ,3459521,972418,28.11
20,1394,LUXIND,EQ,47572,16725,35.16
20,1395,LXCHEM,EQ,580299,226573,39.04
20,1396,LYKALABS,EQ,99354,54932,55.29
20,1397,MAANALU,EQ,757178,296803,39.20
20,1398,MACOBSTECH,SM,20800,12800,61.54
20,1399,MACPOWER,EQ,21488,14266,66.39
20,1400,MADHAV,EQ,3778,2647,70.06
20,1401,MADHAVBAUG,SM,3600,3600,100.00
20,1402,MADHUSUDAN,SM,22000,14000,63.64
20,1403,MADRASFERT,EQ,141489,66134,46.74
20,1404,MAFANG,EQ,850446,573379,67.42
20,1405,MAGADSUGAR,EQ,22051,11550,52.38
20,1406,MAGNUM,EQ,814315,603834,74.15
20,1407,MAHABANK,EQ,9415141,2841576,30.18
20,1408,MAHEPC,EQ,13437,8850,65.86
20,1409,MAHESHWARI,EQ,35867,24986,69.66
20,1410,MAHICKRA,SM,750,750,100.00
20,1411,MAHKTECH,EQ,411148,409140,99.51
20,1412,MAHLIFE,EQ,575563,256735,44.61
20,1413,MAHLOG,EQ,200024,109060,54.52
20,1414,MAHSEAMLES,EQ,191470,108376,56.60
20,1415,MAITHANALL,EQ,29033,15702,54.08
20,1416,MAITREYA,ST,5200,4400,84.62
20,1417,MAKEINDIA,EQ,16152,10714,66.33
20,1418,MAL,SM,57600,6400,11.11
20,1419,MALUPAPER,EQ,36699,5259,14.33
20,1420,MANAKALUCO,EQ,6757,3625,53.65
20,1421,MANAKCOAT,EQ,380124,265393,69.82
20,1422,MANAKSIA,EQ,44322,29567,66.71
20,1423,MANAKSTEEL,EQ,98190,57906,58.97
20,1424,MANALIPETC,EQ,190051,95512,50.26
20,1425,MANAPPURAM,EQ,7142400,2067730,28.95
20,1426,MANBA,EQ,1015652,371305,36.56
20,1427,MANCREDIT,EQ,81165,32405,39.92
20,1428,MANDEEP,SM,8000,8000,100.00
20,1429,MANGALAM,EQ,23515,5720,24.32
20,1430,MANGCHEFER,EQ,487748,241911,49.60
20,1431,MANGLMCEM,EQ,40946,22064,53.89
20,1432,MANINDS,EQ,324490,156077,48.10
20,1433,MANINFRA,EQ,382504,217882,56.96
20,1434,MANKIND,EQ,190966,87354,45.74
20,1435,MANORAMA,EQ,108629,51528,47.43
20,1436,MANUGRAPH,EQ,47361,27124,57.27
20,1437,MANYAVAR,EQ,463950,121899,26.27
20,1438,MAPMYINDIA,EQ,60637,25011,41.25
20,1439,MARALOVER,EQ,37642,17536,46.59
20,1440,MARATHON,EQ,105385,53447,50.72
20,1441,MARCO,SM,37500,22500,60.00
20,1442,MARICO,EQ,457247,254540,55.67
20,1443,MARINE,EQ,213732,122159,57.16
20,1444,MARINETRAN,SM,8000,4000,50.00
20,1445,MARKSANS,EQ,2370835,597326,25.19
20,1446,MARSHALL,EQ,49239,14023,28.48
20,1447,MARUTI,EQ,269993,108311,40.12
20,1448,MASFIN,EQ,183346,92198,50.29
20,1449,MASON,SM,37000,30000,81.08
20,1450,MASPTOP50,EQ,306427,209937,68.51
20,1451,MASTEK,EQ,106001,37677,35.54
20,1452,MASTER,ST,1500,1000,66.67
20,1453,MATRIMONY,EQ,133430,44051,33.01
20,1454,MAWANASUG,EQ,108752,48987,45.04
20,1455,MAXESTATES,EQ,120813,84500,69.94
20,1456,MAXHEALTH,EQ,795545,403409,50.71
20,1457,MAXIND,EQ,44434,20346,45.79
20,1458,MAXPOSURE,SM,13000,11000,84.62
20,1459,MAYURUNIQ,EQ,109742,76167,69.41
20,1460,MAZDA,EQ,10648,5750,54.00
20,1461,MAZDOCK,EQ,1008267,195160,19.36
20,1462,MBAPL,EQ,5880,3943,67.06
20,1463,MCL,EQ,37856,18797,49.65
20,1464,MCLEODRUSS,EQ,999776,773100,77.33
20,1465,MCON,SM,25000,17000,68.00
20,1466,MCX,EQ,234608,67404,28.73
20,1467,MDL,SM,11000,6000,54.55
20,1468,MEDANTA,EQ,99931,36885,36.91
20,1469,MEDIASSIST,EQ,98437,45479,46.20
20,1470,MEDICAMEQ,EQ,22929,11578,50.50
20,1471,MEDICO,EQ,2519879,1371146,54.41
20,1472,MEDIORG,ST,8000,8000,100.00
20,1473,MEDPLUS,EQ,273977,238616,87.09
20,1474,MEGAFLEX,ST,6000,6000,100.00
20,1475,MEGASTAR,EQ,3690,2319,62.85
20,1476,MEGATHERM,SM,35200,24000,68.18
20,1477,MENONBE,EQ,121520,55940,46.03
20,1478,METAL,EQ,363749,291242,80.07
20,1479,METALIETF,EQ,5000607,2961625,59.23
20,1480,METROBRAND,EQ,15024,6666,44.37
20,1481,METROPOLIS,EQ,181560,74997,41.31
20,1482,MFSL,EQ,296773,123444,41.60
20,1483,MGEL,EQ,80305,50772,63.22
20,1484,MGL,EQ,471817,181518,38.47
20,1485,MHHL,SM,13500,13500,100.00
20,1486,MHLXMIRU,EQ,6397,2987,46.69
20,1487,MHRIL,EQ,83204,37876,45.52
20,1488,MICEL,EQ,325979,201336,61.76
20,1489,MICROPRO,SM,24000,17600,73.33
20,1490,MID150BEES,EQ,473910,270259,57.03
20,1491,MID150CASE,EQ,421540,381051,90.39
20,1492,MIDCAP,EQ,42803,33242,77.66
20,1493,MIDCAPETF,EQ,1288891,727118,56.41
20,1494,MIDCAPIETF,EQ,401965,230233,57.28
20,1495,MIDHANI,EQ,268116,113135,42.20
20,1496,MIDQ50ADD,EQ,3337,3186,95.47
20,1497,MIDSELIETF,EQ,115388,72150,62.53
20,1498,MIDSMALL,EQ,401865,327288,81.44
20,1499,MIEL,ST,24000,24000,100.00
20,1500,MINDACORP,EQ,156624,66361,42.37
20,1501,MINDSPACE,RR,235501,212917,90.41
20,1502,MIRZAINT,EQ,108173,64249,59.39
20,1503,MITCON,EQ,9013,5969,66.23
20,1504,MITCONPP,E1,682,206,30.21
20,1505,MITTAL,EQ,7905917,7269089,91.94
20,1506,M&M,EQ,4455563,2099464,47.12
20,1507,M&MFIN,EQ,2543165,366070,14.39
20,1508,M&MFIN,N3,267,265,99.25
20,1509,MMFL,EQ,29354,16830,57.33
20,1510,MMTC,EQ,2168953,489874,22.59
20,1511,MNC,EQ,64557,51036,79.06
20,1512,MODEFENCE,EQ,146852,115803,78.86
20,1513,MOGSEC,EQ,6234,5953,95.49
20,1514,MOHEALTH,EQ,50652,42044,83.01
20,1515,MOHITIND,EQ,66133,44534,67.34
20,1516,MOIL,EQ,711518,339737,47.75
20,1517,MOL,EQ,1499405,527311,35.17
20,1518,MOLDTECH,EQ,68370,36037,52.71
20,1519,MOLDTKPAC,EQ,239197,189538,79.24
20,1520,MOLOWVOL,EQ,12411,10350,83.39
20,1521,MOM100,EQ,335002,188008,56.12
20,1522,MOM30IETF,EQ,616420,408829,66.32
20,1523,MOM50,EQ,5186,3061,59.02
20,1524,MOMENTUM,EQ,114851,90181,78.52
20,1525,MOMENTUM50,EQ,290723,232064,79.82
20,1526,MOMOMENTUM,EQ,199303,122135,61.28
20,1527,MON100,EQ,653844,423702,64.80
20,1528,MONARCH,EQ,352873,152442,43.20
20,1529,MONIFTY500,EQ,364511,321261,88.13
20,1530,MONQ50,EQ,173488,130728,75.35
20,1531,MONTECARLO,EQ,9430,4356,46.19
20,1532,MOQUALITY,EQ,4879,2578,52.84
20,1533,MOREALTY,EQ,369111,348126,94.31
20,1534,MOREPENLAB,EQ,7034487,1848073,26.27
20,1535,MOS,ST,32400,25600,79.01
20,1536,MOSMALL250,EQ,434335,357850,82.39
20,1537,MOTHERSON,EQ,12041943,5361416,44.52
20,1538,MOTILALOFS,EQ,11238697,1729561,15.39
20,1539,MOTOGENFIN,EQ,4141,3552,85.78
20,1540,MOVALUE,EQ,78110,58006,74.26
20,1541,MPHASIS,EQ,815466,462440,56.71
20,1542,MPSLTD,EQ,6529,3367,51.57
20,1543,MRF,EQ,15073,3112,20.65
20,1544,MRO-TEK,EQ,2008,1366,68.03
20,1545,MRPL,EQ,4035333,810087,20.07
20,1546,MSTCLTD,EQ,163865,88942,54.28
20,1547,MSUMI,EQ,1934111,991050,51.24
20,1548,MTARTECH,EQ,69096,31209,45.17
20,1549,MTNL,EQ,2199952,762332,34.65
20,1550,MUFIN,EQ,253310,143318,56.58
20,1551,MUFTI,EQ,112845,67377,59.71
20,1552,MUKANDLTD,EQ,111454,36389,32.65
20,1553,MUKKA,EQ,1569332,490942,31.28
20,1554,MULTICAP,EQ,87856,70058,79.74
20,1555,MUNJALAU,EQ,284542,100916,35.47
20,1556,MUNJALSHOW,EQ,34986,19719,56.36
20,1557,MURUDCERA,EQ,24880,13794,55.44
20,1558,MUTHOOTCAP,EQ,36967,24260,65.63
20,1559,MUTHOOTFIN,EQ,155826,47138,30.25
20,1560,MUTHOOTMF,EQ,149177,81924,54.92
20,1561,MVGJL,EQ,104416,48169,46.13
20,1562,MVKAGRO,SM,3600,3600,100.00
20,1563,MWL,SM,10800,7200,66.67
20,1564,MYMUDRA,SM,88800,76800,86.49
20,1565,NACLIND,EQ,203019,111200,54.77
20,1566,NAGAFERT,EQ,873229,512318,58.67
20,1567,NAGREEKCAP,EQ,7223,7218,99.93
20,1568,NAHARCAP,EQ,24738,12466,50.39
20,1569,NAHARINDUS,EQ,20776,13612,65.52
20,1570,NAHARSPING,EQ,24397,11271,46.20
20,1571,NAMAN,ST,39200,37600,95.92
20,1572,NAM-INDIA,EQ,655518,384412,58.64
20,1573,NAMOEWASTE,SM,590400,220800,37.40
20,1574,NARMADA,EQ,194866,155056,79.57
20,1575,NATCOPHARM,EQ,271053,143220,52.84
20,1576,NATHBIOGEN,EQ,8272,5426,65.59
20,1577,NATIONALUM,EQ,26518054,4818749,18.17
20,1578,NAUKRI,EQ,579365,156513,27.01
20,1579,NAVA,EQ,136061,78798,57.91
20,1580,NAVINFLUOR,EQ,204063,122495,60.03
20,1581,NAVINIFTY,EQ,6564,5401,82.28
20,1582,NAVKARCORP,EQ,623872,272304,43.65
20,1583,NAVNETEDUL,EQ,141441,71471,50.53
20,1584,NAZARA,EQ,346840,217063,62.58
20,1585,NBCC,EQ,3825063,1473035,38.51
20,1586,NBIFIN,EQ,685,458,66.86
20,1587,NCC,EQ,5144729,1734138,33.71
20,1588,NCLIND,EQ,280652,105026,37.42
20,1589,NDLVENTURE,EQ,41703,18301,43.88
20,1590,NDRAUTO,EQ,40603,26959,66.40
20,1591,NDTV,EQ,154479,72571,46.98
20,1592,NECCLTD,EQ,2113993,1047954,49.57
20,1593,NELCAST,EQ,110791,66611,60.12
20,1594,NELCO,EQ,181261,49192,27.14
20,1595,NEOGEN,EQ,62170,18669,30.03
20,1596,NEPHROCARE,ST,8800,8800,100.00
20,1597,NESCO,EQ,63707,38386,60.25
20,1598,NESTLEIND,EQ,834995,495017,59.28
20,1599,NETF,EQ,7384,6309,85.44
20,1600,NETWEB,EQ,394375,142557,36.15
20,1601,NETWORK18,EQ,1231488,402741,32.70
20,1602,NEULANDLAB,EQ,24457,13862,56.68
20,1603,NEWGEN,EQ,82365,35742,43.39
20,1604,NEWJAISA,SM,15000,13500,90.00
20,1605,NEXT50,EQ,21351,11454,53.65
20,1606,NEXT50IETF,EQ,571220,462095,80.90
20,1607,NFL,EQ,1628317,425067,26.10
20,1608,NGIL,EQ,17278,4798,27.77
20,1609,NGLFINE,EQ,2718,1785,65.67
20,1610,NH,EQ,281386,153259,54.47
20,1611,NHPC,EQ,27575921,6924142,25.11
20,1612,NIACL,EQ,1178369,450499,38.23
20,1613,NIDAN,SM,6000,6000,100.00
20,1614,NIF100BEES,EQ,16321,11952,73.23
20,1615,NIF100IETF,EQ,156566,83824,53.54
20,1616,NIF10GETF,EQ,677,271,40.03
20,1617,NIFITETF,EQ,536,497,92.72
20,1618,NIFMID150,EQ,1440,1400,97.22
20,1619,NIFTY1,EQ,44022,32846,74.61
20,1620,NIFTY50ADD,EQ,7456,5880,78.86
20,1621,NIFTYBEES,EQ,3450036,2147582,62.25
20,1622,NIFTYBETF,EQ,2545,2010,78.98
20,1623,NIFTYETF,EQ,68637,40507,59.02
20,1624,NIFTYIETF,EQ,169296,93741,55.37
20,1625,NIFTYQLITY,EQ,54658,36159,66.16
20,1626,NIITLTD,EQ,6752815,1489249,22.05
20,1627,NIITMTS,EQ,60325,43660,72.37
20,1628,NILAINFRA,EQ,649941,352557,54.24
20,1629,NILKAMAL,EQ,5559,2791,50.21
20,1630,NINSYS,EQ,6352,3005,47.31
20,1631,NIPPOBATRY,EQ,3530,1658,46.97
20,1632,NIRMAN,ST,25800,22500,87.21
20,1633,NITINSPIN,EQ,182315,65982,36.19
20,1634,NITIRAJ,EQ,12694,8791,69.25
20,1635,NKIND,EQ,1207,990,82.02
20,1636,NLCINDIA,EQ,976560,382630,39.18
20,1637,NMDC,EQ,23074306,7747204,33.58
20,1638,NOCIL,EQ,248972,105112,42.22
20,1639,NOIDATOLL,EQ,216627,160873,74.26
20,1640,NORTHARC,EQ,235644,112548,47.76
20,1641,NPBET,EQ,589,556,94.40
20,1642,NPST,SM,27100,22050,81.37
20,1643,NRAIL,EQ,14161,8424,59.49
20,1644,NRBBEARING,EQ,2828992,588986,20.82
20,1645,NSLNISP,EQ,3678757,1319694,35.87
20,1646,NTPC,EQ,7536509,3998735,53.06
20,1647,NUCLEUS,EQ,12402,6465,52.13
20,1648,NURECA,EQ,5540,3326,60.04
20,1649,NUVAMA,EQ,99744,32425,32.51
20,1650,NUVOCO,EQ,73035,27648,37.86
20,1651,NV20,EQ,10564,7998,75.71
20,1652,NV20BEES,EQ,12711,8363,65.79
20,1653,NV20IETF,EQ,545137,349822,64.17
20,1654,NXST,RR,216380,194408,89.85
20,1655,NYKAA,EQ,7382326,3703797,50.17
20,1656,OAL,EQ,62593,19293,30.82
20,1657,OBCL,EQ,7822,6653,85.05
20,1658,OBEROIRLTY,EQ,1046572,565337,54.02
20,1659,OBSCP,ST,177600,177600,100.00
20,1660,OCCL,EQ,33796,12589,37.25
20,1661,OFSS,EQ,97671,39331,40.27
20,1662,OIL,EQ,2521219,1039854,41.24
20,1663,OILIETF,EQ,2435661,1502906,61.70
20,1664,OLAELEC,EQ,30134626,10598436,35.17
20,1665,OLECTRA,EQ,331456,121656,36.70
20,1666,OLIL,SM,13200,12000,90.91
20,1667,OMAXAUTO,EQ,29909,26135,87.38
20,1668,OMAXE,EQ,38754,28160,72.66
20,1669,OMFURN,SM,26400,24000,90.91
20,1670,OMINFRAL,EQ,410433,305070,74.33
20,1671,ONEPOINT,EQ,761119,458504,60.24
20,1672,ONGC,EQ,7836093,4109882,52.45
20,1673,ONMOBILE,EQ,360211,100967,28.03
20,1674,ONWARDTEC,EQ,54639,30352,55.55
20,1675,ORBTEXP,EQ,21826,12922,59.20
20,1676,ORCHPHARMA,EQ,50171,28686,57.18
20,1677,ORIANA,SM,62100,35850,57.73
20,1678,ORICONENT,EQ,445121,237708,53.40
20,1679,ORIENTBELL,EQ,93615,51394,54.90
20,1680,ORIENTCEM,EQ,595001,398403,66.96
20,1681,ORIENTCER,EQ,25939,14857,57.28
20,1682,ORIENTELEC,EQ,82198,36192,44.03
20,1683,ORIENTHOT,EQ,1438781,605023,42.05
20,1684,ORIENTLTD,EQ,25045,11445,45.70
20,1685,ORIENTPPR,EQ,1218343,610396,50.10
20,1686,ORIENTTECH,EQ,1037461,353223,34.05
20,1687,ORISSAMINE,EQ,7949,2639,33.20
20,1688,ORTINGLOBE,EQ,17580,10542,59.97
20,1689,OSELDEVICE,SM,64800,43200,66.67
20,1690,OSWALGREEN,EQ,3401783,763800,22.45
20,1691,OWAIS,SM,57200,39600,69.23
20,1692,PAGEIND,EQ,175762,51830,29.49
20,1693,PAISALO,EQ,730326,287100,39.31
20,1694,PAKKA,EQ,86929,42829,49.27
20,1695,PALASHSECU,EQ,42981,20681,48.12
20,1696,PANAMAPET,EQ,90756,49639,54.70
20,1697,PANSARI,EQ,26586,16505,62.08
20,1698,PAR,EQ,109693,67138,61.21
20,1699,PARACABLES,EQ,724030,362797,50.11
20,1700,PARADEEP,EQ,5383873,2085619,38.74
20,1701,PARAGMILK,EQ,1841012,569307,30.92
20,1702,PARAGON,SM,33600,27600,82.14
20,1703,PARAMATRIX,SM,7200,4800,66.67
20,1704,PARAMOUNT,SM,9600,8400,87.50
20,1705,PARAS,EQ,78808,38096,48.34
20,1706,PARKHOTELS,EQ,193355,121718,62.95
20,1707,PARTYCRUS,SM,13000,12000,92.31
20,1708,PASHUPATI,ST,11800,11800,100.00
20,1709,PATANJALI,EQ,485869,258338,53.17
20,1710,PATELENG,EQ,3062637,1352735,44.17
20,1711,PATINTLOG,EQ,2218099,1038637,46.83
20,1712,PAYTM,EQ,22266898,3920025,17.60
20,1713,PCBL,EQ,1287159,556612,43.24
20,1714,PCCL,SM,14400,12000,83.33
20,1715,PDMJEPAPER,EQ,528324,159987,30.28
20,1716,PDSL,EQ,56464,28882,51.15
20,1717,PEARLPOLY,EQ,46515,21002,45.15
20,1718,PEL,EQ,415947,120398,28.95
20,1719,PELATRO,SM,39600,31200,78.79
20,1720,PENIND,EQ,899158,326529,36.31
20,1721,PENINLAND,EQ,1702051,459645,27.01
20,1722,PENTAGON,SM,3000,3000,100.00
20,1723,PERSISTENT,EQ,376081,134795,35.84
20,1724,PETRONET,EQ,3287395,1410240,42.90
20,1725,PFC,EQ,5816760,2104917,36.19
20,1726,PFIZER,EQ,8574,3874,45.18
20,1727,PFOCUS,EQ,28049,12574,44.83
20,1728,PFS,EQ,1178379,772666,65.57
20,1729,PGEL,EQ,1683633,841769,50.00
20,1730,PGHH,EQ,15987,8984,56.20
20,1731,PGHL,EQ,9801,4969,50.70
20,1732,PGIL,EQ,93691,45384,48.44
20,1733,PGINVIT,IV,788096,657034,83.37
20,1734,PHANTOMFX,SM,32700,23400,71.56
20,1735,PHARMABEES,EQ,4870744,3376912,69.33
20,1736,PHOENIXLTD,EQ,298399,140658,47.14
20,1737,PHOGLOBAL,ST,48000,46000,95.83
20,1738,PIDILITIND,EQ,107368,53343,49.68
20,1739,PIIND,EQ,166782,87738,52.61
20,1740,PILITA,EQ,310652,176674,56.87
20,1741,PIONEEREMB,EQ,23269,12169,52.30
20,1742,PITTIENG,EQ,53327,28517,53.48
20,1743,PIXTRANS,EQ,215071,49600,23.06
20,1744,PKTEA,EQ,5607,4465,79.63
20,1745,PLATIND,EQ,434594,165945,38.18
20,1746,PLAZACABLE,EQ,35957,23196,64.51
20,1747,PNB,EQ,31981183,9022738,28.21
20,1748,PNBGILTS,EQ,274062,111645,40.74
20,1749,PNBHOUSING,EQ,462043,181594,39.30
20,1750,PNC,EQ,13105,9397,71.71
20,1751,PNCINFRA,EQ,417552,182339,43.67
20,1752,PNGJL,EQ,225739,98688,43.72
20,1753,POCL,EQ,78731,34764,44.16
20,1754,PODDARMENT,EQ,4743,2854,60.17
20,1755,POKARNA,EQ,65160,27664,42.46
20,1756,POLICYBZR,EQ,625061,313161,50.10
20,1757,POLYCAB,EQ,164756,63340,38.44
20,1758,POLYMED,EQ,72718,34175,47.00
20,1759,POLYPLEX,EQ,275026,125083,45.48
20,1760,POLYSIL,SM,30000,22000,73.33
20,1761,PONNIERODE,EQ,41673,21613,51.86
20,1762,POONAWALLA,EQ,1143999,538897,47.11
20,1763,POSITRON,ST,18300,18000,98.36
20,1764,POWERGRID,EQ,15740539,11874347,75.44
20,1765,POWERINDIA,EQ,23164,10589,45.71
20,1766,POWERMECH,EQ,37175,16492,44.36
20,1767,PPAP,EQ,35453,17004,47.96
20,1768,PPL,EQ,73599,34729,47.19
20,1769,PPLPHARMA,EQ,6423785,1622822,25.26
20,1770,PPSL,SM,414000,366000,88.41
20,1771,PRAJIND,EQ,430314,152526,35.45
20,1772,PRAKASH,EQ,421692,233014,55.26
20,1773,PRAKASHSTL,EQ,298958,163615,54.73
20,1774,PRAMARA,SM,8000,8000,100.00
20,1775,PRANIK,SM,56000,51200,91.43
20,1776,PRATHAM,ST,11200,10400,92.86
20,1777,PRECAM,EQ,417684,118062,28.27
20,1778,PRECISION,SM,24000,22000,91.67
20,1779,PRECOT,EQ,1730,1431,82.72
20,1780,PRECWIRE,EQ,295190,131670,44.61
20,1781,PREMEXPLN,EQ,273148,149583,54.76
20,1782,PREMIERENE,EQ,3522594,865272,24.56
20,1783,PREMIUM,ST,93000,78000,83.87
20,1784,PRESSTONIC,SM,148000,84000,56.76
20,1785,PRESTIGE,EQ,668541,472869,70.73
20,1786,PRICOLLTD,EQ,301381,174791,58.00
20,1787,PRIMESECU,EQ,75618,46013,60.85
20,1788,PRINCEPIPE,EQ,394090,139072,35.29
20,1789,PRITI,EQ,112878,68807,60.96
20,1790,PRITIKA,ST,61000,39000,63.93
20,1791,PRITIKAUTO,EQ,346273,196810,56.84
20,1792,PRIVISCL,EQ,58925,27732,47.06
20,1793,PRIZOR,ST,13600,12000,88.24
20,1794,PRLIND,SM,24000,17000,70.83
20,1795,PROLIFE,SM,11000,6500,59.09
20,1796,PROPEQUITY,SM,24600,20400,82.93
20,1797,PROV,SM,480,320,66.67
20,1798,PROZONER,EQ,177252,89239,50.35
20,1799,PRSMJOHNSN,EQ,460154,167582,36.42
20,1800,PRUDENT,EQ,47664,15747,33.04
20,1801,PSB,EQ,864218,266956,30.89
20,1802,PSFL,SM,40000,30000,75.00
20,1803,PSPPROJECT,EQ,130163,77355,59.43
20,1804,PSUBANK,EQ,18555,11046,59.53
20,1805,PSUBANKADD,EQ,26470,23871,90.18
20,1806,PSUBNKBEES,EQ,2564378,1237845,48.27
20,1807,PSUBNKIETF,EQ,151398,73376,48.47
20,1808,PTC,EQ,1094122,536471,49.03
20,1809,PTCIL,EQ,8649,6431,74.36
20,1810,PTL,EQ,28384,20650,72.75
20,1811,PULZ,ST,2000,2000,100.00
20,1812,PUNJABCHEM,EQ,9137,4732,51.79
20,1813,PURVA,EQ,59715,35759,59.88
20,1814,PURVFLEXI,SM,36800,28800,78.26
20,1815,PVRINOX,EQ,273155,90388,33.09
20,1816,PVSL,EQ,43849,24968,56.94
20,1817,PVTBANIETF,EQ,2584092,2206206,85.38
20,1818,PVTBANKADD,EQ,29293,26139,89.23
20,1819,PYRAMID,EQ,1032397,232102,22.48
20,1820,QFIL,SM,8000,5000,62.50
20,1821,QGOLDHALF,EQ,70999,57008,80.29
20,1822,QMSMEDI,SM,14000,13000,92.86
20,1823,QNIFTY,EQ,1016,653,64.27
20,1824,QUADPRO,SM,36000,36000,100.00
20,1825,QUAL30IETF,EQ,143280,68140,47.56
20,1826,QUESS,EQ,62641,23673,37.79
20,1827,QUESTLAB,SM,9600,7200,75.00
20,1828,QUICKHEAL,EQ,182740,43726,23.93
20,1829,QUICKTOUCH,SM,6000,4500,75.00
20,1830,QVCEL,ST,9600,8000,83.33
20,1831,RACE,EQ,12468,2479,19.88
20,1832,RADIANTCMS,EQ,88291,58643,66.42
20,1833,RADICO,EQ,104067,36786,35.35
20,1834,RADIOCITY,EQ,146469,99239,67.75
20,1835,RADIOCITY,P1,109,109,100.00
20,1836,RADIOWALLA,SM,4800,3200,66.67
20,1837,RAILTEL,EQ,1393450,357358,25.65
20,1838,RAIN,EQ,1511837,747928,49.47
20,1839,RAINBOW,EQ,103423,38275,37.01
20,1840,RAJESHEXPO,EQ,217079,94550,43.56
20,1841,RAJINDLTD,SM,91500,69000,75.41
20,1842,RAJMET,EQ,642764,387128,60.23
20,1843,RAJRATAN,EQ,26496,17335,65.42
20,1844,RAJSREESUG,EQ,64354,32119,49.91
20,1845,RALLIS,EQ,440743,153554,34.84
20,1846,RAMANEWS,EQ,35145,26031,74.07
20,1847,RAMAPHO,EQ,17726,9569,53.98
20,1848,RAMASTEEL,EQ,13304367,3321029,24.96
20,1849,RAMCOCEM,EQ,741295,559641,75.50
20,1850,RAMCOIND,EQ,830548,266950,32.14
20,1851,RAMCOSYS,EQ,49851,22991,46.12
20,1852,RAMKY,EQ,54875,33973,61.91
20,1853,RAMRAT,EQ,18171,10820,59.55
20,1854,RANASUG,EQ,208915,86465,41.39
20,1855,RANEHOLDIN,EQ,13787,5153,37.38
20,1856,RAPPID,SM,8400,6600,78.57
20,1857,RATEGAIN,EQ,265376,147480,55.57
20,1858,RATNAMANI,EQ,13118,6070,46.27
20,1859,RAYMOND,EQ,124651,42483,34.08
20,1860,RAYMONDLSL,EQ,156198,56621,36.25
20,1861,RBA,EQ,1163127,618861,53.21
20,1862,RBLBANK,EQ,7698512,3577730,46.47
20,1863,RBMINFRA,ST,17000,14600,85.88
20,1864,RBS,SM,11200,9600,85.71
20,1865,RCDL,SM,120000,87000,72.50
20,1866,RCF,EQ,1359233,438232,32.24
20,1867,RECLTD,EQ,7465928,3119544,41.78
20,1868,REDINGTON,EQ,1175713,507559,43.17
20,1869,REDTAPE,EQ,68513,22435,32.75
20,1870,REFRACTORY,ST,23000,22000,95.65
20,1871,RELAXO,EQ,19500,9528,48.86
20,1872,RELCHEMQ,EQ,116800,39185,33.55
20,1873,RELIABLE,EQ,5032,3175,63.10
20,1874,RELIANCE,EQ,19814406,12381972,62.49
20,1875,RELIGARE,EQ,491962,305381,62.07
20,1876,REMSONSIND,EQ,21522,10460,48.60
20,1877,REMUS,SM,1650,1150,69.70
20,1878,RENUKA,EQ,13375464,2463130,18.42
20,1879,REPCOHOME,EQ,59605,28668,48.10
20,1880,REPL,EQ,7181,3312,46.12
20,1881,REPRO,EQ,11042,6476,58.65
20,1882,RESPONIND,EQ,424189,30354,7.16
20,1883,REXPIPES,SM,18000,12000,66.67
20,1884,RGL,EQ,593941,215254,36.24
20,1885,RHIM,EQ,418171,218118,52.16
20,1886,RHL,EQ,18373,13663,74.36
20,1887,RICHA,SM,4000,4000,100.00
20,1888,RICOAUTO,EQ,322974,171635,53.14
20,1889,RIIL,EQ,90337,28151,31.16
20,1890,RILINFRA,ST,4600,4600,100.00
20,1891,RISHABH,EQ,50071,29613,59.14
20,1892,RITCO,EQ,332044,151043,45.49
20,1893,RITES,EQ,783022,358969,45.84
20,1894,RITEZONE,SM,1600,1600,100.00
20,1895,RKEC,EQ,50240,31666,63.03
20,1896,RKFORGE,EQ,247166,90587,36.65
20,1897,RKSWAMY,EQ,21939,13467,61.38
20,1898,RMDRIP,ST,7000,7000,100.00
20,1899,RML,EQ,15145,7644,50.47
20,1900,RNFI,SM,92400,73200,79.22
20,1901,ROCKINGDCE,SM,3250,1750,53.85
20,1902,ROHLTD,EQ,245811,70384,28.63
20,1903,ROLEXRINGS,EQ,51737,22397,43.29
20,1904,ROML,EQ,2674,1532,57.29
20,1905,ROSSARI,EQ,34806,11612,33.36
20,1906,ROTO,EQ,314263,95661,30.44
20,1907,ROUTE,EQ,58948,34667,58.81
20,1908,ROXHITECH,SM,59200,43200,72.97
20,1909,RPEL,EQ,74123,32443,43.77
20,1910,RPGLIFE,EQ,55259,19676,35.61
20,1911,RPPL,EQ,72570,52361,72.15
20,1912,RPSGVENT,EQ,40472,20497,50.64
20,1913,RPTECH,EQ,83793,38615,46.08
20,1914,RRKABEL,EQ,48126,17429,36.22
20,1915,RSWM,EQ,33415,19501,58.36
20,1916,RSYSTEMS,EQ,330953,114209,34.51
20,1917,RTNINDIA,EQ,2146827,670909,31.25
20,1918,RTNPOWER,EQ,8008081,5284396,65.99
20,1919,RUBFILA,EQ,159806,116920,73.16
20,1920,RUBYMILLS,EQ,10410,4439,42.64
20,1921,RUCHIRA,EQ,37684,18481,49.04
20,1922,RULKA,SM,23700,18000,75.95
20,1923,RUPA,EQ,275557,100430,36.45
20,1924,RUSHIL,EQ,548191,311776,56.87
20,1925,RUSTOMJEE,EQ,18304,9873,53.94
20,1926,RVHL,EQ,28115,18340,65.23
20,1927,RVNL,EQ,8178730,2350916,28.74
20,1928,SAAKSHI,SM,5400,5400,100.00
20,1929,SABAR,SM,45000,35000,77.78
20,1930,SADBHAV,EQ,1321314,755935,57.21
20,1931,SADBHIN,EQ,174963,112734,64.43
20,1932,SADHAV,SM,19200,12000,62.50
20,1933,SADHNANIQ,EQ,1482584,246722,16.64
20,1934,SAFARI,EQ,113689,44660,39.28
20,1935,SAGARDEEP,EQ,48174,18478,38.36
20,1936,SAGCEM,EQ,31078,20348,65.47
20,1937,SAH,EQ,37257,9231,24.78
20,1938,SAHAJ,SM,8000,8000,100.00
20,1939,SAHAJSOLAR,ST,32000,30200,94.38
20,1940,SAHANA,SM,8875,7750,87.32
20,1941,SAHASRA,SM,148000,87600,59.19
20,1942,SAHYADRI,EQ,4292,3103,72.30
20,1943,SAIFL,SM,6400,4000,62.50
20,1944,SAIL,EQ,47743659,6103910,12.78
20,1945,SAJHOTELS,SM,16000,14000,87.50
20,1946,SAKAR,EQ,13954,10550,75.61
20,1947,SAKHTISUG,EQ,303406,131138,43.22
20,1948,SAKSOFT,EQ,651234,184563,28.34
20,1949,SALASAR,EQ,5534948,1721623,31.10
20,1950,SALONA,EQ,47126,12466,26.45
20,1951,SALSTEEL,EQ,136698,88514,64.75
20,1952,SALZERELEC,EQ,92975,47448,51.03
20,1953,SAMBHAAV,EQ,93889,59631,63.51
20,1954,SAMHI,EQ,2655599,1064395,40.08
20,1955,SAMMAANCAP,EQ,2677460,1198301,44.76
20,1956,SAMPANN,EQ,44122,24570,55.69
20,1957,SANDESH,EQ,2088,882,42.24
20,1958,SANDHAR,EQ,67195,38418,57.17
20,1959,SANDUMA,EQ,63462,28790,45.37
20,1960,SANGAMIND,EQ,10530,6255,59.40
20,1961,SANGANI,ST,3000,3000,100.00
20,1962,SANGHIIND,EQ,190360,115843,60.85
20,1963,SANGHVIMOV,EQ,157018,56695,36.11
20,1964,SANGINITA,EQ,19963,15019,75.23
20,1965,SANOFI,EQ,5201,2763,53.12
20,1966,SANOFICONR,EQ,46382,43746,94.32
20,1967,SANSERA,EQ,50468,20231,40.09
20,1968,SANSTAR,EQ,705741,291716,41.33
20,1969,SAPPHIRE,EQ,213884,94907,44.37
20,1970,SARDAEN,EQ,537397,175734,32.70
20,1971,SAREGAMA,EQ,410757,176844,43.05
20,1972,SARTELE,SM,60500,46500,76.86
20,1973,SARVESHWAR,EQ,1819736,1006089,55.29
20,1974,SASKEN,EQ,11562,5928,51.27
20,1975,SASTASUNDR,EQ,40336,26702,66.20
20,1976,SATECH,ST,71000,70000,98.59
20,1977,SATIA,EQ,103638,59379,57.29
20,1978,SATIN,EQ,1036766,381221,36.77
20,1979,SATINDLTD,EQ,341099,169378,49.66
20,1980,SATIPOLY,SM,208500,105000,50.36
20,1981,SAURASHCEM,EQ,58752,32889,55.98
20,1982,SBC,EQ,2185568,815992,37.34
20,1983,SBCL,EQ,115117,46267,40.19
20,1984,SBFC,EQ,949598,506717,53.36
20,1985,SBGLP,EQ,479451,97417,20.32
20,1986,SBICARD,EQ,540437,296641,54.89
20,1987,SBIETFCON,EQ,7438,6326,85.05
20,1988,SBIETFIT,EQ,5960,4198,70.44
20,1989,SBIETFPB,EQ,4834,4233,87.57
20,1990,SBIETFQLTY,EQ,2989,2733,91.44
20,1991,SBILIFE,EQ,1131938,889733,78.60
20,1992,SBIN,EQ,26139105,5747213,21.99
20,1993,SBINEQWETF,EQ,12574,11158,88.74
20,1994,SBISILVER,EQ,123459,92653,75.05
20,1995,SCHAEFFLER,EQ,46504,19650,42.25
20,1996,SCHAND,EQ,42904,24623,57.39
20,1997,SCHNEIDER,EQ,115904,50121,43.24
20,1998,SCI,EQ,1792096,808278,45.10
20,1999,SCILAL,EQ,604133,328868,54.44
20,2000,SCL25,Y6,5,5,100.00
20,2001,SCLZC25B,AT,4,4,100.00
20,2002,SCLZC26B,AY,120,120,100.00
20,2003,SCML,SM,1000,1000,100.00
20,2004,SDBL,EQ,493205,227751,46.18
20,2005,SDL26BEES,EQ,107911,106661,98.84
20,2006,SDREAMS,SM,238000,148000,62.18
20,2007,SEAMECLTD,EQ,6503,3521,54.14
20,2008,SECL,SM,6250,6250,100.00
20,2009,SECMARK,EQ,3642,2329,63.95
20,2010,SECURKLOUD,EQ,24718,13336,53.95
20,2011,SEL,ST,2800,2800,100.00
20,2012,SELAN,EQ,31875,19451,61.02
20,2013,SENCO,EQ,440957,211298,47.92
20,2014,SENSEXADD,EQ,741,493,66.53
20,2015,SENSEXETF,EQ,10088,7234,71.71
20,2016,SENSEXIETF,EQ,3654,2493,68.23
20,2017,SEPC,EQ,8144643,3108023,38.16
20,2018,SERVOTECH,EQ,649094,317985,48.99
20,2019,SESHAPAPER,EQ,8462,5943,70.23
20,2020,SETCO,EQ,158669,80869,50.97
20,2021,SETF10GILT,EQ,16822,13534,80.45
20,2022,SETFGOLD,EQ,2026867,1591303,78.51
20,2023,SETFNIF50,EQ,2384640,2224241,93.27
20,2024,SETFNIFBK,EQ,10047,7231,71.97
20,2025,SETFNN50,EQ,26184,20871,79.71
20,2026,SFL,EQ,39061,26136,66.91
20,2027,SFLZC25A,ZK,1,1,100.00
20,2028,SFLZC26A,ZC,100,100,100.00
20,2029,SGBAPR28I,GB,48,45,93.75
20,2030,SGBAUG27,GB,123,93,75.61
20,2031,SGBAUG28V,GB,245,191,77.96
20,2032,SGBAUG29V,GB,69,47,68.12
20,2033,SGBAUG30,GB,175,133,76.00
20,2034,SGBD29VIII,GB,147,121,82.31
20,2035,SGBDC27VII,GB,88,55,62.50
20,2036,SGBDE30III,GB,211,142,67.30
20,2037,SGBDE31III,GB,950,657,69.16
20,2038,SGBDEC2512,GB,3,2,66.67
20,2039,SGBDEC2513,GB,1,1,100.00
20,2040,SGBDEC26,GB,3,3,100.00
20,2041,SGBFEB29XI,GB,28,20,71.43
20,2042,SGBFEB32IV,GB,1219,770,63.17
20,2043,SGBJ28VIII,GB,142,142,100.00
20,2044,SGBJAN26,GB,13,13,100.00
20,2045,SGBJAN27,GB,1,1,100.00
20,2046,SGBJAN29IX,GB,907,467,51.49
20,2047,SGBJAN29X,GB,36,30,83.33
20,2048,SGBJAN30IX,GB,80,52,65.00
20,2049,SGBJU29III,GB,302,194,64.24
20,2050,SGBJUL25,GB,26,26,100.00
20,2051,SGBJUL27,GB,272,268,98.53
20,2052,SGBJUL28IV,GB,198,198,100.00
20,2053,SGBJUL29IV,GB,418,244,58.37
20,2054,SGBJUN27,GB,1,1,100.00
20,2055,SGBJUN28,GB,75,75,100.00
20,2056,SGBJUN29II,GB,117,114,97.44
20,2057,SGBJUN30,GB,37,37,100.00
20,2058,SGBJUN31I,GB,882,683,77.44
20,2059,SGBMAR25,GB,55,50,90.91
20,2060,SGBMAR28X,GB,154,146,94.81
20,2061,SGBMAR30X,GB,230,174,75.65
20,2062,SGBMAR31IV,GB,147,109,74.15
20,2063,SGBMAY25,GB,55,48,87.27
20,2064,SGBMAY26,GB,5,5,100.00
20,2065,SGBMAY28,GB,83,70,84.34
20,2066,SGBMAY29I,GB,953,795,83.42
20,2067,SGBMR29XII,GB,64,35,54.69
20,2068,SGBN28VIII,GB,145,88,60.69
20,2069,SGBNOV24,GB,108,105,97.22
20,2070,SGBNOV25IX,GB,18,18,100.00
20,2071,SGBNOV25VI,GB,81,80,98.77
20,2072,SGBNOV26,GB,4,4,100.00
20,2073,SGBNV29VII,GB,344,302,87.79
20,2074,SGBOC28VII,GB,78,75,96.15
20,2075,SGBOCT25,GB,14,12,85.71
20,2076,SGBOCT26,GB,1,1,100.00
20,2077,SGBOCT27,GB,389,358,92.03
20,2078,SGBOCT27VI,GB,17,17,100.00
20,2079,SGBSEP27,GB,8,8,100.00
20,2080,SGBSEP28VI,GB,188,160,85.11
20,2081,SGBSEP29VI,GB,370,328,88.65
20,2082,SGBSEP31II,GB,1174,692,58.94
20,2083,SGIL,EQ,21887,13492,61.64
20,2084,SHAILY,EQ,151349,95505,63.10
20,2085,SHALBY,EQ,191014,115291,60.36
20,2086,SHALPAINTS,EQ,79445,38294,48.20
20,2087,SHANKARA,EQ,72254,43169,59.75
20,2088,SHANTI,EQ,70693,42933,60.73
20,2089,SHANTIGEAR,EQ,13450,7300,54.28
20,2090,SHARDACROP,EQ,819486,240424,29.34
20,2091,SHARDAMOTR,EQ,23551,12078,51.28
20,2092,SHAREINDIA,EQ,219391,120079,54.73
20,2093,SHARIABEES,EQ,2812,2223,79.05
20,2094,SHEETAL,SM,38000,22000,57.89
20,2095,SHEMAROO,EQ,30691,17972,58.56
20,2096,SHERA,SM,122000,86000,70.49
20,2097,SHIGAN,SM,4500,4500,100.00
20,2098,SHILPAMED,EQ,215521,79887,37.07
20,2099,SHIVALIK,EQ,8310,5821,70.05
20,2100,SHIVAMILLS,EQ,251243,71717,28.54
20,2101,SHIVATEX,EQ,469421,107378,22.87
20,2102,SHK,EQ,290107,87101,30.02
20,2103,SHOPERSTOP,EQ,137326,118843,86.54
20,2104,SHREDIGCEM,EQ,266262,158687,59.60
20,2105,SHREECEM,EQ,17563,8510,48.45
20,2106,SHREEKARNI,SM,2100,1350,64.29
20,2107,SHREEOSFM,SM,2000,2000,100.00
20,2108,SHREERAMA,EQ,873001,325211,37.25
20,2109,SHREYANIND,EQ,14658,12110,82.62
20,2110,SHRIPISTON,EQ,42379,22338,52.71
20,2111,SHRIRAMFIN,EQ,770349,383012,49.72
20,2112,SHRIRAMPPS,EQ,1031263,467489,45.33
20,2113,SHRITECH,SM,14000,8000,57.14
20,2114,SHUBHLAXMI,ST,3000,3000,100.00
20,2115,SHUBHSHREE,ST,19200,18000,93.75
20,2116,SHYAMCENT,EQ,135442,88175,65.10
20,2117,SHYAMMETL,EQ,425748,204249,47.97
20,2118,SIDDHIKA,SM,24000,22000,91.67
20,2119,SIEMENS,EQ,322837,160067,49.58
20,2120,SIGACHI,EQ,671168,378557,56.40
20,2121,SIGIND,EQ,50701,31337,61.81
20,2122,SIGMA,EQ,3153,2048,64.95
20,2123,SIGNATURE,EQ,1468900,617353,42.03
20,2124,SIGNORIA,SM,24000,17000,70.83
20,2125,SIGNPOST,EQ,11656,6826,58.56
20,2126,SIKKO,EQ,33043,12281,37.17
20,2127,SIL,EQ,37603,26009,69.17
20,2128,SILGO,EQ,69227,44314,64.01
20,2129,SILKFLEX,ST,8000,8000,100.00
20,2130,SILLYMONKS,EQ,3327,2379,71.51
20,2131,SILVER,EQ,194100,121281,62.48
20,2132,SILVER1,EQ,131397,115369,87.80
20,2133,SILVERADD,EQ,38428,28522,74.22
20,2134,SILVERBEES,EQ,8058865,5792401,71.88
20,2135,SILVERETF,EQ,172202,85070,49.40
20,2136,SILVERIETF,EQ,1685822,1220568,72.40
20,2137,SILVERTUC,EQ,7133,3758,52.68
20,2138,SILVRETF,EQ,46343,36684,79.16
20,2139,SINCLAIR,EQ,96404,28875,29.95
20,2140,SINDHUTRAD,EQ,402342,211661,52.61
20,2141,SINTERCOM,EQ,1305,959,73.49
20,2142,SIRCA,EQ,131518,47622,36.21
20,2143,SIS,EQ,20275,13307,65.63
20,2144,SIYSIL,EQ,1095941,232136,21.18
20,2145,SJLOGISTIC,ST,58000,52750,90.95
20,2146,SJS,EQ,174478,104162,59.70
20,2147,SJVN,EQ,3626568,1277702,35.23
20,2148,SKFINDIA,EQ,17802,9094,51.08
20,2149,SKIPPER,EQ,559362,171893,30.73
20,2150,SKMEGGPROD,EQ,45983,32243,70.12
20,2151,SKP,SM,10000,9000,90.00
20,2152,SLONE,SM,16000,16000,100.00
20,2153,SMALLCAP,EQ,590168,476026,80.66
20,2154,SMCGLOBAL,EQ,200986,110237,54.85
20,2155,SMLISUZU,EQ,16132,8053,49.92
20,2156,SMLT,EQ,104382,57314,54.91
20,2157,SMSPHARMA,EQ,147235,73575,49.97
20,2158,SNOWMAN,EQ,535199,195911,36.61
20,2159,SOBHA,EQ,81440,33547,41.19
20,2160,SOBHAPP,E1,962,930,96.67
20,2161,SOFTTECH,EQ,4612,2560,55.51
20,2162,SOLARA,EQ,93542,66605,71.20
20,2163,SOLARAPP,E1,834,738,88.49
20,2164,SOLARINDS,EQ,29611,15936,53.82
20,2165,SOLEX,SM,81250,53000,65.23
20,2166,SOMANYCERA,EQ,34669,18761,54.11
20,2167,SOMATEX,EQ,97306,37580,38.62
20,2168,SONACOMS,EQ,1522921,1169021,76.76
20,2169,SONAMAC,SM,21000,14000,66.67
20,2170,SONATSOFTW,EQ,323539,137025,42.35
20,2171,SOTAC,SM,3600,3600,100.00
20,2172,SOTL,EQ,31468,20272,64.42
20,2173,SOUTHBANK,EQ,7883581,3996618,50.70
20,2174,SOUTHWEST,EQ,35759,18119,50.67
20,2175,SPAL,EQ,9271,3546,38.25
20,2176,SPANDANA,EQ,223313,102679,45.98
20,2177,SPARC,EQ,212806,88927,41.79
20,2178,SPCENET,EQ,5410534,2488271,45.99
20,2179,SPCL,SM,28200,21600,76.60
20,2180,SPECIALITY,EQ,40268,32247,80.08
20,2181,SPECTRUM,SM,1750,1625,92.86
20,2182,SPECTSTM,ST,59200,58400,98.65
20,2183,SPENCERS,EQ,241142,119164,49.42
20,2184,SPIC,EQ,316104,111009,35.12
20,2185,SPLIL,EQ,4997,3609,72.22
20,2186,SPLPETRO,EQ,31779,21189,66.68
20,2187,SPORTKING,EQ,143786,81469,56.66
20,2188,SPPPOLY,SM,42000,18000,42.86
20,2189,SREEL,EQ,11683,8258,70.68
20,2190,SRF,EQ,205396,88037,42.86
20,2191,SRGHFL,EQ,2905,1730,59.55
20,2192,SRHHYPOLTD,EQ,38908,18937,48.67
20,2193,SRIVASAVI,SM,112000,84000,75.00
20,2194,SSDL,EQ,59006,27319,46.30
20,2195,SSEGL,ST,32000,32000,100.00
20,2196,SSFL,ST,90000,87500,97.22
20,2197,SSWL,EQ,116339,60080,51.64
20,2198,STANLEY,EQ,42518,23253,54.69
20,2199,STAR,EQ,196914,123108,62.52
20,2200,STARCEMENT,EQ,679273,268870,39.58
20,2201,STARHEALTH,EQ,604084,244789,40.52
20,2202,STARPAPER,EQ,13169,8310,63.10
20,2203,STARTECK,EQ,5024,1363,27.13
20,2204,STCINDIA,EQ,33031,12653,38.31
20,2205,STEELCAS,EQ,14631,8595,58.75
20,2206,STEELCITY,EQ,360874,125060,34.65
20,2207,STEELXIND,EQ,1273733,707633,55.56
20,2208,STERTOOLS,EQ,133931,60689,45.31
20,2209,STLTECH,EQ,10245806,2521832,24.61
20,2210,STOVEKRAFT,EQ,29272,15549,53.12
20,2211,STYLAMIND,EQ,33080,13135,39.71
20,2212,STYLEBAAZA,EQ,312002,138976,44.54
20,2213,STYRENIX,EQ,29271,15547,53.11
20,2214,SUBEXLTD,EQ,21971041,3638097,16.56
20,2215,SUBROS,EQ,59835,26970,45.07
20,2216,SUDARSCHEM,EQ,184914,76511,41.38
20,2217,SUKHJITS,EQ,18951,10166,53.64
20,2218,SULA,EQ,185087,96422,52.10
20,2219,SUMICHEM,EQ,460353,204739,44.47
20,2220,SUMMITSEC,EQ,74135,22936,30.94
20,2221,SUNCLAY,EQ,20075,8732,43.50
20,2222,SUNDARAM,EQ,352242,258919,73.51
20,2223,SUNDARMFIN,EQ,40752,16380,40.19
20,2224,SUNDARMHLD,EQ,78938,37407,47.39
20,2225,SUNDRMFAST,EQ,42293,23195,54.84
20,2226,SUNFLAG,EQ,181904,92120,50.64
20,2227,SUNLITE,SM,25200,18000,71.43
20,2228,SUNPHARMA,EQ,1644075,1100414,66.93
20,2229,SUNREST,SM,3200,3200,100.00
20,2230,SUNTECK,EQ,125805,58738,46.69
20,2231,SUNTV,EQ,191829,42286,22.04
20,2232,SUPERHOUSE,EQ,2902,2167,74.67
20,2233,SUPRAJIT,EQ,66518,32968,49.56
20,2234,SUPREMEIND,EQ,65633,30421,46.35
20,2235,SUPREMEPWR,ST,91500,82500,90.16
20,2236,SUPRIYA,EQ,291041,149088,51.23
20,2237,SURAJEST,EQ,50785,33799,66.55
20,2238,SURANAT&P,EQ,97513,55040,56.44
20,2239,SURANI,SM,54000,42000,77.78
20,2240,SURYALAXMI,EQ,6544,4355,66.55
20,2241,SURYAROSNI,EQ,415320,149232,35.93
20,2242,SURYODAY,EQ,356533,147887,41.48
20,2243,SUTLEJTEX,EQ,1079858,225871,20.92
20,2244,SUVEN,EQ,101753,55381,54.43
20,2245,SUVENPHAR,EQ,74552,24577,32.97
20,2246,SUVIDHAA,EQ,109956,68662,62.44
20,2247,SUYOG,EQ,116737,50338,43.12
20,2248,SUZLON,EQ,86095752,43493344,50.52
20,2249,SVPGLOB,EQ,82809,53449,64.54
20,2250,SWANENERGY,EQ,4836967,698970,14.45
20,2251,SWARAJ,ST,10000,10000,100.00
20,2252,SWARAJENG,EQ,9465,5427,57.34
20,2253,SWASTIK,SM,13200,6000,45.45
20,2254,SWELECTES,EQ,27769,15395,55.44
20,2255,SWSOLAR,EQ,977206,608977,62.32
20,2256,SYLVANPLY,SM,12000,10000,83.33
20,2257,SYMPHONY,EQ,89307,36307,40.65
20,2258,SYNCOMF,EQ,2789859,1580415,56.65
20,2259,SYNGENE,EQ,332040,128467,38.69
20,2260,SYNOPTICS,SM,3000,3000,100.00
20,2261,SYRMA,EQ,1604080,425212,26.51
20,2262,SYSTANGO,SM,16800,12400,73.81
20,2263,TAC,ST,17600,17600,100.00
20,2264,TAINWALCHM,EQ,29321,12879,43.92
20,2265,TAJGVK,EQ,1366711,401816,29.40
20,2266,TAKE,EQ,93883,63610,67.75
20,2267,TALBROAUTO,EQ,60920,32960,54.10
20,2268,TANLA,EQ,863866,531221,61.49
20,2269,TARACHAND,EQ,26652,12369,46.41
20,2270,TARC,EQ,509554,333981,65.54
20,2271,TARMAT,EQ,299567,169625,56.62
20,2272,TARSONS,EQ,96234,46085,47.89
20,2273,TASTYBITE,EQ,2645,1224,46.28
20,2274,TATACHEM,EQ,634107,182243,28.74
20,2275,TATACOMM,EQ,129546,42520,32.82
20,2276,TATACONSUM,EQ,973252,533343,54.80
20,2277,TATAELXSI,EQ,126103,70950,56.26
20,2278,TATAGOLD,EQ,4605930,2553965,55.45
20,2279,TATAINVEST,EQ,85090,17364,20.41
20,2280,TATAMOTORS,EQ,16072692,7215325,44.89
20,2281,TATAPOWER,EQ,9328678,2822745,30.26
20,2282,TATASTEEL,EQ,61980989,23287029,37.57
20,2283,TATATECH,EQ,506343,259875,51.32
20,2284,TATSILV,EQ,2460033,2105671,85.60
20,2285,TATVA,EQ,35577,11461,32.21
20,2286,TBI,ST,6000,6000,100.00
20,2287,TBOTEK,EQ,271374,50302,18.54
20,2288,TBZ,EQ,260543,124691,47.86
20,2289,TCHF30,NB,4,4,100.00
20,2290,TCI,EQ,24160,8161,33.78
20,2291,TCIEXP,EQ,12280,7421,60.43
20,2292,TCL,SM,24800,17600,70.97
20,2293,TCPLPACK,EQ,1708,873,51.11
20,2294,TCS,EQ,1648039,945596,57.38
20,2295,TDPOWERSYS,EQ,348750,189360,54.30
20,2296,TEAMLEASE,EQ,84414,58160,68.90
20,2297,TECH,EQ,21726,16731,77.01
20,2298,TECHERA,SM,88000,72000,81.82
20,2299,TECHLABS,SM,136875,82750,60.46
20,2300,TECHM,EQ,1883257,1014432,53.87
20,2301,TECHNOE,EQ,53813,28427,52.83
20,2302,TEGA,EQ,54874,19210,35.01
20,2303,TEJASNET,EQ,8137129,1578811,19.40
20,2304,TERASOFT,EQ,4783047,1106960,23.14
20,2305,TEXINFRA,EQ,628823,343640,54.65
20,2306,TEXMOPIPES,EQ,24883,15281,61.41
20,2307,TEXRAIL,EQ,1617999,539246,33.33
20,2308,TFCILTD,EQ,418360,292039,69.81
20,2309,TGBHOTELS,EQ,30903,21294,68.91
20,2310,TGL,ST,39000,37200,95.38
20,2311,THANGAMAYL,EQ,85249,27349,32.08
20,2312,THEINVEST,EQ,22782,10841,47.59
20,2313,THEJO,EQ,5849,3174,54.27
20,2314,THEMISMED,EQ,78529,53115,67.64
20,2315,THERMAX,EQ,30835,12346,40.04
20,2316,THESL,SM,15000,15000,100.00
20,2317,THOMASCOOK,EQ,498732,215695,43.25
20,2318,THOMASCOTT,EQ,38036,20962,55.11
20,2319,THYROCARE,EQ,217511,115984,53.32
20,2320,TI,EQ,1348143,341657,25.34
20,2321,TIIL,EQ,8771,4632,52.81
20,2322,TIINDIA,EQ,144356,68957,47.77
20,2323,TIMESCAN,SM,10000,10000,100.00
20,2324,TIMESGTY,EQ,20967,15948,76.06
20,2325,TIMETECHNO,EQ,670364,301428,44.96
20,2326,TIMKEN,EQ,32445,19900,61.33
20,2327,TIPSFILMS,EQ,3932,2712,68.97
20,2328,TIPSMUSIC,EQ,176108,84726,48.11
20,2329,TIRUMALCHM,EQ,798943,373772,46.78
20,2330,TITAGARH,EQ,741489,235332,31.74
20,2331,TITAN,EQ,1719882,904342,52.58
20,2332,TMB,EQ,59860,41969,70.11
20,2333,TNIDETF,EQ,120680,103633,85.87
20,2334,TNPETRO,EQ,99950,66661,66.69
20,2335,TNPL,EQ,272682,219963,80.67
20,2336,TNTELE,EQ,50008,37032,74.05
20,2337,TOKYOPLAST,EQ,10949,5733,52.36
20,2338,TOLINS,EQ,59767,28346,47.43
20,2339,TOP100CASE,EQ,111879,91066,81.40
20,2340,TOP10ADD,EQ,382291,378719,99.07
20,2341,TORNTPHARM,EQ,239755,145074,60.51
20,2342,TORNTPOWER,EQ,439856,176355,40.09
20,2343,TOTAL,EQ,6132,2945,48.03
20,2344,TOUCHWOOD,EQ,835,427,51.14
20,2345,TPHQ,EQ,4768674,2752642,57.72
20,2346,TRACXN,EQ,202077,97772,48.38
20,2347,TRANSTEEL,SM,50000,38000,76.00
20,2348,TRANSWORLD,EQ,52869,27267,51.57
20,2349,TREL,EQ,172171,77474,45.00
20,2350,TRENT,EQ,2523322,1273467,50.47
20,2351,TRF,EQ,24690,21463,86.93
20,2352,TRIDENT,EQ,3816049,1193811,31.28
20,2353,TRIDHYA,SM,513000,111000,21.64
20,2354,TRIGYN,EQ,24067,12028,49.98
20,2355,TRITURBINE,EQ,638988,275583,43.13
20,2356,TRIVENI,EQ,346139,101880,29.43
20,2357,TROM,SM,27600,21000,76.09
20,2358,TRUST,SM,24000,18600,77.50
20,2359,TTKHLTCARE,EQ,3057,1297,42.43
20,2360,TTKPRESTIG,EQ,13359,6812,50.99
20,2361,TTL,EQ,291515,158552,54.39
20,2362,TTML,EQ,2227941,591101,26.53
20,2363,TUNWAL,SM,36000,28000,77.78
20,2364,TVSMOTOR,EQ,229547,107237,46.72
20,2365,TVSSCS,EQ,318519,162531,51.03
20,2366,TVSSRICHAK,EQ,3362,772,22.96
20,2367,TVTODAY,EQ,82219,42351,51.51
20,2368,UBL,EQ,207680,143346,69.02
20,2369,UCAL,EQ,9891,7593,76.77
20,2370,UCL-RE,ST,22200,22200,100.00
20,2371,UCOBANK,EQ,2367241,853509,36.06
20,2372,UDAICEMENT,EQ,184688,81570,44.17
20,2373,UDS,EQ,352357,172137,48.85
20,2374,UFLEX,EQ,65419,32426,49.57
20,2375,UFO,EQ,77146,44687,57.93
20,2376,UGARSUGAR,EQ,123832,65810,53.14
20,2377,UGROCAP,EQ,94454,44473,47.08
20,2378,UHTL,ST,312000,304000,97.44
20,2379,UJJIVANSFB,EQ,6209364,2970276,47.84
20,2380,ULTRACEMCO,EQ,155894,82955,53.21
20,2381,UMA,SM,12000,8000,66.67
20,2382,UMESLTD,EQ,164564,96055,58.37
20,2383,UNICHEMLAB,EQ,146641,44770,30.53
20,2384,UNIDT,EQ,25129,12994,51.71
20,2385,UNIECOM,EQ,1077047,302921,28.13
20,2386,UNIENTER,EQ,6304,4030,63.93
20,2387,UNIHEALTH,SM,61000,53000,86.89
20,2388,UNIINFO,EQ,29532,15737,53.29
20,2389,UNILEX,SM,9600,9600,100.00
20,2390,UNIONBANK,EQ,7220742,3047401,42.20
20,2391,UNIPARTS,EQ,156520,90684,57.94
20,2392,UNITDSPR,EQ,1499108,1218281,81.27
20,2393,UNITEDTEA,EQ,50144,33123,66.06
20,2394,UNIVASTU,EQ,20708,13832,66.80
20,2395,UNIVCABLES,EQ,13905,7599,54.65
20,2396,UNIVPHOTO,EQ,2111,302,14.31
20,2397,UNOMINDA,EQ,233007,119297,51.20
20,2398,UPL,EQ,696687,202939,29.13
20,2399,URBAN,ST,3200,3200,100.00
20,2400,USASEEDS,SM,1200,1200,100.00
20,2401,USHAFIN,ST,24800,24800,100.00
20,2402,USHAMART,EQ,1074692,390971,36.38
20,2403,USK,EQ,848186,87300,10.29
20,2404,UTIAMC,EQ,137043,55848,40.75
20,2405,UTIBANKETF,EQ,26890,20223,75.21
20,2406,UTINEXT50,EQ,116827,84042,71.94
20,2407,UTINIFTETF,EQ,14601,13282,90.97
20,2408,UTISENSETF,EQ,659,593,89.98
20,2409,UTISXN50,EQ,6905,6571,95.16
20,2410,UTKARSHBNK,EQ,1370489,634596,46.30
20,2411,UTSSAV,ST,192000,162000,84.38
20,2412,UTTAMSUGAR,EQ,53186,24458,45.99
20,2413,UYFINCORP,EQ,174261,86147,49.44
20,2414,VADILALIND,EQ,2788,1121,40.21
20,2415,VAIBHAVGBL,EQ,270130,112255,41.56
20,2416,VAKRANGEE,EQ,5392069,2706976,50.20
20,2417,VAL30IETF,EQ,65894,48135,73.05
20,2418,VALIANTLAB,EQ,38922,8585,22.06
20,2419,VALIANTORG,EQ,36673,16105,43.92
20,2420,VARDHACRLC,EQ,29811,19818,66.48
20,2421,VARROC,EQ,100682,45282,44.98
20,2422,VASA,SM,8000,8000,100.00
20,2423,VASCONEQ,EQ,1141900,467878,40.97
20,2424,VBL,EQ,1793816,978127,54.53
20,2425,VDEAL,SM,7200,6000,83.33
20,2426,VEDL,EQ,13143777,3050569,23.21
20,2427,VEEDOL,EQ,13876,7951,57.30
20,2428,VEEKAYEM,ST,7000,6500,92.86
20,2429,VENKEYS,EQ,71488,27903,39.03
20,2430,VENUSPIPES,EQ,15600,6946,44.53
20,2431,VENUSREM,EQ,44993,21157,47.02
20,2432,VERA,SM,1500,1500,100.00
20,2433,VERANDA,EQ,348360,133108,38.21
20,2434,VERTOZ,EQ,3864403,1890219,48.91
20,2435,VESUVIUS,EQ,4314,2187,50.70
20,2436,VGUARD,EQ,151083,69220,45.82
20,2437,VHL,EQ,37965,12725,33.52
20,2438,VIAZ,SM,2000,2000,100.00
20,2439,VIDHIING,EQ,8755,6236,71.23
20,2440,VIESL,SM,60800,40000,65.79
20,2441,VIJAYA,EQ,2434955,418073,17.17
20,2442,VIJIFIN,EQ,1256418,1021803,81.33
20,2443,VIKASECO,EQ,6031574,2303612,38.19
20,2444,VIKASLIFE,EQ,5315760,3268180,61.48
20,2445,VILAS,ST,15000,15000,100.00
20,2446,VILINBIO,SM,20000,20000,100.00
20,2447,VIMTALABS,EQ,1024425,401865,39.23
20,2448,VINATIORGA,EQ,17910,8820,49.25
20,2449,VINCOFE,EQ,391321,189181,48.34
20,2450,VINDHYATEL,EQ,22946,10581,46.11
20,2451,VINEETLAB,EQ,11762,8496,72.23
20,2452,VINSYS,SM,14000,10500,75.00
20,2453,VINYAS,ST,1800,1800,100.00
20,2454,VINYLINDIA,EQ,25397,14381,56.62
20,2455,VIPIND,EQ,464627,285640,61.48
20,2456,VIRINCHI,EQ,182890,98363,53.78
20,2457,VISAKAIND,EQ,221345,147320,66.56
20,2458,VISAMAN,SM,24000,24000,100.00
20,2459,VISHNU,EQ,177152,82857,46.77
20,2460,VISHNUINFR,ST,2500,2500,100.00
20,2461,VISHWARAJ,EQ,758659,367973,48.50
20,2462,VITAL,SM,9600,9600,100.00
20,2463,VIVIANA,ST,2000,2000,100.00
20,2464,VIVIDHA,EQ,906377,488873,53.94
20,2465,VLINFRA,ST,30000,27000,90.00
20,2466,VLSFINANCE,EQ,68870,26012,37.77
20,2467,VMARCIND,ST,32250,32250,100.00
20,2468,VMART,EQ,16703,9136,54.70
20,2469,VOLTAMP,EQ,34145,14289,41.85
20,2470,VOLTAS,EQ,1710362,997886,58.34
20,2471,VPRPL,EQ,1142390,403433,35.31
20,2472,VR,ST,800,800,100.00
20,2473,VRAJ,EQ,190134,113738,59.82
20,2474,VRLLOG,EQ,89163,65129,73.04
20,2475,VSCL,SM,6000,6000,100.00
20,2476,VSSL,EQ,41437,24482,59.08
20,2477,VSTIND,EQ,142575,77112,54.09
20,2478,VSTL,EQ,17676,11449,64.77
20,2479,VSTTILLERS,EQ,3656,1652,45.19
20,2480,VTL,EQ,184152,77343,42.00
20,2481,WAAREEENER,EQ,4885739,1130149,23.13
20,2482,WABAG,EQ,358653,163734,45.65
20,2483,WALCHANNAG,EQ,350804,118152,33.68
20,2484,WALPAR,SM,8000,6000,75.00
20,2485,WCIL,EQ,259913,111966,43.08
20,2486,WEBELSOLAR,EQ,443660,280450,63.21
20,2487,WEIZMANIND,EQ,6160,3832,62.21
20,2488,WEL,EQ,59786,14400,24.09
20,2489,WELCORP,EQ,629840,245428,38.97
20,2490,WELENT,EQ,139496,67522,48.40
20,2491,WELINV,EQ,744,471,63.31
20,2492,WELSPUNLIV,EQ,1712536,766085,44.73
20,2493,WENDT,EQ,459,257,55.99
20,2494,WESTLIFE,EQ,30593,11473,37.50
20,2495,WEWIN,EQ,2107,1260,59.80
20,2496,WHEELS,EQ,20205,12979,64.24
20,2497,WHIRLPOOL,EQ,65190,31905,48.94
20,2498,WILLAMAGOR,EQ,30517,21511,70.49
20,2499,WINDLAS,EQ,59471,20035,33.69
20,2500,WINDMACHIN,EQ,1937021,656911,33.91
20,2501,WINNY,SM,3000,1500,50.00
20,2502,WINSOL,SM,14800,12000,81.08
20,2503,WIPL,EQ,512,269,52.54
20,2504,WIPRO,EQ,10426329,3795713,36.41
20,2505,WOCKPHARMA,EQ,847659,392761,46.33
20,2506,WOL3D,SM,63000,52000,82.54
20,2507,WOMANCART,ST,4800,4400,91.67
20,2508,WONDERLA,EQ,57480,27535,47.90
20,2509,WORTH,EQ,6406,4437,69.26
20,2510,WSI,EQ,59871,22658,37.84
20,2511,WSTCSTPAPR,EQ,150819,78764,52.22
20,2512,WTICAB,SM,15500,10000,64.52
20,2513,XCHANGING,EQ,115545,48767,42.21
20,2514,XPROINDIA,EQ,19626,13351,68.03
20,2515,XTGLOBAL,EQ,38456,24031,62.49
20,2516,YAARI,EQ,229198,121109,52.84
20,2517,YASHO,EQ,9280,7080,76.29
20,2518,YASHOPTICS,SM,81600,73600,90.20
20,2519,YATHARTH,EQ,962805,416046,43.21
20,2520,YATRA,EQ,94860,45977,48.47
20,2521,YCCL,SM,39000,30000,76.92
20,2522,YESBANK,EQ,50979382,22809289,44.74
20,2523,YUDIZ,SM,15200,14400,94.74
20,2524,YUKEN,EQ,2975,1835,61.68
20,2525,ZEAL,SM,8400,6000,71.43
20,2526,ZEEL,EQ,4224942,1663871,39.38
20,2527,ZEELEARN,EQ,1819396,1139611,62.64
20,2528,ZENITHDRUG,ST,18400,16800,91.30
20,2529,ZENSARTECH,EQ,457973,105023,22.93
20,2530,ZENTEC,EQ,177005,77545,43.81
20,2531,ZFCVINDIA,EQ,9691,2606,26.89
20,2532,ZIMLAB,EQ,77946,44627,57.25
20,2533,ZODIACLOTH,EQ,14700,11213,76.28
20,2534,ZOMATO,EQ,48676279,20607261,42.34
20,2535,ZOTA,EQ,6782,4233,62.42
20,2536,ZTECH,ST,29700,24300,81.82
20,2537,ZUARI,EQ,312699,174277,55.73
20,2538,ZUARIIND,EQ,126997,75723,59.63
20,2539,ZYDUSLIFE,EQ,477176,231401,48.49
20,2540,ZYDUSWELL,EQ,19986,8164,40.85
