Security Wise Delivery Position - Compulsory Rolling Settlement
10,MTO,18012024,1907839319,0002312
Trade Date <18-JAN-2024>,Settlement Type <N>
Record Type,Sr No,Name of Security,Quantity Traded,Deliverable Quantity(gross across client level),% of Deliverable Quantity to Traded Quantity
20,1,182D020524,TB,400,400,100.00
20,2,182D040724,TB,1300,1300,100.00
20,3,182D060624,TB,1100,1100,100.00
20,4,182D070324,TB,100,100,100.00
20,5,182D110724,TB,3200,3200,100.00
20,6,182D130624,TB,1000,1000,100.00
20,7,182D140324,TB,100,100,100.00
20,8,182D160524,TB,1200,1200,100.00
20,9,182D180424,TB,300,300,100.00
20,10,182D200624,TB,800,800,100.00
20,11,182D220224,TB,1800,1500,83.33
20,12,182D230524,TB,200,200,100.00
20,13,182D250424,TB,1000,1000,100.00
20,14,182D270624,TB,200,200,100.00
20,15,182D290224,TB,400,400,100.00
20,16,182D300524,TB,1000,1000,100.00
20,17,20MICRONS,EQ,101110,34788,34.41
20,18,360ONE,EQ,229384,131993,57.54
20,19,364D020125,TB,700,700,100.00
20,20,364D020524,TB,5000,5000,100.00
20,21,364D031024,TB,200,200,100.00
20,22,364D050924,TB,900,900,100.00
20,23,364D051224,TB,1200,1200,100.00
20,24,364D060624,TB,14800,14800,100.00
20,25,364D090125,TB,1800,1800,100.00
20,26,364D130624,TB,1100,1100,100.00
20,27,364D160524,TB,5600,5600,100.00
20,28,364D171024,TB,600,600,100.00
20,29,364D180724,TB,5000,5000,100.00
20,30,364D191224,TB,100,100,100.00
20,31,364D211124,TB,200,200,100.00
20,32,364D250424,TB,200,200,100.00
20,33,364D260124,TB,3000,3000,100.00
20,34,364D261224,TB,6100,6100,100.00
20,35,3IINFOLTD,EQ,1498487,544148,36.31
20,36,3MINDIA,EQ,3290,1359,41.31
20,37,3PLAND,EQ,51207,27860,54.41
20,38,563GS2026,GS,14,14,100.00
20,39,574GS2026,GS,575,375,65.22
20,40,5PAISA,EQ,268227,153400,57.19
20,41,610GS2031,GS,1497,1497,100.00
20,42,654GS2032,GS,135,135,100.00
20,43,667GS2050,GS,187,187,100.00
20,44,669GS2024,GS,30497,30497,100.00
20,45,676GS2061,GS,1132,1126,99.47
20,46,689GS2025,GS,1701,1701,100.00
20,47,695GS2061,GS,102,102,100.00
20,48,699GS2026,GS,2520,1520,60.32
20,49,706GS2028,GS,32850,32850,100.00
20,50,710GS2029,GS,68015,68015,100.00
20,51,716GS2050,GS,2,1,50.00
20,52,717GS2030,GS,2105,2105,100.00
20,53,718GS2033,GS,1501,1501,100.00
20,54,718GS2037,GS,800,800,100.00
20,55,719PN37,SG,100,100,100.00
20,56,725GS2063,GS,26957,26956,100.00
20,57,726GS2032,GS,10720,10720,100.00
20,58,726GS2033,GS,10000,10000,100.00
20,59,732GS2024,GS,311,311,100.00
20,60,732GS2030,GS,420,420,100.00
20,61,733GS2026,GS,1150,1050,91.30
20,62,736GS2052,GS,102,101,99.02
20,63,737GS2028,GS,3750,3650,97.33
20,64,738GS2027,GS,67258,67254,99.99
20,65,739ML26,SG,100,100,100.00
20,66,73GS2053,GS,25028,25027,100.00
20,67,741GS2036,GS,7696,7696,100.00
20,68,746GS2073,GS,600,600,100.00
20,69,74GS2062,GS,6022,6021,99.98
20,70,754GS2036,GS,242860,213209,87.79
20,71,762GA32,SG,1600,1600,100.00
20,72,762UP34,SG,100,100,100.00
20,73,768KA37,SG,100,100,100.00
20,74,771KL43,SG,200,100,50.00
20,75,773RJ33,SG,200,200,100.00
20,76,77MH33A,SG,100,100,100.00
20,77,813GS2045,GS,9075,8250,90.91
20,78,833GS2026,GS,500,500,100.00
20,79,83GS2042,GS,1000,1000,100.00
20,80,915GS2024,GS,35000,35000,100.00
20,81,91D010224,TB,100,100,100.00
20,82,91D040424,TB,700,600,85.71
20,83,91D070324,TB,1500,1500,100.00
20,84,91D080224,TB,300,300,100.00
20,85,91D110424,TB,1900,1900,100.00
20,86,91D140324,TB,3900,3900,100.00
20,87,91D150224,TB,300,300,100.00
20,88,91D210324,TB,600,300,50.00
20,89,91D220224,TB,1400,900,64.29
20,90,91D280324,TB,2000,1500,75.00
20,91,AARON,EQ,10389,7230,69.59
20,92,AARTECH,EQ,27707,11724,42.31
20,93,AARTIDRUGS,EQ,449017,190727,42.48
20,94,AARTIIND,EQ,9846316,2456854,24.95
20,95,AARTIPHARM,EQ,105111,37052,35.25
20,96,AARTISURF,EQ,174503,30927,17.72
20,97,AARVEEDEN,EQ,35452,26297,74.18
20,98,AARVI,EQ,16607,7769,46.78
20,99,AATMAJ,SM,108000,90000,83.33
20,100,AAVAS,EQ,604765,513357,84.89
20,101,ABB,EQ,151382,60509,39.97
20,102,ABBOTINDIA,EQ,14103,3980,28.22
20,103,ABCAPITAL,EQ,5183135,2557591,49.34
20,104,ABCOTS,SM,16000,16000,100.00
20,105,ABFRL,EQ,3988759,1211463,30.37
20,106,ABINFRA,SM,4000,4000,100.00
20,107,ABSLAMC,EQ,89849,47956,53.37
20,108,ABSLBANETF,EQ,128305,54568,42.53
20,109,ABSLLIQUID,EQ,7323,4672,63.80
20,110,ABSLNN50ET,EQ,5371,3821,71.14
20,111,ACC,EQ,228207,77836,34.11
20,112,ACCELYA,EQ,95957,40941,42.67
20,113,ACCENTMIC,SM,264000,175000,66.29
20,114,ACE,EQ,257581,114597,44.49
20,115,ACEINTEG,EQ,14691,11113,75.64
20,116,ACI,EQ,274930,114659,41.70
20,117,ACL,EQ,33409,21988,65.81
20,118,ACLGATI,EQ,336762,140479,41.71
20,119,ACSAL,SM,24000,6000,25.00
20,120,ADANIENSOL,EQ,1168724,457362,39.13
20,121,ADANIENT,EQ,2552342,787675,30.86
20,122,ADANIGREEN,EQ,994211,469308,47.20
20,123,ADANIPORTS,EQ,5918594,2658323,44.91
20,124,ADFFOODS,EQ,621183,232592,37.44
20,125,ADORWELD,EQ,13572,6261,46.13
20,126,ADSL,EQ,1136029,438786,38.62
20,127,ADVANIHOTR,EQ,153182,53719,35.07
20,128,ADVENZYMES,EQ,812477,278639,34.30
20,129,AEGISCHEM,EQ,1214730,457471,37.66
20,130,AEROFLEX,EQ,762065,266735,35.00
20,131,AETHER,EQ,58001,27401,47.24
20,132,AFFLE,EQ,312568,126437,40.45
20,133,AGARIND,EQ,292533,90976,31.10
20,134,AGARWALFT,SM,15000,12000,80.00
20,135,AGI,EQ,161684,81534,50.43
20,136,AGNI,SM,270000,210000,77.78
20,137,AGRITECH,EQ,67098,25136,37.46
20,138,AGROPHOS,EQ,75099,41249,54.93
20,139,AGSTRA,EQ,608278,309047,50.81
20,140,AGUL,ST,4000,4000,100.00
20,141,AHL,EQ,55332,16774,30.32
20,142,AHLADA,EQ,40501,21883,54.03
20,143,AHLEAST,EQ,176245,103070,58.48
20,144,AHLUCONT,EQ,47367,21628,45.66
20,145,AIAENG,EQ,93161,43983,47.21
20,146,AIROLAM,EQ,12232,8739,71.44
20,147,AIRTELPP,E1,213142,113505,53.25
20,148,AISL,SM,2400,2400,100.00
20,149,AJANTPHARM,EQ,44502,20126,45.22
20,150,AJMERA,EQ,1567754,188556,12.03
20,151,AKANKSHA,SM,1088000,544000,50.00
20,152,AKG,EQ,179092,62694,35.01
20,153,AKSHARCHEM,EQ,46107,21944,47.59
20,154,AKZOINDIA,EQ,13073,8184,62.60
20,155,ALBERTDAVD,EQ,13548,6315,46.61
20,156,ALEMBICLTD,EQ,1218461,421327,34.58
20,157,ALICON,EQ,82231,27389,33.31
20,158,ALKALI,EQ,8653,5506,63.63
20,159,ALKEM,EQ,153745,70204,45.66
20,160,ALKYLAMINE,EQ,52964,22430,42.35
20,161,ALLCARGO,EQ,1517599,678007,44.68
20,162,ALLETEC,SM,52800,33600,63.64
20,163,ALLSEC,EQ,37941,23516,61.98
20,164,ALOKINDS,EQ,45270398,19265867,42.56
20,165,ALPA,EQ,96090,47762,49.71
20,166,ALPHAETF,EQ,138792,82939,59.76
20,167,ALPHAGEO,EQ,21947,16544,75.38
20,168,ALPL30IETF,EQ,71433,28204,39.48
20,169,ALPSINDUS,EQ,107457,85162,79.25
20,170,AMBER,EQ,368451,71609,19.44
20,171,AMBICAAGAR,EQ,48785,14623,29.97
20,172,AMBIKCO,EQ,9483,4853,51.18
20,173,AMBUJACEM,EQ,2084710,839140,40.25
20,174,AMEYA,SM,32000,30000,93.75
20,175,AMIABLE,SM,3200,3200,100.00
20,176,AMIORG,EQ,97455,42050,43.15
20,177,AMJLAND,EQ,108836,71055,65.29
20,178,AMNPLST,EQ,42683,13544,31.73
20,179,AMRUTANJAN,EQ,22943,16031,69.87
20,180,ANANDRATHI,EQ,43267,26529,61.31
20,181,ANANTRAJ,EQ,1315835,604003,45.90
20,182,ANDHRAPAP,EQ,182774,77434,42.37
20,183,ANDHRSUGAR,EQ,204363,87536,42.83
20,184,ANGELONE,EQ,462958,185142,39.99
20,185,ANLON,SM,2400,1600,66.67
20,186,ANMOL,EQ,505954,179034,35.39
20,187,ANNAPURNA,SM,55000,43000,78.18
20,188,ANUP,EQ,17031,7760,45.56
20,189,ANURAS,EQ,56131,24478,43.61
20,190,APARINDS,EQ,101829,40526,39.80
20,191,APCL,EQ,21175,8555,40.40
20,192,APCOTEXIND,EQ,51684,26559,51.39
20,193,APEX,EQ,501502,108910,21.72
20,194,APLAPOLLO,EQ,647115,393280,60.77
20,195,APLLTD,EQ,292730,125879,43.00
20,196,APOLLOHOSP,EQ,591170,223785,37.85
20,197,APOLLOPIPE,EQ,60486,36366,60.12
20,198,APOLLOTYRE,EQ,8869857,1690920,19.06
20,199,APOLSINHOT,EQ,22455,9622,42.85
20,200,APS,ST,2184000,2184000,100.00
20,201,APTECHT,EQ,429191,136846,31.88
20,202,APTUS,EQ,3306391,1220371,36.91
20,203,ARABIAN,SM,22000,18000,81.82
20,204,ARCHIES,EQ,262392,135324,51.57
20,205,ARE&M,EQ,727521,321679,44.22
20,206,ARENTERP,EQ,3849,2895,75.21
20,207,ARHAM,SM,11000,9000,81.82
20,208,ARIES,EQ,63147,28788,45.59
20,209,ARIHANTACA,SM,224000,179200,80.00
20,210,ARIHANTCAP,EQ,398000,198508,49.88
20,211,ARIHANTSUP,EQ,133822,45505,34.00
20,212,ARISTO,SM,25600,19200,75.00
20,213,ARMANFIN,EQ,42503,21223,49.93
20,214,AROGRANITE,EQ,98534,54977,55.79
20,215,ARROWGREEN,EQ,93185,55905,59.99
20,216,ARTEMISMED,EQ,137872,53486,38.79
20,217,ARVIND,EQ,627954,312923,49.83
20,218,ARVINDFASN,EQ,543115,352312,64.87
20,219,ARVSMART,EQ,43100,19744,45.81
20,220,ASAHIINDIA,EQ,59838,23848,39.85
20,221,ASAHISONG,EQ,22499,11340,50.40
20,222,ASAL,EQ,33250,15333,46.11
20,223,ASALCBR,EQ,49138,16094,32.75
20,224,ASHAPURMIN,EQ,254506,162273,63.76
20,225,ASHIANA,EQ,220844,56320,25.50
20,226,ASHIMASYN,EQ,824000,537107,65.18
20,227,ASHOKA,EQ,4075822,1187165,29.13
20,228,ASHOKLEY,EQ,16760144,6787133,40.50
20,229,ASIANENE,EQ,67916,37091,54.61
20,230,ASIANPAINT,EQ,1979174,1023773,51.73
20,231,ASIANTILES,EQ,1179129,432033,36.64
20,232,ASKAUTOLTD,EQ,925404,438446,47.38
20,233,ASLIND,ST,4000,4000,100.00
20,234,ASPINWALL,EQ,11592,6628,57.18
20,235,ASTEC,EQ,24713,12719,51.47
20,236,ASTERDM,EQ,783603,328773,41.96
20,237,ASTRAL,EQ,876994,531641,60.62
20,238,ASTRAMICRO,EQ,255555,97036,37.97
20,239,ASTRAZEN,EQ,7829,4506,57.56
20,240,ASTRON,EQ,45135,26274,58.21
20,241,ATAM,EQ,25588,14586,57.00
20,242,ATFL,EQ,6644,3333,50.17
20,243,ATGL,EQ,1849733,825848,44.65
20,244,ATL,EQ,1156477,669205,57.87
20,245,ATUL,EQ,25096,9958,39.68
20,246,ATULAUTO,EQ,235263,86999,36.98
20,247,AUBANK,EQ,2679347,1097602,40.97
20,248,AURDIS,SM,9500,7000,73.68
20,249,AUROIMPEX,SM,40000,22400,56.00
20,250,AUROPHARMA,EQ,3751754,1771626,47.22
20,251,AURUM,EQ,1741563,392135,22.52
20,252,AURUMPP,E1,208148,130271,62.59
20,253,AUTOAXLES,EQ,18537,9487,51.18
20,254,AUTOBEES,EQ,62744,37632,59.98
20,255,AUTOIETF,EQ,91950,14186,15.43
20,256,AUTOIND,EQ,192009,83042,43.25
20,257,AVADHSUGAR,EQ,93108,34833,37.41
20,258,AVALON,EQ,227732,126443,55.52
20,259,AVANTIFEED,EQ,1318614,281006,21.31
20,260,AVG,EQ,69101,42973,62.19
20,261,AVONMORE,EQ,20944,9176,43.81
20,262,AVROIND,EQ,60734,26474,43.59
20,263,AVTNPL,EQ,239959,114240,47.61
20,264,AWHCL,EQ,249659,84218,33.73
20,265,AWL,EQ,1383535,547177,39.55
20,266,AXISBANK,EQ,11473135,6334895,55.22
20,267,AXISBNKETF,EQ,7043,5187,73.65
20,268,AXISBPSETF,EQ,57526,36276,63.06
20,269,AXISCADES,EQ,177148,113303,63.96
20,270,AXISCETF,EQ,2289,1745,76.23
20,271,AXISGOLD,EQ,95116,60880,64.01
20,272,AXISHCETF,EQ,6139,2931,47.74
20,273,AXISILVER,EQ,9255,7356,79.48
20,274,AXISNIFTY,EQ,17845,14802,82.95
20,275,AXISTECETF,EQ,3775,2271,60.16
20,276,AXITA,EQ,5352258,2143223,40.04
20,277,AXSENSEX,EQ,1564,1029,65.79
20,278,AYMSYNTEX,EQ,160978,61666,38.31
20,279,AZAD,EQ,286285,112784,39.40
20,280,BABAFP,SM,52800,43200,81.82
20,281,BAHETI,SM,6000,5250,87.50
20,282,BAIDFIN,EQ,716984,363023,50.63
20,283,BAJAJ-AUTO,EQ,557084,348422,62.54
20,284,BAJAJCON,EQ,239141,126539,52.91
20,285,BAJAJELEC,EQ,68625,32320,47.10
20,286,BAJAJFINSV,EQ,1133236,466735,41.19
20,287,BAJAJHCARE,EQ,125930,44745,35.53
20,288,BAJAJHIND,EQ,9461065,4550099,48.09
20,289,BAJAJHLDNG,EQ,33821,15849,46.86
20,290,BAJEL,EQ,3295377,1756010,53.29
20,291,BAJFINANCE,EQ,1686996,1188092,70.43
20,292,BALAJITELE,EQ,889505,278455,31.30
20,293,BALAMINES,EQ,110044,37724,34.28
20,294,BALAXI,EQ,4650,3746,80.56
20,295,BALKRISHNA,EQ,41663,21637,51.93
20,296,BALKRISIND,EQ,237036,75838,31.99
20,297,BALMLAWRIE,EQ,3196703,907424,28.39
20,298,BALPHARMA,EQ,73177,36565,49.97
20,299,BALRAMCHIN,EQ,3818565,795899,20.84
20,300,BANARBEADS,EQ,24312,16765,68.96
20,301,BANARISUG,EQ,5232,4403,84.16
20,302,BANCOINDIA,EQ,180827,42081,23.27
20,303,BANDHANBNK,EQ,9142872,3328336,36.40
20,304,BANKBARODA,EQ,16224153,5291562,32.62
20,305,BANKBEES,EQ,1932438,995520,51.52
20,306,BANKETF,EQ,15858,11533,72.73
20,307,BANKIETF,EQ,324596,266906,82.23
20,308,BANKINDIA,EQ,28936853,11670985,40.33
20,309,BANSWRAS,EQ,101588,52588,51.77
20,310,BARBEQUE,EQ,108174,52927,48.93
20,311,BASF,EQ,8824,4452,50.45
20,312,BASILIC,SM,109200,84000,76.92
20,313,BASML,EQ,254872,115998,45.51
20,314,BATAINDIA,EQ,168177,61642,36.65
20,315,BAYERCROP,EQ,20178,8413,41.69
20,316,BBETF0432,EQ,1284,1261,98.21
20,317,BBL,EQ,86965,15722,18.08
20,318,BBNPPGOLD,EQ,965,311,32.23
20,319,BBTC,EQ,120798,27062,22.40
20,320,BBTCL,EQ,10698,7049,65.89
20,321,BCG,EQ,24519823,6036490,24.62
20,322,BCLIND,EQ,1010148,474975,47.02
20,323,BDL,EQ,765133,207449,27.11
20,324,BECTORFOOD,EQ,259332,194188,74.88
20,325,BEDMUTHA,EQ,74269,49556,66.73
20,326,BEL,EQ,24831623,11151450,44.91
20,327,BEML,EQ,353035,133448,37.80
20,328,BEPL,EQ,1451369,540426,37.24
20,329,BERGEPAINT,EQ,1433666,537682,37.50
20,330,BETA,SM,4500,3100,68.89
20,331,BEWLTD,SM,1875,1500,80.00
20,332,BFINVEST,EQ,69507,26620,38.30
20,333,BFSI,EQ,1395202,1245368,89.26
20,334,BFUTILITIE,EQ,263769,175182,66.41
20,335,BGRENERGY,EQ,851050,251545,29.56
20,336,BHAGCHEM,EQ,2956,2243,75.88
20,337,BHAGERIA,EQ,17842,8223,46.09
20,338,BHAGYANGR,EQ,188626,81234,43.07
20,339,BHANDARI,EQ,1444612,689795,47.75
20,340,BHARATFORG,EQ,1184472,543705,45.90
20,341,BHARATGEAR,EQ,53646,27879,51.97
20,342,BHARATRAS,EQ,1998,774,38.74
20,343,BHARATWIRE,EQ,322436,178291,55.30
20,344,BHARTIARTL,EQ,4407330,2819303,63.97
20,345,BHEL,EQ,68991855,17423306,25.25
20,346,BIGBLOC,EQ,148277,54724,36.91
20,347,BIKAJI,EQ,277837,146776,52.83
20,348,BIOCON,EQ,5337699,1530693,28.68
20,349,BIOFILCHEM,EQ,36249,20222,55.79
20,350,BIRET,RR,612330,533908,87.19
20,351,BIRLACABLE,EQ,236223,130289,55.16
20,352,BIRLACORPN,EQ,1476066,111046,7.52
20,353,BIRLAMONEY,EQ,622765,224654,36.07
20,354,BLAL,EQ,573949,202310,35.25
20,355,BLBLIMITED,EQ,5920491,2910245,49.16
20,356,BLISSGVS,EQ,721487,310551,43.04
20,357,BLKASHYAP,EQ,692322,295443,42.67
20,358,BLS,EQ,1490964,401947,26.96
20,359,BLUEDART,EQ,4522,2138,47.28
20,360,BLUEJET,EQ,270844,119671,44.18
20,361,BLUESTARCO,EQ,128520,60198,46.84
20,362,BMETRICS,SM,6000,4800,80.00
20,363,BODALCHEM,EQ,1020689,489442,47.95
20,364,BOMDYEING,EQ,1308719,554075,42.34
20,365,BOROLTD,EQ,130549,52791,40.44
20,366,BORORENEW,EQ,624265,201356,32.25
20,367,BOSCHLTD,EQ,21477,6959,32.40
20,368,BPCL,EQ,9901151,5017640,50.68
20,369,BRIGADE,EQ,863933,631094,73.05
20,370,BRIGHT,ST,270000,246000,91.11
20,371,BRITANNIA,EQ,514119,366743,71.33
20,372,BRITANNIA,N3,9692,9691,99.99
20,373,BRNL,EQ,215660,85641,39.71
20,374,BROOKS,EQ,311973,175292,56.19
20,375,BSE,EQ,709367,257445,36.29
20,376,BSE500IETF,EQ,166716,145268,87.14
20,377,BSHSL,EQ,25659,15083,58.78
20,378,BSL,EQ,8176,4917,60.14
20,379,BSLGOLDETF,EQ,7645,4444,58.13
20,380,BSLNIFTY,EQ,127010,76301,60.07
20,381,BSLSENETFG,EQ,1072,541,50.47
20,382,BSOFT,EQ,2189268,878292,40.12
20,383,BTML,EQ,687987,346823,50.41
20,384,BUTTERFLY,EQ,3321,1756,52.88
20,385,CADSYS,SM,5000,4000,80.00
20,386,CAMLINFINE,EQ,428240,172393,40.26
20,387,CAMPUS,EQ,536877,244137,45.47
20,388,CAMS,EQ,284083,154169,54.27
20,389,CANARYS,SM,104000,92000,88.46
20,390,CANBK,EQ,6984884,1967473,28.17
20,391,CANFINHOME,EQ,965088,361870,37.50
20,392,CANTABIL,EQ,188249,79670,42.32
20,393,CAPACITE,EQ,1693313,603258,35.63
20,394,CAPLIPOINT,EQ,134992,40580,30.06
20,395,CAPTRUST,EQ,40376,13220,32.74
20,396,CARBORUNIV,EQ,75275,50410,66.97
20,397,CAREERP,EQ,629700,316961,50.34
20,398,CARERATING,EQ,50072,24960,49.85
20,399,CARTRADE,EQ,271541,91075,33.54
20,400,CARYSIL,EQ,260830,83854,32.15
20,401,CASTROLIND,EQ,17216182,2958298,17.18
20,402,CBAZAAR,SM,48000,40000,83.33
20,403,CCHHL,EQ,276928,182338,65.84
20,404,CCL,EQ,71363,36051,50.52
20,405,CDSL,EQ,963185,293934,30.52
20,406,CEATLTD,EQ,436846,141618,32.42
20,407,CELLECOR,SM,64800,55200,85.19
20,408,CELLO,EQ,213300,117249,54.97
20,409,CELLPOINT,SM,21600,18000,83.33
20,410,CENTENKA,EQ,43777,18616,42.52
20,411,CENTEXT,EQ,350559,350559,100.00
20,412,CENTRALBK,EQ,40878518,8191225,20.04
20,413,CENTRUM,EQ,1496636,517450,34.57
20,414,CENTUM,EQ,12302,7033,57.17
20,415,CENTURYPLY,EQ,1175099,514226,43.76
20,416,CENTURYTEX,EQ,148501,92769,62.47
20,417,CERA,EQ,10471,5112,48.82
20,418,CESC,EQ,11276056,4516934,40.06
20,419,CGCL,EQ,1717850,509552,29.66
20,420,CGPOWER,EQ,2191907,1738961,79.34
20,421,CHALET,EQ,302603,129356,42.75
20,422,CHAMBLFERT,EQ,5071949,819567,16.16
20,423,CHAVDA,SM,184000,122000,66.30
20,424,CHEMBOND,EQ,22268,8217,36.90
20,425,CHEMCON,EQ,81201,27403,33.75
20,426,CHEMFAB,EQ,35594,15684,44.06
20,427,CHEMPLASTS,EQ,84606,36266,42.86
20,428,CHENNPETRO,EQ,1397344,309522,22.15
20,429,CHEVIOT,EQ,6157,4263,69.24
20,430,CHOICEIN,EQ,282142,69732,24.72
20,431,CHOLAFIN,EQ,1912562,1202336,62.87
20,432,CHOLAFIN,N6,27,27,100.00
20,433,CHOLAFIN,N7,99,99,100.00
20,434,CHOLAFIN,NB,644,644,100.00
20,435,CHOLAFIN,NC,10,10,100.00
20,436,CHOLAFIN,ND,100,100,100.00
20,437,CHOLAHLDNG,EQ,54316,23500,43.27
20,438,CIEINDIA,EQ,571802,237097,41.46
20,439,CIGNITITEC,EQ,118103,54636,46.26
20,440,CIPLA,EQ,1723297,841379,48.82
20,441,CLEAN,EQ,101337,40760,40.22
20,442,CLEDUCATE,EQ,226447,94991,41.95
20,443,CLOUD,SM,267000,158000,59.18
20,444,CLSEL,EQ,76857,33887,44.09
20,445,CLSL,SM,16000,12000,75.00
20,446,CMNL,SM,124500,76500,61.45
20,447,CMRSL,SM,4000,4000,100.00
20,448,CMSINFO,EQ,486750,230912,47.44
20,449,COALINDIA,EQ,12493835,5259953,42.10
20,450,COASTCORP,EQ,35601,19704,55.35
20,451,COCHINSHIP,EQ,11018034,1746879,15.85
20,452,COFFEEDAY,EQ,5044996,1167575,23.14
20,453,COFORGE,EQ,541380,176616,32.62
20,454,COLPAL,EQ,348563,190095,54.54
20,455,COMMITTED,SM,6400,4800,75.00
20,456,COMMOIETF,EQ,93800,38822,41.39
20,457,CONCOR,EQ,2296029,1209619,52.68
20,458,CONCORDBIO,EQ,66042,30009,45.44
20,459,CONFIPET,EQ,1775762,728186,41.01
20,460,CONSOFINVT,EQ,36943,22816,61.76
20,461,CONSUMBEES,EQ,53764,42276,78.63
20,462,CONSUMIETF,EQ,109505,44884,40.99
20,463,CONTROLPR,EQ,34181,14279,41.77
20,464,CORDSCABLE,EQ,64933,32161,49.53
20,465,COROMANDEL,EQ,254243,118486,46.60
20,466,COSMOFIRST,EQ,38261,15129,39.54
20,467,CPS,SM,4800,3600,75.00
20,468,CPSEETF,EQ,5537623,4458313,80.51
20,469,CRAFTSMAN,EQ,47651,25180,52.84
20,470,CRAYONS,SM,58000,48000,82.76
20,471,CREATIVE,EQ,23745,9744,41.04
20,472,CREATIVEYE,EQ,15272,15272,100.00
20,473,CREDITACC,EQ,344148,226530,65.82
20,474,CREDITACC,N1,60,60,100.00
20,475,CREDITACC,N3,23,23,100.00
20,476,CREDITACC,N4,122,122,100.00
20,477,CREDITACC,N5,251,251,100.00
20,478,CREDITACC,ND,223,223,100.00
20,479,CREST,EQ,666767,396561,59.48
20,480,CRISIL,EQ,6457,2766,42.84
20,481,CROMPTON,EQ,2307806,1456067,63.09
20,482,CSBBANK,EQ,219012,101662,46.42
20,483,CSLFINANCE,EQ,88065,43804,49.74
20,484,CTE,EQ,72966,40738,55.83
20,485,CUB,EQ,3612774,1499187,41.50
20,486,CUMMINSIND,EQ,345585,134299,38.86
20,487,CYBERMEDIA,EQ,89803,55827,62.17
20,488,CYBERTECH,EQ,189980,57171,30.09
20,489,CYIENT,EQ,283946,158349,55.77
20,490,CYIENTDLM,EQ,171388,82650,48.22
20,491,DABUR,EQ,1520695,799207,52.56
20,492,DALBHARAT,EQ,298160,123029,41.26
20,493,DALMIASUG,EQ,99756,49085,49.21
20,494,DAMODARIND,EQ,29283,19455,66.44
20,495,DATAMATICS,EQ,128997,45951,35.62
20,496,DATAPATTNS,EQ,105851,47995,45.34
20,497,DBCORP,EQ,234676,109456,46.64
20,498,DBL,EQ,635268,204857,32.25
20,499,DBOL,EQ,660345,224781,34.04
20,500,DBREALTY,EQ,5449687,2898020,53.18
20,501,DCAL,EQ,653491,251324,38.46
20,502,DCBBANK,EQ,3083465,1183636,38.39
20,503,DCI,EQ,24374,17427,71.50
20,504,DCM,EQ,111174,61750,55.54
20,505,DCMNVL,EQ,38478,25040,65.08
20,506,DCMSHRIRAM,EQ,86217,15271,17.71
20,507,DCMSRIND,EQ,252462,115158,45.61
20,508,DCW,EQ,6258956,2182608,34.87
20,509,DCXINDIA,EQ,1027859,422001,41.06
20,510,DECCANCE,EQ,15679,8542,54.48
20,511,DEEPAKFERT,EQ,436946,169561,38.81
20,512,DEEPAKNTR,EQ,293820,121469,41.34
20,513,DEEPENR,EQ,30190,18162,60.16
20,514,DEEPINDS,EQ,154506,61489,39.80
20,515,DELHIVERY,EQ,1106487,657612,59.43
20,516,DELPHIFX,EQ,25865,13310,51.46
20,517,DELTACORP,EQ,2442128,1058625,43.35
20,518,DELTAMAGNT,EQ,8466,6192,73.14
20,519,DEN,EQ,5094137,1106597,21.72
20,520,DENEERS,SM,4800,4200,87.50
20,521,DENORA,EQ,14935,4570,30.60
20,522,DENTALKART,SM,3750,3000,80.00
20,523,DEVYANI,EQ,1695612,895674,52.82
20,524,DGCONTENT,EQ,7471,6050,80.98
20,525,DHAMPURSUG,EQ,447777,146388,32.69
20,526,DHANBANK,EQ,6367448,2862811,44.96
20,527,DHANI,EQ,1441239,583908,40.51
20,528,DHANILOANS,N7,182,182,100.00
20,529,DHANILOANS,N8,1105,1105,100.00
20,530,DHANILOANS,NF,17,17,100.00
20,531,DHANILOANS,NV,2,2,100.00
20,532,DHANILOANS,NW,100,100,100.00
20,533,DHANUKA,EQ,98659,53376,54.10
20,534,DHARMAJ,EQ,105559,46326,43.89
20,535,DHRUV,EQ,48103,28508,59.26
20,536,DHUNINV,EQ,3883,2286,58.87
20,537,DIAMINESQ,EQ,10716,7466,69.67
20,538,DIAMONDYD,EQ,641518,158647,24.73
20,539,DICIND,EQ,9171,4900,53.43
20,540,DIGIKORE,SM,60800,47200,77.63
20,541,DIGISPICE,EQ,103885,54484,52.45
20,542,DIL,EQ,2173956,1070612,49.25
20,543,DISHTV,EQ,52769717,17387807,32.95
20,544,DIVGIITTS,EQ,19925,9349,46.92
20,545,DIVISLAB,EQ,651966,268829,41.23
20,546,DIVOPPBEES,EQ,41516,24568,59.18
20,547,DIXON,EQ,326794,91302,27.94
20,548,DJML,EQ,16219,12936,79.76
20,549,DKEGL,SM,4500,4500,100.00
20,550,DLF,EQ,8727583,4690873,53.75
20,551,DLINKINDIA,EQ,143646,64954,45.22
20,552,DMART,EQ,489754,391505,79.94
20,553,DMCC,EQ,46090,25963,56.33
20,554,DODLA,EQ,63775,23229,36.42
20,555,DOLATALGO,EQ,213880,90862,42.48
20,556,DOLLAR,EQ,42652,17455,40.92
20,557,DOLLEX,SM,28000,16000,57.14
20,558,DOMS,EQ,130917,62667,47.87
20,559,DONEAR,EQ,241164,89063,36.93
20,560,DPABHUSHAN,EQ,12151,9076,74.69
20,561,DPSCLTD,EQ,628034,388761,61.90
20,562,DPWIRES,EQ,19919,9997,50.19
20,563,DREAMFOLKS,EQ,530998,207246,39.03
20,564,DREDGECORP,EQ,766967,203630,26.55
20,565,DRL,ST,27000,24000,88.89
20,566,DRONE,SM,54000,32000,59.26
20,567,DRREDDY,EQ,345527,166183,48.10
20,568,DSPBANKETF,EQ,100457,85436,85.05
20,569,DSPGOLDETF,EQ,3070,1671,54.43
20,570,DSPITETF,EQ,2972,1288,43.34
20,571,DSPN50ETF,EQ,7467,5727,76.70
20,572,DSPNEWETF,EQ,22150,19996,90.28
20,573,DSPPSBKETF,EQ,175316,172345,98.31
20,574,DSPPVBKETF,EQ,1729859,1714124,99.09
20,575,DSPQ50ETF,EQ,1808,647,35.79
20,576,DSPSENXETF,EQ,705,560,79.43
20,577,DSPSILVETF,EQ,7624,6161,80.81
20,578,DSSL,EQ,17542,8737,49.81
20,579,DTIL,EQ,16179,7643,47.24
20,580,DUCOL,SM,19200,15200,79.17
20,581,DUGLOBAL,SM,37500,30000,80.00
20,582,DVL,EQ,113814,38991,34.26
20,583,DWARKESH,EQ,1142532,401443,35.14
20,584,DYCL,EQ,30199,13093,43.36
20,585,DYNAMATECH,EQ,91775,18030,19.65
20,586,DYNAMIC,SM,12000,9000,75.00
20,587,DYNPRO,EQ,44718,27002,60.38
20,588,EASEMYTRIP,EQ,28311306,11246144,39.72
20,589,EBBETF0425,EQ,3840,3804,99.06
20,590,EBBETF0430,EQ,7198,5869,81.54
20,591,EBBETF0431,EQ,48885,48136,98.47
20,592,EBBETF0433,EQ,775,744,96.00
20,593,ECLERX,EQ,85230,44591,52.32
20,594,ECLFINANCE,NJ,59,59,100.00
20,595,ECLFINANCE,NK,10,10,100.00
20,596,ECLFINANCE,NR,793,700,88.27
20,597,EDELWEISS,EQ,5229232,2103594,40.23
20,598,EFACTOR,SM,80000,73600,92.00
20,599,EFORCE,SM,117600,80400,68.37
20,600,EGOLD,EQ,24,24,100.00
20,601,EICHERMOT,EQ,583931,323415,55.39
20,602,EIDPARRY,EQ,488321,311140,63.72
20,603,EIFFL,EQ,18538,15671,84.53
20,604,EIHAHOTELS,EQ,486418,105518,21.69
20,605,EIHOTEL,EQ,1198154,329655,27.51
20,606,EKC,EQ,888462,335609,37.77
20,607,ELDEHSG,EQ,18497,10096,54.58
20,608,ELECON,EQ,444908,155487,34.95
20,609,ELECTCAST,EQ,7773152,4268145,54.91
20,610,ELGIEQUIP,EQ,228197,98754,43.28
20,611,ELIN,EQ,812428,353651,43.53
20,612,EMAMILTD,EQ,706123,435823,61.72
20,613,EMAMIPAP,EQ,23897,13071,54.70
20,614,EMBASSY,RR,975575,781613,80.12
20,615,EMIL,EQ,250670,110083,43.92
20,616,EMKAYTOOLS,SM,1500,1200,80.00
20,617,EMMBI,EQ,120711,47865,39.65
20,618,EMSLIMITED,EQ,664777,349197,52.53
20,619,EMUDHRA,EQ,330727,114715,34.69
20,620,ENDURANCE,EQ,95265,21154,22.21
20,621,ENGINERSIN,EQ,15170346,3373443,22.24
20,622,ENIL,EQ,276404,65871,23.83
20,623,EPIGRAL,EQ,77780,30349,39.02
20,624,EPL,EQ,1829796,1101985,60.22
20,625,EQUITASBNK,EQ,5114676,2731671,53.41
20,626,ERFLNCDI,N5,209,204,97.61
20,627,ERIS,EQ,47446,23513,49.56
20,628,EROSMEDIA,EQ,955714,520639,54.48
20,629,ESABINDIA,EQ,2505,1258,50.22
20,630,ESAFSFB,EQ,2035311,723441,35.54
20,631,ESCORTS,EQ,260512,79698,30.59
20,632,ESFL,SM,61200,38400,62.75
20,633,ESG,EQ,18921,12857,67.95
20,634,ESILVER,EQ,40181,38449,95.69
20,635,ESSARSHPNG,EQ,534710,352469,65.92
20,636,ESTER,EQ,175016,86998,49.71
20,637,ETHOSLTD,EQ,83611,33652,40.25
20,638,EUROBOND,SM,5000,5000,100.00
20,639,EUROTEXIND,EQ,2839,1897,66.82
20,640,EVEREADY,EQ,385103,220617,57.29
20,641,EVERESTIND,EQ,21000,11656,55.50
20,642,EXCELINDUS,EQ,16045,6788,42.31
20,643,EXIDEIND,EQ,4819502,2133593,44.27
20,644,EXPLEOSOL,EQ,19665,11372,57.83
20,645,EXXARO,EQ,163497,133896,81.90
20,646,FACT,EQ,3109843,464542,14.94
20,647,FAIRCHEMOR,EQ,14232,7039,49.46
20,648,FAZE3Q,EQ,32427,18795,57.96
20,649,FCL,EQ,409005,162183,39.65
20,650,FCSSOFT,EQ,29406921,9045473,30.76
20,651,FDC,EQ,2502757,573453,22.91
20,652,FEDERALBNK,EQ,21044204,8055357,38.28
20,653,FEDFINA,EQ,573895,263057,45.84
20,654,FELIX,SM,164000,102000,62.20
20,655,FIBERWEB,EQ,82646,49066,59.37
20,656,FIDEL,SM,24000,18000,75.00
20,657,FIEMIND,EQ,80031,33191,41.47
20,658,FILATEX,EQ,2429313,819476,33.73
20,659,FINCABLES,EQ,164170,60685,36.96
20,660,FINEORG,EQ,17408,8664,49.77
20,661,FINIETF,EQ,428814,85046,19.83
20,662,FINOPB,EQ,144999,71095,49.03
20,663,FINPIPE,EQ,1143647,370172,32.37
20,664,FIVESTAR,EQ,413556,249758,60.39
20,665,FLAIR,EQ,208301,105367,50.58
20,666,FLEXITUFF,EQ,4617,2981,64.57
20,667,FLUOROCHEM,EQ,98181,44192,45.01
20,668,FMCGIETF,EQ,24732,8981,36.31
20,669,FMGOETZE,EQ,207373,83197,40.12
20,670,FMNL,EQ,202874,130149,64.15
20,671,FOCE,SM,200,200,100.00
20,672,FOCUS,EQ,148541,66364,44.68
20,673,FOODSIN,EQ,302933,153324,50.61
20,674,FORTIS,EQ,695910,269573,38.74
20,675,FOSECOIND,EQ,1823,1142,62.64
20,676,FROG,SM,37600,25600,68.09
20,677,FSL,EQ,3882847,1129108,29.08
20,678,FUSION,EQ,582419,384508,66.02
20,679,GABRIEL,EQ,261209,125537,48.06
20,680,GAEL,EQ,283477,77447,27.32
20,681,GAIL,EQ,20299367,6716181,33.09
20,682,GALAXYSURF,EQ,23745,15216,64.08
20,683,GALLANTT,EQ,187495,90816,48.44
20,684,GANDHAR,EQ,461838,177477,38.43
20,685,GANDHITUBE,EQ,36633,20067,54.78
20,686,GANECOS,EQ,75527,51735,68.50
20,687,GANESHBE,EQ,1060046,456772,43.09
20,688,GANESHHOUC,EQ,1325924,315694,23.81
20,689,GANGESSECU,EQ,23180,16499,71.18
20,690,GARFIBRES,EQ,10863,4316,39.73
20,691,GATECHDVR,EQ,350345,258318,73.73
20,692,GATEWAY,EQ,1230389,578749,47.04
20,693,GEECEE,EQ,20701,11250,54.35
20,694,GENESYS,EQ,228400,96538,42.27
20,695,GENUSPAPER,EQ,2032659,466267,22.94
20,696,GENUSPOWER,EQ,287299,167908,58.44
20,697,GEOJITFSL,EQ,2472771,534441,21.61
20,698,GEPIL,EQ,435739,106139,24.36
20,699,GESHIP,EQ,302558,125231,41.39
20,700,GFLLIMITED,EQ,198911,97225,48.88
20,701,GHCL,EQ,152111,65512,43.07
20,702,GHCLTEXTIL,EQ,577175,281496,48.77
20,703,GICHSGFIN,EQ,992197,180965,18.24
20,704,GICL,SM,105000,84000,80.00
20,705,GICRE,EQ,884290,345457,39.07
20,706,GILLANDERS,EQ,304424,154512,50.76
20,707,GILLETTE,EQ,19171,10601,55.30
20,708,GILT5YBEES,EQ,165961,134456,81.02
20,709,GINNIFILA,EQ,172412,111254,64.53
20,710,GIPCL,EQ,714723,222783,31.17
20,711,GIRIRAJ,ST,2500,2500,100.00
20,712,GLAND,EQ,180402,71498,39.63
20,713,GLAXO,EQ,318008,150023,47.18
20,714,GLENMARK,EQ,1540500,818863,53.16
20,715,GLOBAL,EQ,143499,71865,50.08
20,716,GLOBALPET,SM,22500,13500,60.00
20,717,GLOBUSSPR,EQ,94408,49514,52.45
20,718,GLS,EQ,147375,84101,57.07
20,719,GMBREW,EQ,26004,10879,41.84
20,720,GMDCLTD,EQ,2805327,691390,24.65
20,721,GMMPFAUDLR,EQ,144136,60474,41.96
20,722,GMRINFRA,EQ,23950513,7011145,29.27
20,723,GMRP&UI,EQ,2022554,1207824,59.72
20,724,GNA,EQ,133807,64548,48.24
20,725,GNFC,EQ,842954,235357,27.92
20,726,GOACARBON,EQ,1609087,314828,19.57
20,727,GOCLCORP,EQ,60361,30558,50.63
20,728,GOCOLORS,EQ,107502,79026,73.51
20,729,GODFRYPHLP,EQ,61447,32844,53.45
20,730,GODREJAGRO,EQ,148835,61963,41.63
20,731,GODREJCP,EQ,2486764,1944790,78.21
20,732,GODREJIND,EQ,494240,143266,28.99
20,733,GODREJPROP,EQ,822600,378898,46.06
20,734,GOKEX,EQ,257890,99526,38.59
20,735,GOKUL,EQ,299387,172381,57.58
20,736,GOKULAGRO,EQ,155667,58664,37.69
20,737,GOLDBEES,EQ,4362662,3257902,74.68
20,738,GOLDETF,EQ,50483,25088,49.70
20,739,GOLDIAM,EQ,383549,168885,44.03
20,740,GOLDIETF,EQ,15157468,15093017,99.57
20,741,GOLDSHARE,EQ,49280,37114,75.31
20,742,GOLDSTAR,ST,168750,146250,86.67
20,743,GOODLUCK,EQ,177302,73087,41.22
20,744,GOYALSALT,SM,30000,21000,70.00
20,745,GPIL,EQ,399878,227179,56.81
20,746,GPPL,EQ,2899688,1178039,40.63
20,747,GRANULES,EQ,1097196,298094,27.17
20,748,GRAPHISAD,SM,25200,21600,85.71
20,749,GRAPHITE,EQ,1250172,342545,27.40
20,750,GRASIM,EQ,877519,452459,51.56
20,751,GRAVITA,EQ,147544,65749,44.56
20,752,GREAVESCOT,EQ,1801602,697273,38.70
20,753,GREENCHEF,SM,20800,16000,76.92
20,754,GREENLAM,EQ,28198,11729,41.60
20,755,GREENPANEL,EQ,476601,212685,44.63
20,756,GREENPLY,EQ,284231,121918,42.89
20,757,GREENPOWER,EQ,7204988,4305522,59.76
20,758,GRINDWELL,EQ,19597,8343,42.57
20,759,GRINFRA,EQ,41344,20394,49.33
20,760,GRMOVER,EQ,86424,35084,40.60
20,761,GROBTEA,EQ,188,124,65.96
20,762,GRPLTD,EQ,1453,1297,89.26
20,763,GRSE,EQ,1055131,300880,28.52
20,764,GRWRHITECH,EQ,27064,18335,67.75
20,765,GSEC10IETF,EQ,362,362,100.00
20,766,GSEC10YEAR,EQ,37,25,67.57
20,767,GSEC5IETF,EQ,763,730,95.67
20,768,GSFC,EQ,5433777,1311482,24.14
20,769,GSLSU,EQ,748206,341058,45.58
20,770,GSPL,EQ,935755,467914,50.00
20,771,GSS,EQ,124791,98715,79.10
20,772,GSTL,ST,22000,21000,95.45
20,773,GTLINFRA,EQ,105985206,59878758,56.50
20,774,GTPL,EQ,178427,61646,34.55
20,775,GUFICBIO,EQ,159752,55924,35.01
20,776,GUJALKALI,EQ,98928,28852,29.16
20,777,GUJAPOLLO,EQ,107372,55358,51.56
20,778,GUJGASLTD,EQ,2703718,1049649,38.82
20,779,GULFOILLUB,EQ,200293,97142,48.50
20,780,GULPOLY,EQ,76100,34930,45.90
20,781,HAL,EQ,2066487,824078,39.88
20,782,HAPPSTMNDS,EQ,1428402,545338,38.18
20,783,HAPPYFORGE,EQ,91091,37642,41.32
20,784,HARDWYN,EQ,502658,267698,53.26
20,785,HARIOMPIPE,EQ,50822,29996,59.02
20,786,HARSHA,EQ,84191,34051,40.44
20,787,HATHWAY,EQ,20596799,4594969,22.31
20,788,HATSUN,EQ,11731,5495,46.84
20,789,HAVELLS,EQ,603033,320843,53.20
20,790,HBLPOWER,EQ,2899015,1020507,35.20
20,791,HCC,EQ,38526718,9575331,24.85
20,792,HCG,EQ,53481,32734,61.21
20,793,HCL-INSYS,EQ,1421985,1130660,79.51
20,794,HCLTECH,EQ,3205598,1544460,48.18
20,795,HDFCAMC,EQ,650351,239044,36.76
20,796,HDFCBANK,EQ,80535465,55933202,69.45
20,797,HDFCBSE500,EQ,46697,24384,52.22
20,798,HDFCGOLD,EQ,451069,346417,76.80
20,799,HDFCGROWTH,EQ,1641,1383,84.28
20,800,HDFCLIFE,EQ,3658639,1758192,48.06
20,801,HDFCLIQUID,EQ,3258,3204,98.34
20,802,HDFCLOWVOL,EQ,12482,11596,92.90
20,803,HDFCMID150,EQ,459726,318703,69.32
20,804,HDFCMOMENT,EQ,76591,41824,54.61
20,805,HDFCNEXT50,EQ,15291,11473,75.03
20,806,HDFCNIF100,EQ,21532,12025,55.85
20,807,HDFCNIFBAN,EQ,48517,32414,66.81
20,808,HDFCNIFIT,EQ,6311,5376,85.18
20,809,HDFCNIFTY,EQ,74870,70678,94.40
20,810,HDFCPVTBAN,EQ,16643,10243,61.55
20,811,HDFCQUAL,EQ,11798,11063,93.77
20,812,HDFCSENSEX,EQ,5020,3527,70.26
20,813,HDFCSILVER,EQ,302191,264988,87.69
20,814,HDFCSML250,EQ,257544,161649,62.77
20,815,HDFCVALUE,EQ,4552,3553,78.05
20,816,HEADSUP,EQ,98720,72223,73.16
20,817,HEALTHIETF,EQ,67916,36086,53.13
20,818,HEALTHY,EQ,188364,74982,39.81
20,819,HEG,EQ,247594,81624,32.97
20,820,HEIDELBERG,EQ,160875,68732,42.72
20,821,HEMIPROP,EQ,1751802,518932,29.62
20,822,HERANBA,EQ,69819,31874,45.65
20,823,HERCULES,EQ,146911,50767,34.56
20,824,HERITGFOOD,EQ,687787,271313,39.45
20,825,HEROMOTOCO,EQ,570816,257239,45.07
20,826,HESTERBIO,EQ,8389,4641,55.32
20,827,HEUBACHIND,EQ,33420,13628,40.78
20,828,HEXATRADEX,EQ,71325,39089,54.80
20,829,HFCL,EQ,16519441,4344988,26.30
20,830,HGINFRA,EQ,187314,109963,58.71
20,831,HGS,EQ,17880,9664,54.05
20,832,HIGREEN,SM,118400,68800,58.11
20,833,HIKAL,EQ,150233,62169,41.38
20,834,HIL,EQ,9702,4872,50.22
20,835,HILTON,EQ,91147,39285,43.10
20,836,HIMATSEIDE,EQ,468897,197324,42.08
20,837,HINDALCO,EQ,3784905,1454501,38.43
20,838,HINDCOMPOS,EQ,13087,8117,62.02
20,839,HINDCOPPER,EQ,8060046,2614665,32.44
20,840,HINDMOTORS,EQ,3493226,1410474,40.38
20,841,HINDOILEXP,EQ,1014475,379062,37.37
20,842,HINDPETRO,EQ,6440957,1780605,27.65
20,843,HINDUNILVR,EQ,1273095,852548,66.97
20,844,HINDWAREAP,EQ,683574,554828,81.17
20,845,HINDZINC,EQ,890971,477173,53.56
20,846,HIRECT,EQ,9948,5822,58.52
20,847,HISARMETAL,EQ,5457,3004,55.05
20,848,HITECH,EQ,1314984,644783,49.03
20,849,HITECHCORP,EQ,12027,6384,53.08
20,850,HITECHGEAR,EQ,22966,15008,65.35
20,851,HLEGLAS,EQ,61327,23659,38.58
20,852,HLVLTD,EQ,754320,408654,54.18
20,853,HMAAGRO,EQ,475714,357868,75.23
20,854,HMVL,EQ,446670,226682,50.75
20,855,HNDFDS,EQ,38522,20779,53.94
20,856,HNGSNGBEES,EQ,280081,249279,89.00
20,857,HOLMARC,SM,18000,9000,50.00
20,858,HOMEFIRST,EQ,396608,183597,46.29
20,859,HOMESFY,SM,3600,3300,91.67
20,860,HONASA,EQ,358115,127193,35.52
20,861,HONAUT,EQ,11779,7632,64.79
20,862,HONDAPOWER,EQ,19680,12476,63.39
20,863,HPAL,EQ,179096,84355,47.10
20,864,HPL,EQ,254998,114439,44.88
20,865,HRHNEXT,SM,147000,87000,59.18
20,866,HTMEDIA,EQ,1296686,422046,32.55
20,867,HUBTOWN,EQ,137175,137175,100.00
20,868,HUDCO,EQ,29996826,7461842,24.88
20,869,HUDCO,N2,2191,2191,100.00
20,870,HUDCO,N8,51,51,100.00
20,871,HUDCO,ND,45,45,100.00
20,872,HUDCO,NE,30,30,100.00
20,873,HUHTAMAKI,EQ,237022,112411,47.43
20,874,IBLFL,ST,142000,142000,100.00
20,875,IBREALEST,EQ,20169499,5599136,27.76
20,876,IBUCCREDIT,NB,40,30,75.00
20,877,IBUCCREDIT,ND,10,10,100.00
20,878,IBUCCREDIT,NI,200,200,100.00
20,879,IBUCCREDIT,NK,45,41,91.11
20,880,IBUCCREDIT,NM,10,10,100.00
20,881,IBUCCREDIT,NO,857,688,80.28
20,882,IBULHSG,NT,50,50,100.00
20,883,IBULHSG,NV,21,21,100.00
20,884,IBULHSG,Y1,20,20,100.00
20,885,IBULHSG,YM,10,10,100.00
20,886,IBULHSGFIN,AN,3,3,100.00
20,887,IBULHSGFIN,AP,90,75,83.33
20,888,IBULHSGFIN,BF,32,32,100.00
20,889,IBULHSGFIN,EQ,14808510,5362115,36.21
20,890,IBULHSGFIN,N0,20,20,100.00
20,891,IBULHSGFIN,NA,11,11,100.00
20,892,IBULHSGFIN,NE,343,343,100.00
20,893,IBULHSGFIN,YM,9,9,100.00
20,894,IBULHSGFIN,YN,12,12,100.00
20,895,IBULHSGFIN,YV,10,10,100.00
20,896,IBULHSGFIN,Z9,100,100,100.00
20,897,IBULHSGFIN,ZF,9,9,100.00
20,898,IBULHSGFIN,ZJ,1,1,100.00
20,899,IBULHSGFIN,ZU,107,107,100.00
20,900,ICEMAKE,EQ,40557,23199,57.20
20,901,ICICIB22,EQ,1382162,1154967,83.56
20,902,ICICIBANK,EQ,17902484,11114591,62.08
20,903,ICICIGI,EQ,503202,187824,37.33
20,904,ICICIPRULI,EQ,17222774,8446713,49.04
20,905,ICIL,EQ,333691,138098,41.38
20,906,ICRA,EQ,15208,13021,85.62
20,907,IDBI,EQ,11264394,3135311,27.83
20,908,IDEA,EQ,282295356,47073928,16.68
20,909,IDEAFORGE,EQ,86082,40840,47.44
20,910,IDFC,EQ,7409557,2745940,37.06
20,911,IDFCFIRSTB,EQ,32763022,8373728,25.56
20,912,IDFNIFTYET,EQ,1003,799,79.66
20,913,IEX,EQ,52733975,21001010,39.82
20,914,IFBAGRO,EQ,8269,3911,47.30
20,915,IFBIND,EQ,29542,13634,46.15
20,916,IFCI,EQ,37789256,7349413,19.45
20,917,IFCI,NH,521,510,97.89
20,918,IFCI,NL,69,69,100.00
20,919,IFGLEXPOR,EQ,29150,19147,65.68
20,920,IGARASHI,EQ,77909,33497,43.00
20,921,IGL,EQ,2413445,1022347,42.36
20,922,IGPL,EQ,37251,15836,42.51
20,923,IIFCL,N4,49,49,100.00
20,924,IIFL,EQ,3082575,2118772,68.73
20,925,IIFL,N6,203,203,100.00
20,926,IIFL,NC,237,230,97.05
20,927,IIFL,NE,933,933,100.00
20,928,IIFL,NF,1773,1741,98.20
20,929,IIFL,NL,98,98,100.00
20,930,IIFL,NO,569,569,100.00
20,931,IIFL,NQ,1,1,100.00
20,932,IIFL,NS,636,536,84.28
20,933,IIFL,NT,20,20,100.00
20,934,IIFL,NV,797,639,80.18
20,935,IIFL,NW,350,200,57.14
20,936,IIFL,NX,5,5,100.00
20,937,IIFL,NZ,480,480,100.00
20,938,IIFL,Y0,225,225,100.00
20,939,IIFLSAMFIN,N1,52,52,100.00
20,940,IIFLSAMFIN,N2,100,100,100.00
20,941,IIFLSAMFIN,N4,659,659,100.00
20,942,IIFLSAMFIN,N5,5,5,100.00
20,943,IIFLSEC,EQ,2074476,953194,45.95
20,944,IIHFL,N4,727,702,96.56
20,945,IIHFL,N5,1384,1159,83.74
20,946,IIHFL,N6,11,11,100.00
20,947,IIHFL,N7,103,103,100.00
20,948,IIHFL,N8,350,350,100.00
20,949,IIHFL,NC,16,16,100.00
20,950,IIHFL,ND,60,60,100.00
20,951,IKIO,EQ,406694,159423,39.20
20,952,IMAGICAA,EQ,3531653,1340354,37.95
20,953,IMC1,N0,10,10,100.00
20,954,IMC1,N1,10,10,100.00
20,955,IMC1,N3,10,10,100.00
20,956,IMFA,EQ,122418,56429,46.10
20,957,IMPAL,EQ,15259,10516,68.92
20,958,IMPEXFERRO,EQ,127816,127816,100.00
20,959,INCREDFIN,N2,2,2,100.00
20,960,INCREDFIN,N4,17,17,100.00
20,961,INDBANK,EQ,242111,76872,31.75
20,962,INDHOTEL,EQ,3411840,1538020,45.08
20,963,INDIACEM,EQ,3667718,791075,21.57
20,964,INDIAGLYCO,EQ,262522,83281,31.72
20,965,INDIAMART,EQ,762462,235899,30.94
20,966,INDIANB,EQ,1509859,617053,40.87
20,967,INDIANCARD,EQ,65520,30910,47.18
20,968,INDIANHUME,EQ,33173,16607,50.06
20,969,INDIASHLTR,EQ,364968,206923,56.70
20,970,INDIFRA,SM,44000,34000,77.27
20,971,INDIGO,EQ,925829,670268,72.40
20,972,INDIGOPNTS,EQ,54607,23737,43.47
20,973,INDIGRID,IV,124567,89173,71.59
20,974,INDIGRID,ND,204,204,100.00
20,975,INDIGRID,NJ,1160,800,68.97
20,976,INDNIPPON,EQ,30660,13057,42.59
20,977,INDOAMIN,EQ,905773,475918,52.54
20,978,INDOBORAX,EQ,125997,55805,44.29
20,979,INDOCO,EQ,878440,226764,25.81
20,980,INDORAMA,EQ,579940,152028,26.21
20,981,INDOTECH,EQ,67196,35863,53.37
20,982,INDOTHAI,EQ,665201,144156,21.67
20,983,INDSWFTLAB,EQ,300597,162395,54.02
20,984,INDTERRAIN,EQ,1109710,499382,45.00
20,985,INDUSINDBK,EQ,3557256,1497157,42.09
20,986,INDUSTOWER,EQ,20306069,6961670,34.28
20,987,INFIBEAM,EQ,89758958,12974453,14.45
20,988,INFINIUM,SM,1500,1500,100.00
20,989,INFOBEAN,EQ,26465,13085,49.44
20,990,INFOLLION,SM,21600,16000,74.07
20,991,INFRABEES,EQ,9586,6293,65.65
20,992,INFRAIETF,EQ,103748,43968,42.38
20,993,INFY,EQ,6375464,4315690,67.69
20,994,INGERRAND,EQ,13219,5323,40.27
20,995,INNOVACAP,EQ,244371,58083,23.77
20,996,INNOVANA,SM,2200,1800,81.82
20,997,INNOVATIVE,ST,159000,135000,84.91
20,998,INOXGREEN,EQ,2126281,957983,45.05
20,999,INOXINDIA,EQ,450423,218893,48.60
20,1000,INOXWIND,EQ,1342595,692415,51.57
20,1001,INSECTICID,EQ,27755,13149,47.38
20,1002,INSPIRE,SM,4000,4000,100.00
20,1003,INTELLECT,EQ,469876,176345,37.53
20,1004,INTENTECH,EQ,401369,164625,41.02
20,1005,INTLCONV,EQ,1525301,599421,39.30
20,1006,IOB,EQ,29406860,5078960,17.27
20,1007,IOC,EQ,26958686,10043463,37.26
20,1008,IOLCP,EQ,157668,67261,42.66
20,1009,IONEXCHANG,EQ,193560,97072,50.15
20,1010,IPCALAB,EQ,408875,166895,40.82
20,1011,IPL,EQ,1443012,353099,24.47
20,1012,IPSL,SM,39000,39000,100.00
20,1013,IRB,EQ,45405014,15557599,34.26
20,1014,IRBINVIT,IV,284298,270846,95.27
20,1015,IRCON,EQ,34552809,8712775,25.22
20,1016,IRCTC,EQ,6557942,1150055,17.54
20,1017,IREDA,EQ,55701971,17414144,31.26
20,1018,IREDA,N1,1,1,100.00
20,1019,IREDA,N2,1,1,100.00
20,1020,IREDA,N3,5,5,100.00
20,1021,IREDA,N6,85,82,96.47
20,1022,IREDA,N7,313,263,84.03
20,1023,IRFC,EQ,272134347,58668108,21.56
20,1024,IRFC,N2,702,702,100.00
20,1025,IRFC,N4,514,247,48.05
20,1026,IRFC,N9,3,3,100.00
20,1027,IRFC,NA,1,1,100.00
20,1028,IRFC,NE,99,67,67.68
20,1029,IRFC,NI,3,2,66.67
20,1030,IRFC,NJ,2,1,50.00
20,1031,IRFC,NO,220,220,100.00
20,1032,IRIS,EQ,56657,37565,66.30
20,1033,IRISDOREME,EQ,279438,115362,41.28
20,1034,IRMENERGY,EQ,121606,49996,41.11
20,1035,ISEC,EQ,473641,284572,60.08
20,1036,ISFT,EQ,846101,385638,45.58
20,1037,ISGEC,EQ,130417,62822,48.17
20,1038,ISHAN,ST,12800,12800,100.00
20,1039,ISMTLTD,EQ,864778,447208,51.71
20,1040,ITBEES,EQ,5298842,3175253,59.92
20,1041,ITC,EQ,9143784,4553128,49.79
20,1042,ITDC,EQ,746669,145106,19.43
20,1043,ITDCEM,EQ,5240617,1425625,27.20
20,1044,ITETF,EQ,37155,21042,56.63
20,1045,ITI,EQ,9359912,1710632,18.28
20,1046,ITIETF,EQ,630573,298372,47.32
20,1047,IVZINGOLD,EQ,15,4,26.67
20,1048,IVZINNIFTY,EQ,34,33,97.06
20,1049,JAGRAN,EQ,355342,125555,35.33
20,1050,JAGSNPHARM,EQ,22175,7142,32.21
20,1051,JAICORPLTD,EQ,848154,306206,36.10
20,1052,JAINAM,SM,5000,3000,60.00
20,1053,JAIPURKURT,EQ,215950,157837,73.09
20,1054,JAMNAAUTO,EQ,1504102,644851,42.87
20,1055,JASH,EQ,39191,22144,56.50
20,1056,JAYAGROGN,EQ,55218,19002,34.41
20,1057,JAYBARMARU,EQ,231756,116122,50.11
20,1058,JAYNECOIND,EQ,305289,187219,61.33
20,1059,JAYSREETEA,EQ,168395,73666,43.75
20,1060,JBCHEPHARM,EQ,124953,82351,65.91
20,1061,JBMA,EQ,160203,55324,34.53
20,1062,JCHAC,EQ,48048,16306,33.94
20,1063,JETFREIGHT,EQ,143314,93308,65.11
20,1064,JFLLIFE,SM,78000,74000,94.87
20,1065,JHS,EQ,299058,175944,58.83
20,1066,JINDALPHOT,EQ,13295,6703,50.42
20,1067,JINDALPOLY,EQ,15872,6540,41.20
20,1068,JINDALSAW,EQ,2896566,1497165,51.69
20,1069,JINDALSTEL,EQ,1775563,450505,25.37
20,1070,JINDRILL,EQ,82971,20680,24.92
20,1071,JINDWORLD,EQ,64852,32064,49.44
20,1072,JIOFIN,EQ,24804800,13224073,53.31
20,1073,JISLDVREQS,EQ,20053,14197,70.80
20,1074,JISLJALEQS,EQ,4094364,1626755,39.73
20,1075,JIWANRAM,SM,48000,42000,87.50
20,1076,J&KBANK,EQ,6425021,1877835,29.23
20,1077,JKCEMENT,EQ,133513,65180,48.82
20,1078,JKIL,EQ,308613,144405,46.79
20,1079,JKLAKSHMI,EQ,145520,53433,36.72
20,1080,JKPAPER,EQ,1196006,444338,37.15
20,1081,JKTYRE,EQ,4779277,1142540,23.91
20,1082,JLHL,EQ,17129,7131,41.63
20,1083,JMA,EQ,77289,39088,50.57
20,1084,JMFINANCIL,EQ,9884198,2733139,27.65
20,1085,JOCIL,EQ,11868,7022,59.17
20,1086,JPASSOCIAT,EQ,12356305,5270350,42.65
20,1087,JPOLYINVST,EQ,29495,14796,50.16
20,1088,JPPOWER,EQ,60325029,18940076,31.40
20,1089,JSL,EQ,5393895,2988934,55.41
20,1090,JSLL,ST,6840,5940,86.84
20,1091,JSWENERGY,EQ,4329665,1904654,43.99
20,1092,JSWHL,EQ,3188,1756,55.08
20,1093,JSWINFRA,EQ,3320307,1468082,44.22
20,1094,JSWSTEEL,EQ,1991900,847859,42.57
20,1095,JTEKTINDIA,EQ,300383,104467,34.78
20,1096,JTLIND,EQ,2090651,989700,47.34
20,1097,JUBLFOOD,EQ,2523704,1174749,46.55
20,1098,JUBLINDS,EQ,22958,15749,68.60
20,1099,JUBLINGREA,EQ,162485,65389,40.24
20,1100,JUBLPHARMA,EQ,337244,140556,41.68
20,1101,JUNIORBEES,EQ,141337,71576,50.64
20,1102,JUSTDIAL,EQ,320508,92402,28.83
20,1103,JWL,EQ,1877703,796696,42.43
20,1104,JYOTHYLAB,EQ,1591118,557617,35.05
20,1105,JYOTICNC,EQ,4649404,1169944,25.16
20,1106,KABRAEXTRU,EQ,44588,18485,41.46
20,1107,KAJARIACER,EQ,238862,163736,68.55
20,1108,KAKATCEM,EQ,36297,20807,57.32
20,1109,KALAMANDIR,EQ,618204,303830,49.15
20,1110,KALYANKJIL,EQ,1550854,733742,47.31
20,1111,KAMATHOTEL,EQ,583808,214896,36.81
20,1112,KAMDHENU,EQ,1864762,675803,36.24
20,1113,KAMOPAINTS,EQ,987569,261813,26.51
20,1114,KANANIIND,EQ,1931266,957333,49.57
20,1115,KANDARP,SM,4000,4000,100.00
20,1116,KANORICHEM,EQ,165901,94095,56.72
20,1117,KANPRPLA,EQ,14625,5865,40.10
20,1118,KANSAINER,EQ,350482,219611,62.66
20,1119,KARNIKA,SM,20800,12800,61.54
20,1120,KARURVYSYA,EQ,3704925,2155648,58.18
20,1121,KAYA,EQ,5477,2688,49.08
20,1122,KAYNES,EQ,100538,54209,53.92
20,1123,KBCGLOBAL,EQ,10755839,7888410,73.34
20,1124,KCEIL,ST,248000,204000,82.26
20,1125,KCK,SM,36000,36000,100.00
20,1126,KCP,EQ,1520723,618984,40.70
20,1127,KDDL,EQ,13240,6067,45.82
20,1128,KDL,SM,4400,4400,100.00
20,1129,KEC,EQ,631267,422149,66.87
20,1130,KECL,EQ,562363,243427,43.29
20,1131,KEI,EQ,333355,153945,46.18
20,1132,KEL,SM,31200,21600,69.23
20,1133,KELLTONTEC,EQ,4374461,569975,13.03
20,1134,KESORAMIND,EQ,1862094,1131681,60.77
20,1135,KFINTECH,EQ,599789,280039,46.69
20,1136,KHAICHEM,EQ,1243711,478208,38.45
20,1137,KHAITANLTD,EQ,98657,39524,40.06
20,1138,KHANDSE,EQ,40014,16394,40.97
20,1139,KHFM,SM,37200,21700,58.33
20,1140,KICL,EQ,4561,2797,61.32
20,1141,KILITCH,EQ,29741,21102,70.95
20,1142,KIMS,EQ,46394,21357,46.03
20,1143,KINGFA,EQ,8448,5011,59.32
20,1144,KIOCL,EQ,208683,61097,29.28
20,1145,KIRIINDUS,EQ,193086,103407,53.55
20,1146,KIRLOSBROS,EQ,67808,43127,63.60
20,1147,KIRLOSENG,EQ,402750,168880,41.93
20,1148,KIRLOSIND,EQ,3790,1758,46.39
20,1149,KIRLPNU,EQ,43577,23163,53.15
20,1150,KITEX,EQ,200040,81972,40.98
20,1151,KKCL,EQ,79625,53413,67.08
20,1152,KLL,ST,211200,198400,93.94
20,1153,KMSUGAR,EQ,225770,108545,48.08
20,1154,KNAGRI,SM,20000,13600,68.00
20,1155,KNRCON,EQ,2483992,1803966,72.62
20,1156,KODYTECH,SM,87200,66400,76.15
20,1157,KOKUYOCMLN,EQ,81385,44211,54.32
20,1158,KOLTEPATIL,EQ,389351,131609,33.80
20,1159,KONTOR,SM,6000,4800,80.00
20,1160,KOPRAN,EQ,311557,113987,36.59
20,1161,KORE,SM,30500,25000,81.97
20,1162,KOTAKALPHA,EQ,146597,81559,55.63
20,1163,KOTAKBANK,EQ,4293450,2762537,64.34
20,1164,KOTAKBKETF,EQ,278765,199812,71.68
20,1165,KOTAKCONS,EQ,488,243,49.80
20,1166,KOTAKGOLD,EQ,412385,346587,84.04
20,1167,KOTAKIT,EQ,70689,37483,53.03
20,1168,KOTAKLIQ,EQ,920,460,50.00
20,1169,KOTAKLOVOL,EQ,144486,140778,97.43
20,1170,KOTAKMID50,EQ,31332,14809,47.26
20,1171,KOTAKMNC,EQ,7358,3448,46.86
20,1172,KOTAKNIFTY,EQ,54094,40555,74.97
20,1173,KOTAKNV20,EQ,19255,13093,68.00
20,1174,KOTAKPSUBK,EQ,46161,13359,28.94
20,1175,KOTAKSILVE,EQ,19586,17430,88.99
20,1176,KOTARISUG,EQ,216883,121702,56.11
20,1177,KOTHARIPET,EQ,139189,65296,46.91
20,1178,KOTHARIPRO,EQ,29085,13488,46.37
20,1179,KOTYARK,SM,22200,16200,72.97
20,1180,KPIGREEN,EQ,155932,67373,43.21
20,1181,KPIL,EQ,226899,110619,48.75
20,1182,KPITTECH,EQ,535425,237400,44.34
20,1183,KPRMILL,EQ,269266,134271,49.87
20,1184,KRBL,EQ,238174,101202,42.49
20,1185,KREBSBIO,EQ,13795,11674,84.62
20,1186,KRISHANA,EQ,46343,33140,71.51
20,1187,KRISHCA,SM,28000,19500,69.64
20,1188,KRISHNADEF,SM,25000,13000,52.00
20,1189,KRITI,EQ,208430,114080,54.73
20,1190,KRITINUT,EQ,50349,29231,58.06
20,1191,KRSNAA,EQ,83353,46322,55.57
20,1192,KSB,EQ,68517,35478,51.78
20,1193,KSCL,EQ,109522,54669,49.92
20,1194,KSL,EQ,158757,49755,31.34
20,1195,KSOLVES,EQ,72939,29106,39.90
20,1196,KTKBANK,EQ,3403062,1099216,32.30
20,1197,KUANTUM,EQ,208716,94252,45.16
20,1198,LAGNAM,EQ,31371,17403,55.47
20,1199,LAL,EQ,14170,5286,37.30
20,1200,LALPATHLAB,EQ,129608,31938,24.64
20,1201,LAMBODHARA,EQ,14678,7641,52.06
20,1202,LANDMARK,EQ,120016,49652,41.37
20,1203,LAOPALA,EQ,117679,47048,39.98
20,1204,LASA,EQ,84432,58531,69.32
20,1205,LATENTVIEW,EQ,487704,178560,36.61
20,1206,LATTEYS,EQ,445306,191199,42.94
20,1207,LAURUSLABS,EQ,1619529,530453,32.75
20,1208,LAXMICOT,EQ,91580,41189,44.98
20,1209,LAXMIMACH,EQ,2321,1324,57.04
20,1210,LEMERITE,SM,1600,1600,100.00
20,1211,LEMONTREE,EQ,3805381,1068842,28.09
20,1212,LFIC,EQ,4225,2594,61.40
20,1213,LGBBROSLTD,EQ,27292,11627,42.60
20,1214,LGBFORGE,EQ,339382,179975,53.03
20,1215,LIBAS,EQ,401035,205525,51.25
20,1216,LIBERTSHOE,EQ,662627,233348,35.22
20,1217,LICHSGFIN,EQ,1344935,478315,35.56
20,1218,LICI,EQ,4546830,1217263,26.77
20,1219,LICMFGOLD,EQ,40,33,82.50
20,1220,LICNETFGSC,EQ,16591,12456,75.08
20,1221,LICNETFN50,EQ,7259,5991,82.53
20,1222,LICNETFSEN,EQ,88,76,86.36
20,1223,LICNFNHGP,EQ,8504,1667,19.60
20,1224,LIKHITHA,EQ,137914,73756,53.48
20,1225,LINC,EQ,15442,8290,53.68
20,1226,LINCOLN,EQ,58107,28940,49.80
20,1227,LINDEINDIA,EQ,32988,15109,45.80
20,1228,LIQUID,EQ,58492,44157,75.49
20,1229,LIQUIDBEES,EQ,5646475,5367045,95.05
20,1230,LIQUIDETF,EQ,982768,590953,60.13
20,1231,LIQUIDIETF,EQ,787843,565096,71.73
20,1232,LIQUIDSBI,EQ,9968,7168,71.91
20,1233,LLOYDS,SM,9000,7000,77.78
20,1234,LLOYDSENGG,EQ,1046179,719403,68.76
20,1235,LLOYDSME,EQ,204340,91447,44.75
20,1236,LODHA,EQ,759062,403926,53.21
20,1237,LOKESHMACH,EQ,66006,32496,49.23
20,1238,LORDSCHLO,EQ,112577,40798,36.24
20,1239,LOTUSEYE,EQ,77382,56240,72.68
20,1240,LOVABLE,EQ,69272,37710,54.44
20,1241,LOWVOL,EQ,477,329,68.97
20,1242,LOWVOLIETF,EQ,79061,67554,85.45
20,1243,LOYALTEX,EQ,797,362,45.42
20,1244,LRRPL,SM,18000,12000,66.67
20,1245,LT,EQ,2148898,1269966,59.10
20,1246,L&TFH,EQ,6240372,2738925,43.89
20,1247,L&TFIN,N1,80,80,100.00
20,1248,L&TFIN,NJ,745,705,94.63
20,1249,L&TFIN,NN,130,130,100.00
20,1250,LTFOODS,EQ,477985,222629,46.58
20,1251,LTGILTBEES,EQ,518351,387853,74.82
20,1252,LTIM,EQ,2798324,1002843,35.84
20,1253,LTTS,EQ,328360,71426,21.75
20,1254,LUMAXIND,EQ,3090,1600,51.78
20,1255,LUMAXTECH,EQ,115010,61297,53.30
20,1256,LUPIN,EQ,1167361,507286,43.46
20,1257,LUXIND,EQ,43324,19617,45.28
20,1258,LXCHEM,EQ,611190,232526,38.04
20,1259,MAANALU,EQ,82655,43612,52.76
20,1260,MADHAVBAUG,SM,5200,4800,92.31
20,1261,MADHUSUDAN,SM,62000,50000,80.65
20,1262,MADRASFERT,EQ,2637472,480403,18.21
20,1263,MAFANG,EQ,626347,441398,70.47
20,1264,MAGADSUGAR,EQ,22701,6313,27.81
20,1265,MAGNUM,EQ,740474,507160,68.49
20,1266,MAGSON,SM,4000,4000,100.00
20,1267,MAHABANK,EQ,99201799,27370332,27.59
20,1268,MAHAPEXLTD,EQ,5645,3652,64.69
20,1269,MAHASTEEL,EQ,66580,33174,49.83
20,1270,MAHEPC,EQ,133788,50355,37.64
20,1271,MAHESHWARI,EQ,17026,10114,59.40
20,1272,MAHICKRA,SM,10500,9000,85.71
20,1273,MAHKTECH,EQ,1344880,822195,61.14
20,1274,MAHLIFE,EQ,273474,99156,36.26
20,1275,MAHLOG,EQ,268201,108027,40.28
20,1276,MAHSCOOTER,EQ,6288,3498,55.63
20,1277,MAHSEAMLES,EQ,403565,222145,55.05
20,1278,MAITHANALL,EQ,71516,28617,40.01
20,1279,MAITREYA,SM,118400,76800,64.86
20,1280,MAKEINDIA,EQ,14115,8185,57.99
20,1281,MAKS,ST,6000,6000,100.00
20,1282,MAL,SM,28800,22400,77.78
20,1283,MALLCOM,EQ,9937,6295,63.35
20,1284,MALUPAPER,EQ,155395,74154,47.72
20,1285,MANAKALUCO,EQ,269735,92037,34.12
20,1286,MANAKSIA,EQ,138328,66134,47.81
20,1287,MANAKSTEEL,EQ,1162023,480463,41.35
20,1288,MANALIPETC,EQ,1469008,460174,31.33
20,1289,MANAPPURAM,EQ,6787178,3080132,45.38
20,1290,MANAV,SM,8000,8000,100.00
20,1291,MANGALAM,EQ,36769,19729,53.66
20,1292,MANGCHEFER,EQ,841571,357702,42.50
20,1293,MANGLMCEM,EQ,273074,168626,61.75
20,1294,MANINDS,EQ,636330,240758,37.84
20,1295,MANINFRA,EQ,920609,407501,44.26
20,1296,MANKIND,EQ,214120,106234,49.61
20,1297,MANOMAY,EQ,36957,16359,44.26
20,1298,MANORAMA,EQ,13401,7778,58.04
20,1299,MANORG,EQ,10150,4339,42.75
20,1300,MANYAVAR,EQ,215674,135195,62.68
20,1301,MAPMYINDIA,EQ,119149,60648,50.90
20,1302,MARALOVER,EQ,28758,15870,55.18
20,1303,MARATHON,EQ,45975,19448,42.30
20,1304,MARCO,SM,144000,111000,77.08
20,1305,MARICO,EQ,1188131,711571,59.89
20,1306,MARINETRAN,SM,84000,68000,80.95
20,1307,MARKSANS,EQ,1477759,773980,52.38
20,1308,MARSHALL,EQ,463917,289733,62.45
20,1309,MARUTI,EQ,614860,349965,56.92
20,1310,MASFIN,EQ,344856,159015,46.11
20,1311,MASPTOP50,EQ,120070,93574,77.93
20,1312,MASTEK,EQ,698782,190963,27.33
20,1313,MATRIMONY,EQ,30302,22764,75.12
20,1314,MAWANASUG,EQ,96670,38262,39.58
20,1315,MAXESTATES,EQ,95556,51379,53.77
20,1316,MAXHEALTH,EQ,6894521,6005523,87.11
20,1317,MAXIND,EQ,139591,62358,44.67
20,1318,MAYURUNIQ,EQ,51135,26093,51.03
20,1319,MAZDA,EQ,18695,5762,30.82
20,1320,MAZDOCK,EQ,1588725,506534,31.88
20,1321,MBAPL,EQ,19255,9826,51.03
20,1322,MCDOWELL-N,EQ,927129,563234,60.75
20,1323,MCON,SM,2000,2000,100.00
20,1324,MCX,EQ,633898,132788,20.95
20,1325,MDL,SM,14000,14000,100.00
20,1326,MEDANTA,EQ,355753,144129,40.51
20,1327,MEDICAMEQ,EQ,15048,6918,45.97
20,1328,MEDICO,EQ,620176,249361,40.21
20,1329,MEDPLUS,EQ,696245,635319,91.25
20,1330,MEGAFLEX,SM,3000,3000,100.00
20,1331,MEGASTAR,EQ,15656,8573,54.76
20,1332,MENONBE,EQ,56674,21388,37.74
20,1333,METROBRAND,EQ,46709,16815,36.00
20,1334,METROPOLIS,EQ,168549,45786,27.16
20,1335,MFSL,EQ,1126585,693182,61.53
20,1336,MGEL,EQ,206914,117232,56.66
20,1337,MGL,EQ,1548220,528697,34.15
20,1338,MHHL,SM,7500,7500,100.00
20,1339,MHRIL,EQ,254549,161993,63.64
20,1340,MICROPRO,SM,38400,33600,87.50
20,1341,MID150BEES,EQ,404097,209524,51.85
20,1342,MIDCAPETF,EQ,597766,320488,53.61
20,1343,MIDCAPIETF,EQ,149612,45295,30.27
20,1344,MIDHANI,EQ,7105308,1844081,25.95
20,1345,MIDSELIETF,EQ,109333,19272,17.63
20,1346,MILTON,SM,26400,17600,66.67
20,1347,MINDACORP,EQ,1438249,435658,30.29
20,1348,MINDPOOL,ST,2000,2000,100.00
20,1349,MINDSPACE,RR,191773,163537,85.28
20,1350,MINDTECK,EQ,121673,44488,36.56
20,1351,MIRZAINT,EQ,2535739,531468,20.96
20,1352,MITCON,EQ,154452,81386,52.69
20,1353,MITTAL,EQ,16866166,4501152,26.69
20,1354,MKPL,EQ,2281730,1598668,70.06
20,1355,M&M,EQ,2328588,1395128,59.91
20,1356,M&MFIN,EQ,4262958,2090403,49.04
20,1357,M&MFIN,N2,25,25,100.00
20,1358,MMFL,EQ,25298,12218,48.30
20,1359,MMP,EQ,38175,18730,49.06
20,1360,MMTC,EQ,5992243,1701668,28.40
20,1361,MODISONLTD,EQ,72238,25935,35.90
20,1362,MOGSEC,EQ,15938,15924,99.91
20,1363,MOHEALTH,EQ,16775,8577,51.13
20,1364,MOHITIND,EQ,91937,52890,57.53
20,1365,MOIL,EQ,4277878,973657,22.76
20,1366,MOL,EQ,1261219,431426,34.21
20,1367,MOLDTECH,EQ,107489,53447,49.72
20,1368,MOLDTKPAC,EQ,55615,38552,69.32
20,1369,MOLOWVOL,EQ,3688,3143,85.22
20,1370,MOM100,EQ,546033,335501,61.44
20,1371,MOM30IETF,EQ,422654,171398,40.55
20,1372,MOM50,EQ,3903,3291,84.32
20,1373,MOMENTUM,EQ,27333,21323,78.01
20,1374,MOMOMENTUM,EQ,39349,19531,49.64
20,1375,MON100,EQ,321344,155437,48.37
20,1376,MONARCH,EQ,342941,144074,42.01
20,1377,MONIFTY500,EQ,222471,172170,77.39
20,1378,MONOPHARMA,SM,28000,20000,71.43
20,1379,MONQ50,EQ,24415,12701,52.02
20,1380,MONTECARLO,EQ,13779,6445,46.77
20,1381,MOQUALITY,EQ,13,13,100.00
20,1382,MORARJEE,EQ,221111,132641,59.99
20,1383,MOREPENLAB,EQ,4820851,1194848,24.79
20,1384,MOS,SM,2075200,1062400,51.20
20,1385,MOTHERSON,EQ,16228778,7102463,43.76
20,1386,MOTILALOFS,EQ,445173,160303,36.01
20,1387,MOTISONS,EQ,1986520,751104,37.81
20,1388,MOVALUE,EQ,41500,23942,57.69
20,1389,MPHASIS,EQ,692100,216245,31.24
20,1390,MPSLTD,EQ,16317,7814,47.89
20,1391,MPTODAY,SM,74000,70000,94.59
20,1392,MRF,EQ,14497,2819,19.45
20,1393,MRO-TEK,EQ,117100,44859,38.31
20,1394,MRPL,EQ,8865480,1853678,20.91
20,1395,MSTCLTD,EQ,2702229,621390,23.00
20,1396,MSUMI,EQ,6630691,4138580,62.42
20,1397,MTARTECH,EQ,166462,81669,49.06
20,1398,MTNL,EQ,9436023,2105231,22.31
20,1399,MUFIN,EQ,123590,81881,66.25
20,1400,MUFTI,EQ,609081,234277,38.46
20,1401,MUKANDLTD,EQ,422377,188021,44.51
20,1402,MUNJALAU,EQ,614891,273320,44.45
20,1403,MUNJALSHOW,EQ,1962434,736648,37.54
20,1404,MUTHOOTCAP,EQ,81169,35147,43.30
20,1405,MUTHOOTFIN,EQ,542033,225736,41.65
20,1406,MUTHOOTMF,EQ,440588,234977,53.33
20,1407,MVGJL,EQ,88472,41205,46.57
20,1408,MWL,SM,172800,162000,93.75
20,1409,NABARD,N1,16,16,100.00
20,1410,NABARD,N2,532,487,91.54
20,1411,NACLIND,EQ,249486,130259,52.21
20,1412,NAGAFERT,EQ,3752310,2550800,67.98
20,1413,NAHARCAP,EQ,8471,6208,73.29
20,1414,NAHARINDUS,EQ,31731,14958,47.14
20,1415,NAHARPOLY,EQ,12120,6867,56.66
20,1416,NAHARSPING,EQ,61470,27755,45.15
20,1417,NAM-INDIA,EQ,1480835,578557,39.07
20,1418,NARMADA,EQ,38396,24621,64.12
20,1419,NATCOPHARM,EQ,525545,276415,52.60
20,1420,NATHBIOGEN,EQ,53005,30642,57.81
20,1421,NATIONALUM,EQ,28294930,8115369,28.68
20,1422,NAUKRI,EQ,333250,174811,52.46
20,1423,NAVA,EQ,381665,107959,28.29
20,1424,NAVIFIN,N0,60,60,100.00
20,1425,NAVIFIN,N4,149,149,100.00
20,1426,NAVIFIN,N7,65,65,100.00
20,1427,NAVIFIN,N8,125,125,100.00
20,1428,NAVINFLUOR,EQ,187213,94398,50.42
20,1429,NAVINIFTY,EQ,5404,2491,46.10
20,1430,NAVKARCORP,EQ,7731901,2194918,28.39
20,1431,NAVNETEDUL,EQ,138112,56027,40.57
20,1432,NAZARA,EQ,855492,272340,31.83
20,1433,NBCC,EQ,23686936,8006477,33.80
20,1434,NBIFIN,EQ,135,109,80.74
20,1435,NCC,EQ,6003230,1829958,30.48
20,1436,NCLIND,EQ,181534,73239,40.34
20,1437,NDLVENTURE,EQ,33738,24650,73.06
20,1438,NDTV,EQ,722716,146600,20.28
20,1439,NECLIFE,EQ,2548114,1011593,39.70
20,1440,NELCAST,EQ,112578,49011,43.54
20,1441,NELCO,EQ,116468,43625,37.46
20,1442,NEOGEN,EQ,78826,42598,54.04
20,1443,NESCO,EQ,76323,35076,45.96
20,1444,NESTLEIND,EQ,634910,370795,58.40
20,1445,NETF,EQ,2933,1461,49.81
20,1446,NETWEB,EQ,93175,36429,39.10
20,1447,NETWORK18,EQ,9448674,3671765,38.86
20,1448,NEULANDLAB,EQ,23032,13614,59.11
20,1449,NEWJAISA,SM,93000,69000,74.19
20,1450,NEXT50,EQ,1698,1140,67.14
20,1451,NEXT50IETF,EQ,361501,133771,37.00
20,1452,NFL,EQ,33698678,7127672,21.15
20,1453,NGIL,EQ,88586,34171,38.57
20,1454,NGLFINE,EQ,10550,7467,70.78
20,1455,NH,EQ,268408,131672,49.06
20,1456,NHAI,N2,1836,1456,79.30
20,1457,NHAI,N4,122,122,100.00
20,1458,NHAI,N5,62,31,50.00
20,1459,NHAI,N6,565,565,100.00
20,1460,NHAI,N8,850,850,100.00
20,1461,NHAI,NA,3503,2985,85.21
20,1462,NHAI,NC,11,11,100.00
20,1463,NHAI,ND,3,1,33.33
20,1464,NHAI,NE,595,595,100.00
20,1465,NHIT,N1,1845,1522,82.49
20,1466,NHIT,N2,3666,3133,85.46
20,1467,NHIT,N3,693,693,100.00
20,1468,NHPC,EQ,157329595,66729030,42.41
20,1469,NHPC,N2,2,2,100.00
20,1470,NHPC,N6,22,22,100.00
20,1471,NIACL,EQ,1037623,321529,30.99
20,1472,NIDAN,SM,302000,134000,44.37
20,1473,NIF100BEES,EQ,25641,22032,85.92
20,1474,NIF100IETF,EQ,20793,18210,87.58
20,1475,NIFMID150,EQ,1916,1605,83.77
20,1476,NIFTYBEES,EQ,6170369,4331835,70.20
20,1477,NIFTYETF,EQ,448795,359076,80.01
20,1478,NIFTYIETF,EQ,256870,227306,88.49
20,1479,NIFTYQLITY,EQ,46477,31493,67.76
20,1480,NIITLTD,EQ,4933269,1491909,30.24
20,1481,NIITMTS,EQ,186992,102557,54.85
20,1482,NILAINFRA,EQ,2931862,1210461,41.29
20,1483,NILKAMAL,EQ,3358,2163,64.41
20,1484,NINSYS,EQ,3115,1697,54.48
20,1485,NIPPOBATRY,EQ,4915,3145,63.99
20,1486,NIRAJ,EQ,66208,37011,55.90
20,1487,NIRMAN,SM,3600,3600,100.00
20,1488,NITINSPIN,EQ,117630,60672,51.58
20,1489,NLCINDIA,EQ,4511523,1401369,31.06
20,1490,NMDC,EQ,18673883,6644421,35.58
20,1491,NOCIL,EQ,1065984,374629,35.14
20,1492,NPBET,EQ,3249,2029,62.45
20,1493,NPST,ST,3200,3100,96.88
20,1494,NRAIL,EQ,44274,23205,52.41
20,1495,NRBBEARING,EQ,211369,99645,47.14
20,1496,NRL,EQ,128631,71088,55.27
20,1497,NSIL,EQ,3481,2016,57.91
20,1498,NSLNISP,EQ,6949551,2749028,39.56
20,1499,NTPC,EQ,32481018,18928379,58.28
20,1500,NTPC,N6,316,291,92.09
20,1501,NTPC,N7,22919,18326,79.96
20,1502,NTPC,NB,16,16,100.00
20,1503,NTPC,ND,3,3,100.00
20,1504,NURECA,EQ,53638,30216,56.33
20,1505,NUVAMA,EQ,49444,28523,57.69
20,1506,NUVOCO,EQ,399018,271446,68.03
20,1507,NV20BEES,EQ,24488,17882,73.02
20,1508,NV20IETF,EQ,89122,18249,20.48
20,1509,NXST,RR,64538,50222,77.82
20,1510,NYKAA,EQ,11832175,7164641,60.55
20,1511,OAL,EQ,29707,12795,43.07
20,1512,OBCL,EQ,188095,106321,56.53
20,1513,OBEROIRLTY,EQ,1059339,504711,47.64
20,1514,OCCL,EQ,16442,7291,44.34
20,1515,OFSS,EQ,5287747,882262,16.69
20,1516,OIL,EQ,9113048,3166886,34.75
20,1517,OLECTRA,EQ,734341,248338,33.82
20,1518,OLIL,SM,2400,2400,100.00
20,1519,OMAXAUTO,EQ,98194,45282,46.11
20,1520,OMAXE,EQ,683905,392095,57.33
20,1521,ONDOOR,SM,17400,14400,82.76
20,1522,ONEPOINT,EQ,851599,477715,56.10
20,1523,ONGC,EQ,19232183,7832224,40.72
20,1524,ONMOBILE,EQ,1398170,364619,26.08
20,1525,ONWARDTEC,EQ,438289,187240,42.72
20,1526,OPTIEMUS,EQ,191825,84779,44.20
20,1527,ORBTEXP,EQ,26327,13979,53.10
20,1528,ORCHPHARMA,EQ,91491,30875,33.75
20,1529,ORIANA,SM,67800,42300,62.39
20,1530,ORICONENT,EQ,286012,163622,57.21
20,1531,ORIENTALTL,EQ,85671,43436,50.70
20,1532,ORIENTBELL,EQ,17734,11412,64.35
20,1533,ORIENTCEM,EQ,686241,270285,39.39
20,1534,ORIENTCER,EQ,144695,99039,68.45
20,1535,ORIENTELEC,EQ,469053,258642,55.14
20,1536,ORIENTHOT,EQ,593174,240067,40.47
20,1537,ORIENTLTD,EQ,121881,57417,47.11
20,1538,ORIENTPPR,EQ,3733054,1375980,36.86
20,1539,ORISSAMINE,EQ,15355,4528,29.49
20,1540,ORTINLAB,EQ,17044,11385,66.80
20,1541,OSIAHYPER,EQ,11542807,2268886,19.66
20,1542,OSWALAGRO,EQ,555544,247796,44.60
20,1543,OSWALGREEN,EQ,597198,227828,38.15
20,1544,OSWALSEEDS,EQ,522669,147471,28.21
20,1545,PAGEIND,EQ,22226,7997,35.98
20,1546,PAISALO,EQ,1535472,898099,58.49
20,1547,PAKKA,EQ,2146497,662375,30.86
20,1548,PALREDTEC,EQ,133575,63646,47.65
20,1549,PANACEABIO,EQ,296363,101854,34.37
20,1550,PANACHE,EQ,15934,11656,73.15
20,1551,PANAMAPET,EQ,107740,43457,40.34
20,1552,PANSARI,EQ,13785,5016,36.39
20,1553,PAR,EQ,12531,7206,57.51
20,1554,PARACABLES,EQ,1939603,1224240,63.12
20,1555,PARADEEP,EQ,4873811,1592295,32.67
20,1556,PARAGMILK,EQ,741965,365796,49.30
20,1557,PARAGON,SM,49200,24000,48.78
20,1558,PARAS,EQ,243764,89262,36.62
20,1559,PARIN,SM,10000,10000,100.00
20,1560,PARTYCRUS,SM,26000,18000,69.23
20,1561,PASUPTAC,EQ,238400,94229,39.53
20,1562,PATANJALI,EQ,509993,290242,56.91
20,1563,PATELENG,EQ,6028729,2201647,36.52
20,1564,PATINTLOG,EQ,675851,295087,43.66
20,1565,PATTECH,SM,3000,3000,100.00
20,1566,PAVNAIND,EQ,3339,2113,63.28
20,1567,PAYTM,EQ,5994981,2898884,48.36
20,1568,PCBL,EQ,37563894,6347997,16.90
20,1569,PCHFL,N8,365,345,94.52
20,1570,PCHFL,NA,201,201,100.00
20,1571,PCJEWELLER,EQ,2997920,1454895,48.53
20,1572,PDMJEPAPER,EQ,1294219,446104,34.47
20,1573,PDSL,EQ,142744,64556,45.23
20,1574,PEARLPOLY,EQ,724707,295387,40.76
20,1575,PEL,EQ,1754570,587853,33.50
20,1576,PEL,N0,50,50,100.00
20,1577,PENIND,EQ,1191524,462213,38.79
20,1578,PENINLAND,EQ,1787021,771531,43.17
20,1579,PENTAGON,SM,14000,13000,92.86
20,1580,PERFECT,SM,1200000,612000,51.00
20,1581,PERSISTENT,EQ,448755,146730,32.70
20,1582,PETRONET,EQ,6552050,2783990,42.49
20,1583,PFC,EQ,11680203,3594279,30.77
20,1584,PFC,N5,4,4,100.00
20,1585,PFC,N8,180,180,100.00
20,1586,PFIZER,EQ,16087,10469,65.08
20,1587,PFOCUS,EQ,1299418,241498,18.59
20,1588,PFS,EQ,9350614,3419916,36.57
20,1589,PGEL,EQ,35088,15582,44.41
20,1590,PGHH,EQ,2231,1034,46.35
20,1591,PGHL,EQ,7180,3761,52.38
20,1592,PGINVIT,IV,956315,828475,86.63
20,1593,PHANTOMFX,SM,140100,92400,65.95
20,1594,PHARMABEES,EQ,4871219,2206735,45.30
20,1595,PHOENIXLTD,EQ,821460,550346,67.00
20,1596,PIDILITIND,EQ,468132,298454,63.75
20,1597,PIGL,EQ,90907,45668,50.24
20,1598,PIIND,EQ,458137,296437,64.70
20,1599,PILANIINVS,EQ,7218,4479,62.05
20,1600,PILITA,EQ,510352,331531,64.96
20,1601,PITTIENG,EQ,108113,52844,48.88
20,1602,PIXTRANS,EQ,10644,4583,43.06
20,1603,PLADAINFO,SM,6000,6000,100.00
20,1604,PLASTIBLEN,EQ,39199,15318,39.08
20,1605,PNB,EQ,60733225,12154775,20.01
20,1606,PNBGILTS,EQ,1045433,334373,31.98
20,1607,PNBHOUSING,EQ,4190153,369620,8.82
20,1608,PNC,EQ,121845,67838,55.68
20,1609,PNCINFRA,EQ,1363442,310645,22.78
20,1610,POCL,EQ,149992,80930,53.96
20,1611,PODDARMENT,EQ,4167,2038,48.91
20,1612,POKARNA,EQ,61924,30638,49.48
20,1613,POLICYBZR,EQ,801476,485570,60.58
20,1614,POLYCAB,EQ,3940479,1422784,36.11
20,1615,POLYMED,EQ,18056,7696,42.62
20,1616,POLYPLEX,EQ,120062,60589,50.46
20,1617,PONNIERODE,EQ,43438,18263,42.04
20,1618,POONAWALLA,EQ,2222443,753407,33.90
20,1619,POWERGRID,EQ,25522629,12898413,50.54
20,1620,POWERINDIA,EQ,23546,9211,39.12
20,1621,POWERMECH,EQ,33573,17438,51.94
20,1622,PPAP,EQ,20801,10630,51.10
20,1623,PPL,EQ,222142,54532,24.55
20,1624,PPLPHARMA,EQ,3704604,1549242,41.82
20,1625,PRAJIND,EQ,515627,223519,43.35
20,1626,PRAMARA,SM,34000,32000,94.12
20,1627,PRECAM,EQ,159485,85756,53.77
20,1628,PRECISION,SM,40000,26000,65.00
20,1629,PRECOT,EQ,14155,10414,73.57
20,1630,PRECWIRE,EQ,846553,340726,40.25
20,1631,PREMEXPLN,EQ,36108,16813,46.56
20,1632,PRESSTONIC,SM,115200,78400,68.06
20,1633,PRESTIGE,EQ,863090,423338,49.05
20,1634,PRICOLLTD,EQ,2627296,1128746,42.96
20,1635,PRIMESECU,EQ,34176,27741,81.17
20,1636,PRINCEPIPE,EQ,113306,47727,42.12
20,1637,PRITIKA,SM,24000,18000,75.00
20,1638,PRITIKAUTO,EQ,1777222,943372,53.08
20,1639,PRIVISCL,EQ,59935,18037,30.09
20,1640,PROLIFE,SM,2500,2500,100.00
20,1641,PROPEQUITY,SM,11400,11400,100.00
20,1642,PROV,SM,160,160,100.00
20,1643,PROZONER,EQ,3556496,1342586,37.75
20,1644,PRSMJOHNSN,EQ,414326,134269,32.41
20,1645,PRUDENT,EQ,21416,8978,41.92
20,1646,PSB,EQ,5083565,1133071,22.29
20,1647,PSPPROJECT,EQ,326141,205282,62.94
20,1648,PSUBNKBEES,EQ,4458767,3065862,68.76
20,1649,PSUBNKIETF,EQ,484643,94245,19.45
20,1650,PTC,EQ,4128498,1972989,47.79
20,1651,PTCIL,EQ,10975,4578,41.71
20,1652,PTL,EQ,756202,264571,34.99
20,1653,PULZ,SM,18000,12000,66.67
20,1654,PUNJABCHEM,EQ,3254,1374,42.22
20,1655,PURVA,EQ,1387308,341636,24.63
20,1656,PVRINOX,EQ,894586,413976,46.28
20,1657,PVTBANIETF,EQ,227367,125453,55.18
20,1658,PYRAMID,EQ,96612,36762,38.05
20,1659,QFIL,SM,50000,41000,82.00
20,1660,QGOLDHALF,EQ,7750,3546,45.75
20,1661,QMSMEDI,SM,36000,34000,94.44
20,1662,QNIFTY,EQ,2996,2684,89.59
20,1663,QUADPRO,SM,264000,192000,72.73
20,1664,QUAL30IETF,EQ,51609,26616,51.57
20,1665,QUESS,EQ,227437,100344,44.12
20,1666,QUICKHEAL,EQ,1557459,413371,26.54
20,1667,QUICKTOUCH,SM,16500,13500,81.82
20,1668,RACE,EQ,7840,5851,74.63
20,1669,RADHIKAJWE,EQ,1322339,499517,37.78
20,1670,RADIANTCMS,EQ,551124,287544,52.17
20,1671,RADICO,EQ,48396,19030,39.32
20,1672,RADIOCITY,EQ,4057592,1568746,38.66
20,1673,RADIOCITY,P1,6155,6155,100.00
20,1674,RAILTEL,EQ,6218795,1246470,20.04
20,1675,RAIN,EQ,2265528,870607,38.43
20,1676,RAINBOW,EQ,154731,45879,29.65
20,1677,RAJESHEXPO,EQ,587001,298192,50.80
20,1678,RAJRATAN,EQ,46560,22061,47.38
20,1679,RAJSREESUG,EQ,101385,51983,51.27
20,1680,RAJTV,EQ,122727,56832,46.31
20,1681,RALLIS,EQ,627366,200723,31.99
20,1682,RAMANEWS,EQ,199832,89104,44.59
20,1683,RAMAPHO,EQ,12787,6969,54.50
20,1684,RAMASTEEL,EQ,3694447,1588914,43.01
20,1685,RAMCOCEM,EQ,355459,68223,19.19
20,1686,RAMCOIND,EQ,275502,133071,48.30
20,1687,RAMCOSYS,EQ,95990,32665,34.03
20,1688,RAMKY,EQ,157790,87797,55.64
20,1689,RAMRAT,EQ,92287,60560,65.62
20,1690,RANASUG,EQ,896949,375119,41.82
20,1691,RANEENGINE,EQ,86365,37836,43.81
20,1692,RANEHOLDIN,EQ,13905,5511,39.63
20,1693,RATEGAIN,EQ,264805,91195,34.44
20,1694,RATNAMANI,EQ,114670,90776,79.16
20,1695,RATNAVEER,EQ,206405,84681,41.03
20,1696,RAYMOND,EQ,255297,76587,30.00
20,1697,RBA,EQ,3117824,1163241,37.31
20,1698,RBL,EQ,44546,9929,22.29
20,1699,RBLBANK,EQ,14513127,3855652,26.57
20,1700,RBMINFRA,SM,23000,13000,56.52
20,1701,RBZJEWEL,EQ,986454,319145,32.35
20,1702,RCDL,SM,12000,12000,100.00
20,1703,RCF,EQ,11945482,2784835,23.31
20,1704,RECLTD,EQ,8956008,2702897,30.18
20,1705,RECLTD,N9,1450,1450,100.00
20,1706,RECLTD,NE,100,100,100.00
20,1707,RECLTD,NF,201,200,99.50
20,1708,RECLTD,NI,95,95,100.00
20,1709,REDINGTON,EQ,741716,388999,52.45
20,1710,REDTAPE,EQ,105016,35320,33.63
20,1711,REFEX,EQ,60800,31243,51.39
20,1712,RELAXO,EQ,99481,59280,59.59
20,1713,RELIABLE,SM,2400,2400,100.00
20,1714,RELIANCE,EQ,5139719,3023891,58.83
20,1715,RELIGARE,EQ,1366447,878147,64.26
20,1716,RELINFRA,EQ,2874907,1183202,41.16
20,1717,REMUS,SM,3025,2100,69.42
20,1718,RENUKA,EQ,7421178,2323420,31.31
20,1719,REPCOHOME,EQ,232068,125425,54.05
20,1720,REPL,EQ,38464,25308,65.80
20,1721,REPRO,EQ,3959,2393,60.44
20,1722,RESPONIND,EQ,214204,162770,75.99
20,1723,RGL,EQ,1122413,424994,37.86
20,1724,RHIM,EQ,101823,45874,45.05
20,1725,RHL,EQ,38548,28327,73.49
20,1726,RICOAUTO,EQ,812951,317966,39.11
20,1727,RIIL,EQ,717952,143035,19.92
20,1728,RILINFRA,SM,100700,97900,97.22
20,1729,RISHABH,EQ,81761,34471,42.16
20,1730,RITCO,EQ,58859,25113,42.67
20,1731,RITES,EQ,1339225,465995,34.80
20,1732,RITEZONE,SM,4800,4800,100.00
20,1733,RKEC,EQ,302365,124888,41.30
20,1734,RKFORGE,EQ,1032782,332410,32.19
20,1735,RMDRIP,SM,8000,8000,100.00
20,1736,RML,EQ,31355,10044,32.03
20,1737,ROCKINGDCE,SM,11000,5000,45.45
20,1738,ROHLTD,EQ,192917,82941,42.99
20,1739,ROLEXRINGS,EQ,17528,8989,51.28
20,1740,ROML,EQ,10514,7148,67.99
20,1741,ROSSARI,EQ,58087,21048,36.24
20,1742,ROSSELLIND,EQ,41992,20536,48.90
20,1743,ROTO,EQ,114019,53891,47.26
20,1744,ROUTE,EQ,113969,68325,59.95
20,1745,ROXHITECH,SM,177600,100800,56.76
20,1746,RPGLIFE,EQ,74818,29396,39.29
20,1747,RPOWER,EQ,66035062,15736598,23.83
20,1748,RPPL,EQ,90919,48242,53.06
20,1749,RPSGVENT,EQ,212747,95260,44.78
20,1750,RRKABEL,EQ,116592,54010,46.32
20,1751,RSSOFTWARE,EQ,44990,24933,55.42
20,1752,RSWM,EQ,109611,52538,47.93
20,1753,RSYSTEMS,EQ,58700,26602,45.32
20,1754,RTNINDIA,EQ,5219272,1626845,31.17
20,1755,RTNPOWER,EQ,44150145,16531924,37.44
20,1756,RUBYMILLS,EQ,32219,16490,51.18
20,1757,RUCHIRA,EQ,118100,56813,48.11
20,1758,RUPA,EQ,215640,80361,37.27
20,1759,RUSHIL,EQ,183670,82839,45.10
20,1760,RUSTOMJEE,EQ,86400,22839,26.43
20,1761,RVHL,EQ,314200,194458,61.89
20,1762,RVNL,EQ,105611386,16158031,15.30
20,1763,SAAKSHI,SM,64800,52800,81.48
20,1764,SADHNANIQ,EQ,369987,166473,44.99
20,1765,SAFARI,EQ,65778,33239,50.53
20,1766,SAGCEM,EQ,404882,178773,44.15
20,1767,SAH,EQ,37309,6814,18.26
20,1768,SAHAJ,SM,4000,4000,100.00
20,1769,SAHANA,SM,121500,57000,46.91
20,1770,SAHYADRI,EQ,7764,3840,49.46
20,1771,SAIFL,SM,171200,111200,64.95
20,1772,SAIL,EQ,39166751,12229522,31.22
20,1773,SAKAR,EQ,27173,18353,67.54
20,1774,SAKHTISUG,EQ,516726,185785,35.95
20,1775,SAKUMA,EQ,2419865,1073917,44.38
20,1776,SALASAR,EQ,3487235,2242221,64.30
20,1777,SALONA,EQ,3710,1909,51.46
20,1778,SALZERELEC,EQ,94087,30752,32.68
20,1779,SAMHI,EQ,1822488,588131,32.27
20,1780,SANDESH,EQ,4502,2091,46.45
20,1781,SANDHAR,EQ,80825,31622,39.12
20,1782,SANDUMA,EQ,46721,22101,47.30
20,1783,SANGAMIND,EQ,29734,11402,38.35
20,1784,SANGANI,SM,6000,3000,50.00
20,1785,SANGHIIND,EQ,14499968,8312634,57.33
20,1786,SANGHVIMOV,EQ,127052,61748,48.60
20,1787,SANOFI,EQ,15545,10887,70.04
20,1788,SANSERA,EQ,146970,64196,43.68
20,1789,SAPPHIRE,EQ,34669,22723,65.54
20,1790,SARDAEN,EQ,482853,253039,52.40
20,1791,SAREGAMA,EQ,506058,259834,51.34
20,1792,SARLAPOLY,EQ,380259,218882,57.56
20,1793,SAROJA,SM,1600,1600,100.00
20,1794,SARTELE,SM,150000,100000,66.67
20,1795,SARVESHWAR,EQ,18104147,8340406,46.07
20,1796,SASKEN,EQ,95334,28674,30.08
20,1797,SASTASUNDR,EQ,43806,18785,42.88
20,1798,SATIA,EQ,686186,248480,36.21
20,1799,SATIN,EQ,393483,160709,40.84
20,1800,SATINDLTD,EQ,631263,189110,29.96
20,1801,SBC,EQ,8057734,3316349,41.16
20,1802,SBCL,EQ,146668,61114,41.67
20,1803,SBFC,EQ,1109077,519693,46.86
20,1804,SBGLP,EQ,61001,13415,21.99
20,1805,SBICARD,EQ,1465911,739981,50.48
20,1806,SBIETFCON,EQ,2121,1249,58.89
20,1807,SBIETFIT,EQ,9376,6772,72.23
20,1808,SBIETFPB,EQ,48898,43432,88.82
20,1809,SBIETFQLTY,EQ,2900,2054,70.83
20,1810,SBILIFE,EQ,2296538,1584534,69.00
20,1811,SBIN,EQ,14695436,5674908,38.62
20,1812,SCHAEFFLER,EQ,35720,17989,50.36
20,1813,SCHAND,EQ,127608,71380,55.94
20,1814,SCHNEIDER,EQ,318527,140492,44.11
20,1815,SCI,EQ,3203783,990241,30.91
20,1816,SCML,SM,20000,14000,70.00
20,1817,SCPL,EQ,16514,9497,57.51
20,1818,SDBL,EQ,2578845,1208410,46.86
20,1819,SDL24BEES,EQ,2492,2392,95.99
20,1820,SDL26BEES,EQ,2662,2662,100.00
20,1821,SEAMECLTD,EQ,55732,26553,47.64
20,1822,SECL,SM,518750,325000,62.65
20,1823,SECURCRED,EQ,275716,137818,49.99
20,1824,SECURKLOUD,EQ,188526,104082,55.21
20,1825,SEL,ST,4800,4800,100.00
20,1826,SELAN,EQ,79100,38429,48.58
20,1827,SEMAC,EQ,677,421,62.19
20,1828,SENCO,EQ,231311,93211,40.30
20,1829,SENSEXETF,EQ,138469,72170,52.12
20,1830,SENSEXIETF,EQ,9590,7174,74.81
20,1831,SEPC,EQ,6211881,3525936,56.76
20,1832,SEQUENT,EQ,9955538,1224990,12.30
20,1833,SERVICE,SM,10000,10000,100.00
20,1834,SESHAPAPER,EQ,61619,18521,30.06
20,1835,SETF10GILT,EQ,5429,3847,70.86
20,1836,SETFGOLD,EQ,478620,413390,86.37
20,1837,SETFNIF50,EQ,723132,634197,87.70
20,1838,SETFNIFBK,EQ,108206,71798,66.35
20,1839,SETFNN50,EQ,35270,21733,61.62
20,1840,SFL,EQ,76447,32779,42.88
20,1841,SGBAPR28I,GB,342,237,69.30
20,1842,SGBAUG24,GB,124,82,66.13
20,1843,SGBAUG27,GB,11,10,90.91
20,1844,SGBAUG28V,GB,386,306,79.27
20,1845,SGBAUG29V,GB,158,88,55.70
20,1846,SGBAUG30,GB,145,105,72.41
20,1847,SGBD29VIII,GB,42,30,71.43
20,1848,SGBDC27VII,GB,45,45,100.00
20,1849,SGBDE30III,GB,276,177,64.13
20,1850,SGBDEC2513,GB,15,15,100.00
20,1851,SGBFEB24,GB,8,8,100.00
20,1852,SGBFEB27,GB,5,5,100.00
20,1853,SGBFEB29XI,GB,89,84,94.38
20,1854,SGBJAN27,GB,2,2,100.00
20,1855,SGBJAN29IX,GB,53,52,98.11
20,1856,SGBJAN29X,GB,84,77,91.67
20,1857,SGBJAN30IX,GB,570,548,96.14
20,1858,SGBJU29III,GB,34,26,76.47
20,1859,SGBJUL25,GB,214,170,79.44
20,1860,SGBJUL27,GB,24,24,100.00
20,1861,SGBJUL28IV,GB,325,282,86.77
20,1862,SGBJUL29IV,GB,360,315,87.50
20,1863,SGBJUN27,GB,59,59,100.00
20,1864,SGBJUN28,GB,91,76,83.52
20,1865,SGBJUN29II,GB,12,9,75.00
20,1866,SGBJUN30,GB,165,114,69.09
20,1867,SGBJUN31I,GB,879,798,90.78
20,1868,SGBMAR24,GB,9,9,100.00
20,1869,SGBMAR25,GB,26,26,100.00
20,1870,SGBMAR28X,GB,14,13,92.86
20,1871,SGBMAR30X,GB,91,47,51.65
20,1872,SGBMAR31IV,GB,222,174,78.38
20,1873,SGBMAY25,GB,20,19,95.00
20,1874,SGBMAY26,GB,21,11,52.38
20,1875,SGBMAY28,GB,19,13,68.42
20,1876,SGBMAY29I,GB,281,252,89.68
20,1877,SGBMR29XII,GB,110,81,73.64
20,1878,SGBN28VIII,GB,35,30,85.71
20,1879,SGBNOV24,GB,34,34,100.00
20,1880,SGBNOV26,GB,19,19,100.00
20,1881,SGBNV29VII,GB,90,64,71.11
20,1882,SGBOC28VII,GB,150,77,51.33
20,1883,SGBOCT25IV,GB,11,9,81.82
20,1884,SGBOCT25V,GB,13,12,92.31
20,1885,SGBOCT26,GB,10,10,100.00
20,1886,SGBOCT27,GB,32,31,96.88
20,1887,SGBOCT27VI,GB,2,2,100.00
20,1888,SGBSEP24,GB,343,320,93.29
20,1889,SGBSEP27,GB,6,6,100.00
20,1890,SGBSEP28VI,GB,160,144,90.00
20,1891,SGBSEP29VI,GB,118,113,95.76
20,1892,SGBSEP31II,GB,1779,1518,85.33
20,1893,SGIL,EQ,23713,11664,49.19
20,1894,SGL,EQ,29881,18884,63.20
20,1895,SHAHALLOYS,EQ,45920,25834,56.26
20,1896,SHAILY,EQ,49185,37006,75.24
20,1897,SHAKTIPUMP,EQ,388104,164611,42.41
20,1898,SHALBY,EQ,319466,143165,44.81
20,1899,SHALPAINTS,EQ,1202808,411803,34.24
20,1900,SHANKARA,EQ,75846,32305,42.59
20,1901,SHANTHALA,SM,3600,3600,100.00
20,1902,SHANTI,EQ,62303,23875,38.32
20,1903,SHANTIGEAR,EQ,30339,10787,35.55
20,1904,SHARDACROP,EQ,89764,45217,50.37
20,1905,SHARDAMOTR,EQ,28073,13164,46.89
20,1906,SHAREINDIA,EQ,61906,36527,59.00
20,1907,SHAREINDIA,W1,1591,1400,87.99
20,1908,SHARIABEES,EQ,1887,1172,62.11
20,1909,SHEETAL,SM,68000,30000,44.12
20,1910,SHEMAROO,EQ,1414297,327657,23.17
20,1911,SHERA,SM,41000,34000,82.93
20,1912,SHIGAN,SM,9000,6000,66.67
20,1913,SHILPAMED,EQ,637357,493082,77.36
20,1914,SHIVALIK,EQ,29102,15118,51.95
20,1915,SHIVAMILLS,EQ,9952,5256,52.81
20,1916,SHIVATEX,EQ,14802,6977,47.14
20,1917,SHK,EQ,490119,218749,44.63
20,1918,SHOPERSTOP,EQ,41278,14518,35.17
20,1919,SHREDIGCEM,EQ,6066785,2511612,41.40
20,1920,SHREECEM,EQ,28106,8433,30.00
20,1921,SHREEOSFM,SM,64000,42000,65.63
20,1922,SHREEPUSHK,EQ,102153,54204,53.06
20,1923,SHREYAS,EQ,30831,14948,48.48
20,1924,SHRIPISTON,EQ,187563,129401,68.99
20,1925,SHRIRAMFIN,EQ,1576710,907415,57.55
20,1926,SHRIRAMFIN,YL,208,208,100.00
20,1927,SHRIRAMFIN,YP,35,25,71.43
20,1928,SHRIRAMFIN,YV,257,257,100.00
20,1929,SHRIRAMFIN,YY,90,87,96.67
20,1930,SHRIRAMFIN,Z2,227,227,100.00
20,1931,SHRIRAMFIN,Z4,300,250,83.33
20,1932,SHRIRAMFIN,ZB,250,250,100.00
20,1933,SHRIRAMFIN,ZH,60,60,100.00
20,1934,SHRIRAMFIN,ZI,505,505,100.00
20,1935,SHRIRAMPPS,EQ,5135105,1750313,34.09
20,1936,SHRITECH,SM,10000,8000,80.00
20,1937,SHUBHLAXMI,SM,10000,9000,90.00
20,1938,SHYAMCENT,EQ,1344579,733857,54.58
20,1939,SHYAMMETL,EQ,1074243,454870,42.34
20,1940,SHYAMTEL,EQ,1655,1655,100.00
20,1941,SIEMENS,EQ,187562,80499,42.92
20,1942,SIGACHI,EQ,3439312,1895173,55.10
20,1943,SIGMA,EQ,7708,4220,54.75
20,1944,SIGNATURE,EQ,310925,125948,40.51
20,1945,SILINV,EQ,3141,1757,55.94
20,1946,SILVER,EQ,46342,33225,71.70
20,1947,SILVERBEES,EQ,3091906,2404227,77.76
20,1948,SILVERETF,EQ,99612,93829,94.19
20,1949,SILVERIETF,EQ,288654,260549,90.26
20,1950,SILVERTUC,EQ,14295,10698,74.84
20,1951,SILVRETF,EQ,2189,1696,77.48
20,1952,SIMBHALS,EQ,63684,41948,65.87
20,1953,SINDHUTRAD,EQ,2493522,1015547,40.73
20,1954,SINTERCOM,EQ,19501,12641,64.82
20,1955,SIRCA,EQ,229551,95449,41.58
20,1956,SIS,EQ,46861,18067,38.55
20,1957,SIYSIL,EQ,53012,21316,40.21
20,1958,SJLOGISTIC,SM,103000,83000,80.58
20,1959,SJS,EQ,71239,38535,54.09
20,1960,SJVN,EQ,30447421,7614675,25.01
20,1961,SKFINDIA,EQ,10144,4094,40.36
20,1962,SKIPPER,EQ,625412,182826,29.23
20,1963,SKMEGGPROD,EQ,44461,26599,59.83
20,1964,SKP,SM,20000,14000,70.00
20,1965,SMARTLINK,EQ,50241,19018,37.85
20,1966,SMCGLOBAL,EQ,247810,124378,50.19
20,1967,SMLISUZU,EQ,16081,5498,34.19
20,1968,SMLT,EQ,48804,25890,53.05
20,1969,SMSLIFE,EQ,1558,914,58.66
20,1970,SMSPHARMA,EQ,129143,55105,42.67
20,1971,SMVD,SM,24240,24240,100.00
20,1972,SNOWMAN,EQ,2753395,727319,26.42
20,1973,SOBHA,EQ,2950905,611680,20.73
20,1974,SOLARA,EQ,208977,100214,47.95
20,1975,SOLARINDS,EQ,121064,40456,33.42
20,1976,SOLEX,SM,8400,5000,59.52
20,1977,SOMANYCERA,EQ,29024,12850,44.27
20,1978,SONACOMS,EQ,1231476,709681,57.63
20,1979,SONATSOFTW,EQ,417635,183539,43.95
20,1980,SONUINFRA,SM,6000,6000,100.00
20,1981,SOTAC,SM,1200,1200,100.00
20,1982,SOTL,EQ,72937,35730,48.99
20,1983,SOUTHBANK,EQ,277548327,66122883,23.82
20,1984,SPAL,EQ,28520,12765,44.76
20,1985,SPANDANA,EQ,77360,32488,42.00
20,1986,SPARC,EQ,701614,195833,27.91
20,1987,SPCENET,EQ,1444417,606734,42.01
20,1988,SPECIALITY,EQ,354909,156012,43.96
20,1989,SPECTRUM,SM,3125,2500,80.00
20,1990,SPECTSTM,SM,62400,46400,74.36
20,1991,SPENCERS,EQ,839226,453259,54.01
20,1992,SPIC,EQ,2780860,658349,23.67
20,1993,SPLIL,EQ,75349,34428,45.69
20,1994,SPLPETRO,EQ,174991,97688,55.82
20,1995,SPORTKING,EQ,11407,6683,58.59
20,1996,SREEL,EQ,51596,17831,34.56
20,1997,SRF,EQ,328660,165639,50.40
20,1998,SRGHFL,EQ,1784,908,50.90
20,1999,SRHHYPOLTD,EQ,32698,10791,33.00
20,2000,SRIVASAVI,SM,24000,15000,62.50
20,2001,SSFL,SM,13000,9000,69.23
20,2002,SSWL,EQ,711779,178776,25.12
20,2003,STAR,EQ,667761,165992,24.86
20,2004,STARCEMENT,EQ,412991,148910,36.06
20,2005,STARHEALTH,EQ,1937551,1294613,66.82
20,2006,STARPAPER,EQ,86522,31357,36.24
20,2007,STCINDIA,EQ,390713,93860,24.02
20,2008,STEELCAS,EQ,36191,18427,50.92
20,2009,STEELCITY,EQ,42927,22393,52.17
20,2010,STEELXIND,EQ,4452320,2088130,46.90
20,2011,STEL,EQ,4754,3489,73.39
20,2012,STERTOOLS,EQ,105199,38815,36.90
20,2013,STLTECH,EQ,837047,300477,35.90
20,2014,STOVEKRAFT,EQ,120650,77963,64.62
20,2015,STYLAMIND,EQ,27175,13621,50.12
20,2016,STYRENIX,EQ,13440,7205,53.61
20,2017,SUBEXLTD,EQ,21034781,7634975,36.30
20,2018,SUBROS,EQ,184310,49791,27.01
20,2019,SUDARSCHEM,EQ,115516,53814,46.59
20,2020,SUKHJITS,EQ,16280,8733,53.64
20,2021,SULA,EQ,1309301,316481,24.17
20,2022,SUMICHEM,EQ,334564,195801,58.52
20,2023,SUMMITSEC,EQ,12879,6231,48.38
20,2024,SUNCLAY,EQ,12786,8409,65.77
20,2025,SUNDARMFIN,EQ,29880,12270,41.06
20,2026,SUNDARMHLD,EQ,146373,62092,42.42
20,2027,SUNDRMBRAK,EQ,6780,4976,73.39
20,2028,SUNDRMFAST,EQ,51703,27668,53.51
20,2029,SUNFLAG,EQ,1434391,441777,30.80
20,2030,SUNPHARMA,EQ,2842572,1394656,49.06
20,2031,SUNREST,SM,11200,11200,100.00
20,2032,SUNTECK,EQ,813616,383870,47.18
20,2033,SUNTV,EQ,526980,198272,37.62
20,2034,SUPERHOUSE,EQ,25643,12912,50.35
20,2035,SUPRAJIT,EQ,300602,159671,53.12
20,2036,SUPREMEIND,EQ,170956,87420,51.14
20,2037,SUPREMEPWR,SM,878000,542000,61.73
20,2038,SUPRIYA,EQ,261794,103281,39.45
20,2039,SURAJEST,EQ,172255,75054,43.57
20,2040,SURANI,SM,21600,19600,90.74
20,2041,SURYALAXMI,EQ,34929,22363,64.02
20,2042,SURYAROSNI,EQ,334448,100031,29.91
20,2043,SURYODAY,EQ,1261296,497488,39.44
20,2044,SUTLEJTEX,EQ,279606,113776,40.69
20,2045,SUVEN,EQ,1084626,403411,37.19
20,2046,SUVENPHAR,EQ,202820,129450,63.83
20,2047,SUZLON,EQ,77361249,42152722,54.49
20,2048,SWANENERGY,EQ,3195368,1036701,32.44
20,2049,SWARAJ,SM,51000,49000,96.08
20,2050,SWARAJENG,EQ,4714,1677,35.57
20,2051,SWASTIK,SM,64800,55200,85.19
20,2052,SWELECTES,EQ,44204,17778,40.22
20,2053,SWSOLAR,EQ,2669090,1042960,39.08
20,2054,SYMPHONY,EQ,108083,52147,48.25
20,2055,SYNCOMF,EQ,7243362,2977397,41.11
20,2056,SYNGENE,EQ,1588610,874885,55.07
20,2057,SYNOPTICS,SM,12000,10200,85.00
20,2058,SYRMA,EQ,767498,395563,51.54
20,2059,SYSTANGO,SM,46000,31200,67.83
20,2060,TAINWALCHM,EQ,9800,6477,66.09
20,2061,TAJGVK,EQ,183379,57074,31.12
20,2062,TAKE,EQ,2008510,842193,41.93
20,2063,TANLA,EQ,967901,258934,26.75
20,2064,TAPIFRUIT,SM,750,750,100.00
20,2065,TARACHAND,SM,26000,20000,76.92
20,2066,TARMAT,EQ,2131122,834514,39.16
20,2067,TARSONS,EQ,73712,37028,50.23
20,2068,TASTYBITE,EQ,1403,515,36.71
20,2069,TATACAP,N6,70,40,57.14
20,2070,TATACAP,NA,345,343,99.42
20,2071,TATACAP,NC,21,20,95.24
20,2072,TATACAPHSG,N4,407,368,90.42
20,2073,TATACAPHSG,N6,774,645,83.33
20,2074,TATACAPHSG,N8,200,100,50.00
20,2075,TATACAPHSG,NA,20,20,100.00
20,2076,TATACHEM,EQ,785453,184399,23.48
20,2077,TATACOMM,EQ,4604722,1778469,38.62
20,2078,TATACONSUM,EQ,1218211,528896,43.42
20,2079,TATAELXSI,EQ,306055,105388,34.43
20,2080,TATAGOLD,EQ,5678142,3924734,69.12
20,2081,TATAINVEST,EQ,129621,37533,28.96
20,2082,TATAMETALI,EQ,122187,61633,50.44
20,2083,TATAMOTORS,EQ,11500495,4924210,42.82
20,2084,TATAMTRDVR,EQ,1508078,672522,44.59
20,2085,TATAPOWER,EQ,16863929,5136817,30.46
20,2086,TATASTEEL,EQ,45273496,20066091,44.32
20,2087,TATATECH,EQ,763685,399074,52.26
20,2088,TATSILV,EQ,1370173,1007268,73.51
20,2089,TATVA,EQ,47027,34630,73.64
20,2090,TBZ,EQ,277175,93953,33.90
20,2091,TCI,EQ,47125,24739,52.50
20,2092,TCIEXP,EQ,48389,27947,57.75
20,2093,TCNSBRANDS,EQ,75939,25831,34.02
20,2094,TCPLPACK,EQ,10450,5976,57.19
20,2095,TCS,EQ,2239110,1362977,60.87
20,2096,TDPOWERSYS,EQ,344530,140989,40.92
20,2097,TEAMLEASE,EQ,22953,7144,31.12
20,2098,TECH,EQ,16239,6934,42.70
20,2099,TECHLABS,SM,308000,164000,53.25
20,2100,TECHM,EQ,4533782,1947424,42.95
20,2101,TECHNOE,EQ,96763,38328,39.61
20,2102,TEGA,EQ,61534,28012,45.52
20,2103,TEJASNET,EQ,239074,104098,43.54
20,2104,TEMBO,EQ,72881,22781,31.26
20,2105,TERASOFT,EQ,281141,124391,44.25
20,2106,TEXINFRA,EQ,1108408,298959,26.97
20,2107,TEXMOPIPES,EQ,394529,136393,34.57
20,2108,TEXRAIL,EQ,5696186,2611670,45.85
20,2109,TFCILTD,EQ,5410405,2628978,48.59
20,2110,THANGAMAYL,EQ,37188,26312,70.75
20,2111,THEINVEST,EQ,82183,64792,78.84
20,2112,THEJO,EQ,5078,3169,62.41
20,2113,THEMISMED,EQ,77561,30965,39.92
20,2114,THERMAX,EQ,28876,10657,36.91
20,2115,THOMASCOOK,EQ,1356205,746989,55.08
20,2116,THYROCARE,EQ,91701,31988,34.88
20,2117,TI,EQ,416099,147019,35.33
20,2118,TIDEWATER,EQ,36243,16819,46.41
20,2119,TIIL,EQ,7598,4780,62.91
20,2120,TIINDIA,EQ,333718,210492,63.07
20,2121,TIJARIA,EQ,116194,89162,76.74
20,2122,TIMETECHNO,EQ,1483082,332243,22.40
20,2123,TIMKEN,EQ,19584,8130,41.51
20,2124,TINPLATE,EQ,877141,478087,54.51
20,2125,TIPSINDLTD,EQ,366202,155437,42.45
20,2126,TIRUMALCHM,EQ,691773,164119,23.72
20,2127,TITAGARH,EQ,1223259,416926,34.08
20,2128,TITAN,EQ,1293580,872649,67.46
20,2129,TMB,EQ,164025,101264,61.74
20,2130,TNIDETF,EQ,65827,49483,75.17
20,2131,TNPETRO,EQ,453295,173560,38.29
20,2132,TNPL,EQ,308380,81547,26.44
20,2133,TNTELE,EQ,70878,44803,63.21
20,2134,TOKYOPLAST,EQ,77595,37488,48.31
20,2135,TORNTPHARM,EQ,131306,53756,40.94
20,2136,TORNTPOWER,EQ,175007,53199,30.40
20,2137,TOTAL,EQ,68945,37136,53.86
20,2138,TPLPLASTEH,EQ,1342717,338771,25.23
20,2139,TRACXN,EQ,3278982,1173615,35.79
20,2140,TRANSTEEL,SM,34000,22000,64.71
20,2141,TREEHOUSE,EQ,98268,70825,72.07
20,2142,TREL,EQ,977590,433749,44.37
20,2143,TRENT,EQ,439730,252052,57.32
20,2144,TRF,EQ,73092,36665,50.16
20,2145,TRIDENT,EQ,35030329,8615684,24.59
20,2146,TRIDHYA,SM,135000,102000,75.56
20,2147,TRIGYN,EQ,401085,140419,35.01
20,2148,TRIL,EQ,495738,161538,32.59
20,2149,TRITURBINE,EQ,350861,232907,66.38
20,2150,TRIVENI,EQ,484027,199824,41.28
20,2151,TRU,EQ,3150439,717357,22.77
20,2152,TTKHLTCARE,EQ,5979,2690,44.99
20,2153,TTKPRESTIG,EQ,81268,40131,49.38
20,2154,TTL,EQ,29331,12698,43.29
20,2155,TTML,EQ,5332156,1397318,26.21
20,2156,TV18BRDCST,EQ,46815436,6020404,12.86
20,2157,TVSELECT,EQ,89232,36864,41.31
20,2158,TVSHLTD,EQ,17855,12330,69.06
20,2159,TVSHLTD,P1,3969,3966,99.92
20,2160,TVSMOTOR,EQ,815604,370817,45.47
20,2161,TVSSCS,EQ,434201,194789,44.86
20,2162,TVSSRICHAK,EQ,7570,1869,24.69
20,2163,TVTODAY,EQ,247646,102769,41.50
20,2164,UBL,EQ,310329,134859,43.46
20,2165,UCAL,EQ,33288,17103,51.38
20,2166,UCOBANK,EQ,32142637,4590332,14.28
20,2167,UDS,EQ,286589,116412,40.62
20,2168,UFLEX,EQ,70930,30966,43.66
20,2169,UFO,EQ,622717,209833,33.70
20,2170,UGARSUGAR,EQ,319338,164006,51.36
20,2171,UGROCAP,EQ,168801,68357,40.50
20,2172,UGROCAP,N1,1,1,100.00
20,2173,UGROCAP,N7,50,50,100.00
20,2174,UJJIVAN,EQ,341386,133941,39.23
20,2175,UJJIVANSFB,EQ,9088569,3298503,36.29
20,2176,ULTRACEMCO,EQ,278338,154890,55.65
20,2177,UMA,SM,16000,12000,75.00
20,2178,UMAEXPORTS,EQ,153695,56911,37.03
20,2179,UMANGDAIRY,EQ,43030,20238,47.03
20,2180,UNICHEMLAB,EQ,29623,22170,74.84
20,2181,UNIDT,EQ,47075,20025,42.54
20,2182,UNIENTER,EQ,11113,5135,46.21
20,2183,UNIHEALTH,SM,16000,11000,68.75
20,2184,UNIONBANK,EQ,21609345,7547603,34.93
20,2185,UNIPARTS,EQ,246021,90718,36.87
20,2186,UNITEDPOLY,EQ,7178,4328,60.30
20,2187,UNITEDTEA,EQ,1982,1359,68.57
20,2188,UNIVCABLES,EQ,33976,13519,39.79
20,2189,UNIVPHOTO,EQ,1059,688,64.97
20,2190,UNOMINDA,EQ,221799,118638,53.49
20,2191,UPL,EQ,3512857,1610254,45.84
20,2192,URAVI,EQ,3397,1402,41.27
20,2193,URBAN,SM,15600,12000,76.92
20,2194,URJA,EQ,35341398,8835828,25.00
20,2195,USASEEDS,SM,900,900,100.00
20,2196,USHAMART,EQ,568078,246668,43.42
20,2197,USK,EQ,560639,223773,39.91
20,2198,UTIAMC,EQ,82547,24161,29.27
20,2199,UTIBANKETF,EQ,325236,215003,66.11
20,2200,UTINEXT50,EQ,18031,9798,54.34
20,2201,UTINIFTETF,EQ,73017,64445,88.26
20,2202,UTISENSETF,EQ,1382,891,64.47
20,2203,UTISXN50,EQ,6262,4076,65.09
20,2204,UTKARSHBNK,EQ,6798983,2070703,30.46
20,2205,UTTAMSUGAR,EQ,214845,60919,28.35
20,2206,V2RETAIL,EQ,22548,14254,63.22
20,2207,VADILALIND,EQ,19423,7910,40.72
20,2208,VAIBHAVGBL,EQ,6699322,1594655,23.80
20,2209,VAISHALI,EQ,127003,64587,50.85
20,2210,VAKRANGEE,EQ,28421021,4784667,16.83
20,2211,VALIANTLAB,EQ,293109,108348,36.97
20,2212,VALIANTORG,EQ,60826,28167,46.31
20,2213,VARDHACRLC,EQ,140564,77706,55.28
20,2214,VARROC,EQ,248988,122551,49.22
20,2215,VASA,SM,28000,28000,100.00
20,2216,VASCONEQ,EQ,16950436,5568329,32.85
20,2217,VASWANI,EQ,221577,102824,46.41
20,2218,VBL,EQ,1854390,1080628,58.27
20,2219,VEDL,EQ,9930238,4978939,50.14
20,2220,VEEKAYEM,SM,18000,8000,44.44
20,2221,VELS,SM,3600,3600,100.00
20,2222,VENKEYS,EQ,36059,14444,40.06
20,2223,VENUSPIPES,EQ,222124,147412,66.36
20,2224,VENUSREM,EQ,96964,45041,46.45
20,2225,VERANDA,EQ,166577,72562,43.56
20,2226,VERTEXPLUS,SM,9000,9000,100.00
20,2227,VERTOZ,EQ,548923,132513,24.14
20,2228,VESUVIUS,EQ,13249,6056,45.71
20,2229,VETO,EQ,187733,87831,46.79
20,2230,VGUARD,EQ,220141,101901,46.29
20,2231,VHL,EQ,493,327,66.33
20,2232,VIAZ,ST,14000,10000,71.43
20,2233,VIDHIING,EQ,18867,11193,59.33
20,2234,VIJAYA,EQ,72965,26206,35.92
20,2235,VIJIFIN,EQ,2194324,1146202,52.23
20,2236,VIKASECO,EQ,17168581,6315639,36.79
20,2237,VIKASLIFE,EQ,107203755,41018253,38.26
20,2238,VIMTALABS,EQ,43742,16651,38.07
20,2239,VINATIORGA,EQ,31203,18999,60.89
20,2240,VINDHYATEL,EQ,15974,9563,59.87
20,2241,VINSYS,SM,7500,6000,80.00
20,2242,VINYAS,SM,10400,8000,76.92
20,2243,VINYLINDIA,EQ,80580,31514,39.11
20,2244,VIPCLOTHNG,EQ,223042,108551,48.67
20,2245,VIPIND,EQ,551384,313506,56.86
20,2246,VIPULLTD,EQ,133733,89917,67.24
20,2247,VIRINCHI,EQ,382344,233989,61.20
20,2248,VISAKAIND,EQ,544664,252197,46.30
20,2249,VISHNU,EQ,84093,45757,54.41
20,2250,VISHNUINFR,SM,6000,6000,100.00
20,2251,VISHWARAJ,EQ,1387442,521483,37.59
20,2252,VITAL,SM,12000,10800,90.00
20,2253,VIVIANA,SM,10000,9000,90.00
20,2254,VLEGOV,EQ,1443047,572270,39.66
20,2255,VLSFINANCE,EQ,90218,42472,47.08
20,2256,VMARCIND,SM,35000,21000,60.00
20,2257,VMART,EQ,13294,6801,51.16
20,2258,VOLTAMP,EQ,41213,13589,32.97
20,2259,VOLTAS,EQ,1646283,944236,57.36
20,2260,VPRPL,EQ,813864,297639,36.57
20,2261,VRLLOG,EQ,39082,18572,47.52
20,2262,VSCL,SM,12000,9000,75.00
20,2263,VSSL,EQ,84224,39449,46.84
20,2264,VSTIND,EQ,6787,3105,45.75
20,2265,VSTTILLERS,EQ,22119,12080,54.61
20,2266,VTL,EQ,157798,79342,50.28
20,2267,WABAG,EQ,355459,117463,33.05
20,2268,WALCHANNAG,EQ,137967,86046,62.37
20,2269,WALPAR,SM,58000,10000,17.24
20,2270,WEBELSOLAR,EQ,190624,85781,45.00
20,2271,WEL,EQ,1531,916,59.83
20,2272,WELCORP,EQ,2760175,1276284,46.24
20,2273,WELENT,EQ,125977,58484,46.42
20,2274,WELSPUNLIV,EQ,1323471,507330,38.33
20,2275,WENDT,EQ,423,217,51.30
20,2276,WESTLIFE,EQ,75264,30704,40.80
20,2277,WHEELS,EQ,135680,60434,44.54
20,2278,WHIRLPOOL,EQ,210708,115752,54.93
20,2279,WINDLAS,EQ,91688,37345,40.73
20,2280,WINDMACHIN,EQ,40264,21957,54.53
20,2281,WIPRO,EQ,13072462,3315459,25.36
20,2282,WOCKPHARMA,EQ,2058276,580166,28.19
20,2283,WOMANCART,ST,8000,8000,100.00
20,2284,WONDERLA,EQ,67457,33257,49.30
20,2285,WORTH,EQ,38915,20216,51.95
20,2286,WSI,EQ,64736,44499,68.74
20,2287,WSTCSTPAPR,EQ,250354,95797,38.26
20,2288,XCHANGING,EQ,762555,245002,32.13
20,2289,XPROINDIA,EQ,52996,20705,39.07
20,2290,YASHO,EQ,10643,7576,71.18
20,2291,YATHARTH,EQ,147651,65954,44.67
20,2292,YATRA,EQ,351498,106217,30.22
20,2293,YCCL,SM,81000,75000,92.59
20,2294,YESBANK,EQ,308605574,64360720,20.86
20,2295,YUDIZ,SM,29600,28000,94.59
20,2296,YUKEN,EQ,6313,4317,68.38
20,2297,ZAGGLE,EQ,1799265,932478,51.83
20,2298,ZEAL,SM,16800,13800,82.14
20,2299,ZEEL,EQ,55813937,14387800,25.78
20,2300,ZEEMEDIA,EQ,47917850,12683728,26.47
20,2301,ZENITHEXPO,EQ,7678,1824,23.76
20,2302,ZENSARTECH,EQ,1560624,758403,48.60
20,2303,ZENTEC,EQ,168588,112750,66.88
20,2304,ZFCVINDIA,EQ,4403,1700,38.61
20,2305,ZIMLAB,EQ,141584,65473,46.24
20,2306,ZODIACLOTH,EQ,34909,20504,58.74
20,2307,ZOMATO,EQ,111946831,48643483,43.45
20,2308,ZOTA,EQ,20638,12425,60.20
20,2309,ZUARI,EQ,779514,291253,37.36
20,2310,ZUARIIND,EQ,442987,171742,38.77
20,2311,ZYDUSLIFE,EQ,768445,301830,39.28
20,2312,ZYDUSWELL,EQ,14740,7922,53.74
