Security Wise Delivery Position - Compulsory Rolling Settlement
10,MTO,19012024,2105283801,0002297
Trade Date <19-JAN-2024>,Settlement Type <N>
Record Type,Sr No,Name of Security,Quantity Traded,Deliverable Quantity(gross across client level),% of Deliverable Quantity to Traded Quantity
20,1,182D020524,TB,200,200,100.00
20,2,182D040724,TB,100,100,100.00
20,3,182D060624,TB,100,100,100.00
20,4,182D070324,TB,100,100,100.00
20,5,182D090524,TB,200,200,100.00
20,6,182D110724,TB,300,200,66.67
20,7,182D160524,TB,100,100,100.00
20,8,182D180724,TB,600,600,100.00
20,9,182D200624,TB,400,400,100.00
20,10,182D230524,TB,100,100,100.00
20,11,182D270624,TB,300,300,100.00
20,12,20MICRONS,EQ,97557,39970,40.97
20,13,360ONE,EQ,277493,152755,55.05
20,14,364D010824,TB,50000,50000,100.00
20,15,364D020125,TB,1000,1000,100.00
20,16,364D051224,TB,100,100,100.00
20,17,364D090125,TB,2500,2500,100.00
20,18,364D110424,TB,200,200,100.00
20,19,364D121224,TB,1900,1900,100.00
20,20,364D130624,TB,5000,5000,100.00
20,21,364D140324,TB,6500,6500,100.00
20,22,364D160125,TB,800,800,100.00
20,23,364D211124,TB,200,200,100.00
20,24,364D220324,TB,3000,3000,100.00
20,25,364D250424,TB,44100,44100,100.00
20,26,364D260124,TB,5200,5200,100.00
20,27,364D300524,TB,9000,9000,100.00
20,28,3IINFOLTD,EQ,1549518,656215,42.35
20,29,3MINDIA,EQ,2994,1330,44.42
20,30,3PLAND,EQ,87307,70000,80.18
20,31,515GS2025,GS,12,11,91.67
20,32,563GS2026,GS,101,101,100.00
20,33,574GS2026,GS,9,9,100.00
20,34,5PAISA,EQ,126190,64192,50.87
20,35,618GS2024,GS,1500,1500,100.00
20,36,654GS2032,GS,214,214,100.00
20,37,667GS2050,GS,452,452,100.00
20,38,669GS2024,GS,3,2,66.67
20,39,676GS2061,GS,120,119,99.17
20,40,689GS2025,GS,15,15,100.00
20,41,699GS2026,GS,200,200,100.00
20,42,699GS2051,GS,401,401,100.00
20,43,706GS2028,GS,15250,10050,65.90
20,44,710GS2029,GS,39420,37790,95.87
20,45,717GS2030,GS,1200,1200,100.00
20,46,718GS2033,GS,430,430,100.00
20,47,718GS2037,GS,4667,4667,100.00
20,48,725GS2063,GS,62390,62390,100.00
20,49,726GS2032,GS,7422,7420,99.97
20,50,726GS2033,GS,536,535,99.81
20,51,727GS2026,GS,1995,1795,89.97
20,52,732GS2030,GS,1500,1500,100.00
20,53,733GS2026,GS,150,150,100.00
20,54,736GS2052,GS,2610,2600,99.62
20,55,737GS2028,GS,2450,2450,100.00
20,56,738GS2027,GS,75412,74304,98.53
20,57,73GS2053,GS,11305,11215,99.20
20,58,741GS2036,GS,53465,53464,100.00
20,59,746GS2073,GS,1210,1210,100.00
20,60,752TN33,SG,100,100,100.00
20,61,754GS2036,GS,145075,141042,97.22
20,62,758GJ26,SG,200,200,100.00
20,63,759GS2026,GS,10,10,100.00
20,64,774AS33,SG,100,100,100.00
20,65,779PN36,SG,100,100,100.00
20,66,77MH33A,SG,200,200,100.00
20,67,828GS2032,GS,2,2,100.00
20,68,833GS2026,GS,500,500,100.00
20,69,83GS2040,GS,650,650,100.00
20,70,83GS2042,GS,1234,1234,100.00
20,71,915GS2024,GS,30,30,100.00
20,72,91D010224,TB,500,500,100.00
20,73,91D040424,TB,2200,2200,100.00
20,74,91D070324,TB,2300,2300,100.00
20,75,91D080224,TB,900,900,100.00
20,76,91D110424,TB,8800,8800,100.00
20,77,91D140324,TB,700,700,100.00
20,78,91D150224,TB,100,100,100.00
20,79,91D180424,TB,1000,1000,100.00
20,80,91D210324,TB,1200,1200,100.00
20,81,91D220224,TB,1100,900,81.82
20,82,91D250124,TB,1000,1000,100.00
20,83,91D280324,TB,5900,5600,94.92
20,84,91D290224,TB,500,500,100.00
20,85,92GS2030,GS,368,368,100.00
20,86,AARON,EQ,17726,9207,51.94
20,87,AARTECH,EQ,13499,5041,37.34
20,88,AARTIDRUGS,EQ,279725,128913,46.09
20,89,AARTIIND,EQ,15007983,2707152,18.04
20,90,AARTIPHARM,EQ,175767,79318,45.13
20,91,AARTISURF,EQ,303466,98885,32.59
20,92,AARTISURF,P1,120,75,62.50
20,93,AARVEEDEN,EQ,69952,38463,54.98
20,94,AARVI,EQ,21235,11912,56.10
20,95,AATMAJ,SM,12000,10000,83.33
20,96,AAVAS,EQ,183222,100070,54.62
20,97,ABB,EQ,132723,54400,40.99
20,98,ABBOTINDIA,EQ,9675,4341,44.87
20,99,ABCAPITAL,EQ,2109381,922089,43.71
20,100,ABCOTS,SM,20000,20000,100.00
20,101,ABFL,N1,2,1,50.00
20,102,ABFL,N4,180,145,80.56
20,103,ABFL,N5,25,25,100.00
20,104,ABFRL,EQ,2537776,921114,36.30
20,105,ABINFRA,SM,4000,4000,100.00
20,106,ABSLAMC,EQ,69284,40174,57.98
20,107,ABSLBANETF,EQ,1230635,1143038,92.88
20,108,ABSLLIQUID,EQ,4428,4252,96.03
20,109,ABSLNN50ET,EQ,3491,2871,82.24
20,110,ACC,EQ,230851,93070,40.32
20,111,ACCELYA,EQ,93560,50854,54.35
20,112,ACCENTMIC,SM,183000,163000,89.07
20,113,ACE,EQ,218251,78886,36.14
20,114,ACEINTEG,EQ,15296,9953,65.07
20,115,ACI,EQ,252769,102453,40.53
20,116,ACL,EQ,46237,29492,63.78
20,117,ACLGATI,EQ,260971,125107,47.94
20,118,ACSAL,SM,150000,132000,88.00
20,119,ADANIENSOL,EQ,1485408,758763,51.08
20,120,ADANIENT,EQ,2014096,935826,46.46
20,121,ADANIGREEN,EQ,796187,453706,56.98
20,122,ADANIPORTS,EQ,2732559,1297062,47.47
20,123,ADFFOODS,EQ,281033,144369,51.37
20,124,ADORWELD,EQ,16060,10552,65.70
20,125,ADSL,EQ,834460,405033,48.54
20,126,ADVANIHOTR,EQ,98814,53941,54.59
20,127,ADVENZYMES,EQ,481032,185276,38.52
20,128,AEGISCHEM,EQ,495553,270653,54.62
20,129,AEROFLEX,EQ,539385,279606,51.84
20,130,AETHER,EQ,36385,17631,48.46
20,131,AFFLE,EQ,140672,65469,46.54
20,132,AGARIND,EQ,159834,56817,35.55
20,133,AGARWALFT,SM,9000,6000,66.67
20,134,AGI,EQ,118775,66139,55.68
20,135,AGNI,SM,210000,160000,76.19
20,136,AGRITECH,EQ,30466,14811,48.61
20,137,AGROPHOS,EQ,469387,248169,52.87
20,138,AGSTRA,EQ,661650,482550,72.93
20,139,AGUL,ST,8000,8000,100.00
20,140,AHL,EQ,178785,72766,40.70
20,141,AHLADA,EQ,84947,57568,67.77
20,142,AHLEAST,EQ,48369,27998,57.88
20,143,AHLUCONT,EQ,25847,13211,51.11
20,144,AIAENG,EQ,59626,45326,76.02
20,145,AILIMITED,SM,12000,12000,100.00
20,146,AIROLAM,EQ,17440,8526,48.89
20,147,AIRTELPP,E1,369351,258065,69.87
20,148,AISL,SM,6000,4800,80.00
20,149,AJANTPHARM,EQ,44227,20167,45.60
20,150,AJMERA,EQ,663367,111635,16.83
20,151,AKANKSHA,SM,336000,200000,59.52
20,152,AKG,EQ,99627,76522,76.81
20,153,AKSHARCHEM,EQ,24525,12005,48.95
20,154,AKZOINDIA,EQ,9339,4811,51.52
20,155,ALBERTDAVD,EQ,133422,43979,32.96
20,156,ALEMBICLTD,EQ,984521,402034,40.84
20,157,ALICON,EQ,93272,26742,28.67
20,158,ALKALI,EQ,8774,6178,70.41
20,159,ALKEM,EQ,114591,66292,57.85
20,160,ALKYLAMINE,EQ,32487,13945,42.92
20,161,ALLCARGO,EQ,854574,504012,58.98
20,162,ALLETEC,SM,47200,31200,66.10
20,163,ALLSEC,EQ,39766,22214,55.86
20,164,ALOKINDS,EQ,20994756,10563297,50.31
20,165,ALPA,EQ,74790,39330,52.59
20,166,ALPHAETF,EQ,25065,18552,74.02
20,167,ALPHAGEO,EQ,15798,7004,44.33
20,168,ALPL30IETF,EQ,145682,120725,82.87
20,169,ALPSINDUS,EQ,20890,19283,92.31
20,170,AMBER,EQ,107424,32370,30.13
20,171,AMBICAAGAR,EQ,17362,10776,62.07
20,172,AMBIKCO,EQ,4714,2622,55.62
20,173,AMBUJACEM,EQ,2661086,1082213,40.67
20,174,AMEYA,SM,88000,78000,88.64
20,175,AMIORG,EQ,78432,39522,50.39
20,176,AMJLAND,EQ,806306,398605,49.44
20,177,AMNPLST,EQ,21663,6051,27.93
20,178,AMRUTANJAN,EQ,43560,34857,80.02
20,179,ANANDRATHI,EQ,49573,31461,63.46
20,180,ANANTRAJ,EQ,886994,422134,47.59
20,181,ANDHRAPAP,EQ,356610,150130,42.10
20,182,ANDHRSUGAR,EQ,277704,152879,55.05
20,183,ANGELONE,EQ,241730,105730,43.74
20,184,ANLON,SM,3600,3200,88.89
20,185,ANMOL,EQ,288082,111751,38.79
20,186,ANNAPURNA,SM,46500,36000,77.42
20,187,ANUP,EQ,38944,21376,54.89
20,188,ANURAS,EQ,27291,9254,33.91
20,189,APARINDS,EQ,44676,23935,53.57
20,190,APCL,EQ,26566,15169,57.10
20,191,APCOTEXIND,EQ,86521,50591,58.47
20,192,APEX,EQ,266994,78605,29.44
20,193,APLAPOLLO,EQ,472150,309358,65.52
20,194,APLLTD,EQ,251735,140761,55.92
20,195,APOLLOHOSP,EQ,326813,145067,44.39
20,196,APOLLOPIPE,EQ,642394,230508,35.88
20,197,APOLLOTYRE,EQ,2351287,537645,22.87
20,198,APOLSINHOT,EQ,10549,5308,50.32
20,199,APS,ST,126000,126000,100.00
20,200,APTECHT,EQ,448808,151254,33.70
20,201,APTUS,EQ,1003690,552761,55.07
20,202,ARABIAN,SM,20000,10000,50.00
20,203,ARCHIES,EQ,96758,60495,62.52
20,204,ARE&M,EQ,429122,264941,61.74
20,205,ARENTERP,EQ,18859,10139,53.76
20,206,ARHAM,SM,23000,16000,69.57
20,207,ARIES,EQ,572382,324142,56.63
20,208,ARIHANTACA,SM,172000,123200,71.63
20,209,ARIHANTCAP,EQ,214124,138735,64.79
20,210,ARIHANTSUP,EQ,228455,132532,58.01
20,211,ARISTO,SM,36800,33600,91.30
20,212,ARMANFIN,EQ,14345,8070,56.26
20,213,AROGRANITE,EQ,82839,60255,72.74
20,214,ARROWGREEN,EQ,123569,73822,59.74
20,215,ARTEMISMED,EQ,196625,102342,52.05
20,216,ARVIND,EQ,715081,406457,56.84
20,217,ARVINDFASN,EQ,890925,705399,79.18
20,218,ARVSMART,EQ,34315,18871,54.99
20,219,ASAHIINDIA,EQ,48844,24696,50.56
20,220,ASAHISONG,EQ,18666,10966,58.75
20,221,ASAL,EQ,129105,59458,46.05
20,222,ASALCBR,EQ,107676,55483,51.53
20,223,ASHAPURMIN,EQ,186129,114036,61.27
20,224,ASHIANA,EQ,121770,64067,52.61
20,225,ASHIMASYN,EQ,1120498,772527,68.94
20,226,ASHOKA,EQ,6475242,2307377,35.63
20,227,ASHOKLEY,EQ,10379868,6471261,62.34
20,228,ASIANENE,EQ,44370,26716,60.21
20,229,ASIANPAINT,EQ,936201,526912,56.28
20,230,ASIANTILES,EQ,889171,426999,48.02
20,231,ASKAUTOLTD,EQ,1233773,710397,57.58
20,232,ASLIND,ST,4000,4000,100.00
20,233,ASPINWALL,EQ,6448,3007,46.63
20,234,ASTEC,EQ,29113,14068,48.32
20,235,ASTERDM,EQ,495443,204415,41.26
20,236,ASTRAL,EQ,623395,369413,59.26
20,237,ASTRAMICRO,EQ,249585,111070,44.50
20,238,ASTRAZEN,EQ,3264,2055,62.96
20,239,ASTRON,EQ,365380,219689,60.13
20,240,ATAM,EQ,123312,91252,74.00
20,241,ATFL,EQ,3399,2099,61.75
20,242,ATGL,EQ,852306,376776,44.21
20,243,ATL,EQ,874819,487967,55.78
20,244,ATUL,EQ,120770,50062,41.45
20,245,ATULAUTO,EQ,188357,81991,43.53
20,246,AUBANK,EQ,4468871,2714932,60.75
20,247,AURDIS,SM,1500,1500,100.00
20,248,AUROIMPEX,SM,217600,142400,65.44
20,249,AUROPHARMA,EQ,1860722,656427,35.28
20,250,AURUM,EQ,1156089,372696,32.24
20,251,AURUMPP,E1,131587,74499,56.62
20,252,AUTOAXLES,EQ,12886,6412,49.76
20,253,AUTOBEES,EQ,47598,27485,57.74
20,254,AUTOIETF,EQ,7412,6118,82.54
20,255,AUTOIND,EQ,148490,91360,61.53
20,256,AVADHSUGAR,EQ,42412,19879,46.87
20,257,AVALON,EQ,517083,395791,76.54
20,258,AVANTIFEED,EQ,1074021,169750,15.81
20,259,AVG,EQ,54158,29644,54.74
20,260,AVONMORE,EQ,128010,60629,47.36
20,261,AVROIND,EQ,14896,8399,56.38
20,262,AVTNPL,EQ,185194,103223,55.74
20,263,AWHCL,EQ,301840,110579,36.63
20,264,AWL,EQ,812083,443715,54.64
20,265,AXISBANK,EQ,12303696,8059225,65.50
20,266,AXISBNKETF,EQ,50866,44320,87.13
20,267,AXISBPSETF,EQ,23474,11712,49.89
20,268,AXISCADES,EQ,56866,29527,51.92
20,269,AXISCETF,EQ,15952,15475,97.01
20,270,AXISGOLD,EQ,44115,29136,66.05
20,271,AXISHCETF,EQ,1553,1042,67.10
20,272,AXISILVER,EQ,10304,8386,81.39
20,273,AXISNIFTY,EQ,5189,3840,74.00
20,274,AXISTECETF,EQ,1451,785,54.10
20,275,AXITA,EQ,4903473,2642583,53.89
20,276,AXSENSEX,EQ,820,657,80.12
20,277,AYMSYNTEX,EQ,229308,101876,44.43
20,278,AZAD,EQ,148856,86027,57.79
20,279,BABAFP,SM,35200,27200,77.27
20,280,BAHETI,SM,6750,5250,77.78
20,281,BAIDFIN,EQ,310903,191868,61.71
20,282,BAJAJ-AUTO,EQ,327976,211242,64.41
20,283,BAJAJCON,EQ,259308,141913,54.73
20,284,BAJAJELEC,EQ,82736,31011,37.48
20,285,BAJAJFINSV,EQ,1139473,524308,46.01
20,286,BAJAJHCARE,EQ,60536,33203,54.85
20,287,BAJAJHIND,EQ,8412431,4571595,54.34
20,288,BAJAJHLDNG,EQ,135675,34802,25.65
20,289,BAJEL,EQ,3537307,1856042,52.47
20,290,BAJFINANCE,EQ,830810,435534,52.42
20,291,BALAJITELE,EQ,445198,183979,41.33
20,292,BALAMINES,EQ,59242,26522,44.77
20,293,BALAXI,EQ,3056,2281,74.64
20,294,BALKRISHNA,EQ,102894,64662,62.84
20,295,BALKRISIND,EQ,216875,93918,43.31
20,296,BALMLAWRIE,EQ,3360517,1095870,32.61
20,297,BALPHARMA,EQ,195944,90597,46.24
20,298,BALRAMCHIN,EQ,1502447,764732,50.90
20,299,BANARBEADS,EQ,18330,11972,65.31
20,300,BANARISUG,EQ,1421,856,60.24
20,301,BANCOINDIA,EQ,223962,55657,24.85
20,302,BANDHANBNK,EQ,7131175,3027193,42.45
20,303,BANKBARODA,EQ,9445978,2819206,29.85
20,304,BANKBEES,EQ,1599035,1058046,66.17
20,305,BANKETF,EQ,13421,11553,86.08
20,306,BANKIETF,EQ,818322,676424,82.66
20,307,BANKINDIA,EQ,14991995,6709756,44.76
20,308,BANSWRAS,EQ,59985,31596,52.67
20,309,BARBEQUE,EQ,43610,23923,54.86
20,310,BASF,EQ,17021,8948,52.57
20,311,BASILIC,SM,188400,124800,66.24
20,312,BASML,EQ,193245,107475,55.62
20,313,BATAINDIA,EQ,244001,120368,49.33
20,314,BAYERCROP,EQ,7363,3514,47.73
20,315,BBETF0432,EQ,5792,5770,99.62
20,316,BBL,EQ,62567,21174,33.84
20,317,BBNPPGOLD,EQ,12801,9906,77.38
20,318,BBTC,EQ,84175,27052,32.14
20,319,BBTCL,EQ,11386,7647,67.16
20,320,BCG,EQ,16966431,7513816,44.29
20,321,BCLIND,EQ,681761,368316,54.02
20,322,BDL,EQ,384062,147645,38.44
20,323,BECTORFOOD,EQ,74896,47659,63.63
20,324,BEDMUTHA,EQ,103240,75045,72.69
20,325,BEL,EQ,22303305,10151051,45.51
20,326,BEML,EQ,190899,73506,38.51
20,327,BEPL,EQ,958643,444194,46.34
20,328,BERGEPAINT,EQ,978376,566938,57.95
20,329,BETA,SM,2300,1700,73.91
20,330,BEWLTD,SM,22375,13625,60.89
20,331,BFINVEST,EQ,53609,23494,43.82
20,332,BFSI,EQ,348907,321620,92.18
20,333,BFUTILITIE,EQ,61728,28758,46.59
20,334,BGRENERGY,EQ,1004731,366690,36.50
20,335,BHAGCHEM,EQ,1196,580,48.49
20,336,BHAGERIA,EQ,14889,8491,57.03
20,337,BHAGYANGR,EQ,81534,41489,50.89
20,338,BHANDARI,EQ,740449,462264,62.43
20,339,BHARATFORG,EQ,409600,212749,51.94
20,340,BHARATGEAR,EQ,42855,21529,50.24
20,341,BHARATRAS,EQ,1057,541,51.18
20,342,BHARTIARTL,EQ,11753391,7473334,63.58
20,343,BHEL,EQ,63867429,18688663,29.26
20,344,BIGBLOC,EQ,89975,46150,51.29
20,345,BIKAJI,EQ,136948,70107,51.19
20,346,BIOCON,EQ,4152394,2180447,52.51
20,347,BIOFILCHEM,EQ,31950,19226,60.18
20,348,BIRET,RR,164302,148217,90.21
20,349,BIRLACABLE,EQ,158478,75829,47.85
20,350,BIRLACORPN,EQ,223925,85671,38.26
20,351,BIRLAMONEY,EQ,298697,158251,52.98
20,352,BLAL,EQ,335344,154211,45.99
20,353,BLBLIMITED,EQ,7724210,4154508,53.79
20,354,BLISSGVS,EQ,666116,249292,37.42
20,355,BLKASHYAP,EQ,1343572,768173,57.17
20,356,BLS,EQ,2313808,670822,28.99
20,357,BLUEDART,EQ,5834,3201,54.87
20,358,BLUEJET,EQ,191425,96158,50.23
20,359,BLUESTARCO,EQ,338185,138353,40.91
20,360,BMETRICS,SM,26000,18800,72.31
20,361,BODALCHEM,EQ,706142,306541,43.41
20,362,BOMDYEING,EQ,1049183,534950,50.99
20,363,BOROLTD,EQ,125723,55669,44.28
20,364,BORORENEW,EQ,1540378,460071,29.87
20,365,BOSCHLTD,EQ,19057,7798,40.92
20,366,BPCL,EQ,6486928,3007673,46.37
20,367,BRIGADE,EQ,437991,186822,42.65
20,368,BRIGHT,ST,219000,210000,95.89
20,369,BRITANNIA,EQ,329252,199368,60.55
20,370,BRITANNIA,N3,6265,5305,84.68
20,371,BRNL,EQ,184217,93089,50.53
20,372,BROOKS,EQ,104663,67090,64.10
20,373,BSE,EQ,515093,267686,51.97
20,374,BSE500IETF,EQ,113446,76012,67.00
20,375,BSHSL,EQ,48113,35460,73.70
20,376,BSL,EQ,10224,6818,66.69
20,377,BSLGOLDETF,EQ,5188,2791,53.80
20,378,BSLNIFTY,EQ,91085,61746,67.79
20,379,BSLSENETFG,EQ,2896,2768,95.58
20,380,BSOFT,EQ,2195289,516506,23.53
20,381,BTML,EQ,186183,112143,60.23
20,382,BUTTERFLY,EQ,5142,2945,57.27
20,383,CADSYS,SM,44000,35000,79.55
20,384,CAMLINFINE,EQ,448453,194782,43.43
20,385,CAMPUS,EQ,577273,228074,39.51
20,386,CAMS,EQ,172854,132517,76.66
20,387,CANARYS,SM,196000,144000,73.47
20,388,CANBK,EQ,6451009,2381128,36.91
20,389,CANFINHOME,EQ,1015337,416910,41.06
20,390,CANTABIL,EQ,208083,105641,50.77
20,391,CAPACITE,EQ,1721312,763896,44.38
20,392,CAPLIPOINT,EQ,90803,27310,30.08
20,393,CAPTRUST,EQ,37264,21072,56.55
20,394,CARBORUNIV,EQ,84164,61102,72.60
20,395,CAREERP,EQ,447229,201313,45.01
20,396,CARERATING,EQ,41505,23855,57.48
20,397,CARTRADE,EQ,158544,60649,38.25
20,398,CARYSIL,EQ,118838,49655,41.78
20,399,CASTROLIND,EQ,5416799,1741342,32.15
20,400,CBAZAAR,SM,16000,16000,100.00
20,401,CCHHL,EQ,360362,205945,57.15
20,402,CCL,EQ,69610,33118,47.58
20,403,CDSL,EQ,356616,171510,48.09
20,404,CEATLTD,EQ,647863,210794,32.54
20,405,CELLECOR,SM,135600,90000,66.37
20,406,CELLO,EQ,90756,52725,58.10
20,407,CELLPOINT,SM,22800,20400,89.47
20,408,CENTENKA,EQ,33092,15528,46.92
20,409,CENTEXT,EQ,160144,160144,100.00
20,410,CENTRALBK,EQ,90258328,25151002,27.87
20,411,CENTRUM,EQ,564515,283014,50.13
20,412,CENTUM,EQ,17449,8090,46.36
20,413,CENTURYPLY,EQ,399618,220541,55.19
20,414,CENTURYTEX,EQ,249645,154766,61.99
20,415,CERA,EQ,85589,71744,83.82
20,416,CESC,EQ,12392887,4554320,36.75
20,417,CGCL,EQ,574382,129580,22.56
20,418,CGPOWER,EQ,1683885,1291685,76.71
20,419,CHALET,EQ,204728,103040,50.33
20,420,CHAMBLFERT,EQ,3114640,909142,29.19
20,421,CHAVDA,SM,270000,100000,37.04
20,422,CHEMBOND,EQ,17961,9642,53.68
20,423,CHEMCON,EQ,55374,24129,43.57
20,424,CHEMFAB,EQ,26597,12528,47.10
20,425,CHEMPLASTS,EQ,64031,39484,61.66
20,426,CHENNPETRO,EQ,1149925,393354,34.21
20,427,CHEVIOT,EQ,26456,8240,31.15
20,428,CHOICEIN,EQ,302078,77898,25.79
20,429,CHOLAFIN,EQ,1372449,722780,52.66
20,430,CHOLAFIN,N6,215,215,100.00
20,431,CHOLAFIN,NA,10,10,100.00
20,432,CHOLAHLDNG,EQ,98919,66037,66.76
20,433,CIEINDIA,EQ,459219,289248,62.99
20,434,CIGNITITEC,EQ,211182,115566,54.72
20,435,CIPLA,EQ,1135846,695000,61.19
20,436,CLEAN,EQ,51107,26366,51.59
20,437,CLEDUCATE,EQ,412306,161453,39.16
20,438,CLOUD,SM,1552000,909000,58.57
20,439,CLSEL,EQ,49488,25540,51.61
20,440,CLSL,SM,36000,22000,61.11
20,441,CMNL,SM,60000,51000,85.00
20,442,CMRSL,SM,1600,1600,100.00
20,443,CMSINFO,EQ,384943,238123,61.86
20,444,COALINDIA,EQ,15893456,8671777,54.56
20,445,COASTCORP,EQ,26516,13142,49.56
20,446,COCHINSHIP,EQ,4771974,1129832,23.68
20,447,COFFEEDAY,EQ,4938505,1744350,35.32
20,448,COFORGE,EQ,400947,212330,52.96
20,449,COLPAL,EQ,377303,241302,63.95
20,450,COMMITTED,SM,30400,22400,73.68
20,451,COMMOIETF,EQ,17645,13000,73.68
20,452,CONCOR,EQ,1564164,844556,53.99
20,453,CONCORDBIO,EQ,78404,32465,41.41
20,454,CONFIPET,EQ,881078,454227,51.55
20,455,CONSOFINVT,EQ,41569,23512,56.56
20,456,CONSUMBEES,EQ,29930,25675,85.78
20,457,CONSUMIETF,EQ,4125,2995,72.61
20,458,CONTROLPR,EQ,22739,11179,49.16
20,459,COOLCAPS,SM,1000,1000,100.00
20,460,CORDSCABLE,EQ,185725,117565,63.30
20,461,COROMANDEL,EQ,177261,80189,45.24
20,462,COSMOFIRST,EQ,28901,18348,63.49
20,463,CPS,SM,9600,7200,75.00
20,464,CPSEETF,EQ,2599805,1324457,50.94
20,465,CRAFTSMAN,EQ,35910,21662,60.32
20,466,CRAYONS,SM,46000,44000,95.65
20,467,CREATIVE,EQ,76045,33873,44.54
20,468,CREATIVEYE,EQ,27417,27417,100.00
20,469,CREDITACC,EQ,345261,207765,60.18
20,470,CREDITACC,N1,10,10,100.00
20,471,CREDITACC,ND,1500,1500,100.00
20,472,CREST,EQ,347804,154733,44.49
20,473,CRISIL,EQ,9915,5791,58.41
20,474,CROMPTON,EQ,1518396,934540,61.55
20,475,CSBBANK,EQ,143392,74882,52.22
20,476,CSLFINANCE,EQ,28511,16572,58.12
20,477,CTE,EQ,79500,51061,64.23
20,478,CUB,EQ,2322753,1034284,44.53
20,479,CUMMINSIND,EQ,700438,418347,59.73
20,480,CYBERMEDIA,EQ,195995,146059,74.52
20,481,CYBERTECH,EQ,238099,74905,31.46
20,482,CYIENT,EQ,262233,167583,63.91
20,483,CYIENTDLM,EQ,264756,160405,60.59
20,484,DABUR,EQ,1965102,1394091,70.94
20,485,DALBHARAT,EQ,555621,378293,68.08
20,486,DALMIASUG,EQ,38036,15005,39.45
20,487,DAMODARIND,EQ,202912,120069,59.17
20,488,DATAMATICS,EQ,156162,63620,40.74
20,489,DATAPATTNS,EQ,57018,28770,50.46
20,490,DBCORP,EQ,686811,412144,60.01
20,491,DBL,EQ,302649,117881,38.95
20,492,DBOL,EQ,291817,178097,61.03
20,493,DBREALTY,EQ,5505748,2635549,47.87
20,494,DCAL,EQ,893932,383797,42.93
20,495,DCBBANK,EQ,2372881,1274348,53.70
20,496,DCI,EQ,13038,11329,86.89
20,497,DCM,EQ,37847,21955,58.01
20,498,DCMNVL,EQ,61797,47890,77.50
20,499,DCMSHRIRAM,EQ,250374,111231,44.43
20,500,DCMSRIND,EQ,1126353,678737,60.26
20,501,DCW,EQ,11270519,3394819,30.12
20,502,DCXINDIA,EQ,502238,224951,44.79
20,503,DECCANCE,EQ,15577,9948,63.86
20,504,DEEPAKFERT,EQ,495667,221936,44.78
20,505,DEEPAKNTR,EQ,457836,141526,30.91
20,506,DEEPENR,EQ,15639,10566,67.56
20,507,DEEPINDS,EQ,152004,67915,44.68
20,508,DELHIVERY,EQ,750711,452226,60.24
20,509,DELPHIFX,EQ,20625,12882,62.46
20,510,DELTACORP,EQ,1578198,749121,47.47
20,511,DELTAMAGNT,EQ,9436,6230,66.02
20,512,DEN,EQ,3729397,1403232,37.63
20,513,DENEERS,SM,9000,7800,86.67
20,514,DENORA,EQ,5804,2437,41.99
20,515,DENTALKART,SM,11000,9000,81.82
20,516,DEVYANI,EQ,1141798,695731,60.93
20,517,DGCONTENT,EQ,23230,15934,68.59
20,518,DHAMPURSUG,EQ,152786,50174,32.84
20,519,DHANBANK,EQ,4393549,2751462,62.63
20,520,DHANI,EQ,1207333,623040,51.60
20,521,DHANILOANS,N7,43,43,100.00
20,522,DHANILOANS,N8,50,50,100.00
20,523,DHANILOANS,NX,1,1,100.00
20,524,DHANUKA,EQ,53392,24090,45.12
20,525,DHARMAJ,EQ,133017,59490,44.72
20,526,DHRUV,EQ,34893,25334,72.60
20,527,DHUNINV,EQ,2360,1534,65.00
20,528,DIAMINESQ,EQ,6964,4188,60.14
20,529,DIAMONDYD,EQ,728147,228565,31.39
20,530,DICIND,EQ,6256,2770,44.28
20,531,DIGIKORE,SM,28000,19200,68.57
20,532,DIGISPICE,EQ,235792,138070,58.56
20,533,DIL,EQ,1528491,1152223,75.38
20,534,DISHTV,EQ,50465516,27991068,55.47
20,535,DIVGIITTS,EQ,26056,14609,56.07
20,536,DIVISLAB,EQ,324763,171183,52.71
20,537,DIVOPPBEES,EQ,34116,19787,58.00
20,538,DIXON,EQ,894287,320796,35.87
20,539,DJML,EQ,6828,3795,55.58
20,540,DKEGL,SM,4500,4500,100.00
20,541,DLF,EQ,3519988,1813895,51.53
20,542,DLINKINDIA,EQ,98108,46656,47.56
20,543,DMART,EQ,565533,457469,80.89
20,544,DMCC,EQ,21578,10910,50.56
20,545,DODLA,EQ,47753,20727,43.40
20,546,DOLATALGO,EQ,155398,97574,62.79
20,547,DOLLAR,EQ,101631,56287,55.38
20,548,DOLLEX,SM,116000,44000,37.93
20,549,DOMS,EQ,175624,104362,59.42
20,550,DONEAR,EQ,98493,53332,54.15
20,551,DPABHUSHAN,EQ,7381,5434,73.62
20,552,DPSCLTD,EQ,706601,378857,53.62
20,553,DPWIRES,EQ,24251,13279,54.76
20,554,DREAMFOLKS,EQ,173330,94646,54.60
20,555,DREDGECORP,EQ,271834,85695,31.52
20,556,DRONE,SM,234000,187000,79.91
20,557,DRREDDY,EQ,328292,210645,64.16
20,558,DSPBANKETF,EQ,36522,29381,80.45
20,559,DSPGOLDETF,EQ,12214,10419,85.30
20,560,DSPITETF,EQ,18102,11901,65.74
20,561,DSPN50ETF,EQ,873,426,48.80
20,562,DSPNEWETF,EQ,4224,1558,36.88
20,563,DSPPSBKETF,EQ,8673,4508,51.98
20,564,DSPPVBKETF,EQ,184650,153362,83.06
20,565,DSPQ50ETF,EQ,4182,2203,52.68
20,566,DSPSENXETF,EQ,316,187,59.18
20,567,DSPSILVETF,EQ,2989,2256,75.48
20,568,DSSL,EQ,56304,26111,46.38
20,569,DTIL,EQ,34292,18376,53.59
20,570,DUCOL,SM,20000,15200,76.00
20,571,DUGLOBAL,SM,42500,35000,82.35
20,572,DVL,EQ,80909,41722,51.57
20,573,DWARKESH,EQ,705110,408511,57.94
20,574,DYCL,EQ,36477,22377,61.35
20,575,DYNAMATECH,EQ,44856,17456,38.92
20,576,DYNAMIC,SM,10000,10000,100.00
20,577,DYNPRO,EQ,30369,19136,63.01
20,578,EASEMYTRIP,EQ,17840944,9224608,51.70
20,579,EBBETF0425,EQ,4328,3418,78.97
20,580,EBBETF0430,EQ,10869,7235,66.57
20,581,EBBETF0431,EQ,12155,3643,29.97
20,582,EBBETF0433,EQ,4464,3415,76.50
20,583,ECLERX,EQ,35502,13676,38.52
20,584,ECLFINANCE,NJ,184,184,100.00
20,585,ECLFINANCE,NK,20,20,100.00
20,586,ECLFINANCE,NR,2,0,0.00
20,587,ECLFINANCE,NS,185,185,100.00
20,588,EDELWEISS,EQ,2651411,1122021,42.32
20,589,EFACTOR,SM,78400,51200,65.31
20,590,EFORCE,SM,126000,80400,63.81
20,591,EGOLD,EQ,20094,18767,93.40
20,592,EICHERMOT,EQ,894473,541936,60.59
20,593,EIDPARRY,EQ,197455,97484,49.37
20,594,EIFFL,EQ,13233,12229,92.41
20,595,EIHAHOTELS,EQ,218762,97463,44.55
20,596,EIHOTEL,EQ,1208428,669627,55.41
20,597,EKC,EQ,559022,236801,42.36
20,598,ELDEHSG,EQ,4664,2640,56.60
20,599,ELECON,EQ,663970,235807,35.51
20,600,ELECTCAST,EQ,4318115,2712381,62.81
20,601,ELGIEQUIP,EQ,108945,52157,47.87
20,602,ELIN,EQ,330023,158652,48.07
20,603,EMAMILTD,EQ,700541,476515,68.02
20,604,EMAMIPAP,EQ,1111895,294781,26.51
20,605,EMBASSY,RR,635181,502693,79.14
20,606,EMIL,EQ,212805,130871,61.50
20,607,EMKAYTOOLS,SM,1500,1500,100.00
20,608,EMMBI,EQ,55404,32746,59.10
20,609,EMSLIMITED,EQ,1583095,717222,45.31
20,610,EMUDHRA,EQ,399923,197909,49.49
20,611,ENDURANCE,EQ,89598,40771,45.50
20,612,ENGINERSIN,EQ,17277209,4370613,25.30
20,613,ENIL,EQ,183470,70663,38.51
20,614,EPIGRAL,EQ,49581,23783,47.97
20,615,EPL,EQ,792379,431498,54.46
20,616,EQUITASBNK,EQ,4418546,3319795,75.13
20,617,ERFLNCDI,N5,270,270,100.00
20,618,ERIS,EQ,45984,19335,42.05
20,619,EROSMEDIA,EQ,475994,281037,59.04
20,620,ESABINDIA,EQ,1452,747,51.45
20,621,ESAFSFB,EQ,1944288,1013983,52.15
20,622,ESCORTS,EQ,236803,107915,45.57
20,623,ESFL,SM,70800,60000,84.75
20,624,ESG,EQ,15000,13934,92.89
20,625,ESILVER,EQ,9390,7824,83.32
20,626,ESSARSHPNG,EQ,511043,300126,58.73
20,627,ESTER,EQ,147795,88456,59.85
20,628,ETHOSLTD,EQ,65141,38788,59.54
20,629,EUROBOND,SM,3000,3000,100.00
20,630,EUROTEXIND,EQ,3305,3296,99.73
20,631,EVEREADY,EQ,219499,129789,59.13
20,632,EVERESTIND,EQ,12318,5767,46.82
20,633,EXCELINDUS,EQ,10887,6405,58.83
20,634,EXIDEIND,EQ,2374513,1122017,47.25
20,635,EXPLEOSOL,EQ,14414,9006,62.48
20,636,EXXARO,EQ,63434,40365,63.63
20,637,FACT,EQ,1010119,211311,20.92
20,638,FAIRCHEMOR,EQ,11117,5826,52.41
20,639,FAZE3Q,EQ,18664,6976,37.38
20,640,FCL,EQ,372136,125804,33.81
20,641,FCSSOFT,EQ,24184529,10643415,44.01
20,642,FDC,EQ,1516370,426375,28.12
20,643,FEDERALBNK,EQ,10902628,5596562,51.33
20,644,FEDFINA,EQ,312989,184052,58.80
20,645,FELIX,SM,19000,15000,78.95
20,646,FIBERWEB,EQ,61805,36283,58.71
20,647,FIDEL,SM,16000,13000,81.25
20,648,FIEMIND,EQ,60558,26451,43.68
20,649,FILATEX,EQ,22994821,11898718,51.75
20,650,FINCABLES,EQ,88929,48618,54.67
20,651,FINEORG,EQ,18422,6926,37.60
20,652,FINIETF,EQ,930721,913975,98.20
20,653,FINOPB,EQ,228036,108206,47.45
20,654,FINPIPE,EQ,1057388,317127,29.99
20,655,FIVESTAR,EQ,383629,222785,58.07
20,656,FLAIR,EQ,262322,158660,60.48
20,657,FLEXITUFF,EQ,44167,36996,83.76
20,658,FLUOROCHEM,EQ,256837,133774,52.09
20,659,FMCGIETF,EQ,2954,1881,63.68
20,660,FMGOETZE,EQ,140696,79022,56.17
20,661,FMNL,EQ,103523,103496,99.97
20,662,FOCE,SM,200,200,100.00
20,663,FOCUS,EQ,135314,76910,56.84
20,664,FOODSIN,EQ,201992,110486,54.70
20,665,FORTIS,EQ,1044013,673026,64.47
20,666,FOSECOIND,EQ,1540,756,49.09
20,667,FROG,SM,245200,198800,81.08
20,668,FSL,EQ,4003241,1299893,32.47
20,669,FUSION,EQ,330062,209566,63.49
20,670,GABRIEL,EQ,476958,193332,40.53
20,671,GAEL,EQ,270675,114816,42.42
20,672,GAIL,EQ,21251240,8315894,39.13
20,673,GALAXYSURF,EQ,10153,5059,49.83
20,674,GALLANTT,EQ,210572,133697,63.49
20,675,GANDHAR,EQ,398038,171606,43.11
20,676,GANDHITUBE,EQ,6695,3781,56.47
20,677,GANECOS,EQ,176330,124822,70.79
20,678,GANESHBE,EQ,417795,204776,49.01
20,679,GANESHHOUC,EQ,2847389,539758,18.96
20,680,GANGESSECU,EQ,57894,40575,70.08
20,681,GARFIBRES,EQ,3149,1475,46.84
20,682,GATECHDVR,EQ,1095720,897411,81.90
20,683,GATEWAY,EQ,822759,376390,45.75
20,684,GEECEE,EQ,34118,17347,50.84
20,685,GENESYS,EQ,133034,60328,45.35
20,686,GENUSPAPER,EQ,3957163,1459713,36.89
20,687,GENUSPOWER,EQ,344047,207908,60.43
20,688,GEOJITFSL,EQ,1320706,594658,45.03
20,689,GEPIL,EQ,277025,114057,41.17
20,690,GESHIP,EQ,211926,105796,49.92
20,691,GFLLIMITED,EQ,82907,48732,58.78
20,692,GHCL,EQ,111849,66432,59.39
20,693,GHCLTEXTIL,EQ,451110,284002,62.96
20,694,GICHSGFIN,EQ,3579017,962178,26.88
20,695,GICL,SM,84000,84000,100.00
20,696,GICRE,EQ,14982293,2842579,18.97
20,697,GILLANDERS,EQ,249170,147843,59.33
20,698,GILLETTE,EQ,8899,3978,44.70
20,699,GILT5YBEES,EQ,299042,168749,56.43
20,700,GINNIFILA,EQ,381920,296723,77.69
20,701,GIPCL,EQ,623930,258173,41.38
20,702,GIRIRAJ,ST,5500,5500,100.00
20,703,GLAND,EQ,197210,73811,37.43
20,704,GLAXO,EQ,296109,210883,71.22
20,705,GLENMARK,EQ,906348,440935,48.65
20,706,GLOBAL,EQ,194422,70974,36.51
20,707,GLOBALPET,SM,28500,18000,63.16
20,708,GLOBUSSPR,EQ,53510,29107,54.40
20,709,GLS,EQ,239912,120368,50.17
20,710,GMBREW,EQ,18331,8127,44.33
20,711,GMDCLTD,EQ,3980629,1022426,25.69
20,712,GMMPFAUDLR,EQ,142511,96201,67.50
20,713,GMRINFRA,EQ,38979778,22625269,58.04
20,714,GMRP&UI,EQ,3443144,2661755,77.31
20,715,GNA,EQ,212965,89552,42.05
20,716,GNFC,EQ,608100,180442,29.67
20,717,GOACARBON,EQ,228176,79240,34.73
20,718,GOCLCORP,EQ,29546,12464,42.19
20,719,GOCOLORS,EQ,123861,112335,90.69
20,720,GODFRYPHLP,EQ,91847,57333,62.42
20,721,GODREJAGRO,EQ,95523,45800,47.95
20,722,GODREJCP,EQ,1538601,994121,64.61
20,723,GODREJIND,EQ,102929,39859,38.72
20,724,GODREJPROP,EQ,497480,258036,51.87
20,725,GOKEX,EQ,291610,132804,45.54
20,726,GOKUL,EQ,187482,115633,61.68
20,727,GOKULAGRO,EQ,103300,48227,46.69
20,728,GOLDBEES,EQ,3275231,2133484,65.14
20,729,GOLDETF,EQ,14991,11219,74.84
20,730,GOLDIAM,EQ,220312,107494,48.79
20,731,GOLDIETF,EQ,460950,419474,91.00
20,732,GOLDSHARE,EQ,133261,120134,90.15
20,733,GOLDSTAR,ST,78750,78750,100.00
20,734,GOODLUCK,EQ,168040,84641,50.37
20,735,GOYALSALT,SM,21000,21000,100.00
20,736,GPIL,EQ,195927,88061,44.95
20,737,GPPL,EQ,2238562,1081695,48.32
20,738,GRANULES,EQ,928727,263511,28.37
20,739,GRAPHISAD,SM,38400,27600,71.88
20,740,GRAPHITE,EQ,526520,175198,33.27
20,741,GRASIM,EQ,456698,248840,54.49
20,742,GRAVITA,EQ,100140,52542,52.47
20,743,GREAVESCOT,EQ,2701721,1400864,51.85
20,744,GREENCHEF,SM,37600,21600,57.45
20,745,GREENLAM,EQ,20424,9269,45.38
20,746,GREENPANEL,EQ,259100,116640,45.02
20,747,GREENPLY,EQ,271941,125921,46.30
20,748,GREENPOWER,EQ,7409291,4067073,54.89
20,749,GRINDWELL,EQ,15181,8581,56.52
20,750,GRINFRA,EQ,46378,25391,54.75
20,751,GRMOVER,EQ,60788,28073,46.18
20,752,GROBTEA,EQ,396,264,66.67
20,753,GRPLTD,EQ,653,507,77.64
20,754,GRSE,EQ,578086,165477,28.62
20,755,GRWRHITECH,EQ,20374,12474,61.23
20,756,GSEC10IETF,EQ,30,22,73.33
20,757,GSEC5IETF,EQ,161,88,54.66
20,758,GSFC,EQ,12879910,4183453,32.48
20,759,GSLSU,EQ,3089199,1666021,53.93
20,760,GSPL,EQ,739628,433234,58.57
20,761,GSS,EQ,52297,32990,63.08
20,762,GSTL,ST,12000,12000,100.00
20,763,GTLINFRA,EQ,75918338,56199390,74.03
20,764,GTPL,EQ,105360,44983,42.69
20,765,GUFICBIO,EQ,120554,57042,47.32
20,766,GUJALKALI,EQ,94033,38531,40.98
20,767,GUJAPOLLO,EQ,57106,32691,57.25
20,768,GUJGASLTD,EQ,1174999,581053,49.45
20,769,GULFOILLUB,EQ,121991,69138,56.67
20,770,GULPOLY,EQ,139606,76324,54.67
20,771,HAL,EQ,1203346,509840,42.37
20,772,HAPPSTMNDS,EQ,429031,181173,42.23
20,773,HAPPYFORGE,EQ,114917,76885,66.90
20,774,HARDWYN,EQ,1823308,720436,39.51
20,775,HARIOMPIPE,EQ,103992,71718,68.96
20,776,HARSHA,EQ,103153,68761,66.66
20,777,HATHWAY,EQ,14853836,3949407,26.59
20,778,HATSUN,EQ,180771,61756,34.16
20,779,HAVELLS,EQ,651609,314642,48.29
20,780,HBLPOWER,EQ,3052003,1000613,32.79
20,781,HCC,EQ,26652990,8725649,32.74
20,782,HCG,EQ,81495,50291,61.71
20,783,HCL-INSYS,EQ,1120822,1120822,100.00
20,784,HCLTECH,EQ,2374099,1179852,49.70
20,785,HDFCAMC,EQ,401717,168223,41.88
20,786,HDFCBANK,EQ,54800269,40988837,74.80
20,787,HDFCBSE500,EQ,17697,8256,46.65
20,788,HDFCGOLD,EQ,598738,508198,84.88
20,789,HDFCGROWTH,EQ,3912,3396,86.81
20,790,HDFCLIFE,EQ,2563065,1562625,60.97
20,791,HDFCLIQUID,EQ,211,160,75.83
20,792,HDFCLOWVOL,EQ,20113,14289,71.04
20,793,HDFCMID150,EQ,176616,132243,74.88
20,794,HDFCMOMENT,EQ,66509,51764,77.83
20,795,HDFCNEXT50,EQ,9796,5963,60.87
20,796,HDFCNIF100,EQ,38618,27340,70.80
20,797,HDFCNIFBAN,EQ,13420,7607,56.68
20,798,HDFCNIFIT,EQ,1188,588,49.49
20,799,HDFCNIFTY,EQ,20955,14959,71.39
20,800,HDFCPVTBAN,EQ,88245,83133,94.21
20,801,HDFCQUAL,EQ,59146,45170,76.37
20,802,HDFCSENSEX,EQ,5775,4991,86.42
20,803,HDFCSILVER,EQ,52424,44181,84.28
20,804,HDFCSML250,EQ,241149,147336,61.10
20,805,HDFCVALUE,EQ,857,532,62.08
20,806,HEADSUP,EQ,52378,38252,73.03
20,807,HEALTHIETF,EQ,37592,17182,45.71
20,808,HEALTHY,EQ,89790,61423,68.41
20,809,HEG,EQ,116008,35969,31.01
20,810,HEIDELBERG,EQ,181337,106247,58.59
20,811,HEMIPROP,EQ,1444414,633725,43.87
20,812,HERANBA,EQ,72987,33424,45.79
20,813,HERCULES,EQ,76716,37596,49.01
20,814,HERITGFOOD,EQ,516149,235158,45.56
20,815,HEROMOTOCO,EQ,383901,167972,43.75
20,816,HESTERBIO,EQ,5128,3644,71.06
20,817,HEUBACHIND,EQ,27669,11893,42.98
20,818,HEXATRADEX,EQ,69343,31763,45.81
20,819,HFCL,EQ,32726022,13623109,41.63
20,820,HGINFRA,EQ,175964,116490,66.20
20,821,HGS,EQ,40311,25126,62.33
20,822,HIGREEN,SM,84800,57600,67.92
20,823,HIKAL,EQ,107440,52011,48.41
20,824,HIL,EQ,8308,4172,50.22
20,825,HILTON,EQ,394982,123873,31.36
20,826,HIMATSEIDE,EQ,283395,163853,57.82
20,827,HINDALCO,EQ,4451789,2873827,64.55
20,828,HINDCOMPOS,EQ,5689,2592,45.56
20,829,HINDCOPPER,EQ,7825737,2533948,32.38
20,830,HINDMOTORS,EQ,1158001,644790,55.68
20,831,HINDOILEXP,EQ,2888171,1107897,38.36
20,832,HINDPETRO,EQ,3988785,1056921,26.50
20,833,HINDUNILVR,EQ,1323064,812915,61.44
20,834,HINDWAREAP,EQ,106627,50355,47.23
20,835,HINDZINC,EQ,1814063,475197,26.20
20,836,HIRECT,EQ,57296,32451,56.64
20,837,HISARMETAL,EQ,5397,3362,62.29
20,838,HITECH,EQ,1647436,1185315,71.95
20,839,HITECHCORP,EQ,10048,5708,56.81
20,840,HITECHGEAR,EQ,15223,8296,54.50
20,841,HLEGLAS,EQ,47135,20014,42.46
20,842,HLVLTD,EQ,444395,286998,64.58
20,843,HMAAGRO,EQ,423516,351764,83.06
20,844,HMVL,EQ,244288,121360,49.68
20,845,HNDFDS,EQ,23900,10895,45.59
20,846,HNGSNGBEES,EQ,270052,241791,89.53
20,847,HOLMARC,SM,30000,12000,40.00
20,848,HOMEFIRST,EQ,1157175,347810,30.06
20,849,HOMESFY,SM,10200,9600,94.12
20,850,HONASA,EQ,1229857,709323,57.68
20,851,HONAUT,EQ,14359,12719,88.58
20,852,HONDAPOWER,EQ,12137,6698,55.19
20,853,HPAL,EQ,6432467,2319478,36.06
20,854,HPL,EQ,202884,116084,57.22
20,855,HRHNEXT,SM,258000,231000,89.53
20,856,HTMEDIA,EQ,1224299,524390,42.83
20,857,HUBTOWN,EQ,51796,51796,100.00
20,858,HUDCO,EQ,129698708,19767726,15.24
20,859,HUDCO,N2,107,107,100.00
20,860,HUDCO,N5,81,81,100.00
20,861,HUDCO,N8,571,481,84.24
20,862,HUDCO,N9,20,20,100.00
20,863,HUDCO,NB,173,173,100.00
20,864,HUDCO,ND,317,248,78.23
20,865,HUDCO,NE,187,140,74.87
20,866,HUHTAMAKI,EQ,224335,110843,49.41
20,867,IBLFL,ST,80000,80000,100.00
20,868,IBREALEST,EQ,8742896,2612324,29.88
20,869,IBUCCREDIT,NB,94,80,85.11
20,870,IBUCCREDIT,NI,155,155,100.00
20,871,IBUCCREDIT,NK,62,62,100.00
20,872,IBULHSG,N7,200,200,100.00
20,873,IBULHSG,Y1,60,60,100.00
20,874,IBULHSG,Y5,20,20,100.00
20,875,IBULHSG,YM,425,425,100.00
20,876,IBULHSGFIN,AG,65,45,69.23
20,877,IBULHSGFIN,BF,65,65,100.00
20,878,IBULHSGFIN,BI,1,1,100.00
20,879,IBULHSGFIN,BV,5,5,100.00
20,880,IBULHSGFIN,EQ,9950808,4442784,44.65
20,881,IBULHSGFIN,N0,20,20,100.00
20,882,IBULHSGFIN,NA,269,269,100.00
20,883,IBULHSGFIN,NE,740,740,100.00
20,884,IBULHSGFIN,NO,100,100,100.00
20,885,IBULHSGFIN,NT,10,10,100.00
20,886,IBULHSGFIN,YA,12,12,100.00
20,887,IBULHSGFIN,YG,10,10,100.00
20,888,IBULHSGFIN,YI,3,3,100.00
20,889,IBULHSGFIN,YR,5,5,100.00
20,890,IBULHSGFIN,Z9,101,100,99.01
20,891,IBULHSGFIN,ZB,1,1,100.00
20,892,IBULHSGFIN,ZF,10,10,100.00
20,893,IBULHSGFIN,ZU,1,1,100.00
20,894,ICEMAKE,EQ,45820,22978,50.15
20,895,ICICIB22,EQ,1188085,949354,79.91
20,896,ICICIBANK,EQ,23271148,16874233,72.51
20,897,ICICIGI,EQ,1134043,644907,56.87
20,898,ICICIPRULI,EQ,2754392,1667464,60.54
20,899,ICIL,EQ,238948,111103,46.50
20,900,ICRA,EQ,1353,748,55.28
20,901,IDBI,EQ,9495247,4364090,45.96
20,902,IDEA,EQ,230080440,53378909,23.20
20,903,IDEAFORGE,EQ,101954,61352,60.18
20,904,IDFC,EQ,8299604,3465964,41.76
20,905,IDFCFIRSTB,EQ,42872654,19460479,45.39
20,906,IDFNIFTYET,EQ,198,111,56.06
20,907,IEX,EQ,23184366,9687427,41.78
20,908,IFBAGRO,EQ,5367,3784,70.50
20,909,IFBIND,EQ,60577,38533,63.61
20,910,IFCI,EQ,28428036,7396409,26.02
20,911,IFCI,NH,549,349,63.57
20,912,IFGLEXPOR,EQ,22436,11760,52.42
20,913,IGARASHI,EQ,49581,28523,57.53
20,914,IGL,EQ,2803294,1263506,45.07
20,915,IGPL,EQ,43972,23063,52.45
20,916,IIFCL,N4,61,61,100.00
20,917,IIFL,EQ,896854,484850,54.06
20,918,IIFL,NC,28,28,100.00
20,919,IIFL,NE,120,120,100.00
20,920,IIFL,NF,345,345,100.00
20,921,IIFL,NL,408,374,91.67
20,922,IIFL,NO,521,515,98.85
20,923,IIFL,NP,20,20,100.00
20,924,IIFL,NS,1076,985,91.54
20,925,IIFL,NV,100,100,100.00
20,926,IIFL,NW,100,100,100.00
20,927,IIFL,Y0,20,20,100.00
20,928,IIFLSAMFIN,N0,1,1,100.00
20,929,IIFLSAMFIN,N5,50,50,100.00
20,930,IIFLSEC,EQ,1158783,597883,51.60
20,931,IIHFL,N4,361,361,100.00
20,932,IIHFL,N5,1082,1077,99.54
20,933,IIHFL,N7,308,308,100.00
20,934,IIHFL,NC,15,15,100.00
20,935,IIHFL,NE,2,1,50.00
20,936,IKIO,EQ,361015,157317,43.58
20,937,IMAGICAA,EQ,13696110,4974922,36.32
20,938,IMC1,N0,207,207,100.00
20,939,IMC1,N1,208,207,99.52
20,940,IMC1,N2,217,217,100.00
20,941,IMC1,N3,207,207,100.00
20,942,IMFA,EQ,93896,47671,50.77
20,943,IMPAL,EQ,16265,8325,51.18
20,944,INCREDFIN,N2,304,204,67.11
20,945,INCREDFIN,N3,29,29,100.00
20,946,INCREDFIN,N4,51,50,98.04
20,947,INDBANK,EQ,175655,93668,53.32
20,948,INDHOTEL,EQ,4333124,2109643,48.69
20,949,INDIACEM,EQ,2327380,537325,23.09
20,950,INDIAGLYCO,EQ,137400,62021,45.14
20,951,INDIAMART,EQ,1153028,189444,16.43
20,952,INDIANB,EQ,1347568,682822,50.67
20,953,INDIANCARD,EQ,29119,20345,69.87
20,954,INDIANHUME,EQ,70177,34213,48.75
20,955,INDIASHLTR,EQ,655357,570172,87.00
20,956,INDIFRA,SM,52000,26000,50.00
20,957,INDIGO,EQ,586989,385319,65.64
20,958,INDIGOPNTS,EQ,147614,65302,44.24
20,959,INDIGRID,IV,232968,189660,81.41
20,960,INDIGRID,NJ,510,510,100.00
20,961,INDIGRID,NL,155,150,96.77
20,962,INDNIPPON,EQ,21103,11573,54.84
20,963,INDOAMIN,EQ,1031045,529159,51.32
20,964,INDOBORAX,EQ,129727,76542,59.00
20,965,INDOCO,EQ,125111,62791,50.19
20,966,INDORAMA,EQ,336195,115432,34.33
20,967,INDOTECH,EQ,12803,10855,84.78
20,968,INDOTHAI,EQ,97841,45887,46.90
20,969,INDSWFTLAB,EQ,116204,67083,57.73
20,970,INDTERRAIN,EQ,272262,158888,58.36
20,971,INDUSINDBK,EQ,10982524,5929371,53.99
20,972,INDUSTOWER,EQ,14521093,7808780,53.78
20,973,INFIBEAM,EQ,50847738,10991374,21.62
20,974,INFINIUM,SM,3000,3000,100.00
20,975,INFOBEAN,EQ,26296,10299,39.17
20,976,INFOLLION,SM,35200,27200,77.27
20,977,INFRABEES,EQ,17944,12061,67.21
20,978,INFRAIETF,EQ,37129,27668,74.52
20,979,INFY,EQ,4522736,2762887,61.09
20,980,INGERRAND,EQ,8759,5359,61.18
20,981,INNOVACAP,EQ,1243047,307079,24.70
20,982,INNOVANA,SM,4600,4200,91.30
20,983,INNOVATIVE,ST,93000,87000,93.55
20,984,INOXGREEN,EQ,3785470,2004242,52.95
20,985,INOXINDIA,EQ,250541,108147,43.17
20,986,INOXWIND,EQ,875445,459795,52.52
20,987,INSECTICID,EQ,23565,14821,62.89
20,988,INSPIRE,SM,12000,6000,50.00
20,989,INTELLECT,EQ,3767825,559901,14.86
20,990,INTENTECH,EQ,332595,150640,45.29
20,991,INTLCONV,EQ,695423,367981,52.91
20,992,IOB,EQ,17969405,5158012,28.70
20,993,IOC,EQ,23970656,8080798,33.71
20,994,IOLCP,EQ,137895,66622,48.31
20,995,IONEXCHANG,EQ,487980,346778,71.06
20,996,IPCALAB,EQ,314207,199949,63.64
20,997,IPL,EQ,1473547,418552,28.40
20,998,IRB,EQ,36216844,13684317,37.78
20,999,IRBINVIT,IV,182504,147449,80.79
20,1000,IRCON,EQ,104577928,17327035,16.57
20,1001,IRCTC,EQ,14486659,3886922,26.83
20,1002,IREDA,EQ,111113228,39875999,35.89
20,1003,IREDA,N1,10,10,100.00
20,1004,IREDA,N7,5,5,100.00
20,1005,IRFC,EQ,266085180,65172084,24.49
20,1006,IRFC,N2,1829,1819,99.45
20,1007,IRFC,N4,936,670,71.58
20,1008,IRFC,N8,100,100,100.00
20,1009,IRFC,N9,10,10,100.00
20,1010,IRFC,NA,152,152,100.00
20,1011,IRFC,ND,200,200,100.00
20,1012,IRFC,NI,100,100,100.00
20,1013,IRFC,NJ,180,180,100.00
20,1014,IRFC,NK,286,211,73.78
20,1015,IRFC,NN,1,1,100.00
20,1016,IRFC,NO,1748,1530,87.53
20,1017,IRIS,EQ,113222,68387,60.40
20,1018,IRISDOREME,EQ,152062,48629,31.98
20,1019,IRMENERGY,EQ,148408,79864,53.81
20,1020,ISEC,EQ,547597,489149,89.33
20,1021,ISFT,EQ,1577364,436936,27.70
20,1022,ISGEC,EQ,61943,29671,47.90
20,1023,ISHAN,ST,20800,20800,100.00
20,1024,ISMTLTD,EQ,608150,294253,48.38
20,1025,ITBEES,EQ,3740394,1973577,52.76
20,1026,ITC,EQ,12203322,7637837,62.59
20,1027,ITDC,EQ,1129834,203927,18.05
20,1028,ITDCEM,EQ,936744,437808,46.74
20,1029,ITETF,EQ,18519,12830,69.28
20,1030,ITI,EQ,6125770,1172763,19.14
20,1031,ITIETF,EQ,454614,215233,47.34
20,1032,IVZINGOLD,EQ,19,16,84.21
20,1033,IVZINNIFTY,EQ,23,18,78.26
20,1034,JAGRAN,EQ,296479,134840,45.48
20,1035,JAGSNPHARM,EQ,19345,13103,67.73
20,1036,JAICORPLTD,EQ,480085,223429,46.54
20,1037,JAINAM,SM,16000,16000,100.00
20,1038,JAIPURKURT,EQ,146199,107213,73.33
20,1039,JALAN,ST,21000,21000,100.00
20,1040,JAMNAAUTO,EQ,2356238,1016046,43.12
20,1041,JASH,EQ,60628,38639,63.73
20,1042,JAYAGROGN,EQ,43575,20304,46.60
20,1043,JAYBARMARU,EQ,128978,108386,84.03
20,1044,JAYNECOIND,EQ,377013,245046,65.00
20,1045,JAYSREETEA,EQ,118801,64986,54.70
20,1046,JBCHEPHARM,EQ,75105,32369,43.10
20,1047,JBMA,EQ,99399,46993,47.28
20,1048,JCHAC,EQ,43744,19241,43.99
20,1049,JETFREIGHT,EQ,144085,87157,60.49
20,1050,JFLLIFE,SM,6000,6000,100.00
20,1051,JHS,EQ,776966,592985,76.32
20,1052,JINDALPHOT,EQ,5603,3396,60.61
20,1053,JINDALPOLY,EQ,19919,9252,46.45
20,1054,JINDALSAW,EQ,1744257,1035331,59.36
20,1055,JINDALSTEL,EQ,1551868,470701,30.33
20,1056,JINDRILL,EQ,29109,12947,44.48
20,1057,JINDWORLD,EQ,102967,64131,62.28
20,1058,JIOFIN,EQ,16563079,9935033,59.98
20,1059,JISLDVREQS,EQ,170012,107409,63.18
20,1060,JISLJALEQS,EQ,6174082,2271323,36.79
20,1061,JIWANRAM,SM,84000,66000,78.57
20,1062,J&KBANK,EQ,3793818,1592504,41.98
20,1063,JKCEMENT,EQ,108210,42431,39.21
20,1064,JKIL,EQ,92126,50054,54.33
20,1065,JKLAKSHMI,EQ,154017,100282,65.11
20,1066,JKPAPER,EQ,4368955,1645153,37.66
20,1067,JKTYRE,EQ,3114685,996563,32.00
20,1068,JLHL,EQ,34850,17471,50.13
20,1069,JMA,EQ,64116,43297,67.53
20,1070,JMFINANCIL,EQ,25544892,7273192,28.47
20,1071,JOCIL,EQ,12398,7126,57.48
20,1072,JPASSOCIAT,EQ,14831116,9917454,66.87
20,1073,JPOLYINVST,EQ,7193,4454,61.92
20,1074,JPPOWER,EQ,41278650,20377123,49.36
20,1075,JSL,EQ,7530335,4781280,63.49
20,1076,JSLL,ST,16740,14400,86.02
20,1077,JSWENERGY,EQ,8422478,2891832,34.33
20,1078,JSWHL,EQ,2550,1494,58.59
20,1079,JSWINFRA,EQ,2176755,1055619,48.50
20,1080,JSWSTEEL,EQ,1358166,548186,40.36
20,1081,JTEKTINDIA,EQ,358742,147356,41.08
20,1082,JTLIND,EQ,1203778,512756,42.60
20,1083,JUBLFOOD,EQ,2265385,1260503,55.64
20,1084,JUBLINDS,EQ,11148,7403,66.41
20,1085,JUBLINGREA,EQ,234454,110524,47.14
20,1086,JUBLPHARMA,EQ,502010,276010,54.98
20,1087,JUNIORBEES,EQ,85408,41810,48.95
20,1088,JUSTDIAL,EQ,249681,95884,38.40
20,1089,JWL,EQ,2970304,1337469,45.03
20,1090,JYOTHYLAB,EQ,804092,378725,47.10
20,1091,JYOTICNC,EQ,2620363,669243,25.54
20,1092,KABRAEXTRU,EQ,38953,22250,57.12
20,1093,KAJARIACER,EQ,263766,210805,79.92
20,1094,KAKATCEM,EQ,40413,27432,67.88
20,1095,KALAMANDIR,EQ,530078,318842,60.15
20,1096,KALYANKJIL,EQ,1391457,933303,67.07
20,1097,KAMATHOTEL,EQ,362274,187027,51.63
20,1098,KAMDHENU,EQ,1093169,546063,49.95
20,1099,KAMOPAINTS,EQ,2269633,944752,41.63
20,1100,KANANIIND,EQ,1130134,663313,58.69
20,1101,KANDARP,SM,8000,8000,100.00
20,1102,KANORICHEM,EQ,127413,62923,49.39
20,1103,KANPRPLA,EQ,29718,21139,71.13
20,1104,KANSAINER,EQ,218437,152225,69.69
20,1105,KARNIKA,SM,8000,6400,80.00
20,1106,KARURVYSYA,EQ,2641091,1894466,71.73
20,1107,KAYA,EQ,18802,13555,72.09
20,1108,KAYNES,EQ,45504,22977,50.49
20,1109,KBCGLOBAL,EQ,15839163,10812844,68.27
20,1110,KCEIL,SM,268000,132000,49.25
20,1111,KCK,SM,16000,16000,100.00
20,1112,KCP,EQ,461710,202841,43.93
20,1113,KDDL,EQ,16449,8796,53.47
20,1114,KDL,SM,22000,16000,72.73
20,1115,KEC,EQ,246701,145213,58.86
20,1116,KECL,EQ,292886,155847,53.21
20,1117,KEI,EQ,369313,296094,80.17
20,1118,KEL,SM,10800,8400,77.78
20,1119,KELLTONTEC,EQ,3805489,586359,15.41
20,1120,KESORAMIND,EQ,1400232,735836,52.55
20,1121,KFINTECH,EQ,592021,384049,64.87
20,1122,KHAICHEM,EQ,3988927,1464215,36.71
20,1123,KHAITANLTD,EQ,97760,50094,51.24
20,1124,KHANDSE,EQ,39470,14432,36.56
20,1125,KHFM,SM,65100,37200,57.14
20,1126,KICL,EQ,23673,14522,61.34
20,1127,KILITCH,EQ,14381,10567,73.48
20,1128,KIMS,EQ,130525,62821,48.13
20,1129,KINGFA,EQ,5593,3756,67.16
20,1130,KIOCL,EQ,179594,51034,28.42
20,1131,KIRIINDUS,EQ,267043,148980,55.79
20,1132,KIRLOSBROS,EQ,221969,200639,90.39
20,1133,KIRLOSENG,EQ,98321,44807,45.57
20,1134,KIRLOSIND,EQ,9534,5713,59.92
20,1135,KIRLPNU,EQ,43751,26776,61.20
20,1136,KITEX,EQ,214092,72066,33.66
20,1137,KKCL,EQ,23915,11778,49.25
20,1138,KLL,ST,145600,144000,98.90
20,1139,KMSUGAR,EQ,1006762,659417,65.50
20,1140,KNAGRI,SM,272000,204000,75.00
20,1141,KNRCON,EQ,1675976,1011517,60.35
20,1142,KODYTECH,SM,20000,12000,60.00
20,1143,KOKUYOCMLN,EQ,122474,64369,52.56
20,1144,KOLTEPATIL,EQ,288963,120875,41.83
20,1145,KONTOR,SM,21600,19200,88.89
20,1146,KOPRAN,EQ,127044,55982,44.07
20,1147,KORE,SM,10000,7000,70.00
20,1148,KOTAKALPHA,EQ,294989,189123,64.11
20,1149,KOTAKBANK,EQ,4560329,2709440,59.41
20,1150,KOTAKBKETF,EQ,124294,99182,79.80
20,1151,KOTAKCONS,EQ,144,80,55.56
20,1152,KOTAKGOLD,EQ,326000,301241,92.41
20,1153,KOTAKIT,EQ,85910,36746,42.77
20,1154,KOTAKLIQ,EQ,2225,1265,56.85
20,1155,KOTAKLOVOL,EQ,82865,73605,88.83
20,1156,KOTAKMID50,EQ,16292,8027,49.27
20,1157,KOTAKMNC,EQ,16709,14590,87.32
20,1158,KOTAKNIFTY,EQ,8110,5116,63.08
20,1159,KOTAKNV20,EQ,8881,4306,48.49
20,1160,KOTAKPSUBK,EQ,13681,8865,64.80
20,1161,KOTAKSILVE,EQ,6984,4664,66.78
20,1162,KOTARISUG,EQ,205609,98420,47.87
20,1163,KOTHARIPET,EQ,199493,84551,42.38
20,1164,KOTHARIPRO,EQ,29807,13850,46.47
20,1165,KOTYARK,SM,30000,17200,57.33
20,1166,KPIGREEN,EQ,142500,74146,52.03
20,1167,KPIL,EQ,184466,54335,29.46
20,1168,KPITTECH,EQ,451502,252873,56.01
20,1169,KPRMILL,EQ,620630,549224,88.49
20,1170,KRBL,EQ,163444,75860,46.41
20,1171,KREBSBIO,EQ,12680,9986,78.75
20,1172,KRISHANA,EQ,82154,42763,52.05
20,1173,KRISHCA,SM,23000,19000,82.61
20,1174,KRISHNADEF,SM,17500,8000,45.71
20,1175,KRITI,EQ,67490,43286,64.14
20,1176,KRITINUT,EQ,162105,94553,58.33
20,1177,KRSNAA,EQ,67870,46483,68.49
20,1178,KSB,EQ,35476,21297,60.03
20,1179,KSCL,EQ,171463,69281,40.41
20,1180,KSL,EQ,121237,48051,39.63
20,1181,KSOLVES,EQ,131186,57702,43.98
20,1182,KTKBANK,EQ,1667319,754083,45.23
20,1183,KUANTUM,EQ,685894,320918,46.79
20,1184,LAGNAM,EQ,22890,14420,63.00
20,1185,LAL,EQ,15358,8823,57.45
20,1186,LALPATHLAB,EQ,100586,56625,56.30
20,1187,LAMBODHARA,EQ,21691,11052,50.95
20,1188,LANDMARK,EQ,52453,24887,47.45
20,1189,LAOPALA,EQ,101539,60011,59.10
20,1190,LASA,EQ,114957,67874,59.04
20,1191,LATENTVIEW,EQ,1259970,418265,33.20
20,1192,LATTEYS,EQ,479917,295168,61.50
20,1193,LAURUSLABS,EQ,1425537,770779,54.07
20,1194,LAXMICOT,EQ,116825,78160,66.90
20,1195,LAXMIMACH,EQ,2860,1691,59.13
20,1196,LEMERITE,SM,3200,3200,100.00
20,1197,LEMONTREE,EQ,2412669,1103792,45.75
20,1198,LFIC,EQ,22896,10554,46.10
20,1199,LGBBROSLTD,EQ,35794,14662,40.96
20,1200,LGBFORGE,EQ,249363,149857,60.10
20,1201,LIBAS,EQ,154479,108662,70.34
20,1202,LIBERTSHOE,EQ,3614991,586653,16.23
20,1203,LICHSGFIN,EQ,2037879,818901,40.18
20,1204,LICI,EQ,3328849,1324640,39.79
20,1205,LICMFGOLD,EQ,67,37,55.22
20,1206,LICNETFGSC,EQ,26852,14718,54.81
20,1207,LICNETFN50,EQ,4540,3058,67.36
20,1208,LICNETFSEN,EQ,362,147,40.61
20,1209,LICNFNHGP,EQ,5304,518,9.77
20,1210,LIKHITHA,EQ,129025,73923,57.29
20,1211,LINC,EQ,14147,7305,51.64
20,1212,LINCOLN,EQ,44272,21174,47.83
20,1213,LINDEINDIA,EQ,330151,78740,23.85
20,1214,LIQUID,EQ,44281,30016,67.79
20,1215,LIQUIDBEES,EQ,2523534,1706923,67.64
20,1216,LIQUIDETF,EQ,481669,390907,81.16
20,1217,LIQUIDIETF,EQ,958260,819475,85.52
20,1218,LIQUIDSBI,EQ,5912,3575,60.47
20,1219,LLOYDS,SM,19000,18000,94.74
20,1220,LLOYDSENGG,EQ,1638756,1303109,79.52
20,1221,LLOYDSME,EQ,120187,67438,56.11
20,1222,LODHA,EQ,700082,454199,64.88
20,1223,LOKESHMACH,EQ,51895,31588,60.87
20,1224,LORDSCHLO,EQ,23364,11914,50.99
20,1225,LOTUSEYE,EQ,63182,45178,71.50
20,1226,LOVABLE,EQ,52172,30717,58.88
20,1227,LOWVOL,EQ,391,342,87.47
20,1228,LOWVOLIETF,EQ,131594,126703,96.28
20,1229,LOYALTEX,EQ,158,100,63.29
20,1230,LRRPL,SM,36000,24000,66.67
20,1231,LT,EQ,1913923,1114564,58.23
20,1232,L&TFH,EQ,4699819,2408893,51.26
20,1233,L&TFIN,N1,10,10,100.00
20,1234,L&TFIN,ND,50,50,100.00
20,1235,L&TFIN,NH,195,195,100.00
20,1236,L&TFIN,NJ,335,335,100.00
20,1237,L&TFIN,NL,29,29,100.00
20,1238,LTFOODS,EQ,370834,211888,57.14
20,1239,LTGILTBEES,EQ,1465681,1383299,94.38
20,1240,LTIM,EQ,974885,563244,57.78
20,1241,LTTS,EQ,147985,39515,26.70
20,1242,LUMAXIND,EQ,5621,2599,46.24
20,1243,LUMAXTECH,EQ,100535,52452,52.17
20,1244,LUPIN,EQ,1242716,790584,63.62
20,1245,LUXIND,EQ,104649,61298,58.57
20,1246,LXCHEM,EQ,588473,224060,38.07
20,1247,MAANALU,EQ,101676,68457,67.33
20,1248,MADHAVBAUG,SM,3200,2400,75.00
20,1249,MADHUSUDAN,SM,68000,54000,79.41
20,1250,MADRASFERT,EQ,1924126,461731,24.00
20,1251,MAFANG,EQ,1095113,870418,79.48
20,1252,MAGADSUGAR,EQ,15351,7524,49.01
20,1253,MAGNUM,EQ,448361,326030,72.72
20,1254,MAGSON,SM,6000,6000,100.00
20,1255,MAHABANK,EQ,52245277,18258259,34.95
20,1256,MAHAPEXLTD,EQ,28851,18043,62.54
20,1257,MAHASTEEL,EQ,52115,19852,38.09
20,1258,MAHEPC,EQ,45277,28967,63.98
20,1259,MAHESHWARI,EQ,57330,38129,66.51
20,1260,MAHICKRA,SM,3000,1500,50.00
20,1261,MAHKTECH,EQ,1639657,779796,47.56
20,1262,MAHLIFE,EQ,130279,58766,45.11
20,1263,MAHLOG,EQ,205413,93299,45.42
20,1264,MAHSCOOTER,EQ,4192,2595,61.90
20,1265,MAHSEAMLES,EQ,243346,161710,66.45
20,1266,MAITHANALL,EQ,119151,64683,54.29
20,1267,MAITREYA,SM,35200,25600,72.73
20,1268,MAKEINDIA,EQ,16721,14112,84.40
20,1269,MAKS,ST,4500,3000,66.67
20,1270,MAL,SM,17600,17600,100.00
20,1271,MALLCOM,EQ,7425,5025,67.68
20,1272,MALUPAPER,EQ,281168,153727,54.67
20,1273,MANAKALUCO,EQ,729873,413128,56.60
20,1274,MANAKSIA,EQ,613850,245653,40.02
20,1275,MANAKSTEEL,EQ,2990073,1330430,44.49
20,1276,MANALIPETC,EQ,800944,358684,44.78
20,1277,MANAPPURAM,EQ,8708317,3676207,42.21
20,1278,MANAV,SM,16000,16000,100.00
20,1279,MANGALAM,EQ,31339,18261,58.27
20,1280,MANGCHEFER,EQ,485142,236328,48.71
20,1281,MANGLMCEM,EQ,210378,143557,68.24
20,1282,MANINDS,EQ,551837,280152,50.77
20,1283,MANINFRA,EQ,518964,319898,61.64
20,1284,MANKIND,EQ,308265,266531,86.46
20,1285,MANOMAY,EQ,12851,6997,54.45
20,1286,MANORAMA,EQ,8581,4988,58.13
20,1287,MANORG,EQ,17133,8591,50.14
20,1288,MANYAVAR,EQ,410871,270689,65.88
20,1289,MAPMYINDIA,EQ,300481,82567,27.48
20,1290,MARALOVER,EQ,27815,20519,73.77
20,1291,MARATHON,EQ,34842,21319,61.19
20,1292,MARCO,SM,60000,48000,80.00
20,1293,MARICO,EQ,862529,493318,57.19
20,1294,MARINETRAN,SM,40000,28000,70.00
20,1295,MARKSANS,EQ,800036,436510,54.56
20,1296,MARSHALL,EQ,292826,120973,41.31
20,1297,MARUTI,EQ,377018,243025,64.46
20,1298,MASFIN,EQ,156538,77452,49.48
20,1299,MASPTOP50,EQ,267878,248166,92.64
20,1300,MASTEK,EQ,120818,62352,51.61
20,1301,MASTER,SM,1000,1000,100.00
20,1302,MATRIMONY,EQ,36066,26044,72.21
20,1303,MAWANASUG,EQ,73974,36890,49.87
20,1304,MAXESTATES,EQ,92155,45970,49.88
20,1305,MAXHEALTH,EQ,4643725,3911349,84.23
20,1306,MAXIND,EQ,72836,39867,54.74
20,1307,MAYURUNIQ,EQ,93925,70543,75.11
20,1308,MAZDA,EQ,12547,6053,48.24
20,1309,MAZDOCK,EQ,885215,327812,37.03
20,1310,MBAPL,EQ,17039,10485,61.54
20,1311,MCDOWELL-N,EQ,843847,552072,65.42
20,1312,MCON,SM,16000,12000,75.00
20,1313,MCX,EQ,269418,62858,23.33
20,1314,MDL,SM,78000,74000,94.87
20,1315,MEDANTA,EQ,490308,253943,51.79
20,1316,MEDICAMEQ,EQ,7934,5544,69.88
20,1317,MEDICO,EQ,248588,99369,39.97
20,1318,MEDPLUS,EQ,33456,19922,59.55
20,1319,MEGASTAR,EQ,23306,16829,72.21
20,1320,MENONBE,EQ,63873,34179,53.51
20,1321,METROBRAND,EQ,397234,131061,32.99
20,1322,METROPOLIS,EQ,305068,185268,60.73
20,1323,MFSL,EQ,757902,605721,79.92
20,1324,MGEL,EQ,205807,130444,63.38
20,1325,MGL,EQ,789847,265437,33.61
20,1326,MHHL,SM,12000,7500,62.50
20,1327,MHRIL,EQ,232437,84775,36.47
20,1328,MICROPRO,SM,24000,19200,80.00
20,1329,MID150BEES,EQ,207545,123114,59.32
20,1330,MIDCAPETF,EQ,447612,277312,61.95
20,1331,MIDCAPIETF,EQ,76716,24722,32.23
20,1332,MIDHANI,EQ,2988919,1028067,34.40
20,1333,MIDSELIETF,EQ,5725,2791,48.75
20,1334,MILTON,SM,30800,26400,85.71
20,1335,MINDACORP,EQ,330806,147198,44.50
20,1336,MINDPOOL,ST,2000,2000,100.00
20,1337,MINDSPACE,RR,100271,89650,89.41
20,1338,MINDTECK,EQ,89544,34060,38.04
20,1339,MIRZAINT,EQ,10171357,1627183,16.00
20,1340,MITCON,EQ,943511,281276,29.81
20,1341,MITTAL,EQ,9326835,3870045,41.49
20,1342,M&M,EQ,2836976,1686296,59.44
20,1343,M&MFIN,EQ,2807099,1240060,44.18
20,1344,M&MFIN,N1,20,20,100.00
20,1345,M&MFIN,N2,200,200,100.00
20,1346,MMFL,EQ,14678,8112,55.27
20,1347,MMP,EQ,49080,26323,53.63
20,1348,MMTC,EQ,4976008,1845857,37.10
20,1349,MODISONLTD,EQ,61071,33969,55.62
20,1350,MOGSEC,EQ,63195,55058,87.12
20,1351,MOHEALTH,EQ,7587,3852,50.77
20,1352,MOHITIND,EQ,73054,46004,62.97
20,1353,MOIL,EQ,5222594,1313746,25.16
20,1354,MOL,EQ,1384652,541514,39.11
20,1355,MOLDTECH,EQ,76212,37404,49.08
20,1356,MOLDTKPAC,EQ,32422,16857,51.99
20,1357,MOLOWVOL,EQ,22844,16788,73.49
20,1358,MOM100,EQ,181575,108870,59.96
20,1359,MOM30IETF,EQ,285916,135001,47.22
20,1360,MOM50,EQ,635,567,89.29
20,1361,MOMENTUM,EQ,57077,50849,89.09
20,1362,MOMOMENTUM,EQ,22384,16358,73.08
20,1363,MON100,EQ,783334,607061,77.50
20,1364,MONARCH,EQ,364227,111972,30.74
20,1365,MONIFTY500,EQ,218722,204232,93.38
20,1366,MONOPHARMA,SM,84000,48000,57.14
20,1367,MONQ50,EQ,24636,12492,50.71
20,1368,MONTECARLO,EQ,17263,12401,71.84
20,1369,MOQUALITY,EQ,281,254,90.39
20,1370,MORARJEE,EQ,1800874,658774,36.58
20,1371,MOREPENLAB,EQ,3539715,1547968,43.73
20,1372,MOS,SM,2555200,747200,29.24
20,1373,MOTHERSON,EQ,11999992,6217939,51.82
20,1374,MOTILALOFS,EQ,642749,250344,38.95
20,1375,MOTISONS,EQ,4344877,2244324,51.65
20,1376,MOVALUE,EQ,27915,17505,62.71
20,1377,MPHASIS,EQ,435734,245331,56.30
20,1378,MPSLTD,EQ,15870,8043,50.68
20,1379,MRF,EQ,10260,3300,32.16
20,1380,MRO-TEK,EQ,37971,25082,66.06
20,1381,MRPL,EQ,7352246,2212505,30.09
20,1382,MSTCLTD,EQ,1188745,312994,26.33
20,1383,MSUMI,EQ,5790031,3377968,58.34
20,1384,MTARTECH,EQ,203272,124794,61.39
20,1385,MTNL,EQ,9545170,2572975,26.96
20,1386,MUFIN,EQ,393262,269423,68.51
20,1387,MUFTI,EQ,321118,161154,50.19
20,1388,MUKANDLTD,EQ,654046,352095,53.83
20,1389,MUNJALAU,EQ,475952,275217,57.82
20,1390,MUNJALSHOW,EQ,2497071,860586,34.46
20,1391,MUTHOOTCAP,EQ,43823,20050,45.75
20,1392,MUTHOOTFIN,EQ,371635,154518,41.58
20,1393,MUTHOOTMF,EQ,263127,132071,50.19
20,1394,MVGJL,EQ,113453,59042,52.04
20,1395,MWL,SM,279600,240000,85.84
20,1396,NABARD,N1,104,0,0.00
20,1397,NABARD,N2,164,164,100.00
20,1398,NACLIND,EQ,145872,91001,62.38
20,1399,NAGAFERT,EQ,3818643,2324251,60.87
20,1400,NAHARCAP,EQ,23307,10023,43.00
20,1401,NAHARINDUS,EQ,191882,66331,34.57
20,1402,NAHARPOLY,EQ,127131,71527,56.26
20,1403,NAHARSPING,EQ,755556,166755,22.07
20,1404,NAM-INDIA,EQ,868855,451836,52.00
20,1405,NARMADA,EQ,76171,59621,78.27
20,1406,NATCOPHARM,EQ,249530,162845,65.26
20,1407,NATHBIOGEN,EQ,1288123,341368,26.50
20,1408,NATIONALUM,EQ,22244546,9792102,44.02
20,1409,NAUKRI,EQ,266283,166781,62.63
20,1410,NAVA,EQ,221182,86290,39.01
20,1411,NAVIFIN,N0,111,111,100.00
20,1412,NAVINFLUOR,EQ,144779,79270,54.75
20,1413,NAVINIFTY,EQ,320,269,84.06
20,1414,NAVKARCORP,EQ,2752039,1395851,50.72
20,1415,NAVNETEDUL,EQ,142123,71577,50.36
20,1416,NAZARA,EQ,461018,107595,23.34
20,1417,NBCC,EQ,108553148,25447121,23.44
20,1418,NBIFIN,EQ,319,303,94.98
20,1419,NCC,EQ,8341884,3632133,43.54
20,1420,NCLIND,EQ,229401,128531,56.03
20,1421,NDLVENTURE,EQ,18632,14186,76.14
20,1422,NDTV,EQ,457998,105629,23.06
20,1423,NECLIFE,EQ,880039,362359,41.18
20,1424,NELCAST,EQ,97214,46610,47.95
20,1425,NELCO,EQ,127074,50342,39.62
20,1426,NEOGEN,EQ,30282,16044,52.98
20,1427,NESCO,EQ,46019,25745,55.94
20,1428,NESTLEIND,EQ,941391,713648,75.81
20,1429,NETF,EQ,913,687,75.25
20,1430,NETWEB,EQ,38744,21432,55.32
20,1431,NETWORK18,EQ,7831021,3123821,39.89
20,1432,NEULANDLAB,EQ,43020,23895,55.54
20,1433,NEWJAISA,SM,204000,189000,92.65
20,1434,NEXT50,EQ,1235,970,78.54
20,1435,NEXT50IETF,EQ,51527,35509,68.91
20,1436,NFL,EQ,15810353,3874922,24.51
20,1437,NGIL,EQ,58661,30799,52.50
20,1438,NGLFINE,EQ,3054,1418,46.43
20,1439,NH,EQ,168776,101294,60.02
20,1440,NHAI,N2,1552,1552,100.00
20,1441,NHAI,N4,199,188,94.47
20,1442,NHAI,N5,35,30,85.71
20,1443,NHAI,N6,649,481,74.11
20,1444,NHAI,NA,272,150,55.15
20,1445,NHAI,NE,23,22,95.65
20,1446,NHBTF2023,N6,20,20,100.00
20,1447,NHIT,N1,55,54,98.18
20,1448,NHIT,N2,10,10,100.00
20,1449,NHIT,N3,160,160,100.00
20,1450,NHPC,EQ,223892254,100051471,44.69
20,1451,NHPC,N5,1,1,100.00
20,1452,NIACL,EQ,7328949,2910177,39.71
20,1453,NIDAN,SM,85000,65000,76.47
20,1454,NIDO,N5,1,1,100.00
20,1455,NIDO,N6,258,258,100.00
20,1456,NIF100BEES,EQ,5337,3641,68.22
20,1457,NIF100IETF,EQ,6019,3964,65.86
20,1458,NIFMID150,EQ,2611,2419,92.65
20,1459,NIFTYBEES,EQ,2714133,1623831,59.83
20,1460,NIFTYETF,EQ,273353,192312,70.35
20,1461,NIFTYIETF,EQ,83937,52646,62.72
20,1462,NIFTYQLITY,EQ,163782,95359,58.22
20,1463,NIITLTD,EQ,1439561,582284,40.45
20,1464,NIITMTS,EQ,192321,113826,59.19
20,1465,NILAINFRA,EQ,2468959,1172888,47.51
20,1466,NILKAMAL,EQ,1837,1012,55.09
20,1467,NINSYS,EQ,5091,3822,75.07
20,1468,NIPPOBATRY,EQ,4951,3655,73.82
20,1469,NIRAJ,EQ,67806,47649,70.27
20,1470,NIRMAN,SM,3000,3000,100.00
20,1471,NITINSPIN,EQ,209753,115501,55.07
20,1472,NLCINDIA,EQ,2161207,776102,35.91
20,1473,NMDC,EQ,12839714,4068938,31.69
20,1474,NOCIL,EQ,697218,274521,39.37
20,1475,NPBET,EQ,3311,2253,68.05
20,1476,NPST,ST,3300,3100,93.94
20,1477,NRAIL,EQ,32013,24318,75.96
20,1478,NRBBEARING,EQ,143979,96056,66.72
20,1479,NRL,EQ,131383,70022,53.30
20,1480,NSIL,EQ,5383,2282,42.39
20,1481,NSLNISP,EQ,5477157,2589016,47.27
20,1482,NTPC,EQ,28651237,13065403,45.60
20,1483,NTPC,N6,594,590,99.33
20,1484,NTPC,N7,25937,25431,98.05
20,1485,NURECA,EQ,33592,13343,39.72
20,1486,NUVAMA,EQ,55079,30551,55.47
20,1487,NUVOCO,EQ,297705,154284,51.82
20,1488,NV20BEES,EQ,12285,10220,83.19
20,1489,NV20IETF,EQ,59207,42858,72.39
20,1490,NXST,RR,132954,121186,91.15
20,1491,NYKAA,EQ,12514255,6268951,50.09
20,1492,OAL,EQ,15546,5898,37.94
20,1493,OBCL,EQ,81902,45863,56.00
20,1494,OBEROIRLTY,EQ,886049,465903,52.58
20,1495,OCCL,EQ,30851,18434,59.75
20,1496,OFSS,EQ,5015168,337008,6.72
20,1497,OIL,EQ,9490296,2844867,29.98
20,1498,OLECTRA,EQ,507130,184441,36.37
20,1499,OLIL,SM,1200,1200,100.00
20,1500,OMAXAUTO,EQ,85864,49992,58.22
20,1501,OMAXE,EQ,380270,299418,78.74
20,1502,OMFURN,SM,62400,50400,80.77
20,1503,ONDOOR,SM,117000,64800,55.38
20,1504,ONEPOINT,EQ,2269501,1452627,64.01
20,1505,ONGC,EQ,26391844,11721592,44.41
20,1506,ONMOBILE,EQ,879814,344349,39.14
20,1507,ONWARDTEC,EQ,701441,160589,22.89
20,1508,OPTIEMUS,EQ,257798,112125,43.49
20,1509,ORBTEXP,EQ,9248,5704,61.68
20,1510,ORCHPHARMA,EQ,107770,61033,56.63
20,1511,ORIANA,SM,61800,28800,46.60
20,1512,ORICONENT,EQ,357472,205400,57.46
20,1513,ORIENTALTL,EQ,134329,89467,66.60
20,1514,ORIENTBELL,EQ,33717,25764,76.41
20,1515,ORIENTCEM,EQ,317835,165714,52.14
20,1516,ORIENTCER,EQ,81388,47764,58.69
20,1517,ORIENTELEC,EQ,515546,269550,52.28
20,1518,ORIENTHOT,EQ,310746,160353,51.60
20,1519,ORIENTLTD,EQ,192029,122262,63.67
20,1520,ORIENTPPR,EQ,24952805,10277753,41.19
20,1521,ORISSAMINE,EQ,15649,4818,30.79
20,1522,ORTINLAB,EQ,26250,15409,58.70
20,1523,OSIAHYPER,EQ,12413522,2039913,16.43
20,1524,OSWALAGRO,EQ,534491,327191,61.22
20,1525,OSWALGREEN,EQ,765606,351182,45.87
20,1526,OSWALSEEDS,EQ,86150,54290,63.02
20,1527,PAGEIND,EQ,15793,9827,62.22
20,1528,PAISALO,EQ,1476466,1072584,72.65
20,1529,PAKKA,EQ,2192409,676615,30.86
20,1530,PALREDTEC,EQ,122715,62667,51.07
20,1531,PANACEABIO,EQ,208286,112645,54.08
20,1532,PANACHE,EQ,35534,26336,74.11
20,1533,PANAMAPET,EQ,628338,293608,46.73
20,1534,PANSARI,EQ,12563,5000,39.80
20,1535,PAR,EQ,12970,7695,59.33
20,1536,PARACABLES,EQ,259266,259265,100.00
20,1537,PARADEEP,EQ,4761938,1910572,40.12
20,1538,PARAGMILK,EQ,803179,336736,41.93
20,1539,PARAGON,SM,56400,42000,74.47
20,1540,PARAS,EQ,154800,69439,44.86
20,1541,PARIN,SM,24000,20000,83.33
20,1542,PARTYCRUS,SM,10000,10000,100.00
20,1543,PASUPTAC,EQ,370828,224597,60.57
20,1544,PATANJALI,EQ,233699,137436,58.81
20,1545,PATELENG,EQ,4765914,2310130,48.47
20,1546,PATINTLOG,EQ,469420,243705,51.92
20,1547,PAVNAIND,EQ,8450,3971,46.99
20,1548,PAYTM,EQ,7874584,4577407,58.13
20,1549,PCBL,EQ,7253080,2691794,37.11
20,1550,PCHFL,N6,75,75,100.00
20,1551,PCHFL,NA,1146,636,55.50
20,1552,PCJEWELLER,EQ,4772709,2462176,51.59
20,1553,PDMJEPAPER,EQ,4150886,1433198,34.53
20,1554,PDSL,EQ,140408,78607,55.98
20,1555,PEARLPOLY,EQ,147109,83402,56.69
20,1556,PEL,EQ,796114,310388,38.99
20,1557,PEL,N3,25,25,100.00
20,1558,PENIND,EQ,935519,391314,41.83
20,1559,PENINLAND,EQ,999419,584475,58.48
20,1560,PENTAGON,SM,16000,11000,68.75
20,1561,PERFECT,SM,360000,264000,73.33
20,1562,PERSISTENT,EQ,360110,138159,38.37
20,1563,PETRONET,EQ,6580647,3027703,46.01
20,1564,PFC,EQ,16111152,6618662,41.08
20,1565,PFC,N2,4,2,50.00
20,1566,PFC,N5,93,92,98.92
20,1567,PFC,N8,133,79,59.40
20,1568,PFIZER,EQ,55932,53092,94.92
20,1569,PFOCUS,EQ,242047,109059,45.06
20,1570,PFS,EQ,8035323,4114408,51.20
20,1571,PGEL,EQ,25990,14084,54.19
20,1572,PGHH,EQ,1948,975,50.05
20,1573,PGHL,EQ,7592,5221,68.77
20,1574,PGINVIT,IV,874209,777973,88.99
20,1575,PHANTOMFX,SM,88500,60000,67.80
20,1576,PHARMABEES,EQ,2580270,1365483,52.92
20,1577,PHOENIXLTD,EQ,530411,273092,51.49
20,1578,PIDILITIND,EQ,627943,485686,77.35
20,1579,PIGL,EQ,113349,84147,74.24
20,1580,PIIND,EQ,212327,149790,70.55
20,1581,PILANIINVS,EQ,4738,2595,54.77
20,1582,PILITA,EQ,699175,427564,61.15
20,1583,PITTIENG,EQ,78539,46223,58.85
20,1584,PIXTRANS,EQ,15563,8549,54.93
20,1585,PLADAINFO,SM,18000,15000,83.33
20,1586,PLASTIBLEN,EQ,48711,27163,55.76
20,1587,PNB,EQ,104194911,32655656,31.34
20,1588,PNBGILTS,EQ,1670034,472269,28.28
20,1589,PNBHOUSING,EQ,852386,196734,23.08
20,1590,PNC,EQ,65293,42788,65.53
20,1591,PNCINFRA,EQ,541650,243023,44.87
20,1592,POCL,EQ,106582,61348,57.56
20,1593,PODDARMENT,EQ,5291,3439,65.00
20,1594,POKARNA,EQ,42120,18069,42.90
20,1595,POLICYBZR,EQ,950221,539982,56.83
20,1596,POLYCAB,EQ,2042284,754608,36.95
20,1597,POLYMED,EQ,11594,5597,48.27
20,1598,POLYPLEX,EQ,123364,66465,53.88
20,1599,PONNIERODE,EQ,200531,51497,25.68
20,1600,POONAWALLA,EQ,8111094,2744271,33.83
20,1601,POWERGRID,EQ,20931080,14108600,67.41
20,1602,POWERINDIA,EQ,37459,17819,47.57
20,1603,POWERMECH,EQ,32329,17537,54.25
20,1604,PPAP,EQ,23184,13631,58.79
20,1605,PPL,EQ,175130,55999,31.98
20,1606,PPLPHARMA,EQ,7472800,3150961,42.17
20,1607,PRAJIND,EQ,341823,168958,49.43
20,1608,PRAMARA,SM,18000,16000,88.89
20,1609,PRECAM,EQ,161298,99390,61.62
20,1610,PRECISION,SM,20000,14000,70.00
20,1611,PRECOT,EQ,5151,3027,58.77
20,1612,PRECWIRE,EQ,1118050,471215,42.15
20,1613,PREMEXPLN,EQ,14090,7440,52.80
20,1614,PRESSTONIC,SM,161600,84800,52.48
20,1615,PRESTIGE,EQ,853862,344057,40.29
20,1616,PRICOLLTD,EQ,604547,373986,61.86
20,1617,PRIMESECU,EQ,274152,83701,30.53
20,1618,PRINCEPIPE,EQ,135075,68312,50.57
20,1619,PRITIKA,SM,56000,44000,78.57
20,1620,PRITIKAUTO,EQ,1394202,1075613,77.15
20,1621,PRIVISCL,EQ,20487,9446,46.11
20,1622,PROLIFE,SM,11000,9500,86.36
20,1623,PROPEQUITY,SM,10200,7800,76.47
20,1624,PROV,SM,1280,1280,100.00
20,1625,PROZONER,EQ,1916622,836217,43.63
20,1626,PRSMJOHNSN,EQ,223235,78999,35.39
20,1627,PRUDENT,EQ,16672,9091,54.53
20,1628,PSB,EQ,3685313,1436457,38.98
20,1629,PSPPROJECT,EQ,105460,55734,52.85
20,1630,PSUBNKBEES,EQ,3285611,2831561,86.18
20,1631,PSUBNKIETF,EQ,653769,141098,21.58
20,1632,PTC,EQ,5022712,2323262,46.26
20,1633,PTCIL,EQ,8456,4259,50.37
20,1634,PTL,EQ,495945,278479,56.15
20,1635,PULZ,SM,134000,100000,74.63
20,1636,PUNJABCHEM,EQ,8327,4782,57.43
20,1637,PURVA,EQ,455297,185403,40.72
20,1638,PVRINOX,EQ,866089,430582,49.72
20,1639,PVTBANIETF,EQ,88312,82611,93.54
20,1640,PYRAMID,EQ,159927,74678,46.70
20,1641,QFIL,SM,39000,36000,92.31
20,1642,QGOLDHALF,EQ,17035,9576,56.21
20,1643,QMSMEDI,SM,19000,14000,73.68
20,1644,QNIFTY,EQ,421,305,72.45
20,1645,QUADPRO,SM,492000,348000,70.73
20,1646,QUAL30IETF,EQ,134,110,82.09
20,1647,QUESS,EQ,374898,179335,47.84
20,1648,QUICKHEAL,EQ,628958,147520,23.45
20,1649,QUICKTOUCH,SM,10000,8500,85.00
20,1650,RACE,EQ,10590,7725,72.95
20,1651,RADHIKAJWE,EQ,1027824,511181,49.73
20,1652,RADIANTCMS,EQ,215655,105465,48.90
20,1653,RADICO,EQ,77799,42868,55.10
20,1654,RADIOCITY,EQ,1579110,691848,43.81
20,1655,RADIOCITY,P1,1909,1909,100.00
20,1656,RAILTEL,EQ,26165417,5968528,22.81
20,1657,RAIN,EQ,2140627,979102,45.74
20,1658,RAINBOW,EQ,109305,59493,54.43
20,1659,RAJESHEXPO,EQ,456139,202505,44.40
20,1660,RAJRATAN,EQ,41135,23107,56.17
20,1661,RAJSREESUG,EQ,97436,72537,74.45
20,1662,RAJTV,EQ,43069,23324,54.15
20,1663,RALLIS,EQ,477024,210086,44.04
20,1664,RAMANEWS,EQ,464185,167080,35.99
20,1665,RAMAPHO,EQ,9905,4766,48.12
20,1666,RAMASTEEL,EQ,12278976,5363330,43.68
20,1667,RAMCOCEM,EQ,135034,39230,29.05
20,1668,RAMCOIND,EQ,167665,79806,47.60
20,1669,RAMCOSYS,EQ,215288,82600,38.37
20,1670,RAMKY,EQ,236743,147551,62.33
20,1671,RAMRAT,EQ,76197,48490,63.64
20,1672,RANASUG,EQ,767537,382409,49.82
20,1673,RANEENGINE,EQ,178972,70373,39.32
20,1674,RANEHOLDIN,EQ,19754,12246,61.99
20,1675,RATEGAIN,EQ,540202,183096,33.89
20,1676,RATNAMANI,EQ,14668,6778,46.21
20,1677,RATNAVEER,EQ,345317,194862,56.43
20,1678,RAYMOND,EQ,147123,54006,36.71
20,1679,RBA,EQ,1308074,640372,48.96
20,1680,RBL,EQ,22339,6440,28.83
20,1681,RBLBANK,EQ,15562342,4103152,26.37
20,1682,RBMINFRA,SM,29000,22000,75.86
20,1683,RBZJEWEL,EQ,952993,472065,49.53
20,1684,RCDL,SM,120000,111000,92.50
20,1685,RCF,EQ,20796114,5920263,28.47
20,1686,RECLTD,EQ,22121350,8778880,39.69
20,1687,RECLTD,N2,250,250,100.00
20,1688,RECLTD,N9,1500,1500,100.00
20,1689,RECLTD,NA,35,35,100.00
20,1690,RECLTD,NE,65,65,100.00
20,1691,RECLTD,NF,200,200,100.00
20,1692,REDINGTON,EQ,628018,357243,56.88
20,1693,REDTAPE,EQ,226220,102580,45.35
20,1694,REFEX,EQ,59916,38193,63.74
20,1695,RELAXO,EQ,95616,49395,51.66
20,1696,RELIABLE,SM,4800,4800,100.00
20,1697,RELIANCE,EQ,5211352,2977206,57.13
20,1698,RELIGARE,EQ,1389928,936248,67.36
20,1699,RELINFRA,EQ,1728119,952568,55.12
20,1700,REMUS,SM,3250,2525,77.69
20,1701,RENUKA,EQ,4087458,2223579,54.40
20,1702,REPCOHOME,EQ,181893,100658,55.34
20,1703,REPL,EQ,32466,21514,66.27
20,1704,REPRO,EQ,8203,4935,60.16
20,1705,RESPONIND,EQ,107488,62185,57.85
20,1706,REXPIPES,SM,2000,2000,100.00
20,1707,RGL,EQ,396525,196253,49.49
20,1708,RHIM,EQ,58310,30277,51.92
20,1709,RHL,EQ,9547,5812,60.88
20,1710,RICHA,SM,1000,1000,100.00
20,1711,RICOAUTO,EQ,441624,221830,50.23
20,1712,RIIL,EQ,420627,110581,26.29
20,1713,RILINFRA,SM,15400,12800,83.12
20,1714,RISHABH,EQ,139435,72034,51.66
20,1715,RITCO,EQ,56367,23791,42.21
20,1716,RITES,EQ,7992502,1986453,24.85
20,1717,RITEZONE,SM,22400,20800,92.86
20,1718,RKEC,EQ,417602,207810,49.76
20,1719,RKFORGE,EQ,830188,347732,41.89
20,1720,RMDRIP,SM,6000,6000,100.00
20,1721,RML,EQ,11428,5004,43.79
20,1722,ROCKINGDCE,SM,10000,6000,60.00
20,1723,ROHLTD,EQ,110477,57448,52.00
20,1724,ROLEXRINGS,EQ,11917,6721,56.40
20,1725,ROML,EQ,7336,5360,73.06
20,1726,ROSSARI,EQ,48503,19203,39.59
20,1727,ROSSELLIND,EQ,33909,16446,48.50
20,1728,ROTO,EQ,129042,57186,44.32
20,1729,ROUTE,EQ,87142,36303,41.66
20,1730,ROXHITECH,SM,126400,92800,73.42
20,1731,RPGLIFE,EQ,39220,17044,43.46
20,1732,RPOWER,EQ,43979809,15387558,34.99
20,1733,RPPL,EQ,30885,14575,47.19
20,1734,RPSGVENT,EQ,112689,60720,53.88
20,1735,RRKABEL,EQ,159757,83565,52.31
20,1736,RSSOFTWARE,EQ,40515,26402,65.17
20,1737,RSWM,EQ,135801,70842,52.17
20,1738,RSYSTEMS,EQ,72809,38524,52.91
20,1739,RTNINDIA,EQ,3423032,1216524,35.54
20,1740,RTNPOWER,EQ,43293923,18757228,43.33
20,1741,RUBYMILLS,EQ,77145,34501,44.72
20,1742,RUCHIRA,EQ,997116,311773,31.27
20,1743,RUPA,EQ,119921,59565,49.67
20,1744,RUSHIL,EQ,142756,70325,49.26
20,1745,RUSTOMJEE,EQ,34523,19528,56.57
20,1746,RVHL,EQ,580685,349994,60.27
20,1747,RVNL,EQ,178930889,23594763,13.19
20,1748,SAAKSHI,SM,68400,58800,85.96
20,1749,SABAR,SM,10000,5000,50.00
20,1750,SADHNANIQ,EQ,298378,151109,50.64
20,1751,SAFARI,EQ,68085,48584,71.36
20,1752,SAGCEM,EQ,395958,204771,51.72
20,1753,SAH,EQ,35537,4623,13.01
20,1754,SAHANA,SM,108000,63000,58.33
20,1755,SAHYADRI,EQ,8558,5460,63.80
20,1756,SAIFL,SM,70400,44800,63.64
20,1757,SAIL,EQ,14431734,5594656,38.77
20,1758,SAKAR,EQ,134252,71511,53.27
20,1759,SAKHTISUG,EQ,372590,150665,40.44
20,1760,SAKUMA,EQ,3739856,1634500,43.70
20,1761,SALASAR,EQ,7423427,3749686,50.51
20,1762,SALONA,EQ,24777,14996,60.52
20,1763,SALZERELEC,EQ,65969,32178,48.78
20,1764,SAMHI,EQ,695636,334055,48.02
20,1765,SANDESH,EQ,4212,2274,53.99
20,1766,SANDHAR,EQ,39886,19651,49.27
20,1767,SANDUMA,EQ,45588,27565,60.47
20,1768,SANGAMIND,EQ,71052,30181,42.48
20,1769,SANGANI,SM,24000,24000,100.00
20,1770,SANGHIIND,EQ,6335493,4647532,73.36
20,1771,SANGHVIMOV,EQ,76665,33122,43.20
20,1772,SANOFI,EQ,3972,2999,75.50
20,1773,SANSERA,EQ,146391,74409,50.83
20,1774,SAPPHIRE,EQ,12001,6927,57.72
20,1775,SARDAEN,EQ,701605,279914,39.90
20,1776,SAREGAMA,EQ,366870,198022,53.98
20,1777,SARLAPOLY,EQ,165310,93183,56.37
20,1778,SAROJA,SM,6400,6400,100.00
20,1779,SARTELE,SM,66000,60000,90.91
20,1780,SARVESHWAR,EQ,31116766,18248059,58.64
20,1781,SASKEN,EQ,72721,25162,34.60
20,1782,SASTASUNDR,EQ,11646,4701,40.37
20,1783,SATIA,EQ,941441,343655,36.50
20,1784,SATIN,EQ,485881,277949,57.21
20,1785,SATINDLTD,EQ,1164146,402016,34.53
20,1786,SBC,EQ,10128021,3285348,32.44
20,1787,SBCL,EQ,76318,39901,52.28
20,1788,SBFC,EQ,985814,527415,53.50
20,1789,SBGLP,EQ,63455,7904,12.46
20,1790,SBICARD,EQ,1284550,842948,65.62
20,1791,SBIETFCON,EQ,3413,2699,79.08
20,1792,SBIETFIT,EQ,7992,5368,67.17
20,1793,SBIETFPB,EQ,5224,4427,84.74
20,1794,SBIETFQLTY,EQ,1175,847,72.09
20,1795,SBILIFE,EQ,570639,335098,58.72
20,1796,SBIN,EQ,11675202,5357034,45.88
20,1797,SCHAEFFLER,EQ,35397,23567,66.58
20,1798,SCHAND,EQ,68167,34353,50.40
20,1799,SCHNEIDER,EQ,345118,173507,50.27
20,1800,SCI,EQ,2435723,975325,40.04
20,1801,SCML,SM,44000,30000,68.18
20,1802,SCPL,EQ,17595,10683,60.72
20,1803,SDBL,EQ,776911,433316,55.77
20,1804,SDL24BEES,EQ,5492,4414,80.37
20,1805,SDL26BEES,EQ,210,121,57.62
20,1806,SEAMECLTD,EQ,29553,17089,57.82
20,1807,SECL,SM,156250,125000,80.00
20,1808,SECURCRED,EQ,444801,284682,64.00
20,1809,SECURKLOUD,EQ,276227,163217,59.09
20,1810,SEL,ST,1600,1600,100.00
20,1811,SELAN,EQ,72508,29143,40.19
20,1812,SEMAC,EQ,758,511,67.41
20,1813,SENCO,EQ,196555,103762,52.79
20,1814,SENSEXETF,EQ,39261,32238,82.11
20,1815,SENSEXIETF,EQ,7073,5980,84.55
20,1816,SEPC,EQ,9928621,5813356,58.55
20,1817,SEQUENT,EQ,2590489,651238,25.14
20,1818,SERVICE,SM,4000,4000,100.00
20,1819,SESHAPAPER,EQ,127145,53777,42.30
20,1820,SETF10GILT,EQ,9131,6996,76.62
20,1821,SETFGOLD,EQ,425207,356751,83.90
20,1822,SETFNIF50,EQ,166608,109350,65.63
20,1823,SETFNIFBK,EQ,108400,66955,61.77
20,1824,SETFNN50,EQ,15092,13023,86.29
20,1825,SFL,EQ,58436,28424,48.64
20,1826,SGBAPR28I,GB,86,69,80.23
20,1827,SGBAUG24,GB,307,193,62.87
20,1828,SGBAUG27,GB,44,39,88.64
20,1829,SGBAUG28V,GB,335,223,66.57
20,1830,SGBAUG29V,GB,77,53,68.83
20,1831,SGBAUG30,GB,83,48,57.83
20,1832,SGBD29VIII,GB,163,150,92.02
20,1833,SGBDC27VII,GB,48,48,100.00
20,1834,SGBDE30III,GB,220,140,63.64
20,1835,SGBDEC2513,GB,10,10,100.00
20,1836,SGBDEC26,GB,26,26,100.00
20,1837,SGBFEB24,GB,223,165,73.99
20,1838,SGBFEB27,GB,3,3,100.00
20,1839,SGBFEB29XI,GB,322,194,60.25
20,1840,SGBJAN26,GB,2,2,100.00
20,1841,SGBJAN27,GB,92,92,100.00
20,1842,SGBJAN29IX,GB,178,105,58.99
20,1843,SGBJAN29X,GB,101,68,67.33
20,1844,SGBJAN30IX,GB,452,445,98.45
20,1845,SGBJU29III,GB,78,59,75.64
20,1846,SGBJUL25,GB,135,112,82.96
20,1847,SGBJUL27,GB,18,13,72.22
20,1848,SGBJUL28IV,GB,410,289,70.49
20,1849,SGBJUL29IV,GB,176,151,85.80
20,1850,SGBJUN28,GB,111,105,94.59
20,1851,SGBJUN29II,GB,41,30,73.17
20,1852,SGBJUN30,GB,61,39,63.93
20,1853,SGBJUN31I,GB,1467,1181,80.50
20,1854,SGBMAR24,GB,115,95,82.61
20,1855,SGBMAR25,GB,124,103,83.06
20,1856,SGBMAR28X,GB,10,10,100.00
20,1857,SGBMAR30X,GB,56,41,73.21
20,1858,SGBMAR31IV,GB,64,58,90.63
20,1859,SGBMAY25,GB,56,56,100.00
20,1860,SGBMAY26,GB,72,70,97.22
20,1861,SGBMAY28,GB,458,310,67.69
20,1862,SGBMAY29I,GB,154,128,83.12
20,1863,SGBMR29XII,GB,203,162,79.80
20,1864,SGBN28VIII,GB,47,45,95.74
20,1865,SGBNOV24,GB,260,150,57.69
20,1866,SGBNOV25,GB,48,48,100.00
20,1867,SGBNOV25VI,GB,68,64,94.12
20,1868,SGBNOV26,GB,4,4,100.00
20,1869,SGBNV29VII,GB,59,36,61.02
20,1870,SGBOC28VII,GB,105,63,60.00
20,1871,SGBOCT25IV,GB,42,42,100.00
20,1872,SGBOCT25V,GB,50,50,100.00
20,1873,SGBOCT26,GB,90,88,97.78
20,1874,SGBOCT27,GB,36,36,100.00
20,1875,SGBOCT27VI,GB,10,10,100.00
20,1876,SGBSEP24,GB,151,143,94.70
20,1877,SGBSEP27,GB,28,28,100.00
20,1878,SGBSEP28VI,GB,278,137,49.28
20,1879,SGBSEP29VI,GB,295,271,91.86
20,1880,SGBSEP31II,GB,860,689,80.12
20,1881,SGIL,EQ,22346,14586,65.27
20,1882,SGL,EQ,47253,27867,58.97
20,1883,SHAHALLOYS,EQ,64080,40903,63.83
20,1884,SHAILY,EQ,25012,15680,62.69
20,1885,SHAKTIPUMP,EQ,94397,46520,49.28
20,1886,SHALBY,EQ,1175873,332252,28.26
20,1887,SHALPAINTS,EQ,1878562,764536,40.70
20,1888,SHANKARA,EQ,129821,76581,58.99
20,1889,SHANTHALA,SM,6000,4800,80.00
20,1890,SHANTI,EQ,49275,25597,51.95
20,1891,SHANTIGEAR,EQ,27674,12292,44.42
20,1892,SHARDACROP,EQ,86247,35725,41.42
20,1893,SHARDAMOTR,EQ,18378,10379,56.48
20,1894,SHAREINDIA,EQ,46364,25720,55.47
20,1895,SHAREINDIA,W1,71,61,85.92
20,1896,SHARIABEES,EQ,1710,1025,59.94
20,1897,SHEETAL,SM,32000,10000,31.25
20,1898,SHEMAROO,EQ,594965,186898,31.41
20,1899,SHERA,SM,66000,57000,86.36
20,1900,SHIGAN,SM,12000,7500,62.50
20,1901,SHILPAMED,EQ,532993,144589,27.13
20,1902,SHIVALIK,EQ,11308,6452,57.06
20,1903,SHIVAMILLS,EQ,8931,4669,52.28
20,1904,SHIVATEX,EQ,7444,2510,33.72
20,1905,SHK,EQ,407558,172513,42.33
20,1906,SHOPERSTOP,EQ,909032,712281,78.36
20,1907,SHREDIGCEM,EQ,12729314,3297708,25.91
20,1908,SHREECEM,EQ,52520,11033,21.01
20,1909,SHREEOSFM,SM,30000,28000,93.33
20,1910,SHREEPUSHK,EQ,35007,21410,61.16
20,1911,SHREYAS,EQ,32173,20669,64.24
20,1912,SHRIPISTON,EQ,611784,361755,59.13
20,1913,SHRIRAMFIN,EQ,1059357,671912,63.43
20,1914,SHRIRAMFIN,YI,1,1,100.00
20,1915,SHRIRAMFIN,YS,170,105,61.76
20,1916,SHRIRAMFIN,YZ,268,168,62.69
20,1917,SHRIRAMFIN,Z4,10,10,100.00
20,1918,SHRIRAMFIN,ZE,1,1,100.00
20,1919,SHRIRAMFIN,ZH,645,645,100.00
20,1920,SHRIRAMFIN,ZI,5,5,100.00
20,1921,SHRIRAMPPS,EQ,3177091,1173951,36.95
20,1922,SHRITECH,SM,30000,28000,93.33
20,1923,SHUBHLAXMI,SM,12000,8000,66.67
20,1924,SHYAMCENT,EQ,1926888,924353,47.97
20,1925,SHYAMMETL,EQ,1362418,559356,41.06
20,1926,SHYAMTEL,EQ,981,760,77.47
20,1927,SIDDHIKA,SM,1000,1000,100.00
20,1928,SIEMENS,EQ,111523,57298,51.38
20,1929,SIGACHI,EQ,6226294,3343141,53.69
20,1930,SIGMA,EQ,24155,15168,62.79
20,1931,SIGNATURE,EQ,135533,44406,32.76
20,1932,SILINV,EQ,4772,2663,55.80
20,1933,SILVER,EQ,75380,65229,86.53
20,1934,SILVERBEES,EQ,2406803,2050686,85.20
20,1935,SILVERETF,EQ,31332,25423,81.14
20,1936,SILVERIETF,EQ,215113,177060,82.31
20,1937,SILVERTUC,EQ,8910,6717,75.39
20,1938,SILVRETF,EQ,4383,3905,89.09
20,1939,SIMBHALS,EQ,69387,41735,60.15
20,1940,SINDHUTRAD,EQ,6810900,2257543,33.15
20,1941,SINTERCOM,EQ,7807,6446,82.57
20,1942,SIRCA,EQ,231127,128690,55.68
20,1943,SIS,EQ,78448,49301,62.85
20,1944,SIYSIL,EQ,43050,24333,56.52
20,1945,SJLOGISTIC,SM,101000,69000,68.32
20,1946,SJS,EQ,80346,37084,46.16
20,1947,SJVN,EQ,78843768,23824965,30.22
20,1948,SKFINDIA,EQ,11722,5974,50.96
20,1949,SKIPPER,EQ,207519,95584,46.06
20,1950,SKMEGGPROD,EQ,59425,44215,74.40
20,1951,SKP,SM,13000,10000,76.92
20,1952,SMARTLINK,EQ,36778,17818,48.45
20,1953,SMCGLOBAL,EQ,142568,75856,53.21
20,1954,SMLISUZU,EQ,8603,3984,46.31
20,1955,SMLT,EQ,21334,10019,46.96
20,1956,SMSLIFE,EQ,2844,1975,69.44
20,1957,SMSPHARMA,EQ,76307,51842,67.94
20,1958,SMVD,SM,52520,52520,100.00
20,1959,SNOWMAN,EQ,1447841,634577,43.83
20,1960,SOBHA,EQ,756630,330216,43.64
20,1961,SOLARA,EQ,215338,118049,54.82
20,1962,SOLARINDS,EQ,68551,26283,38.34
20,1963,SOLEX,SM,4400,3200,72.73
20,1964,SOMANYCERA,EQ,51706,25331,48.99
20,1965,SONACOMS,EQ,1622887,1169429,72.06
20,1966,SONATSOFTW,EQ,478114,222518,46.54
20,1967,SONUINFRA,SM,18000,15000,83.33
20,1968,SOTL,EQ,93798,59021,62.92
20,1969,SOUTHBANK,EQ,90073870,29896219,33.19
20,1970,SPAL,EQ,14465,7030,48.60
20,1971,SPANDANA,EQ,34126,19200,56.26
20,1972,SPARC,EQ,421929,232900,55.20
20,1973,SPCENET,EQ,3717449,2374951,63.89
20,1974,SPECIALITY,EQ,95556,44079,46.13
20,1975,SPECTRUM,SM,4875,4000,82.05
20,1976,SPECTSTM,SM,26400,20800,78.79
20,1977,SPENCERS,EQ,701883,338694,48.26
20,1978,SPIC,EQ,3016930,824145,27.32
20,1979,SPLIL,EQ,45670,30418,66.60
20,1980,SPLPETRO,EQ,239235,94256,39.40
20,1981,SPORTKING,EQ,11499,7496,65.19
20,1982,SPRL,ST,1600,1600,100.00
20,1983,SREEL,EQ,105829,26664,25.20
20,1984,SRF,EQ,514147,311535,60.59
20,1985,SRGHFL,EQ,5255,3917,74.54
20,1986,SRHHYPOLTD,EQ,19397,10352,53.37
20,1987,SRIVASAVI,SM,35000,22000,62.86
20,1988,SSFL,SM,13000,9000,69.23
20,1989,SSWL,EQ,1812765,487859,26.91
20,1990,STAR,EQ,452600,190593,42.11
20,1991,STARCEMENT,EQ,236677,105454,44.56
20,1992,STARHEALTH,EQ,850018,507879,59.75
20,1993,STARPAPER,EQ,341814,116798,34.17
20,1994,STCINDIA,EQ,459264,147304,32.07
20,1995,STEELCAS,EQ,13226,5454,41.24
20,1996,STEELCITY,EQ,57978,39652,68.39
20,1997,STEELXIND,EQ,3251086,1734362,53.35
20,1998,STEL,EQ,4033,2130,52.81
20,1999,STERTOOLS,EQ,45865,23799,51.89
20,2000,STLTECH,EQ,701143,307167,43.81
20,2001,STOVEKRAFT,EQ,89518,56874,63.53
20,2002,STYLAMIND,EQ,31789,21162,66.57
20,2003,STYRENIX,EQ,12368,6654,53.80
20,2004,SUBEXLTD,EQ,15363344,7371134,47.98
20,2005,SUBROS,EQ,96393,38762,40.21
20,2006,SUDARSCHEM,EQ,107698,60427,56.11
20,2007,SUKHJITS,EQ,11433,6393,55.92
20,2008,SULA,EQ,340905,147776,43.35
20,2009,SUMICHEM,EQ,250607,128917,51.44
20,2010,SUMMITSEC,EQ,10255,6313,61.56
20,2011,SUNCLAY,EQ,5848,3312,56.63
20,2012,SUNDARMFIN,EQ,36628,20413,55.73
20,2013,SUNDARMHLD,EQ,107498,49395,45.95
20,2014,SUNDRMBRAK,EQ,2294,1860,81.08
20,2015,SUNDRMFAST,EQ,53198,27424,51.55
20,2016,SUNFLAG,EQ,483644,199151,41.18
20,2017,SUNPHARMA,EQ,1605745,940515,58.57
20,2018,SUNREST,SM,14400,14400,100.00
20,2019,SUNTECK,EQ,1402177,889834,63.46
20,2020,SUNTV,EQ,873394,512265,58.65
20,2021,SUPERHOUSE,EQ,192923,70043,36.31
20,2022,SUPRAJIT,EQ,325898,124646,38.25
20,2023,SUPREMEIND,EQ,664795,371811,55.93
20,2024,SUPREMEPWR,SM,2444000,858000,35.11
20,2025,SUPRIYA,EQ,165713,80756,48.73
20,2026,SURAJEST,EQ,121728,53290,43.78
20,2027,SURANI,SM,22800,17200,75.44
20,2028,SURYALAXMI,EQ,32887,25090,76.29
20,2029,SURYAROSNI,EQ,325190,118993,36.59
20,2030,SURYODAY,EQ,689920,327534,47.47
20,2031,SUTLEJTEX,EQ,182721,92232,50.48
20,2032,SUVEN,EQ,1106102,545024,49.27
20,2033,SUVENPHAR,EQ,301472,253450,84.07
20,2034,SUZLON,EQ,118653572,66686543,56.20
20,2035,SWANENERGY,EQ,9583379,3321575,34.66
20,2036,SWARAJ,SM,108000,83000,76.85
20,2037,SWARAJENG,EQ,3571,1994,55.84
20,2038,SWASTIK,SM,18000,15600,86.67
20,2039,SWELECTES,EQ,28179,11323,40.18
20,2040,SWSOLAR,EQ,3314412,2352383,70.97
20,2041,SYMPHONY,EQ,73394,39007,53.15
20,2042,SYNCOMF,EQ,4452936,2591597,58.20
20,2043,SYNGENE,EQ,651806,385604,59.16
20,2044,SYNOPTICS,SM,15000,10800,72.00
20,2045,SYRMA,EQ,274858,112787,41.03
20,2046,SYSTANGO,SM,266000,150400,56.54
20,2047,TAINWALCHM,EQ,7206,3571,49.56
20,2048,TAJGVK,EQ,219440,103506,47.17
20,2049,TAKE,EQ,881316,463102,52.55
20,2050,TANLA,EQ,732769,221564,30.24
20,2051,TARACHAND,SM,19000,16000,84.21
20,2052,TARMAT,EQ,944332,464981,49.24
20,2053,TARSONS,EQ,78252,39418,50.37
20,2054,TASTYBITE,EQ,1751,953,54.43
20,2055,TATACAP,N6,167,162,97.01
20,2056,TATACAP,N8,1,1,100.00
20,2057,TATACAP,NA,80,71,88.75
20,2058,TATACAPHSG,N6,110,100,90.91
20,2059,TATACHEM,EQ,998025,386499,38.73
20,2060,TATACOMM,EQ,3493574,1325469,37.94
20,2061,TATACONSUM,EQ,900162,405771,45.08
20,2062,TATAELXSI,EQ,97841,40092,40.98
20,2063,TATAGOLD,EQ,2310533,1871881,81.02
20,2064,TATAINVEST,EQ,413906,117473,28.38
20,2065,TATAMETALI,EQ,167433,74418,44.45
20,2066,TATAMOTORS,EQ,5706888,2177673,38.16
20,2067,TATAMTRDVR,EQ,1129502,639327,56.60
20,2068,TATAPOWER,EQ,13483525,6005253,44.54
20,2069,TATASTEEL,EQ,32653013,12162380,37.25
20,2070,TATATECH,EQ,835628,588183,70.39
20,2071,TATSILV,EQ,31148777,30555069,98.09
20,2072,TATVA,EQ,33056,19635,59.40
20,2073,TBZ,EQ,225145,89185,39.61
20,2074,TCI,EQ,67874,44806,66.01
20,2075,TCIEXP,EQ,26969,15073,55.89
20,2076,TCNSBRANDS,EQ,43206,18605,43.06
20,2077,TCPLPACK,EQ,6570,3251,49.48
20,2078,TCS,EQ,2941975,1933463,65.72
20,2079,TDPOWERSYS,EQ,330804,159354,48.17
20,2080,TEAMLEASE,EQ,6395,3233,50.56
20,2081,TECH,EQ,24276,9424,38.82
20,2082,TECHLABS,SM,156000,108000,69.23
20,2083,TECHM,EQ,4463826,2467996,55.29
20,2084,TECHNOE,EQ,92412,43155,46.70
20,2085,TEGA,EQ,35629,17608,49.42
20,2086,TEJASNET,EQ,487198,265467,54.49
20,2087,TEMBO,EQ,68957,25480,36.95
20,2088,TEXINFRA,EQ,1945734,584703,30.05
20,2089,TEXMOPIPES,EQ,180049,97324,54.05
20,2090,TEXRAIL,EQ,12512182,5634867,45.04
20,2091,TFCILTD,EQ,4191735,2514403,59.98
20,2092,THANGAMAYL,EQ,20714,17194,83.01
20,2093,THEINVEST,EQ,94275,77832,82.56
20,2094,THEJO,EQ,7527,5154,68.47
20,2095,THEMISMED,EQ,107700,44679,41.48
20,2096,THERMAX,EQ,26267,11308,43.05
20,2097,THOMASCOOK,EQ,1930103,1466447,75.98
20,2098,THYROCARE,EQ,51792,16230,31.34
20,2099,TI,EQ,263805,128463,48.70
20,2100,TIDEWATER,EQ,27108,13433,49.55
20,2101,TIIL,EQ,16575,9131,55.09
20,2102,TIINDIA,EQ,284614,139904,49.16
20,2103,TIJARIA,EQ,121694,94589,77.73
20,2104,TIMETECHNO,EQ,1411537,395208,28.00
20,2105,TIMKEN,EQ,82076,27098,33.02
20,2106,TIPSINDLTD,EQ,206293,85814,41.60
20,2107,TIRUMALCHM,EQ,602008,258083,42.87
20,2108,TITAGARH,EQ,2192437,720744,32.87
20,2109,TITAN,EQ,2566367,1430681,55.75
20,2110,TMB,EQ,65713,31462,47.88
20,2111,TNIDETF,EQ,38721,27072,69.92
20,2112,TNPETRO,EQ,451208,231547,51.32
20,2113,TNPL,EQ,976461,280070,28.68
20,2114,TNTELE,EQ,63863,56716,88.81
20,2115,TOKYOPLAST,EQ,21115,12682,60.06
20,2116,TORNTPHARM,EQ,117583,65928,56.07
20,2117,TORNTPOWER,EQ,274883,134620,48.97
20,2118,TOTAL,EQ,79215,51190,64.62
20,2119,TPLPLASTEH,EQ,365128,137068,37.54
20,2120,TRACXN,EQ,2529921,1196392,47.29
20,2121,TRANSTEEL,SM,114000,86000,75.44
20,2122,TRANSWIND,SM,4000,4000,100.00
20,2123,TREEHOUSE,EQ,136359,93276,68.40
20,2124,TREL,EQ,923186,468437,50.74
20,2125,TRENT,EQ,406436,262865,64.68
20,2126,TRF,EQ,114258,68702,60.13
20,2127,TRIDENT,EQ,15514016,6213301,40.05
20,2128,TRIDHYA,SM,21000,21000,100.00
20,2129,TRIGYN,EQ,320942,140175,43.68
20,2130,TRIL,EQ,751667,308539,41.05
20,2131,TRITURBINE,EQ,296281,194021,65.49
20,2132,TRIVENI,EQ,678272,415454,61.25
20,2133,TRU,EQ,704609,242519,34.42
20,2134,TTKHLTCARE,EQ,5829,4093,70.22
20,2135,TTKPRESTIG,EQ,71947,35145,48.85
20,2136,TTL,EQ,21920,13484,61.51
20,2137,TTML,EQ,3567816,1219374,34.18
20,2138,TV18BRDCST,EQ,60290979,10996748,18.24
20,2139,TVSELECT,EQ,78129,35680,45.67
20,2140,TVSHLTD,EQ,10498,6607,62.94
20,2141,TVSHLTD,P1,30666,28478,92.87
20,2142,TVSMOTOR,EQ,747716,356341,47.66
20,2143,TVSSCS,EQ,227874,133354,58.52
20,2144,TVSSRICHAK,EQ,4137,2005,48.47
20,2145,TVTODAY,EQ,278825,129173,46.33
20,2146,UBL,EQ,194333,82009,42.20
20,2147,UCAL,EQ,40147,27453,68.38
20,2148,UCL,SM,6000,6000,100.00
20,2149,UCOBANK,EQ,14879619,4434847,29.80
20,2150,UDS,EQ,360494,217412,60.31
20,2151,UFLEX,EQ,67486,35383,52.43
20,2152,UFO,EQ,364774,148675,40.76
20,2153,UGARSUGAR,EQ,220702,122158,55.35
20,2154,UGROCAP,EQ,198088,93748,47.33
20,2155,UGROCAP,N1,648,150,23.15
20,2156,UGROCAP,N4,82,82,100.00
20,2157,UGROCAP,N7,25,25,100.00
20,2158,UJJIVAN,EQ,306829,201896,65.80
20,2159,UJJIVANSFB,EQ,6180216,2786627,45.09
20,2160,ULTRACEMCO,EQ,567616,222198,39.15
20,2161,UMA,SM,32000,24000,75.00
20,2162,UMAEXPORTS,EQ,39043,25791,66.06
20,2163,UMANGDAIRY,EQ,452191,215192,47.59
20,2164,UNICHEMLAB,EQ,26130,21077,80.66
20,2165,UNIDT,EQ,52420,24056,45.89
20,2166,UNIENTER,EQ,10887,9073,83.34
20,2167,UNIHEALTH,SM,60000,44000,73.33
20,2168,UNIONBANK,EQ,29183335,12349061,42.32
20,2169,UNIPARTS,EQ,80419,48518,60.33
20,2170,UNITEDPOLY,EQ,12327,9302,75.46
20,2171,UNITEDTEA,EQ,4307,2938,68.21
20,2172,UNIVCABLES,EQ,28747,13678,47.58
20,2173,UNIVPHOTO,EQ,1102,724,65.70
20,2174,UNOMINDA,EQ,360094,203789,56.59
20,2175,UPL,EQ,2415540,1119701,46.35
20,2176,URAVI,EQ,11122,10813,97.22
20,2177,URBAN,SM,25200,20400,80.95
20,2178,URJA,EQ,17819636,6418106,36.02
20,2179,USASEEDS,SM,2100,1800,85.71
20,2180,USHAMART,EQ,5058063,1881160,37.19
20,2181,USK,EQ,1128743,594552,52.67
20,2182,UTIAMC,EQ,56826,29094,51.20
20,2183,UTIBANKETF,EQ,414039,350652,84.69
20,2184,UTINEXT50,EQ,70555,65654,93.05
20,2185,UTINIFTETF,EQ,7844,5531,70.51
20,2186,UTISENSETF,EQ,1020,715,70.10
20,2187,UTISXN50,EQ,811,539,66.46
20,2188,UTKARSHBNK,EQ,5969336,2763814,46.30
20,2189,UTTAMSUGAR,EQ,129810,59642,45.95
20,2190,V2RETAIL,EQ,5313,2934,55.22
20,2191,VADILALIND,EQ,19068,7690,40.33
20,2192,VAIBHAVGBL,EQ,2834348,940968,33.20
20,2193,VAISHALI,EQ,65582,40138,61.20
20,2194,VAKRANGEE,EQ,15893942,4357621,27.42
20,2195,VALIANTLAB,EQ,1564362,619817,39.62
20,2196,VALIANTORG,EQ,55850,27104,48.53
20,2197,VARDHACRLC,EQ,173484,94027,54.20
20,2198,VARROC,EQ,193884,89206,46.01
20,2199,VASA,SM,16000,16000,100.00
20,2200,VASCONEQ,EQ,11915603,4348901,36.50
20,2201,VASWANI,EQ,78660,50592,64.32
20,2202,VBL,EQ,2841357,2223848,78.27
20,2203,VEDL,EQ,4537034,2311927,50.96
20,2204,VEEKAYEM,SM,10000,4000,40.00
20,2205,VELS,SM,3600,3600,100.00
20,2206,VENKEYS,EQ,35641,16463,46.19
20,2207,VENUSPIPES,EQ,42975,19585,45.57
20,2208,VENUSREM,EQ,51882,27476,52.96
20,2209,VERANDA,EQ,378645,219374,57.94
20,2210,VERTEXPLUS,SM,27000,27000,100.00
20,2211,VERTOZ,EQ,485632,187059,38.52
20,2212,VESUVIUS,EQ,3907,2018,51.65
20,2213,VETO,EQ,164161,97829,59.59
20,2214,VGUARD,EQ,181883,108045,59.40
20,2215,VHL,EQ,249,156,62.65
20,2216,VIAZ,ST,20000,20000,100.00
20,2217,VIDHIING,EQ,23169,13874,59.88
20,2218,VIJAYA,EQ,66739,28463,42.65
20,2219,VIJIFIN,EQ,1160439,669559,57.70
20,2220,VIKASECO,EQ,8680829,4314176,49.70
20,2221,VIKASLIFE,EQ,76466989,32522241,42.53
20,2222,VILINBIO,SM,16000,8000,50.00
20,2223,VIMTALABS,EQ,33853,18586,54.90
20,2224,VINATIORGA,EQ,46322,26213,56.59
20,2225,VINDHYATEL,EQ,23684,15455,65.26
20,2226,VINSYS,SM,45000,32500,72.22
20,2227,VINYAS,SM,12800,12800,100.00
20,2228,VINYLINDIA,EQ,45027,16818,37.35
20,2229,VIPCLOTHNG,EQ,148685,101835,68.49
20,2230,VIPIND,EQ,721988,453501,62.81
20,2231,VIPULLTD,EQ,94373,62781,66.52
20,2232,VIRINCHI,EQ,338611,229220,67.69
20,2233,VISAKAIND,EQ,368584,208414,56.54
20,2234,VISHNU,EQ,86667,44458,51.30
20,2235,VISHNUINFR,SM,22000,18000,81.82
20,2236,VISHWARAJ,EQ,1094866,572319,52.27
20,2237,VITAL,SM,19200,14400,75.00
20,2238,VIVIANA,SM,12000,12000,100.00
20,2239,VLEGOV,EQ,885987,557533,62.93
20,2240,VLSFINANCE,EQ,55934,28614,51.16
20,2241,VMARCIND,SM,41000,22000,53.66
20,2242,VMART,EQ,13344,8048,60.31
20,2243,VOLTAMP,EQ,198288,69264,34.93
20,2244,VOLTAS,EQ,748309,512709,68.52
20,2245,VPRPL,EQ,718915,330569,45.98
20,2246,VRLLOG,EQ,49100,33549,68.33
20,2247,VSCL,SM,3000,3000,100.00
20,2248,VSSL,EQ,79185,36863,46.55
20,2249,VSTIND,EQ,10756,5702,53.01
20,2250,VSTTILLERS,EQ,13138,7396,56.29
20,2251,VTL,EQ,202750,112379,55.43
20,2252,WABAG,EQ,339510,153302,45.15
20,2253,WALCHANNAG,EQ,190184,134551,70.75
20,2254,WALPAR,SM,12000,12000,100.00
20,2255,WEBELSOLAR,EQ,239881,111740,46.58
20,2256,WEL,EQ,2751,1379,50.13
20,2257,WELCORP,EQ,998210,437531,43.83
20,2258,WELENT,EQ,92279,48818,52.90
20,2259,WELSPUNLIV,EQ,1183141,604825,51.12
20,2260,WENDT,EQ,992,327,32.96
20,2261,WESTLIFE,EQ,147989,128703,86.97
20,2262,WHEELS,EQ,73689,32619,44.27
20,2263,WHIRLPOOL,EQ,49220,30860,62.70
20,2264,WINDLAS,EQ,47333,18810,39.74
20,2265,WINDMACHIN,EQ,61188,39468,64.50
20,2266,WIPRO,EQ,7749310,2621567,33.83
20,2267,WOCKPHARMA,EQ,623915,248989,39.91
20,2268,WOMANCART,ST,14400,12800,88.89
20,2269,WONDERLA,EQ,42847,20285,47.34
20,2270,WORTH,EQ,63852,32524,50.94
20,2271,WSI,EQ,46959,37799,80.49
20,2272,WSTCSTPAPR,EQ,378472,124147,32.80
20,2273,XCHANGING,EQ,464462,184366,39.69
20,2274,XPROINDIA,EQ,180130,81507,45.25
20,2275,YASHO,EQ,5390,3581,66.44
20,2276,YATHARTH,EQ,155522,95693,61.53
20,2277,YATRA,EQ,431687,274867,63.67
20,2278,YCCL,SM,33000,30000,90.91
20,2279,YESBANK,EQ,184495376,55946952,30.32
20,2280,YUDIZ,SM,99200,56000,56.45
20,2281,YUKEN,EQ,7797,4899,62.83
20,2282,ZAGGLE,EQ,1409020,487659,34.61
20,2283,ZEAL,SM,10800,8400,77.78
20,2284,ZEEL,EQ,73034564,27834475,38.11
20,2285,ZEEMEDIA,EQ,41477856,16313486,39.33
20,2286,ZENITHEXPO,EQ,7575,1162,15.34
20,2287,ZENSARTECH,EQ,1027908,436931,42.51
20,2288,ZENTEC,EQ,93543,63217,67.58
20,2289,ZFCVINDIA,EQ,6766,4404,65.09
20,2290,ZIMLAB,EQ,73730,45516,61.73
20,2291,ZODIACLOTH,EQ,17983,9168,50.98
20,2292,ZOMATO,EQ,81155018,37614974,46.35
20,2293,ZOTA,EQ,21040,10838,51.51
20,2294,ZUARI,EQ,1067344,347972,32.60
20,2295,ZUARIIND,EQ,1097527,394120,35.91
20,2296,ZYDUSLIFE,EQ,1158529,468006,40.40
20,2297,ZYDUSWELL,EQ,13880,7158,51.57
