Security Wise Delivery Position - Compulsory Rolling Settlement
10,MTO,17012024,2103734621,0002314
Trade Date <17-JAN-2024>,Settlement Type <N>
Record Type,Sr No,Name of Security,Quantity Traded,Deliverable Quantity(gross across client level),% of Deliverable Quantity to Traded Quantity
20,1,182D040724,TB,1200,1200,100.00
20,2,182D060624,TB,700,700,100.00
20,3,182D110724,TB,100,100,100.00
20,4,182D130624,TB,9100,9100,100.00
20,5,182D160524,TB,100,100,100.00
20,6,182D200624,TB,7300,7300,100.00
20,7,182D210324,TB,100,100,100.00
20,8,182D230524,TB,4400,4400,100.00
20,9,182D250424,TB,300500,300500,100.00
20,10,182D270624,TB,1100,1100,100.00
20,11,182D300524,TB,100,100,100.00
20,12,20MICRONS,EQ,232724,90733,38.99
20,13,360ONE,EQ,266993,163866,61.37
20,14,364D051224,TB,1000,1000,100.00
20,15,364D071124,TB,100,100,100.00
20,16,364D090524,TB,100,100,100.00
20,17,364D121224,TB,4000,4000,100.00
20,18,364D140324,TB,300,300,100.00
20,19,364D191224,TB,200,200,100.00
20,20,364D220224,TB,100,100,100.00
20,21,364D250724,TB,500,500,100.00
20,22,3IINFOLTD,EQ,1907358,653223,34.25
20,23,3MINDIA,EQ,3171,1167,36.80
20,24,3PLAND,EQ,195061,105680,54.18
20,25,563GS2026,GS,6,6,100.00
20,26,574GS2026,GS,52,52,100.00
20,27,5PAISA,EQ,320685,180053,56.15
20,28,618GS2024,GS,100,100,100.00
20,29,654GS2032,GS,3200,3200,100.00
20,30,667GS2050,GS,21,20,95.24
20,31,669GS2024,GS,13,12,92.31
20,32,676GS2061,GS,2720,2720,100.00
20,33,689GS2025,GS,3,3,100.00
20,34,695GS2061,GS,129,129,100.00
20,35,699GS2026,GS,3000,3000,100.00
20,36,699GS2051,GS,26,26,100.00
20,37,706GS2028,GS,2560,2560,100.00
20,38,710GS2029,GS,4410,4410,100.00
20,39,717GS2030,GS,100,100,100.00
20,40,718GS2033,GS,2006,1861,92.77
20,41,718GS2037,GS,4300,4300,100.00
20,42,725GS2063,GS,17803,17803,100.00
20,43,726GS2029,GS,108,108,100.00
20,44,726GS2032,GS,133,133,100.00
20,45,726GS2033,GS,5260,5260,100.00
20,46,727GS2026,GS,5,5,100.00
20,47,732GS2024,GS,500,500,100.00
20,48,732GS2030,GS,200,200,100.00
20,49,733GS2026,GS,1950,1950,100.00
20,50,736GS2052,GS,6040,5040,83.44
20,51,737GS2028,GS,4484,4484,100.00
20,52,738GS2027,GS,58168,58168,100.00
20,53,73GS2053,GS,5445,5445,100.00
20,54,741GS2036,GS,6587,6585,99.97
20,55,746GS2073,GS,460,340,73.91
20,56,746MH33,SG,200,200,100.00
20,57,74GS2062,GS,3770,3751,99.50
20,58,754GS2036,GS,237344,232232,97.85
20,59,772GS2055,GS,920,920,100.00
20,60,824GS2033,GS,467,467,100.00
20,61,828GS2027,GS,8400,8400,100.00
20,62,83GS2042,GS,630,630,100.00
20,63,91D040424,TB,3800,3800,100.00
20,64,91D070324,TB,5700,5700,100.00
20,65,91D080224,TB,1200,1000,83.33
20,66,91D110424,TB,1300,1300,100.00
20,67,91D140324,TB,8600,8600,100.00
20,68,91D210324,TB,5300,5300,100.00
20,69,91D220224,TB,1700,1600,94.12
20,70,91D250124,TB,500,500,100.00
20,71,91D280324,TB,200,200,100.00
20,72,92GS2030,GS,2500,2500,100.00
20,73,AARON,EQ,16950,11010,64.96
20,74,AARTECH,EQ,17414,12496,71.76
20,75,AARTIDRUGS,EQ,288552,164567,57.03
20,76,AARTIIND,EQ,1677162,741713,44.22
20,77,AARTIPHARM,EQ,142872,67743,47.42
20,78,AARTISURF,EQ,43232,10478,24.24
20,79,AARTISURF,P1,5,5,100.00
20,80,AARVEEDEN,EQ,49664,27157,54.68
20,81,AARVI,EQ,23218,13860,59.70
20,82,AATMAJ,SM,82000,54000,65.85
20,83,AAVAS,EQ,548356,477274,87.04
20,84,ABB,EQ,163852,74431,45.43
20,85,ABBOTINDIA,EQ,15925,5967,37.47
20,86,ABCAPITAL,EQ,5937929,3388822,57.07
20,87,ABFL,N0,146,81,55.48
20,88,ABFL,N5,10,10,100.00
20,89,ABFRL,EQ,5077713,2362582,46.53
20,90,ABSLAMC,EQ,85564,50178,58.64
20,91,ABSLBANETF,EQ,265959,171513,64.49
20,92,ABSLLIQUID,EQ,773,690,89.26
20,93,ABSLNN50ET,EQ,13768,10391,75.47
20,94,ACC,EQ,296563,98560,33.23
20,95,ACCELYA,EQ,52104,25783,49.48
20,96,ACCENTMIC,SM,139000,98000,70.50
20,97,ACE,EQ,174938,75411,43.11
20,98,ACEINTEG,EQ,6954,4385,63.06
20,99,ACI,EQ,214229,84563,39.47
20,100,ACL,EQ,43059,21580,50.12
20,101,ACLGATI,EQ,364564,216032,59.26
20,102,ACSAL,SM,42000,36000,85.71
20,103,ADANIENSOL,EQ,1456313,676370,46.44
20,104,ADANIENT,EQ,2897218,1357877,46.87
20,105,ADANIGREEN,EQ,1151828,688892,59.81
20,106,ADANIPORTS,EQ,5268593,2607198,49.49
20,107,ADFFOODS,EQ,156594,88659,56.62
20,108,ADORWELD,EQ,15404,7888,51.21
20,109,ADSL,EQ,1485209,514121,34.62
20,110,ADVANIHOTR,EQ,129127,71021,55.00
20,111,ADVENZYMES,EQ,206390,110303,53.44
20,112,AEGISCHEM,EQ,688255,406046,59.00
20,113,AEROFLEX,EQ,701320,279416,39.84
20,114,AETHER,EQ,98314,45979,46.77
20,115,AFFLE,EQ,186814,87466,46.82
20,116,AGARIND,EQ,89544,29599,33.06
20,117,AGARWALFT,SM,39000,36000,92.31
20,118,AGI,EQ,173094,100402,58.00
20,119,AGNI,SM,160000,115000,71.88
20,120,AGRITECH,EQ,287849,106537,37.01
20,121,AGROPHOS,EQ,103165,53110,51.48
20,122,AGSTRA,EQ,620451,376319,60.65
20,123,AHL,EQ,82377,41352,50.20
20,124,AHLADA,EQ,66888,43307,64.75
20,125,AHLEAST,EQ,38828,27245,70.17
20,126,AHLUCONT,EQ,33679,14279,42.40
20,127,AIAENG,EQ,33995,20260,59.60
20,128,AILIMITED,SM,30000,30000,100.00
20,129,AIROLAM,EQ,9752,5167,52.98
20,130,AIRTELPP,E1,344580,192467,55.86
20,131,AISL,SM,13200,13200,100.00
20,132,AJANTPHARM,EQ,84023,29921,35.61
20,133,AJMERA,EQ,225081,135536,60.22
20,134,AKANKSHA,SM,1344000,518000,38.54
20,135,AKG,EQ,111296,58124,52.22
20,136,AKSHARCHEM,EQ,18772,8807,46.92
20,137,AKZOINDIA,EQ,13983,8962,64.09
20,138,ALBERTDAVD,EQ,7071,3909,55.28
20,139,ALEMBICLTD,EQ,1529380,603145,39.44
20,140,ALICON,EQ,81344,17998,22.13
20,141,ALKALI,EQ,12151,7830,64.44
20,142,ALKEM,EQ,110342,49964,45.28
20,143,ALKYLAMINE,EQ,41823,18745,44.82
20,144,ALLCARGO,EQ,1290312,746778,57.88
20,145,ALLETEC,SM,50400,32000,63.49
20,146,ALLSEC,EQ,17756,11806,66.49
20,147,ALOKINDS,EQ,31474430,14054534,44.65
20,148,ALPA,EQ,73556,45733,62.17
20,149,ALPHAETF,EQ,35629,21184,59.46
20,150,ALPHAGEO,EQ,23090,18500,80.12
20,151,ALPL30IETF,EQ,57633,40264,69.86
20,152,ALPSINDUS,EQ,22784,22784,100.00
20,153,AMBER,EQ,105633,30572,28.94
20,154,AMBICAAGAR,EQ,39318,22990,58.47
20,155,AMBIKCO,EQ,13484,7232,53.63
20,156,AMBUJACEM,EQ,6229815,3557379,57.10
20,157,AMEYA,SM,4000,4000,100.00
20,158,AMIABLE,SM,3200,3200,100.00
20,159,AMIORG,EQ,131016,63198,48.24
20,160,AMJLAND,EQ,142771,89305,62.55
20,161,AMNPLST,EQ,22014,9805,44.54
20,162,AMRUTANJAN,EQ,30932,21656,70.01
20,163,ANANDRATHI,EQ,198536,158312,79.74
20,164,ANANTRAJ,EQ,1142075,644763,56.46
20,165,ANDHRAPAP,EQ,186280,73889,39.67
20,166,ANDHRSUGAR,EQ,186891,113840,60.91
20,167,ANGELONE,EQ,1415266,481555,34.03
20,168,ANLON,SM,4800,3200,66.67
20,169,ANMOL,EQ,661512,235964,35.67
20,170,ANNAPURNA,SM,87500,73000,83.43
20,171,ANUP,EQ,9553,5147,53.88
20,172,ANURAS,EQ,53275,26723,50.16
20,173,APARINDS,EQ,71645,38852,54.23
20,174,APCL,EQ,14676,6774,46.16
20,175,APCOTEXIND,EQ,41647,22909,55.01
20,176,APEX,EQ,1217324,248041,20.38
20,177,APLAPOLLO,EQ,760205,500533,65.84
20,178,APLLTD,EQ,469435,285943,60.91
20,179,APOLLOHOSP,EQ,378205,215019,56.85
20,180,APOLLOPIPE,EQ,42629,23168,54.35
20,181,APOLLOTYRE,EQ,2717197,827093,30.44
20,182,APOLSINHOT,EQ,65314,17426,26.68
20,183,APTECHT,EQ,553650,228362,41.25
20,184,APTUS,EQ,412502,193858,47.00
20,185,ARABIAN,SM,22000,16000,72.73
20,186,ARCHIES,EQ,471446,241319,51.19
20,187,ARE&M,EQ,499342,304779,61.04
20,188,ARENTERP,EQ,8857,3958,44.69
20,189,ARHAM,SM,6000,3000,50.00
20,190,ARIES,EQ,63819,30855,48.35
20,191,ARIHANTACA,SM,18400,14400,78.26
20,192,ARIHANTCAP,EQ,213193,139115,65.25
20,193,ARIHANTSUP,EQ,130427,50936,39.05
20,194,ARISTO,SM,9600,6400,66.67
20,195,ARMANFIN,EQ,16982,5953,35.05
20,196,AROGRANITE,EQ,162752,76588,47.06
20,197,ARROWGREEN,EQ,47521,22505,47.36
20,198,ARTEMISMED,EQ,319826,165483,51.74
20,199,ARTNIRMAN,EQ,32680,20160,61.69
20,200,ARVIND,EQ,980305,462248,47.15
20,201,ARVINDFASN,EQ,384807,174835,45.43
20,202,ARVSMART,EQ,45724,22272,48.71
20,203,ASAHIINDIA,EQ,57010,32587,57.16
20,204,ASAHISONG,EQ,14948,10630,71.11
20,205,ASAL,EQ,39532,19435,49.16
20,206,ASALCBR,EQ,84832,42908,50.58
20,207,ASHAPURMIN,EQ,158326,96629,61.03
20,208,ASHIANA,EQ,167881,69252,41.25
20,209,ASHIMASYN,EQ,597484,373468,62.51
20,210,ASHOKA,EQ,4135527,1464371,35.41
20,211,ASHOKLEY,EQ,16212300,9536562,58.82
20,212,ASIANENE,EQ,94235,59720,63.37
20,213,ASIANPAINT,EQ,2239241,1285982,57.43
20,214,ASIANTILES,EQ,1882309,636357,33.81
20,215,ASKAUTOLTD,EQ,176791,94454,53.43
20,216,ASLIND,ST,28000,28000,100.00
20,217,ASPINWALL,EQ,15242,9776,64.14
20,218,ASTEC,EQ,26262,11061,42.12
20,219,ASTERDM,EQ,1209619,502214,41.52
20,220,ASTRAL,EQ,319628,178426,55.82
20,221,ASTRAMICRO,EQ,298238,161571,54.18
20,222,ASTRAZEN,EQ,10305,5431,52.70
20,223,ASTRON,EQ,141283,103505,73.26
20,224,ATAM,EQ,29452,18686,63.45
20,225,ATFL,EQ,6035,3221,53.37
20,226,ATGL,EQ,1250880,635809,50.83
20,227,ATL,EQ,1579844,832106,52.67
20,228,ATUL,EQ,33449,16854,50.39
20,229,ATULAUTO,EQ,809283,253804,31.36
20,230,AUBANK,EQ,5351653,1115471,20.84
20,231,AURDIS,SM,5000,5000,100.00
20,232,AUROIMPEX,SM,68800,51200,74.42
20,233,AUROPHARMA,EQ,2555372,1302409,50.97
20,234,AURUM,EQ,1747897,448465,25.66
20,235,AURUMPP,E1,191640,149768,78.15
20,236,AUTOAXLES,EQ,22360,15118,67.61
20,237,AUTOBEES,EQ,181322,91741,50.60
20,238,AUTOIETF,EQ,110960,15500,13.97
20,239,AUTOIND,EQ,206556,113890,55.14
20,240,AVADHSUGAR,EQ,27004,9009,33.36
20,241,AVALON,EQ,132991,54728,41.15
20,242,AVANTIFEED,EQ,4239116,456984,10.78
20,243,AVG,EQ,111081,64937,58.46
20,244,AVONMORE,EQ,36669,18587,50.69
20,245,AVROIND,EQ,51219,23505,45.89
20,246,AVTNPL,EQ,166643,99374,59.63
20,247,AWHCL,EQ,222808,81445,36.55
20,248,AWL,EQ,1282462,725414,56.56
20,249,AXISBANK,EQ,24913719,11648070,46.75
20,250,AXISBNKETF,EQ,22973,13489,58.72
20,251,AXISBPSETF,EQ,50888,33736,66.29
20,252,AXISCADES,EQ,160784,72936,45.36
20,253,AXISCETF,EQ,11544,11172,96.78
20,254,AXISGOLD,EQ,131646,86802,65.94
20,255,AXISHCETF,EQ,3205,1831,57.13
20,256,AXISILVER,EQ,17847,11294,63.28
20,257,AXISNIFTY,EQ,27211,25026,91.97
20,258,AXISTECETF,EQ,2720,1676,61.62
20,259,AXITA,EQ,2345878,872198,37.18
20,260,AXSENSEX,EQ,2751,2452,89.13
20,261,AYMSYNTEX,EQ,589750,229961,38.99
20,262,AZAD,EQ,269257,126010,46.80
20,263,BABAFP,SM,28800,22400,77.78
20,264,BAHETI,SM,18750,14250,76.00
20,265,BAIDFIN,EQ,606336,351236,57.93
20,266,BAJAJ-AUTO,EQ,619338,292182,47.18
20,267,BAJAJCON,EQ,274754,142137,51.73
20,268,BAJAJELEC,EQ,82835,32951,39.78
20,269,BAJAJFINSV,EQ,1488186,784375,52.71
20,270,BAJAJHCARE,EQ,100955,48544,48.08
20,271,BAJAJHIND,EQ,5764886,3495948,60.64
20,272,BAJAJHLDNG,EQ,21311,13692,64.25
20,273,BAJEL,EQ,1746146,1081251,61.92
20,274,BAJFINANCE,EQ,1380271,897635,65.03
20,275,BALAJITELE,EQ,1048951,303159,28.90
20,276,BALAMINES,EQ,50995,22895,44.90
20,277,BALAXI,EQ,3884,3034,78.12
20,278,BALKRISHNA,EQ,80216,47881,59.69
20,279,BALKRISIND,EQ,156785,67706,43.18
20,280,BALMLAWRIE,EQ,3942874,1224112,31.05
20,281,BALPHARMA,EQ,49492,32512,65.69
20,282,BALRAMCHIN,EQ,1132828,572079,50.50
20,283,BANARBEADS,EQ,22964,14146,61.60
20,284,BANARISUG,EQ,646,372,57.59
20,285,BANCOINDIA,EQ,242799,49301,20.31
20,286,BANDHANBNK,EQ,17410957,7076261,40.64
20,287,BANKBARODA,EQ,34099113,10703067,31.39
20,288,BANKBEES,EQ,3359314,2739892,81.56
20,289,BANKETF,EQ,41306,33998,82.31
20,290,BANKIETF,EQ,746063,676458,90.67
20,291,BANKINDIA,EQ,28568989,13064011,45.73
20,292,BANSWRAS,EQ,99406,44386,44.65
20,293,BARBEQUE,EQ,122300,27990,22.89
20,294,BASF,EQ,11803,4659,39.47
20,295,BASILIC,SM,236400,159600,67.51
20,296,BASML,EQ,388391,210201,54.12
20,297,BATAINDIA,EQ,190130,88347,46.47
20,298,BAYERCROP,EQ,19463,10697,54.96
20,299,BBETF0432,EQ,590,546,92.54
20,300,BBL,EQ,49949,13994,28.02
20,301,BBNPPGOLD,EQ,109717,109532,99.83
20,302,BBTC,EQ,181535,76800,42.31
20,303,BBTCL,EQ,7778,5386,69.25
20,304,BCG,EQ,19685771,6709259,34.08
20,305,BCLIND,EQ,692292,354037,51.14
20,306,BDL,EQ,650943,200627,30.82
20,307,BECTORFOOD,EQ,151570,77412,51.07
20,308,BEDMUTHA,EQ,27828,17564,63.12
20,309,BEL,EQ,16350370,8027094,49.09
20,310,BEML,EQ,268538,110226,41.05
20,311,BEPL,EQ,1291444,569334,44.09
20,312,BERGEPAINT,EQ,1134435,676196,59.61
20,313,BETA,SM,4000,3500,87.50
20,314,BEWLTD,SM,1500,1500,100.00
20,315,BFINVEST,EQ,50879,20697,40.68
20,316,BFSI,EQ,2847216,2810040,98.69
20,317,BFUTILITIE,EQ,171999,86875,50.51
20,318,BGRENERGY,EQ,1789325,508732,28.43
20,319,BHAGCHEM,EQ,2508,1418,56.54
20,320,BHAGERIA,EQ,19785,12294,62.14
20,321,BHAGYANGR,EQ,108988,52298,47.99
20,322,BHANDARI,EQ,2236421,1261578,56.41
20,323,BHARATFORG,EQ,822748,485606,59.02
20,324,BHARATGEAR,EQ,46484,25364,54.57
20,325,BHARATRAS,EQ,2364,984,41.62
20,326,BHARATWIRE,EQ,463434,281194,60.68
20,327,BHARTIARTL,EQ,4568700,2944853,64.46
20,328,BHEL,EQ,104586370,28790793,27.53
20,329,BIGBLOC,EQ,201953,72440,35.87
20,330,BIKAJI,EQ,413016,290173,70.26
20,331,BIOCON,EQ,6926246,2708578,39.11
20,332,BIOFILCHEM,EQ,40587,26939,66.37
20,333,BIRET,RR,414572,359803,86.79
20,334,BIRLACABLE,EQ,51245,26405,51.53
20,335,BIRLACORPN,EQ,88609,64352,72.62
20,336,BIRLAMONEY,EQ,901390,414742,46.01
20,337,BLAL,EQ,320224,164301,51.31
20,338,BLBLIMITED,EQ,911538,568160,62.33
20,339,BLISSGVS,EQ,681118,298495,43.82
20,340,BLKASHYAP,EQ,882283,437620,49.60
20,341,BLS,EQ,3466664,754011,21.75
20,342,BLUEDART,EQ,8249,3731,45.23
20,343,BLUEJET,EQ,156948,91973,58.60
20,344,BLUESTARCO,EQ,129537,65555,50.61
20,345,BMETRICS,SM,6400,5200,81.25
20,346,BODALCHEM,EQ,538724,214954,39.90
20,347,BOMDYEING,EQ,934876,477755,51.10
20,348,BOROLTD,EQ,153624,71704,46.67
20,349,BORORENEW,EQ,601472,248671,41.34
20,350,BOSCHLTD,EQ,27741,9231,33.28
20,351,BPCL,EQ,11214642,6519384,58.13
20,352,BRIGADE,EQ,415999,250696,60.26
20,353,BRIGHT,ST,234000,210000,89.74
20,354,BRITANNIA,EQ,270672,191234,70.65
20,355,BRITANNIA,N3,3212,3212,100.00
20,356,BRNL,EQ,185063,84867,45.86
20,357,BROOKS,EQ,306232,197467,64.48
20,358,BSE,EQ,1131260,653280,57.75
20,359,BSE500IETF,EQ,460977,370148,80.30
20,360,BSHSL,EQ,55236,37901,68.62
20,361,BSL,EQ,8952,6160,68.81
20,362,BSLGOLDETF,EQ,11674,8211,70.34
20,363,BSLNIFTY,EQ,372961,318862,85.49
20,364,BSLSENETFG,EQ,8317,6105,73.40
20,365,BSOFT,EQ,2816486,860917,30.57
20,366,BTML,EQ,654890,374029,57.11
20,367,BUTTERFLY,EQ,2547,1788,70.20
20,368,CADSYS,SM,13000,8000,61.54
20,369,CAMLINFINE,EQ,450053,239172,53.14
20,370,CAMPUS,EQ,454225,282610,62.22
20,371,CAMS,EQ,263893,158745,60.16
20,372,CANARYS,SM,100000,80000,80.00
20,373,CANBK,EQ,6733674,2531954,37.60
20,374,CANFINHOME,EQ,634008,302619,47.73
20,375,CANTABIL,EQ,196112,68648,35.00
20,376,CAPACITE,EQ,2195958,941077,42.85
20,377,CAPLIPOINT,EQ,129597,59316,45.77
20,378,CAPTRUST,EQ,12414,6890,55.50
20,379,CARBORUNIV,EQ,45747,24512,53.58
20,380,CAREERP,EQ,43736,27082,61.92
20,381,CARERATING,EQ,60693,32315,53.24
20,382,CARTRADE,EQ,110909,56653,51.08
20,383,CARYSIL,EQ,123234,54656,44.35
20,384,CASTROLIND,EQ,4783019,2312533,48.35
20,385,CBAZAAR,SM,32000,32000,100.00
20,386,CCHHL,EQ,216556,149244,68.92
20,387,CCL,EQ,59105,31435,53.19
20,388,CDSL,EQ,599141,256319,42.78
20,389,CEATLTD,EQ,274508,95120,34.65
20,390,CELLECOR,SM,49200,27600,56.10
20,391,CELLO,EQ,102542,52984,51.67
20,392,CELLPOINT,SM,52800,42000,79.55
20,393,CENTENKA,EQ,45024,23346,51.85
20,394,CENTEXT,EQ,1732362,1020676,58.92
20,395,CENTRALBK,EQ,25793885,8534675,33.09
20,396,CENTRUM,EQ,1361294,545670,40.08
20,397,CENTUM,EQ,12686,7622,60.08
20,398,CENTURYPLY,EQ,396008,177768,44.89
20,399,CENTURYTEX,EQ,138407,86619,62.58
20,400,CERA,EQ,10559,5601,53.04
20,401,CESC,EQ,7388183,2756257,37.31
20,402,CGCL,EQ,5063610,492169,9.72
20,403,CGPOWER,EQ,3791637,2715120,71.61
20,404,CHALET,EQ,129102,56900,44.07
20,405,CHAMBLFERT,EQ,3089785,1845495,59.73
20,406,CHAVDA,SM,152000,98000,64.47
20,407,CHEMBOND,EQ,42809,16171,37.77
20,408,CHEMCON,EQ,68667,27989,40.76
20,409,CHEMFAB,EQ,38271,13641,35.64
20,410,CHEMPLASTS,EQ,62446,28929,46.33
20,411,CHENNPETRO,EQ,1933073,452516,23.41
20,412,CHEVIOT,EQ,6757,4112,60.86
20,413,CHOICEIN,EQ,457045,176893,38.70
20,414,CHOLAFIN,EQ,2378717,1767578,74.31
20,415,CHOLAFIN,N0,10,10,100.00
20,416,CHOLAFIN,N3,15,15,100.00
20,417,CHOLAFIN,N4,10,10,100.00
20,418,CHOLAFIN,N6,100,100,100.00
20,419,CHOLAFIN,NC,50,40,80.00
20,420,CHOLAHLDNG,EQ,77987,38235,49.03
20,421,CIEINDIA,EQ,434366,277562,63.90
20,422,CIGNITITEC,EQ,123226,71862,58.32
20,423,CIPLA,EQ,2073596,1432537,69.08
20,424,CLEAN,EQ,113968,57600,50.54
20,425,CLEDUCATE,EQ,79534,50387,63.35
20,426,CLOUD,SM,237000,162000,68.35
20,427,CLSEL,EQ,107634,49988,46.44
20,428,CLSL,SM,22000,20000,90.91
20,429,CMNL,SM,63000,46500,73.81
20,430,CMRSL,SM,800,800,100.00
20,431,CMSINFO,EQ,384394,192151,49.99
20,432,COALINDIA,EQ,10996538,5282385,48.04
20,433,COASTCORP,EQ,61036,25031,41.01
20,434,COCHINSHIP,EQ,26230941,3839918,14.64
20,435,COFFEEDAY,EQ,5382946,1859614,34.55
20,436,COFORGE,EQ,299390,120727,40.32
20,437,COLPAL,EQ,353444,189207,53.53
20,438,COMMITTED,SM,27200,19200,70.59
20,439,COMMOIETF,EQ,71144,61015,85.76
20,440,CONCOR,EQ,1856770,1065619,57.39
20,441,CONCORDBIO,EQ,73660,40347,54.77
20,442,CONFIPET,EQ,1743929,750247,43.02
20,443,CONSOFINVT,EQ,52620,26939,51.20
20,444,CONSUMBEES,EQ,21072,15709,74.55
20,445,CONSUMIETF,EQ,5234,3731,71.28
20,446,CONTROLPR,EQ,30538,14758,48.33
20,447,CORALFINAC,EQ,303532,163900,54.00
20,448,CORDSCABLE,EQ,75415,49440,65.56
20,449,COROMANDEL,EQ,216312,100718,46.56
20,450,COSMOFIRST,EQ,43293,26236,60.60
20,451,CPS,SM,600,600,100.00
20,452,CPSEETF,EQ,3546818,2538004,71.56
20,453,CRAFTSMAN,EQ,39544,22614,57.19
20,454,CRAYONS,SM,49000,44000,89.80
20,455,CREATIVE,EQ,191064,72067,37.72
20,456,CREATIVEYE,EQ,12763,12763,100.00
20,457,CREDITACC,EQ,270447,197791,73.13
20,458,CREDITACC,N3,49,49,100.00
20,459,CREDITACC,N5,106,106,100.00
20,460,CREDITACC,ND,425,425,100.00
20,461,CREST,EQ,98354,57180,58.14
20,462,CRISIL,EQ,19595,10072,51.40
20,463,CROMPTON,EQ,1518201,834154,54.94
20,464,CSBBANK,EQ,177059,80818,45.64
20,465,CSLFINANCE,EQ,64246,33302,51.84
20,466,CTE,EQ,305181,131414,43.06
20,467,CUB,EQ,4506573,2133317,47.34
20,468,CUMMINSIND,EQ,242049,134664,55.64
20,469,CYBERMEDIA,EQ,79483,49184,61.88
20,470,CYBERTECH,EQ,168730,67347,39.91
20,471,CYIENT,EQ,328023,272963,83.21
20,472,CYIENTDLM,EQ,213553,79567,37.26
20,473,DABUR,EQ,2075918,1044397,50.31
20,474,DALBHARAT,EQ,354131,185672,52.43
20,475,DALMIASUG,EQ,68067,35352,51.94
20,476,DAMODARIND,EQ,54193,32719,60.37
20,477,DATAMATICS,EQ,136933,54731,39.97
20,478,DATAPATTNS,EQ,207091,111248,53.72
20,479,DBCORP,EQ,257852,167123,64.81
20,480,DBL,EQ,467772,186331,39.83
20,481,DBOL,EQ,129402,66969,51.75
20,482,DBREALTY,EQ,6217153,3318633,53.38
20,483,DCAL,EQ,1130965,499874,44.20
20,484,DCBBANK,EQ,5754262,2945221,51.18
20,485,DCI,EQ,24797,15379,62.02
20,486,DCM,EQ,125674,60706,48.30
20,487,DCMNVL,EQ,32128,22845,71.11
20,488,DCMSHRIRAM,EQ,125524,52493,41.82
20,489,DCMSRIND,EQ,406634,214800,52.82
20,490,DCW,EQ,4804126,2210947,46.02
20,491,DCXINDIA,EQ,826201,327445,39.63
20,492,DECCANCE,EQ,14065,8330,59.23
20,493,DEEPAKFERT,EQ,362609,162428,44.79
20,494,DEEPAKNTR,EQ,367496,141633,38.54
20,495,DEEPENR,EQ,30551,17032,55.75
20,496,DEEPINDS,EQ,220169,96528,43.84
20,497,DELHIVERY,EQ,432307,245120,56.70
20,498,DELPHIFX,EQ,19171,14109,73.60
20,499,DELTACORP,EQ,1836472,902255,49.13
20,500,DELTAMAGNT,EQ,12973,6687,51.55
20,501,DEN,EQ,9060787,2282056,25.19
20,502,DENEERS,SM,7200,4200,58.33
20,503,DENORA,EQ,10612,5434,51.21
20,504,DENTALKART,SM,8000,6000,75.00
20,505,DESTINY,SM,9000,9000,100.00
20,506,DEVYANI,EQ,1417488,977701,68.97
20,507,DGCONTENT,EQ,18933,13849,73.15
20,508,DHAMPURSUG,EQ,235208,91340,38.83
20,509,DHANBANK,EQ,4575822,2259194,49.37
20,510,DHANI,EQ,1673068,878336,52.50
20,511,DHANILOANS,N7,110,110,100.00
20,512,DHANILOANS,N8,263,263,100.00
20,513,DHANILOANS,NF,40,40,100.00
20,514,DHANUKA,EQ,44947,20186,44.91
20,515,DHARMAJ,EQ,129208,62659,48.49
20,516,DHRUV,EQ,72431,49104,67.79
20,517,DHUNINV,EQ,3452,1873,54.26
20,518,DIAMINESQ,EQ,18129,9340,51.52
20,519,DIAMONDYD,EQ,91973,35019,38.08
20,520,DICIND,EQ,16718,10474,62.65
20,521,DIGIKORE,SM,152800,120800,79.06
20,522,DIGISPICE,EQ,207451,117666,56.72
20,523,DIL,EQ,1960630,1144462,58.37
20,524,DISHTV,EQ,48383122,22405541,46.31
20,525,DIVGIITTS,EQ,48512,34653,71.43
20,526,DIVISLAB,EQ,574671,316725,55.11
20,527,DIVOPPBEES,EQ,69472,59226,85.25
20,528,DIXON,EQ,203515,53287,26.18
20,529,DJML,EQ,6937,3686,53.14
20,530,DLF,EQ,6183356,3543702,57.31
20,531,DLINKINDIA,EQ,127092,55119,43.37
20,532,DMART,EQ,516399,429406,83.15
20,533,DMCC,EQ,44403,18791,42.32
20,534,DODLA,EQ,59534,23995,40.30
20,535,DOLATALGO,EQ,313735,168123,53.59
20,536,DOLLAR,EQ,71717,32782,45.71
20,537,DOLLEX,SM,72000,32000,44.44
20,538,DOMS,EQ,442540,293994,66.43
20,539,DONEAR,EQ,512256,193583,37.79
20,540,DPABHUSHAN,EQ,6371,3429,53.82
20,541,DPSCLTD,EQ,542792,388722,71.62
20,542,DPWIRES,EQ,18387,9446,51.37
20,543,DREAMFOLKS,EQ,177605,80958,45.58
20,544,DREDGECORP,EQ,2383014,503851,21.14
20,545,DRL,ST,3000,3000,100.00
20,546,DRONE,SM,56000,39000,69.64
20,547,DRREDDY,EQ,355792,221768,62.33
20,548,DSPBANKETF,EQ,167437,120812,72.15
20,549,DSPGOLDETF,EQ,3915,3718,94.97
20,550,DSPITETF,EQ,26342,19059,72.35
20,551,DSPN50ETF,EQ,2478,1709,68.97
20,552,DSPNEWETF,EQ,24767,24549,99.12
20,553,DSPPSBKETF,EQ,5543,2779,50.14
20,554,DSPPVBKETF,EQ,2060984,2043237,99.14
20,555,DSPQ50ETF,EQ,3383,1251,36.98
20,556,DSPSENXETF,EQ,756,470,62.17
20,557,DSPSILVETF,EQ,9219,7683,83.34
20,558,DSSL,EQ,38002,22075,58.09
20,559,DTIL,EQ,11789,7149,60.64
20,560,DUCOL,SM,40000,33600,84.00
20,561,DUGLOBAL,SM,30000,25000,83.33
20,562,DVL,EQ,96303,43515,45.19
20,563,DWARKESH,EQ,561792,287106,51.11
20,564,DYCL,EQ,26633,19125,71.81
20,565,DYNAMATECH,EQ,4727,2023,42.80
20,566,DYNAMIC,SM,9000,9000,100.00
20,567,DYNPRO,EQ,17395,10279,59.09
20,568,EASEMYTRIP,EQ,20460551,13412232,65.55
20,569,EBBETF0425,EQ,6901,6655,96.44
20,570,EBBETF0430,EQ,6664,6108,91.66
20,571,EBBETF0431,EQ,4581,4552,99.37
20,572,EBBETF0433,EQ,838,784,93.56
20,573,ECLERX,EQ,57753,32232,55.81
20,574,ECLFINANCE,NJ,340,275,80.88
20,575,ECLFINANCE,NK,861,650,75.49
20,576,ECLFINANCE,NR,321,279,86.92
20,577,ECLFINANCE,NS,104,45,43.27
20,578,EDELWEISS,EQ,4102687,2033427,49.56
20,579,EFACTOR,SM,56000,49600,88.57
20,580,EFORCE,SM,187200,115200,61.54
20,581,EGOLD,EQ,381,380,99.74
20,582,EICHERMOT,EQ,585284,382099,65.28
20,583,EIDPARRY,EQ,294534,172060,58.42
20,584,EIFFL,EQ,19362,17562,90.70
20,585,EIHAHOTELS,EQ,66473,35620,53.59
20,586,EIHOTEL,EQ,925643,626298,67.66
20,587,EKC,EQ,963888,451340,46.82
20,588,ELDEHSG,EQ,9280,3944,42.50
20,589,ELECON,EQ,290190,102012,35.15
20,590,ELECTCAST,EQ,5895119,3354128,56.90
20,591,ELGIEQUIP,EQ,120498,53943,44.77
20,592,ELIN,EQ,540591,161181,29.82
20,593,EMAMILTD,EQ,603094,381610,63.28
20,594,EMAMIPAP,EQ,75167,52228,69.48
20,595,EMBASSY,RR,6341638,5216490,82.26
20,596,EMIL,EQ,257625,167523,65.03
20,597,EMKAYTOOLS,SM,1200,900,75.00
20,598,EMMBI,EQ,60324,23564,39.06
20,599,EMSLIMITED,EQ,238143,152676,64.11
20,600,EMUDHRA,EQ,176903,78959,44.63
20,601,ENDURANCE,EQ,537069,298081,55.50
20,602,ENGINERSIN,EQ,9817388,2267402,23.10
20,603,ENIL,EQ,919791,217337,23.63
20,604,EPIGRAL,EQ,56042,24900,44.43
20,605,EPL,EQ,794649,508248,63.96
20,606,EQUITASBNK,EQ,3153291,1659724,52.63
20,607,ERFLNCDI,N6,200,200,100.00
20,608,ERIS,EQ,52730,20743,39.34
20,609,EROSMEDIA,EQ,1223348,575029,47.00
20,610,ESABINDIA,EQ,2487,1484,59.67
20,611,ESAFSFB,EQ,1729192,888599,51.39
20,612,ESCORTS,EQ,225541,75289,33.38
20,613,ESFL,SM,116400,84000,72.16
20,614,ESG,EQ,12468,9050,72.59
20,615,ESILVER,EQ,5460,3713,68.00
20,616,ESSARSHPNG,EQ,409833,263438,64.28
20,617,ESTER,EQ,220252,114409,51.94
20,618,ETHOSLTD,EQ,112462,57812,51.41
20,619,EUROBOND,SM,6000,5000,83.33
20,620,EUROTEXIND,EQ,1853,827,44.63
20,621,EVEREADY,EQ,446707,353940,79.23
20,622,EVERESTIND,EQ,13389,5961,44.52
20,623,EXCELINDUS,EQ,50773,39422,77.64
20,624,EXIDEIND,EQ,4636107,2514119,54.23
20,625,EXPLEOSOL,EQ,20252,12441,61.43
20,626,EXXARO,EQ,82092,47906,58.36
20,627,FACT,EQ,783382,135396,17.28
20,628,FAIRCHEMOR,EQ,26657,14354,53.85
20,629,FAZE3Q,EQ,11253,5449,48.42
20,630,FCL,EQ,369005,158495,42.95
20,631,FCSSOFT,EQ,32608603,14019357,42.99
20,632,FDC,EQ,316052,109893,34.77
20,633,FEDERALBNK,EQ,48678947,20637405,42.39
20,634,FEDFINA,EQ,997700,583315,58.47
20,635,FELIX,SM,2000,2000,100.00
20,636,FIBERWEB,EQ,92671,50434,54.42
20,637,FIDEL,SM,37000,27000,72.97
20,638,FIEMIND,EQ,69561,31465,45.23
20,639,FILATEX,EQ,4096777,1919925,46.86
20,640,FINCABLES,EQ,138468,60026,43.35
20,641,FINEORG,EQ,24906,12822,51.48
20,642,FINIETF,EQ,58625,44883,76.56
20,643,FINOPB,EQ,125094,59298,47.40
20,644,FINPIPE,EQ,699480,305939,43.74
20,645,FIVESTAR,EQ,301088,216230,71.82
20,646,FLAIR,EQ,189685,105068,55.39
20,647,FLEXITUFF,EQ,7305,4665,63.86
20,648,FLUOROCHEM,EQ,51396,24114,46.92
20,649,FMCGIETF,EQ,5710,3683,64.50
20,650,FMGOETZE,EQ,175333,89684,51.15
20,651,FMNL,EQ,279125,206063,73.82
20,652,FOCE,SM,400,400,100.00
20,653,FOCUS,EQ,318722,207322,65.05
20,654,FOODSIN,EQ,244240,129549,53.04
20,655,FORTIS,EQ,807963,589795,73.00
20,656,FOSECOIND,EQ,1590,1046,65.79
20,657,FROG,SM,26400,20800,78.79
20,658,FSL,EQ,3842796,1080096,28.11
20,659,FUSION,EQ,453126,189353,41.79
20,660,GABRIEL,EQ,264746,163824,61.88
20,661,GAEL,EQ,268913,135079,50.23
20,662,GAIL,EQ,31113706,14378001,46.21
20,663,GALAXYSURF,EQ,22110,11628,52.59
20,664,GALLANTT,EQ,431052,218806,50.76
20,665,GANDHAR,EQ,814025,261270,32.10
20,666,GANDHITUBE,EQ,6534,3617,55.36
20,667,GANECOS,EQ,78113,58893,75.39
20,668,GANESHBE,EQ,290755,149516,51.42
20,669,GANESHHOUC,EQ,3572598,568319,15.91
20,670,GANGESSECU,EQ,3554,2987,84.05
20,671,GARFIBRES,EQ,6050,2900,47.93
20,672,GATECHDVR,EQ,104172,85413,81.99
20,673,GATEWAY,EQ,908493,369572,40.68
20,674,GEECEE,EQ,31036,13276,42.78
20,675,GENESYS,EQ,241104,92497,38.36
20,676,GENUSPAPER,EQ,1849917,451042,24.38
20,677,GENUSPOWER,EQ,524787,315125,60.05
20,678,GEOJITFSL,EQ,2679962,526818,19.66
20,679,GEPIL,EQ,526957,237688,45.11
20,680,GESHIP,EQ,612333,278966,45.56
20,681,GFLLIMITED,EQ,114754,63949,55.73
20,682,GHCL,EQ,198588,99783,50.25
20,683,GHCLTEXTIL,EQ,620900,377793,60.85
20,684,GICHSGFIN,EQ,620893,261045,42.04
20,685,GICL,SM,330000,258000,78.18
20,686,GICRE,EQ,2229727,738168,33.11
20,687,GILLANDERS,EQ,252762,108827,43.06
20,688,GILLETTE,EQ,45663,30260,66.27
20,689,GILT5YBEES,EQ,338123,255067,75.44
20,690,GINNIFILA,EQ,209786,131747,62.80
20,691,GIPCL,EQ,1140313,399750,35.06
20,692,GIRIRAJ,ST,2000,2000,100.00
20,693,GLAND,EQ,259628,171301,65.98
20,694,GLAXO,EQ,352667,229679,65.13
20,695,GLENMARK,EQ,714859,300010,41.97
20,696,GLOBAL,EQ,82007,37843,46.15
20,697,GLOBALPET,SM,28500,25500,89.47
20,698,GLOBUSSPR,EQ,76564,41647,54.40
20,699,GLS,EQ,87841,48585,55.31
20,700,GMBREW,EQ,28590,13055,45.66
20,701,GMDCLTD,EQ,2551196,776876,30.45
20,702,GMMPFAUDLR,EQ,177137,118741,67.03
20,703,GMRINFRA,EQ,31240324,14349948,45.93
20,704,GMRP&UI,EQ,1589661,1132956,71.27
20,705,GNA,EQ,123686,65925,53.30
20,706,GNFC,EQ,635330,278959,43.91
20,707,GOACARBON,EQ,3910818,623662,15.95
20,708,GOCLCORP,EQ,95087,56043,58.94
20,709,GOCOLORS,EQ,152729,90259,59.10
20,710,GODFRYPHLP,EQ,36303,20090,55.34
20,711,GODREJAGRO,EQ,141788,47672,33.62
20,712,GODREJCP,EQ,1949800,1531882,78.57
20,713,GODREJIND,EQ,521781,252243,48.34
20,714,GODREJPROP,EQ,572136,309973,54.18
20,715,GOKEX,EQ,196539,88885,45.23
20,716,GOKUL,EQ,336560,182297,54.16
20,717,GOKULAGRO,EQ,180270,82625,45.83
20,718,GOLDBEES,EQ,4241987,3520483,82.99
20,719,GOLDETF,EQ,58648,40675,69.35
20,720,GOLDIAM,EQ,277218,142249,51.31
20,721,GOLDIETF,EQ,605100,556407,91.95
20,722,GOLDSHARE,EQ,57785,38140,66.00
20,723,GOLDSTAR,ST,56250,45000,80.00
20,724,GOODLUCK,EQ,233986,84992,36.32
20,725,GOYALSALT,SM,33000,24000,72.73
20,726,GPIL,EQ,390375,218528,55.98
20,727,GPPL,EQ,2618189,1271054,48.55
20,728,GRANULES,EQ,1302545,459579,35.28
20,729,GRAPHISAD,SM,81600,54000,66.18
20,730,GRAPHITE,EQ,1605079,389541,24.27
20,731,GRASIM,EQ,733818,367137,50.03
20,732,GRAVITA,EQ,159788,69619,43.57
20,733,GREAVESCOT,EQ,1667606,664515,39.85
20,734,GREENCHEF,SM,41600,32000,76.92
20,735,GREENLAM,EQ,45918,19441,42.34
20,736,GREENPANEL,EQ,174242,79512,45.63
20,737,GREENPLY,EQ,254341,101214,39.79
20,738,GREENPOWER,EQ,5840651,3579527,61.29
20,739,GRINDWELL,EQ,15243,8473,55.59
20,740,GRINFRA,EQ,98565,45894,46.56
20,741,GRMOVER,EQ,63796,36399,57.06
20,742,GROBTEA,EQ,585,354,60.51
20,743,GRPLTD,EQ,11,9,81.82
20,744,GRSE,EQ,2319823,427106,18.41
20,745,GRWRHITECH,EQ,17933,10797,60.21
20,746,GSEC10IETF,EQ,24,24,100.00
20,747,GSEC10YEAR,EQ,1565,1254,80.13
20,748,GSEC5IETF,EQ,864,780,90.28
20,749,GSFC,EQ,4742512,1515374,31.95
20,750,GSLSU,EQ,677869,261964,38.65
20,751,GSPL,EQ,541645,272294,50.27
20,752,GSS,EQ,195902,118534,60.51
20,753,GSTL,ST,17000,16000,94.12
20,754,GTLINFRA,EQ,26981363,26981033,100.00
20,755,GTPL,EQ,256158,77401,30.22
20,756,GUFICBIO,EQ,131681,68467,51.99
20,757,GUJALKALI,EQ,49870,19059,38.22
20,758,GUJAPOLLO,EQ,74560,36465,48.91
20,759,GUJGASLTD,EQ,2688070,1004433,37.37
20,760,GULFOILLUB,EQ,230991,98811,42.78
20,761,GULPOLY,EQ,91450,52567,57.48
20,762,GVKPIL,EQ,21828677,12129504,55.57
20,763,HAL,EQ,1643170,892614,54.32
20,764,HAPPSTMNDS,EQ,710873,277173,38.99
20,765,HAPPYFORGE,EQ,283378,111227,39.25
20,766,HARDWYN,EQ,483725,363206,75.09
20,767,HARIOMPIPE,EQ,52175,32603,62.49
20,768,HARSHA,EQ,73617,41640,56.56
20,769,HATHWAY,EQ,25038164,5213840,20.82
20,770,HATSUN,EQ,19162,9200,48.01
20,771,HAVELLS,EQ,1089285,781958,71.79
20,772,HBLPOWER,EQ,1008156,427287,42.38
20,773,HCC,EQ,32607853,9885628,30.32
20,774,HCG,EQ,51800,30066,58.04
20,775,HCL-INSYS,EQ,742914,516045,69.46
20,776,HCLTECH,EQ,3846289,1815254,47.19
20,777,HDFCAMC,EQ,385317,136936,35.54
20,778,HDFCBANK,EQ,85072618,53380592,62.75
20,779,HDFCBSE500,EQ,24921,17888,71.78
20,780,HDFCGOLD,EQ,372422,234700,63.02
20,781,HDFCGROWTH,EQ,1460,608,41.64
20,782,HDFCLIFE,EQ,10183042,7606043,74.69
20,783,HDFCLIQUID,EQ,838,762,90.93
20,784,HDFCLOWVOL,EQ,8710,7452,85.56
20,785,HDFCMID150,EQ,712178,415886,58.40
20,786,HDFCMOMENT,EQ,42287,27169,64.25
20,787,HDFCNEXT50,EQ,10508,8421,80.14
20,788,HDFCNIF100,EQ,21614,16016,74.10
20,789,HDFCNIFBAN,EQ,108716,97451,89.64
20,790,HDFCNIFIT,EQ,3039,2217,72.95
20,791,HDFCNIFTY,EQ,84820,69237,81.63
20,792,HDFCPVTBAN,EQ,272720,252118,92.45
20,793,HDFCQUAL,EQ,5628,5550,98.61
20,794,HDFCSENSEX,EQ,14385,10737,74.64
20,795,HDFCSILVER,EQ,172420,147855,85.75
20,796,HDFCSML250,EQ,327350,181519,55.45
20,797,HDFCVALUE,EQ,3782,1968,52.04
20,798,HEADSUP,EQ,105204,75083,71.37
20,799,HEALTHIETF,EQ,20295,17485,86.15
20,800,HEALTHY,EQ,279565,175873,62.91
20,801,HEG,EQ,292321,55215,18.89
20,802,HEIDELBERG,EQ,284957,141600,49.69
20,803,HEMIPROP,EQ,1111242,526820,47.41
20,804,HERANBA,EQ,90836,40162,44.21
20,805,HERCULES,EQ,417737,125161,29.96
20,806,HERITGFOOD,EQ,1063114,469280,44.14
20,807,HEROMOTOCO,EQ,443836,194514,43.83
20,808,HESTERBIO,EQ,3793,3054,80.52
20,809,HEUBACHIND,EQ,52631,27832,52.88
20,810,HEXATRADEX,EQ,103365,57080,55.22
20,811,HFCL,EQ,14360146,5104159,35.54
20,812,HGINFRA,EQ,220278,130191,59.10
20,813,HGS,EQ,20214,12415,61.42
20,814,HIGREEN,SM,112000,73600,65.71
20,815,HIKAL,EQ,192018,103383,53.84
20,816,HIL,EQ,12566,7064,56.22
20,817,HILTON,EQ,94444,41457,43.90
20,818,HIMATSEIDE,EQ,399001,204619,51.28
20,819,HINDALCO,EQ,6148035,2984297,48.54
20,820,HINDCOMPOS,EQ,14307,11117,77.70
20,821,HINDCOPPER,EQ,5661863,2143750,37.86
20,822,HINDMOTORS,EQ,3840639,2378939,61.94
20,823,HINDOILEXP,EQ,919840,399708,43.45
20,824,HINDPETRO,EQ,8658106,3915802,45.23
20,825,HINDUNILVR,EQ,3047652,2514107,82.49
20,826,HINDWAREAP,EQ,116357,78361,67.35
20,827,HINDZINC,EQ,765447,493877,64.52
20,828,HIRECT,EQ,9720,6096,62.72
20,829,HISARMETAL,EQ,7418,4636,62.50
20,830,HITECH,EQ,3007331,2034021,67.64
20,831,HITECHCORP,EQ,7908,3578,45.25
20,832,HITECHGEAR,EQ,30882,14223,46.06
20,833,HLEGLAS,EQ,83718,33680,40.23
20,834,HLVLTD,EQ,800358,442765,55.32
20,835,HMAAGRO,EQ,675738,411248,60.86
20,836,HMVL,EQ,320644,122169,38.10
20,837,HNDFDS,EQ,31539,19485,61.78
20,838,HNGSNGBEES,EQ,578346,522084,90.27
20,839,HOLMARC,SM,30000,18000,60.00
20,840,HOMEFIRST,EQ,141973,75530,53.20
20,841,HOMESFY,SM,900,900,100.00
20,842,HONASA,EQ,654455,434274,66.36
20,843,HONAUT,EQ,4492,2468,54.94
20,844,HONDAPOWER,EQ,27630,17815,64.48
20,845,HPAL,EQ,343399,177602,51.72
20,846,HPL,EQ,242812,127852,52.65
20,847,HRHNEXT,SM,312000,159000,50.96
20,848,HTMEDIA,EQ,1407888,499064,35.45
20,849,HUBTOWN,EQ,768734,683488,88.91
20,850,HUDCO,EQ,52876313,13242872,25.04
20,851,HUDCO,N5,57,57,100.00
20,852,HUDCO,N8,1539,1216,79.01
20,853,HUDCO,ND,10,10,100.00
20,854,HUDCO,NE,840,810,96.43
20,855,HUHTAMAKI,EQ,197708,115762,58.55
20,856,IBLFL,ST,326000,326000,100.00
20,857,IBREALEST,EQ,15904150,4662323,29.32
20,858,IBUCCREDIT,NB,60,60,100.00
20,859,IBUCCREDIT,NI,80,68,85.00
20,860,IBULHSG,N5,60,60,100.00
20,861,IBULHSG,NV,5,5,100.00
20,862,IBULHSG,NZ,10,10,100.00
20,863,IBULHSG,Y1,20,20,100.00
20,864,IBULHSG,Y3,10,10,100.00
20,865,IBULHSG,YC,16,16,100.00
20,866,IBULHSGFIN,AJ,27,20,74.07
20,867,IBULHSGFIN,AR,27,27,100.00
20,868,IBULHSGFIN,AT,6,3,50.00
20,869,IBULHSGFIN,AX,56,56,100.00
20,870,IBULHSGFIN,AZ,25,25,100.00
20,871,IBULHSGFIN,BF,203,203,100.00
20,872,IBULHSGFIN,EQ,13302854,5625044,42.28
20,873,IBULHSGFIN,N0,190,190,100.00
20,874,IBULHSGFIN,N8,9,9,100.00
20,875,IBULHSGFIN,NA,30,30,100.00
20,876,IBULHSGFIN,YC,50,50,100.00
20,877,IBULHSGFIN,YI,16,16,100.00
20,878,IBULHSGFIN,ZP,21,21,100.00
20,879,IBULHSGFIN,ZU,1,1,100.00
20,880,IBULHSGFIN,ZX,819,745,90.96
20,881,IBULHSGFIN,ZY,379,379,100.00
20,882,ICEMAKE,EQ,22917,12351,53.89
20,883,ICICIB22,EQ,999857,668501,66.86
20,884,ICICIBANK,EQ,41914771,17595246,41.98
20,885,ICICIGI,EQ,5235862,1924102,36.75
20,886,ICICIPRULI,EQ,2308422,1452855,62.94
20,887,ICIL,EQ,284389,128718,45.26
20,888,ICRA,EQ,1201,741,61.70
20,889,IDBI,EQ,13243333,6159953,46.51
20,890,IDEA,EQ,383695346,87237107,22.74
20,891,IDEAFORGE,EQ,102422,54406,53.12
20,892,IDFC,EQ,9718513,3242246,33.36
20,893,IDFCFIRSTB,EQ,95907710,30718410,32.03
20,894,IDFNIFTYET,EQ,544,524,96.32
20,895,IEX,EQ,69324261,27560537,39.76
20,896,IFBAGRO,EQ,9598,5923,61.71
20,897,IFBIND,EQ,28902,17592,60.87
20,898,IFCI,EQ,38333404,7493065,19.55
20,899,IFCI,NH,116,103,88.79
20,900,IFCI,NI,30,30,100.00
20,901,IFCI,NL,350,350,100.00
20,902,IFGLEXPOR,EQ,16471,10211,61.99
20,903,IGARASHI,EQ,49667,21893,44.08
20,904,IGL,EQ,2594250,1353702,52.18
20,905,IGPL,EQ,32442,15121,46.61
20,906,IIFCL,N4,100,100,100.00
20,907,IIFL,EQ,700738,332464,47.44
20,908,IIFL,N6,295,295,100.00
20,909,IIFL,N7,200,200,100.00
20,910,IIFL,NE,877,877,100.00
20,911,IIFL,NF,1382,1377,99.64
20,912,IIFL,NG,489,394,80.57
20,913,IIFL,NJ,1,1,100.00
20,914,IIFL,NL,435,435,100.00
20,915,IIFL,NO,16,16,100.00
20,916,IIFL,NP,30,30,100.00
20,917,IIFL,NR,5,5,100.00
20,918,IIFL,NS,98,96,97.96
20,919,IIFL,NT,16,16,100.00
20,920,IIFL,NV,350,350,100.00
20,921,IIFL,NZ,586,585,99.83
20,922,IIFL,Y1,52,52,100.00
20,923,IIFLSAMFIN,N0,46,46,100.00
20,924,IIFLSAMFIN,N4,35,35,100.00
20,925,IIFLSAMFIN,N5,110,110,100.00
20,926,IIFLSEC,EQ,1610154,818382,50.83
20,927,IIHFL,N4,3,3,100.00
20,928,IIHFL,N5,1322,1322,100.00
20,929,IIHFL,N6,1,1,100.00
20,930,IIHFL,N9,10,10,100.00
20,931,IIHFL,NC,1416,1216,85.88
20,932,IIHFL,NE,10,10,100.00
20,933,IKIO,EQ,664976,250627,37.69
20,934,IMAGICAA,EQ,3653923,1257282,34.41
20,935,IMC1,N0,30,20,66.67
20,936,IMC1,N1,10,10,100.00
20,937,IMC1,N2,11,11,100.00
20,938,IMC1,N3,50,50,100.00
20,939,IMFA,EQ,140802,56223,39.93
20,940,IMPAL,EQ,3424,2252,65.77
20,941,IMPEXFERRO,EQ,125737,125737,100.00
20,942,INCREDFIN,N2,102,102,100.00
20,943,INCREDFIN,N3,1,1,100.00
20,944,INCREDFIN,N4,22,22,100.00
20,945,INDBANK,EQ,387421,192939,49.80
20,946,INDHOTEL,EQ,2775046,1785226,64.33
20,947,INDIACEM,EQ,4140149,1319026,31.86
20,948,INDIAGLYCO,EQ,109006,43374,39.79
20,949,INDIAMART,EQ,112781,48986,43.43
20,950,INDIANB,EQ,2939256,1930645,65.68
20,951,INDIANCARD,EQ,22209,11202,50.44
20,952,INDIANHUME,EQ,39482,20771,52.61
20,953,INDIASHLTR,EQ,476182,342776,71.98
20,954,INDIFRA,SM,38000,22000,57.89
20,955,INDIGO,EQ,771661,467253,60.55
20,956,INDIGOPNTS,EQ,77428,39348,50.82
20,957,INDIGRID,IV,473782,447303,94.41
20,958,INDIGRID,ND,162,162,100.00
20,959,INDIGRID,NF,13,13,100.00
20,960,INDIGRID,NJ,109,100,91.74
20,961,INDIGRID,NL,5,5,100.00
20,962,INDNIPPON,EQ,27615,12486,45.21
20,963,INDOAMIN,EQ,243538,105036,43.13
20,964,INDOBORAX,EQ,108376,55262,50.99
20,965,INDOCO,EQ,129428,62878,48.58
20,966,INDORAMA,EQ,247307,124982,50.54
20,967,INDOTECH,EQ,14070,10557,75.03
20,968,INDOTHAI,EQ,96247,51194,53.19
20,969,INDSWFTLAB,EQ,161709,86461,53.47
20,970,INDTERRAIN,EQ,290173,153593,52.93
20,971,INDUSINDBK,EQ,6683398,2394318,35.82
20,972,INDUSTOWER,EQ,12467379,5208947,41.78
20,973,INFIBEAM,EQ,137200081,19497005,14.21
20,974,INFINIUM,SM,9000,8000,88.89
20,975,INFOBEAN,EQ,18364,8973,48.86
20,976,INFOLLION,SM,28000,22400,80.00
20,977,INFRABEES,EQ,14504,12082,83.30
20,978,INFRAIETF,EQ,74045,61266,82.74
20,979,INFY,EQ,9209876,6966637,75.64
20,980,INGERRAND,EQ,16429,9517,57.93
20,981,INNOVACAP,EQ,275306,99928,36.30
20,982,INNOVANA,SM,17800,14600,82.02
20,983,INNOVATIVE,ST,267000,255000,95.51
20,984,INOXGREEN,EQ,1676363,1074682,64.11
20,985,INOXINDIA,EQ,274152,149519,54.54
20,986,INOXWIND,EQ,507828,278923,54.92
20,987,INSECTICID,EQ,18119,6608,36.47
20,988,INSPIRE,SM,2000,2000,100.00
20,989,INTELLECT,EQ,435387,154846,35.57
20,990,INTENTECH,EQ,633252,252582,39.89
20,991,INTLCONV,EQ,550499,287049,52.14
20,992,IOB,EQ,20115305,5244979,26.07
20,993,IOC,EQ,43031636,19448104,45.19
20,994,IOLCP,EQ,160158,72934,45.54
20,995,IONEXCHANG,EQ,499704,229149,45.86
20,996,IPCALAB,EQ,219441,115361,52.57
20,997,IPL,EQ,1384022,464705,33.58
20,998,IPSL,SM,30000,30000,100.00
20,999,IRB,EQ,22197819,8527602,38.42
20,1000,IRBINVIT,IV,336270,321245,95.53
20,1001,IRCON,EQ,42531427,9588427,22.54
20,1002,IRCTC,EQ,3782327,1157943,30.61
20,1003,IREDA,EQ,81578431,26854989,32.92
20,1004,IREDA,N1,2,2,100.00
20,1005,IREDA,N4,50,50,100.00
20,1006,IREDA,N7,333,333,100.00
20,1007,IRFC,EQ,336463589,56057487,16.66
20,1008,IRFC,N2,110,110,100.00
20,1009,IRFC,N4,545,387,71.01
20,1010,IRFC,N9,144,144,100.00
20,1011,IRFC,NA,584,304,52.05
20,1012,IRFC,NE,103,103,100.00
20,1013,IRFC,NF,5,5,100.00
20,1014,IRFC,NI,7,7,100.00
20,1015,IRFC,NJ,744,744,100.00
20,1016,IRFC,NO,753,650,86.32
20,1017,IRIS,EQ,38295,26935,70.34
20,1018,IRISDOREME,EQ,128548,43190,33.60
20,1019,IRMENERGY,EQ,206040,94040,45.64
20,1020,ISEC,EQ,1507333,710439,47.13
20,1021,ISFT,EQ,540610,188187,34.81
20,1022,ISGEC,EQ,113379,51951,45.82
20,1023,ISHAN,ST,9600,9600,100.00
20,1024,ISMTLTD,EQ,374142,165183,44.15
20,1025,ITBEES,EQ,7129906,5085748,71.33
20,1026,ITC,EQ,11108698,6151281,55.37
20,1027,ITDC,EQ,3540247,368930,10.42
20,1028,ITDCEM,EQ,1098760,406005,36.95
20,1029,ITETF,EQ,23384,16197,69.27
20,1030,ITI,EQ,16361263,1759435,10.75
20,1031,ITIETF,EQ,648188,338448,52.21
20,1032,IVZINGOLD,EQ,61,35,57.38
20,1033,IVZINNIFTY,EQ,2,2,100.00
20,1034,JAGRAN,EQ,501794,216308,43.11
20,1035,JAGSNPHARM,EQ,29043,20548,70.75
20,1036,JAICORPLTD,EQ,802108,368747,45.97
20,1037,JAINAM,SM,11000,11000,100.00
20,1038,JAIPURKURT,EQ,316470,161897,51.16
20,1039,JALAN,ST,6000,6000,100.00
20,1040,JAMNAAUTO,EQ,2125114,1331422,62.65
20,1041,JASH,EQ,214920,97752,45.48
20,1042,JAYAGROGN,EQ,91809,48929,53.29
20,1043,JAYBARMARU,EQ,414020,229385,55.40
20,1044,JAYNECOIND,EQ,187448,115912,61.84
20,1045,JAYSREETEA,EQ,168632,84194,49.93
20,1046,JBCHEPHARM,EQ,91568,63140,68.95
20,1047,JBMA,EQ,198844,73196,36.81
20,1048,JCHAC,EQ,30000,13567,45.22
20,1049,JETFREIGHT,EQ,153286,106577,69.53
20,1050,JFLLIFE,SM,114000,82000,71.93
20,1051,JHS,EQ,317430,215066,67.75
20,1052,JINDALPHOT,EQ,6102,4065,66.62
20,1053,JINDALPOLY,EQ,24059,13503,56.12
20,1054,JINDALSAW,EQ,3956264,1832073,46.31
20,1055,JINDALSTEL,EQ,2797056,819240,29.29
20,1056,JINDRILL,EQ,89116,54772,61.46
20,1057,JINDWORLD,EQ,98014,71994,73.45
20,1058,JIOFIN,EQ,28318086,17656951,62.35
20,1059,JISLDVREQS,EQ,36775,32721,88.98
20,1060,JISLJALEQS,EQ,2947309,1151590,39.07
20,1061,JIWANRAM,SM,72000,60000,83.33
20,1062,J&KBANK,EQ,4311524,2008401,46.58
20,1063,JKCEMENT,EQ,82923,33544,40.45
20,1064,JKIL,EQ,171234,107130,62.56
20,1065,JKLAKSHMI,EQ,139039,75577,54.36
20,1066,JKPAPER,EQ,1033193,393040,38.04
20,1067,JKTYRE,EQ,1825301,552751,30.28
20,1068,JLHL,EQ,22089,11002,49.81
20,1069,JMA,EQ,72573,47092,64.89
20,1070,JMFINANCIL,EQ,9932138,3162957,31.85
20,1071,JOCIL,EQ,50732,29559,58.27
20,1072,JPASSOCIAT,EQ,14704863,7582871,51.57
20,1073,JPOLYINVST,EQ,8731,5285,60.53
20,1074,JPPOWER,EQ,78461141,31816482,40.55
20,1075,JSL,EQ,3683949,2570923,69.79
20,1076,JSLL,ST,16920,16380,96.81
20,1077,JSWENERGY,EQ,3771709,1523657,40.40
20,1078,JSWHL,EQ,3002,1820,60.63
20,1079,JSWINFRA,EQ,2893194,1840431,63.61
20,1080,JSWSTEEL,EQ,1433551,657068,45.83
20,1081,JTEKTINDIA,EQ,346069,125832,36.36
20,1082,JTLIND,EQ,1584295,736483,46.49
20,1083,JUBLFOOD,EQ,3087685,1997310,64.69
20,1084,JUBLINDS,EQ,16075,9554,59.43
20,1085,JUBLINGREA,EQ,135995,60772,44.69
20,1086,JUBLPHARMA,EQ,293210,135715,46.29
20,1087,JUNIORBEES,EQ,137378,86046,62.63
20,1088,JUSTDIAL,EQ,396198,113771,28.72
20,1089,JWL,EQ,4344414,1843576,42.44
20,1090,JYOTHYLAB,EQ,1983749,499433,25.18
20,1091,JYOTICNC,EQ,5556401,1660793,29.89
20,1092,KABRAEXTRU,EQ,32597,16746,51.37
20,1093,KAJARIACER,EQ,254717,200045,78.54
20,1094,KAKATCEM,EQ,19369,11561,59.69
20,1095,KALAMANDIR,EQ,898207,591224,65.82
20,1096,KALYANKJIL,EQ,2670645,1479807,55.41
20,1097,KAMATHOTEL,EQ,304659,146519,48.09
20,1098,KAMDHENU,EQ,247146,100663,40.73
20,1099,KAMOPAINTS,EQ,517617,155497,30.04
20,1100,KANANIIND,EQ,2366842,1304509,55.12
20,1101,KANORICHEM,EQ,99068,46065,46.50
20,1102,KANPRPLA,EQ,14529,9267,63.78
20,1103,KANSAINER,EQ,380425,288842,75.93
20,1104,KARNIKA,SM,1600,1600,100.00
20,1105,KARURVYSYA,EQ,2150996,1133659,52.70
20,1106,KAYA,EQ,9120,6659,73.02
20,1107,KAYNES,EQ,85173,53739,63.09
20,1108,KBCGLOBAL,EQ,28162116,14569640,51.73
20,1109,KCEIL,ST,92000,86000,93.48
20,1110,KCK,SM,308000,236000,76.62
20,1111,KCP,EQ,1109864,518179,46.69
20,1112,KDDL,EQ,6489,4570,70.43
20,1113,KDL,SM,10800,6000,55.56
20,1114,KEC,EQ,254396,161773,63.59
20,1115,KECL,EQ,1384239,566587,40.93
20,1116,KEI,EQ,345298,145379,42.10
20,1117,KEL,SM,56400,38400,68.09
20,1118,KELLTONTEC,EQ,1882215,585035,31.08
20,1119,KESORAMIND,EQ,1819476,1228597,67.52
20,1120,KFINTECH,EQ,344780,187075,54.26
20,1121,KHAICHEM,EQ,248734,126085,50.69
20,1122,KHAITANLTD,EQ,50072,25557,51.04
20,1123,KHANDSE,EQ,65750,22208,33.78
20,1124,KHFM,SM,46500,31000,66.67
20,1125,KICL,EQ,5262,3737,71.02
20,1126,KILITCH,EQ,17078,10540,61.72
20,1127,KIMS,EQ,26268,13861,52.77
20,1128,KINGFA,EQ,3587,2170,60.50
20,1129,KIOCL,EQ,244494,83760,34.26
20,1130,KIRIINDUS,EQ,141642,86042,60.75
20,1131,KIRLOSBROS,EQ,35004,22978,65.64
20,1132,KIRLOSENG,EQ,113397,47454,41.85
20,1133,KIRLOSIND,EQ,3826,2416,63.15
20,1134,KIRLPNU,EQ,180064,135643,75.33
20,1135,KITEX,EQ,185222,91986,49.66
20,1136,KKCL,EQ,32059,16654,51.95
20,1137,KLL,ST,211200,188800,89.39
20,1138,KMSUGAR,EQ,226083,133468,59.03
20,1139,KNAGRI,SM,16000,11200,70.00
20,1140,KNRCON,EQ,605568,346586,57.23
20,1141,KODYTECH,SM,378400,254400,67.23
20,1142,KOKUYOCMLN,EQ,98949,59980,60.62
20,1143,KOLTEPATIL,EQ,283349,154073,54.38
20,1144,KONTOR,SM,6000,6000,100.00
20,1145,KOPRAN,EQ,217694,89944,41.32
20,1146,KORE,SM,6000,4000,66.67
20,1147,KOTAKALPHA,EQ,132683,77768,58.61
20,1148,KOTAKBANK,EQ,10836883,5024290,46.36
20,1149,KOTAKBKETF,EQ,328833,270435,82.24
20,1150,KOTAKCONS,EQ,520,369,70.96
20,1151,KOTAKGOLD,EQ,223253,192276,86.12
20,1152,KOTAKIT,EQ,58361,40623,69.61
20,1153,KOTAKLIQ,EQ,878,601,68.45
20,1154,KOTAKLOVOL,EQ,6694,6007,89.74
20,1155,KOTAKMID50,EQ,35705,22294,62.44
20,1156,KOTAKMNC,EQ,12422,9761,78.58
20,1157,KOTAKNIFTY,EQ,79474,67008,84.31
20,1158,KOTAKNV20,EQ,26354,13878,52.66
20,1159,KOTAKPSUBK,EQ,19454,8911,45.81
20,1160,KOTAKSILVE,EQ,15442,13510,87.49
20,1161,KOTARISUG,EQ,137371,81472,59.31
20,1162,KOTHARIPET,EQ,234674,90863,38.72
20,1163,KOTHARIPRO,EQ,39557,17007,42.99
20,1164,KOTYARK,SM,29600,21000,70.95
20,1165,KPIGREEN,EQ,158627,85112,53.66
20,1166,KPIL,EQ,314114,219518,69.88
20,1167,KPITTECH,EQ,699537,355418,50.81
20,1168,KPRMILL,EQ,360920,221402,61.34
20,1169,KRBL,EQ,198899,104397,52.49
20,1170,KREBSBIO,EQ,15962,12536,78.54
20,1171,KRISHANA,EQ,20444,12944,63.31
20,1172,KRISHCA,SM,17000,14000,82.35
20,1173,KRISHIVAL,SM,1500,1500,100.00
20,1174,KRISHNADEF,SM,10000,9500,95.00
20,1175,KRITI,EQ,155359,78438,50.49
20,1176,KRITINUT,EQ,44956,29564,65.76
20,1177,KRSNAA,EQ,51521,30295,58.80
20,1178,KSB,EQ,43101,22311,51.76
20,1179,KSCL,EQ,98852,57221,57.89
20,1180,KSL,EQ,307978,117448,38.14
20,1181,KSOLVES,EQ,22678,13148,57.98
20,1182,KTKBANK,EQ,2685869,1001511,37.29
20,1183,KUANTUM,EQ,107882,60587,56.16
20,1184,LAGNAM,EQ,27967,17630,63.04
20,1185,LAL,EQ,13497,8324,61.67
20,1186,LALPATHLAB,EQ,229259,165282,72.09
20,1187,LAMBODHARA,EQ,42634,19942,46.77
20,1188,LANDMARK,EQ,164941,85303,51.72
20,1189,LAOPALA,EQ,84699,44300,52.30
20,1190,LASA,EQ,243663,134021,55.00
20,1191,LATENTVIEW,EQ,672839,275251,40.91
20,1192,LATTEYS,EQ,576360,176535,30.63
20,1193,LAURUSLABS,EQ,1214218,615644,50.70
20,1194,LAXMICOT,EQ,235158,133395,56.73
20,1195,LAXMIMACH,EQ,2277,1182,51.91
20,1196,LEMERITE,SM,14400,9600,66.67
20,1197,LEMONTREE,EQ,3340330,1466073,43.89
20,1198,LFIC,EQ,6496,3609,55.56
20,1199,LGBBROSLTD,EQ,36246,11149,30.76
20,1200,LGBFORGE,EQ,253652,101187,39.89
20,1201,LIBAS,EQ,181096,106147,58.61
20,1202,LIBERTSHOE,EQ,773417,223594,28.91
20,1203,LICHSGFIN,EQ,2747008,1167583,42.50
20,1204,LICI,EQ,9015612,2885408,32.00
20,1205,LICMFGOLD,EQ,325,124,38.15
20,1206,LICNETFGSC,EQ,15994,9075,56.74
20,1207,LICNETFN50,EQ,8585,8582,99.97
20,1208,LICNETFSEN,EQ,196,191,97.45
20,1209,LICNFNHGP,EQ,3576,2460,68.79
20,1210,LIKHITHA,EQ,335169,207343,61.86
20,1211,LINC,EQ,8457,4565,53.98
20,1212,LINCOLN,EQ,55123,32356,58.70
20,1213,LINDEINDIA,EQ,31578,18519,58.65
20,1214,LIQUID,EQ,39916,27981,70.10
20,1215,LIQUIDBEES,EQ,3326218,2608807,78.43
20,1216,LIQUIDETF,EQ,1254391,658389,52.49
20,1217,LIQUIDIETF,EQ,688332,307061,44.61
20,1218,LIQUIDSBI,EQ,1573,1165,74.06
20,1219,LLOYDS,SM,1000,1000,100.00
20,1220,LLOYDSENGG,EQ,1714411,1177227,68.67
20,1221,LLOYDSME,EQ,304269,168572,55.40
20,1222,LODHA,EQ,549154,345649,62.94
20,1223,LOKESHMACH,EQ,50216,30663,61.06
20,1224,LORDSCHLO,EQ,165014,65417,39.64
20,1225,LOTUSEYE,EQ,185254,125714,67.86
20,1226,LOVABLE,EQ,71048,43902,61.79
20,1227,LOWVOL,EQ,1207,732,60.65
20,1228,LOWVOLIETF,EQ,156235,131532,84.19
20,1229,LOYALTEX,EQ,2410,1582,65.64
20,1230,LRRPL,SM,27000,18000,66.67
20,1231,LT,EQ,2699076,1661113,61.54
20,1232,L&TFH,EQ,6209769,2753837,44.35
20,1233,L&TFIN,NJ,129,129,100.00
20,1234,L&TFIN,NL,376,199,52.93
20,1235,L&TFIN,NN,25,25,100.00
20,1236,LTFOODS,EQ,765823,420874,54.96
20,1237,LTGILTBEES,EQ,554395,542917,97.93
20,1238,LTIM,EQ,472635,214858,45.46
20,1239,LTTS,EQ,944092,229053,24.26
20,1240,LUMAXIND,EQ,8784,4584,52.19
20,1241,LUMAXTECH,EQ,186149,90277,48.50
20,1242,LUPIN,EQ,792567,452075,57.04
20,1243,LUXIND,EQ,52560,28927,55.04
20,1244,LXCHEM,EQ,534564,280395,52.45
20,1245,MAANALU,EQ,44710,29442,65.85
20,1246,MADHAVBAUG,SM,5200,4400,84.62
20,1247,MADHUSUDAN,SM,20000,16000,80.00
20,1248,MADRASFERT,EQ,2175693,387426,17.81
20,1249,MAFANG,EQ,1053777,880814,83.59
20,1250,MAGADSUGAR,EQ,16017,5510,34.40
20,1251,MAGNUM,EQ,235744,146210,62.02
20,1252,MAGSON,SM,4000,4000,100.00
20,1253,MAHABANK,EQ,72215253,24268003,33.61
20,1254,MAHAPEXLTD,EQ,11426,8026,70.24
20,1255,MAHASTEEL,EQ,75897,43563,57.40
20,1256,MAHEPC,EQ,79870,34899,43.69
20,1257,MAHESHWARI,EQ,30782,20374,66.19
20,1258,MAHICKRA,SM,1500,1500,100.00
20,1259,MAHKTECH,EQ,5050072,2748773,54.43
20,1260,MAHLIFE,EQ,161133,77397,48.03
20,1261,MAHLOG,EQ,271202,124026,45.73
20,1262,MAHSCOOTER,EQ,6108,2889,47.30
20,1263,MAHSEAMLES,EQ,188396,104946,55.71
20,1264,MAITHANALL,EQ,124655,61265,49.15
20,1265,MAITREYA,SM,1600,1600,100.00
20,1266,MAKEINDIA,EQ,16477,11668,70.81
20,1267,MAKS,ST,6000,6000,100.00
20,1268,MAL,SM,17600,16000,90.91
20,1269,MALLCOM,EQ,5766,3118,54.08
20,1270,MALUPAPER,EQ,171003,91389,53.44
20,1271,MANAKALUCO,EQ,158683,102640,64.68
20,1272,MANAKSIA,EQ,122317,63510,51.92
20,1273,MANAKSTEEL,EQ,251007,188039,74.91
20,1274,MANALIPETC,EQ,886879,335626,37.84
20,1275,MANAPPURAM,EQ,8693065,4210941,48.44
20,1276,MANAV,SM,36000,36000,100.00
20,1277,MANGALAM,EQ,48620,31107,63.98
20,1278,MANGCHEFER,EQ,1083685,447084,41.26
20,1279,MANGLMCEM,EQ,94331,61292,64.98
20,1280,MANINDS,EQ,1074767,371731,34.59
20,1281,MANINFRA,EQ,773747,458842,59.30
20,1282,MANKIND,EQ,206189,151235,73.35
20,1283,MANOMAY,EQ,31955,19083,59.72
20,1284,MANORAMA,EQ,15273,9017,59.04
20,1285,MANORG,EQ,10738,7406,68.97
20,1286,MANYAVAR,EQ,432897,338611,78.22
20,1287,MAPMYINDIA,EQ,148257,84774,57.18
20,1288,MARALOVER,EQ,44045,21107,47.92
20,1289,MARATHON,EQ,53709,29271,54.50
20,1290,MARCO,SM,51000,42000,82.35
20,1291,MARICO,EQ,909008,408658,44.96
20,1292,MARINETRAN,SM,40000,24000,60.00
20,1293,MARKSANS,EQ,2509621,1522557,60.67
20,1294,MARSHALL,EQ,302780,177712,58.69
20,1295,MARUTI,EQ,610250,374562,61.38
20,1296,MASFIN,EQ,683112,208161,30.47
20,1297,MASPTOP50,EQ,267865,237432,88.64
20,1298,MASTEK,EQ,224437,67628,30.13
20,1299,MASTER,SM,2000,2000,100.00
20,1300,MATRIMONY,EQ,36168,25993,71.87
20,1301,MAWANASUG,EQ,135727,77312,56.96
20,1302,MAXESTATES,EQ,123025,68250,55.48
20,1303,MAXHEALTH,EQ,2519522,1771181,70.30
20,1304,MAXIND,EQ,94142,52352,55.61
20,1305,MAYURUNIQ,EQ,56870,28826,50.69
20,1306,MAZDA,EQ,17770,7304,41.10
20,1307,MAZDOCK,EQ,2306597,476162,20.64
20,1308,MBAPL,EQ,12001,7999,66.65
20,1309,MCDOWELL-N,EQ,647461,332179,51.30
20,1310,MCON,SM,4000,3000,75.00
20,1311,MCX,EQ,466334,109890,23.56
20,1312,MDL,SM,28000,26000,92.86
20,1313,MEDANTA,EQ,578347,251879,43.55
20,1314,MEDICAMEQ,EQ,22917,15961,69.65
20,1315,MEDICO,EQ,640640,419035,65.41
20,1316,MEDPLUS,EQ,50075,30839,61.59
20,1317,MEGAFLEX,SM,6000,6000,100.00
20,1318,MEGASTAR,EQ,14614,7894,54.02
20,1319,MENONBE,EQ,120578,70914,58.81
20,1320,METROBRAND,EQ,53611,25028,46.68
20,1321,METROPOLIS,EQ,191531,65532,34.21
20,1322,MFSL,EQ,1348443,729591,54.11
20,1323,MGEL,EQ,430973,305845,70.97
20,1324,MGL,EQ,564413,135024,23.92
20,1325,MHHL,SM,1500,1500,100.00
20,1326,MHRIL,EQ,122651,59380,48.41
20,1327,MICROPRO,SM,33600,25600,76.19
20,1328,MID150BEES,EQ,387549,190445,49.14
20,1329,MIDCAPETF,EQ,465443,361201,77.60
20,1330,MIDCAPIETF,EQ,21277,15620,73.41
20,1331,MIDHANI,EQ,7065993,1712184,24.23
20,1332,MIDSELIETF,EQ,65961,26150,39.64
20,1333,MILTON,SM,52800,52800,100.00
20,1334,MINDACORP,EQ,1585112,622594,39.28
20,1335,MINDPOOL,ST,1000,1000,100.00
20,1336,MINDSPACE,RR,449152,411028,91.51
20,1337,MINDTECK,EQ,123527,41447,33.55
20,1338,MIRZAINT,EQ,4448979,1069673,24.04
20,1339,MITCON,EQ,128928,67286,52.19
20,1340,MITTAL,EQ,6182033,3020916,48.87
20,1341,MKPL,EQ,15696105,5931229,37.79
20,1342,M&M,EQ,2548169,1676809,65.80
20,1343,M&MFIN,EQ,7075990,4433970,62.66
20,1344,M&MFIN,N2,356,256,71.91
20,1345,MMFL,EQ,29948,17545,58.58
20,1346,MMP,EQ,26592,16660,62.65
20,1347,MMTC,EQ,9343459,2385848,25.53
20,1348,MODISONLTD,EQ,57360,29775,51.91
20,1349,MOGSEC,EQ,26448,21792,82.40
20,1350,MOHEALTH,EQ,15593,8623,55.30
20,1351,MOHITIND,EQ,74115,59110,79.75
20,1352,MOIL,EQ,6770570,2030482,29.99
20,1353,MOL,EQ,1091927,456258,41.78
20,1354,MOLDTECH,EQ,93690,42488,45.35
20,1355,MOLDTKPAC,EQ,33707,18381,54.53
20,1356,MOLOWVOL,EQ,1697,1524,89.81
20,1357,MOM100,EQ,189933,129607,68.24
20,1358,MOM30IETF,EQ,541901,460555,84.99
20,1359,MOM50,EQ,3271,2376,72.64
20,1360,MOMENTUM,EQ,52721,41045,77.85
20,1361,MOMOMENTUM,EQ,100184,85136,84.98
20,1362,MON100,EQ,439490,236180,53.74
20,1363,MONARCH,EQ,211808,77023,36.36
20,1364,MONIFTY500,EQ,844538,487974,57.78
20,1365,MONOPHARMA,SM,4000,4000,100.00
20,1366,MONQ50,EQ,24041,11733,48.80
20,1367,MONTECARLO,EQ,16410,8039,48.99
20,1368,MOQUALITY,EQ,601,571,95.01
20,1369,MORARJEE,EQ,175867,112041,63.71
20,1370,MOREPENLAB,EQ,4469710,1595924,35.71
20,1371,MOS,SM,902400,451200,50.00
20,1372,MOTHERSON,EQ,17383298,10153405,58.41
20,1373,MOTILALOFS,EQ,278356,106274,38.18
20,1374,MOTISONS,EQ,4307696,1496976,34.75
20,1375,MOVALUE,EQ,86189,76204,88.41
20,1376,MOXSH,SM,2400,2400,100.00
20,1377,MPHASIS,EQ,379998,130172,34.26
20,1378,MPSLTD,EQ,5332,2740,51.39
20,1379,MPTODAY,SM,14000,14000,100.00
20,1380,MRF,EQ,37455,9208,24.58
20,1381,MRO-TEK,EQ,18263,11459,62.74
20,1382,MRPL,EQ,6900079,1548060,22.44
20,1383,MSTCLTD,EQ,3547742,872451,24.59
20,1384,MSUMI,EQ,6129243,3713747,60.59
20,1385,MTARTECH,EQ,262652,114409,43.56
20,1386,MTNL,EQ,9759406,2572182,26.36
20,1387,MUFIN,EQ,164223,109194,66.49
20,1388,MUFTI,EQ,2567758,902238,35.14
20,1389,MUKANDLTD,EQ,289670,143513,49.54
20,1390,MUNJALAU,EQ,486431,292486,60.13
20,1391,MUNJALSHOW,EQ,676653,333082,49.22
20,1392,MUTHOOTCAP,EQ,57328,29884,52.13
20,1393,MUTHOOTFIN,EQ,149763,49244,32.88
20,1394,MUTHOOTMF,EQ,482505,261189,54.13
20,1395,MVGJL,EQ,125010,65615,52.49
20,1396,MWL,SM,10800,10800,100.00
20,1397,NABARD,N2,11,11,100.00
20,1398,NACLIND,EQ,169115,74608,44.12
20,1399,NAGAFERT,EQ,2079219,1013578,48.75
20,1400,NAHARCAP,EQ,4340,2793,64.35
20,1401,NAHARINDUS,EQ,65695,36513,55.58
20,1402,NAHARPOLY,EQ,22271,12016,53.95
20,1403,NAHARSPING,EQ,57231,26205,45.79
20,1404,NAM-INDIA,EQ,554902,251691,45.36
20,1405,NARMADA,EQ,20933,15238,72.79
20,1406,NATCOPHARM,EQ,401541,256156,63.79
20,1407,NATHBIOGEN,EQ,64926,36702,56.53
20,1408,NATIONALUM,EQ,35627473,13864447,38.92
20,1409,NAUKRI,EQ,330783,198383,59.97
20,1410,NAVA,EQ,371927,170098,45.73
20,1411,NAVIFIN,N0,2223,2223,100.00
20,1412,NAVIFIN,N3,1000,1000,100.00
20,1413,NAVIFIN,N4,5,5,100.00
20,1414,NAVIFIN,N6,8,4,50.00
20,1415,NAVIFIN,N8,50,50,100.00
20,1416,NAVINFLUOR,EQ,185354,124415,67.12
20,1417,NAVINIFTY,EQ,1015,721,71.03
20,1418,NAVKARCORP,EQ,1745515,880336,50.43
20,1419,NAVNETEDUL,EQ,317259,168435,53.09
20,1420,NAZARA,EQ,382506,133997,35.03
20,1421,NBCC,EQ,26156102,9053692,34.61
20,1422,NBIFIN,EQ,995,586,58.89
20,1423,NCC,EQ,5641978,2429428,43.06
20,1424,NCLIND,EQ,329899,132829,40.26
20,1425,NDLVENTURE,EQ,28116,21132,75.16
20,1426,NDTV,EQ,833087,341275,40.97
20,1427,NECLIFE,EQ,873664,397412,45.49
20,1428,NELCAST,EQ,151148,71295,47.17
20,1429,NELCO,EQ,155048,67614,43.61
20,1430,NEOGEN,EQ,20001,11383,56.91
20,1431,NESCO,EQ,83945,46021,54.82
20,1432,NESTLEIND,EQ,801619,529434,66.05
20,1433,NETF,EQ,4195,3313,78.97
20,1434,NETWEB,EQ,67596,30878,45.68
20,1435,NETWORK18,EQ,22769867,8449961,37.11
20,1436,NEULANDLAB,EQ,22171,13772,62.12
20,1437,NEWJAISA,SM,114000,90000,78.95
20,1438,NEXT50,EQ,3116,2979,95.60
20,1439,NEXT50IETF,EQ,72769,38915,53.48
20,1440,NFL,EQ,29365678,6822001,23.23
20,1441,NGIL,EQ,113434,56694,49.98
20,1442,NGLFINE,EQ,2306,1110,48.14
20,1443,NH,EQ,180267,106878,59.29
20,1444,NHAI,N2,339,306,90.27
20,1445,NHAI,N3,200,100,50.00
20,1446,NHAI,N4,227,226,99.56
20,1447,NHAI,N6,567,502,88.54
20,1448,NHAI,NA,2,2,100.00
20,1449,NHAI,NC,1,1,100.00
20,1450,NHAI,NE,1,1,100.00
20,1451,NHBTF2014,N6,131,98,74.81
20,1452,NHIT,N1,307,307,100.00
20,1453,NHIT,N2,149,149,100.00
20,1454,NHIT,N3,115,115,100.00
20,1455,NHPC,EQ,54032963,24183107,44.76
20,1456,NHPC,N6,1260,1260,100.00
20,1457,NIACL,EQ,3883931,1238908,31.90
20,1458,NIDAN,SM,27000,22000,81.48
20,1459,NIDO,N6,462,462,100.00
20,1460,NIF100BEES,EQ,25961,20535,79.10
20,1461,NIF100IETF,EQ,16406,15043,91.69
20,1462,NIFMID150,EQ,2529,2037,80.55
20,1463,NIFTYBEES,EQ,6128145,4292613,70.05
20,1464,NIFTYETF,EQ,138296,119257,86.23
20,1465,NIFTYIETF,EQ,276382,225216,81.49
20,1466,NIFTYQLITY,EQ,32547,14175,43.55
20,1467,NIITLTD,EQ,642967,267329,41.58
20,1468,NIITMTS,EQ,147034,77710,52.85
20,1469,NILAINFRA,EQ,2992181,1310552,43.80
20,1470,NILKAMAL,EQ,2326,1288,55.37
20,1471,NINSYS,EQ,4418,2978,67.41
20,1472,NIPPOBATRY,EQ,9697,5963,61.49
20,1473,NIRAJ,EQ,101855,62209,61.08
20,1474,NIRMAN,SM,41400,30600,73.91
20,1475,NITINSPIN,EQ,124915,59193,47.39
20,1476,NLCINDIA,EQ,4535522,1148871,25.33
20,1477,NMDC,EQ,15042898,5900125,39.22
20,1478,NOCIL,EQ,913677,386048,42.25
20,1479,NPBET,EQ,6480,5457,84.21
20,1480,NPST,ST,2000,2000,100.00
20,1481,NRAIL,EQ,102876,55311,53.76
20,1482,NRBBEARING,EQ,320668,179861,56.09
20,1483,NRL,EQ,227206,117193,51.58
20,1484,NSIL,EQ,1412,978,69.26
20,1485,NSLNISP,EQ,6359571,3122332,49.10
20,1486,NTPC,EQ,13502940,7551812,55.93
20,1487,NTPC,N5,300,300,100.00
20,1488,NTPC,N6,161,155,96.27
20,1489,NTPC,N7,22806,21458,94.09
20,1490,NTPC,NC,157,157,100.00
20,1491,NURECA,EQ,28795,16634,57.77
20,1492,NUVAMA,EQ,161911,61192,37.79
20,1493,NUVOCO,EQ,222451,115855,52.08
20,1494,NV20BEES,EQ,11314,6389,56.47
20,1495,NV20IETF,EQ,100831,66824,66.27
20,1496,NXST,RR,548662,487094,88.78
20,1497,NYKAA,EQ,8391582,4578674,54.56
20,1498,OAL,EQ,11643,5389,46.29
20,1499,OBCL,EQ,521310,239199,45.88
20,1500,OBEROIRLTY,EQ,598390,233197,38.97
20,1501,OCCL,EQ,11154,5085,45.59
20,1502,OFSS,EQ,676853,254590,37.61
20,1503,OIL,EQ,2445706,1329351,54.35
20,1504,OLECTRA,EQ,765323,260862,34.09
20,1505,OLIL,SM,4800,4800,100.00
20,1506,OMAXAUTO,EQ,112103,50427,44.98
20,1507,OMAXE,EQ,517158,249945,48.33
20,1508,OMFURN,SM,14400,12000,83.33
20,1509,ONDOOR,SM,40800,31200,76.47
20,1510,ONEPOINT,EQ,1024370,641287,62.60
20,1511,ONGC,EQ,26010955,13915928,53.50
20,1512,ONMOBILE,EQ,1525114,488862,32.05
20,1513,ONWARDTEC,EQ,90950,47937,52.71
20,1514,OPTIEMUS,EQ,121039,51595,42.63
20,1515,ORBTEXP,EQ,9897,6564,66.32
20,1516,ORCHPHARMA,EQ,99658,43859,44.01
20,1517,ORIANA,SM,54600,33000,60.44
20,1518,ORICONENT,EQ,501090,261453,52.18
20,1519,ORIENTALTL,EQ,113728,72640,63.87
20,1520,ORIENTBELL,EQ,22583,14085,62.37
20,1521,ORIENTCEM,EQ,524978,257291,49.01
20,1522,ORIENTCER,EQ,99274,62655,63.11
20,1523,ORIENTELEC,EQ,761469,473077,62.13
20,1524,ORIENTHOT,EQ,285531,144666,50.67
20,1525,ORIENTLTD,EQ,16878,11264,66.74
20,1526,ORIENTPPR,EQ,4169366,1640598,39.35
20,1527,ORISSAMINE,EQ,16134,6274,38.89
20,1528,ORTINLAB,EQ,21900,13619,62.19
20,1529,OSIAHYPER,EQ,10802506,1876899,17.37
20,1530,OSWALAGRO,EQ,117192,63626,54.29
20,1531,OSWALGREEN,EQ,602967,206321,34.22
20,1532,OSWALSEEDS,EQ,310913,126967,40.84
20,1533,PAGEIND,EQ,31387,13157,41.92
20,1534,PAISALO,EQ,2613206,1603229,61.35
20,1535,PAKKA,EQ,1654702,773534,46.75
20,1536,PALREDTEC,EQ,257037,93110,36.22
20,1537,PANACEABIO,EQ,606105,240261,39.64
20,1538,PANACHE,EQ,8472,4714,55.64
20,1539,PANAMAPET,EQ,140821,69330,49.23
20,1540,PANSARI,EQ,16988,4960,29.20
20,1541,PAR,EQ,62275,34075,54.72
20,1542,PARACABLES,EQ,2294553,1199390,52.27
20,1543,PARADEEP,EQ,5228885,2022559,38.68
20,1544,PARAGMILK,EQ,920929,509843,55.36
20,1545,PARAGON,SM,46800,34800,74.36
20,1546,PARAS,EQ,287002,112598,39.23
20,1547,PARIN,SM,4000,4000,100.00
20,1548,PARTYCRUS,SM,38000,36000,94.74
20,1549,PASUPTAC,EQ,222362,115831,52.09
20,1550,PATANJALI,EQ,1136093,912484,80.32
20,1551,PATELENG,EQ,4951453,2340067,47.26
20,1552,PATINTLOG,EQ,365281,203895,55.82
20,1553,PATTECH,SM,22500,22500,100.00
20,1554,PAVNAIND,EQ,2243,1028,45.83
20,1555,PAYTM,EQ,6597524,3385803,51.32
20,1556,PCBL,EQ,7346198,2623986,35.72
20,1557,PCHFL,N6,2,2,100.00
20,1558,PCHFL,NA,101,101,100.00
20,1559,PCJEWELLER,EQ,3205173,1993605,62.20
20,1560,PDMJEPAPER,EQ,604852,253158,41.85
20,1561,PDSL,EQ,266630,106512,39.95
20,1562,PEARLPOLY,EQ,89816,56820,63.26
20,1563,PEL,EQ,1184269,527438,44.54
20,1564,PEL,N0,1000,0,0.00
20,1565,PEL,N3,432,432,100.00
20,1566,PENIND,EQ,1382276,608779,44.04
20,1567,PENINLAND,EQ,2422812,1271080,52.46
20,1568,PENTAGON,SM,35000,31000,88.57
20,1569,PERFECT,SM,396000,306000,77.27
20,1570,PERSISTENT,EQ,317583,154121,48.53
20,1571,PETRONET,EQ,3358501,1530317,45.57
20,1572,PFC,EQ,8845319,3473513,39.27
20,1573,PFC,N3,33,33,100.00
20,1574,PFC,N5,4131,4011,97.10
20,1575,PFC,N8,1,1,100.00
20,1576,PFIZER,EQ,15084,6668,44.21
20,1577,PFOCUS,EQ,180973,64445,35.61
20,1578,PFS,EQ,6705633,2529439,37.72
20,1579,PGEL,EQ,50004,26324,52.64
20,1580,PGHH,EQ,2957,1507,50.96
20,1581,PGHL,EQ,10778,6094,56.54
20,1582,PGINVIT,IV,512068,418255,81.68
20,1583,PHANTOMFX,SM,84000,55800,66.43
20,1584,PHARMABEES,EQ,3394158,2298489,67.72
20,1585,PHOENIXLTD,EQ,589790,368015,62.40
20,1586,PIDILITIND,EQ,761187,507845,66.72
20,1587,PIGL,EQ,43551,25175,57.81
20,1588,PIIND,EQ,274487,188825,68.79
20,1589,PILANIINVS,EQ,4959,3037,61.24
20,1590,PILITA,EQ,579010,420958,72.70
20,1591,PITTIENG,EQ,104660,60014,57.34
20,1592,PIXTRANS,EQ,12068,7008,58.07
20,1593,PLADAINFO,SM,12000,6000,50.00
20,1594,PLASTIBLEN,EQ,78973,30522,38.65
20,1595,PNB,EQ,98759165,29922552,30.30
20,1596,PNBGILTS,EQ,1779690,559613,31.44
20,1597,PNBHOUSING,EQ,890526,192575,21.62
20,1598,PNC,EQ,427814,188572,44.08
20,1599,PNCINFRA,EQ,2724913,807041,29.62
20,1600,POCL,EQ,93336,50019,53.59
20,1601,PODDARMENT,EQ,4085,1900,46.51
20,1602,POKARNA,EQ,75403,55452,73.54
20,1603,POLICYBZR,EQ,2185056,1763345,80.70
20,1604,POLYCAB,EQ,1928680,880043,45.63
20,1605,POLYMED,EQ,17515,9959,56.86
20,1606,POLYPLEX,EQ,94938,45126,47.53
20,1607,PONNIERODE,EQ,41475,23112,55.73
20,1608,POONAWALLA,EQ,1071918,491129,45.82
20,1609,POWERGRID,EQ,13620300,10244565,75.22
20,1610,POWERINDIA,EQ,58227,46240,79.41
20,1611,POWERMECH,EQ,26104,12394,47.48
20,1612,PPAP,EQ,35338,18668,52.83
20,1613,PPL,EQ,128911,48334,37.49
20,1614,PPLPHARMA,EQ,3934936,1687299,42.88
20,1615,PRAJIND,EQ,620753,340152,54.80
20,1616,PRAMARA,SM,4000,4000,100.00
20,1617,PRECAM,EQ,77448,47006,60.69
20,1618,PRECISION,SM,22000,20000,90.91
20,1619,PRECOT,EQ,11250,7593,67.49
20,1620,PRECWIRE,EQ,1205533,539357,44.74
20,1621,PREMEXPLN,EQ,30934,19411,62.75
20,1622,PRESSTONIC,SM,105600,67200,63.64
20,1623,PRESTIGE,EQ,659790,349016,52.90
20,1624,PRICOLLTD,EQ,3585928,1122592,31.31
20,1625,PRIMESECU,EQ,20235,10377,51.28
20,1626,PRINCEPIPE,EQ,178590,136222,76.28
20,1627,PRITIKA,SM,6000,6000,100.00
20,1628,PRITIKAUTO,EQ,491379,245623,49.99
20,1629,PRIVISCL,EQ,25170,11751,46.69
20,1630,PROLIFE,SM,4500,3000,66.67
20,1631,PROPEQUITY,SM,138000,129000,93.48
20,1632,PROV,SM,2240,2240,100.00
20,1633,PROZONER,EQ,1867808,780095,41.77
20,1634,PRSMJOHNSN,EQ,708913,306126,43.18
20,1635,PRUDENT,EQ,23429,12818,54.71
20,1636,PSB,EQ,3048122,816879,26.80
20,1637,PSPPROJECT,EQ,327260,91416,27.93
20,1638,PSUBNKBEES,EQ,1881607,1140530,60.61
20,1639,PSUBNKIETF,EQ,423972,213161,50.28
20,1640,PTC,EQ,5813655,2433568,41.86
20,1641,PTCIL,EQ,70591,49045,69.48
20,1642,PTL,EQ,154942,74689,48.20
20,1643,PULZ,SM,8000,6000,75.00
20,1644,PUNJABCHEM,EQ,8660,5116,59.08
20,1645,PURVA,EQ,399803,161752,40.46
20,1646,PVRINOX,EQ,692102,329056,47.54
20,1647,PVTBANIETF,EQ,504012,407132,80.78
20,1648,PYRAMID,EQ,111593,67038,60.07
20,1649,QFIL,SM,117000,71000,60.68
20,1650,QGOLDHALF,EQ,26964,14677,54.43
20,1651,QMSMEDI,SM,21000,18000,85.71
20,1652,QNIFTY,EQ,7007,2821,40.26
20,1653,QUADPRO,SM,168000,144000,85.71
20,1654,QUAL30IETF,EQ,399,263,65.91
20,1655,QUESS,EQ,181446,77292,42.60
20,1656,QUICKHEAL,EQ,1278403,271652,21.25
20,1657,QUICKTOUCH,SM,54000,21500,39.81
20,1658,RACE,EQ,7265,5029,69.22
20,1659,RADHIKAJWE,EQ,1190146,577406,48.52
20,1660,RADIANTCMS,EQ,329366,163336,49.59
20,1661,RADICO,EQ,117408,56048,47.74
20,1662,RADIOCITY,EQ,4726849,1877957,39.73
20,1663,RADIOCITY,P1,528,486,92.05
20,1664,RAILTEL,EQ,5747854,1462266,25.44
20,1665,RAIN,EQ,2770177,1193071,43.07
20,1666,RAINBOW,EQ,109860,78966,71.88
20,1667,RAJESHEXPO,EQ,501197,241959,48.28
20,1668,RAJRATAN,EQ,44829,19452,43.39
20,1669,RAJSREESUG,EQ,136522,87349,63.98
20,1670,RAJTV,EQ,316862,154042,48.61
20,1671,RALLIS,EQ,769620,264648,34.39
20,1672,RAMANEWS,EQ,172470,77746,45.08
20,1673,RAMAPHO,EQ,15169,9545,62.92
20,1674,RAMASTEEL,EQ,4422321,1719100,38.87
20,1675,RAMCOCEM,EQ,567514,232856,41.03
20,1676,RAMCOIND,EQ,293146,104991,35.82
20,1677,RAMCOSYS,EQ,171187,45552,26.61
20,1678,RAMKY,EQ,139342,76987,55.25
20,1679,RAMRAT,EQ,80901,52000,64.28
20,1680,RANASUG,EQ,770461,431460,56.00
20,1681,RANEENGINE,EQ,162282,59361,36.58
20,1682,RANEHOLDIN,EQ,7406,2599,35.09
20,1683,RATEGAIN,EQ,308352,158485,51.40
20,1684,RATNAMANI,EQ,19821,9245,46.64
20,1685,RATNAVEER,EQ,245255,162559,66.28
20,1686,RAYMOND,EQ,216282,93635,43.29
20,1687,RBA,EQ,4301499,2139204,49.73
20,1688,RBL,EQ,37263,11506,30.88
20,1689,RBLBANK,EQ,9848102,2962418,30.08
20,1690,RBMINFRA,SM,4000,3000,75.00
20,1691,RBZJEWEL,EQ,1307603,457056,34.95
20,1692,RCDL,SM,9000,9000,100.00
20,1693,RCF,EQ,10679684,2539797,23.78
20,1694,RECLTD,EQ,7584545,2326620,30.68
20,1695,RECLTD,N2,600,600,100.00
20,1696,RECLTD,N9,366,366,100.00
20,1697,RECLTD,NC,1,1,100.00
20,1698,RECLTD,NE,27,26,96.30
20,1699,RECLTD,NF,301,300,99.67
20,1700,RECLTD,NI,1,1,100.00
20,1701,REDINGTON,EQ,920494,454158,49.34
20,1702,REDTAPE,EQ,209428,105224,50.24
20,1703,REFEX,EQ,56198,36286,64.57
20,1704,RELAXO,EQ,84953,60201,70.86
20,1705,RELIANCE,EQ,6098691,3890087,63.79
20,1706,RELIGARE,EQ,1109108,735500,66.31
20,1707,RELINFRA,EQ,2533215,1136554,44.87
20,1708,REMUS,SM,525,450,85.71
20,1709,RENUKA,EQ,5293682,2653685,50.13
20,1710,REPCOHOME,EQ,206853,98525,47.63
20,1711,REPL,EQ,32131,16018,49.85
20,1712,REPRO,EQ,8089,5203,64.32
20,1713,RESPONIND,EQ,62544,27311,43.67
20,1714,RGL,EQ,147077,77092,52.42
20,1715,RHIM,EQ,150348,86046,57.23
20,1716,RHL,EQ,17862,11336,63.46
20,1717,RICHA,SM,5000,5000,100.00
20,1718,RICOAUTO,EQ,697111,337076,48.35
20,1719,RIIL,EQ,699739,133477,19.08
20,1720,RILINFRA,SM,42300,38000,89.83
20,1721,RISHABH,EQ,89671,51980,57.97
20,1722,RITCO,EQ,43949,25292,57.55
20,1723,RITES,EQ,2435787,583974,23.97
20,1724,RITEZONE,SM,16000,9600,60.00
20,1725,RKEC,EQ,783784,337701,43.09
20,1726,RKFORGE,EQ,377948,203331,53.80
20,1727,RMDRIP,SM,4000,4000,100.00
20,1728,RML,EQ,71136,26254,36.91
20,1729,ROCKINGDCE,SM,7000,5000,71.43
20,1730,ROHLTD,EQ,142471,88757,62.30
20,1731,ROLEXRINGS,EQ,8193,3705,45.22
20,1732,ROML,EQ,4884,3120,63.88
20,1733,ROSSARI,EQ,55625,24754,44.50
20,1734,ROSSELLIND,EQ,34172,15578,45.59
20,1735,ROTO,EQ,118739,55773,46.97
20,1736,ROUTE,EQ,104248,65362,62.70
20,1737,ROXHITECH,SM,73600,59200,80.43
20,1738,RPGLIFE,EQ,27711,15507,55.96
20,1739,RPOWER,EQ,70734595,20760019,29.35
20,1740,RPPL,EQ,152524,59353,38.91
20,1741,RPSGVENT,EQ,268918,101290,37.67
20,1742,RRKABEL,EQ,186256,112322,60.31
20,1743,RSSOFTWARE,EQ,50119,31139,62.13
20,1744,RSWM,EQ,131078,67855,51.77
20,1745,RSYSTEMS,EQ,33221,14926,44.93
20,1746,RTNINDIA,EQ,3527939,1304018,36.96
20,1747,RTNPOWER,EQ,59537058,21665783,36.39
20,1748,RUBYMILLS,EQ,47041,24032,51.09
20,1749,RUCHIRA,EQ,128116,53199,41.52
20,1750,RUPA,EQ,202018,89282,44.20
20,1751,RUSHIL,EQ,129887,64306,49.51
20,1752,RUSTOMJEE,EQ,55708,30151,54.12
20,1753,RVHL,EQ,467140,335782,71.88
20,1754,RVNL,EQ,114133165,19389042,16.99
20,1755,SAAKSHI,SM,40800,33600,82.35
20,1756,SADHNANIQ,EQ,480892,240392,49.99
20,1757,SAFARI,EQ,101282,50189,49.55
20,1758,SAGCEM,EQ,388223,193022,49.72
20,1759,SAH,EQ,43747,12230,27.96
20,1760,SAHAJ,SM,4000,4000,100.00
20,1761,SAHANA,SM,29000,19500,67.24
20,1762,SAHYADRI,EQ,7627,3673,48.16
20,1763,SAIFL,SM,140000,99200,70.86
20,1764,SAIL,EQ,59898451,24281154,40.54
20,1765,SAKAR,EQ,29036,11724,40.38
20,1766,SAKHTISUG,EQ,382867,192144,50.19
20,1767,SAKUMA,EQ,1773220,884934,49.91
20,1768,SALASAR,EQ,4498117,3367917,74.87
20,1769,SALONA,EQ,6199,3553,57.32
20,1770,SALZERELEC,EQ,81002,35302,43.58
20,1771,SAMHI,EQ,1202284,640807,53.30
20,1772,SANDESH,EQ,7793,4465,57.30
20,1773,SANDHAR,EQ,233987,82490,35.25
20,1774,SANDUMA,EQ,39513,20980,53.10
20,1775,SANGAMIND,EQ,27618,12600,45.62
20,1776,SANGANI,SM,6000,6000,100.00
20,1777,SANGHIIND,EQ,2314199,1901032,82.15
20,1778,SANGHVIMOV,EQ,84429,39829,47.17
20,1779,SANOFI,EQ,11406,7004,61.41
20,1780,SANSERA,EQ,58678,33837,57.67
20,1781,SAPPHIRE,EQ,23887,14756,61.77
20,1782,SARDAEN,EQ,402174,180161,44.80
20,1783,SAREGAMA,EQ,381855,186281,48.78
20,1784,SARLAPOLY,EQ,243228,147575,60.67
20,1785,SAROJA,SM,4800,4800,100.00
20,1786,SARTELE,SM,162000,104000,64.20
20,1787,SARVESHWAR,EQ,9352776,4256247,45.51
20,1788,SASKEN,EQ,31775,15723,49.48
20,1789,SASTASUNDR,EQ,46982,20224,43.05
20,1790,SATIA,EQ,644966,302780,46.95
20,1791,SATIN,EQ,626211,258552,41.29
20,1792,SATINDLTD,EQ,757212,320306,42.30
20,1793,SBC,EQ,9347102,3487979,37.32
20,1794,SBCL,EQ,171585,111161,64.78
20,1795,SBFC,EQ,1068374,624492,58.45
20,1796,SBGLP,EQ,149449,69373,46.42
20,1797,SBICARD,EQ,1779825,1219032,68.49
20,1798,SBIETFCON,EQ,3692,3021,81.83
20,1799,SBIETFIT,EQ,19111,16385,85.74
20,1800,SBIETFPB,EQ,34290,27319,79.67
20,1801,SBIETFQLTY,EQ,2819,2183,77.44
20,1802,SBILIFE,EQ,2628568,1707563,64.96
20,1803,SBIN,EQ,30016308,9347325,31.14
20,1804,SCHAEFFLER,EQ,81955,50613,61.76
20,1805,SCHAND,EQ,27123,12862,47.42
20,1806,SCHNEIDER,EQ,298854,163053,54.56
20,1807,SCI,EQ,3137957,1128147,35.95
20,1808,SCML,SM,16000,14000,87.50
20,1809,SCPL,EQ,14123,8019,56.78
20,1810,SDBL,EQ,1968548,793920,40.33
20,1811,SDL24BEES,EQ,1434,1124,78.38
20,1812,SDL26BEES,EQ,202028,201713,99.84
20,1813,SEAMECLTD,EQ,39421,19568,49.64
20,1814,SECL,SM,787500,700000,88.89
20,1815,SECURCRED,EQ,281269,151904,54.01
20,1816,SECURKLOUD,EQ,202824,130161,64.17
20,1817,SEL,ST,8800,8000,90.91
20,1818,SELAN,EQ,147944,60902,41.17
20,1819,SEMAC,EQ,1036,594,57.34
20,1820,SENCO,EQ,203437,82713,40.66
20,1821,SENSEXETF,EQ,44034,29837,67.76
20,1822,SENSEXIETF,EQ,8866,6733,75.94
20,1823,SEPC,EQ,11980809,7030318,58.68
20,1824,SEQUENT,EQ,1791975,738287,41.20
20,1825,SERVICE,SM,8000,8000,100.00
20,1826,SESHAPAPER,EQ,56737,25862,45.58
20,1827,SETF10GILT,EQ,4814,2959,61.47
20,1828,SETFGOLD,EQ,343695,266177,77.45
20,1829,SETFNIF50,EQ,2179216,1517526,69.64
20,1830,SETFNIFBK,EQ,418564,384987,91.98
20,1831,SETFNN50,EQ,18152,14805,81.56
20,1832,SFL,EQ,78320,54519,69.61
20,1833,SGBAPR28I,GB,46,41,89.13
20,1834,SGBAUG24,GB,159,120,75.47
20,1835,SGBAUG27,GB,246,197,80.08
20,1836,SGBAUG28V,GB,407,270,66.34
20,1837,SGBAUG29V,GB,342,225,65.79
20,1838,SGBAUG30,GB,161,93,57.76
20,1839,SGBD29VIII,GB,114,93,81.58
20,1840,SGBDC27VII,GB,84,82,97.62
20,1841,SGBDE30III,GB,135,80,59.26
20,1842,SGBDEC2513,GB,2,2,100.00
20,1843,SGBDEC25XI,GB,43,37,86.05
20,1844,SGBFEB24,GB,29,26,89.66
20,1845,SGBFEB27,GB,3,3,100.00
20,1846,SGBFEB28IX,GB,33,23,69.70
20,1847,SGBFEB29XI,GB,13,13,100.00
20,1848,SGBJ28VIII,GB,16,16,100.00
20,1849,SGBJAN26,GB,32,32,100.00
20,1850,SGBJAN27,GB,14,14,100.00
20,1851,SGBJAN29IX,GB,179,170,94.97
20,1852,SGBJAN29X,GB,71,71,100.00
20,1853,SGBJAN30IX,GB,547,484,88.48
20,1854,SGBJU29III,GB,79,55,69.62
20,1855,SGBJUL27,GB,133,124,93.23
20,1856,SGBJUL28IV,GB,326,274,84.05
20,1857,SGBJUL29IV,GB,191,181,94.76
20,1858,SGBJUN27,GB,15,15,100.00
20,1859,SGBJUN28,GB,429,412,96.04
20,1860,SGBJUN29II,GB,278,226,81.29
20,1861,SGBJUN30,GB,66,29,43.94
20,1862,SGBJUN31I,GB,969,877,90.51
20,1863,SGBMAR24,GB,51,34,66.67
20,1864,SGBMAR25,GB,35,35,100.00
20,1865,SGBMAR28X,GB,57,37,64.91
20,1866,SGBMAR30X,GB,84,70,83.33
20,1867,SGBMAR31IV,GB,218,218,100.00
20,1868,SGBMAY25,GB,28,22,78.57
20,1869,SGBMAY26,GB,15,15,100.00
20,1870,SGBMAY28,GB,78,41,52.56
20,1871,SGBMAY29I,GB,1474,810,54.95
20,1872,SGBMR29XII,GB,219,181,82.65
20,1873,SGBN28VIII,GB,95,54,56.84
20,1874,SGBNOV24,GB,157,122,77.71
20,1875,SGBNOV25,GB,17,17,100.00
20,1876,SGBNOV25IX,GB,21,21,100.00
20,1877,SGBNOV25VI,GB,37,37,100.00
20,1878,SGBNOV26,GB,86,77,89.53
20,1879,SGBNV29VII,GB,63,59,93.65
20,1880,SGBOC28VII,GB,123,123,100.00
20,1881,SGBOCT25IV,GB,1,1,100.00
20,1882,SGBOCT26,GB,1,1,100.00
20,1883,SGBOCT27,GB,5,3,60.00
20,1884,SGBOCT27VI,GB,6,6,100.00
20,1885,SGBSEP24,GB,396,390,98.48
20,1886,SGBSEP27,GB,52,50,96.15
20,1887,SGBSEP28VI,GB,174,128,73.56
20,1888,SGBSEP29VI,GB,1113,518,46.54
20,1889,SGBSEP31II,GB,1584,1406,88.76
20,1890,SGIL,EQ,93724,48124,51.35
20,1891,SGL,EQ,27962,15811,56.54
20,1892,SHAHALLOYS,EQ,59522,25847,43.42
20,1893,SHAILY,EQ,201492,185462,92.04
20,1894,SHAKTIPUMP,EQ,254791,71312,27.99
20,1895,SHALBY,EQ,173325,69727,40.23
20,1896,SHALPAINTS,EQ,1746953,714010,40.87
20,1897,SHANKARA,EQ,89601,41944,46.81
20,1898,SHANTHALA,SM,1200,1200,100.00
20,1899,SHANTI,EQ,56022,33891,60.50
20,1900,SHANTIGEAR,EQ,74811,42474,56.78
20,1901,SHARDACROP,EQ,63295,31393,49.60
20,1902,SHARDAMOTR,EQ,39799,22492,56.51
20,1903,SHAREINDIA,EQ,67233,33106,49.24
20,1904,SHAREINDIA,W1,222,148,66.67
20,1905,SHARIABEES,EQ,926,578,62.42
20,1906,SHEETAL,SM,44000,16000,36.36
20,1907,SHEMAROO,EQ,2178004,621013,28.51
20,1908,SHERA,SM,94000,71000,75.53
20,1909,SHIGAN,SM,24000,19500,81.25
20,1910,SHILPAMED,EQ,216924,103248,47.60
20,1911,SHIVALIK,EQ,20856,11104,53.24
20,1912,SHIVAMILLS,EQ,11740,8572,73.02
20,1913,SHIVATEX,EQ,22306,10462,46.90
20,1914,SHK,EQ,832059,309369,37.18
20,1915,SHOPERSTOP,EQ,74555,30932,41.49
20,1916,SHREDIGCEM,EQ,894511,400416,44.76
20,1917,SHREECEM,EQ,48405,16686,34.47
20,1918,SHREEOSFM,SM,56000,42000,75.00
20,1919,SHREEPUSHK,EQ,45713,25532,55.85
20,1920,SHREYAS,EQ,34033,17406,51.14
20,1921,SHRIPISTON,EQ,314248,200336,63.75
20,1922,SHRIRAMFIN,EQ,1061729,717967,67.62
20,1923,SHRIRAMFIN,YI,1006,603,59.94
20,1924,SHRIRAMFIN,YL,38,38,100.00
20,1925,SHRIRAMFIN,YS,20,20,100.00
20,1926,SHRIRAMFIN,YV,297,297,100.00
20,1927,SHRIRAMFIN,YY,75,75,100.00
20,1928,SHRIRAMFIN,YZ,100,100,100.00
20,1929,SHRIRAMFIN,Z2,36,36,100.00
20,1930,SHRIRAMFIN,ZH,75,75,100.00
20,1931,SHRIRAMPPS,EQ,5859047,1879033,32.07
20,1932,SHRITECH,SM,26000,22000,84.62
20,1933,SHUBHLAXMI,SM,24000,19000,79.17
20,1934,SHYAMCENT,EQ,684063,483806,70.73
20,1935,SHYAMMETL,EQ,1343951,832008,61.91
20,1936,SHYAMTEL,EQ,6655,2038,30.62
20,1937,SIDDHIKA,SM,2000,2000,100.00
20,1938,SIEMENS,EQ,177690,100089,56.33
20,1939,SIGACHI,EQ,2739083,1656322,60.47
20,1940,SIGMA,EQ,5713,3014,52.76
20,1941,SIGNATURE,EQ,294133,121394,41.27
20,1942,SILINV,EQ,8556,7017,82.01
20,1943,SILVER,EQ,107505,84032,78.17
20,1944,SILVERBEES,EQ,3722396,2884494,77.49
20,1945,SILVERETF,EQ,133544,123271,92.31
20,1946,SILVERIETF,EQ,251649,212505,84.45
20,1947,SILVERTUC,EQ,18967,12562,66.23
20,1948,SILVRETF,EQ,3439,2867,83.37
20,1949,SIMBHALS,EQ,119913,77116,64.31
20,1950,SINDHUTRAD,EQ,1269130,403815,31.82
20,1951,SINTERCOM,EQ,85117,33322,39.15
20,1952,SIRCA,EQ,170976,84241,49.27
20,1953,SIS,EQ,65822,31809,48.33
20,1954,SIYSIL,EQ,127652,52253,40.93
20,1955,SJLOGISTIC,SM,154000,130000,84.42
20,1956,SJS,EQ,73811,41157,55.76
20,1957,SJVN,EQ,72622449,19749764,27.20
20,1958,SKFINDIA,EQ,31566,22310,70.68
20,1959,SKIPPER,EQ,402911,142795,35.44
20,1960,SKMEGGPROD,EQ,94319,50834,53.90
20,1961,SKP,SM,14000,9500,67.86
20,1962,SMARTLINK,EQ,91719,41368,45.10
20,1963,SMCGLOBAL,EQ,263833,134051,50.81
20,1964,SMLISUZU,EQ,24856,11875,47.78
20,1965,SMLT,EQ,32962,18292,55.49
20,1966,SMSLIFE,EQ,1828,1109,60.67
20,1967,SMSPHARMA,EQ,115370,59223,51.33
20,1968,SMVD,SM,76760,76760,100.00
20,1969,SNOWMAN,EQ,3322759,923075,27.78
20,1970,SOBHA,EQ,209403,71573,34.18
20,1971,SOLARA,EQ,265754,139958,52.66
20,1972,SOLARINDS,EQ,147890,58160,39.33
20,1973,SOLEX,SM,3000,3000,100.00
20,1974,SOMANYCERA,EQ,16537,7852,47.48
20,1975,SONACOMS,EQ,1370375,854543,62.36
20,1976,SONATSOFTW,EQ,410793,201487,49.05
20,1977,SONUINFRA,SM,3000,3000,100.00
20,1978,SOTAC,SM,1200,1200,100.00
20,1979,SOTL,EQ,65780,33386,50.75
20,1980,SOUTHBANK,EQ,68663963,26540664,38.65
20,1981,SPAL,EQ,17077,6410,37.54
20,1982,SPANDANA,EQ,343155,266424,77.64
20,1983,SPARC,EQ,549078,259379,47.24
20,1984,SPCENET,EQ,1157174,598030,51.68
20,1985,SPECIALITY,EQ,237275,115615,48.73
20,1986,SPECTRUM,SM,9500,7750,81.58
20,1987,SPECTSTM,SM,32000,23200,72.50
20,1988,SPENCERS,EQ,427907,184682,43.16
20,1989,SPIC,EQ,2030524,538436,26.52
20,1990,SPLIL,EQ,104321,60190,57.70
20,1991,SPLPETRO,EQ,65837,35368,53.72
20,1992,SPORTKING,EQ,7599,4988,65.64
20,1993,SPRL,ST,1600,1600,100.00
20,1994,SREEL,EQ,28203,9396,33.32
20,1995,SRF,EQ,323931,200575,61.92
20,1996,SRGHFL,EQ,13975,8769,62.75
20,1997,SRHHYPOLTD,EQ,14495,7471,51.54
20,1998,SRIVASAVI,SM,34000,26000,76.47
20,1999,SSFL,SM,25000,18000,72.00
20,2000,SSWL,EQ,1549562,321389,20.74
20,2001,STAR,EQ,449530,229372,51.02
20,2002,STARCEMENT,EQ,498554,255186,51.19
20,2003,STARHEALTH,EQ,719810,548992,76.27
20,2004,STARPAPER,EQ,76471,33042,43.21
20,2005,STCINDIA,EQ,810142,182882,22.57
20,2006,STEELCAS,EQ,13116,5898,44.97
20,2007,STEELCITY,EQ,36828,25506,69.26
20,2008,STEELXIND,EQ,6638891,3190198,48.05
20,2009,STEL,EQ,6183,4239,68.56
20,2010,STERTOOLS,EQ,137251,63518,46.28
20,2011,STLTECH,EQ,1263501,582919,46.14
20,2012,STOVEKRAFT,EQ,66077,35092,53.11
20,2013,STYLAMIND,EQ,66764,41186,61.69
20,2014,STYRENIX,EQ,22615,12377,54.73
20,2015,SUBEXLTD,EQ,21530858,7575634,35.19
20,2016,SUBROS,EQ,114212,44042,38.56
20,2017,SUDARSCHEM,EQ,76246,41847,54.88
20,2018,SUKHJITS,EQ,28494,11010,38.64
20,2019,SULA,EQ,401708,191941,47.78
20,2020,SUMICHEM,EQ,359229,225892,62.88
20,2021,SUMMITSEC,EQ,6625,3749,56.59
20,2022,SUNCLAY,EQ,6946,3424,49.29
20,2023,SUNDARMFIN,EQ,40334,25192,62.46
20,2024,SUNDARMHLD,EQ,105994,48231,45.50
20,2025,SUNDRMBRAK,EQ,1926,1098,57.01
20,2026,SUNDRMFAST,EQ,45261,26188,57.86
20,2027,SUNFLAG,EQ,2966813,890832,30.03
20,2028,SUNPHARMA,EQ,2544642,1800595,70.76
20,2029,SUNREST,SM,17600,16000,90.91
20,2030,SUNTECK,EQ,450992,241327,53.51
20,2031,SUNTV,EQ,610944,226897,37.14
20,2032,SUPERHOUSE,EQ,11875,5873,49.46
20,2033,SUPRAJIT,EQ,337218,201858,59.86
20,2034,SUPREMEIND,EQ,77970,43888,56.29
20,2035,SUPREMEPWR,SM,478000,266000,55.65
20,2036,SUPRIYA,EQ,200728,96459,48.05
20,2037,SURAJEST,EQ,173879,99976,57.50
20,2038,SURANI,SM,14000,12000,85.71
20,2039,SURYALAXMI,EQ,48180,34124,70.83
20,2040,SURYAROSNI,EQ,171172,83983,49.06
20,2041,SURYODAY,EQ,878514,448813,51.09
20,2042,SUTLEJTEX,EQ,259532,118238,45.56
20,2043,SUVEN,EQ,1106358,507247,45.85
20,2044,SUVENPHAR,EQ,149206,64435,43.19
20,2045,SUZLON,EQ,62350656,37819024,60.66
20,2046,SWANENERGY,EQ,3016675,1065375,35.32
20,2047,SWARAJ,SM,43000,40000,93.02
20,2048,SWARAJENG,EQ,6455,3430,53.14
20,2049,SWASTIK,SM,30000,24000,80.00
20,2050,SWELECTES,EQ,24381,12058,49.46
20,2051,SWSOLAR,EQ,795769,488673,61.41
20,2052,SYMPHONY,EQ,133307,68143,51.12
20,2053,SYNCOMF,EQ,4542095,2166490,47.70
20,2054,SYNGENE,EQ,2730217,1840122,67.40
20,2055,SYNOPTICS,SM,42000,27000,64.29
20,2056,SYRMA,EQ,524636,276156,52.64
20,2057,SYSTANGO,SM,48800,32800,67.21
20,2058,TAINWALCHM,EQ,11242,8131,72.33
20,2059,TAJGVK,EQ,147367,73568,49.92
20,2060,TAKE,EQ,1496236,656814,43.90
20,2061,TANLA,EQ,702130,221097,31.49
20,2062,TAPIFRUIT,SM,750,750,100.00
20,2063,TARACHAND,SM,13000,12000,92.31
20,2064,TARMAT,EQ,175567,90830,51.74
20,2065,TARSONS,EQ,100696,59471,59.06
20,2066,TASTYBITE,EQ,5334,1528,28.65
20,2067,TATACAP,N6,175,165,94.29
20,2068,TATACAP,NA,50,35,70.00
20,2069,TATACAPHSG,N4,25,25,100.00
20,2070,TATACAPHSG,N6,1651,1651,100.00
20,2071,TATACAPHSG,N8,149,149,100.00
20,2072,TATACAPHSG,NA,52,52,100.00
20,2073,TATACAPHSG,NB,100,100,100.00
20,2074,TATACHEM,EQ,612371,232734,38.01
20,2075,TATACOMM,EQ,941316,516844,54.91
20,2076,TATACONSUM,EQ,1272932,749235,58.86
20,2077,TATAELXSI,EQ,73451,40790,55.53
20,2078,TATAGOLD,EQ,3220424,2580759,80.14
20,2079,TATAINVEST,EQ,79698,21792,27.34
20,2080,TATAMETALI,EQ,138902,78183,56.29
20,2081,TATAMOTORS,EQ,7895439,3610424,45.73
20,2082,TATAMTRDVR,EQ,1362267,681239,50.01
20,2083,TATAPOWER,EQ,12084011,4316805,35.72
20,2084,TATASTEEL,EQ,58982971,32393747,54.92
20,2085,TATATECH,EQ,718624,431101,59.99
20,2086,TATSILV,EQ,680483,520821,76.54
20,2087,TATVA,EQ,24886,15425,61.98
20,2088,TBZ,EQ,294300,107358,36.48
20,2089,TCI,EQ,106592,82462,77.36
20,2090,TCIEXP,EQ,33081,20311,61.40
20,2091,TCNSBRANDS,EQ,89363,46502,52.04
20,2092,TCPLPACK,EQ,6396,3353,52.42
20,2093,TCS,EQ,3458696,2230573,64.49
20,2094,TDPOWERSYS,EQ,303025,166805,55.05
20,2095,TEAMLEASE,EQ,18477,5795,31.36
20,2096,TECH,EQ,31819,19833,62.33
20,2097,TECHLABS,SM,552000,308000,55.80
20,2098,TECHM,EQ,2313059,1255496,54.28
20,2099,TECHNOE,EQ,150295,68259,45.42
20,2100,TEGA,EQ,50170,22792,45.43
20,2101,TEJASNET,EQ,240720,108843,45.22
20,2102,TEMBO,EQ,102320,39700,38.80
20,2103,TERASOFT,EQ,366968,197745,53.89
20,2104,TEXINFRA,EQ,580988,154669,26.62
20,2105,TEXMOPIPES,EQ,308900,128236,41.51
20,2106,TEXRAIL,EQ,8974433,4009237,44.67
20,2107,TFCILTD,EQ,12223657,5324751,43.56
20,2108,THANGAMAYL,EQ,12267,7024,57.26
20,2109,THEINVEST,EQ,21139,15502,73.33
20,2110,THEJO,EQ,4696,2885,61.44
20,2111,THEMISMED,EQ,90786,45676,50.31
20,2112,THERMAX,EQ,27505,11154,40.55
20,2113,THOMASCOOK,EQ,1124998,800272,71.14
20,2114,THYROCARE,EQ,56608,41773,73.79
20,2115,TI,EQ,356972,170458,47.75
20,2116,TIDEWATER,EQ,32014,15105,47.18
20,2117,TIIL,EQ,4643,2782,59.92
20,2118,TIINDIA,EQ,310013,182377,58.83
20,2119,TIJARIA,EQ,140683,104709,74.43
20,2120,TIMETECHNO,EQ,1467493,615729,41.96
20,2121,TIMKEN,EQ,37088,19283,51.99
20,2122,TINPLATE,EQ,693838,392283,56.54
20,2123,TIPSINDLTD,EQ,396562,167421,42.22
20,2124,TIRUMALCHM,EQ,496600,190199,38.30
20,2125,TITAGARH,EQ,1151800,356691,30.97
20,2126,TITAN,EQ,723356,367240,50.77
20,2127,TMB,EQ,110144,43053,39.09
20,2128,TNIDETF,EQ,53643,35587,66.34
20,2129,TNPETRO,EQ,521954,204544,39.19
20,2130,TNPL,EQ,372873,122864,32.95
20,2131,TNTELE,EQ,70400,54871,77.94
20,2132,TOKYOPLAST,EQ,7609,4883,64.17
20,2133,TORNTPHARM,EQ,306575,164208,53.56
20,2134,TORNTPOWER,EQ,312608,99528,31.84
20,2135,TOTAL,EQ,39437,24269,61.54
20,2136,TPLPLASTEH,EQ,1435463,534303,37.22
20,2137,TRACXN,EQ,2193377,1096036,49.97
20,2138,TRANSTEEL,SM,64000,50000,78.13
20,2139,TRANSWIND,SM,16000,16000,100.00
20,2140,TREEHOUSE,EQ,121927,81855,67.13
20,2141,TREL,EQ,1009907,609583,60.36
20,2142,TRENT,EQ,420338,283566,67.46
20,2143,TRF,EQ,84953,46252,54.44
20,2144,TRIDENT,EQ,16677569,7818069,46.88
20,2145,TRIDHYA,SM,24000,15000,62.50
20,2146,TRIGYN,EQ,554679,200617,36.17
20,2147,TRIL,EQ,860542,283672,32.96
20,2148,TRITURBINE,EQ,150207,69515,46.28
20,2149,TRIVENI,EQ,271231,163316,60.21
20,2150,TRU,EQ,2577746,664160,25.77
20,2151,TTKHLTCARE,EQ,7862,4888,62.17
20,2152,TTKPRESTIG,EQ,201249,76525,38.03
20,2153,TTL,EQ,67643,30417,44.97
20,2154,TTML,EQ,5692232,2735607,48.06
20,2155,TV18BRDCST,EQ,182453010,26850481,14.72
20,2156,TVSELECT,EQ,55548,18623,33.53
20,2157,TVSHLTD,EQ,13658,8569,62.74
20,2158,TVSHLTD,P1,70405,70405,100.00
20,2159,TVSMOTOR,EQ,727553,337661,46.41
20,2160,TVSSCS,EQ,384794,261099,67.85
20,2161,TVSSRICHAK,EQ,7284,2475,33.98
20,2162,TVTODAY,EQ,604613,176663,29.22
20,2163,UBL,EQ,316473,104431,33.00
20,2164,UCAL,EQ,46751,26766,57.25
20,2165,UCL,SM,16000,6000,37.50
20,2166,UCOBANK,EQ,16691879,5133915,30.76
20,2167,UDS,EQ,162273,73407,45.24
20,2168,UFLEX,EQ,106067,56362,53.14
20,2169,UFO,EQ,1748670,478860,27.38
20,2170,UGARSUGAR,EQ,236908,145428,61.39
20,2171,UGROCAP,EQ,130595,67080,51.36
20,2172,UGROCAP,N1,90,90,100.00
20,2173,UGROCAP,N7,86,86,100.00
20,2174,UJJIVAN,EQ,440674,228658,51.89
20,2175,UJJIVANSFB,EQ,9802217,4070191,41.52
20,2176,ULTRACEMCO,EQ,252817,125711,49.72
20,2177,UMA,SM,68000,48000,70.59
20,2178,UMAEXPORTS,EQ,81697,50613,61.95
20,2179,UMANGDAIRY,EQ,38980,23485,60.25
20,2180,UNICHEMLAB,EQ,79826,41529,52.02
20,2181,UNIDT,EQ,70789,26399,37.29
20,2182,UNIENTER,EQ,16768,11753,70.09
20,2183,UNIHEALTH,SM,9000,7000,77.78
20,2184,UNIONBANK,EQ,23673815,11167858,47.17
20,2185,UNIPARTS,EQ,172333,80013,46.43
20,2186,UNITEDPOLY,EQ,6292,3360,53.40
20,2187,UNITEDTEA,EQ,3203,2336,72.93
20,2188,UNIVCABLES,EQ,34443,18105,52.57
20,2189,UNIVPHOTO,EQ,1422,974,68.50
20,2190,UNOMINDA,EQ,383158,267149,69.72
20,2191,UPL,EQ,4724845,3029659,64.12
20,2192,URAVI,EQ,6069,4879,80.39
20,2193,URBAN,SM,4800,4800,100.00
20,2194,URJA,EQ,6043654,3505867,58.01
20,2195,USASEEDS,SM,300,300,100.00
20,2196,USHAMART,EQ,726507,389330,53.59
20,2197,USK,EQ,759346,310442,40.88
20,2198,UTIAMC,EQ,130029,61794,47.52
20,2199,UTIBANKETF,EQ,417020,347762,83.39
20,2200,UTINEXT50,EQ,40555,32957,81.26
20,2201,UTINIFTETF,EQ,75502,70210,92.99
20,2202,UTISENSETF,EQ,1664,1365,82.03
20,2203,UTISXN50,EQ,1504,1258,83.64
20,2204,UTKARSHBNK,EQ,5110374,2333584,45.66
20,2205,UTTAMSUGAR,EQ,109450,49703,45.41
20,2206,V2RETAIL,EQ,32406,18410,56.81
20,2207,VADILALIND,EQ,31122,12583,40.43
20,2208,VAIBHAVGBL,EQ,3518059,1108379,31.51
20,2209,VAISHALI,EQ,406491,248021,61.02
20,2210,VAKRANGEE,EQ,17560283,4600296,26.20
20,2211,VALIANTLAB,EQ,735788,283950,38.59
20,2212,VALIANTORG,EQ,80806,39456,48.83
20,2213,VARDHACRLC,EQ,284114,183787,64.69
20,2214,VARROC,EQ,158757,78692,49.57
20,2215,VASA,SM,4000,4000,100.00
20,2216,VASCONEQ,EQ,4881105,1536947,31.49
20,2217,VASWANI,EQ,81448,46886,57.57
20,2218,VBL,EQ,2159125,1429942,66.23
20,2219,VEDL,EQ,10649774,5251219,49.31
20,2220,VEEKAYEM,SM,66000,54000,81.82
20,2221,VELS,SM,7200,7200,100.00
20,2222,VENKEYS,EQ,72026,26335,36.56
20,2223,VENUSPIPES,EQ,36640,17519,47.81
20,2224,VENUSREM,EQ,76135,38843,51.02
20,2225,VERANDA,EQ,372973,185728,49.80
20,2226,VERTEXPLUS,SM,24000,24000,100.00
20,2227,VERTOZ,EQ,757182,255892,33.80
20,2228,VESUVIUS,EQ,8376,4784,57.12
20,2229,VETO,EQ,202606,114194,56.36
20,2230,VGUARD,EQ,196000,79009,40.31
20,2231,VHL,EQ,816,657,80.51
20,2232,VIAZ,ST,42000,34000,80.95
20,2233,VIDHIING,EQ,18550,10707,57.72
20,2234,VIJAYA,EQ,82290,37320,45.35
20,2235,VIJIFIN,EQ,204243,204243,100.00
20,2236,VIKASECO,EQ,14074429,6397625,45.46
20,2237,VIKASLIFE,EQ,25610119,13448455,52.51
20,2238,VILINBIO,SM,16000,16000,100.00
20,2239,VIMTALABS,EQ,25450,11141,43.78
20,2240,VINATIORGA,EQ,36102,21130,58.53
20,2241,VINDHYATEL,EQ,28391,17373,61.19
20,2242,VINSYS,SM,13500,11000,81.48
20,2243,VINYAS,SM,4000,4000,100.00
20,2244,VINYLINDIA,EQ,48359,16175,33.45
20,2245,VIPCLOTHNG,EQ,244788,146333,59.78
20,2246,VIPIND,EQ,677103,415094,61.30
20,2247,VIPULLTD,EQ,72294,66393,91.84
20,2248,VIRINCHI,EQ,450996,247917,54.97
20,2249,VISAKAIND,EQ,922554,387456,42.00
20,2250,VISHNU,EQ,110111,65036,59.06
20,2251,VISHNUINFR,SM,20000,14000,70.00
20,2252,VISHWARAJ,EQ,1172760,498048,42.47
20,2253,VITAL,SM,22800,20400,89.47
20,2254,VIVIANA,SM,24000,21000,87.50
20,2255,VLEGOV,EQ,775972,414160,53.37
20,2256,VLSFINANCE,EQ,73018,39629,54.27
20,2257,VMARCIND,SM,30000,26000,86.67
20,2258,VMART,EQ,17693,9572,54.10
20,2259,VOLTAMP,EQ,42714,17951,42.03
20,2260,VOLTAS,EQ,1388891,982234,70.72
20,2261,VPRPL,EQ,790715,306605,38.78
20,2262,VRLLOG,EQ,34603,17447,50.42
20,2263,VSCL,SM,33000,30000,90.91
20,2264,VSSL,EQ,152077,84837,55.79
20,2265,VSTIND,EQ,11713,5660,48.32
20,2266,VSTTILLERS,EQ,15663,9059,57.84
20,2267,VTL,EQ,205367,105161,51.21
20,2268,WABAG,EQ,611551,341734,55.88
20,2269,WALCHANNAG,EQ,188298,121211,64.37
20,2270,WALPAR,SM,28000,28000,100.00
20,2271,WEBELSOLAR,EQ,385074,146210,37.97
20,2272,WEL,EQ,1208,592,49.01
20,2273,WELCORP,EQ,2228965,1432022,64.25
20,2274,WELENT,EQ,134451,61683,45.88
20,2275,WELSPUNLIV,EQ,1206079,566651,46.98
20,2276,WENDT,EQ,398,258,64.82
20,2277,WESTLIFE,EQ,105497,44220,41.92
20,2278,WHEELS,EQ,105346,46191,43.85
20,2279,WHIRLPOOL,EQ,234430,175697,74.95
20,2280,WINDLAS,EQ,132816,56284,42.38
20,2281,WINDMACHIN,EQ,53435,29498,55.20
20,2282,WIPRO,EQ,14334466,4324835,30.17
20,2283,WOCKPHARMA,EQ,745510,389783,52.28
20,2284,WOMANCART,ST,1600,1600,100.00
20,2285,WONDERLA,EQ,42216,27418,64.95
20,2286,WORTH,EQ,24590,14123,57.43
20,2287,WSI,EQ,36410,22917,62.94
20,2288,WSTCSTPAPR,EQ,165403,64891,39.23
20,2289,XCHANGING,EQ,749805,261283,34.85
20,2290,XELPMOC,EQ,168798,86086,51.00
20,2291,XPROINDIA,EQ,52211,24364,46.66
20,2292,YASHO,EQ,13928,7646,54.90
20,2293,YATHARTH,EQ,198681,117057,58.92
20,2294,YATRA,EQ,1143277,750738,65.67
20,2295,YCCL,SM,24000,15000,62.50
20,2296,YESBANK,EQ,407818402,125294631,30.72
20,2297,YUDIZ,SM,28800,26400,91.67
20,2298,YUKEN,EQ,3866,2522,65.24
20,2299,ZAGGLE,EQ,1079865,645293,59.76
20,2300,ZEAL,SM,7800,5400,69.23
20,2301,ZEEL,EQ,19673798,7994116,40.63
20,2302,ZEEMEDIA,EQ,12962229,3198393,24.67
20,2303,ZENITHEXPO,EQ,8884,3301,37.16
20,2304,ZENSARTECH,EQ,986550,448890,45.50
20,2305,ZENTEC,EQ,170165,96788,56.88
20,2306,ZFCVINDIA,EQ,4908,2373,48.35
20,2307,ZIMLAB,EQ,207670,112844,54.34
20,2308,ZODIACLOTH,EQ,32874,19137,58.21
20,2309,ZOMATO,EQ,76780526,46517639,60.59
20,2310,ZOTA,EQ,27989,14976,53.51
20,2311,ZUARI,EQ,822562,326564,39.70
20,2312,ZUARIIND,EQ,375129,137070,36.54
20,2313,ZYDUSLIFE,EQ,918668,442312,48.15
20,2314,ZYDUSWELL,EQ,19117,9973,52.17
