Security Wise Delivery Position - Compulsory Rolling Settlement
10,MTO,20012024,1622834909,0002267
Trade Date <20-JAN-2024>,Settlement Type <N>
Record Type,Sr No,Name of Security,Quantity Traded,Deliverable Quantity(gross across client level),% of Deliverable Quantity to Traded Quantity
20,1,182D020524,TB,100,100,100.00
20,2,182D040724,TB,20100,20100,100.00
20,3,182D110424,TB,1100,1100,100.00
20,4,182D130624,TB,500,500,100.00
20,5,182D200624,TB,300,300,100.00
20,6,182D270624,TB,100,100,100.00
20,7,20MICRONS,EQ,48787,18571,38.07
20,8,360ONE,EQ,77610,37338,48.11
20,9,364D020125,TB,4100,4000,97.56
20,10,364D121224,TB,100,100,100.00
20,11,364D160125,TB,100,100,100.00
20,12,364D180424,TB,100,100,100.00
20,13,364D211124,TB,200,200,100.00
20,14,364D260124,TB,900,900,100.00
20,15,364D311024,TB,100,100,100.00
20,16,3IINFOLTD,EQ,2109841,948173,44.94
20,17,3MINDIA,EQ,2358,933,39.57
20,18,3PLAND,EQ,111463,63795,57.23
20,19,574GS2026,GS,1047,1047,100.00
20,20,5PAISA,EQ,87537,51109,58.39
20,21,618GS2024,GS,1,1,100.00
20,22,667GS2050,GS,50,50,100.00
20,23,676GS2061,GS,199,199,100.00
20,24,699GS2026,GS,700,700,100.00
20,25,699GS2051,GS,6,3,50.00
20,26,706GS2028,GS,1000,1000,100.00
20,27,717GS2030,GS,500,500,100.00
20,28,718GS2033,GS,200,200,100.00
20,29,718GS2037,GS,68200,68200,100.00
20,30,719GS2060,GS,1,1,100.00
20,31,725GS2063,GS,26631,26631,100.00
20,32,726GS2032,GS,3285,3103,94.46
20,33,726GS2033,GS,1,1,100.00
20,34,732GS2024,GS,121,121,100.00
20,35,732GS2030,GS,2020,2020,100.00
20,36,733GS2026,GS,480,480,100.00
20,37,736GS2052,GS,1661,1657,99.76
20,38,737GS2028,GS,1500,1500,100.00
20,39,738GS2027,GS,81311,67228,82.68
20,40,73GS2053,GS,6060,5209,85.96
20,41,741GS2036,GS,29990,29990,100.00
20,42,746GS2073,GS,160,160,100.00
20,43,754GS2036,GS,299058,252012,84.27
20,44,77MH33A,SG,700,700,100.00
20,45,824GS2027,GS,1300,1300,100.00
20,46,828GS2027,GS,290,290,100.00
20,47,915GS2024,GS,1000,1000,100.00
20,48,91D040424,TB,2300,2300,100.00
20,49,91D070324,TB,3500,3500,100.00
20,50,91D110424,TB,600,300,50.00
20,51,91D140324,TB,1400,1400,100.00
20,52,91D180424,TB,1800,1800,100.00
20,53,91D210324,TB,500,500,100.00
20,54,91D220224,TB,100,100,100.00
20,55,91D290224,TB,200,200,100.00
20,56,92GS2030,GS,1,1,100.00
20,57,AARON,EQ,9000,6227,69.19
20,58,AARTECH,EQ,37070,22522,60.76
20,59,AARTIDRUGS,EQ,194071,114613,59.06
20,60,AARTIIND,EQ,3267220,800067,24.49
20,61,AARTIPHARM,EQ,76658,36479,47.59
20,62,AARTISURF,EQ,431168,92473,21.45
20,63,AARTISURF,P1,31,31,100.00
20,64,AARVEEDEN,EQ,23773,13544,56.97
20,65,AARVI,EQ,18419,12568,68.23
20,66,AATMAJ,SM,30000,20000,66.67
20,67,AAVAS,EQ,60704,25334,41.73
20,68,ABB,EQ,49467,18197,36.79
20,69,ABBOTINDIA,EQ,22332,8296,37.15
20,70,ABCAPITAL,EQ,1350702,683033,50.57
20,71,ABCOTS,SM,4000,4000,100.00
20,72,ABFL,N2,7,7,100.00
20,73,ABFRL,EQ,1389852,617848,44.45
20,74,ABSLAMC,EQ,67483,35955,53.28
20,75,ABSLBANETF,EQ,253219,181961,71.86
20,76,ABSLLIQUID,EQ,521,521,100.00
20,77,ABSLNN50ET,EQ,3554,3400,95.67
20,78,ACC,EQ,254530,95857,37.66
20,79,ACCELYA,EQ,47098,31220,66.29
20,80,ACCENTMIC,SM,111000,77000,69.37
20,81,ACCORD,ST,4000,4000,100.00
20,82,ACE,EQ,90509,43135,47.66
20,83,ACEINTEG,EQ,6833,4260,62.34
20,84,ACI,EQ,128599,76526,59.51
20,85,ACL,EQ,39809,27336,68.67
20,86,ACLGATI,EQ,201218,96857,48.14
20,87,ACSAL,SM,30000,27000,90.00
20,88,ADANIENSOL,EQ,1689974,469112,27.76
20,89,ADANIENT,EQ,1878793,534047,28.43
20,90,ADANIGREEN,EQ,1094274,354531,32.40
20,91,ADANIPORTS,EQ,2521107,547604,21.72
20,92,ADFFOODS,EQ,91562,54603,59.64
20,93,ADORWELD,EQ,30099,10996,36.53
20,94,ADSL,EQ,1377943,612613,44.46
20,95,ADVANIHOTR,EQ,154264,84328,54.66
20,96,ADVENZYMES,EQ,95323,44594,46.78
20,97,AEGISCHEM,EQ,310705,150109,48.31
20,98,AEROFLEX,EQ,881539,428038,48.56
20,99,AETHER,EQ,38482,22525,58.53
20,100,AFFLE,EQ,145021,78324,54.01
20,101,AGARIND,EQ,52885,25477,48.17
20,102,AGARWALFT,SM,9000,9000,100.00
20,103,AGI,EQ,429457,247834,57.71
20,104,AGNI,SM,200000,200000,100.00
20,105,AGRITECH,EQ,25832,16031,62.06
20,106,AGROPHOS,EQ,231511,105297,45.48
20,107,AGSTRA,EQ,583268,406850,69.75
20,108,AGUL,ST,8000,8000,100.00
20,109,AHL,EQ,49952,22677,45.40
20,110,AHLADA,EQ,35992,25277,70.23
20,111,AHLEAST,EQ,19150,12117,63.27
20,112,AHLUCONT,EQ,8775,4918,56.05
20,113,AIAENG,EQ,7015,3290,46.90
20,114,AILIMITED,SM,6000,6000,100.00
20,115,AIROLAM,EQ,9928,4657,46.91
20,116,AIRTELPP,E1,57150,26594,46.53
20,117,AISL,SM,1200,1200,100.00
20,118,AJANTPHARM,EQ,7485,3246,43.37
20,119,AJMERA,EQ,181918,52816,29.03
20,120,AKANKSHA,SM,242000,182000,75.21
20,121,AKG,EQ,138777,116695,84.09
20,122,AKSHARCHEM,EQ,11589,4395,37.92
20,123,AKZOINDIA,EQ,4958,2753,55.53
20,124,ALBERTDAVD,EQ,50619,22415,44.28
20,125,ALEMBICLTD,EQ,572266,317667,55.51
20,126,ALICON,EQ,15319,6711,43.81
20,127,ALKALI,EQ,11618,8436,72.61
20,128,ALKEM,EQ,24505,6204,25.32
20,129,ALKYLAMINE,EQ,43453,17042,39.22
20,130,ALLCARGO,EQ,1243324,718247,57.77
20,131,ALLETEC,SM,78400,53600,68.37
20,132,ALLSEC,EQ,14849,7932,53.42
20,133,ALOKINDS,EQ,10789226,6789132,62.93
20,134,ALPA,EQ,101996,53293,52.25
20,135,ALPHAETF,EQ,29876,16764,56.11
20,136,ALPHAGEO,EQ,10279,4436,43.16
20,137,ALPL30IETF,EQ,43641,42093,96.45
20,138,ALPSINDUS,EQ,22553,21553,95.57
20,139,AMBER,EQ,47668,12237,25.67
20,140,AMBICAAGAR,EQ,141393,93390,66.05
20,141,AMBIKCO,EQ,6688,3975,59.43
20,142,AMBUJACEM,EQ,2579032,1122032,43.51
20,143,AMEYA,SM,30000,28000,93.33
20,144,AMIORG,EQ,63527,35411,55.74
20,145,AMJLAND,EQ,163282,100004,61.25
20,146,AMNPLST,EQ,8401,4138,49.26
20,147,AMRUTANJAN,EQ,11948,6802,56.93
20,148,ANANDRATHI,EQ,25220,13286,52.68
20,149,ANANTRAJ,EQ,574880,325749,56.66
20,150,ANDHRAPAP,EQ,198235,84158,42.45
20,151,ANDHRSUGAR,EQ,199775,115230,57.68
20,152,ANGELONE,EQ,237129,122365,51.60
20,153,ANLON,SM,3200,2400,75.00
20,154,ANMOL,EQ,246808,160173,64.90
20,155,ANNAPURNA,SM,32500,23500,72.31
20,156,ANUP,EQ,10041,5442,54.20
20,157,ANURAS,EQ,30730,16615,54.07
20,158,APARINDS,EQ,28641,13547,47.30
20,159,APCL,EQ,13833,9404,67.98
20,160,APCOTEXIND,EQ,112180,63427,56.54
20,161,APEX,EQ,264028,96238,36.45
20,162,APLAPOLLO,EQ,115552,64359,55.70
20,163,APLLTD,EQ,209604,114553,54.65
20,164,APOLLOHOSP,EQ,249694,60084,24.06
20,165,APOLLOPIPE,EQ,142752,77860,54.54
20,166,APOLLOTYRE,EQ,6024216,511995,8.50
20,167,APOLSINHOT,EQ,29788,10691,35.89
20,168,APS,ST,40000,40000,100.00
20,169,APTECHT,EQ,436845,175775,40.24
20,170,APTUS,EQ,269488,125770,46.67
20,171,ARABIAN,SM,24000,20000,83.33
20,172,ARCHIES,EQ,364805,203911,55.90
20,173,ARE&M,EQ,218621,123378,56.43
20,174,ARENTERP,EQ,58947,44185,74.96
20,175,ARHAM,SM,84000,63000,75.00
20,176,ARIES,EQ,568145,231848,40.81
20,177,ARIHANTACA,SM,7200,5600,77.78
20,178,ARIHANTCAP,EQ,166987,113026,67.69
20,179,ARIHANTSUP,EQ,1227210,291642,23.76
20,180,ARISTO,SM,19200,17600,91.67
20,181,ARMANFIN,EQ,7694,3104,40.34
20,182,AROGRANITE,EQ,176336,87629,49.69
20,183,ARROWGREEN,EQ,21546,10286,47.74
20,184,ARTEMISMED,EQ,64491,34489,53.48
20,185,ARVIND,EQ,170776,78244,45.82
20,186,ARVINDFASN,EQ,112305,46546,41.45
20,187,ARVSMART,EQ,24555,10705,43.60
20,188,ASAHIINDIA,EQ,50734,31070,61.24
20,189,ASAHISONG,EQ,25801,15033,58.27
20,190,ASAL,EQ,43074,22819,52.98
20,191,ASALCBR,EQ,46973,22770,48.47
20,192,ASHAPURMIN,EQ,119614,81407,68.06
20,193,ASHIANA,EQ,141416,46443,32.84
20,194,ASHIMASYN,EQ,426189,302188,70.90
20,195,ASHOKA,EQ,1675057,771207,46.04
20,196,ASHOKLEY,EQ,7393395,3752491,50.75
20,197,ASIANENE,EQ,20311,13038,64.19
20,198,ASIANPAINT,EQ,275937,132207,47.91
20,199,ASIANTILES,EQ,1185185,503654,42.50
20,200,ASKAUTOLTD,EQ,503530,286692,56.94
20,201,ASLIND,ST,4000,4000,100.00
20,202,ASPINWALL,EQ,35478,18448,52.00
20,203,ASTEC,EQ,14415,8209,56.95
20,204,ASTERDM,EQ,240073,99450,41.42
20,205,ASTRAL,EQ,195543,82008,41.94
20,206,ASTRAMICRO,EQ,388417,259516,66.81
20,207,ASTRAZEN,EQ,17289,3969,22.96
20,208,ASTRON,EQ,82652,45882,55.51
20,209,ATAM,EQ,42329,31555,74.55
20,210,ATFL,EQ,2021,1137,56.26
20,211,ATGL,EQ,2604323,779994,29.95
20,212,ATL,EQ,1850210,950123,51.35
20,213,ATUL,EQ,35385,15435,43.62
20,214,ATULAUTO,EQ,67185,36654,54.56
20,215,AUBANK,EQ,1930061,205019,10.62
20,216,AURDIS,SM,11500,11000,95.65
20,217,AUROIMPEX,SM,88000,59200,67.27
20,218,AUROPHARMA,EQ,1087358,272360,25.05
20,219,AURUM,EQ,355300,177503,49.96
20,220,AURUMPP,E1,32541,24638,75.71
20,221,AUSOMENT,EQ,508421,143260,28.18
20,222,AUTOAXLES,EQ,6721,4130,61.45
20,223,AUTOBEES,EQ,29096,20960,72.04
20,224,AUTOIETF,EQ,5764,4072,70.65
20,225,AUTOIND,EQ,146485,87624,59.82
20,226,AVADHSUGAR,EQ,121074,87715,72.45
20,227,AVALON,EQ,86918,45637,52.51
20,228,AVANTIFEED,EQ,579658,164879,28.44
20,229,AVG,EQ,55414,33358,60.20
20,230,AVONMORE,EQ,435860,219091,50.27
20,231,AVROIND,EQ,364981,235948,64.65
20,232,AVTNPL,EQ,132067,83767,63.43
20,233,AWHCL,EQ,227231,97041,42.71
20,234,AWL,EQ,2383285,857073,35.96
20,235,AXISBANK,EQ,5055594,767598,15.18
20,236,AXISBNKETF,EQ,1999,1650,82.54
20,237,AXISBPSETF,EQ,48641,32853,67.54
20,238,AXISCADES,EQ,34193,18657,54.56
20,239,AXISCETF,EQ,1183,899,75.99
20,240,AXISGOLD,EQ,43352,25382,58.55
20,241,AXISHCETF,EQ,1380,1157,83.84
20,242,AXISILVER,EQ,3222,1925,59.75
20,243,AXISNIFTY,EQ,1490,1036,69.53
20,244,AXISTECETF,EQ,4831,3803,78.72
20,245,AXITA,EQ,6146109,2661634,43.31
20,246,AXSENSEX,EQ,1144,773,67.57
20,247,AYMSYNTEX,EQ,41905,20532,49.00
20,248,AZAD,EQ,156847,107281,68.40
20,249,BABAFP,SM,67200,52800,78.57
20,250,BAHETI,SM,15000,7500,50.00
20,251,BAIDFIN,EQ,156329,110797,70.87
20,252,BAJAJ-AUTO,EQ,91479,38994,42.63
20,253,BAJAJCON,EQ,197842,115951,58.61
20,254,BAJAJELEC,EQ,30028,15249,50.78
20,255,BAJAJFINSV,EQ,404125,208017,51.47
20,256,BAJAJHCARE,EQ,70472,47134,66.88
20,257,BAJAJHIND,EQ,4814936,2579601,53.57
20,258,BAJAJHLDNG,EQ,32340,7478,23.12
20,259,BAJEL,EQ,2129293,1331517,62.53
20,260,BAJFINANCE,EQ,219358,90623,41.31
20,261,BALAJITELE,EQ,372124,174472,46.89
20,262,BALAMINES,EQ,40401,15045,37.24
20,263,BALAXI,EQ,1367,775,56.69
20,264,BALKRISHNA,EQ,262535,175394,66.81
20,265,BALKRISIND,EQ,612089,170187,27.80
20,266,BALMLAWRIE,EQ,3218235,1371411,42.61
20,267,BALPHARMA,EQ,132422,83884,63.35
20,268,BALRAMCHIN,EQ,526579,238959,45.38
20,269,BANARBEADS,EQ,19856,13148,66.22
20,270,BANARISUG,EQ,1781,1233,69.23
20,271,BANCOINDIA,EQ,85068,22225,26.13
20,272,BANDHANBNK,EQ,10792549,4500094,41.70
20,273,BANKBARODA,EQ,10482470,2809665,26.80
20,274,BANKBEES,EQ,760407,513534,67.53
20,275,BANKETF,EQ,4890,3709,75.85
20,276,BANKIETF,EQ,249761,174789,69.98
20,277,BANKINDIA,EQ,11531215,4108332,35.63
20,278,BANSWRAS,EQ,88988,46529,52.29
20,279,BARBEQUE,EQ,22396,12053,53.82
20,280,BASF,EQ,5119,2930,57.24
20,281,BASILIC,SM,56400,36000,63.83
20,282,BASML,EQ,188940,119617,63.31
20,283,BATAINDIA,EQ,120444,63453,52.68
20,284,BAYERCROP,EQ,3368,1567,46.53
20,285,BBETF0432,EQ,1500,1200,80.00
20,286,BBL,EQ,12645,6911,54.65
20,287,BBNPPGOLD,EQ,114,113,99.12
20,288,BBTC,EQ,69121,27991,40.50
20,289,BBTCL,EQ,3778,2151,56.93
20,290,BCG,EQ,19771937,9664801,48.88
20,291,BCLIND,EQ,722796,431708,59.73
20,292,BDL,EQ,338984,96836,28.57
20,293,BECTORFOOD,EQ,54313,36884,67.91
20,294,BEDMUTHA,EQ,53831,40927,76.03
20,295,BEL,EQ,12654436,5891133,46.55
20,296,BEML,EQ,124368,36191,29.10
20,297,BEPL,EQ,1010844,513973,50.85
20,298,BERGEPAINT,EQ,184216,77852,42.26
20,299,BETA,SM,4800,3500,72.92
20,300,BEWLTD,SM,7125,4750,66.67
20,301,BFINVEST,EQ,30447,15718,51.62
20,302,BFSI,EQ,294822,230455,78.17
20,303,BFUTILITIE,EQ,125103,100918,80.67
20,304,BGRENERGY,EQ,430493,222517,51.69
20,305,BHAGCHEM,EQ,4234,3544,83.70
20,306,BHAGERIA,EQ,13504,6707,49.67
20,307,BHAGYANGR,EQ,159109,47190,29.66
20,308,BHANDARI,EQ,961380,537203,55.88
20,309,BHARATFORG,EQ,151211,35498,23.48
20,310,BHARATGEAR,EQ,46978,36764,78.26
20,311,BHARATRAS,EQ,2546,1177,46.23
20,312,BHARTIARTL,EQ,1919442,916654,47.76
20,313,BHEL,EQ,23302300,7820346,33.56
20,314,BIGBLOC,EQ,93883,57081,60.80
20,315,BIKAJI,EQ,75328,42372,56.25
20,316,BIOCON,EQ,2287845,867629,37.92
20,317,BIOFILCHEM,EQ,37215,20717,55.67
20,318,BIRET,RR,74190,61983,83.55
20,319,BIRLACABLE,EQ,81925,49343,60.23
20,320,BIRLACORPN,EQ,59592,25220,42.32
20,321,BIRLAMONEY,EQ,262905,121646,46.27
20,322,BLAL,EQ,474056,214421,45.23
20,323,BLBLIMITED,EQ,10820345,4435490,40.99
20,324,BLISSGVS,EQ,427966,223507,52.23
20,325,BLKASHYAP,EQ,944484,437016,46.27
20,326,BLS,EQ,1243835,630785,50.71
20,327,BLUEDART,EQ,4704,2976,63.27
20,328,BLUEJET,EQ,61415,35218,57.34
20,329,BLUESTARCO,EQ,49452,18244,36.89
20,330,BMETRICS,SM,6800,4400,64.71
20,331,BODALCHEM,EQ,750366,422695,56.33
20,332,BOMDYEING,EQ,784293,356978,45.52
20,333,BOROLTD,EQ,66932,33681,50.32
20,334,BORORENEW,EQ,435194,194568,44.71
20,335,BOSCHLTD,EQ,45872,2644,5.76
20,336,BPCL,EQ,3811138,2170250,56.94
20,337,BRIGADE,EQ,361920,293350,81.05
20,338,BRIGHT,ST,195000,195000,100.00
20,339,BRITANNIA,EQ,221679,73291,33.06
20,340,BRITANNIA,N3,3276,2137,65.23
20,341,BRNL,EQ,3852825,1401207,36.37
20,342,BROOKS,EQ,35356,25708,72.71
20,343,BSE,EQ,222455,127802,57.45
20,344,BSE500IETF,EQ,112450,56008,49.81
20,345,BSHSL,EQ,137482,62698,45.60
20,346,BSL,EQ,4242,2598,61.24
20,347,BSLGOLDETF,EQ,22850,15980,69.93
20,348,BSLNIFTY,EQ,104761,57080,54.49
20,349,BSLSENETFG,EQ,1302,609,46.77
20,350,BSOFT,EQ,1078633,248240,23.01
20,351,BTML,EQ,87185,45166,51.80
20,352,BUTTERFLY,EQ,2573,1651,64.17
20,353,CADSYS,SM,50000,43000,86.00
20,354,CAMLINFINE,EQ,202916,117621,57.97
20,355,CAMPUS,EQ,178659,107815,60.35
20,356,CAMS,EQ,60975,32018,52.51
20,357,CANARYS,SM,268000,212000,79.10
20,358,CANBK,EQ,5187720,1670113,32.19
20,359,CANFINHOME,EQ,2216237,437107,19.72
20,360,CANTABIL,EQ,181387,48959,26.99
20,361,CAPACITE,EQ,609540,306928,50.35
20,362,CAPLIPOINT,EQ,41088,20010,48.70
20,363,CAPTRUST,EQ,7396,4651,62.89
20,364,CARBORUNIV,EQ,17189,9112,53.01
20,365,CAREERP,EQ,247912,83283,33.59
20,366,CARERATING,EQ,203450,77022,37.86
20,367,CARTRADE,EQ,68067,24204,35.56
20,368,CARYSIL,EQ,62778,36502,58.14
20,369,CASTROLIND,EQ,3625303,1078244,29.74
20,370,CBAZAAR,SM,24000,24000,100.00
20,371,CCHHL,EQ,1807514,1093921,60.52
20,372,CCL,EQ,30877,17157,55.57
20,373,CDSL,EQ,289087,158679,54.89
20,374,CEATLTD,EQ,2204964,336461,15.26
20,375,CELLECOR,SM,52800,32400,61.36
20,376,CELLO,EQ,40537,23438,57.82
20,377,CELLPOINT,SM,62400,43200,69.23
20,378,CENTENKA,EQ,37015,20541,55.49
20,379,CENTEXT,EQ,195289,160288,82.08
20,380,CENTRALBK,EQ,54086912,18079944,33.43
20,381,CENTRUM,EQ,866645,488928,56.42
20,382,CENTUM,EQ,7240,3947,54.52
20,383,CENTURYPLY,EQ,306245,151755,49.55
20,384,CENTURYTEX,EQ,106952,49636,46.41
20,385,CERA,EQ,7553,4137,54.77
20,386,CESC,EQ,11025156,4707416,42.70
20,387,CGCL,EQ,201050,40861,20.32
20,388,CGPOWER,EQ,479367,282287,58.89
20,389,CHALET,EQ,46904,14886,31.74
20,390,CHAMBLFERT,EQ,1363454,422085,30.96
20,391,CHAVDA,SM,174000,104000,59.77
20,392,CHEMBOND,EQ,10504,5005,47.65
20,393,CHEMCON,EQ,42234,25570,60.54
20,394,CHEMFAB,EQ,12134,8678,71.52
20,395,CHEMPLASTS,EQ,23502,10364,44.10
20,396,CHENNPETRO,EQ,630881,274555,43.52
20,397,CHEVIOT,EQ,3671,2046,55.73
20,398,CHOICEIN,EQ,125385,49604,39.56
20,399,CHOLAFIN,EQ,274689,53408,19.44
20,400,CHOLAFIN,NA,35,35,100.00
20,401,CHOLAFIN,NC,2005,2004,99.95
20,402,CHOLAHLDNG,EQ,25860,9512,36.78
20,403,CIEINDIA,EQ,282390,209100,74.05
20,404,CIGNITITEC,EQ,146428,67960,46.41
20,405,CIPLA,EQ,353704,170081,48.09
20,406,CLEAN,EQ,44709,26145,58.48
20,407,CLEDUCATE,EQ,100241,61417,61.27
20,408,CLOUD,SM,1722000,1247000,72.42
20,409,CLSEL,EQ,52912,25282,47.78
20,410,CLSL,SM,30000,18000,60.00
20,411,CMNL,SM,84000,72000,85.71
20,412,CMRSL,SM,10400,9600,92.31
20,413,CMSINFO,EQ,193797,111965,57.77
20,414,COALINDIA,EQ,26121433,6543083,25.05
20,415,COASTCORP,EQ,26665,17969,67.39
20,416,COCHINSHIP,EQ,3585746,871181,24.30
20,417,COFFEEDAY,EQ,6403713,2485164,38.81
20,418,COFORGE,EQ,191502,69846,36.47
20,419,COLPAL,EQ,223126,37438,16.78
20,420,COMMITTED,SM,12800,11200,87.50
20,421,COMMOIETF,EQ,15798,11844,74.97
20,422,CONCOR,EQ,1485117,382757,25.77
20,423,CONCORDBIO,EQ,20322,8160,40.15
20,424,CONFIPET,EQ,637018,396935,62.31
20,425,CONSOFINVT,EQ,22870,14812,64.77
20,426,CONSUMBEES,EQ,20387,16183,79.38
20,427,CONSUMIETF,EQ,7198,4943,68.67
20,428,CONTROLPR,EQ,20787,11466,55.16
20,429,COOLCAPS,SM,500,500,100.00
20,430,CORDSCABLE,EQ,433976,283567,65.34
20,431,COROMANDEL,EQ,59844,25594,42.77
20,432,COSMOFIRST,EQ,25324,15526,61.31
20,433,CPS,SM,8400,6000,71.43
20,434,CPSEETF,EQ,4748836,3401581,71.63
20,435,CRAFTSMAN,EQ,21847,9308,42.61
20,436,CRAYONS,SM,45000,28000,62.22
20,437,CREATIVE,EQ,40269,19762,49.07
20,438,CREATIVEYE,EQ,48079,46979,97.71
20,439,CREDITACC,EQ,311345,135704,43.59
20,440,CREDITACC,N5,99,99,100.00
20,441,CREDITACC,ND,6,6,100.00
20,442,CREST,EQ,167027,83355,49.91
20,443,CRISIL,EQ,10725,4209,39.24
20,444,CROMPTON,EQ,527772,288352,54.64
20,445,CSBBANK,EQ,185478,81200,43.78
20,446,CSLFINANCE,EQ,20936,12619,60.27
20,447,CTE,EQ,39152,27977,71.46
20,448,CUB,EQ,1039682,516123,49.64
20,449,CUMMINSIND,EQ,102973,25072,24.35
20,450,CYBERMEDIA,EQ,361274,152807,42.30
20,451,CYBERTECH,EQ,160415,67614,42.15
20,452,CYIENT,EQ,62368,29633,47.51
20,453,CYIENTDLM,EQ,97438,53986,55.41
20,454,DABUR,EQ,458895,155185,33.82
20,455,DALBHARAT,EQ,56612,18381,32.47
20,456,DALMIASUG,EQ,48235,23876,49.50
20,457,DAMODARIND,EQ,77963,49906,64.01
20,458,DATAMATICS,EQ,83825,36391,43.41
20,459,DATAPATTNS,EQ,135974,94011,69.14
20,460,DBCORP,EQ,416861,244893,58.75
20,461,DBL,EQ,365443,159601,43.67
20,462,DBOL,EQ,217678,119478,54.89
20,463,DBREALTY,EQ,3186654,1631208,51.19
20,464,DCAL,EQ,469536,213903,45.56
20,465,DCBBANK,EQ,1544089,761870,49.34
20,466,DCI,EQ,43756,33188,75.85
20,467,DCM,EQ,69672,43866,62.96
20,468,DCMNVL,EQ,46167,38711,83.85
20,469,DCMSHRIRAM,EQ,29738,12247,41.18
20,470,DCMSRIND,EQ,565163,327711,57.99
20,471,DCW,EQ,3190325,1621979,50.84
20,472,DCXINDIA,EQ,607731,292379,48.11
20,473,DECCANCE,EQ,9739,7451,76.51
20,474,DEEPAKFERT,EQ,420998,131509,31.24
20,475,DEEPAKNTR,EQ,146780,43210,29.44
20,476,DEEPENR,EQ,13967,10162,72.76
20,477,DEEPINDS,EQ,123927,54098,43.65
20,478,DELHIVERY,EQ,184661,123432,66.84
20,479,DELPHIFX,EQ,13980,9110,65.16
20,480,DELTACORP,EQ,1045405,520867,49.82
20,481,DELTAMAGNT,EQ,8405,4532,53.92
20,482,DEN,EQ,2669561,1231443,46.13
20,483,DENEERS,SM,2400,2400,100.00
20,484,DENORA,EQ,22900,14238,62.17
20,485,DENTALKART,SM,5500,4000,72.73
20,486,DEVYANI,EQ,712431,389461,54.67
20,487,DGCONTENT,EQ,10089,8572,84.96
20,488,DHAMPURSUG,EQ,130319,59102,45.35
20,489,DHANBANK,EQ,7531149,5823610,77.33
20,490,DHANI,EQ,1658728,895207,53.97
20,491,DHANILOANS,N6,20,20,100.00
20,492,DHANILOANS,N8,67,67,100.00
20,493,DHANILOANS,NF,190,190,100.00
20,494,DHANILOANS,NQ,10,5,50.00
20,495,DHANILOANS,NW,100,100,100.00
20,496,DHANILOANS,Y2,200,200,100.00
20,497,DHANUKA,EQ,54391,18374,33.78
20,498,DHARMAJ,EQ,68776,42771,62.19
20,499,DHRUV,EQ,83159,63717,76.62
20,500,DHUNINV,EQ,1207,628,52.03
20,501,DIAMINESQ,EQ,6107,3291,53.89
20,502,DIAMONDYD,EQ,187468,74153,39.56
20,503,DICIND,EQ,5609,3975,70.87
20,504,DIGIKORE,SM,19200,12800,66.67
20,505,DIGISPICE,EQ,86576,55667,64.30
20,506,DIL,EQ,2248096,1314546,58.47
20,507,DISHTV,EQ,18459604,7181853,38.91
20,508,DIVGIITTS,EQ,14550,8503,58.44
20,509,DIVISLAB,EQ,113402,43110,38.02
20,510,DIVOPPBEES,EQ,21890,16159,73.82
20,511,DIXON,EQ,193637,58384,30.15
20,512,DJML,EQ,10600,8087,76.29
20,513,DKEGL,SM,12000,6000,50.00
20,514,DLF,EQ,3960173,1438201,36.32
20,515,DLINKINDIA,EQ,130904,62509,47.75
20,516,DMART,EQ,340503,256767,75.41
20,517,DMCC,EQ,13187,8044,61.00
20,518,DODLA,EQ,11560,4936,42.70
20,519,DOLATALGO,EQ,177230,120750,68.13
20,520,DOLLAR,EQ,184567,110652,59.95
20,521,DOLLEX,SM,76000,48000,63.16
20,522,DOMS,EQ,49004,25184,51.39
20,523,DONEAR,EQ,113839,45394,39.88
20,524,DPABHUSHAN,EQ,6585,5648,85.77
20,525,DPSCLTD,EQ,976269,510602,52.30
20,526,DPWIRES,EQ,18814,10803,57.42
20,527,DREAMFOLKS,EQ,97012,50743,52.31
20,528,DREDGECORP,EQ,530408,155384,29.30
20,529,DRL,ST,6000,6000,100.00
20,530,DRONE,SM,87000,59000,67.82
20,531,DRREDDY,EQ,67138,26384,39.30
20,532,DSPBANKETF,EQ,21015,17004,80.91
20,533,DSPGOLDETF,EQ,772,677,87.69
20,534,DSPITETF,EQ,4651,2976,63.99
20,535,DSPN50ETF,EQ,127,115,90.55
20,536,DSPNEWETF,EQ,22735,20893,91.90
20,537,DSPPSBKETF,EQ,7999,4591,57.39
20,538,DSPPVBKETF,EQ,114389,98024,85.69
20,539,DSPQ50ETF,EQ,747,491,65.73
20,540,DSPSENXETF,EQ,420,409,97.38
20,541,DSPSILVETF,EQ,969,708,73.07
20,542,DSSL,EQ,11096,6318,56.94
20,543,DTIL,EQ,25942,19888,76.66
20,544,DUCOL,SM,12000,12000,100.00
20,545,DUGLOBAL,SM,25000,25000,100.00
20,546,DVL,EQ,62224,38718,62.22
20,547,DWARKESH,EQ,595647,416974,70.00
20,548,DYCL,EQ,26560,18245,68.69
20,549,DYNAMATECH,EQ,55566,19476,35.05
20,550,DYNAMIC,SM,27000,18000,66.67
20,551,DYNPRO,EQ,22383,17580,78.54
20,552,EASEMYTRIP,EQ,13037884,7512969,57.62
20,553,EBBETF0425,EQ,5709,5225,91.52
20,554,EBBETF0430,EQ,9939,6551,65.91
20,555,EBBETF0431,EQ,3175,2351,74.05
20,556,EBBETF0433,EQ,2508,1225,48.84
20,557,ECLERX,EQ,14421,7483,51.89
20,558,ECLFINANCE,NJ,1,1,100.00
20,559,ECLFINANCE,NR,210,200,95.24
20,560,EDELWEISS,EQ,2951173,1223150,41.45
20,561,EFACTOR,SM,14400,14400,100.00
20,562,EFORCE,SM,199200,158400,79.52
20,563,EGOLD,EQ,131,81,61.83
20,564,EICHERMOT,EQ,122046,36237,29.69
20,565,EIDPARRY,EQ,95690,52941,55.33
20,566,EIFFL,EQ,4250,2482,58.40
20,567,EIHAHOTELS,EQ,95881,29785,31.06
20,568,EIHOTEL,EQ,388300,156868,40.40
20,569,EKC,EQ,296259,156327,52.77
20,570,ELDEHSG,EQ,3577,1677,46.88
20,571,ELECON,EQ,160740,75094,46.72
20,572,ELECTCAST,EQ,5928514,3684536,62.15
20,573,ELGIEQUIP,EQ,46436,28954,62.35
20,574,ELIN,EQ,1049175,481009,45.85
20,575,EMAMILTD,EQ,272591,111196,40.79
20,576,EMAMIPAP,EQ,238555,120231,50.40
20,577,EMBASSY,RR,36727,28765,78.32
20,578,EMIL,EQ,206192,138349,67.10
20,579,EMKAYTOOLS,SM,2100,2100,100.00
20,580,EMMBI,EQ,68940,51393,74.55
20,581,EMSLIMITED,EQ,193521,146937,75.93
20,582,EMUDHRA,EQ,96348,39881,41.39
20,583,ENDURANCE,EQ,20544,7472,36.37
20,584,ENGINERSIN,EQ,21399498,7433643,34.74
20,585,ENIL,EQ,116857,53453,45.74
20,586,EPIGRAL,EQ,19926,9484,47.60
20,587,EPL,EQ,490482,243591,49.66
20,588,EQUITASBNK,EQ,1294024,859389,66.41
20,589,ERFLNCDI,N5,519,474,91.33
20,590,ERIS,EQ,20687,12356,59.73
20,591,EROSMEDIA,EQ,421456,294649,69.91
20,592,ESABINDIA,EQ,1112,772,69.42
20,593,ESAFSFB,EQ,591427,388864,65.75
20,594,ESCORTS,EQ,98482,32342,32.84
20,595,ESFL,SM,48000,33600,70.00
20,596,ESG,EQ,13780,9917,71.97
20,597,ESILVER,EQ,2861,2143,74.90
20,598,ESSARSHPNG,EQ,470453,355894,75.65
20,599,ESTER,EQ,221222,110340,49.88
20,600,ETHOSLTD,EQ,14909,6664,44.70
20,601,EUROBOND,SM,6000,5000,83.33
20,602,EUROTEXIND,EQ,5895,5895,100.00
20,603,EVEREADY,EQ,86072,43038,50.00
20,604,EVERESTIND,EQ,15901,6184,38.89
20,605,EXCELINDUS,EQ,8958,6026,67.27
20,606,EXIDEIND,EQ,1868766,913344,48.87
20,607,EXPLEOSOL,EQ,16877,9331,55.29
20,608,EXXARO,EQ,59106,43203,73.09
20,609,FACT,EQ,3958115,707274,17.87
20,610,FAIRCHEMOR,EQ,6117,3273,53.51
20,611,FAZE3Q,EQ,32714,21447,65.56
20,612,FCL,EQ,163983,90046,54.91
20,613,FCSSOFT,EQ,20589528,9223241,44.80
20,614,FDC,EQ,164000,71029,43.31
20,615,FEDERALBNK,EQ,8929988,3832411,42.92
20,616,FEDFINA,EQ,313126,201635,64.39
20,617,FELIX,SM,62000,39000,62.90
20,618,FIBERWEB,EQ,101722,73933,72.68
20,619,FIDEL,SM,13000,10000,76.92
20,620,FIEMIND,EQ,45379,26600,58.62
20,621,FILATEX,EQ,13758969,3692323,26.84
20,622,FINCABLES,EQ,162622,90710,55.78
20,623,FINEORG,EQ,11458,7119,62.13
20,624,FINIETF,EQ,64791,36117,55.74
20,625,FINOPB,EQ,911574,375906,41.24
20,626,FINPIPE,EQ,1112533,269727,24.24
20,627,FIVESTAR,EQ,64147,31614,49.28
20,628,FLAIR,EQ,263222,131889,50.11
20,629,FLEXITUFF,EQ,10464,7985,76.31
20,630,FLUOROCHEM,EQ,59789,32723,54.73
20,631,FMCGIETF,EQ,6765,5798,85.71
20,632,FMGOETZE,EQ,196509,97865,49.80
20,633,FMNL,EQ,218547,206469,94.47
20,634,FOCE,SM,200,200,100.00
20,635,FOCUS,EQ,142237,84007,59.06
20,636,FOODSIN,EQ,190211,116538,61.27
20,637,FORTIS,EQ,645543,244655,37.90
20,638,FOSECOIND,EQ,767,455,59.32
20,639,FROG,SM,59200,44000,74.32
20,640,FSL,EQ,1304205,602642,46.21
20,641,FUSION,EQ,106878,48544,45.42
20,642,GABRIEL,EQ,134671,70281,52.19
20,643,GAEL,EQ,159475,78737,49.37
20,644,GAIL,EQ,26069183,10640792,40.82
20,645,GALAXYSURF,EQ,6133,3822,62.32
20,646,GALLANTT,EQ,435635,240880,55.29
20,647,GANDHAR,EQ,793860,342951,43.20
20,648,GANDHITUBE,EQ,13921,3429,24.63
20,649,GANECOS,EQ,31547,19716,62.50
20,650,GANESHBE,EQ,194589,110709,56.89
20,651,GANESHHOUC,EQ,2202967,284594,12.92
20,652,GANGESSECU,EQ,17120,12499,73.01
20,653,GARFIBRES,EQ,7954,5983,75.22
20,654,GATECHDVR,EQ,1049864,492351,46.90
20,655,GATEWAY,EQ,966003,407250,42.16
20,656,GEECEE,EQ,21842,13431,61.49
20,657,GENESYS,EQ,313475,124565,39.74
20,658,GENUSPAPER,EQ,1366934,509747,37.29
20,659,GENUSPOWER,EQ,223203,148826,66.68
20,660,GEOJITFSL,EQ,891633,336673,37.76
20,661,GEPIL,EQ,369082,159800,43.30
20,662,GESHIP,EQ,282923,95911,33.90
20,663,GFLLIMITED,EQ,83813,56419,67.32
20,664,GHCL,EQ,145713,91493,62.79
20,665,GHCLTEXTIL,EQ,365930,211496,57.80
20,666,GICHSGFIN,EQ,947313,345924,36.52
20,667,GICL,SM,132000,81000,61.36
20,668,GICRE,EQ,6552808,1063148,16.22
20,669,GILLANDERS,EQ,98834,89276,90.33
20,670,GILLETTE,EQ,4344,2364,54.42
20,671,GILT5YBEES,EQ,245429,139377,56.79
20,672,GINNIFILA,EQ,598668,365033,60.97
20,673,GIPCL,EQ,4980194,1914053,38.43
20,674,GIRIRAJ,ST,3500,3500,100.00
20,675,GLAND,EQ,43045,20457,47.52
20,676,GLAXO,EQ,55159,28653,51.95
20,677,GLENMARK,EQ,279988,106361,37.99
20,678,GLOBAL,EQ,348766,144719,41.49
20,679,GLOBALPET,SM,7500,7500,100.00
20,680,GLOBUSSPR,EQ,51135,29010,56.73
20,681,GLS,EQ,175849,95410,54.26
20,682,GMBREW,EQ,23214,14934,64.33
20,683,GMDCLTD,EQ,3216167,1021444,31.76
20,684,GMMPFAUDLR,EQ,178539,145307,81.39
20,685,GMRINFRA,EQ,34168130,14114512,41.31
20,686,GMRP&UI,EQ,1503052,1088907,72.45
20,687,GNA,EQ,61954,32751,52.86
20,688,GNFC,EQ,1284653,496937,38.68
20,689,GOACARBON,EQ,301797,94365,31.27
20,690,GOCLCORP,EQ,358056,178678,49.90
20,691,GOCOLORS,EQ,10917,5101,46.73
20,692,GODFRYPHLP,EQ,34564,11456,33.14
20,693,GODREJAGRO,EQ,72202,32353,44.81
20,694,GODREJCP,EQ,228455,72175,31.59
20,695,GODREJIND,EQ,133374,43213,32.40
20,696,GODREJPROP,EQ,178508,46682,26.15
20,697,GOKEX,EQ,72575,33886,46.69
20,698,GOKUL,EQ,321022,197914,61.65
20,699,GOKULAGRO,EQ,99018,56146,56.70
20,700,GOLDBEES,EQ,1759893,1211029,68.81
20,701,GOLDETF,EQ,28766,17512,60.88
20,702,GOLDIAM,EQ,835545,477171,57.11
20,703,GOLDIETF,EQ,133348,77759,58.31
20,704,GOLDSHARE,EQ,44338,32361,72.99
20,705,GOLDSTAR,ST,22500,22500,100.00
20,706,GOODLUCK,EQ,79525,45543,57.27
20,707,GOYALSALT,SM,27000,24000,88.89
20,708,GPIL,EQ,311624,114503,36.74
20,709,GPPL,EQ,2794070,1022427,36.59
20,710,GRANULES,EQ,569266,223043,39.18
20,711,GRAPHISAD,SM,42000,31200,74.29
20,712,GRAPHITE,EQ,719024,224362,31.20
20,713,GRASIM,EQ,131682,69994,53.15
20,714,GRAVITA,EQ,37830,18379,48.58
20,715,GREAVESCOT,EQ,11055776,3234643,29.26
20,716,GREENCHEF,SM,51200,36800,71.88
20,717,GREENLAM,EQ,12274,5976,48.69
20,718,GREENPANEL,EQ,182225,84319,46.27
20,719,GREENPLY,EQ,145904,70898,48.59
20,720,GREENPOWER,EQ,6440608,3950434,61.34
20,721,GRINDWELL,EQ,8208,4813,58.64
20,722,GRINFRA,EQ,26646,14061,52.77
20,723,GRMOVER,EQ,96495,37791,39.16
20,724,GROBTEA,EQ,274,212,77.37
20,725,GRPLTD,EQ,367,324,88.28
20,726,GRSE,EQ,2745029,835068,30.42
20,727,GRWRHITECH,EQ,34345,20924,60.92
20,728,GSEC10IETF,EQ,32,15,46.88
20,729,GSEC10YEAR,EQ,220,216,98.18
20,730,GSEC5IETF,EQ,115,109,94.78
20,731,GSFC,EQ,18923702,5378489,28.42
20,732,GSLSU,EQ,1707788,1093146,64.01
20,733,GSPL,EQ,2291253,1056416,46.11
20,734,GSS,EQ,35568,26506,74.52
20,735,GSTL,ST,6000,6000,100.00
20,736,GTLINFRA,EQ,9881089,9881089,100.00
20,737,GTPL,EQ,77130,34154,44.28
20,738,GUFICBIO,EQ,100014,51681,51.67
20,739,GUJALKALI,EQ,86025,35005,40.69
20,740,GUJAPOLLO,EQ,50892,34832,68.44
20,741,GUJGASLTD,EQ,471413,241391,51.21
20,742,GULFOILLUB,EQ,96276,48833,50.72
20,743,GULPOLY,EQ,88580,54751,61.81
20,744,HAL,EQ,531714,192296,36.17
20,745,HAPPSTMNDS,EQ,270767,165278,61.04
20,746,HAPPYFORGE,EQ,45350,28050,61.85
20,747,HARDWYN,EQ,608247,252604,41.53
20,748,HARIOMPIPE,EQ,26784,17896,66.82
20,749,HARSHA,EQ,46693,23733,50.83
20,750,HATHWAY,EQ,6978324,3216216,46.09
20,751,HATSUN,EQ,33027,16705,50.58
20,752,HAVELLS,EQ,150156,49293,32.83
20,753,HBLPOWER,EQ,905454,342744,37.85
20,754,HCC,EQ,49731040,18380492,36.96
20,755,HCG,EQ,95073,63927,67.24
20,756,HCL-INSYS,EQ,5180812,3615600,69.79
20,757,HCLTECH,EQ,961332,391753,40.75
20,758,HDFCAMC,EQ,150014,34268,22.84
20,759,HDFCBANK,EQ,12920293,4771146,36.93
20,760,HDFCBSE500,EQ,13768,7095,51.53
20,761,HDFCGOLD,EQ,132110,92489,70.01
20,762,HDFCGROWTH,EQ,10977,6650,60.58
20,763,HDFCLIFE,EQ,1194291,527679,44.18
20,764,HDFCLOWVOL,EQ,5491,2628,47.86
20,765,HDFCMID150,EQ,106013,84480,79.69
20,766,HDFCMOMENT,EQ,20214,15501,76.68
20,767,HDFCNEXT50,EQ,4267,2750,64.45
20,768,HDFCNIF100,EQ,30256,19920,65.84
20,769,HDFCNIFBAN,EQ,6591,5407,82.04
20,770,HDFCNIFIT,EQ,2048,1100,53.71
20,771,HDFCNIFTY,EQ,18197,13379,73.52
20,772,HDFCPVTBAN,EQ,11471,8025,69.96
20,773,HDFCQUAL,EQ,19398,16275,83.90
20,774,HDFCSENSEX,EQ,1431,891,62.26
20,775,HDFCSILVER,EQ,131255,127668,97.27
20,776,HDFCSML250,EQ,83362,61904,74.26
20,777,HDFCVALUE,EQ,3037,2076,68.36
20,778,HEADSUP,EQ,131735,76276,57.90
20,779,HEALTHIETF,EQ,7706,5384,69.87
20,780,HEALTHY,EQ,109503,73036,66.70
20,781,HEG,EQ,121419,32009,26.36
20,782,HEIDELBERG,EQ,140589,70206,49.94
20,783,HEMIPROP,EQ,3349410,1328977,39.68
20,784,HERANBA,EQ,54508,34722,63.70
20,785,HERCULES,EQ,44455,21855,49.16
20,786,HERITGFOOD,EQ,501211,284885,56.84
20,787,HEROMOTOCO,EQ,111872,43239,38.65
20,788,HESTERBIO,EQ,4340,3307,76.20
20,789,HEUBACHIND,EQ,27166,15859,58.38
20,790,HEXATRADEX,EQ,43361,31252,72.07
20,791,HFCL,EQ,151102627,40650809,26.90
20,792,HGINFRA,EQ,75694,44642,58.98
20,793,HGS,EQ,21655,14294,66.01
20,794,HIGREEN,SM,83200,46400,55.77
20,795,HIKAL,EQ,78013,33433,42.86
20,796,HIL,EQ,4377,3036,69.36
20,797,HILTON,EQ,182946,66217,36.19
20,798,HIMATSEIDE,EQ,201232,103317,51.34
20,799,HINDALCO,EQ,1502352,408198,27.17
20,800,HINDCOMPOS,EQ,10017,5763,57.53
20,801,HINDCOPPER,EQ,9852393,3415251,34.66
20,802,HINDMOTORS,EQ,1098226,721871,65.73
20,803,HINDOILEXP,EQ,6900198,2828680,40.99
20,804,HINDPETRO,EQ,4335451,1748876,40.34
20,805,HINDUNILVR,EQ,2467648,1519832,61.59
20,806,HINDWAREAP,EQ,39836,21829,54.80
20,807,HINDZINC,EQ,409637,228357,55.75
20,808,HIRECT,EQ,19945,12305,61.69
20,809,HISARMETAL,EQ,21717,18126,83.46
20,810,HITECH,EQ,1602643,1030066,64.27
20,811,HITECHCORP,EQ,10507,4934,46.96
20,812,HITECHGEAR,EQ,24804,14251,57.45
20,813,HLEGLAS,EQ,65371,32989,50.46
20,814,HLVLTD,EQ,884776,461119,52.12
20,815,HMAAGRO,EQ,334888,233546,69.74
20,816,HMVL,EQ,96668,56043,57.97
20,817,HNDFDS,EQ,469248,315585,67.25
20,818,HNGSNGBEES,EQ,53728,42298,78.73
20,819,HOLMARC,SM,6000,3000,50.00
20,820,HOMEFIRST,EQ,71688,34573,48.23
20,821,HOMESFY,SM,4200,3900,92.86
20,822,HONASA,EQ,104524,45902,43.92
20,823,HONAUT,EQ,1539,914,59.39
20,824,HONDAPOWER,EQ,10065,5450,54.15
20,825,HPAL,EQ,3062810,1141266,37.26
20,826,HPL,EQ,162839,112500,69.09
20,827,HRHNEXT,SM,198000,156000,78.79
20,828,HTMEDIA,EQ,659864,298538,45.24
20,829,HUBTOWN,EQ,70430,70430,100.00
20,830,HUDCO,EQ,73289549,14130993,19.28
20,831,HUDCO,N2,3132,3132,100.00
20,832,HUDCO,N5,44,44,100.00
20,833,HUDCO,N7,105,105,100.00
20,834,HUDCO,N8,504,504,100.00
20,835,HUDCO,N9,28,14,50.00
20,836,HUDCO,NB,200,200,100.00
20,837,HUDCO,NE,271,251,92.62
20,838,HUHTAMAKI,EQ,159237,80111,50.31
20,839,IBLFL,ST,116000,116000,100.00
20,840,IBREALEST,EQ,27319263,11328908,41.47
20,841,IBUCCREDIT,ND,5,5,100.00
20,842,IBUCCREDIT,NI,35,35,100.00
20,843,IBULHSG,N7,25,20,80.00
20,844,IBULHSG,NH,8,8,100.00
20,845,IBULHSG,Y1,10,10,100.00
20,846,IBULHSGFIN,AG,1,1,100.00
20,847,IBULHSGFIN,AT,106,100,94.34
20,848,IBULHSGFIN,BF,11,11,100.00
20,849,IBULHSGFIN,BV,15,15,100.00
20,850,IBULHSGFIN,EQ,7124349,2631395,36.94
20,851,IBULHSGFIN,N0,219,150,68.49
20,852,IBULHSGFIN,NA,81,81,100.00
20,853,IBULHSGFIN,NE,202,202,100.00
20,854,IBULHSGFIN,NN,125,125,100.00
20,855,IBULHSGFIN,YG,1,1,100.00
20,856,IBULHSGFIN,YK,5,5,100.00
20,857,IBULHSGFIN,YV,4,4,100.00
20,858,IBULHSGFIN,Z9,729,449,61.59
20,859,IBULHSGFIN,ZD,10,10,100.00
20,860,IBULHSGFIN,ZL,1,1,100.00
20,861,IBULHSGFIN,ZS,1,1,100.00
20,862,IBULHSGFIN,ZU,2,2,100.00
20,863,IBULHSGFIN,ZX,60,30,50.00
20,864,ICEMAKE,EQ,14970,9259,61.85
20,865,ICICIB22,EQ,577404,267128,46.26
20,866,ICICIBANK,EQ,8788873,1752682,19.94
20,867,ICICIGI,EQ,177982,76381,42.92
20,868,ICICIPRULI,EQ,661315,267723,40.48
20,869,ICIL,EQ,200744,91267,45.46
20,870,ICRA,EQ,2039,936,45.90
20,871,IDBI,EQ,133610874,32409755,24.26
20,872,IDEA,EQ,166855611,43879804,26.30
20,873,IDEAFORGE,EQ,81725,33090,40.49
20,874,IDFC,EQ,3303508,1322149,40.02
20,875,IDFCFIRSTB,EQ,27900269,10147800,36.37
20,876,IDFNIFTYET,EQ,51,0,0.00
20,877,IEX,EQ,9769668,4050489,41.46
20,878,IFBAGRO,EQ,6362,3392,53.32
20,879,IFBIND,EQ,14954,7055,47.18
20,880,IFCI,EQ,127345315,43617343,34.25
20,881,IFCI,NH,425,423,99.53
20,882,IFCI,NI,9,9,100.00
20,883,IFGLEXPOR,EQ,16288,7153,43.92
20,884,IGARASHI,EQ,77281,36779,47.59
20,885,IGL,EQ,981125,456491,46.53
20,886,IGPL,EQ,32694,15666,47.92
20,887,IIFCL,N4,261,261,100.00
20,888,IIFL,EQ,448418,231831,51.70
20,889,IIFL,N6,30,30,100.00
20,890,IIFL,NE,1609,527,32.75
20,891,IIFL,NF,132,132,100.00
20,892,IIFL,NG,375,275,73.33
20,893,IIFL,NK,60,60,100.00
20,894,IIFL,NO,305,305,100.00
20,895,IIFL,NS,1008,649,64.38
20,896,IIFL,NT,65,65,100.00
20,897,IIFL,NW,25,25,100.00
20,898,IIFL,NZ,128,128,100.00
20,899,IIFLSAMFIN,N0,119,112,94.12
20,900,IIFLSAMFIN,N5,4,4,100.00
20,901,IIFLSEC,EQ,539176,303521,56.29
20,902,IIHFL,N4,771,571,74.06
20,903,IIHFL,N5,951,917,96.42
20,904,IIHFL,N6,120,120,100.00
20,905,IIHFL,N7,700,500,71.43
20,906,IIHFL,N8,215,215,100.00
20,907,IKIO,EQ,290996,185038,63.59
20,908,IMAGICAA,EQ,3883521,1755056,45.19
20,909,IMC1,N0,40,30,75.00
20,910,IMC1,N1,10,10,100.00
20,911,IMFA,EQ,75285,39631,52.64
20,912,IMPAL,EQ,9063,5402,59.60
20,913,INCREDFIN,N2,60,60,100.00
20,914,INCREDFIN,N4,1,1,100.00
20,915,INDBANK,EQ,553838,347850,62.81
20,916,INDHOTEL,EQ,2256239,848731,37.62
20,917,INDIACEM,EQ,1848883,567666,30.70
20,918,INDIAGLYCO,EQ,71514,36883,51.57
20,919,INDIAMART,EQ,214466,73950,34.48
20,920,INDIANB,EQ,2482400,913582,36.80
20,921,INDIANCARD,EQ,131370,90023,68.53
20,922,INDIANHUME,EQ,48607,29533,60.76
20,923,INDIASHLTR,EQ,69598,31142,44.75
20,924,INDIFRA,SM,52000,32000,61.54
20,925,INDIGO,EQ,73015,19087,26.14
20,926,INDIGOPNTS,EQ,55287,23734,42.93
20,927,INDIGRID,IV,41856,36327,86.79
20,928,INDIGRID,NJ,250,250,100.00
20,929,INDIGRID,NL,20,20,100.00
20,930,INDNIPPON,EQ,413227,124993,30.25
20,931,INDOAMIN,EQ,177437,103715,58.45
20,932,INDOBORAX,EQ,74055,36697,49.55
20,933,INDOCO,EQ,441106,165267,37.47
20,934,INDORAMA,EQ,252418,133112,52.73
20,935,INDOTECH,EQ,55909,27081,48.44
20,936,INDOTHAI,EQ,49981,23761,47.54
20,937,INDSWFTLAB,EQ,75876,42220,55.64
20,938,INDSWFTLTD,EQ,40257,32718,81.27
20,939,INDTERRAIN,EQ,128330,63177,49.23
20,940,INDUSINDBK,EQ,3158588,1402033,44.39
20,941,INDUSTOWER,EQ,4657009,1911096,41.04
20,942,INFIBEAM,EQ,32961977,10220072,31.01
20,943,INFINIUM,SM,1000,1000,100.00
20,944,INFOBEAN,EQ,21594,9594,44.43
20,945,INFOLLION,SM,23200,20800,89.66
20,946,INFRABEES,EQ,4841,3736,77.17
20,947,INFRAIETF,EQ,47022,38457,81.79
20,948,INFY,EQ,1158144,623773,53.86
20,949,INGERRAND,EQ,6348,2556,40.26
20,950,INNOVACAP,EQ,124830,52349,41.94
20,951,INNOVANA,SM,5400,5000,92.59
20,952,INNOVATIVE,ST,75000,69000,92.00
20,953,INOXGREEN,EQ,1616097,984948,60.95
20,954,INOXINDIA,EQ,231706,145393,62.75
20,955,INOXWIND,EQ,486436,281719,57.91
20,956,INSECTICID,EQ,6531,3986,61.03
20,957,INSPIRE,SM,16000,10000,62.50
20,958,INTELLECT,EQ,731707,144212,19.71
20,959,INTENTECH,EQ,613393,334454,54.53
20,960,INTLCONV,EQ,334246,175917,52.63
20,961,IOB,EQ,23139178,8659645,37.42
20,962,IOC,EQ,16429974,6399301,38.95
20,963,IOLCP,EQ,87096,47729,54.80
20,964,IONEXCHANG,EQ,128062,75161,58.69
20,965,IPCALAB,EQ,119400,44219,37.03
20,966,IPL,EQ,2965326,600760,20.26
20,967,IPSL,SM,2000,2000,100.00
20,968,IRB,EQ,36551594,15327168,41.93
20,969,IRBINVIT,IV,305663,233872,76.51
20,970,IRCON,EQ,151475224,22047098,14.55
20,971,IRCTC,EQ,20724020,3142557,15.16
20,972,IREDA,EQ,64465781,24906024,38.63
20,973,IREDA,N1,20,20,100.00
20,974,IREDA,N5,1800,900,50.00
20,975,IREDA,N7,23,23,100.00
20,976,IRFC,EQ,97872275,31866205,32.56
20,977,IRFC,N4,309,234,75.73
20,978,IRFC,N8,2,2,100.00
20,979,IRFC,N9,631,431,68.30
20,980,IRFC,NA,65,65,100.00
20,981,IRFC,NB,260,250,96.15
20,982,IRFC,NJ,35,34,97.14
20,983,IRFC,NN,4,2,50.00
20,984,IRFC,NO,1326,950,71.64
20,985,IRIS,EQ,92468,56756,61.38
20,986,IRISDOREME,EQ,89978,20491,22.77
20,987,IRMENERGY,EQ,68433,38214,55.84
20,988,ISEC,EQ,115691,63385,54.79
20,989,ISFT,EQ,255096,127323,49.91
20,990,ISGEC,EQ,102649,26037,25.37
20,991,ISHAN,ST,68800,68800,100.00
20,992,ISMTLTD,EQ,280350,173197,61.78
20,993,ITBEES,EQ,2719781,1851228,68.07
20,994,ITC,EQ,3296407,1641737,49.80
20,995,ITDC,EQ,1866525,274966,14.73
20,996,ITDCEM,EQ,966549,451654,46.73
20,997,ITETF,EQ,33066,25499,77.12
20,998,ITI,EQ,5574450,919562,16.50
20,999,ITIETF,EQ,249244,166217,66.69
20,1000,IVZINGOLD,EQ,15,7,46.67
20,1001,JAGRAN,EQ,204581,104452,51.06
20,1002,JAGSNPHARM,EQ,22094,13841,62.65
20,1003,JAICORPLTD,EQ,296202,160120,54.06
20,1004,JAINAM,SM,8000,8000,100.00
20,1005,JAIPURKURT,EQ,75515,42039,55.67
20,1006,JALAN,ST,9000,9000,100.00
20,1007,JAMNAAUTO,EQ,1351928,762559,56.41
20,1008,JASH,EQ,44777,28051,62.65
20,1009,JAYAGROGN,EQ,30999,13115,42.31
20,1010,JAYBARMARU,EQ,529373,308921,58.36
20,1011,JAYNECOIND,EQ,186739,131360,70.34
20,1012,JAYSREETEA,EQ,83965,45210,53.84
20,1013,JBCHEPHARM,EQ,40367,10678,26.45
20,1014,JBMA,EQ,54240,29896,55.12
20,1015,JCHAC,EQ,11913,6644,55.77
20,1016,JETFREIGHT,EQ,244046,183051,75.01
20,1017,JFLLIFE,SM,32000,28000,87.50
20,1018,JHS,EQ,1530228,1031807,67.43
20,1019,JINDALPHOT,EQ,5433,2992,55.07
20,1020,JINDALPOLY,EQ,37408,17799,47.58
20,1021,JINDALSAW,EQ,949126,514431,54.20
20,1022,JINDALSTEL,EQ,876767,415415,47.38
20,1023,JINDRILL,EQ,46542,16333,35.09
20,1024,JINDWORLD,EQ,27917,14311,51.26
20,1025,JIOFIN,EQ,11652989,6274722,53.85
20,1026,JISLDVREQS,EQ,344333,220410,64.01
20,1027,JISLJALEQS,EQ,11606027,5925313,51.05
20,1028,JIWANRAM,SM,66000,66000,100.00
20,1029,J&KBANK,EQ,4803239,2593129,53.99
20,1030,JKCEMENT,EQ,960142,323990,33.74
20,1031,JKIL,EQ,83972,46841,55.78
20,1032,JKLAKSHMI,EQ,273118,71269,26.09
20,1033,JKPAPER,EQ,1430850,662340,46.29
20,1034,JKTYRE,EQ,4887536,698264,14.29
20,1035,JLHL,EQ,12839,6863,53.45
20,1036,JMA,EQ,46143,30716,66.57
20,1037,JMFINANCIL,EQ,8438913,3144091,37.26
20,1038,JOCIL,EQ,9315,6550,70.32
20,1039,JPASSOCIAT,EQ,42215892,23387690,55.40
20,1040,JPOLYINVST,EQ,4869,3141,64.51
20,1041,JPPOWER,EQ,95895749,48509058,50.59
20,1042,JSL,EQ,436905,181377,41.51
20,1043,JSLL,ST,18900,18000,95.24
20,1044,JSWENERGY,EQ,2664227,934080,35.06
20,1045,JSWHL,EQ,1463,835,57.07
20,1046,JSWINFRA,EQ,3066362,1570784,51.23
20,1047,JSWSTEEL,EQ,506539,176279,34.80
20,1048,JTEKTINDIA,EQ,476833,207930,43.61
20,1049,JTLIND,EQ,1493018,732518,49.06
20,1050,JUBLFOOD,EQ,657049,237912,36.21
20,1051,JUBLINDS,EQ,8964,6277,70.02
20,1052,JUBLINGREA,EQ,158276,83574,52.80
20,1053,JUBLPHARMA,EQ,81771,42967,52.55
20,1054,JUNIORBEES,EQ,62114,27630,44.48
20,1055,JUSTDIAL,EQ,147054,59735,40.62
20,1056,JWL,EQ,2862988,1437033,50.19
20,1057,JYOTHYLAB,EQ,286867,114023,39.75
20,1058,JYOTICNC,EQ,1053631,343023,32.56
20,1059,JYOTISTRUC,EQ,242302,242302,100.00
20,1060,KABRAEXTRU,EQ,26841,14529,54.13
20,1061,KAJARIACER,EQ,18663,9331,50.00
20,1062,KAKATCEM,EQ,12271,7049,57.44
20,1063,KALAMANDIR,EQ,315210,156951,49.79
20,1064,KALYANKJIL,EQ,586923,344181,58.64
20,1065,KAMATHOTEL,EQ,698724,238606,34.15
20,1066,KAMDHENU,EQ,572628,315116,55.03
20,1067,KAMOPAINTS,EQ,1345562,761852,56.62
20,1068,KANANIIND,EQ,1094279,1008534,92.16
20,1069,KANDARP,SM,20000,20000,100.00
20,1070,KANORICHEM,EQ,74458,48059,64.55
20,1071,KANPRPLA,EQ,70007,54422,77.74
20,1072,KANSAINER,EQ,107109,64197,59.94
20,1073,KARURVYSYA,EQ,853918,626291,73.34
20,1074,KAYA,EQ,8199,5900,71.96
20,1075,KAYNES,EQ,20586,11480,55.77
20,1076,KBCGLOBAL,EQ,7764106,5473867,70.50
20,1077,KCEIL,SM,174000,118000,67.82
20,1078,KCK,SM,8000,8000,100.00
20,1079,KCP,EQ,556163,237085,42.63
20,1080,KDDL,EQ,12788,9010,70.46
20,1081,KDL,SM,22800,18800,82.46
20,1082,KEC,EQ,84475,38317,45.36
20,1083,KECL,EQ,284034,159756,56.25
20,1084,KEI,EQ,120898,58715,48.57
20,1085,KEL,SM,21600,19200,88.89
20,1086,KELLTONTEC,EQ,1366438,329212,24.09
20,1087,KESORAMIND,EQ,510237,210034,41.16
20,1088,KEYFINSERV,EQ,112970,49960,44.22
20,1089,KFINTECH,EQ,283847,173962,61.29
20,1090,KHAICHEM,EQ,6614484,1774186,26.82
20,1091,KHAITANLTD,EQ,55650,28350,50.94
20,1092,KHANDSE,EQ,56082,34868,62.17
20,1093,KHFM,SM,52700,31000,58.82
20,1094,KICL,EQ,12747,7469,58.59
20,1095,KILITCH,EQ,3210,2225,69.31
20,1096,KIMS,EQ,15521,7715,49.71
20,1097,KINGFA,EQ,2110,1527,72.37
20,1098,KIOCL,EQ,576184,240834,41.80
20,1099,KIRIINDUS,EQ,196506,97442,49.59
20,1100,KIRLOSBROS,EQ,26194,13530,51.65
20,1101,KIRLOSENG,EQ,61388,34855,56.78
20,1102,KIRLOSIND,EQ,3253,1869,57.45
20,1103,KIRLPNU,EQ,41545,22606,54.41
20,1104,KITEX,EQ,95266,54742,57.46
20,1105,KKCL,EQ,74026,24254,32.76
20,1106,KKVAPOW,SM,312,312,100.00
20,1107,KLL,ST,107200,104000,97.01
20,1108,KMSUGAR,EQ,406326,269501,66.33
20,1109,KNAGRI,SM,83200,58400,70.19
20,1110,KNRCON,EQ,2982683,1476846,49.51
20,1111,KODYTECH,SM,19200,19200,100.00
20,1112,KOKUYOCMLN,EQ,53676,30931,57.63
20,1113,KOLTEPATIL,EQ,62079,24292,39.13
20,1114,KONTOR,SM,20400,15600,76.47
20,1115,KOPRAN,EQ,178761,70698,39.55
20,1116,KORE,SM,19000,12500,65.79
20,1117,KOTAKALPHA,EQ,225416,145526,64.56
20,1118,KOTAKBANK,EQ,5456020,1280067,23.46
20,1119,KOTAKBKETF,EQ,28826,24261,84.16
20,1120,KOTAKCONS,EQ,2102,2047,97.38
20,1121,KOTAKGOLD,EQ,214649,183809,85.63
20,1122,KOTAKIT,EQ,40442,22011,54.43
20,1123,KOTAKLIQ,EQ,867,750,86.51
20,1124,KOTAKLOVOL,EQ,17891,12880,71.99
20,1125,KOTAKMID50,EQ,11523,6099,52.93
20,1126,KOTAKMNC,EQ,2861,1563,54.63
20,1127,KOTAKNIFTY,EQ,11669,7611,65.22
20,1128,KOTAKNV20,EQ,8890,5863,65.95
20,1129,KOTAKPSUBK,EQ,14211,12018,84.57
20,1130,KOTAKSILVE,EQ,2478,2158,87.09
20,1131,KOTARISUG,EQ,357208,248453,69.55
20,1132,KOTHARIPET,EQ,86075,50915,59.15
20,1133,KOTHARIPRO,EQ,39008,21861,56.04
20,1134,KOTYARK,SM,17800,12400,69.66
20,1135,KPIGREEN,EQ,144857,75973,52.45
20,1136,KPIL,EQ,49248,29411,59.72
20,1137,KPITTECH,EQ,241448,114885,47.58
20,1138,KPRMILL,EQ,69938,39957,57.13
20,1139,KRBL,EQ,147780,78083,52.84
20,1140,KREBSBIO,EQ,42399,26955,63.57
20,1141,KRISHANA,EQ,38562,27630,71.65
20,1142,KRISHCA,SM,24000,17000,70.83
20,1143,KRISHIVAL,SM,1000,1000,100.00
20,1144,KRISHNADEF,SM,17500,10000,57.14
20,1145,KRITI,EQ,471999,229634,48.65
20,1146,KRITINUT,EQ,117975,65796,55.77
20,1147,KRSNAA,EQ,20978,13146,62.67
20,1148,KSB,EQ,6562,2359,35.95
20,1149,KSCL,EQ,52528,31173,59.35
20,1150,KSL,EQ,41084,22206,54.05
20,1151,KSOLVES,EQ,49929,28507,57.10
20,1152,KTKBANK,EQ,2003085,793101,39.59
20,1153,KUANTUM,EQ,297176,178016,59.90
20,1154,LAGNAM,EQ,19853,13578,68.39
20,1155,LAL,EQ,3451,1846,53.49
20,1156,LALPATHLAB,EQ,90442,43130,47.69
20,1157,LAMBODHARA,EQ,42256,21891,51.81
20,1158,LANDMARK,EQ,33666,16632,49.40
20,1159,LAOPALA,EQ,468772,144466,30.82
20,1160,LASA,EQ,171103,98639,57.65
20,1161,LATENTVIEW,EQ,306539,176717,57.65
20,1162,LATTEYS,EQ,138270,117667,85.10
20,1163,LAURUSLABS,EQ,1019091,403845,39.63
20,1164,LAXMICOT,EQ,151983,78796,51.85
20,1165,LAXMIMACH,EQ,828,435,52.54
20,1166,LEMERITE,SM,33600,32000,95.24
20,1167,LEMONTREE,EQ,1451759,751197,51.74
20,1168,LFIC,EQ,3399,2711,79.76
20,1169,LGBBROSLTD,EQ,21863,12440,56.90
20,1170,LGBFORGE,EQ,433058,238263,55.02
20,1171,LIBAS,EQ,139998,96479,68.91
20,1172,LIBERTSHOE,EQ,334490,96017,28.71
20,1173,LICHSGFIN,EQ,886694,449898,50.74
20,1174,LICI,EQ,7489946,2529391,33.77
20,1175,LICMFGOLD,EQ,21,20,95.24
20,1176,LICNETFGSC,EQ,8607,4935,57.34
20,1177,LICNETFN50,EQ,833,481,57.74
20,1178,LICNETFSEN,EQ,369,67,18.16
20,1179,LICNFNHGP,EQ,7415,32,0.43
20,1180,LIKHITHA,EQ,77991,45407,58.22
20,1181,LINC,EQ,6467,4131,63.88
20,1182,LINCOLN,EQ,27418,15269,55.69
20,1183,LINDEINDIA,EQ,40531,15553,38.37
20,1184,LIQUID,EQ,20447,11214,54.84
20,1185,LIQUIDBEES,EQ,1174558,780948,66.49
20,1186,LIQUIDETF,EQ,185687,137426,74.01
20,1187,LIQUIDIETF,EQ,257164,186618,72.57
20,1188,LIQUIDSBI,EQ,186,156,83.87
20,1189,LLOYDS,SM,3000,3000,100.00
20,1190,LLOYDSENGG,EQ,3317602,2631065,79.31
20,1191,LLOYDSME,EQ,151156,87522,57.90
20,1192,LODHA,EQ,120811,44071,36.48
20,1193,LOKESHMACH,EQ,33448,19732,58.99
20,1194,LORDSCHLO,EQ,33448,17971,53.73
20,1195,LOTUSEYE,EQ,92957,52397,56.37
20,1196,LOVABLE,EQ,84476,49192,58.23
20,1197,LOWVOL,EQ,150,148,98.67
20,1198,LOWVOLIETF,EQ,6567,4403,67.05
20,1199,LOYALTEX,EQ,265,156,58.87
20,1200,LPDC,EQ,278738,191829,68.82
20,1201,LRRPL,SM,12000,12000,100.00
20,1202,LT,EQ,468514,222049,47.39
20,1203,L&TFH,EQ,2209825,1129167,51.10
20,1204,L&TFIN,NJ,588,540,91.84
20,1205,L&TFIN,NN,20,20,100.00
20,1206,LTFOODS,EQ,592754,371457,62.67
20,1207,LTGILTBEES,EQ,616318,600184,97.38
20,1208,LTIM,EQ,222222,106987,48.14
20,1209,LTTS,EQ,90264,29994,33.23
20,1210,LUMAXIND,EQ,2530,1246,49.25
20,1211,LUMAXTECH,EQ,120137,69243,57.64
20,1212,LUPIN,EQ,257322,96806,37.62
20,1213,LUXIND,EQ,45520,23042,50.62
20,1214,LXCHEM,EQ,407028,235567,57.87
20,1215,MAANALU,EQ,139981,121834,87.04
20,1216,MADHAVBAUG,SM,3200,2000,62.50
20,1217,MADHUSUDAN,SM,28000,26000,92.86
20,1218,MADRASFERT,EQ,5306153,1583474,29.84
20,1219,MAFANG,EQ,1286436,822794,63.96
20,1220,MAGADSUGAR,EQ,17000,11681,68.71
20,1221,MAGNUM,EQ,254535,184474,72.47
20,1222,MAHABANK,EQ,55319141,21991363,39.75
20,1223,MAHAPEXLTD,EQ,11952,8211,68.70
20,1224,MAHASTEEL,EQ,47855,27129,56.69
20,1225,MAHEPC,EQ,77439,43278,55.89
20,1226,MAHESHWARI,EQ,27386,19591,71.54
20,1227,MAHICKRA,SM,31500,24000,76.19
20,1228,MAHKTECH,EQ,515679,374635,72.65
20,1229,MAHLIFE,EQ,88040,43168,49.03
20,1230,MAHLOG,EQ,79955,44450,55.59
20,1231,MAHSCOOTER,EQ,1964,1101,56.06
20,1232,MAHSEAMLES,EQ,34529,18302,53.00
20,1233,MAITHANALL,EQ,31988,16076,50.26
20,1234,MAITREYA,SM,3200,1600,50.00
20,1235,MAKEINDIA,EQ,10623,9154,86.17
20,1236,MAKS,ST,3000,3000,100.00
20,1237,MAL,SM,25600,24000,93.75
20,1238,MALLCOM,EQ,7218,4891,67.76
20,1239,MALUPAPER,EQ,204773,100397,49.03
20,1240,MANAKALUCO,EQ,1097816,458864,41.80
20,1241,MANAKSIA,EQ,856320,391038,45.66
20,1242,MANAKSTEEL,EQ,2378543,1304519,54.85
20,1243,MANALIPETC,EQ,1221533,590662,48.35
20,1244,MANAPPURAM,EQ,2461229,798363,32.44
20,1245,MANGALAM,EQ,51095,26986,52.82
20,1246,MANGCHEFER,EQ,5238166,2372346,45.29
20,1247,MANGLMCEM,EQ,105090,62506,59.48
20,1248,MANINDS,EQ,288840,114220,39.54
20,1249,MANINFRA,EQ,309072,187975,60.82
20,1250,MANKIND,EQ,26435,12866,48.67
20,1251,MANORAMA,EQ,8292,6316,76.17
20,1252,MANORG,EQ,7127,5324,74.70
20,1253,MANYAVAR,EQ,106393,52307,49.16
20,1254,MAPMYINDIA,EQ,105250,40708,38.68
20,1255,MARALOVER,EQ,39967,29129,72.88
20,1256,MARATHON,EQ,35240,20445,58.02
20,1257,MARCO,SM,30000,27000,90.00
20,1258,MARICO,EQ,322899,134824,41.75
20,1259,MARINETRAN,SM,128000,88000,68.75
20,1260,MARKSANS,EQ,657694,377282,57.36
20,1261,MARSHALL,EQ,262756,143176,54.49
20,1262,MARUTI,EQ,92601,27604,29.81
20,1263,MASFIN,EQ,437251,165129,37.77
20,1264,MASPTOP50,EQ,271624,248713,91.57
20,1265,MASTEK,EQ,86192,42732,49.58
20,1266,MASTER,SM,3000,3000,100.00
20,1267,MATRIMONY,EQ,4370,2192,50.16
20,1268,MAWANASUG,EQ,45646,28635,62.73
20,1269,MAXESTATES,EQ,30638,12059,39.36
20,1270,MAXHEALTH,EQ,396997,166766,42.01
20,1271,MAXIND,EQ,136378,51561,37.81
20,1272,MAYURUNIQ,EQ,27312,14457,52.93
20,1273,MAZDA,EQ,7322,3294,44.99
20,1274,MAZDOCK,EQ,905917,226746,25.03
20,1275,MBAPL,EQ,10878,8074,74.22
20,1276,MCDOWELL-N,EQ,424326,137445,32.39
20,1277,MCON,SM,3000,3000,100.00
20,1278,MCX,EQ,296045,134532,45.44
20,1279,MDL,SM,40000,36000,90.00
20,1280,MEDANTA,EQ,154290,43773,28.37
20,1281,MEDICAMEQ,EQ,4316,2724,63.11
20,1282,MEDICO,EQ,295401,134947,45.68
20,1283,MEDPLUS,EQ,44561,26095,58.56
20,1284,MEGAFLEX,SM,3000,3000,100.00
20,1285,MEGASTAR,EQ,14507,9325,64.28
20,1286,MENONBE,EQ,56687,32087,56.60
20,1287,METROBRAND,EQ,76955,35801,46.52
20,1288,METROPOLIS,EQ,301513,97317,32.28
20,1289,MFSL,EQ,301224,188202,62.48
20,1290,MGEL,EQ,513041,424558,82.75
20,1291,MGL,EQ,273628,114721,41.93
20,1292,MHHL,SM,70500,45000,63.83
20,1293,MHRIL,EQ,104590,45776,43.77
20,1294,MICROPRO,SM,22400,16000,71.43
20,1295,MID150BEES,EQ,75878,53404,70.38
20,1296,MIDCAPETF,EQ,268923,193859,72.09
20,1297,MIDCAPIETF,EQ,22114,13316,60.22
20,1298,MIDHANI,EQ,5006818,1419052,28.34
20,1299,MIDSELIETF,EQ,4257,3165,74.35
20,1300,MILTON,SM,13200,8800,66.67
20,1301,MINDACORP,EQ,334956,144646,43.18
20,1302,MINDPOOL,ST,2000,2000,100.00
20,1303,MINDSPACE,RR,6961,4710,67.66
20,1304,MINDTECK,EQ,45029,19744,43.85
20,1305,MIRZAINT,EQ,2382370,786547,33.02
20,1306,MITCON,EQ,829764,202413,24.39
20,1307,MITTAL,EQ,15366485,6104326,39.72
20,1308,M&M,EQ,711300,283648,39.88
20,1309,M&MFIN,EQ,1112252,430815,38.73
20,1310,M&MFIN,N2,10,10,100.00
20,1311,MMFL,EQ,18981,8630,45.47
20,1312,MMP,EQ,30067,18360,61.06
20,1313,MMTC,EQ,22022757,8929018,40.54
20,1314,MODISONLTD,EQ,69318,29780,42.96
20,1315,MOGSEC,EQ,3786,3282,86.69
20,1316,MOHEALTH,EQ,14138,6643,46.99
20,1317,MOHITIND,EQ,97730,59513,60.90
20,1318,MOIL,EQ,4456853,1220862,27.39
20,1319,MOL,EQ,898981,393792,43.80
20,1320,MOLDTECH,EQ,64326,38500,59.85
20,1321,MOLDTKPAC,EQ,24595,14988,60.94
20,1322,MOLOWVOL,EQ,15974,13386,83.80
20,1323,MOM100,EQ,259991,181746,69.90
20,1324,MOM30IETF,EQ,73815,56678,76.78
20,1325,MOM50,EQ,1942,1934,99.59
20,1326,MOMENTUM,EQ,42642,26909,63.10
20,1327,MOMOMENTUM,EQ,16424,11454,69.74
20,1328,MON100,EQ,288758,172864,59.86
20,1329,MONARCH,EQ,202394,89442,44.19
20,1330,MONIFTY500,EQ,108306,85636,79.07
20,1331,MONOPHARMA,SM,152000,132000,86.84
20,1332,MONQ50,EQ,18304,8469,46.27
20,1333,MONTECARLO,EQ,16329,9813,60.10
20,1334,MOQUALITY,EQ,214,203,94.86
20,1335,MORARJEE,EQ,583381,269264,46.16
20,1336,MOREPENLAB,EQ,2452045,1218880,49.71
20,1337,MOS,SM,844800,400000,47.35
20,1338,MOTHERSON,EQ,7105249,3630013,51.09
20,1339,MOTILALOFS,EQ,145934,43254,29.64
20,1340,MOTISONS,EQ,2199754,1130965,51.41
20,1341,MOVALUE,EQ,57503,39708,69.05
20,1342,MPHASIS,EQ,330534,143945,43.55
20,1343,MPSLTD,EQ,19356,11749,60.70
20,1344,MPTODAY,SM,2000,2000,100.00
20,1345,MRF,EQ,15816,2246,14.20
20,1346,MRO-TEK,EQ,33809,22011,65.10
20,1347,MRPL,EQ,2109506,992297,47.04
20,1348,MSTCLTD,EQ,1154581,305525,26.46
20,1349,MSUMI,EQ,2426350,1449976,59.76
20,1350,MTARTECH,EQ,66140,34511,52.18
20,1351,MTNL,EQ,39603271,10891085,27.50
20,1352,MUFIN,EQ,182981,159824,87.34
20,1353,MUFTI,EQ,143887,80867,56.20
20,1354,MUKANDLTD,EQ,359845,200087,55.60
20,1355,MUNJALAU,EQ,290200,190062,65.49
20,1356,MUNJALSHOW,EQ,826477,379075,45.87
20,1357,MUTHOOTCAP,EQ,26521,14516,54.73
20,1358,MUTHOOTFIN,EQ,89960,28716,31.92
20,1359,MUTHOOTMF,EQ,426353,231703,54.35
20,1360,MVGJL,EQ,94717,48749,51.47
20,1361,MWL,SM,36000,32400,90.00
20,1362,NABARD,N1,188,16,8.51
20,1363,NABARD,N2,330,330,100.00
20,1364,NACLIND,EQ,424003,211614,49.91
20,1365,NAGAFERT,EQ,5946337,4042509,67.98
20,1366,NAHARCAP,EQ,12189,7629,62.59
20,1367,NAHARINDUS,EQ,48892,25364,51.88
20,1368,NAHARPOLY,EQ,51663,31396,60.77
20,1369,NAHARSPING,EQ,114303,47874,41.88
20,1370,NAM-INDIA,EQ,263213,108452,41.20
20,1371,NARMADA,EQ,32839,21843,66.52
20,1372,NATCOPHARM,EQ,194845,128665,66.03
20,1373,NATHBIOGEN,EQ,186662,84887,45.48
20,1374,NATIONALUM,EQ,24783250,10606766,42.80
20,1375,NAUKRI,EQ,45235,14590,32.25
20,1376,NAVA,EQ,328632,148429,45.17
20,1377,NAVIFIN,N0,148,148,100.00
20,1378,NAVIFIN,N5,30,30,100.00
20,1379,NAVIFIN,N6,18,9,50.00
20,1380,NAVINFLUOR,EQ,114718,27617,24.07
20,1381,NAVINIFTY,EQ,27,27,100.00
20,1382,NAVKARCORP,EQ,1984344,1090745,54.97
20,1383,NAVNETEDUL,EQ,232075,127512,54.94
20,1384,NAZARA,EQ,300566,67757,22.54
20,1385,NBCC,EQ,102050869,24139663,23.65
20,1386,NBIFIN,EQ,43,31,72.09
20,1387,NCC,EQ,3145255,1451906,46.16
20,1388,NCLIND,EQ,446123,288792,64.73
20,1389,NDLVENTURE,EQ,58199,53966,92.73
20,1390,NDTV,EQ,933065,233773,25.05
20,1391,NECLIFE,EQ,964821,480044,49.75
20,1392,NELCAST,EQ,79959,47609,59.54
20,1393,NELCO,EQ,67812,38734,57.12
20,1394,NEOGEN,EQ,5539,3106,56.08
20,1395,NESCO,EQ,37799,20844,55.14
20,1396,NESTLEIND,EQ,445592,246116,55.23
20,1397,NETF,EQ,28882,14131,48.93
20,1398,NETWEB,EQ,35381,21217,59.97
20,1399,NETWORK18,EQ,3387595,1563359,46.15
20,1400,NEULANDLAB,EQ,6403,3040,47.48
20,1401,NEWJAISA,SM,12000,9000,75.00
20,1402,NEXT50,EQ,253,200,79.05
20,1403,NEXT50IETF,EQ,37987,28257,74.39
20,1404,NFL,EQ,27592174,6156943,22.31
20,1405,NGIL,EQ,62886,35206,55.98
20,1406,NGLFINE,EQ,1480,1020,68.92
20,1407,NH,EQ,71207,45034,63.24
20,1408,NHAI,N2,1363,1312,96.26
20,1409,NHAI,N4,23,23,100.00
20,1410,NHAI,N6,1,1,100.00
20,1411,NHAI,N9,12,12,100.00
20,1412,NHAI,NA,123,73,59.35
20,1413,NHAI,NC,21,21,100.00
20,1414,NHAI,NE,1,1,100.00
20,1415,NHBTF2014,N3,100,100,100.00
20,1416,NHBTF2014,N6,485,341,70.31
20,1417,NHBTF2023,N6,40,40,100.00
20,1418,NHIT,N1,119,74,62.18
20,1419,NHIT,N2,1345,1335,99.26
20,1420,NHIT,N3,820,785,95.73
20,1421,NHPC,EQ,261447648,81876217,31.32
20,1422,NHPC,N5,30,30,100.00
20,1423,NHPC,N6,70,65,92.86
20,1424,NIACL,EQ,5042954,1995419,39.57
20,1425,NIDAN,SM,41000,35000,85.37
20,1426,NIDO,N6,10,10,100.00
20,1427,NIF100BEES,EQ,3018,2284,75.68
20,1428,NIF100IETF,EQ,8042,6690,83.19
20,1429,NIFMID150,EQ,831,520,62.58
20,1430,NIFTYBEES,EQ,1562643,1072799,68.65
20,1431,NIFTYETF,EQ,28263,16241,57.46
20,1432,NIFTYIETF,EQ,166218,46469,27.96
20,1433,NIFTYQLITY,EQ,62474,43508,69.64
20,1434,NIITLTD,EQ,10170594,3209686,31.56
20,1435,NIITMTS,EQ,137304,47764,34.79
20,1436,NILAINFRA,EQ,3221637,1543859,47.92
20,1437,NILKAMAL,EQ,1687,1221,72.38
20,1438,NINSYS,EQ,5205,3445,66.19
20,1439,NIPPOBATRY,EQ,13456,6617,49.18
20,1440,NIRAJ,EQ,214154,152989,71.44
20,1441,NIRMAN,SM,3000,3000,100.00
20,1442,NITINSPIN,EQ,72138,47328,65.61
20,1443,NLCINDIA,EQ,11626463,3748217,32.24
20,1444,NMDC,EQ,15781744,6339776,40.17
20,1445,NOCIL,EQ,667815,301241,45.11
20,1446,NPBET,EQ,782,661,84.53
20,1447,NPST,ST,3200,3000,93.75
20,1448,NRAIL,EQ,30306,16139,53.25
20,1449,NRBBEARING,EQ,79718,42509,53.32
20,1450,NRL,EQ,580852,363796,62.63
20,1451,NSIL,EQ,2648,1313,49.58
20,1452,NSLNISP,EQ,20655754,11129124,53.88
20,1453,NTPC,EQ,10652125,4386219,41.18
20,1454,NTPC,N6,787,787,100.00
20,1455,NTPC,N7,16479,16479,100.00
20,1456,NTPC,NB,3,3,100.00
20,1457,NTPC,NC,157,157,100.00
20,1458,NURECA,EQ,24390,15505,63.57
20,1459,NUVAMA,EQ,18745,11914,63.56
20,1460,NUVOCO,EQ,338480,201831,59.63
20,1461,NV20BEES,EQ,6091,4571,75.05
20,1462,NV20IETF,EQ,21943,13380,60.98
20,1463,NXST,RR,46373,38371,82.74
20,1464,NYKAA,EQ,1473623,435728,29.57
20,1465,OAL,EQ,7743,3746,48.38
20,1466,OBCL,EQ,51109,30575,59.82
20,1467,OBEROIRLTY,EQ,293269,45994,15.68
20,1468,OCCL,EQ,13993,9114,65.13
20,1469,OFSS,EQ,439220,67577,15.39
20,1470,OIL,EQ,4634121,1202147,25.94
20,1471,OLECTRA,EQ,301185,146177,48.53
20,1472,OLIL,SM,2400,2400,100.00
20,1473,OMAXAUTO,EQ,273696,156546,57.20
20,1474,OMAXE,EQ,1037942,599791,57.79
20,1475,OMFURN,SM,4800,4800,100.00
20,1476,ONDOOR,SM,25200,19200,76.19
20,1477,ONEPOINT,EQ,1212849,789531,65.10
20,1478,ONGC,EQ,15133785,5536655,36.58
20,1479,ONMOBILE,EQ,1614181,539817,33.44
20,1480,ONWARDTEC,EQ,137336,70666,51.45
20,1481,OPTIEMUS,EQ,151088,92822,61.44
20,1482,ORBTEXP,EQ,7161,3987,55.68
20,1483,ORCHPHARMA,EQ,43708,28294,64.73
20,1484,ORIANA,SM,39600,25500,64.39
20,1485,ORICONENT,EQ,246639,185060,75.03
20,1486,ORIENTALTL,EQ,75661,50377,66.58
20,1487,ORIENTBELL,EQ,12375,10728,86.69
20,1488,ORIENTCEM,EQ,165153,92524,56.02
20,1489,ORIENTCER,EQ,151970,80466,52.95
20,1490,ORIENTELEC,EQ,122360,63843,52.18
20,1491,ORIENTHOT,EQ,474903,210357,44.29
20,1492,ORIENTLTD,EQ,119852,69340,57.85
20,1493,ORIENTPPR,EQ,8899617,3688374,41.44
20,1494,ORISSAMINE,EQ,24637,5529,22.44
20,1495,ORTINLAB,EQ,19200,11365,59.19
20,1496,OSIAHYPER,EQ,14232558,3219937,22.62
20,1497,OSWALAGRO,EQ,186793,101058,54.10
20,1498,OSWALGREEN,EQ,941721,545754,57.95
20,1499,OSWALSEEDS,EQ,103306,57868,56.02
20,1500,PAGEIND,EQ,7676,3510,45.73
20,1501,PAISALO,EQ,1471540,992550,67.45
20,1502,PAKKA,EQ,1096719,451583,41.18
20,1503,PALREDTEC,EQ,95902,53262,55.54
20,1504,PANACEABIO,EQ,333095,159943,48.02
20,1505,PANACHE,EQ,7139,5766,80.77
20,1506,PANAMAPET,EQ,103811,45838,44.16
20,1507,PANSARI,EQ,6819,3130,45.90
20,1508,PAR,EQ,8949,6381,71.30
20,1509,PARACABLES,EQ,1971592,1196616,60.69
20,1510,PARADEEP,EQ,16324051,7192291,44.06
20,1511,PARAGMILK,EQ,776791,359079,46.23
20,1512,PARAGON,SM,38400,20400,53.13
20,1513,PARAS,EQ,313267,112307,35.85
20,1514,PARTYCRUS,SM,82000,64000,78.05
20,1515,PASUPTAC,EQ,364223,258763,71.05
20,1516,PATANJALI,EQ,115044,69553,60.46
20,1517,PATELENG,EQ,3858144,1956057,50.70
20,1518,PATINTLOG,EQ,377555,200544,53.12
20,1519,PAVNAIND,EQ,4157,1470,35.36
20,1520,PAYTM,EQ,4613498,2261926,49.03
20,1521,PCBL,EQ,8648409,1931716,22.34
20,1522,PCHFL,N6,634,634,100.00
20,1523,PCHFL,N8,340,314,92.35
20,1524,PCHFL,NA,150,150,100.00
20,1525,PCJEWELLER,EQ,3116822,2024756,64.96
20,1526,PDMJEPAPER,EQ,896715,521433,58.15
20,1527,PDSL,EQ,60070,39068,65.04
20,1528,PEARLPOLY,EQ,79904,43009,53.83
20,1529,PEL,EQ,355674,156815,44.09
20,1530,PEL,N0,20,20,100.00
20,1531,PEL,N2,29,29,100.00
20,1532,PENIND,EQ,649679,306390,47.16
20,1533,PENINLAND,EQ,533146,367197,68.87
20,1534,PENTAGON,SM,11000,10000,90.91
20,1535,PERFECT,SM,162000,114000,70.37
20,1536,PERSISTENT,EQ,136060,32630,23.98
20,1537,PETRONET,EQ,4233895,1575242,37.21
20,1538,PFC,EQ,16664726,4608304,27.65
20,1539,PFC,N1,9,9,100.00
20,1540,PFC,N5,100,100,100.00
20,1541,PFC,N8,505,505,100.00
20,1542,PFIZER,EQ,3828,1898,49.58
20,1543,PFOCUS,EQ,129744,61454,47.37
20,1544,PFS,EQ,20617484,8484392,41.15
20,1545,PGEL,EQ,15774,7458,47.28
20,1546,PGHH,EQ,742,278,37.47
20,1547,PGHL,EQ,4799,3429,71.45
20,1548,PGIL,EQ,9534,6742,70.72
20,1549,PGINVIT,IV,341384,276372,80.96
20,1550,PHANTOMFX,SM,154500,94200,60.97
20,1551,PHARMABEES,EQ,2364069,1796245,75.98
20,1552,PHOENIXLTD,EQ,61274,29102,47.49
20,1553,PIDILITIND,EQ,81777,38613,47.22
20,1554,PIGL,EQ,119442,103429,86.59
20,1555,PIIND,EQ,117042,88312,75.45
20,1556,PILANIINVS,EQ,3467,2348,67.72
20,1557,PILITA,EQ,1049652,551313,52.52
20,1558,PIONEEREMB,EQ,274753,179545,65.35
20,1559,PITTIENG,EQ,59625,29405,49.32
20,1560,PIXTRANS,EQ,13719,6370,46.43
20,1561,PLADAINFO,SM,3000,3000,100.00
20,1562,PLASTIBLEN,EQ,20613,12546,60.86
20,1563,PNB,EQ,51901229,13824685,26.64
20,1564,PNBGILTS,EQ,4266615,1222681,28.66
20,1565,PNBHOUSING,EQ,255128,57972,22.72
20,1566,PNC,EQ,25175,18733,74.41
20,1567,PNCINFRA,EQ,467926,188205,40.22
20,1568,POCL,EQ,53127,32395,60.98
20,1569,PODDARMENT,EQ,3073,2467,80.28
20,1570,POKARNA,EQ,58706,29816,50.79
20,1571,POLICYBZR,EQ,106537,38520,36.16
20,1572,POLYCAB,EQ,512155,231663,45.23
20,1573,POLYMED,EQ,6264,3161,50.46
20,1574,POLYPLEX,EQ,52487,26807,51.07
20,1575,PONNIERODE,EQ,95006,60031,63.19
20,1576,POONAWALLA,EQ,2642071,1681634,63.65
20,1577,POWERGRID,EQ,6491870,2124231,32.72
20,1578,POWERINDIA,EQ,8083,3047,37.70
20,1579,POWERMECH,EQ,17771,5707,32.11
20,1580,PPAP,EQ,26322,19427,73.81
20,1581,PPL,EQ,145184,45501,31.34
20,1582,PPLPHARMA,EQ,1384689,697991,50.41
20,1583,PRAJIND,EQ,299371,183366,61.25
20,1584,PRAKASH,EQ,225131,204739,90.94
20,1585,PRAMARA,SM,22000,20000,90.91
20,1586,PRAXIS,EQ,2673395,1691281,63.26
20,1587,PRECAM,EQ,120591,67709,56.15
20,1588,PRECISION,SM,22000,16000,72.73
20,1589,PRECOT,EQ,5787,4187,72.35
20,1590,PRECWIRE,EQ,498055,219641,44.10
20,1591,PREMEXPLN,EQ,19595,14072,71.81
20,1592,PRESSTONIC,SM,64000,40000,62.50
20,1593,PRESTIGE,EQ,272214,152696,56.09
20,1594,PRICOLLTD,EQ,170209,86253,50.67
20,1595,PRIMESECU,EQ,77883,43096,55.33
20,1596,PRINCEPIPE,EQ,40724,20092,49.34
20,1597,PRITIKA,SM,90000,70000,77.78
20,1598,PRITIKAUTO,EQ,910890,776097,85.20
20,1599,PRIVISCL,EQ,14907,7432,49.86
20,1600,PROLIFE,SM,13500,12000,88.89
20,1601,PROPEQUITY,SM,6000,5400,90.00
20,1602,PROV,SM,1280,800,62.50
20,1603,PROZONER,EQ,1742129,834916,47.93
20,1604,PRSMJOHNSN,EQ,323960,172510,53.25
20,1605,PRUDENT,EQ,6430,3531,54.91
20,1606,PSB,EQ,9336262,4443638,47.60
20,1607,PSPPROJECT,EQ,43167,21800,50.50
20,1608,PSUBNKBEES,EQ,2755455,1591942,57.77
20,1609,PSUBNKIETF,EQ,266966,162913,61.02
20,1610,PTC,EQ,3288869,1300551,39.54
20,1611,PTCIL,EQ,2767,1434,51.83
20,1612,PTL,EQ,1694244,827240,48.83
20,1613,PULZ,SM,134000,118000,88.06
20,1614,PUNJABCHEM,EQ,4323,2264,52.37
20,1615,PURVA,EQ,993600,352692,35.50
20,1616,PVRINOX,EQ,767878,303638,39.54
20,1617,PVTBANIETF,EQ,62922,21105,33.54
20,1618,PYRAMID,EQ,80308,47686,59.38
20,1619,QFIL,SM,71000,65000,91.55
20,1620,QGOLDHALF,EQ,8524,3525,41.35
20,1621,QMSMEDI,SM,20000,18000,90.00
20,1622,QNIFTY,EQ,178,142,79.78
20,1623,QUADPRO,SM,144000,120000,83.33
20,1624,QUAL30IETF,EQ,2532,2524,99.68
20,1625,QUESS,EQ,147498,57720,39.13
20,1626,QUICKHEAL,EQ,282412,74751,26.47
20,1627,QUICKTOUCH,SM,8500,7000,82.35
20,1628,RACE,EQ,15084,11926,79.06
20,1629,RADHIKAJWE,EQ,1100169,531517,48.31
20,1630,RADIANTCMS,EQ,110071,61152,55.56
20,1631,RADICO,EQ,24837,11673,47.00
20,1632,RADIOCITY,EQ,1057428,614262,58.09
20,1633,RADIOCITY,P1,586,586,100.00
20,1634,RAILTEL,EQ,31661864,4016030,12.68
20,1635,RAIN,EQ,21667909,8969627,41.40
20,1636,RAINBOW,EQ,29930,8555,28.58
20,1637,RAJESHEXPO,EQ,311383,154286,49.55
20,1638,RAJRATAN,EQ,147649,57224,38.76
20,1639,RAJSREESUG,EQ,110096,80232,72.87
20,1640,RAJTV,EQ,16745,8904,53.17
20,1641,RALLIS,EQ,1658630,526652,31.75
20,1642,RAMANEWS,EQ,144974,83337,57.48
20,1643,RAMAPHO,EQ,28222,17356,61.50
20,1644,RAMASTEEL,EQ,73345581,20901194,28.50
20,1645,RAMCOCEM,EQ,67880,31103,45.82
20,1646,RAMCOIND,EQ,183198,104624,57.11
20,1647,RAMCOSYS,EQ,59644,29683,49.77
20,1648,RAMKY,EQ,145540,105235,72.31
20,1649,RAMRAT,EQ,63269,41774,66.03
20,1650,RANASUG,EQ,554034,344819,62.24
20,1651,RANEENGINE,EQ,19803,10789,54.48
20,1652,RANEHOLDIN,EQ,4580,3390,74.02
20,1653,RATEGAIN,EQ,183462,101688,55.43
20,1654,RATNAMANI,EQ,10869,4190,38.55
20,1655,RATNAVEER,EQ,3094413,1255721,40.58
20,1656,RAYMOND,EQ,65261,28318,43.39
20,1657,RBA,EQ,8431487,3579861,42.46
20,1658,RBL,EQ,38800,13653,35.19
20,1659,RBLBANK,EQ,11765151,2801758,23.81
20,1660,RBMINFRA,SM,7000,7000,100.00
20,1661,RBZJEWEL,EQ,486524,249810,51.35
20,1662,RCDL,SM,45000,39000,86.67
20,1663,RCF,EQ,18688246,4704147,25.17
20,1664,RECLTD,EQ,16839511,3737408,22.19
20,1665,RECLTD,N9,810,810,100.00
20,1666,RECLTD,NE,285,285,100.00
20,1667,REDINGTON,EQ,670115,369527,55.14
20,1668,REDTAPE,EQ,384716,303504,78.89
20,1669,REFEX,EQ,76877,59299,77.13
20,1670,RELAXO,EQ,46378,30430,65.61
20,1671,RELIABLE,SM,12000,9600,80.00
20,1672,RELIANCE,EQ,3641697,1348080,37.02
20,1673,RELIGARE,EQ,3188206,2169216,68.04
20,1674,RELINFRA,EQ,1862826,791527,42.49
20,1675,REMUS,SM,1050,950,90.48
20,1676,RENUKA,EQ,3243473,2110568,65.07
20,1677,REPCOHOME,EQ,104635,56980,54.46
20,1678,REPL,EQ,29460,16847,57.19
20,1679,REPRO,EQ,3030,1774,58.55
20,1680,RESPONIND,EQ,838916,214993,25.63
20,1681,RGL,EQ,156226,60765,38.90
20,1682,RHIM,EQ,48932,26631,54.42
20,1683,RHL,EQ,21211,13870,65.39
20,1684,RICOAUTO,EQ,2583694,1066953,41.30
20,1685,RIIL,EQ,301129,92991,30.88
20,1686,RILINFRA,SM,6200,4900,79.03
20,1687,RISHABH,EQ,84216,38214,45.38
20,1688,RITCO,EQ,56090,21131,37.67
20,1689,RITES,EQ,18632806,2612134,14.02
20,1690,RITEZONE,SM,30400,30400,100.00
20,1691,RKEC,EQ,695357,350109,50.35
20,1692,RKFORGE,EQ,184204,108843,59.09
20,1693,RML,EQ,6112,3857,63.11
20,1694,ROCKINGDCE,SM,82000,47000,57.32
20,1695,ROHLTD,EQ,103012,74428,72.25
20,1696,ROLEXRINGS,EQ,5495,2885,52.50
20,1697,ROML,EQ,26958,20845,77.32
20,1698,ROSSARI,EQ,200970,84115,41.85
20,1699,ROSSELLIND,EQ,17290,9979,57.72
20,1700,ROTO,EQ,60514,33464,55.30
20,1701,ROUTE,EQ,72550,39405,54.31
20,1702,ROXHITECH,SM,96000,68800,71.67
20,1703,RPGLIFE,EQ,18958,11499,60.66
20,1704,RPOWER,EQ,58154201,17272193,29.70
20,1705,RPPL,EQ,186524,106212,56.94
20,1706,RPSGVENT,EQ,82628,36942,44.71
20,1707,RRKABEL,EQ,43717,19894,45.51
20,1708,RSSOFTWARE,EQ,24726,18313,74.06
20,1709,RSWM,EQ,121602,64777,53.27
20,1710,RSYSTEMS,EQ,141345,70423,49.82
20,1711,RTNINDIA,EQ,5861327,1846565,31.50
20,1712,RTNPOWER,EQ,78304389,31022205,39.62
20,1713,RUBYMILLS,EQ,35117,24707,70.36
20,1714,RUCHIRA,EQ,254955,132775,52.08
20,1715,RUPA,EQ,196929,88354,44.87
20,1716,RUSHIL,EQ,61635,33846,54.91
20,1717,RUSTOMJEE,EQ,22742,12404,54.54
20,1718,RVNL,EQ,54325810,14821297,27.28
20,1719,SAAKSHI,SM,37200,32400,87.10
20,1720,SABAR,SM,15000,15000,100.00
20,1721,SADHNANIQ,EQ,379495,199499,52.57
20,1722,SAFARI,EQ,35148,23724,67.50
20,1723,SAGCEM,EQ,112871,57406,50.86
20,1724,SAH,EQ,63151,22402,35.47
20,1725,SAHAJ,SM,216000,212000,98.15
20,1726,SAHANA,SM,86000,60000,69.77
20,1727,SAHYADRI,EQ,6655,3499,52.58
20,1728,SAIFL,SM,33600,22400,66.67
20,1729,SAIL,EQ,14813493,7068335,47.72
20,1730,SAKAR,EQ,41416,23455,56.63
20,1731,SAKHTISUG,EQ,294285,165882,56.37
20,1732,SAKUMA,EQ,4788290,2045062,42.71
20,1733,SALASAR,EQ,16204416,7921582,48.89
20,1734,SALONA,EQ,1542,1092,70.82
20,1735,SALZERELEC,EQ,35529,18466,51.97
20,1736,SAMHI,EQ,277358,132446,47.75
20,1737,SANDESH,EQ,2613,1743,66.70
20,1738,SANDHAR,EQ,53654,27136,50.58
20,1739,SANDUMA,EQ,119278,71215,59.71
20,1740,SANGAMIND,EQ,107786,67192,62.34
20,1741,SANGHIIND,EQ,4704680,4044471,85.97
20,1742,SANGHVIMOV,EQ,38305,21996,57.42
20,1743,SANOFI,EQ,2794,1940,69.43
20,1744,SANSERA,EQ,50408,26550,52.67
20,1745,SAPPHIRE,EQ,114954,50242,43.71
20,1746,SARDAEN,EQ,228529,123219,53.92
20,1747,SAREGAMA,EQ,181058,78256,43.22
20,1748,SARLAPOLY,EQ,397518,257398,64.75
20,1749,SARTELE,SM,142000,102000,71.83
20,1750,SARVESHWAR,EQ,15579690,10941775,70.23
20,1751,SASKEN,EQ,16653,6240,37.47
20,1752,SASTASUNDR,EQ,17025,8769,51.51
20,1753,SATIA,EQ,466494,237926,51.00
20,1754,SATIN,EQ,209957,106176,50.57
20,1755,SATINDLTD,EQ,529724,199167,37.60
20,1756,SBC,EQ,12491493,4594420,36.78
20,1757,SBCL,EQ,58711,33408,56.90
20,1758,SBFC,EQ,446955,278491,62.31
20,1759,SBGLP,EQ,36076,4524,12.54
20,1760,SBICARD,EQ,487882,238270,48.84
20,1761,SBIETFCON,EQ,3035,1967,64.81
20,1762,SBIETFIT,EQ,5293,4326,81.73
20,1763,SBIETFPB,EQ,2785,1375,49.37
20,1764,SBIETFQLTY,EQ,1317,676,51.33
20,1765,SBILIFE,EQ,463302,292176,63.06
20,1766,SBIN,EQ,9886760,2267972,22.94
20,1767,SCHAEFFLER,EQ,6033,3165,52.46
20,1768,SCHAND,EQ,76203,40722,53.44
20,1769,SCHNEIDER,EQ,208411,106200,50.96
20,1770,SCI,EQ,21759588,7525183,34.58
20,1771,SCML,SM,62000,54000,87.10
20,1772,SCPL,EQ,12552,8110,64.61
20,1773,SDBL,EQ,443326,262638,59.24
20,1774,SDL24BEES,EQ,1169,600,51.33
20,1775,SDL26BEES,EQ,89,86,96.63
20,1776,SEAMECLTD,EQ,84254,48696,57.80
20,1777,SECL,SM,237500,193750,81.58
20,1778,SECURCRED,EQ,299301,219582,73.36
20,1779,SECURKLOUD,EQ,101207,62701,61.95
20,1780,SEL,ST,3200,3200,100.00
20,1781,SELAN,EQ,115842,52678,45.47
20,1782,SEMAC,EQ,440,328,74.55
20,1783,SENCO,EQ,106839,40089,37.52
20,1784,SENSEXETF,EQ,10060,6827,67.86
20,1785,SENSEXIETF,EQ,771,566,73.41
20,1786,SEPC,EQ,9070926,5615500,61.91
20,1787,SEQUENT,EQ,1927424,839546,43.56
20,1788,SERVICE,SM,12000,12000,100.00
20,1789,SESHAPAPER,EQ,333446,90296,27.08
20,1790,SETF10GILT,EQ,1858,1731,93.16
20,1791,SETFGOLD,EQ,121585,73174,60.18
20,1792,SETFNIF50,EQ,110894,66898,60.33
20,1793,SETFNIFBK,EQ,27082,14865,54.89
20,1794,SETFNN50,EQ,4224,2192,51.89
20,1795,SFL,EQ,59525,27098,45.52
20,1796,SGBAPR28I,GB,28,28,100.00
20,1797,SGBAUG24,GB,71,55,77.46
20,1798,SGBAUG27,GB,3,2,66.67
20,1799,SGBAUG28V,GB,635,450,70.87
20,1800,SGBAUG29V,GB,12,11,91.67
20,1801,SGBAUG30,GB,51,44,86.27
20,1802,SGBD29VIII,GB,25,21,84.00
20,1803,SGBDE30III,GB,115,64,55.65
20,1804,SGBDEC2512,GB,132,132,100.00
20,1805,SGBDEC2513,GB,1,1,100.00
20,1806,SGBDEC25XI,GB,15,15,100.00
20,1807,SGBFEB24,GB,30,28,93.33
20,1808,SGBFEB29XI,GB,5,5,100.00
20,1809,SGBJAN26,GB,10,10,100.00
20,1810,SGBJAN29IX,GB,100,73,73.00
20,1811,SGBJAN29X,GB,139,91,65.47
20,1812,SGBJAN30IX,GB,49,29,59.18
20,1813,SGBJU29III,GB,125,105,84.00
20,1814,SGBJUL25,GB,60,54,90.00
20,1815,SGBJUL27,GB,10,10,100.00
20,1816,SGBJUL28IV,GB,84,54,64.29
20,1817,SGBJUL29IV,GB,117,108,92.31
20,1818,SGBJUN27,GB,48,48,100.00
20,1819,SGBJUN28,GB,189,128,67.72
20,1820,SGBJUN29II,GB,12,8,66.67
20,1821,SGBJUN30,GB,39,37,94.87
20,1822,SGBJUN31I,GB,538,256,47.58
20,1823,SGBMAR24,GB,55,54,98.18
20,1824,SGBMAR25,GB,119,88,73.95
20,1825,SGBMAR30X,GB,14,14,100.00
20,1826,SGBMAR31IV,GB,74,49,66.22
20,1827,SGBMAY25,GB,59,49,83.05
20,1828,SGBMAY26,GB,100,100,100.00
20,1829,SGBMAY28,GB,183,169,92.35
20,1830,SGBMAY29I,GB,305,268,87.87
20,1831,SGBMR29XII,GB,200,130,65.00
20,1832,SGBN28VIII,GB,71,38,53.52
20,1833,SGBNOV24,GB,148,148,100.00
20,1834,SGBNOV25,GB,50,50,100.00
20,1835,SGBNOV258,GB,107,107,100.00
20,1836,SGBNOV26,GB,69,68,98.55
20,1837,SGBNV29VII,GB,122,79,64.75
20,1838,SGBOC28VII,GB,17,13,76.47
20,1839,SGBOCT25,GB,68,66,97.06
20,1840,SGBOCT25IV,GB,50,50,100.00
20,1841,SGBOCT25V,GB,18,18,100.00
20,1842,SGBOCT26,GB,101,101,100.00
20,1843,SGBOCT27,GB,48,48,100.00
20,1844,SGBOCT27VI,GB,2,2,100.00
20,1845,SGBSEP24,GB,176,121,68.75
20,1846,SGBSEP27,GB,1,1,100.00
20,1847,SGBSEP28VI,GB,69,63,91.30
20,1848,SGBSEP29VI,GB,164,152,92.68
20,1849,SGBSEP31II,GB,991,861,86.88
20,1850,SGIL,EQ,33603,23659,70.41
20,1851,SGL,EQ,42428,27425,64.64
20,1852,SHAHALLOYS,EQ,57040,40524,71.04
20,1853,SHAILY,EQ,45502,31942,70.20
20,1854,SHAKTIPUMP,EQ,50707,27643,54.52
20,1855,SHALBY,EQ,373657,166165,44.47
20,1856,SHALPAINTS,EQ,794802,375682,47.27
20,1857,SHANKARA,EQ,52859,33075,62.57
20,1858,SHANTHALA,SM,3600,2400,66.67
20,1859,SHANTI,EQ,13849,9318,67.28
20,1860,SHANTIGEAR,EQ,50854,27364,53.81
20,1861,SHARDACROP,EQ,51427,30050,58.43
20,1862,SHARDAMOTR,EQ,13243,7578,57.22
20,1863,SHAREINDIA,EQ,226627,73830,32.58
20,1864,SHAREINDIA,W1,3964,3925,99.02
20,1865,SHARIABEES,EQ,7859,4325,55.03
20,1866,SHEETAL,SM,28000,8000,28.57
20,1867,SHEMAROO,EQ,217455,90800,41.76
20,1868,SHERA,SM,33000,24000,72.73
20,1869,SHIGAN,SM,15000,15000,100.00
20,1870,SHILPAMED,EQ,146285,61817,42.26
20,1871,SHIVALIK,EQ,7118,4594,64.54
20,1872,SHIVAMILLS,EQ,28998,7997,27.58
20,1873,SHIVATEX,EQ,10493,6055,57.71
20,1874,SHK,EQ,491112,214521,43.68
20,1875,SHOPERSTOP,EQ,95562,51563,53.96
20,1876,SHREDIGCEM,EQ,2194077,971385,44.27
20,1877,SHREECEM,EQ,36549,7112,19.46
20,1878,SHREEOSFM,SM,28000,26000,92.86
20,1879,SHREEPUSHK,EQ,110003,46335,42.12
20,1880,SHREYAS,EQ,21439,10822,50.48
20,1881,SHRIPISTON,EQ,221485,162557,73.39
20,1882,SHRIRAMFIN,EQ,100445,29923,29.79
20,1883,SHRIRAMFIN,YI,326,178,54.60
20,1884,SHRIRAMFIN,YZ,863,586,67.90
20,1885,SHRIRAMFIN,Z2,8,8,100.00
20,1886,SHRIRAMFIN,Z8,50,50,100.00
20,1887,SHRIRAMFIN,Z9,15,15,100.00
20,1888,SHRIRAMFIN,ZH,300,300,100.00
20,1889,SHRIRAMPPS,EQ,3535182,1350233,38.19
20,1890,SHRITECH,SM,18000,18000,100.00
20,1891,SHUBHLAXMI,SM,27000,22000,81.48
20,1892,SHYAMCENT,EQ,565806,344358,60.86
20,1893,SHYAMMETL,EQ,1831503,891880,48.70
20,1894,SHYAMTEL,EQ,2533,2533,100.00
20,1895,SIEMENS,EQ,50912,14430,28.34
20,1896,SIGACHI,EQ,11198328,5470075,48.85
20,1897,SIGMA,EQ,8767,4820,54.98
20,1898,SIGNATURE,EQ,88397,8069,9.13
20,1899,SILINV,EQ,3362,2599,77.31
20,1900,SILVER,EQ,55271,47663,86.24
20,1901,SILVERBEES,EQ,966813,881161,91.14
20,1902,SILVERETF,EQ,14225,10721,75.37
20,1903,SILVERIETF,EQ,52055,40243,77.31
20,1904,SILVERTUC,EQ,898,671,74.72
20,1905,SILVRETF,EQ,1480,902,60.95
20,1906,SIMBHALS,EQ,84308,58302,69.15
20,1907,SINDHUTRAD,EQ,2274378,361198,15.88
20,1908,SINTERCOM,EQ,12231,9066,74.12
20,1909,SIRCA,EQ,185040,110783,59.87
20,1910,SIS,EQ,1947894,386318,19.83
20,1911,SIYSIL,EQ,31199,15603,50.01
20,1912,SJLOGISTIC,SM,156000,64000,41.03
20,1913,SJS,EQ,115736,64013,55.31
20,1914,SJVN,EQ,72829380,17498306,24.03
20,1915,SKFINDIA,EQ,4743,2916,61.48
20,1916,SKIPPER,EQ,342642,190672,55.65
20,1917,SKMEGGPROD,EQ,38550,26757,69.41
20,1918,SKP,SM,12500,12000,96.00
20,1919,SMARTLINK,EQ,27422,12456,45.42
20,1920,SMCGLOBAL,EQ,352810,182774,51.81
20,1921,SMLISUZU,EQ,9282,5162,55.61
20,1922,SMLT,EQ,182625,72991,39.97
20,1923,SMSLIFE,EQ,4288,3790,88.39
20,1924,SMSPHARMA,EQ,67343,35244,52.34
20,1925,SMVD,SM,105040,92920,88.46
20,1926,SNOWMAN,EQ,2298455,1050813,45.72
20,1927,SOBHA,EQ,527284,131968,25.03
20,1928,SOLARA,EQ,88628,43967,49.61
20,1929,SOLARINDS,EQ,15571,7590,48.74
20,1930,SOLEX,SM,1800,1200,66.67
20,1931,SOMANYCERA,EQ,11748,6220,52.95
20,1932,SONACOMS,EQ,365201,181183,49.61
20,1933,SONATSOFTW,EQ,181015,72176,39.87
20,1934,SONUINFRA,SM,9000,6000,66.67
20,1935,SOTL,EQ,65959,35525,53.86
20,1936,SOUTHBANK,EQ,41736928,15940234,38.19
20,1937,SPAL,EQ,42897,20894,48.71
20,1938,SPANDANA,EQ,39517,20848,52.76
20,1939,SPARC,EQ,423012,161772,38.24
20,1940,SPCENET,EQ,3013564,2234344,74.14
20,1941,SPECIALITY,EQ,87451,51679,59.09
20,1942,SPECTRUM,SM,11625,9000,77.42
20,1943,SPECTSTM,SM,25600,16800,65.63
20,1944,SPENCERS,EQ,1677983,971022,57.87
20,1945,SPIC,EQ,6989346,2414084,34.54
20,1946,SPLIL,EQ,53884,33117,61.46
20,1947,SPLPETRO,EQ,27904,13453,48.21
20,1948,SPORTKING,EQ,39132,21320,54.48
20,1949,SPRL,ST,1600,1600,100.00
20,1950,SREEL,EQ,35625,15619,43.84
20,1951,SRF,EQ,152834,95580,62.54
20,1952,SRGHFL,EQ,5532,4822,87.17
20,1953,SRHHYPOLTD,EQ,26143,16804,64.28
20,1954,SRIVASAVI,SM,9000,7000,77.78
20,1955,SSFL,SM,12000,6000,50.00
20,1956,SSWL,EQ,302725,168810,55.76
20,1957,STAR,EQ,215438,97468,45.24
20,1958,STARCEMENT,EQ,198332,136792,68.97
20,1959,STARHEALTH,EQ,506032,361280,71.39
20,1960,STARPAPER,EQ,201381,98243,48.78
20,1961,STCINDIA,EQ,2673984,548838,20.53
20,1962,STEELCAS,EQ,33752,20879,61.86
20,1963,STEELCITY,EQ,16703,11089,66.39
20,1964,STEELXIND,EQ,2968263,1623501,54.70
20,1965,STEL,EQ,5446,3868,71.02
20,1966,STERTOOLS,EQ,39563,21171,53.51
20,1967,STLTECH,EQ,859706,412069,47.93
20,1968,STOVEKRAFT,EQ,73497,41928,57.05
20,1969,STYLAMIND,EQ,25770,13061,50.68
20,1970,STYRENIX,EQ,5269,3015,57.22
20,1971,SUBEXLTD,EQ,14752974,6846323,46.41
20,1972,SUBROS,EQ,84538,31331,37.06
20,1973,SUDARSCHEM,EQ,52607,26264,49.92
20,1974,SUKHJITS,EQ,10445,7048,67.48
20,1975,SULA,EQ,225323,124394,55.21
20,1976,SUMICHEM,EQ,209761,120435,57.42
20,1977,SUMMITSEC,EQ,20930,11785,56.31
20,1978,SUNCLAY,EQ,5390,3574,66.31
20,1979,SUNDARMFIN,EQ,6921,2856,41.27
20,1980,SUNDARMHLD,EQ,468424,220782,47.13
20,1981,SUNDRMBRAK,EQ,631,481,76.23
20,1982,SUNDRMFAST,EQ,27543,13085,47.51
20,1983,SUNFLAG,EQ,1288991,411167,31.90
20,1984,SUNPHARMA,EQ,284105,101006,35.55
20,1985,SUNREST,SM,4800,4800,100.00
20,1986,SUNTECK,EQ,679667,341522,50.25
20,1987,SUNTV,EQ,139942,49960,35.70
20,1988,SUPERHOUSE,EQ,23921,15067,62.99
20,1989,SUPRAJIT,EQ,89501,42628,47.63
20,1990,SUPREMEIND,EQ,32334,12416,38.40
20,1991,SUPREMEPWR,SM,322000,234000,72.67
20,1992,SUPRIYA,EQ,179138,86862,48.49
20,1993,SURAJEST,EQ,96342,51966,53.94
20,1994,SURANI,SM,66800,60400,90.42
20,1995,SURYALAXMI,EQ,24630,17714,71.92
20,1996,SURYAROSNI,EQ,204828,112936,55.14
20,1997,SURYODAY,EQ,380951,150437,39.49
20,1998,SUTLEJTEX,EQ,405632,212506,52.39
20,1999,SUVEN,EQ,539361,291483,54.04
20,2000,SUVENPHAR,EQ,68832,31915,46.37
20,2001,SUZLON,EQ,39948658,24747347,61.95
20,2002,SWANENERGY,EQ,5664680,2059106,36.35
20,2003,SWARAJ,SM,65000,55000,84.62
20,2004,SWARAJENG,EQ,3899,2039,52.30
20,2005,SWASTIK,SM,164400,108000,65.69
20,2006,SWELECTES,EQ,58759,20239,34.44
20,2007,SWSOLAR,EQ,838240,670240,79.96
20,2008,SYMPHONY,EQ,66960,44896,67.05
20,2009,SYNCOMF,EQ,3453061,1990328,57.64
20,2010,SYNGENE,EQ,321868,119715,37.19
20,2011,SYNOPTICS,SM,24000,18600,77.50
20,2012,SYRMA,EQ,143865,70633,49.10
20,2013,SYSTANGO,SM,134400,85600,63.69
20,2014,TAINWALCHM,EQ,24717,14845,60.06
20,2015,TAJGVK,EQ,109206,64953,59.48
20,2016,TAKE,EQ,610934,341912,55.97
20,2017,TANLA,EQ,356875,134901,37.80
20,2018,TAPIFRUIT,SM,3750,2250,60.00
20,2019,TARACHAND,SM,9000,8000,88.89
20,2020,TARMAT,EQ,457590,224681,49.10
20,2021,TARSONS,EQ,78535,44549,56.73
20,2022,TASTYBITE,EQ,1233,770,62.45
20,2023,TATACAP,N6,15,10,66.67
20,2024,TATACAP,NA,111,111,100.00
20,2025,TATACAPHSG,N4,130,130,100.00
20,2026,TATACAPHSG,N6,293,282,96.25
20,2027,TATACHEM,EQ,825794,223679,27.09
20,2028,TATACOMM,EQ,630525,342525,54.32
20,2029,TATACONSUM,EQ,332777,131728,39.58
20,2030,TATAELXSI,EQ,31365,14883,47.45
20,2031,TATAGOLD,EQ,1217237,997001,81.91
20,2032,TATAINVEST,EQ,117073,30477,26.03
20,2033,TATAMETALI,EQ,47337,10901,23.03
20,2034,TATAMOTORS,EQ,2837388,1066138,37.57
20,2035,TATAMTRDVR,EQ,320938,162281,50.56
20,2036,TATAPOWER,EQ,5631401,2288971,40.65
20,2037,TATASTEEL,EQ,16578179,6753550,40.74
20,2038,TATATECH,EQ,596224,254112,42.62
20,2039,TATSILV,EQ,313201,276091,88.15
20,2040,TATVA,EQ,51742,17759,34.32
20,2041,TBZ,EQ,458980,137135,29.88
20,2042,TCI,EQ,12746,7016,55.04
20,2043,TCIEXP,EQ,17530,8413,47.99
20,2044,TCNSBRANDS,EQ,35245,20421,57.94
20,2045,TCPLPACK,EQ,3283,1560,47.52
20,2046,TCS,EQ,516477,222448,43.07
20,2047,TDPOWERSYS,EQ,204828,98837,48.25
20,2048,TEAMLEASE,EQ,3797,1612,42.45
20,2049,TECH,EQ,10793,7301,67.65
20,2050,TECHLABS,SM,188000,128000,68.09
20,2051,TECHM,EQ,1001018,384948,38.46
20,2052,TECHNOE,EQ,85067,43869,51.57
20,2053,TEGA,EQ,58182,26401,45.38
20,2054,TEJASNET,EQ,753761,350773,46.54
20,2055,TEMBO,EQ,66601,20480,30.75
20,2056,TEXINFRA,EQ,5939969,1770953,29.81
20,2057,TEXMOPIPES,EQ,367025,237035,64.58
20,2058,TEXRAIL,EQ,20422943,5630326,27.57
20,2059,TFCILTD,EQ,23314562,11791630,50.58
20,2060,THANGAMAYL,EQ,7504,4955,66.03
20,2061,THEINVEST,EQ,273856,139705,51.01
20,2062,THEJO,EQ,3857,2660,68.97
20,2063,THEMISMED,EQ,107737,60355,56.02
20,2064,THERMAX,EQ,14021,6359,45.35
20,2065,THOMASCOOK,EQ,1125200,649155,57.69
20,2066,THYROCARE,EQ,47050,12664,26.92
20,2067,TI,EQ,306207,173153,56.55
20,2068,TIDEWATER,EQ,96601,46084,47.71
20,2069,TIIL,EQ,4163,2262,54.34
20,2070,TIINDIA,EQ,133210,74732,56.10
20,2071,TIJARIA,EQ,156080,139329,89.27
20,2072,TIMESCAN,SM,1000,1000,100.00
20,2073,TIMETECHNO,EQ,753511,146857,19.49
20,2074,TIMKEN,EQ,22718,8867,39.03
20,2075,TIPSINDLTD,EQ,79719,47191,59.20
20,2076,TIRUMALCHM,EQ,297312,142795,48.03
20,2077,TIRUPATI,SM,500,500,100.00
20,2078,TITAGARH,EQ,4486866,909005,20.26
20,2079,TITAN,EQ,238575,85437,35.81
20,2080,TMB,EQ,47428,27695,58.39
20,2081,TNIDETF,EQ,37271,30977,83.11
20,2082,TNPETRO,EQ,417104,210257,50.41
20,2083,TNPL,EQ,404474,197065,48.72
20,2084,TNTELE,EQ,81800,75943,92.84
20,2085,TOKYOPLAST,EQ,14897,8159,54.77
20,2086,TORNTPHARM,EQ,225132,37131,16.49
20,2087,TORNTPOWER,EQ,80983,37567,46.39
20,2088,TOTAL,EQ,27439,21449,78.17
20,2089,TPLPLASTEH,EQ,296061,124446,42.03
20,2090,TRACXN,EQ,1988753,1097359,55.18
20,2091,TRANSTEEL,SM,340000,258000,75.88
20,2092,TRANSWIND,SM,16000,16000,100.00
20,2093,TREEHOUSE,EQ,73939,50955,68.91
20,2094,TREL,EQ,2370319,1195902,50.45
20,2095,TRENT,EQ,196720,64518,32.80
20,2096,TRF,EQ,52752,27392,51.93
20,2097,TRIDENT,EQ,14110447,6805932,48.23
20,2098,TRIDHYA,SM,18000,15000,83.33
20,2099,TRIGYN,EQ,174572,95740,54.84
20,2100,TRIL,EQ,348706,136889,39.26
20,2101,TRITURBINE,EQ,410022,100253,24.45
20,2102,TRIVENI,EQ,318975,192714,60.42
20,2103,TRU,EQ,847408,177164,20.91
20,2104,TTKHLTCARE,EQ,5296,3876,73.19
20,2105,TTKPRESTIG,EQ,30368,19818,65.26
20,2106,TTL,EQ,31483,15139,48.09
20,2107,TTML,EQ,4864331,1285517,26.43
20,2108,TV18BRDCST,EQ,20697598,4764598,23.02
20,2109,TVSELECT,EQ,73751,29142,39.51
20,2110,TVSHLTD,EQ,2162,1199,55.46
20,2111,TVSHLTD,P1,110269,106224,96.33
20,2112,TVSMOTOR,EQ,208112,51048,24.53
20,2113,TVSSCS,EQ,221175,147085,66.50
20,2114,TVSSRICHAK,EQ,18751,6280,33.49
20,2115,TVTODAY,EQ,175944,85414,48.55
20,2116,UBL,EQ,145006,53452,36.86
20,2117,UCAL,EQ,30736,19262,62.67
20,2118,UCL,SM,82000,82000,100.00
20,2119,UCOBANK,EQ,21796059,9176088,42.10
20,2120,UDS,EQ,151400,99221,65.54
20,2121,UFLEX,EQ,77902,37203,47.76
20,2122,UFO,EQ,626487,241940,38.62
20,2123,UGARSUGAR,EQ,155323,94120,60.60
20,2124,UGROCAP,EQ,115327,74456,64.56
20,2125,UGROCAP,N1,60,60,100.00
20,2126,UGROCAP,N7,89,89,100.00
20,2127,UJJIVAN,EQ,237444,152408,64.19
20,2128,UJJIVANSFB,EQ,5367559,2796982,52.11
20,2129,ULTRACEMCO,EQ,138261,33766,24.42
20,2130,UMA,SM,56000,48000,85.71
20,2131,UMAEXPORTS,EQ,54897,33357,60.76
20,2132,UMANGDAIRY,EQ,614869,296403,48.21
20,2133,UNICHEMLAB,EQ,4714,2348,49.81
20,2134,UNIDT,EQ,26035,14643,56.24
20,2135,UNIENTER,EQ,11617,6942,59.76
20,2136,UNIHEALTH,SM,37000,29000,78.38
20,2137,UNIINFO,EQ,135879,68560,50.46
20,2138,UNIONBANK,EQ,37359672,10070306,26.96
20,2139,UNIPARTS,EQ,41376,27010,65.28
20,2140,UNITEDPOLY,EQ,27097,10055,37.11
20,2141,UNITEDTEA,EQ,1568,1115,71.11
20,2142,UNIVCABLES,EQ,21121,9088,43.03
20,2143,UNIVPHOTO,EQ,873,427,48.91
20,2144,UNOMINDA,EQ,70009,32569,46.52
20,2145,UPL,EQ,811281,318061,39.20
20,2146,URAVI,EQ,2014,1193,59.24
20,2147,URBAN,SM,26400,24000,90.91
20,2148,URJA,EQ,10060576,3878157,38.55
20,2149,USASEEDS,SM,1800,1800,100.00
20,2150,USHAMART,EQ,1703916,728751,42.77
20,2151,USK,EQ,308515,142574,46.21
20,2152,UTIAMC,EQ,33866,17105,50.51
20,2153,UTIBANKETF,EQ,94772,61012,64.38
20,2154,UTINEXT50,EQ,5264,2472,46.96
20,2155,UTINIFTETF,EQ,5878,4764,81.05
20,2156,UTISENSETF,EQ,858,478,55.71
20,2157,UTISXN50,EQ,951,906,95.27
20,2158,UTKARSHBNK,EQ,3696909,2041294,55.22
20,2159,UTTAMSUGAR,EQ,101421,64292,63.39
20,2160,V2RETAIL,EQ,18182,5987,32.93
20,2161,VADILALIND,EQ,18322,11067,60.40
20,2162,VAIBHAVGBL,EQ,1612093,557643,34.59
20,2163,VAISHALI,EQ,65104,47759,73.36
20,2164,VAKRANGEE,EQ,8105315,2764969,34.11
20,2165,VALIANTLAB,EQ,499210,215423,43.15
20,2166,VALIANTORG,EQ,32199,17658,54.84
20,2167,VARDHACRLC,EQ,246579,97206,39.42
20,2168,VARROC,EQ,152763,63169,41.35
20,2169,VASA,ST,36000,32000,88.89
20,2170,VASCONEQ,EQ,6553501,2447444,37.35
20,2171,VASWANI,EQ,71175,48241,67.78
20,2172,VBL,EQ,370668,192281,51.87
20,2173,VEDL,EQ,2943766,1487884,50.54
20,2174,VEEKAYEM,SM,20000,12000,60.00
20,2175,VELS,SM,2400,2400,100.00
20,2176,VENKEYS,EQ,22045,11617,52.70
20,2177,VENUSPIPES,EQ,30276,13419,44.32
20,2178,VENUSREM,EQ,31928,15530,48.64
20,2179,VERANDA,EQ,227655,96474,42.38
20,2180,VERTEXPLUS,SM,5400,4800,88.89
20,2181,VERTOZ,EQ,188176,87935,46.73
20,2182,VESUVIUS,EQ,2953,1335,45.21
20,2183,VETO,EQ,225840,122971,54.45
20,2184,VGUARD,EQ,103672,56104,54.12
20,2185,VHL,EQ,762,301,39.50
20,2186,VIAZ,ST,18000,16000,88.89
20,2187,VIDHIING,EQ,20804,14916,71.70
20,2188,VIJAYA,EQ,63403,32968,52.00
20,2189,VIJIFIN,EQ,461491,347693,75.34
20,2190,VIKASECO,EQ,10802132,6165788,57.08
20,2191,VIKASLIFE,EQ,35175390,18382121,52.26
20,2192,VILINBIO,SM,16000,12000,75.00
20,2193,VIMTALABS,EQ,32509,20083,61.78
20,2194,VINATIORGA,EQ,18867,11990,63.55
20,2195,VINDHYATEL,EQ,8200,5058,61.68
20,2196,VINSYS,SM,8000,5000,62.50
20,2197,VINYAS,SM,5600,5600,100.00
20,2198,VINYLINDIA,EQ,28728,12435,43.29
20,2199,VIPCLOTHNG,EQ,153113,89939,58.74
20,2200,VIPIND,EQ,345629,193370,55.95
20,2201,VIPULLTD,EQ,262191,155560,59.33
20,2202,VIRINCHI,EQ,278799,198152,71.07
20,2203,VISAKAIND,EQ,468567,249388,53.22
20,2204,VISHNU,EQ,129107,62809,48.65
20,2205,VISHNUINFR,SM,52000,28000,53.85
20,2206,VISHWARAJ,EQ,739373,451031,61.00
20,2207,VITAL,SM,18000,18000,100.00
20,2208,VIVIANA,SM,34000,31000,91.18
20,2209,VLEGOV,EQ,485750,317539,65.37
20,2210,VLSFINANCE,EQ,51903,31845,61.35
20,2211,VMARCIND,SM,44000,24000,54.55
20,2212,VMART,EQ,33026,10457,31.66
20,2213,VOLTAMP,EQ,22205,5151,23.20
20,2214,VOLTAS,EQ,371204,119826,32.28
20,2215,VPRPL,EQ,2518219,1035971,41.14
20,2216,VRLLOG,EQ,20698,10435,50.42
20,2217,VSCL,SM,9000,9000,100.00
20,2218,VSSL,EQ,77957,30840,39.56
20,2219,VSTIND,EQ,4614,2148,46.55
20,2220,VSTTILLERS,EQ,4988,2735,54.83
20,2221,VTL,EQ,136443,54822,40.18
20,2222,WABAG,EQ,102980,40916,39.73
20,2223,WALCHANNAG,EQ,82359,53590,65.07
20,2224,WALPAR,SM,26000,26000,100.00
20,2225,WEBELSOLAR,EQ,214437,106682,49.75
20,2226,WEL,EQ,649,336,51.77
20,2227,WELCORP,EQ,448824,279321,62.23
20,2228,WELENT,EQ,82276,43221,52.53
20,2229,WELSPUNLIV,EQ,730954,248108,33.94
20,2230,WENDT,EQ,761,402,52.83
20,2231,WESTLIFE,EQ,42011,16933,40.31
20,2232,WHEELS,EQ,54976,31833,57.90
20,2233,WHIRLPOOL,EQ,27273,13667,50.11
20,2234,WINDLAS,EQ,49092,24809,50.54
20,2235,WINDMACHIN,EQ,88836,65727,73.99
20,2236,WIPRO,EQ,6045801,1351171,22.35
20,2237,WOCKPHARMA,EQ,528569,166605,31.52
20,2238,WOMANCART,ST,3200,3200,100.00
20,2239,WONDERLA,EQ,33363,21573,64.66
20,2240,WORTH,EQ,54518,35368,64.87
20,2241,WSI,EQ,86789,53099,61.18
20,2242,WSTCSTPAPR,EQ,142983,64451,45.08
20,2243,XCHANGING,EQ,309561,154003,49.75
20,2244,XPROINDIA,EQ,91664,36310,39.61
20,2245,YASHO,EQ,5595,3842,68.67
20,2246,YATHARTH,EQ,346201,203009,58.64
20,2247,YATRA,EQ,119419,45309,37.94
20,2248,YCCL,SM,36000,36000,100.00
20,2249,YESBANK,EQ,115224398,31456425,27.30
20,2250,YUDIZ,SM,17600,16000,90.91
20,2251,YUKEN,EQ,4205,2931,69.70
20,2252,ZAGGLE,EQ,1125988,323778,28.76
20,2253,ZEAL,SM,4800,3600,75.00
20,2254,ZEEL,EQ,18767517,6619289,35.27
20,2255,ZEEMEDIA,EQ,8741989,3178341,36.36
20,2256,ZENITHEXPO,EQ,6207,1187,19.12
20,2257,ZENSARTECH,EQ,357992,172216,48.11
20,2258,ZENTEC,EQ,106910,70996,66.41
20,2259,ZFCVINDIA,EQ,2157,784,36.35
20,2260,ZIMLAB,EQ,116275,72849,62.65
20,2261,ZODIACLOTH,EQ,14793,8510,57.53
20,2262,ZOMATO,EQ,25861344,11290306,43.66
20,2263,ZOTA,EQ,54830,43692,79.69
20,2264,ZUARI,EQ,1552232,670391,43.19
20,2265,ZUARIIND,EQ,599982,220602,36.77
20,2266,ZYDUSLIFE,EQ,443774,128678,29.00
20,2267,ZYDUSWELL,EQ,8920,4637,51.98
