Security Wise Delivery Position - Compulsory Rolling Settlement
10,MTO,24012024,2100866797,0002312
Trade Date <24-JAN-2024>,Settlement Type <N>
Record Type,Sr No,Name of Security,Quantity Traded,Deliverable Quantity(gross across client level),% of Deliverable Quantity to Traded Quantity
20,1,1018GS2026,GS,2,1,50.00
20,2,182D060624,TB,700,700,100.00
20,3,182D090524,TB,3100,3100,100.00
20,4,182D110724,TB,900,900,100.00
20,5,182D130624,TB,600,600,100.00
20,6,182D200624,TB,400,400,100.00
20,7,182D210324,TB,200,200,100.00
20,8,182D220224,TB,100,100,100.00
20,9,182D230524,TB,100,100,100.00
20,10,182D250424,TB,100,100,100.00
20,11,182D270624,TB,300,300,100.00
20,12,182D290324,TB,100,100,100.00
20,13,20MICRONS,EQ,63791,31920,50.04
20,14,360ONE,EQ,332842,175613,52.76
20,15,364D010824,TB,200,200,100.00
20,16,364D071124,TB,2300,2300,100.00
20,17,364D090125,TB,100,100,100.00
20,18,364D110724,TB,500,500,100.00
20,19,364D141124,TB,200,200,100.00
20,20,364D160125,TB,1500,1500,100.00
20,21,364D191224,TB,300,300,100.00
20,22,364D211124,TB,4000,4000,100.00
20,23,364D261224,TB,900,900,100.00
20,24,3IINFOLTD,EQ,3719892,1315618,35.37
20,25,3MINDIA,EQ,4769,1804,37.83
20,26,3PLAND,EQ,35396,19450,54.95
20,27,563GS2026,GS,1,1,100.00
20,28,574GS2026,GS,626,626,100.00
20,29,5PAISA,EQ,62463,32105,51.40
20,30,654GS2032,GS,101,101,100.00
20,31,667GS2050,GS,2433,2433,100.00
20,32,669GS2024,GS,104,101,97.12
20,33,676GS2061,GS,22,22,100.00
20,34,695GS2061,GS,387,387,100.00
20,35,699GS2026,GS,683,683,100.00
20,36,699GS2051,GS,9755,9755,100.00
20,37,706GS2028,GS,6400,6400,100.00
20,38,710GS2029,GS,6101,6101,100.00
20,39,716GS2050,GS,2066,2066,100.00
20,40,717GS2030,GS,7100,7100,100.00
20,41,718GS2033,GS,200,200,100.00
20,42,718GS2037,GS,59167,42254,71.41
20,43,719GS2060,GS,89,89,100.00
20,44,725GS2063,GS,61624,61424,99.68
20,45,726GS2032,GS,17600,17600,100.00
20,46,732GS2030,GS,2300,2300,100.00
20,47,733GS2026,GS,1000,900,90.00
20,48,737GS2028,GS,1300,1300,100.00
20,49,738GS2027,GS,51005,46900,91.95
20,50,73GS2053,GS,1630,1630,100.00
20,51,741GS2036,GS,9527,9527,100.00
20,52,744AP33,SG,1100,1000,90.91
20,53,746GS2073,GS,938,938,100.00
20,54,74GS2062,GS,2025,2015,99.51
20,55,754GS2036,GS,406968,358452,88.08
20,56,765UP34,SG,100,100,100.00
20,57,766GJ30A,SG,100,100,100.00
20,58,768KA37,SG,1000,1000,100.00
20,59,772GS2055,GS,1032,1032,100.00
20,60,777PN33,SG,100,100,100.00
20,61,77MH33A,SG,1000,1000,100.00
20,62,824GS2027,GS,5400,3403,63.02
20,63,91D010224,TB,1000,1000,100.00
20,64,91D040424,TB,6100,6100,100.00
20,65,91D070324,TB,1900,1700,89.47
20,66,91D080224,TB,2800,2800,100.00
20,67,91D110424,TB,1600,1600,100.00
20,68,91D140324,TB,500,500,100.00
20,69,91D150224,TB,5500,5500,100.00
20,70,91D180424,TB,4100,4100,100.00
20,71,91D210324,TB,158700,158600,99.94
20,72,91D220224,TB,1100,700,63.64
20,73,91D280324,TB,100,100,100.00
20,74,91D290224,TB,1400,1300,92.86
20,75,92GS2030,GS,11133,11133,100.00
20,76,AARON,EQ,7437,2952,39.69
20,77,AARTECH,EQ,17222,7622,44.26
20,78,AARTIDRUGS,EQ,262927,108707,41.34
20,79,AARTIIND,EQ,1268035,376082,29.66
20,80,AARTIPHARM,EQ,194483,121096,62.27
20,81,AARTISURF,EQ,180448,43795,24.27
20,82,AARTISURF,P1,16,16,100.00
20,83,AARVEEDEN,EQ,66574,37165,55.83
20,84,AARVI,EQ,19998,13629,68.15
20,85,AATMAJ,SM,18000,18000,100.00
20,86,AAVAS,EQ,323592,242372,74.90
20,87,ABB,EQ,293735,122226,41.61
20,88,ABBOTINDIA,EQ,12433,4353,35.01
20,89,ABCAPITAL,EQ,5601704,2084273,37.21
20,90,ABCOTS,SM,6000,6000,100.00
20,91,ABFL,N5,35,35,100.00
20,92,ABFRL,EQ,13447714,5138710,38.21
20,93,ABINFRA,SM,4000,4000,100.00
20,94,ABSLAMC,EQ,97058,56846,58.57
20,95,ABSLBANETF,EQ,746377,631278,84.58
20,96,ABSLLIQUID,EQ,1760,1727,98.13
20,97,ABSLNN50ET,EQ,10683,4920,46.05
20,98,ACC,EQ,213154,71377,33.49
20,99,ACCELYA,EQ,56789,30049,52.91
20,100,ACCENTMIC,SM,46000,32000,69.57
20,101,ACE,EQ,242757,104605,43.09
20,102,ACEINTEG,EQ,7476,4569,61.12
20,103,ACI,EQ,182757,61562,33.69
20,104,ACL,EQ,49482,26393,53.34
20,105,ACLGATI,EQ,263920,127788,48.42
20,106,ACSAL,SM,6000,3000,50.00
20,107,ADANIENSOL,EQ,5163858,3724402,72.12
20,108,ADANIENT,EQ,5807940,3864068,66.53
20,109,ADANIGREEN,EQ,9489231,7447370,78.48
20,110,ADANIPORTS,EQ,18373913,10189078,55.45
20,111,ADFFOODS,EQ,148295,60858,41.04
20,112,ADORWELD,EQ,11829,5957,50.36
20,113,ADSL,EQ,1335330,353179,26.45
20,114,ADVANIHOTR,EQ,818281,284340,34.75
20,115,ADVENZYMES,EQ,297704,176767,59.38
20,116,AEGISCHEM,EQ,337403,171025,50.69
20,117,AEROFLEX,EQ,967396,422906,43.72
20,118,AETHER,EQ,58508,29172,49.86
20,119,AFFLE,EQ,192595,86098,44.70
20,120,AGARIND,EQ,61429,14725,23.97
20,121,AGARWALFT,SM,24000,12000,50.00
20,122,AGI,EQ,172388,88922,51.58
20,123,AGNI,SM,200000,195000,97.50
20,124,AGRITECH,EQ,8205,4985,60.76
20,125,AGROPHOS,EQ,246505,116484,47.25
20,126,AGSTRA,EQ,784835,396348,50.50
20,127,AGUL,ST,10000,8000,80.00
20,128,AHL,EQ,66432,32095,48.31
20,129,AHLADA,EQ,175755,112309,63.90
20,130,AHLEAST,EQ,31004,19379,62.50
20,131,AHLUCONT,EQ,69722,55020,78.91
20,132,AIAENG,EQ,86109,57957,67.31
20,133,AILIMITED,SM,18000,12000,66.67
20,134,AIROLAM,EQ,4819,2205,45.76
20,135,AIRTELPP,E1,576023,317370,55.10
20,136,AISL,SM,2400,2400,100.00
20,137,AJANTPHARM,EQ,46861,30715,65.54
20,138,AJMERA,EQ,189833,42877,22.59
20,139,AKANKSHA,SM,418000,258000,61.72
20,140,AKG,EQ,188795,135823,71.94
20,141,AKSHARCHEM,EQ,11962,4551,38.05
20,142,AKZOINDIA,EQ,38062,27101,71.20
20,143,ALBERTDAVD,EQ,85617,35946,41.98
20,144,ALEMBICLTD,EQ,1293271,561558,43.42
20,145,ALICON,EQ,10700,4117,38.48
20,146,ALKALI,EQ,17638,12312,69.80
20,147,ALKEM,EQ,230011,99682,43.34
20,148,ALKYLAMINE,EQ,51334,23756,46.28
20,149,ALLCARGO,EQ,1921165,824223,42.90
20,150,ALLETEC,SM,29600,19200,64.86
20,151,ALLSEC,EQ,619747,208509,33.64
20,152,ALOKINDS,EQ,49794980,16973560,34.09
20,153,ALPA,EQ,77014,36078,46.85
20,154,ALPHAETF,EQ,26040,13953,53.58
20,155,ALPHAGEO,EQ,8767,5680,64.79
20,156,ALPL30IETF,EQ,64821,11198,17.28
20,157,ALPSINDUS,EQ,45210,34129,75.49
20,158,AMBANIORG,SM,7000,7000,100.00
20,159,AMBER,EQ,91123,25554,28.04
20,160,AMBICAAGAR,EQ,69596,41114,59.08
20,161,AMBIKCO,EQ,7564,4184,55.31
20,162,AMBUJACEM,EQ,3893697,1548572,39.77
20,163,AMEYA,SM,44000,42000,95.45
20,164,AMIABLE,SM,3200,3200,100.00
20,165,AMIORG,EQ,131786,76966,58.40
20,166,AMJLAND,EQ,100819,54955,54.51
20,167,AMNPLST,EQ,12724,7242,56.92
20,168,AMRUTANJAN,EQ,16012,10939,68.32
20,169,ANANDRATHI,EQ,118520,60501,51.05
20,170,ANANTRAJ,EQ,1356596,687515,50.68
20,171,ANDHRAPAP,EQ,270214,101057,37.40
20,172,ANDHRSUGAR,EQ,152792,82662,54.10
20,173,ANGELONE,EQ,843096,431243,51.15
20,174,ANLON,SM,2400,2400,100.00
20,175,ANMOL,EQ,1121950,475465,42.38
20,176,ANNAPURNA,SM,69000,43500,63.04
20,177,ANUP,EQ,9914,4730,47.71
20,178,ANURAS,EQ,64107,26301,41.03
20,179,APARINDS,EQ,145718,70081,48.09
20,180,APCL,EQ,10607,6162,58.09
20,181,APCOTEXIND,EQ,100682,55104,54.73
20,182,APEX,EQ,221877,51737,23.32
20,183,APLAPOLLO,EQ,459634,286970,62.43
20,184,APLLTD,EQ,633261,281462,44.45
20,185,APOLLOHOSP,EQ,435151,255594,58.74
20,186,APOLLOPIPE,EQ,78599,46088,58.64
20,187,APOLLOTYRE,EQ,1694554,479086,28.27
20,188,APOLSINHOT,EQ,8135,4370,53.72
20,189,APS,ST,644000,566000,87.89
20,190,APTECHT,EQ,274769,87413,31.81
20,191,APTUS,EQ,487166,224358,46.05
20,192,ARABIAN,SM,34000,30000,88.24
20,193,ARCHIES,EQ,163308,91910,56.28
20,194,ARE&M,EQ,396236,206497,52.11
20,195,ARENTERP,EQ,133882,60344,45.07
20,196,ARHAM,SM,26000,17000,65.38
20,197,ARIES,EQ,154669,61662,39.87
20,198,ARIHANTACA,SM,29600,18400,62.16
20,199,ARIHANTCAP,EQ,270497,181956,67.27
20,200,ARIHANTSUP,EQ,151461,60796,40.14
20,201,ARISTO,SM,8000,6400,80.00
20,202,ARMANFIN,EQ,25534,12412,48.61
20,203,AROGRANITE,EQ,145970,65971,45.19
20,204,ARROWGREEN,EQ,20898,7879,37.70
20,205,ARTEMISMED,EQ,69812,35656,51.07
20,206,ARVIND,EQ,883071,614666,69.61
20,207,ARVINDFASN,EQ,254710,74123,29.10
20,208,ARVSMART,EQ,61903,39684,64.11
20,209,ASAHIINDIA,EQ,646959,167966,25.96
20,210,ASAHISONG,EQ,8590,5901,68.70
20,211,ASAL,EQ,307760,143571,46.65
20,212,ASALCBR,EQ,82211,34964,42.53
20,213,ASCOM,ST,500,500,100.00
20,214,ASHAPURMIN,EQ,358325,218971,61.11
20,215,ASHIANA,EQ,92101,37268,40.46
20,216,ASHIMASYN,EQ,611517,354047,57.90
20,217,ASHOKA,EQ,2526353,807406,31.96
20,218,ASHOKLEY,EQ,10547781,4657024,44.15
20,219,ASIANENE,EQ,67793,44393,65.48
20,220,ASIANPAINT,EQ,2665932,1842381,69.11
20,221,ASIANTILES,EQ,860978,299042,34.73
20,222,ASKAUTOLTD,EQ,307128,148744,48.43
20,223,ASPINWALL,EQ,15144,7443,49.15
20,224,ASTEC,EQ,57345,37768,65.86
20,225,ASTERDM,EQ,461353,281510,61.02
20,226,ASTRAL,EQ,489460,234888,47.99
20,227,ASTRAMICRO,EQ,234253,90955,38.83
20,228,ASTRAZEN,EQ,4962,2540,51.19
20,229,ASTRON,EQ,283085,182746,64.56
20,230,ATAM,EQ,43934,30196,68.73
20,231,ATFL,EQ,27455,15174,55.27
20,232,ATGL,EQ,1122020,322059,28.70
20,233,ATL,EQ,1454480,871227,59.90
20,234,ATUL,EQ,52853,20381,38.56
20,235,ATULAUTO,EQ,98015,35325,36.04
20,236,AUBANK,EQ,2550245,988991,38.78
20,237,AURDIS,SM,4500,4500,100.00
20,238,AUROIMPEX,SM,48000,38400,80.00
20,239,AUROPHARMA,EQ,3035259,1781132,58.68
20,240,AURUM,EQ,290655,122555,42.17
20,241,AURUMPP,E1,27181,14722,54.16
20,242,AUSOMENT,EQ,26948,14779,54.84
20,243,AUTOAXLES,EQ,18618,8620,46.30
20,244,AUTOBEES,EQ,54482,28885,53.02
20,245,AUTOIETF,EQ,60412,17740,29.37
20,246,AUTOIND,EQ,108803,65608,60.30
20,247,AVADHSUGAR,EQ,46730,18403,39.38
20,248,AVALON,EQ,235395,169739,72.11
20,249,AVANTIFEED,EQ,897904,211120,23.51
20,250,AVG,EQ,124131,69490,55.98
20,251,AVONMORE,EQ,1125905,264371,23.48
20,252,AVROIND,EQ,38697,17313,44.74
20,253,AVTNPL,EQ,289528,151694,52.39
20,254,AWHCL,EQ,198060,54762,27.65
20,255,AWL,EQ,1215375,567456,46.69
20,256,AXISBANK,EQ,20884046,10475578,50.16
20,257,AXISBNKETF,EQ,6495,3481,53.60
20,258,AXISBPSETF,EQ,29318,17030,58.09
20,259,AXISCADES,EQ,53267,26138,49.07
20,260,AXISCETF,EQ,1474,1002,67.98
20,261,AXISGOLD,EQ,46334,30651,66.15
20,262,AXISHCETF,EQ,7581,4114,54.27
20,263,AXISILVER,EQ,8656,5539,63.99
20,264,AXISNIFTY,EQ,4583,3053,66.62
20,265,AXISTECETF,EQ,9316,7546,81.00
20,266,AXITA,EQ,2474932,1096105,44.29
20,267,AXSENSEX,EQ,3409,3122,91.58
20,268,AYMSYNTEX,EQ,73845,27111,36.71
20,269,AZAD,EQ,245282,108316,44.16
20,270,BABAFP,SM,44800,28800,64.29
20,271,BAHETI,SM,3750,3000,80.00
20,272,BAIDFIN,EQ,160088,85026,53.11
20,273,BAJAJ-AUTO,EQ,467134,206536,44.21
20,274,BAJAJCON,EQ,269212,134167,49.84
20,275,BAJAJELEC,EQ,49393,18559,37.57
20,276,BAJAJFINSV,EQ,1393463,819948,58.84
20,277,BAJAJHCARE,EQ,50150,22926,45.71
20,278,BAJAJHIND,EQ,8843048,4569259,51.67
20,279,BAJAJHLDNG,EQ,21964,6577,29.94
20,280,BAJEL,EQ,978234,588194,60.13
20,281,BAJFINANCE,EQ,2063675,1487622,72.09
20,282,BALAJITELE,EQ,569375,225824,39.66
20,283,BALAMINES,EQ,62033,21423,34.53
20,284,BALAXI,EQ,1132,796,70.32
20,285,BALKRISHNA,EQ,63608,26827,42.18
20,286,BALKRISIND,EQ,262223,103604,39.51
20,287,BALMLAWRIE,EQ,1463741,419045,28.63
20,288,BALPHARMA,EQ,23962,13448,56.12
20,289,BALRAMCHIN,EQ,1497692,410882,27.43
20,290,BANARBEADS,EQ,46759,26977,57.69
20,291,BANARISUG,EQ,494,347,70.24
20,292,BANCOINDIA,EQ,84877,40447,47.65
20,293,BANDHANBNK,EQ,11443782,5446047,47.59
20,294,BANKBARODA,EQ,36236660,20456459,56.45
20,295,BANKBEES,EQ,1669461,892536,53.46
20,296,BANKETF,EQ,11279,9309,82.53
20,297,BANKIETF,EQ,2313012,1555503,67.25
20,298,BANKINDIA,EQ,19268806,6460680,33.53
20,299,BANSWRAS,EQ,68434,40927,59.81
20,300,BARBEQUE,EQ,49713,26242,52.79
20,301,BASF,EQ,24331,17082,70.21
20,302,BASILIC,SM,68400,52800,77.19
20,303,BASML,EQ,227339,136079,59.86
20,304,BATAINDIA,EQ,212352,91799,43.23
20,305,BAYERCROP,EQ,24814,14455,58.25
20,306,BBETF0432,EQ,2884,2835,98.30
20,307,BBL,EQ,28013,9034,32.25
20,308,BBNPPGOLD,EQ,310075,309731,99.89
20,309,BBTC,EQ,325897,71596,21.97
20,310,BBTCL,EQ,5273,3189,60.48
20,311,BCG,EQ,27245467,9182778,33.70
20,312,BCLIND,EQ,2947984,1899299,64.43
20,313,BDL,EQ,1389186,318142,22.90
20,314,BECTORFOOD,EQ,100385,75994,75.70
20,315,BEDMUTHA,EQ,152264,89436,58.74
20,316,BEL,EQ,14742783,6615775,44.87
20,317,BEML,EQ,325588,112928,34.68
20,318,BEPL,EQ,631798,230881,36.54
20,319,BERGEPAINT,EQ,1093896,574580,52.53
20,320,BETA,SM,2400,2200,91.67
20,321,BEWLTD,SM,7375,5625,76.27
20,322,BFINVEST,EQ,50074,20115,40.17
20,323,BFSI,EQ,873544,540264,61.85
20,324,BFUTILITIE,EQ,149787,87186,58.21
20,325,BGRENERGY,EQ,1551868,122839,7.92
20,326,BHAGCHEM,EQ,7401,2939,39.71
20,327,BHAGERIA,EQ,14056,8528,60.67
20,328,BHAGYANGR,EQ,329967,144615,43.83
20,329,BHANDARI,EQ,686863,375781,54.71
20,330,BHARATFORG,EQ,495413,231914,46.81
20,331,BHARATGEAR,EQ,34342,17945,52.25
20,332,BHARATRAS,EQ,949,461,48.58
20,333,BHARTIARTL,EQ,9546592,6298149,65.97
20,334,BHEL,EQ,32560581,6896204,21.18
20,335,BIGBLOC,EQ,200226,86031,42.97
20,336,BIKAJI,EQ,148461,76966,51.84
20,337,BIOCON,EQ,4637208,2341043,50.48
20,338,BIOFILCHEM,EQ,21874,13165,60.19
20,339,BIRET,RR,436424,416607,95.46
20,340,BIRLACABLE,EQ,79442,33531,42.21
20,341,BIRLACORPN,EQ,81451,29994,36.82
20,342,BIRLAMONEY,EQ,271429,113638,41.87
20,343,BLAL,EQ,506597,176738,34.89
20,344,BLBLIMITED,EQ,1445408,772418,53.44
20,345,BLISSGVS,EQ,1354902,724886,53.50
20,346,BLKASHYAP,EQ,1974362,867251,43.93
20,347,BLS,EQ,4181903,826795,19.77
20,348,BLUEDART,EQ,14868,11042,74.27
20,349,BLUEJET,EQ,170039,116959,68.78
20,350,BLUESTARCO,EQ,370667,140365,37.87
20,351,BMETRICS,SM,2000,2000,100.00
20,352,BODALCHEM,EQ,572394,243441,42.53
20,353,BOMDYEING,EQ,11492580,6200501,53.95
20,354,BOROLTD,EQ,851179,274297,32.23
20,355,BORORENEW,EQ,12764648,1616005,12.66
20,356,BOSCHLTD,EQ,35408,14963,42.26
20,357,BPCL,EQ,7580656,4151259,54.76
20,358,BRIGADE,EQ,289320,117801,40.72
20,359,BRIGHT,ST,513000,513000,100.00
20,360,BRITANNIA,EQ,611741,380270,62.16
20,361,BRITANNIA,N3,5647,5415,95.89
20,362,BRNL,EQ,1642236,560122,34.11
20,363,BROOKS,EQ,40850,21689,53.09
20,364,BSE,EQ,1446052,671733,46.45
20,365,BSE500IETF,EQ,1233711,1068079,86.57
20,366,BSHSL,EQ,49535,39057,78.85
20,367,BSL,EQ,11244,7214,64.16
20,368,BSLGOLDETF,EQ,7838,3654,46.62
20,369,BSLNIFTY,EQ,271607,61082,22.49
20,370,BSLSENETFG,EQ,729,659,90.40
20,371,BSOFT,EQ,2691584,687179,25.53
20,372,BTML,EQ,98663,49859,50.53
20,373,BUTTERFLY,EQ,2788,1741,62.45
20,374,CADSYS,SM,18000,12000,66.67
20,375,CAMLINFINE,EQ,221813,109177,49.22
20,376,CAMPUS,EQ,287340,111780,38.90
20,377,CAMS,EQ,822067,654209,79.58
20,378,CANARYS,SM,44000,32000,72.73
20,379,CANBK,EQ,20807636,4968195,23.88
20,380,CANFINHOME,EQ,1339277,591812,44.19
20,381,CANTABIL,EQ,142833,62733,43.92
20,382,CAPACITE,EQ,1111528,397787,35.79
20,383,CAPLIPOINT,EQ,127749,48726,38.14
20,384,CAPTRUST,EQ,21881,8969,40.99
20,385,CARBORUNIV,EQ,720902,248216,34.43
20,386,CAREERP,EQ,64714,32399,50.06
20,387,CARERATING,EQ,52718,23578,44.72
20,388,CARTRADE,EQ,110033,51623,46.92
20,389,CARYSIL,EQ,323180,104464,32.32
20,390,CASTROLIND,EQ,1945438,645045,33.16
20,391,CBAZAAR,SM,40000,40000,100.00
20,392,CCHHL,EQ,589793,337234,57.18
20,393,CCL,EQ,107858,49223,45.64
20,394,CDSL,EQ,527580,169120,32.06
20,395,CEATLTD,EQ,537020,117853,21.95
20,396,CELLECOR,SM,139200,124800,89.66
20,397,CELLO,EQ,215536,122075,56.64
20,398,CELLPOINT,SM,52800,44400,84.09
20,399,CENTENKA,EQ,55502,27774,50.04
20,400,CENTEXT,EQ,3234800,1539965,47.61
20,401,CENTRALBK,EQ,38909793,10196384,26.21
20,402,CENTRUM,EQ,968442,379928,39.23
20,403,CENTUM,EQ,61701,40333,65.37
20,404,CENTURYPLY,EQ,139975,68112,48.66
20,405,CENTURYTEX,EQ,267320,128160,47.94
20,406,CERA,EQ,19911,10223,51.34
20,407,CESC,EQ,9592330,4434823,46.23
20,408,CGCL,EQ,341574,58381,17.09
20,409,CGPOWER,EQ,7680885,5314891,69.20
20,410,CHALET,EQ,247442,124997,50.52
20,411,CHAMBLFERT,EQ,2288403,633640,27.69
20,412,CHAVDA,SM,102000,60000,58.82
20,413,CHEMBOND,EQ,58950,47459,80.51
20,414,CHEMCON,EQ,38951,16156,41.48
20,415,CHEMFAB,EQ,11571,6447,55.72
20,416,CHEMPLASTS,EQ,66726,31375,47.02
20,417,CHENNPETRO,EQ,1023760,247231,24.15
20,418,CHEVIOT,EQ,4768,3640,76.34
20,419,CHOICEIN,EQ,574407,166252,28.94
20,420,CHOLAFIN,EQ,1810867,820638,45.32
20,421,CHOLAFIN,N4,289,289,100.00
20,422,CHOLAFIN,N6,55,55,100.00
20,423,CHOLAHLDNG,EQ,374942,226428,60.39
20,424,CIEINDIA,EQ,338476,182237,53.84
20,425,CIGNITITEC,EQ,213053,97949,45.97
20,426,CIPLA,EQ,1808713,767025,42.41
20,427,CLEAN,EQ,57192,27745,48.51
20,428,CLEDUCATE,EQ,156361,98168,62.78
20,429,CLOUD,SM,1764000,918000,52.04
20,430,CLSEL,EQ,75793,36730,48.46
20,431,CLSL,SM,22000,18000,81.82
20,432,CMNL,SM,315000,210000,66.67
20,433,CMRSL,SM,2400,2400,100.00
20,434,CMSINFO,EQ,1021199,391866,38.37
20,435,COALINDIA,EQ,22938994,12792170,55.77
20,436,COASTCORP,EQ,29498,17561,59.53
20,437,COCHINSHIP,EQ,3518987,658075,18.70
20,438,COFFEEDAY,EQ,3601485,943158,26.19
20,439,COFORGE,EQ,345532,152910,44.25
20,440,COLPAL,EQ,440368,200799,45.60
20,441,COMMITTED,SM,8000,8000,100.00
20,442,COMMOIETF,EQ,143765,56271,39.14
20,443,COMSYN,EQ,27047,18805,69.53
20,444,CONCOR,EQ,1124950,502491,44.67
20,445,CONCORDBIO,EQ,48065,24827,51.65
20,446,CONFIPET,EQ,837556,320844,38.31
20,447,CONSOFINVT,EQ,26270,15562,59.24
20,448,CONSUMBEES,EQ,18491,14876,80.45
20,449,CONSUMIETF,EQ,41194,39645,96.24
20,450,CONTI,SM,9999,9999,100.00
20,451,CONTROLPR,EQ,68236,27810,40.76
20,452,COOLCAPS,SM,3000,3000,100.00
20,453,CORDSCABLE,EQ,123588,73814,59.73
20,454,COROMANDEL,EQ,253621,129042,50.88
20,455,COSMOFIRST,EQ,65638,51161,77.94
20,456,CPS,SM,1200,1200,100.00
20,457,CPSEETF,EQ,3035680,1377282,45.37
20,458,CRAFTSMAN,EQ,24881,15761,63.35
20,459,CRAYONS,SM,59000,45000,76.27
20,460,CREATIVE,EQ,26072,10768,41.30
20,461,CREATIVEYE,EQ,46038,35538,77.19
20,462,CREDITACC,EQ,411522,263251,63.97
20,463,CREDITACC,N1,246,246,100.00
20,464,CREDITACC,N3,16,16,100.00
20,465,CREDITACC,N4,87,87,100.00
20,466,CREDITACC,N5,160,160,100.00
20,467,CREDITACC,N9,25,25,100.00
20,468,CREDITACC,ND,5402,5322,98.52
20,469,CREST,EQ,102808,39936,38.85
20,470,CRISIL,EQ,59229,36856,62.23
20,471,CROMPTON,EQ,2253437,1330647,59.05
20,472,CSBBANK,EQ,238236,135712,56.97
20,473,CSLFINANCE,EQ,83304,69003,82.83
20,474,CTE,EQ,51732,38815,75.03
20,475,CUB,EQ,3961629,1659200,41.88
20,476,CUMMINSIND,EQ,1066789,620965,58.21
20,477,CYBERMEDIA,EQ,189361,64198,33.90
20,478,CYBERTECH,EQ,153974,64543,41.92
20,479,CYIENT,EQ,656335,423768,64.57
20,480,CYIENTDLM,EQ,634505,324751,51.18
20,481,DABUR,EQ,914551,443186,48.46
20,482,DALBHARAT,EQ,710787,552615,77.75
20,483,DALMIASUG,EQ,51733,21494,41.55
20,484,DAMODARIND,EQ,48200,34757,72.11
20,485,DATAMATICS,EQ,153356,61834,40.32
20,486,DATAPATTNS,EQ,94735,35748,37.73
20,487,DBCORP,EQ,1335016,884680,66.27
20,488,DBL,EQ,515649,158391,30.72
20,489,DBOL,EQ,174898,101632,58.11
20,490,DBREALTY,EQ,2855421,1302584,45.62
20,491,DCAL,EQ,533653,188594,35.34
20,492,DCBBANK,EQ,3204954,1378336,43.01
20,493,DCI,EQ,27983,15422,55.11
20,494,DCM,EQ,40364,22614,56.03
20,495,DCMNVL,EQ,40476,24941,61.62
20,496,DCMSHRIRAM,EQ,188005,150912,80.27
20,497,DCMSRIND,EQ,286661,117961,41.15
20,498,DCW,EQ,3563271,1045750,29.35
20,499,DCXINDIA,EQ,1555900,806321,51.82
20,500,DECCANCE,EQ,9009,5536,61.45
20,501,DEEPAKFERT,EQ,360879,127467,35.32
20,502,DEEPAKNTR,EQ,135521,41150,30.36
20,503,DEEPENR,EQ,14507,10420,71.83
20,504,DEEPINDS,EQ,105358,49809,47.28
20,505,DELHIVERY,EQ,1914439,1452584,75.88
20,506,DELPHIFX,EQ,24554,16368,66.66
20,507,DELTACORP,EQ,5761208,1998038,34.68
20,508,DELTAMAGNT,EQ,6771,4929,72.80
20,509,DEN,EQ,4886295,1457805,29.83
20,510,DENEERS,SM,7200,6600,91.67
20,511,DENORA,EQ,67298,37473,55.68
20,512,DENTALKART,SM,8750,7250,82.86
20,513,DESTINY,SM,3000,3000,100.00
20,514,DEVYANI,EQ,1413443,548136,38.78
20,515,DGCONTENT,EQ,34744,25592,73.66
20,516,DHAMPURSUG,EQ,210727,69614,33.04
20,517,DHANBANK,EQ,9605191,4869617,50.70
20,518,DHANI,EQ,1168712,606493,51.89
20,519,DHANILOANS,N6,40,40,100.00
20,520,DHANILOANS,N7,125,125,100.00
20,521,DHANILOANS,N8,49,49,100.00
20,522,DHANILOANS,NF,346,336,97.11
20,523,DHANILOANS,NV,2,2,100.00
20,524,DHANILOANS,NW,1,1,100.00
20,525,DHANILOANS,Y5,12,12,100.00
20,526,DHANUKA,EQ,77634,39040,50.29
20,527,DHARMAJ,EQ,110691,69049,62.38
20,528,DHRUV,EQ,38163,16880,44.23
20,529,DHUNINV,EQ,2317,1229,53.04
20,530,DIAMINESQ,EQ,9345,5741,61.43
20,531,DIAMONDYD,EQ,84605,40544,47.92
20,532,DICIND,EQ,4410,2523,57.21
20,533,DIGIDRIVE,EQ,3514358,1618882,46.06
20,534,DIGIKORE,SM,12000,12000,100.00
20,535,DIGISPICE,EQ,298414,266069,89.16
20,536,DIL,EQ,972248,761643,78.34
20,537,DISHTV,EQ,43946692,11001180,25.03
20,538,DIVGIITTS,EQ,34040,20131,59.14
20,539,DIVISLAB,EQ,377660,216231,57.26
20,540,DIVOPPBEES,EQ,28768,18601,64.66
20,541,DIXON,EQ,323198,146651,45.37
20,542,DJML,EQ,11383,8367,73.50
20,543,DKEGL,SM,6000,6000,100.00
20,544,DLF,EQ,6963379,4041171,58.03
20,545,DLINKINDIA,EQ,91763,40313,43.93
20,546,DMART,EQ,316651,207502,65.53
20,547,DMCC,EQ,15420,9335,60.54
20,548,DODLA,EQ,55976,27714,49.51
20,549,DOLATALGO,EQ,146567,84792,57.85
20,550,DOLLAR,EQ,105178,53066,50.45
20,551,DOLLEX,SM,96000,64000,66.67
20,552,DOMS,EQ,46721,16085,34.43
20,553,DONEAR,EQ,136667,62134,45.46
20,554,DPABHUSHAN,EQ,18583,10911,58.71
20,555,DPSCLTD,EQ,9922888,5969957,60.16
20,556,DPWIRES,EQ,55185,27346,49.55
20,557,DREAMFOLKS,EQ,129869,63636,49.00
20,558,DREDGECORP,EQ,310535,73701,23.73
20,559,DRL,ST,9000,9000,100.00
20,560,DRONE,SM,35000,25000,71.43
20,561,DRREDDY,EQ,1048852,537907,51.29
20,562,DSPBANKETF,EQ,137873,129528,93.95
20,563,DSPGOLDETF,EQ,243149,240321,98.84
20,564,DSPITETF,EQ,4197,2623,62.50
20,565,DSPN50ETF,EQ,1054,619,58.73
20,566,DSPNEWETF,EQ,76886,76101,98.98
20,567,DSPPSBKETF,EQ,4540,2323,51.17
20,568,DSPPVBKETF,EQ,1184427,1113870,94.04
20,569,DSPQ50ETF,EQ,4727,2932,62.03
20,570,DSPSENXETF,EQ,422,215,50.95
20,571,DSPSILVETF,EQ,66572,65615,98.56
20,572,DSSL,EQ,18645,11966,64.18
20,573,DTIL,EQ,16446,7992,48.60
20,574,DUCOL,SM,20000,16800,84.00
20,575,DUGLOBAL,SM,7500,5000,66.67
20,576,DVL,EQ,694674,232900,33.53
20,577,DWARKESH,EQ,632823,274983,43.45
20,578,DYCL,EQ,47388,35977,75.92
20,579,DYNAMATECH,EQ,30807,10425,33.84
20,580,DYNAMIC,SM,16000,11000,68.75
20,581,DYNPRO,EQ,16572,11665,70.39
20,582,EASEMYTRIP,EQ,23855480,7259304,30.43
20,583,EBBETF0425,EQ,18109,17903,98.86
20,584,EBBETF0430,EQ,3907,3524,90.20
20,585,EBBETF0431,EQ,12448,11586,93.08
20,586,EBBETF0433,EQ,2587,1987,76.81
20,587,ECLERX,EQ,29228,11292,38.63
20,588,ECLFINANCE,NJ,196,196,100.00
20,589,ECLFINANCE,NK,259,259,100.00
20,590,ECLFINANCE,NR,227,202,88.99
20,591,ECLFINANCE,NS,455,455,100.00
20,592,EDELWEISS,EQ,4673865,1660666,35.53
20,593,EFACTOR,SM,30400,20800,68.42
20,594,EFORCE,SM,150000,126000,84.00
20,595,EGOLD,EQ,9945,9928,99.83
20,596,EICHERMOT,EQ,1318897,878277,66.59
20,597,EIDPARRY,EQ,1413237,286827,20.30
20,598,EIFFL,EQ,19710,15379,78.03
20,599,EIHAHOTELS,EQ,38218,11086,29.01
20,600,EIHOTEL,EQ,1689278,537730,31.83
20,601,EKC,EQ,583568,213077,36.51
20,602,ELDEHSG,EQ,3095,1630,52.67
20,603,ELECON,EQ,428513,135477,31.62
20,604,ELECTCAST,EQ,5473527,2769305,50.59
20,605,ELGIEQUIP,EQ,821274,342095,41.65
20,606,ELIN,EQ,215413,100608,46.70
20,607,EMAMILTD,EQ,1035664,801395,77.38
20,608,EMAMIPAP,EQ,44758,17590,39.30
20,609,EMBASSY,RR,468900,392591,83.73
20,610,EMIL,EQ,502374,381107,75.86
20,611,EMMBI,EQ,28040,14083,50.22
20,612,EMSLIMITED,EQ,282105,152880,54.19
20,613,EMUDHRA,EQ,154459,69607,45.07
20,614,ENDURANCE,EQ,126980,54480,42.90
20,615,ENGINERSIN,EQ,18637485,4283929,22.99
20,616,ENIL,EQ,277982,99317,35.73
20,617,EPIGRAL,EQ,121413,34654,28.54
20,618,EPL,EQ,667341,322280,48.29
20,619,EQUITASBNK,EQ,3568742,1822148,51.06
20,620,ERIS,EQ,187770,144346,76.87
20,621,EROSMEDIA,EQ,605407,438567,72.44
20,622,ESABINDIA,EQ,4914,3205,65.22
20,623,ESAFSFB,EQ,1287414,503241,39.09
20,624,ESCORTS,EQ,372671,219739,58.96
20,625,ESFL,SM,61200,49200,80.39
20,626,ESG,EQ,116928,109242,93.43
20,627,ESILVER,EQ,42408,38815,91.53
20,628,ESSARSHPNG,EQ,205813,124275,60.38
20,629,ESTER,EQ,173850,42288,24.32
20,630,ETHOSLTD,EQ,59595,35379,59.37
20,631,EUROBOND,SM,6000,5000,83.33
20,632,EUROTEXIND,EQ,9174,6433,70.12
20,633,EVEREADY,EQ,171114,79833,46.65
20,634,EVERESTIND,EQ,5687,2598,45.68
20,635,EXCELINDUS,EQ,26922,12928,48.02
20,636,EXIDEIND,EQ,4837038,1576263,32.59
20,637,EXPLEOSOL,EQ,22209,10238,46.10
20,638,EXXARO,EQ,104562,48081,45.98
20,639,FACT,EQ,588086,103737,17.64
20,640,FAIRCHEMOR,EQ,11649,3893,33.42
20,641,FAZE3Q,EQ,42218,21869,51.80
20,642,FCL,EQ,366914,139045,37.90
20,643,FCSSOFT,EQ,17489896,6184911,35.36
20,644,FDC,EQ,237181,71501,30.15
20,645,FEDERALBNK,EQ,18178107,9079922,49.95
20,646,FEDFINA,EQ,548141,250792,45.75
20,647,FELIX,SM,49000,31000,63.27
20,648,FIBERWEB,EQ,174399,111913,64.17
20,649,FIDEL,SM,9000,8000,88.89
20,650,FIEMIND,EQ,65969,32412,49.13
20,651,FILATEX,EQ,4336019,1513602,34.91
20,652,FINCABLES,EQ,171092,66176,38.68
20,653,FINEORG,EQ,13946,6152,44.11
20,654,FINIETF,EQ,518519,158078,30.49
20,655,FINOPB,EQ,632766,244744,38.68
20,656,FINPIPE,EQ,546612,188724,34.53
20,657,FIVESTAR,EQ,222700,128150,57.54
20,658,FLAIR,EQ,239962,125745,52.40
20,659,FLEXITUFF,EQ,6138,4704,76.64
20,660,FLUOROCHEM,EQ,43998,21353,48.53
20,661,FMCGIETF,EQ,43862,23673,53.97
20,662,FMGOETZE,EQ,82543,43814,53.08
20,663,FOCE,SM,200,200,100.00
20,664,FOCUS,EQ,208997,152773,73.10
20,665,FOODSIN,EQ,324409,132459,40.83
20,666,FORTIS,EQ,1092980,649904,59.46
20,667,FOSECOIND,EQ,776,361,46.52
20,668,FROG,SM,61200,44400,72.55
20,669,FSL,EQ,1675776,533052,31.81
20,670,FUSION,EQ,550456,402716,73.16
20,671,GABRIEL,EQ,163961,103841,63.33
20,672,GAEL,EQ,2258651,553362,24.50
20,673,GAIL,EQ,18968981,6157025,32.46
20,674,GALAXYSURF,EQ,29002,12090,41.69
20,675,GALLANTT,EQ,333753,187857,56.29
20,676,GANDHAR,EQ,576706,206489,35.80
20,677,GANDHITUBE,EQ,298352,49900,16.73
20,678,GANECOS,EQ,118352,64681,54.65
20,679,GANESHBE,EQ,244139,106898,43.79
20,680,GANESHHOUC,EQ,465085,219511,47.20
20,681,GANGESSECU,EQ,7576,5129,67.70
20,682,GARFIBRES,EQ,16314,7395,45.33
20,683,GATECHDVR,EQ,989563,570515,57.65
20,684,GATEWAY,EQ,3851234,3052567,79.26
20,685,GEECEE,EQ,15244,6838,44.86
20,686,GENESYS,EQ,131109,39664,30.25
20,687,GENUSPAPER,EQ,1722970,284727,16.53
20,688,GENUSPOWER,EQ,439457,233979,53.24
20,689,GEOJITFSL,EQ,5083187,1445093,28.43
20,690,GEPIL,EQ,355418,81384,22.90
20,691,GESHIP,EQ,297282,122954,41.36
20,692,GFLLIMITED,EQ,93735,58328,62.23
20,693,GHCL,EQ,90183,47001,52.12
20,694,GHCLTEXTIL,EQ,815315,560040,68.69
20,695,GICHSGFIN,EQ,773060,231981,30.01
20,696,GICL,SM,30000,30000,100.00
20,697,GICRE,EQ,7470027,1142435,15.29
20,698,GILLANDERS,EQ,187201,120612,64.43
20,699,GILLETTE,EQ,11329,7029,62.04
20,700,GILT5YBEES,EQ,302006,258471,85.58
20,701,GINNIFILA,EQ,168835,142377,84.33
20,702,GIPCL,EQ,1749975,598477,34.20
20,703,GIRIRAJ,ST,500,500,100.00
20,704,GLAND,EQ,331318,169728,51.23
20,705,GLAXO,EQ,195344,119118,60.98
20,706,GLENMARK,EQ,862176,302566,35.09
20,707,GLOBAL,EQ,456356,122937,26.94
20,708,GLOBALPET,SM,33000,22500,68.18
20,709,GLOBUSSPR,EQ,77819,37500,48.19
20,710,GLS,EQ,230019,102962,44.76
20,711,GMBREW,EQ,33141,14301,43.15
20,712,GMDCLTD,EQ,3266554,762316,23.34
20,713,GMMPFAUDLR,EQ,142616,97007,68.02
20,714,GMRINFRA,EQ,35773435,14755046,41.25
20,715,GMRP&UI,EQ,4393609,3218133,73.25
20,716,GNA,EQ,230547,80535,34.93
20,717,GNFC,EQ,605438,213822,35.32
20,718,GOACARBON,EQ,114792,36322,31.64
20,719,GOCLCORP,EQ,37234,13927,37.40
20,720,GOCOLORS,EQ,113293,88000,77.67
20,721,GODFRYPHLP,EQ,127210,43629,34.30
20,722,GODREJAGRO,EQ,95634,43417,45.40
20,723,GODREJCP,EQ,1406219,789952,56.18
20,724,GODREJIND,EQ,114895,37136,32.32
20,725,GODREJPROP,EQ,1032225,573493,55.56
20,726,GOKEX,EQ,180957,69186,38.23
20,727,GOKUL,EQ,253296,156894,61.94
20,728,GOKULAGRO,EQ,194140,111420,57.39
20,729,GOLDBEES,EQ,5830182,4983830,85.48
20,730,GOLDETF,EQ,36490,21672,59.39
20,731,GOLDIAM,EQ,300495,129998,43.26
20,732,GOLDIETF,EQ,360056,301585,83.76
20,733,GOLDSHARE,EQ,62898,43399,69.00
20,734,GOLDSTAR,ST,45000,45000,100.00
20,735,GOODLUCK,EQ,247997,160833,64.85
20,736,GOYALSALT,SM,18000,15000,83.33
20,737,GPIL,EQ,505749,310839,61.46
20,738,GPPL,EQ,3005522,1340820,44.61
20,739,GRANULES,EQ,1426986,327565,22.96
20,740,GRAPHISAD,SM,32400,24000,74.07
20,741,GRAPHITE,EQ,624734,174403,27.92
20,742,GRASIM,EQ,604130,273973,45.35
20,743,GRAVITA,EQ,625895,299170,47.80
20,744,GREAVESCOT,EQ,3118383,1091769,35.01
20,745,GREENCHEF,SM,18400,12000,65.22
20,746,GREENLAM,EQ,19068,8371,43.90
20,747,GREENPANEL,EQ,227198,92151,40.56
20,748,GREENPLY,EQ,193537,63093,32.60
20,749,GREENPOWER,EQ,7084835,4634585,65.42
20,750,GRINDWELL,EQ,23263,15751,67.71
20,751,GRINFRA,EQ,33320,20162,60.51
20,752,GRMOVER,EQ,314903,146622,46.56
20,753,GROBTEA,EQ,413,281,68.04
20,754,GRPLTD,EQ,486,323,66.46
20,755,GRSE,EQ,818922,167811,20.49
20,756,GRWRHITECH,EQ,40357,25270,62.62
20,757,GSEC10IETF,EQ,87,50,57.47
20,758,GSEC10YEAR,EQ,244,208,85.25
20,759,GSEC5IETF,EQ,7783,4995,64.18
20,760,GSFC,EQ,7477547,2058581,27.53
20,761,GSLSU,EQ,478431,160098,33.46
20,762,GSPL,EQ,3532358,1104964,31.28
20,763,GSS,EQ,62335,36462,58.49
20,764,GSTL,ST,9000,9000,100.00
20,765,GTLINFRA,EQ,165029594,65478139,39.68
20,766,GTPL,EQ,148189,69212,46.71
20,767,GUFICBIO,EQ,177942,72949,41.00
20,768,GUJALKALI,EQ,80512,23955,29.75
20,769,GUJAPOLLO,EQ,79711,38384,48.15
20,770,GUJGASLTD,EQ,1134846,392591,34.59
20,771,GULFOILLUB,EQ,120313,59883,49.77
20,772,GULPOLY,EQ,74436,39263,52.75
20,773,HAL,EQ,1330866,448802,33.72
20,774,HAPPSTMNDS,EQ,367748,119060,32.38
20,775,HAPPYFORGE,EQ,279815,198878,71.07
20,776,HARDWYN,EQ,478353,199168,41.64
20,777,HARIOMPIPE,EQ,107447,58582,54.52
20,778,HARSHA,EQ,188708,95644,50.68
20,779,HATHWAY,EQ,14994217,3831464,25.55
20,780,HATSUN,EQ,19889,11433,57.48
20,781,HAVELLS,EQ,1122451,409970,36.52
20,782,HBLPOWER,EQ,1543673,612056,39.65
20,783,HCC,EQ,103974453,37372615,35.94
20,784,HCG,EQ,103705,68998,66.53
20,785,HCL-INSYS,EQ,873717,570119,65.25
20,786,HCLTECH,EQ,2136023,1206124,56.47
20,787,HDFCAMC,EQ,401915,167164,41.59
20,788,HDFCBANK,EQ,43002202,27474718,63.89
20,789,HDFCBSE500,EQ,13569,6879,50.70
20,790,HDFCGOLD,EQ,219433,108267,49.34
20,791,HDFCGROWTH,EQ,6655,4235,63.64
20,792,HDFCLIFE,EQ,6144401,4092572,66.61
20,793,HDFCLIQUID,EQ,2200,2150,97.73
20,794,HDFCLOWVOL,EQ,8798,4577,52.02
20,795,HDFCMID150,EQ,159908,93170,58.26
20,796,HDFCMOMENT,EQ,51355,27948,54.42
20,797,HDFCNEXT50,EQ,29419,18224,61.95
20,798,HDFCNIF100,EQ,29698,21166,71.27
20,799,HDFCNIFBAN,EQ,88605,80858,91.26
20,800,HDFCNIFIT,EQ,4223,3246,76.86
20,801,HDFCNIFTY,EQ,40054,37033,92.46
20,802,HDFCPVTBAN,EQ,11552,9285,80.38
20,803,HDFCQUAL,EQ,6572,4412,67.13
20,804,HDFCSENSEX,EQ,2183,1812,83.01
20,805,HDFCSILVER,EQ,147209,101954,69.26
20,806,HDFCSML250,EQ,328359,263309,80.19
20,807,HDFCVALUE,EQ,9376,5611,59.84
20,808,HEADSUP,EQ,77274,51362,66.47
20,809,HEALTHIETF,EQ,33929,26923,79.35
20,810,HEALTHY,EQ,275900,173331,62.82
20,811,HEG,EQ,121586,27386,22.52
20,812,HEIDELBERG,EQ,298749,151522,50.72
20,813,HEMIPROP,EQ,1877710,759668,40.46
20,814,HERANBA,EQ,64133,26045,40.61
20,815,HERCULES,EQ,84453,45499,53.87
20,816,HERITGFOOD,EQ,820874,377806,46.02
20,817,HEROMOTOCO,EQ,596736,215167,36.06
20,818,HESTERBIO,EQ,3513,2348,66.84
20,819,HEUBACHIND,EQ,210430,96442,45.83
20,820,HEXATRADEX,EQ,16831,10186,60.52
20,821,HFCL,EQ,142518213,29553733,20.74
20,822,HGINFRA,EQ,75870,29461,38.83
20,823,HGS,EQ,129749,114748,88.44
20,824,HIGREEN,SM,38400,20800,54.17
20,825,HIKAL,EQ,166082,78291,47.14
20,826,HIL,EQ,11111,6341,57.07
20,827,HILTON,EQ,152175,41837,27.49
20,828,HIMATSEIDE,EQ,356609,156935,44.01
20,829,HINDALCO,EQ,8619429,3475164,40.32
20,830,HINDCOMPOS,EQ,9129,3749,41.07
20,831,HINDCOPPER,EQ,15640330,5536429,35.40
20,832,HINDMOTORS,EQ,1690393,1002545,59.31
20,833,HINDOILEXP,EQ,1399877,500546,35.76
20,834,HINDPETRO,EQ,6059348,2738999,45.20
20,835,HINDUNILVR,EQ,1551469,974841,62.83
20,836,HINDWAREAP,EQ,50218,24993,49.77
20,837,HINDZINC,EQ,420648,220555,52.43
20,838,HIRECT,EQ,14164,7522,53.11
20,839,HISARMETAL,EQ,1477,934,63.24
20,840,HITECH,EQ,609511,318969,52.33
20,841,HITECHCORP,EQ,15782,10515,66.63
20,842,HITECHGEAR,EQ,8108,4245,52.36
20,843,HLEGLAS,EQ,53922,20349,37.74
20,844,HLVLTD,EQ,7021711,2693016,38.35
20,845,HMAAGRO,EQ,486823,360245,74.00
20,846,HMVL,EQ,128199,56709,44.24
20,847,HNDFDS,EQ,68408,27104,39.62
20,848,HNGSNGBEES,EQ,564634,498573,88.30
20,849,HOMEFIRST,EQ,176320,99954,56.69
20,850,HONASA,EQ,422307,181655,43.01
20,851,HONAUT,EQ,10361,6522,62.95
20,852,HONDAPOWER,EQ,10387,5176,49.83
20,853,HPAL,EQ,844914,288705,34.17
20,854,HPL,EQ,240207,161437,67.21
20,855,HRHNEXT,SM,105000,66000,62.86
20,856,HTMEDIA,EQ,1138141,428451,37.64
20,857,HUBTOWN,EQ,259225,259225,100.00
20,858,HUDCO,EQ,46968738,8948851,19.05
20,859,HUDCO,N2,1754,1704,97.15
20,860,HUDCO,N8,180,180,100.00
20,861,HUDCO,NB,25,25,100.00
20,862,HUDCO,ND,101,101,100.00
20,863,HUDCO,NE,525,500,95.24
20,864,HUHTAMAKI,EQ,160295,84874,52.95
20,865,IBLFL,ST,192000,192000,100.00
20,866,IBREALEST,EQ,13077228,3465115,26.50
20,867,IBUCCREDIT,NB,6,6,100.00
20,868,IBUCCREDIT,NH,20,20,100.00
20,869,IBUCCREDIT,NO,308,308,100.00
20,870,IBULHSG,N2,32,31,96.88
20,871,IBULHSG,NV,6,6,100.00
20,872,IBULHSG,Y5,10,10,100.00
20,873,IBULHSG,YA,50,50,100.00
20,874,IBULHSG,YM,5,5,100.00
20,875,IBULHSGFIN,AB,110,110,100.00
20,876,IBULHSGFIN,AC,40,20,50.00
20,877,IBULHSGFIN,AX,100,100,100.00
20,878,IBULHSGFIN,EQ,11167400,4409804,39.49
20,879,IBULHSGFIN,N0,11,11,100.00
20,880,IBULHSGFIN,N9,50,50,100.00
20,881,IBULHSGFIN,NA,140,140,100.00
20,882,IBULHSGFIN,NE,100,100,100.00
20,883,IBULHSGFIN,NQ,20,20,100.00
20,884,IBULHSGFIN,YC,445,445,100.00
20,885,IBULHSGFIN,YT,478,400,83.68
20,886,IBULHSGFIN,Z9,156,151,96.79
20,887,IBULHSGFIN,ZN,4,4,100.00
20,888,IBULHSGFIN,ZY,18,18,100.00
20,889,ICEMAKE,EQ,33529,14454,43.11
20,890,ICICIB22,EQ,1446508,1247250,86.22
20,891,ICICIBANK,EQ,34578943,23014320,66.56
20,892,ICICIGI,EQ,594375,256698,43.19
20,893,ICICIPRULI,EQ,3536528,2514165,71.09
20,894,ICIL,EQ,280924,106759,38.00
20,895,ICRA,EQ,7360,4869,66.15
20,896,IDBI,EQ,123793708,24170875,19.53
20,897,IDEA,EQ,432651784,52313693,12.09
20,898,IDEAFORGE,EQ,613203,306795,50.03
20,899,IDFC,EQ,8804642,3917026,44.49
20,900,IDFCFIRSTB,EQ,85088545,43926219,51.62
20,901,IDFNIFTYET,EQ,201,177,88.06
20,902,IEX,EQ,15785141,5990002,37.95
20,903,IFBAGRO,EQ,12117,2921,24.11
20,904,IFBIND,EQ,1081990,147039,13.59
20,905,IFCI,EQ,130159101,35431512,27.22
20,906,IFCI,NH,651,651,100.00
20,907,IFGLEXPOR,EQ,42776,36390,85.07
20,908,IGARASHI,EQ,53266,23527,44.17
20,909,IGL,EQ,1917668,761913,39.73
20,910,IGPL,EQ,17102,8881,51.93
20,911,IIFCL,N4,153,153,100.00
20,912,IIFL,EQ,955540,563365,58.96
20,913,IIFL,N6,13,12,92.31
20,914,IIFL,NE,242,242,100.00
20,915,IIFL,NF,2616,2386,91.21
20,916,IIFL,NN,3,3,100.00
20,917,IIFL,NO,1107,1015,91.69
20,918,IIFL,NP,50,50,100.00
20,919,IIFL,NR,1002,1002,100.00
20,920,IIFL,NS,434,378,87.10
20,921,IIFL,NT,1,1,100.00
20,922,IIFL,NU,500,500,100.00
20,923,IIFL,NV,195,195,100.00
20,924,IIFL,NZ,482,482,100.00
20,925,IIFL,Y0,1,1,100.00
20,926,IIFLSAMFIN,N1,10,10,100.00
20,927,IIFLSAMFIN,N3,74,74,100.00
20,928,IIFLSAMFIN,N4,50,50,100.00
20,929,IIFLSAMFIN,N5,100,100,100.00
20,930,IIFLSEC,EQ,1615043,845861,52.37
20,931,IIHFL,N4,10,10,100.00
20,932,IIHFL,N5,1147,1145,99.83
20,933,IIHFL,N7,1199,762,63.55
20,934,IIHFL,N8,350,250,71.43
20,935,IKIO,EQ,362055,135314,37.37
20,936,IMAGICAA,EQ,4144366,1668234,40.25
20,937,IMC1,N0,20,10,50.00
20,938,IMC1,N1,10,10,100.00
20,939,IMC1,N2,10,10,100.00
20,940,IMC1,N3,20,10,50.00
20,941,IMFA,EQ,190229,106736,56.11
20,942,IMPAL,EQ,5643,2912,51.60
20,943,INCREDFIN,N2,2,2,100.00
20,944,INCREDFIN,N4,347,347,100.00
20,945,INDBANK,EQ,740202,349460,47.21
20,946,INDHOTEL,EQ,2754783,1298332,47.13
20,947,INDIACEM,EQ,3458460,1064854,30.79
20,948,INDIAGLYCO,EQ,140685,55935,39.76
20,949,INDIAMART,EQ,201678,61868,30.68
20,950,INDIANB,EQ,4682160,1862172,39.77
20,951,INDIANCARD,EQ,36528,20366,55.75
20,952,INDIANHUME,EQ,99584,69912,70.20
20,953,INDIASHLTR,EQ,158332,51353,32.43
20,954,INDIFRA,SM,74000,52000,70.27
20,955,INDIGO,EQ,1244427,963957,77.46
20,956,INDIGOPNTS,EQ,42831,20905,48.81
20,957,INDIGRID,IV,294041,290545,98.81
20,958,INDIGRID,NB,276,176,63.77
20,959,INDIGRID,ND,150,100,66.67
20,960,INDIGRID,NJ,495,395,79.80
20,961,INDNIPPON,EQ,159545,55006,34.48
20,962,INDOAMIN,EQ,415862,194778,46.84
20,963,INDOBORAX,EQ,72355,29651,40.98
20,964,INDOCO,EQ,155955,58570,37.56
20,965,INDORAMA,EQ,295738,128313,43.39
20,966,INDOTECH,EQ,31982,17940,56.09
20,967,INDOTHAI,EQ,59670,26182,43.88
20,968,INDSWFTLAB,EQ,107524,52324,48.66
20,969,INDSWFTLTD,EQ,20863,18014,86.34
20,970,INDTERRAIN,EQ,159606,91674,57.44
20,971,INDUSINDBK,EQ,9155544,6045160,66.03
20,972,INDUSTOWER,EQ,45883653,13091801,28.53
20,973,INFIBEAM,EQ,103221552,24117016,23.36
20,974,INFINIUM,SM,7000,7000,100.00
20,975,INFOBEAN,EQ,139491,52663,37.75
20,976,INFOLLION,SM,4000,4000,100.00
20,977,INFRABEES,EQ,7087,4315,60.89
20,978,INFRAIETF,EQ,235797,176519,74.86
20,979,INFY,EQ,8999681,6345346,70.51
20,980,INGERRAND,EQ,18352,8834,48.14
20,981,INNOVACAP,EQ,130040,57445,44.17
20,982,INNOVANA,SM,5000,4800,96.00
20,983,INNOVATIVE,ST,78000,69000,88.46
20,984,INOXGREEN,EQ,1451436,840912,57.94
20,985,INOXINDIA,EQ,314467,145613,46.30
20,986,INOXWIND,EQ,777195,437906,56.34
20,987,INSECTICID,EQ,20105,13999,69.63
20,988,INSPIRE,SM,18000,18000,100.00
20,989,INTELLECT,EQ,480174,178318,37.14
20,990,INTENTECH,EQ,268199,158125,58.96
20,991,INTLCONV,EQ,460824,146612,31.82
20,992,IOB,EQ,50123032,11581090,23.11
20,993,IOC,EQ,40122151,12855329,32.04
20,994,IOLCP,EQ,203763,81836,40.16
20,995,IONEXCHANG,EQ,258973,145686,56.26
20,996,IPCALAB,EQ,326644,160958,49.28
20,997,IPL,EQ,4291201,441542,10.29
20,998,IPSL,SM,24000,23000,95.83
20,999,IRB,EQ,29902836,9425873,31.52
20,1000,IRBINVIT,IV,289921,243774,84.08
20,1001,IRCON,EQ,62497168,10167403,16.27
20,1002,IRCTC,EQ,8909650,2023371,22.71
20,1003,IREDA,EQ,73799763,20195317,27.37
20,1004,IREDA,N1,46,46,100.00
20,1005,IREDA,N2,23,16,69.57
20,1006,IREDA,N5,96,96,100.00
20,1007,IREDA,N7,859,739,86.03
20,1008,IRFC,EQ,198113352,41845861,21.12
20,1009,IRFC,N2,18,9,50.00
20,1010,IRFC,N4,209,109,52.15
20,1011,IRFC,N7,18,18,100.00
20,1012,IRFC,N9,1519,1149,75.64
20,1013,IRFC,NA,160,160,100.00
20,1014,IRFC,ND,500,500,100.00
20,1015,IRFC,NE,85,75,88.24
20,1016,IRFC,NI,77,77,100.00
20,1017,IRFC,NJ,371,369,99.46
20,1018,IRFC,NK,8,8,100.00
20,1019,IRFC,NN,200,200,100.00
20,1020,IRFC,NO,38,10,26.32
20,1021,IRIS,EQ,35405,20316,57.38
20,1022,IRISDOREME,EQ,159110,38932,24.47
20,1023,IRMENERGY,EQ,162625,87070,53.54
20,1024,ISEC,EQ,739339,484311,65.51
20,1025,ISFT,EQ,199021,90135,45.29
20,1026,ISGEC,EQ,194028,127899,65.92
20,1027,ISHAN,ST,168000,121600,72.38
20,1028,ISMTLTD,EQ,770040,265800,34.52
20,1029,ITBEES,EQ,3667414,2363141,64.44
20,1030,ITC,EQ,21626183,14016786,64.81
20,1031,ITDC,EQ,506595,91478,18.06
20,1032,ITDCEM,EQ,766723,342812,44.71
20,1033,ITETF,EQ,30213,17333,57.37
20,1034,ITI,EQ,3992944,590642,14.79
20,1035,ITIETF,EQ,342276,200166,58.48
20,1036,IVZINGOLD,EQ,38,14,36.84
20,1037,JAGRAN,EQ,270186,100064,37.04
20,1038,JAGSNPHARM,EQ,25316,9187,36.29
20,1039,JAICORPLTD,EQ,535093,192170,35.91
20,1040,JAINAM,SM,4000,4000,100.00
20,1041,JAIPURKURT,EQ,23811,20807,87.38
20,1042,JALAN,ST,6000,6000,100.00
20,1043,JAMNAAUTO,EQ,1125181,476881,42.38
20,1044,JASH,EQ,20994,12411,59.12
20,1045,JAYAGROGN,EQ,43535,26642,61.20
20,1046,JAYBARMARU,EQ,444356,230118,51.79
20,1047,JAYNECOIND,EQ,383320,298934,77.99
20,1048,JAYSREETEA,EQ,71335,28663,40.18
20,1049,JBCHEPHARM,EQ,174394,86806,49.78
20,1050,JBMA,EQ,100742,41443,41.14
20,1051,JCHAC,EQ,21614,8506,39.35
20,1052,JETFREIGHT,EQ,318887,222601,69.81
20,1053,JFLLIFE,SM,8000,6000,75.00
20,1054,JHS,EQ,1202010,712667,59.29
20,1055,JINDALPHOT,EQ,7473,4400,58.88
20,1056,JINDALPOLY,EQ,23233,13360,57.50
20,1057,JINDALSAW,EQ,1478543,709116,47.96
20,1058,JINDALSTEL,EQ,2874944,1255475,43.67
20,1059,JINDRILL,EQ,57932,15538,26.82
20,1060,JINDWORLD,EQ,426338,251047,58.88
20,1061,JIOFIN,EQ,15276800,9089095,59.50
20,1062,JISLDVREQS,EQ,89346,60595,67.82
20,1063,JISLJALEQS,EQ,4383237,1689866,38.55
20,1064,JIWANRAM,SM,36000,36000,100.00
20,1065,J&KBANK,EQ,5726022,2120245,37.03
20,1066,JKCEMENT,EQ,475953,230335,48.39
20,1067,JKIL,EQ,169646,65023,38.33
20,1068,JKLAKSHMI,EQ,254486,164447,64.62
20,1069,JKPAPER,EQ,1434929,737110,51.37
20,1070,JKTYRE,EQ,2279926,896842,39.34
20,1071,JLHL,EQ,56871,49441,86.94
20,1072,JMA,EQ,42112,26003,61.75
20,1073,JMFINANCIL,EQ,5839590,1844078,31.58
20,1074,JOCIL,EQ,10623,5461,51.41
20,1075,JPASSOCIAT,EQ,13579166,7670620,56.49
20,1076,JPOLYINVST,EQ,3626,1660,45.78
20,1077,JPPOWER,EQ,59726528,27930320,46.76
20,1078,JSL,EQ,7251008,4977162,68.64
20,1079,JSLL,ST,426240,419400,98.40
20,1080,JSWENERGY,EQ,6192346,1890738,30.53
20,1081,JSWHL,EQ,5719,2478,43.33
20,1082,JSWINFRA,EQ,2322967,1062149,45.72
20,1083,JSWSTEEL,EQ,1490515,446124,29.93
20,1084,JTEKTINDIA,EQ,406652,164482,40.45
20,1085,JTLIND,EQ,1893522,947080,50.02
20,1086,JUBLFOOD,EQ,4201628,2866143,68.22
20,1087,JUBLINDS,EQ,7955,4698,59.06
20,1088,JUBLINGREA,EQ,213374,109760,51.44
20,1089,JUBLPHARMA,EQ,449982,210905,46.87
20,1090,JUNIORBEES,EQ,131762,79688,60.48
20,1091,JUSTDIAL,EQ,145023,48451,33.41
20,1092,JWL,EQ,2524882,959686,38.01
20,1093,JYOTHYLAB,EQ,2250831,1084116,48.17
20,1094,JYOTICNC,EQ,1671073,393127,23.53
20,1095,JYOTISTRUC,EQ,4722917,3605714,76.35
20,1096,KABRAEXTRU,EQ,25669,10464,40.77
20,1097,KAJARIACER,EQ,183461,116568,63.54
20,1098,KAKATCEM,EQ,25772,13415,52.05
20,1099,KALAMANDIR,EQ,468174,265306,56.67
20,1100,KALYANKJIL,EQ,2124510,1341820,63.16
20,1101,KAMATHOTEL,EQ,228862,83765,36.60
20,1102,KAMDHENU,EQ,402864,161504,40.09
20,1103,KAMOPAINTS,EQ,1537596,865812,56.31
20,1104,KANANIIND,EQ,803069,523233,65.15
20,1105,KANDARP,SM,24000,24000,100.00
20,1106,KANORICHEM,EQ,68546,32071,46.79
20,1107,KANPRPLA,EQ,11100,7769,69.99
20,1108,KANSAINER,EQ,350321,271918,77.62
20,1109,KARNIKA,SM,8000,8000,100.00
20,1110,KARURVYSYA,EQ,5051670,2357877,46.68
20,1111,KAYA,EQ,24004,17550,73.11
20,1112,KAYNES,EQ,226264,119427,52.78
20,1113,KBCGLOBAL,EQ,6799712,3265427,48.02
20,1114,KCEIL,SM,186000,134000,72.04
20,1115,KCK,SM,88000,68000,77.27
20,1116,KCP,EQ,524885,134257,25.58
20,1117,KDDL,EQ,12322,6960,56.48
20,1118,KDL,SM,2000,2000,100.00
20,1119,KEC,EQ,207490,81888,39.47
20,1120,KECL,EQ,365528,140365,38.40
20,1121,KEI,EQ,1351575,276040,20.42
20,1122,KEL,SM,37200,31200,83.87
20,1123,KELLTONTEC,EQ,1175862,368472,31.34
20,1124,KESORAMIND,EQ,1294626,547082,42.26
20,1125,KEYFINSERV,EQ,16951,5111,30.15
20,1126,KFINTECH,EQ,506418,279601,55.21
20,1127,KHAICHEM,EQ,682315,324901,47.62
20,1128,KHAITANLTD,EQ,47452,24213,51.03
20,1129,KHANDSE,EQ,20382,9965,48.89
20,1130,KHFM,SM,12400,3100,25.00
20,1131,KICL,EQ,3956,1756,44.39
20,1132,KILITCH,EQ,17428,15219,87.32
20,1133,KIMS,EQ,67135,33633,50.10
20,1134,KINGFA,EQ,2785,1573,56.48
20,1135,KIOCL,EQ,243948,72853,29.86
20,1136,KIRIINDUS,EQ,196131,116862,59.58
20,1137,KIRLOSBROS,EQ,94496,76452,80.91
20,1138,KIRLOSENG,EQ,222743,108063,48.51
20,1139,KIRLOSIND,EQ,2221,1200,54.03
20,1140,KIRLPNU,EQ,196702,78681,40.00
20,1141,KITEX,EQ,112838,45984,40.75
20,1142,KKCL,EQ,40519,22239,54.89
20,1143,KLL,SM,160000,118400,74.00
20,1144,KMSUGAR,EQ,374107,220298,58.89
20,1145,KNAGRI,SM,41600,23200,55.77
20,1146,KNRCON,EQ,725512,317108,43.71
20,1147,KODYTECH,SM,30400,20800,68.42
20,1148,KOKUYOCMLN,EQ,42920,28035,65.32
20,1149,KOLTEPATIL,EQ,1033823,142296,13.76
20,1150,KONTOR,SM,10800,9600,88.89
20,1151,KOPRAN,EQ,261786,98016,37.44
20,1152,KORE,SM,3500,2500,71.43
20,1153,KOTAKALPHA,EQ,386039,253006,65.54
20,1154,KOTAKBANK,EQ,3268351,1826422,55.88
20,1155,KOTAKBKETF,EQ,3898154,3788631,97.19
20,1156,KOTAKCONS,EQ,2866,588,20.52
20,1157,KOTAKGOLD,EQ,224696,210071,93.49
20,1158,KOTAKIT,EQ,33151,22418,67.62
20,1159,KOTAKLIQ,EQ,3138,2013,64.15
20,1160,KOTAKLOVOL,EQ,2671084,2664688,99.76
20,1161,KOTAKMID50,EQ,15783,7346,46.54
20,1162,KOTAKMNC,EQ,5119,3654,71.38
20,1163,KOTAKNIFTY,EQ,17940,11181,62.32
20,1164,KOTAKNV20,EQ,11593,7294,62.92
20,1165,KOTAKPSUBK,EQ,32368,13115,40.52
20,1166,KOTAKSILVE,EQ,6869,5468,79.60
20,1167,KOTARISUG,EQ,332440,143114,43.05
20,1168,KOTHARIPET,EQ,84419,32116,38.04
20,1169,KOTHARIPRO,EQ,24191,13346,55.17
20,1170,KOTYARK,SM,10800,8200,75.93
20,1171,KPIGREEN,EQ,238305,110645,46.43
20,1172,KPIL,EQ,161171,86315,53.55
20,1173,KPITTECH,EQ,362720,171492,47.28
20,1174,KPRMILL,EQ,168650,66643,39.52
20,1175,KRBL,EQ,308968,190313,61.60
20,1176,KREBSBIO,EQ,6314,4080,64.62
20,1177,KRISHANA,EQ,21415,14526,67.83
20,1178,KRISHCA,SM,45500,34000,74.73
20,1179,KRISHIVAL,SM,500,500,100.00
20,1180,KRISHNADEF,SM,20000,17000,85.00
20,1181,KRITI,EQ,118144,45623,38.62
20,1182,KRITINUT,EQ,86996,48419,55.66
20,1183,KRSNAA,EQ,96916,50343,51.94
20,1184,KSB,EQ,134745,37911,28.14
20,1185,KSCL,EQ,85754,43221,50.40
20,1186,KSL,EQ,130501,46767,35.84
20,1187,KSOLVES,EQ,24697,12805,51.85
20,1188,KTKBANK,EQ,8337486,2527311,30.31
20,1189,KUANTUM,EQ,98914,47558,48.08
20,1190,LAGNAM,EQ,9346,6094,65.20
20,1191,LAL,EQ,14222,8980,63.14
20,1192,LALPATHLAB,EQ,239525,136079,56.81
20,1193,LAMBODHARA,EQ,14743,7782,52.78
20,1194,LANDMARK,EQ,64139,25303,39.45
20,1195,LAOPALA,EQ,124212,44789,36.06
20,1196,LASA,EQ,181948,115505,63.48
20,1197,LATENTVIEW,EQ,490355,119591,24.39
20,1198,LATTEYS,EQ,352891,177433,50.28
20,1199,LAURUSLABS,EQ,3486729,1163232,33.36
20,1200,LAXMICOT,EQ,60374,35022,58.01
20,1201,LAXMIMACH,EQ,4904,2819,57.48
20,1202,LEMERITE,SM,20800,17600,84.62
20,1203,LEMONTREE,EQ,8852006,4080721,46.10
20,1204,LFIC,EQ,3439,2665,77.49
20,1205,LGBBROSLTD,EQ,32700,12722,38.91
20,1206,LGBFORGE,EQ,192968,117904,61.10
20,1207,LIBAS,EQ,129904,86275,66.41
20,1208,LIBERTSHOE,EQ,777371,210285,27.05
20,1209,LICHSGFIN,EQ,1503671,681298,45.31
20,1210,LICI,EQ,3503761,1190432,33.98
20,1211,LICMFGOLD,EQ,168,127,75.60
20,1212,LICNETFGSC,EQ,11052,8616,77.96
20,1213,LICNETFN50,EQ,403,243,60.30
20,1214,LICNETFSEN,EQ,1134,118,10.41
20,1215,LICNFNHGP,EQ,2926,633,21.63
20,1216,LIKHITHA,EQ,187390,100817,53.80
20,1217,LINC,EQ,13249,6883,51.95
20,1218,LINCOLN,EQ,80609,55850,69.29
20,1219,LINDEINDIA,EQ,33502,19655,58.67
20,1220,LIQUID,EQ,130765,109575,83.80
20,1221,LIQUIDBEES,EQ,2614826,1656577,63.35
20,1222,LIQUIDCASE,EQ,437765,434246,99.20
20,1223,LIQUIDETF,EQ,963442,741308,76.94
20,1224,LIQUIDIETF,EQ,1532737,897818,58.58
20,1225,LIQUIDSBI,EQ,728,637,87.50
20,1226,LLOYDS,SM,6000,6000,100.00
20,1227,LLOYDSENGG,EQ,7566943,5453858,72.07
20,1228,LLOYDSME,EQ,368241,173990,47.25
20,1229,LODHA,EQ,1124885,747620,66.46
20,1230,LOKESHMACH,EQ,37486,16924,45.15
20,1231,LORDSCHLO,EQ,166921,67173,40.24
20,1232,LOTUSEYE,EQ,19822,13472,67.96
20,1233,LOVABLE,EQ,25703,17349,67.50
20,1234,LOWVOL,EQ,163,154,94.48
20,1235,LOWVOLIETF,EQ,462887,443628,95.84
20,1236,LOYALTEX,EQ,1480,827,55.88
20,1237,LPDC,EQ,853267,451178,52.88
20,1238,LRRPL,SM,3000,3000,100.00
20,1239,LT,EQ,3711521,2731075,73.58
20,1240,L&TFH,EQ,9499033,2931906,30.87
20,1241,L&TFIN,N1,365,251,68.77
20,1242,L&TFIN,NF,5,5,100.00
20,1243,L&TFIN,NJ,11,11,100.00
20,1244,L&TFIN,NN,1,1,100.00
20,1245,LTFOODS,EQ,1560210,787956,50.50
20,1246,LTGILTBEES,EQ,602135,534807,88.82
20,1247,LTIM,EQ,729576,456923,62.63
20,1248,LTTS,EQ,169344,67763,40.01
20,1249,LUMAXIND,EQ,8834,4352,49.26
20,1250,LUMAXTECH,EQ,149163,68096,45.65
20,1251,LUPIN,EQ,1054529,336544,31.91
20,1252,LUXIND,EQ,25371,11924,47.00
20,1253,LXCHEM,EQ,515125,188510,36.60
20,1254,MAANALU,EQ,90537,67010,74.01
20,1255,MADHAVBAUG,SM,4000,3600,90.00
20,1256,MADHUSUDAN,SM,8000,8000,100.00
20,1257,MADRASFERT,EQ,2064430,469336,22.73
20,1258,MAFANG,EQ,1045626,828224,79.21
20,1259,MAGADSUGAR,EQ,16561,8286,50.03
20,1260,MAGNUM,EQ,254143,140079,55.12
20,1261,MAGSON,SM,8000,6000,75.00
20,1262,MAHABANK,EQ,59229750,19626850,33.14
20,1263,MAHAPEXLTD,EQ,7399,2531,34.21
20,1264,MAHASTEEL,EQ,94293,40628,43.09
20,1265,MAHEPC,EQ,2752750,479831,17.43
20,1266,MAHESHWARI,EQ,24435,12081,49.44
20,1267,MAHICKRA,SM,28500,24000,84.21
20,1268,MAHKTECH,EQ,2658088,1750937,65.87
20,1269,MAHLIFE,EQ,219169,127457,58.15
20,1270,MAHLOG,EQ,192218,76091,39.59
20,1271,MAHSCOOTER,EQ,4655,2478,53.23
20,1272,MAHSEAMLES,EQ,126843,77813,61.35
20,1273,MAITHANALL,EQ,102294,45788,44.76
20,1274,MAITREYA,SM,8000,8000,100.00
20,1275,MAKEINDIA,EQ,5122,2724,53.18
20,1276,MAKS,ST,16500,13500,81.82
20,1277,MAL,SM,12800,9600,75.00
20,1278,MALLCOM,EQ,4896,2948,60.21
20,1279,MALUPAPER,EQ,324212,198399,61.19
20,1280,MANAKALUCO,EQ,2851349,1276687,44.77
20,1281,MANAKSIA,EQ,215444,103821,48.19
20,1282,MANAKSTEEL,EQ,653935,456178,69.76
20,1283,MANALIPETC,EQ,1321481,480016,36.32
20,1284,MANAPPURAM,EQ,12305264,6567647,53.37
20,1285,MANAV,SM,8000,8000,100.00
20,1286,MANGALAM,EQ,70745,34952,49.41
20,1287,MANGCHEFER,EQ,4473747,1622937,36.28
20,1288,MANGLMCEM,EQ,152681,79153,51.84
20,1289,MANINDS,EQ,2023163,891052,44.04
20,1290,MANINFRA,EQ,843587,401654,47.61
20,1291,MANKIND,EQ,723721,621465,85.87
20,1292,MANORAMA,EQ,5202,3444,66.21
20,1293,MANORG,EQ,7246,3098,42.75
20,1294,MANYAVAR,EQ,318311,205704,64.62
20,1295,MAPMYINDIA,EQ,91886,49866,54.27
20,1296,MARALOVER,EQ,21720,12556,57.81
20,1297,MARATHON,EQ,117304,58591,49.95
20,1298,MARCO,SM,30000,27000,90.00
20,1299,MARICO,EQ,1303355,726620,55.75
20,1300,MARINETRAN,SM,8000,8000,100.00
20,1301,MARKSANS,EQ,1947426,1436485,73.76
20,1302,MARSHALL,EQ,110494,58710,53.13
20,1303,MARUTI,EQ,459092,304267,66.28
20,1304,MASFIN,EQ,299042,143768,48.08
20,1305,MASPTOP50,EQ,256359,136295,53.17
20,1306,MASTEK,EQ,145632,59999,41.20
20,1307,MASTER,SM,14000,14000,100.00
20,1308,MATRIMONY,EQ,23495,17869,76.05
20,1309,MAWANASUG,EQ,49538,22265,44.95
20,1310,MAXESTATES,EQ,124335,47478,38.19
20,1311,MAXHEALTH,EQ,8408539,6393870,76.04
20,1312,MAXIND,EQ,115050,61573,53.52
20,1313,MAXPOSURE,ST,16000,16000,100.00
20,1314,MAYURUNIQ,EQ,29109,12136,41.69
20,1315,MAZDA,EQ,81697,16796,20.56
20,1316,MAZDOCK,EQ,980716,228102,23.26
20,1317,MBAPL,EQ,15709,8712,55.46
20,1318,MCDOWELL-N,EQ,2174641,790617,36.36
20,1319,MCON,SM,10000,9000,90.00
20,1320,MCX,EQ,1058232,343878,32.50
20,1321,MDL,SM,34000,30000,88.24
20,1322,MEDANTA,EQ,461145,267804,58.07
20,1323,MEDIASSIST,EQ,2599376,1114335,42.87
20,1324,MEDICAMEQ,EQ,20746,15423,74.34
20,1325,MEDICO,EQ,325009,143404,44.12
20,1326,MEDPLUS,EQ,59533,30454,51.15
20,1327,MEGAFLEX,SM,3000,3000,100.00
20,1328,MEGASTAR,EQ,16924,11126,65.74
20,1329,MENONBE,EQ,57128,25268,44.23
20,1330,METROBRAND,EQ,198011,125751,63.51
20,1331,METROPOLIS,EQ,273265,122565,44.85
20,1332,MFSL,EQ,762200,479743,62.94
20,1333,MGEL,EQ,373819,251588,67.30
20,1334,MGL,EQ,1207986,372914,30.87
20,1335,MHHL,SM,6000,4500,75.00
20,1336,MHRIL,EQ,178209,83792,47.02
20,1337,MICROPRO,SM,22400,17600,78.57
20,1338,MID150BEES,EQ,470338,316195,67.23
20,1339,MIDCAPETF,EQ,600209,289816,48.29
20,1340,MIDCAPIETF,EQ,93877,42206,44.96
20,1341,MIDHANI,EQ,13792887,2070510,15.01
20,1342,MIDSELIETF,EQ,32364,27294,84.33
20,1343,MILTON,SM,35200,35200,100.00
20,1344,MINDACORP,EQ,574038,338496,58.97
20,1345,MINDPOOL,ST,2000,2000,100.00
20,1346,MINDSPACE,RR,158307,138624,87.57
20,1347,MINDTECK,EQ,87692,36114,41.18
20,1348,MIRZAINT,EQ,3491536,595330,17.05
20,1349,MITCON,EQ,309338,130368,42.14
20,1350,MITTAL,EQ,7119514,2802079,39.36
20,1351,M&M,EQ,2543323,1540243,60.56
20,1352,M&MFIN,EQ,3748332,2028099,54.11
20,1353,M&MFIN,N2,17,17,100.00
20,1354,MMFL,EQ,29382,18933,64.44
20,1355,MMP,EQ,55811,41384,74.15
20,1356,MMTC,EQ,15542706,6012880,38.69
20,1357,MODISONLTD,EQ,81288,42115,51.81
20,1358,MOGSEC,EQ,4093,3641,88.96
20,1359,MOHEALTH,EQ,19743,7841,39.72
20,1360,MOHITIND,EQ,35246,21984,62.37
20,1361,MOIL,EQ,2653425,582948,21.97
20,1362,MOL,EQ,801039,330009,41.20
20,1363,MOLDTECH,EQ,65384,32880,50.29
20,1364,MOLDTKPAC,EQ,29765,14477,48.64
20,1365,MOLOWVOL,EQ,1986,1047,52.72
20,1366,MOM100,EQ,277185,173928,62.75
20,1367,MOM30IETF,EQ,317002,75260,23.74
20,1368,MOM50,EQ,8904,6426,72.17
20,1369,MOMENTUM,EQ,13816,9420,68.18
20,1370,MOMOMENTUM,EQ,29567,23521,79.55
20,1371,MON100,EQ,613663,412831,67.27
20,1372,MONARCH,EQ,505196,158114,31.30
20,1373,MONIFTY500,EQ,829273,597023,71.99
20,1374,MONOPHARMA,SM,16000,16000,100.00
20,1375,MONQ50,EQ,17774,7733,43.51
20,1376,MONTECARLO,EQ,40947,20998,51.28
20,1377,MOQUALITY,EQ,283,213,75.27
20,1378,MORARJEE,EQ,232314,148839,64.07
20,1379,MOREPENLAB,EQ,4382318,1253281,28.60
20,1380,MOS,SM,230400,113600,49.31
20,1381,MOTHERSON,EQ,20934161,10669718,50.97
20,1382,MOTILALOFS,EQ,1901553,440521,23.17
20,1383,MOTISONS,EQ,4029163,2095149,52.00
20,1384,MOVALUE,EQ,27524,17166,62.37
20,1385,MPHASIS,EQ,234273,91492,39.05
20,1386,MPSLTD,EQ,52086,26427,50.74
20,1387,MPTODAY,SM,8000,8000,100.00
20,1388,MRF,EQ,17366,2926,16.85
20,1389,MRO-TEK,EQ,10621,7300,68.73
20,1390,MRPL,EQ,3519120,848334,24.11
20,1391,MSTCLTD,EQ,1391063,373732,26.87
20,1392,MSUMI,EQ,3471056,1854599,53.43
20,1393,MTARTECH,EQ,120678,49610,41.11
20,1394,MTNL,EQ,63482994,18381129,28.95
20,1395,MUFIN,EQ,249477,156709,62.82
20,1396,MUFTI,EQ,222893,107743,48.34
20,1397,MUKANDLTD,EQ,268911,92439,34.38
20,1398,MUNJALAU,EQ,339740,237340,69.86
20,1399,MUNJALSHOW,EQ,458119,180432,39.39
20,1400,MUTHOOTCAP,EQ,550282,196486,35.71
20,1401,MUTHOOTFIN,EQ,459690,226780,49.33
20,1402,MUTHOOTMF,EQ,297309,137899,46.38
20,1403,MVGJL,EQ,246534,176775,71.70
20,1404,MWL,SM,409200,373200,91.20
20,1405,NACLIND,EQ,406049,198725,48.94
20,1406,NAGAFERT,EQ,3223660,1581700,49.07
20,1407,NAHARCAP,EQ,4383,2179,49.71
20,1408,NAHARINDUS,EQ,51252,28379,55.37
20,1409,NAHARPOLY,EQ,20731,10408,50.21
20,1410,NAHARSPING,EQ,69927,29772,42.58
20,1411,NAM-INDIA,EQ,641901,303266,47.24
20,1412,NARMADA,EQ,166583,93328,56.02
20,1413,NATCOPHARM,EQ,1257350,722336,57.45
20,1414,NATHBIOGEN,EQ,61842,26994,43.65
20,1415,NATIONALUM,EQ,37870264,13297304,35.11
20,1416,NAUKRI,EQ,196697,95215,48.41
20,1417,NAVA,EQ,265700,97980,36.88
20,1418,NAVIFIN,N4,38,38,100.00
20,1419,NAVIFIN,N6,100,100,100.00
20,1420,NAVIFIN,N7,250,250,100.00
20,1421,NAVIFIN,N8,380,200,52.63
20,1422,NAVINFLUOR,EQ,104919,38175,36.39
20,1423,NAVINIFTY,EQ,1257,890,70.80
20,1424,NAVKARCORP,EQ,3369955,1421537,42.18
20,1425,NAVNETEDUL,EQ,168946,70732,41.87
20,1426,NAZARA,EQ,260323,59856,22.99
20,1427,NBCC,EQ,89103485,15071049,16.91
20,1428,NBIFIN,EQ,105,85,80.95
20,1429,NCC,EQ,4366598,1472663,33.73
20,1430,NCLIND,EQ,355546,249879,70.28
20,1431,NDLVENTURE,EQ,28700,19343,67.40
20,1432,NDTV,EQ,453770,99521,21.93
20,1433,NECLIFE,EQ,4098172,1616107,39.43
20,1434,NELCAST,EQ,378619,175612,46.38
20,1435,NELCO,EQ,96983,31840,32.83
20,1436,NEOGEN,EQ,18834,10319,54.79
20,1437,NESCO,EQ,91008,45297,49.77
20,1438,NESTLEIND,EQ,659038,345093,52.36
20,1439,NETF,EQ,7352,6646,90.40
20,1440,NETWEB,EQ,19761,19760,99.99
20,1441,NETWORK18,EQ,6978011,2403541,34.44
20,1442,NEULANDLAB,EQ,24842,14448,58.16
20,1443,NEWJAISA,SM,18000,12000,66.67
20,1444,NEXT50,EQ,5265,4857,92.25
20,1445,NEXT50IETF,EQ,60683,27406,45.16
20,1446,NFL,EQ,18443932,4119444,22.33
20,1447,NGIL,EQ,53671,29694,55.33
20,1448,NGLFINE,EQ,2531,1633,64.52
20,1449,NH,EQ,229517,128238,55.87
20,1450,NHAI,N2,120,120,100.00
20,1451,NHAI,N6,4211,3304,78.46
20,1452,NHAI,N8,1025,925,90.24
20,1453,NHAI,NA,3584,2650,73.94
20,1454,NHAI,NC,20,20,100.00
20,1455,NHAI,NE,462,461,99.78
20,1456,NHBTF2014,N5,268,258,96.27
20,1457,NHBTF2014,N6,154,94,61.04
20,1458,NHBTF2023,N6,36,36,100.00
20,1459,NHIT,N1,2323,2273,97.85
20,1460,NHIT,N2,1976,1973,99.85
20,1461,NHIT,N3,2935,1937,66.00
20,1462,NHPC,EQ,159093882,55542932,34.91
20,1463,NHPC,N2,2,1,50.00
20,1464,NHPC,N6,15,15,100.00
20,1465,NIACL,EQ,2912763,604353,20.75
20,1466,NIDAN,SM,64000,45000,70.31
20,1467,NIDO,N6,18,18,100.00
20,1468,NIF100BEES,EQ,11566,5822,50.34
20,1469,NIF100IETF,EQ,59149,6484,10.96
20,1470,NIFMID150,EQ,3603,1228,34.08
20,1471,NIFTYBEES,EQ,2914009,1338654,45.94
20,1472,NIFTYETF,EQ,41904,22291,53.20
20,1473,NIFTYIETF,EQ,126369,95075,75.24
20,1474,NIFTYQLITY,EQ,76493,44535,58.22
20,1475,NIITLTD,EQ,2223623,564191,25.37
20,1476,NIITMTS,EQ,89775,45919,51.15
20,1477,NILAINFRA,EQ,3050509,1276341,41.84
20,1478,NILKAMAL,EQ,2953,1882,63.73
20,1479,NINSYS,EQ,3759,2473,65.79
20,1480,NIPPOBATRY,EQ,10347,5429,52.47
20,1481,NIRAJ,EQ,46208,23742,51.38
20,1482,NIRMAN,SM,16200,12600,77.78
20,1483,NITINSPIN,EQ,94212,40244,42.72
20,1484,NLCINDIA,EQ,4126023,1307052,31.68
20,1485,NMDC,EQ,17860496,7298512,40.86
20,1486,NOCIL,EQ,776512,332340,42.80
20,1487,NPBET,EQ,1454,860,59.15
20,1488,NPST,ST,3700,3700,100.00
20,1489,NRAIL,EQ,36140,25261,69.90
20,1490,NRBBEARING,EQ,79671,47971,60.21
20,1491,NRL,EQ,143775,96624,67.21
20,1492,NSIL,EQ,2758,1989,72.12
20,1493,NSLNISP,EQ,19919078,9882352,49.61
20,1494,NTPC,EQ,23922028,14199976,59.36
20,1495,NTPC,N5,185,185,100.00
20,1496,NTPC,N6,2239,2031,90.71
20,1497,NTPC,N7,56480,46410,82.17
20,1498,NTPC,N8,40,40,100.00
20,1499,NTPC,NB,157,157,100.00
20,1500,NTPC,NC,3,3,100.00
20,1501,NURECA,EQ,23798,9031,37.95
20,1502,NUVAMA,EQ,60003,36299,60.50
20,1503,NUVOCO,EQ,663282,433426,65.35
20,1504,NV20BEES,EQ,9951,5646,56.74
20,1505,NV20IETF,EQ,58948,8340,14.15
20,1506,NXST,RR,237103,209511,88.36
20,1507,NYKAA,EQ,7580676,4343015,57.29
20,1508,OAL,EQ,10418,5283,50.71
20,1509,OBCL,EQ,51590,17675,34.26
20,1510,OBEROIRLTY,EQ,4023141,1965071,48.84
20,1511,OCCL,EQ,14829,5758,38.83
20,1512,OFSS,EQ,438774,122992,28.03
20,1513,OIL,EQ,2060957,572146,27.76
20,1514,OLECTRA,EQ,1870980,397834,21.26
20,1515,OLIL,SM,1200,1200,100.00
20,1516,OMAXAUTO,EQ,207538,123332,59.43
20,1517,OMAXE,EQ,341199,178163,52.22
20,1518,OMFURN,SM,4800,4800,100.00
20,1519,ONDOOR,SM,57600,56400,97.92
20,1520,ONEPOINT,EQ,1113879,691214,62.05
20,1521,ONGC,EQ,14458601,5844305,40.42
20,1522,ONMOBILE,EQ,708919,194708,27.47
20,1523,ONWARDTEC,EQ,85534,26124,30.54
20,1524,OPTIEMUS,EQ,239653,87162,36.37
20,1525,ORBTEXP,EQ,63510,23010,36.23
20,1526,ORCHPHARMA,EQ,83906,43282,51.58
20,1527,ORIANA,SM,131400,85500,65.07
20,1528,ORICONENT,EQ,155910,108865,69.83
20,1529,ORIENTALTL,EQ,119409,60470,50.64
20,1530,ORIENTBELL,EQ,185188,123941,66.93
20,1531,ORIENTCEM,EQ,2083764,706385,33.90
20,1532,ORIENTCER,EQ,139257,82616,59.33
20,1533,ORIENTELEC,EQ,907892,713678,78.61
20,1534,ORIENTHOT,EQ,528723,214466,40.56
20,1535,ORIENTLTD,EQ,134285,55151,41.07
20,1536,ORIENTPPR,EQ,3133158,901596,28.78
20,1537,ORISSAMINE,EQ,17118,4925,28.77
20,1538,ORTINLAB,EQ,20351,12792,62.86
20,1539,OSIAHYPER,EQ,10683706,1655826,15.50
20,1540,OSWALAGRO,EQ,195835,85881,43.85
20,1541,OSWALGREEN,EQ,713623,336344,47.13
20,1542,OSWALSEEDS,EQ,137031,80095,58.45
20,1543,PAGEIND,EQ,20087,8161,40.63
20,1544,PAISALO,EQ,1082344,600219,55.46
20,1545,PAKKA,EQ,828815,365799,44.14
20,1546,PALREDTEC,EQ,95086,47869,50.34
20,1547,PANACEABIO,EQ,193116,67260,34.83
20,1548,PANACHE,EQ,10465,6884,65.78
20,1549,PANAMAPET,EQ,126030,57774,45.84
20,1550,PANSARI,EQ,3292,2071,62.91
20,1551,PAR,EQ,17152,9992,58.26
20,1552,PARACABLES,EQ,1032506,566317,54.85
20,1553,PARADEEP,EQ,6346356,2099960,33.09
20,1554,PARAGMILK,EQ,716212,284082,39.66
20,1555,PARAGON,SM,12000,8400,70.00
20,1556,PARAS,EQ,320794,99226,30.93
20,1557,PARIN,SM,18000,18000,100.00
20,1558,PARTYCRUS,SM,6000,6000,100.00
20,1559,PASUPTAC,EQ,175955,102289,58.13
20,1560,PATANJALI,EQ,571094,351844,61.61
20,1561,PATELENG,EQ,5029731,1957745,38.92
20,1562,PATINTLOG,EQ,304841,150627,49.41
20,1563,PATTECH,SM,3000,3000,100.00
20,1564,PAVNAIND,EQ,2190,972,44.38
20,1565,PAYTM,EQ,4201784,2817990,67.07
20,1566,PCBL,EQ,9183874,2642204,28.77
20,1567,PCHFL,N6,35,25,71.43
20,1568,PCJEWELLER,EQ,2178973,1222299,56.10
20,1569,PDMJEPAPER,EQ,666784,219990,32.99
20,1570,PDSL,EQ,60239,35617,59.13
20,1571,PEARLPOLY,EQ,56769,35396,62.35
20,1572,PEL,EQ,879195,304454,34.63
20,1573,PEL,N0,25,25,100.00
20,1574,PEL,N3,30,30,100.00
20,1575,PENIND,EQ,1194388,400212,33.51
20,1576,PENINLAND,EQ,998974,483373,48.39
20,1577,PENTAGON,SM,24000,20000,83.33
20,1578,PERFECT,SM,216000,138000,63.89
20,1579,PERSISTENT,EQ,435814,117583,26.98
20,1580,PETRONET,EQ,10188898,4932595,48.41
20,1581,PFC,EQ,26232960,8430797,32.14
20,1582,PFC,N5,27,27,100.00
20,1583,PFIZER,EQ,10799,7333,67.90
20,1584,PFOCUS,EQ,158894,48784,30.70
20,1585,PFS,EQ,11656015,4419907,37.92
20,1586,PGEL,EQ,28313,11942,42.18
20,1587,PGHH,EQ,3377,1860,55.08
20,1588,PGHL,EQ,8228,5632,68.45
20,1589,PGIL,EQ,29271,17980,61.43
20,1590,PGINVIT,IV,937768,763719,81.44
20,1591,PHANTOMFX,SM,39900,25500,63.91
20,1592,PHARMABEES,EQ,6046760,4575986,75.68
20,1593,PHOENIXLTD,EQ,704680,322910,45.82
20,1594,PIDILITIND,EQ,2141269,1067670,49.86
20,1595,PIGL,EQ,39470,24856,62.97
20,1596,PIIND,EQ,192710,105547,54.77
20,1597,PILANIINVS,EQ,2314,1111,48.01
20,1598,PILITA,EQ,1024653,739823,72.20
20,1599,PIONEEREMB,EQ,34587,26107,75.48
20,1600,PITTIENG,EQ,85930,33918,39.47
20,1601,PIXTRANS,EQ,8445,5219,61.80
20,1602,PLADAINFO,SM,9000,9000,100.00
20,1603,PLASTIBLEN,EQ,91149,39351,43.17
20,1604,PNB,EQ,65088374,14438846,22.18
20,1605,PNBGILTS,EQ,1193345,443465,37.16
20,1606,PNBHOUSING,EQ,336373,75527,22.45
20,1607,PNC,EQ,149064,69167,46.40
20,1608,PNCINFRA,EQ,614759,279385,45.45
20,1609,POCL,EQ,49509,33178,67.01
20,1610,PODDARMENT,EQ,4306,2781,64.58
20,1611,POKARNA,EQ,32285,14451,44.76
20,1612,POLICYBZR,EQ,1109910,513710,46.28
20,1613,POLYCAB,EQ,1879874,690202,36.72
20,1614,POLYMED,EQ,53399,33133,62.05
20,1615,POLYPLEX,EQ,82354,37486,45.52
20,1616,PONNIERODE,EQ,27250,11150,40.92
20,1617,POONAWALLA,EQ,3836411,1453388,37.88
20,1618,POWERGRID,EQ,28309825,18151445,64.12
20,1619,POWERINDIA,EQ,143108,104911,73.31
20,1620,POWERMECH,EQ,36982,17018,46.02
20,1621,PPAP,EQ,12531,6537,52.17
20,1622,PPL,EQ,82755,43650,52.75
20,1623,PPLPHARMA,EQ,4011362,1629887,40.63
20,1624,PRAJIND,EQ,654337,293240,44.81
20,1625,PRAKASH,EQ,463247,321370,69.37
20,1626,PRAMARA,SM,258000,158000,61.24
20,1627,PRECAM,EQ,155803,82829,53.16
20,1628,PRECISION,SM,20000,16000,80.00
20,1629,PRECOT,EQ,8622,5648,65.51
20,1630,PRECWIRE,EQ,638742,242298,37.93
20,1631,PREMEXPLN,EQ,320681,181090,56.47
20,1632,PRESSTONIC,SM,46400,33600,72.41
20,1633,PRESTIGE,EQ,2350268,1124019,47.83
20,1634,PRICOLLTD,EQ,215570,92156,42.75
20,1635,PRIMESECU,EQ,24010,12714,52.95
20,1636,PRINCEPIPE,EQ,63889,29834,46.70
20,1637,PRITIKA,SM,94000,82000,87.23
20,1638,PRITIKAUTO,EQ,3351327,1680387,50.14
20,1639,PRIVISCL,EQ,34806,14092,40.49
20,1640,PROLIFE,SM,5500,5500,100.00
20,1641,PROPEQUITY,SM,5400,4200,77.78
20,1642,PROV,SM,480,480,100.00
20,1643,PROZONER,EQ,1384379,543053,39.23
20,1644,PRSMJOHNSN,EQ,492597,187827,38.13
20,1645,PRUDENT,EQ,19654,9410,47.88
20,1646,PSB,EQ,6081401,1502718,24.71
20,1647,PSPPROJECT,EQ,99834,43014,43.09
20,1648,PSUBNKBEES,EQ,6582932,4473049,67.95
20,1649,PSUBNKIETF,EQ,277511,73918,26.64
20,1650,PTC,EQ,3397678,1382425,40.69
20,1651,PTCIL,EQ,5298,2470,46.62
20,1652,PTL,EQ,502057,189191,37.68
20,1653,PULZ,SM,64000,50000,78.13
20,1654,PUNJABCHEM,EQ,9561,5023,52.54
20,1655,PURVA,EQ,3750124,839827,22.39
20,1656,PVRINOX,EQ,1261416,752190,59.63
20,1657,PVTBANIETF,EQ,542279,404175,74.53
20,1658,PYRAMID,EQ,194105,133939,69.00
20,1659,QFIL,SM,11000,10000,90.91
20,1660,QGOLDHALF,EQ,27794,22987,82.70
20,1661,QMSMEDI,SM,9000,8000,88.89
20,1662,QNIFTY,EQ,235,126,53.62
20,1663,QUADPRO,SM,60000,48000,80.00
20,1664,QUAL30IETF,EQ,85250,10854,12.73
20,1665,QUESS,EQ,663587,354687,53.45
20,1666,QUICKHEAL,EQ,368057,93007,25.27
20,1667,QUICKTOUCH,SM,8000,5500,68.75
20,1668,RACE,EQ,5590,4106,73.45
20,1669,RADHIKAJWE,EQ,668448,322819,48.29
20,1670,RADIANTCMS,EQ,206725,118170,57.16
20,1671,RADICO,EQ,303752,197886,65.15
20,1672,RADIOCITY,EQ,2089372,824099,39.44
20,1673,RADIOCITY,P1,3968,3946,99.45
20,1674,RAILTEL,EQ,14014839,1850417,13.20
20,1675,RAIN,EQ,8726615,2839696,32.54
20,1676,RAINBOW,EQ,90848,44781,49.29
20,1677,RAJESHEXPO,EQ,401424,217183,54.10
20,1678,RAJRATAN,EQ,107352,58828,54.80
20,1679,RAJSREESUG,EQ,121517,75674,62.27
20,1680,RAJTV,EQ,69353,48386,69.77
20,1681,RALLIS,EQ,1564576,717205,45.84
20,1682,RAMANEWS,EQ,522103,288328,55.22
20,1683,RAMAPHO,EQ,19352,13995,72.32
20,1684,RAMASTEEL,EQ,54287309,8751175,16.12
20,1685,RAMCOCEM,EQ,192399,46534,24.19
20,1686,RAMCOIND,EQ,111328,45875,41.21
20,1687,RAMCOSYS,EQ,74940,28214,37.65
20,1688,RAMKY,EQ,672393,316985,47.14
20,1689,RAMRAT,EQ,27750,13587,48.96
20,1690,RANASUG,EQ,750211,325430,43.38
20,1691,RANEENGINE,EQ,13291,7195,54.13
20,1692,RANEHOLDIN,EQ,4469,2338,52.32
20,1693,RATEGAIN,EQ,185440,86805,46.81
20,1694,RATNAMANI,EQ,34286,17187,50.13
20,1695,RATNAVEER,EQ,572684,267067,46.63
20,1696,RAYMOND,EQ,212628,100323,47.18
20,1697,RBA,EQ,3508561,1552755,44.26
20,1698,RBL,EQ,32405,12228,37.73
20,1699,RBLBANK,EQ,8513370,2186642,25.68
20,1700,RBMINFRA,SM,27000,18000,66.67
20,1701,RBZJEWEL,EQ,354517,156011,44.01
20,1702,RCF,EQ,9708480,1857619,19.13
20,1703,RECLTD,EQ,35198592,8200086,23.30
20,1704,RECLTD,N4,19,19,100.00
20,1705,RECLTD,N9,4485,3860,86.06
20,1706,RECLTD,NF,57,56,98.25
20,1707,RECLTD,NI,435,277,63.68
20,1708,REDINGTON,EQ,841383,441800,52.51
20,1709,REDTAPE,EQ,569638,261931,45.98
20,1710,REFEX,EQ,135564,97221,71.72
20,1711,RELAXO,EQ,131305,99022,75.41
20,1712,RELIABLE,SM,2400,2400,100.00
20,1713,RELIANCE,EQ,10959564,8488857,77.46
20,1714,RELIGARE,EQ,5696214,3217696,56.49
20,1715,RELINFRA,EQ,1657104,596246,35.98
20,1716,REMUS,SM,1350,800,59.26
20,1717,RENUKA,EQ,5503798,1870124,33.98
20,1718,REPCOHOME,EQ,140800,67840,48.18
20,1719,REPL,EQ,26913,13478,50.08
20,1720,REPRO,EQ,7135,4101,57.48
20,1721,RESPONIND,EQ,513625,146881,28.60
20,1722,REXPIPES,SM,2000,2000,100.00
20,1723,RGL,EQ,233505,68733,29.44
20,1724,RHIM,EQ,234232,106982,45.67
20,1725,RHL,EQ,19131,12412,64.88
20,1726,RICOAUTO,EQ,782464,334116,42.70
20,1727,RIIL,EQ,386044,69280,17.95
20,1728,RILINFRA,SM,8200,7400,90.24
20,1729,RISHABH,EQ,515972,208255,40.36
20,1730,RITCO,EQ,53358,28632,53.66
20,1731,RITES,EQ,4484932,691941,15.43
20,1732,RITEZONE,SM,4800,4800,100.00
20,1733,RKEC,EQ,103936,38622,37.16
20,1734,RKFORGE,EQ,276427,118365,42.82
20,1735,RML,EQ,7621,4505,59.11
20,1736,ROCKINGDCE,SM,40000,23000,57.50
20,1737,ROHLTD,EQ,123698,58910,47.62
20,1738,ROLEXRINGS,EQ,11622,6293,54.15
20,1739,ROML,EQ,5016,3120,62.20
20,1740,ROSSARI,EQ,126989,81336,64.05
20,1741,ROSSELLIND,EQ,48650,22767,46.80
20,1742,ROTO,EQ,75132,30472,40.56
20,1743,ROUTE,EQ,711423,522041,73.38
20,1744,ROXHITECH,SM,100800,62400,61.90
20,1745,RPGLIFE,EQ,26579,12220,45.98
20,1746,RPOWER,EQ,67606015,14962554,22.13
20,1747,RPPL,EQ,42245,20823,49.29
20,1748,RPSGVENT,EQ,106421,47242,44.39
20,1749,RRKABEL,EQ,277229,170194,61.39
20,1750,RSSOFTWARE,EQ,77481,30152,38.92
20,1751,RSWM,EQ,136326,69846,51.23
20,1752,RSYSTEMS,EQ,101498,48430,47.72
20,1753,RTNINDIA,EQ,5322689,1660013,31.19
20,1754,RTNPOWER,EQ,44264635,19640170,44.37
20,1755,RUBYMILLS,EQ,40915,24903,60.87
20,1756,RUCHIRA,EQ,150656,50123,33.27
20,1757,RUPA,EQ,96947,40281,41.55
20,1758,RUSHIL,EQ,261664,148431,56.73
20,1759,RUSTOMJEE,EQ,61683,43160,69.97
20,1760,RVNL,EQ,53922343,12080637,22.40
20,1761,SAAKSHI,SM,30000,19200,64.00
20,1762,SADHNANIQ,EQ,210461,84056,39.94
20,1763,SAFARI,EQ,28985,15400,53.13
20,1764,SAGCEM,EQ,405544,157041,38.72
20,1765,SAH,EQ,1013205,251232,24.80
20,1766,SAHAJ,SM,276000,200000,72.46
20,1767,SAHANA,SM,163500,79000,48.32
20,1768,SAHYADRI,EQ,4627,2766,59.78
20,1769,SAIFL,SM,72000,54400,75.56
20,1770,SAIL,EQ,37267385,12370044,33.19
20,1771,SAKAR,EQ,353782,67034,18.95
20,1772,SAKHTISUG,EQ,420697,172950,41.11
20,1773,SAKUMA,EQ,8609672,3304691,38.38
20,1774,SALASAR,EQ,10419100,4542758,43.60
20,1775,SALONA,EQ,1179,815,69.13
20,1776,SALZERELEC,EQ,72287,24778,34.28
20,1777,SAMHI,EQ,1145950,582248,50.81
20,1778,SANDESH,EQ,1905,802,42.10
20,1779,SANDHAR,EQ,89095,47156,52.93
20,1780,SANDUMA,EQ,100412,48996,48.79
20,1781,SANGAMIND,EQ,97108,42029,43.28
20,1782,SANGANI,SM,3000,3000,100.00
20,1783,SANGHIIND,EQ,3067357,2317054,75.54
20,1784,SANGHVIMOV,EQ,62474,27543,44.09
20,1785,SANOFI,EQ,20467,10770,52.62
20,1786,SANSERA,EQ,134788,94536,70.14
20,1787,SAPPHIRE,EQ,85007,36191,42.57
20,1788,SARDAEN,EQ,583511,296518,50.82
20,1789,SAREGAMA,EQ,565020,240938,42.64
20,1790,SARLAPOLY,EQ,499241,239817,48.04
20,1791,SARTELE,SM,116000,70000,60.34
20,1792,SARVESHWAR,EQ,7212413,3731208,51.73
20,1793,SASKEN,EQ,79009,29181,36.93
20,1794,SASTASUNDR,EQ,89574,55908,62.42
20,1795,SATIA,EQ,517600,222384,42.96
20,1796,SATIN,EQ,388576,144034,37.07
20,1797,SATINDLTD,EQ,697412,216364,31.02
20,1798,SBC,EQ,5086003,2543870,50.02
20,1799,SBCL,EQ,100886,40305,39.95
20,1800,SBFC,EQ,1316035,567485,43.12
20,1801,SBGLP,EQ,75970,18991,25.00
20,1802,SBICARD,EQ,1203579,512294,42.56
20,1803,SBIETFCON,EQ,7821,5787,73.99
20,1804,SBIETFIT,EQ,5794,4346,75.01
20,1805,SBIETFPB,EQ,7305,4842,66.28
20,1806,SBIETFQLTY,EQ,2396,1228,51.25
20,1807,SBILIFE,EQ,1255876,713379,56.80
20,1808,SBIN,EQ,19221835,8117404,42.23
20,1809,SCHAEFFLER,EQ,55109,29996,54.43
20,1810,SCHAND,EQ,77814,40411,51.93
20,1811,SCHNEIDER,EQ,302615,136750,45.19
20,1812,SCI,EQ,10653438,2435093,22.86
20,1813,SCML,SM,40000,34000,85.00
20,1814,SCPL,EQ,20297,10992,54.16
20,1815,SDBL,EQ,443810,246234,55.48
20,1816,SDL24BEES,EQ,1441,1439,99.86
20,1817,SDL26BEES,EQ,715,512,71.61
20,1818,SEAMECLTD,EQ,44836,23910,53.33
20,1819,SECL,SM,37500,25000,66.67
20,1820,SECURCRED,EQ,439141,317664,72.34
20,1821,SECURKLOUD,EQ,120815,70796,58.60
20,1822,SEL,ST,55200,54400,98.55
20,1823,SELAN,EQ,87492,36383,41.58
20,1824,SEMAC,EQ,1761,1517,86.14
20,1825,SENCO,EQ,254347,160520,63.11
20,1826,SENSEXETF,EQ,4817,2981,61.88
20,1827,SENSEXIETF,EQ,9029,4557,50.47
20,1828,SEPC,EQ,11471783,4804715,41.88
20,1829,SEQUENT,EQ,1194714,330842,27.69
20,1830,SERVICE,SM,10000,10000,100.00
20,1831,SESHAPAPER,EQ,103619,52790,50.95
20,1832,SETF10GILT,EQ,23747,20922,88.10
20,1833,SETFGOLD,EQ,248329,198900,80.10
20,1834,SETFNIF50,EQ,683713,425251,62.20
20,1835,SETFNIFBK,EQ,194662,91063,46.78
20,1836,SETFNN50,EQ,119175,89641,75.22
20,1837,SFL,EQ,27337,13679,50.04
20,1838,SGBAPR28I,GB,293,216,73.72
20,1839,SGBAUG24,GB,76,55,72.37
20,1840,SGBAUG27,GB,22,22,100.00
20,1841,SGBAUG28V,GB,407,376,92.38
20,1842,SGBAUG29V,GB,67,61,91.04
20,1843,SGBAUG30,GB,106,90,84.91
20,1844,SGBD29VIII,GB,64,50,78.13
20,1845,SGBDC27VII,GB,2,2,100.00
20,1846,SGBDE30III,GB,65,43,66.15
20,1847,SGBDEC2512,GB,16,16,100.00
20,1848,SGBDEC2513,GB,1,1,100.00
20,1849,SGBDEC25XI,GB,1,1,100.00
20,1850,SGBDEC26,GB,1,1,100.00
20,1851,SGBFEB24,GB,18,13,72.22
20,1852,SGBFEB27,GB,16,16,100.00
20,1853,SGBFEB28IX,GB,6,6,100.00
20,1854,SGBFEB29XI,GB,210,118,56.19
20,1855,SGBJ28VIII,GB,2,2,100.00
20,1856,SGBJAN26,GB,2,2,100.00
20,1857,SGBJAN27,GB,2,2,100.00
20,1858,SGBJAN29IX,GB,160,148,92.50
20,1859,SGBJAN29X,GB,107,102,95.33
20,1860,SGBJAN30IX,GB,93,90,96.77
20,1861,SGBJU29III,GB,31,27,87.10
20,1862,SGBJUL25,GB,19,19,100.00
20,1863,SGBJUL27,GB,7,7,100.00
20,1864,SGBJUL28IV,GB,360,280,77.78
20,1865,SGBJUL29IV,GB,253,167,66.01
20,1866,SGBJUN27,GB,11,11,100.00
20,1867,SGBJUN28,GB,183,129,70.49
20,1868,SGBJUN29II,GB,358,294,82.12
20,1869,SGBJUN30,GB,423,236,55.79
20,1870,SGBJUN31I,GB,1784,1388,77.80
20,1871,SGBMAR24,GB,54,53,98.15
20,1872,SGBMAR25,GB,13,12,92.31
20,1873,SGBMAR28X,GB,11,11,100.00
20,1874,SGBMAR30X,GB,196,168,85.71
20,1875,SGBMAR31IV,GB,71,70,98.59
20,1876,SGBMAY25,GB,122,113,92.62
20,1877,SGBMAY26,GB,34,34,100.00
20,1878,SGBMAY28,GB,10,7,70.00
20,1879,SGBMAY29I,GB,262,179,68.32
20,1880,SGBMR29XII,GB,274,216,78.83
20,1881,SGBN28VIII,GB,118,65,55.08
20,1882,SGBNOV24,GB,260,228,87.69
20,1883,SGBNOV258,GB,1,1,100.00
20,1884,SGBNOV25IX,GB,11,11,100.00
20,1885,SGBNOV25VI,GB,1,1,100.00
20,1886,SGBNOV26,GB,8,6,75.00
20,1887,SGBNV29VII,GB,468,289,61.75
20,1888,SGBOC28VII,GB,43,28,65.12
20,1889,SGBOCT25IV,GB,4,4,100.00
20,1890,SGBOCT25V,GB,53,53,100.00
20,1891,SGBOCT26,GB,183,161,87.98
20,1892,SGBOCT27,GB,31,31,100.00
20,1893,SGBOCT27VI,GB,1,1,100.00
20,1894,SGBSEP24,GB,170,165,97.06
20,1895,SGBSEP27,GB,239,202,84.52
20,1896,SGBSEP28VI,GB,203,202,99.51
20,1897,SGBSEP29VI,GB,292,201,68.84
20,1898,SGBSEP31II,GB,3119,2909,93.27
20,1899,SGIL,EQ,23163,11628,50.20
20,1900,SGL,EQ,56335,37134,65.92
20,1901,SHAHALLOYS,EQ,72024,52721,73.20
20,1902,SHAILY,EQ,31966,16033,50.16
20,1903,SHAKTIPUMP,EQ,104077,66104,63.51
20,1904,SHALBY,EQ,633687,147614,23.29
20,1905,SHALPAINTS,EQ,404780,182741,45.15
20,1906,SHANKARA,EQ,137870,68274,49.52
20,1907,SHANTI,EQ,51460,25286,49.14
20,1908,SHANTIGEAR,EQ,74118,35961,48.52
20,1909,SHARDACROP,EQ,741324,80457,10.85
20,1910,SHARDAMOTR,EQ,36890,19980,54.16
20,1911,SHAREINDIA,EQ,306569,199080,64.94
20,1912,SHAREINDIA,W1,665,598,89.92
20,1913,SHARIABEES,EQ,1021,576,56.42
20,1914,SHEETAL,SM,112000,58000,51.79
20,1915,SHEMAROO,EQ,223356,88950,39.82
20,1916,SHERA,SM,19000,18000,94.74
20,1917,SHIGAN,SM,30000,22500,75.00
20,1918,SHILPAMED,EQ,118438,40989,34.61
20,1919,SHIVALIK,EQ,27373,18587,67.90
20,1920,SHIVAMILLS,EQ,22415,9049,40.37
20,1921,SHIVATEX,EQ,7949,2493,31.36
20,1922,SHK,EQ,820719,531593,64.77
20,1923,SHOPERSTOP,EQ,61781,30577,49.49
20,1924,SHREDIGCEM,EQ,1415662,467673,33.04
20,1925,SHREECEM,EQ,46946,21224,45.21
20,1926,SHREEOSFM,SM,32000,26000,81.25
20,1927,SHREEPUSHK,EQ,62322,23783,38.16
20,1928,SHREYAS,EQ,22263,12714,57.11
20,1929,SHRIPISTON,EQ,95025,78799,82.92
20,1930,SHRIRAMFIN,EQ,1700346,1155536,67.96
20,1931,SHRIRAMFIN,YL,1275,1215,95.29
20,1932,SHRIRAMFIN,YP,115,75,65.22
20,1933,SHRIRAMFIN,YZ,525,525,100.00
20,1934,SHRIRAMPPS,EQ,1961078,622659,31.75
20,1935,SHRITECH,SM,24000,24000,100.00
20,1936,SHUBHLAXMI,SM,82000,81000,98.78
20,1937,SHYAMCENT,EQ,672784,314820,46.79
20,1938,SHYAMMETL,EQ,720334,368503,51.16
20,1939,SHYAMTEL,EQ,200,200,100.00
20,1940,SIEMENS,EQ,219206,99115,45.22
20,1941,SIGACHI,EQ,2534465,1217187,48.03
20,1942,SIGMA,EQ,8689,5221,60.09
20,1943,SIGNATURE,EQ,308643,193829,62.80
20,1944,SILINV,EQ,7011,6404,91.34
20,1945,SILVER,EQ,65457,50356,76.93
20,1946,SILVERBEES,EQ,1959253,1599946,81.66
20,1947,SILVERETF,EQ,106720,67821,63.55
20,1948,SILVERIETF,EQ,221526,203387,91.81
20,1949,SILVERTUC,EQ,8222,7774,94.55
20,1950,SILVRETF,EQ,8287,7900,95.33
20,1951,SIMBHALS,EQ,176402,101249,57.40
20,1952,SINDHUTRAD,EQ,5667490,1154790,20.38
20,1953,SINTERCOM,EQ,5557,4546,81.81
20,1954,SIRCA,EQ,193266,98521,50.98
20,1955,SIS,EQ,277361,68497,24.70
20,1956,SIYSIL,EQ,40624,18597,45.78
20,1957,SJLOGISTIC,SM,96000,84000,87.50
20,1958,SJS,EQ,69377,31237,45.03
20,1959,SJVN,EQ,61539848,17254242,28.04
20,1960,SKFINDIA,EQ,15856,9443,59.55
20,1961,SKIPPER,EQ,380213,149570,39.34
20,1962,SKMEGGPROD,EQ,57073,35708,62.57
20,1963,SKP,SM,11500,7500,65.22
20,1964,SMARTLINK,EQ,17123,7848,45.83
20,1965,SMCGLOBAL,EQ,241776,134607,55.67
20,1966,SMLISUZU,EQ,29624,12849,43.37
20,1967,SMLT,EQ,46260,23002,49.72
20,1968,SMSLIFE,EQ,2928,2088,71.31
20,1969,SMSPHARMA,EQ,78530,47184,60.08
20,1970,SMVD,SM,24240,20200,83.33
20,1971,SNOWMAN,EQ,1575468,417827,26.52
20,1972,SOBHA,EQ,679610,204517,30.09
20,1973,SOLARA,EQ,156970,48758,31.06
20,1974,SOLARINDS,EQ,111534,55591,49.84
20,1975,SOLEX,SM,14000,10800,77.14
20,1976,SOMANYCERA,EQ,36090,14338,39.73
20,1977,SONACOMS,EQ,2193213,961666,43.85
20,1978,SONATSOFTW,EQ,580239,274710,47.34
20,1979,SOTAC,SM,2400,2400,100.00
20,1980,SOTL,EQ,107559,53771,49.99
20,1981,SOUTHBANK,EQ,210289648,63293211,30.10
20,1982,SPAL,EQ,48608,24584,50.58
20,1983,SPANDANA,EQ,108598,38848,35.77
20,1984,SPARC,EQ,418833,162627,38.83
20,1985,SPCENET,EQ,2258903,1089354,48.22
20,1986,SPECIALITY,EQ,503503,246356,48.93
20,1987,SPECTRUM,SM,875,625,71.43
20,1988,SPECTSTM,SM,10400,8800,84.62
20,1989,SPENCERS,EQ,890692,489389,54.94
20,1990,SPIC,EQ,2780896,706781,25.42
20,1991,SPLIL,EQ,75646,44997,59.48
20,1992,SPLPETRO,EQ,128166,68917,53.77
20,1993,SPORTKING,EQ,10000,6465,64.65
20,1994,SREEL,EQ,43591,8163,18.73
20,1995,SRF,EQ,485502,251792,51.86
20,1996,SRGHFL,EQ,9599,7096,73.92
20,1997,SRHHYPOLTD,EQ,13080,6919,52.90
20,1998,SRIVASAVI,SM,19000,13000,68.42
20,1999,SSFL,SM,13000,9000,69.23
20,2000,SSWL,EQ,614282,252958,41.18
20,2001,STAR,EQ,536202,270694,50.48
20,2002,STARCEMENT,EQ,1065611,345349,32.41
20,2003,STARHEALTH,EQ,700990,462370,65.96
20,2004,STARPAPER,EQ,76451,32935,43.08
20,2005,STCINDIA,EQ,848209,154732,18.24
20,2006,STEELCAS,EQ,16886,8211,48.63
20,2007,STEELCITY,EQ,33936,10207,30.08
20,2008,STEELXIND,EQ,25400259,14335973,56.44
20,2009,STEL,EQ,7729,4345,56.22
20,2010,STERTOOLS,EQ,42027,15423,36.70
20,2011,STLTECH,EQ,803726,291470,36.26
20,2012,STOVEKRAFT,EQ,75081,35251,46.95
20,2013,STYLAMIND,EQ,27318,14811,54.22
20,2014,STYRENIX,EQ,15495,9486,61.22
20,2015,SUBEXLTD,EQ,24141774,9916908,41.08
20,2016,SUBROS,EQ,385835,141327,36.63
20,2017,SUDARSCHEM,EQ,178442,78324,43.89
20,2018,SUKHJITS,EQ,13364,6608,49.45
20,2019,SULA,EQ,1488492,504448,33.89
20,2020,SUMICHEM,EQ,148650,75255,50.63
20,2021,SUMMITSEC,EQ,6196,2540,40.99
20,2022,SUNCLAY,EQ,19012,13954,73.40
20,2023,SUNDARMFIN,EQ,28641,12897,45.03
20,2024,SUNDARMHLD,EQ,160970,80641,50.10
20,2025,SUNDRMBRAK,EQ,2117,1475,69.67
20,2026,SUNDRMFAST,EQ,83185,55096,66.23
20,2027,SUNFLAG,EQ,685388,228297,33.31
20,2028,SUNPHARMA,EQ,1719845,919042,53.44
20,2029,SUNREST,SM,24000,20800,86.67
20,2030,SUNTECK,EQ,1516291,719490,47.45
20,2031,SUNTV,EQ,821384,312520,38.05
20,2032,SUPERHOUSE,EQ,48926,17171,35.10
20,2033,SUPRAJIT,EQ,160163,74856,46.74
20,2034,SUPREMEIND,EQ,172155,103554,60.15
20,2035,SUPREMEPWR,SM,292000,186000,63.70
20,2036,SUPRIYA,EQ,165298,72148,43.65
20,2037,SURAJEST,EQ,194348,104413,53.72
20,2038,SURANI,SM,20400,18800,92.16
20,2039,SURYALAXMI,EQ,11324,8255,72.90
20,2040,SURYAROSNI,EQ,186386,90921,48.78
20,2041,SURYODAY,EQ,443920,182784,41.17
20,2042,SUTLEJTEX,EQ,262347,129294,49.28
20,2043,SUVEN,EQ,371903,200592,53.94
20,2044,SUVENPHAR,EQ,109434,50206,45.88
20,2045,SUZLON,EQ,33524849,20640070,61.57
20,2046,SWANENERGY,EQ,4973130,1307422,26.29
20,2047,SWARAJ,SM,18000,15000,83.33
20,2048,SWARAJENG,EQ,4503,2125,47.19
20,2049,SWASTIK,SM,14400,10800,75.00
20,2050,SWELECTES,EQ,1524370,229052,15.03
20,2051,SWSOLAR,EQ,4789735,2143314,44.75
20,2052,SYMPHONY,EQ,76437,42555,55.67
20,2053,SYNCOMF,EQ,3846299,1860923,48.38
20,2054,SYNGENE,EQ,812877,422513,51.98
20,2055,SYNOPTICS,SM,19200,16800,87.50
20,2056,SYRMA,EQ,502478,259437,51.63
20,2057,SYSTANGO,SM,53200,37200,69.92
20,2058,TAINWALCHM,EQ,4967,4045,81.44
20,2059,TAJGVK,EQ,1357508,367042,27.04
20,2060,TAKE,EQ,925901,328301,35.46
20,2061,TANLA,EQ,1763591,673021,38.16
20,2062,TARACHAND,SM,103000,75000,72.82
20,2063,TARMAT,EQ,197745,91622,46.33
20,2064,TARSONS,EQ,55270,23114,41.82
20,2065,TASTYBITE,EQ,712,322,45.22
20,2066,TATACAP,N6,76,71,93.42
20,2067,TATACAP,N8,400,400,100.00
20,2068,TATACAP,NA,423,408,96.45
20,2069,TATACAPHSG,N6,59,50,84.75
20,2070,TATACAPHSG,N8,1,1,100.00
20,2071,TATACHEM,EQ,808345,233972,28.94
20,2072,TATACOMM,EQ,420843,132736,31.54
20,2073,TATACONSUM,EQ,1040096,582119,55.97
20,2074,TATAELXSI,EQ,400343,237136,59.23
20,2075,TATAGOLD,EQ,674329,481375,71.39
20,2076,TATAINVEST,EQ,149862,41124,27.44
20,2077,TATAMETALI,EQ,96189,18793,19.54
20,2078,TATAMOTORS,EQ,7217542,2664118,36.91
20,2079,TATAMTRDVR,EQ,1778246,1020352,57.38
20,2080,TATAPOWER,EQ,19810051,6977363,35.22
20,2081,TATASTEEL,EQ,39340119,15768536,40.08
20,2082,TATATECH,EQ,469822,246666,52.50
20,2083,TATSILV,EQ,209744,137602,65.60
20,2084,TATVA,EQ,32740,19068,58.24
20,2085,TBZ,EQ,246296,84336,34.24
20,2086,TCI,EQ,31319,12596,40.22
20,2087,TCIEXP,EQ,21382,9500,44.43
20,2088,TCNSBRANDS,EQ,410841,131458,32.00
20,2089,TCPLPACK,EQ,5703,3043,53.36
20,2090,TCS,EQ,2657709,1984308,74.66
20,2091,TDPOWERSYS,EQ,270018,133775,49.54
20,2092,TEAMLEASE,EQ,36083,21564,59.76
20,2093,TECH,EQ,12226,9330,76.31
20,2094,TECHLABS,SM,212000,104000,49.06
20,2095,TECHM,EQ,2008135,978965,48.75
20,2096,TECHNOE,EQ,209043,106862,51.12
20,2097,TEGA,EQ,140274,66318,47.28
20,2098,TEJASNET,EQ,647200,228932,35.37
20,2099,TEMBO,EQ,56621,14003,24.73
20,2100,TEXINFRA,EQ,2010529,599538,29.82
20,2101,TEXMOPIPES,EQ,173993,82513,47.42
20,2102,TEXRAIL,EQ,6706688,2377457,35.45
20,2103,TFCILTD,EQ,7370145,3432829,46.58
20,2104,THANGAMAYL,EQ,8072,5679,70.35
20,2105,THEINVEST,EQ,31230,19346,61.95
20,2106,THEJO,EQ,2073,1274,61.46
20,2107,THEMISMED,EQ,87430,47475,54.30
20,2108,THERMAX,EQ,26051,11826,45.40
20,2109,THOMASCOOK,EQ,1599075,955383,59.75
20,2110,THYROCARE,EQ,55653,16408,29.48
20,2111,TI,EQ,412732,187641,45.46
20,2112,TIDEWATER,EQ,33033,14000,42.38
20,2113,TIIL,EQ,9297,4831,51.96
20,2114,TIINDIA,EQ,274717,128981,46.95
20,2115,TIJARIA,EQ,47091,42695,90.66
20,2116,TIMESCAN,SM,4000,4000,100.00
20,2117,TIMETECHNO,EQ,1801456,432244,23.99
20,2118,TIMKEN,EQ,59190,39271,66.35
20,2119,TIPSINDLTD,EQ,1623425,880323,54.23
20,2120,TIRUMALCHM,EQ,423022,161137,38.09
20,2121,TITAGARH,EQ,1675847,448802,26.78
20,2122,TITAN,EQ,636988,307899,48.34
20,2123,TMB,EQ,111526,53331,47.82
20,2124,TNIDETF,EQ,40734,24166,59.33
20,2125,TNPETRO,EQ,351877,142744,40.57
20,2126,TNPL,EQ,324361,96243,29.67
20,2127,TNTELE,EQ,109722,88871,81.00
20,2128,TOKYOPLAST,EQ,7512,4695,62.50
20,2129,TORNTPHARM,EQ,170599,89470,52.44
20,2130,TORNTPOWER,EQ,428519,184010,42.94
20,2131,TOTAL,EQ,19312,10341,53.55
20,2132,TPLPLASTEH,EQ,330982,105133,31.76
20,2133,TRACXN,EQ,1707338,627029,36.73
20,2134,TRANSTEEL,SM,88000,66000,75.00
20,2135,TREEHOUSE,EQ,45788,30117,65.77
20,2136,TREL,EQ,1668868,654233,39.20
20,2137,TRENT,EQ,339968,174583,51.35
20,2138,TRF,EQ,69533,32124,46.20
20,2139,TRIDENT,EQ,57397809,10851148,18.91
20,2140,TRIDHYA,SM,15000,6000,40.00
20,2141,TRIGYN,EQ,564310,222443,39.42
20,2142,TRIL,EQ,3458395,1617489,46.77
20,2143,TRITURBINE,EQ,829898,643009,77.48
20,2144,TRIVENI,EQ,349425,137653,39.39
20,2145,TRU,EQ,2465662,1045781,42.41
20,2146,TTKHLTCARE,EQ,13372,4727,35.35
20,2147,TTKPRESTIG,EQ,41410,20402,49.27
20,2148,TTL,EQ,39286,25626,65.23
20,2149,TTML,EQ,6695299,1561262,23.32
20,2150,TV18BRDCST,EQ,27542892,4684600,17.01
20,2151,TVSELECT,EQ,73348,26524,36.16
20,2152,TVSHLTD,EQ,14828,8212,55.38
20,2153,TVSHLTD,P1,16227,15199,93.66
20,2154,TVSMOTOR,EQ,903005,469828,52.03
20,2155,TVSSCS,EQ,1807692,754538,41.74
20,2156,TVSSRICHAK,EQ,2883,1092,37.88
20,2157,TVTODAY,EQ,227622,91074,40.01
20,2158,UBL,EQ,333305,130633,39.19
20,2159,UCAL,EQ,31116,17231,55.38
20,2160,UCOBANK,EQ,35928040,8612473,23.97
20,2161,UDS,EQ,198570,90472,45.56
20,2162,UFLEX,EQ,72246,32694,45.25
20,2163,UFO,EQ,1033625,241004,23.32
20,2164,UGARSUGAR,EQ,213590,105148,49.23
20,2165,UGROCAP,EQ,656818,240908,36.68
20,2166,UGROCAP,N1,777,677,87.13
20,2167,UGROCAP,N3,130,90,69.23
20,2168,UGROCAP,N4,75,50,66.67
20,2169,UGROCAP,N5,1,1,100.00
20,2170,UGROCAP,N6,438,200,45.66
20,2171,UGROCAP,N7,10,10,100.00
20,2172,UJJIVAN,EQ,2586233,1311562,50.71
20,2173,UJJIVANSFB,EQ,19758998,8045742,40.72
20,2174,ULTRACEMCO,EQ,272419,138749,50.93
20,2175,UMA,SM,36000,24000,66.67
20,2176,UMAEXPORTS,EQ,222172,108783,48.96
20,2177,UMANGDAIRY,EQ,158335,63294,39.97
20,2178,UNICHEMLAB,EQ,18501,13893,75.09
20,2179,UNIDT,EQ,101833,53558,52.59
20,2180,UNIENTER,EQ,44856,20209,45.05
20,2181,UNIHEALTH,SM,20000,15000,75.00
20,2182,UNIINFO,EQ,158288,74740,47.22
20,2183,UNIONBANK,EQ,25283547,7360950,29.11
20,2184,UNIPARTS,EQ,60148,31870,52.99
20,2185,UNITEDPOLY,EQ,4624,1542,33.35
20,2186,UNITEDTEA,EQ,4608,1090,23.65
20,2187,UNIVCABLES,EQ,20797,11367,54.66
20,2188,UNIVPHOTO,EQ,1226,812,66.23
20,2189,UNOMINDA,EQ,222401,125031,56.22
20,2190,UPL,EQ,1386191,420866,30.36
20,2191,URAVI,EQ,3239,2078,64.16
20,2192,URBAN,SM,7200,6000,83.33
20,2193,URJA,EQ,67093918,19637575,29.27
20,2194,USASEEDS,SM,600,600,100.00
20,2195,USHAMART,EQ,1599922,615929,38.50
20,2196,USK,EQ,442671,179972,40.66
20,2197,UTIAMC,EQ,82488,32451,39.34
20,2198,UTIBANKETF,EQ,1031086,636743,61.75
20,2199,UTINEXT50,EQ,11568,5328,46.06
20,2200,UTINIFTETF,EQ,20196,15503,76.76
20,2201,UTISENSETF,EQ,752,595,79.12
20,2202,UTISXN50,EQ,494,250,50.61
20,2203,UTKARSHBNK,EQ,5072564,2128319,41.96
20,2204,UTTAMSUGAR,EQ,166022,78047,47.01
20,2205,V2RETAIL,EQ,26190,5507,21.03
20,2206,VADILALIND,EQ,65804,31190,47.40
20,2207,VAIBHAVGBL,EQ,2501679,729657,29.17
20,2208,VAISHALI,EQ,40331,21823,54.11
20,2209,VAKRANGEE,EQ,13184940,2413962,18.31
20,2210,VALIANTLAB,EQ,213523,73490,34.42
20,2211,VALIANTORG,EQ,66892,29020,43.38
20,2212,VARDHACRLC,EQ,117706,71975,61.15
20,2213,VARROC,EQ,146408,60836,41.55
20,2214,VASA,ST,4000,4000,100.00
20,2215,VASCONEQ,EQ,4686273,1115960,23.81
20,2216,VASWANI,EQ,90452,63108,69.77
20,2217,VBL,EQ,3071911,2607715,84.89
20,2218,VEDL,EQ,6563186,2862522,43.61
20,2219,VEEKAYEM,SM,30000,22000,73.33
20,2220,VELS,SM,6000,3600,60.00
20,2221,VENKEYS,EQ,27514,6957,25.29
20,2222,VENUSPIPES,EQ,59643,31195,52.30
20,2223,VENUSREM,EQ,126789,95273,75.14
20,2224,VERANDA,EQ,307063,156071,50.83
20,2225,VERTEXPLUS,SM,600,600,100.00
20,2226,VERTOZ,EQ,187352,39299,20.98
20,2227,VESUVIUS,EQ,10715,6223,58.08
20,2228,VETO,EQ,95574,43153,45.15
20,2229,VGUARD,EQ,362406,265234,73.19
20,2230,VHL,EQ,346,234,67.63
20,2231,VIAZ,ST,16000,14000,87.50
20,2232,VIDHIING,EQ,13203,9664,73.20
20,2233,VIJAYA,EQ,293320,212713,72.52
20,2234,VIJIFIN,EQ,265245,207083,78.07
20,2235,VIKASECO,EQ,13187689,7208471,54.66
20,2236,VIKASLIFE,EQ,95430648,33010466,34.59
20,2237,VILINBIO,SM,4000,4000,100.00
20,2238,VIMTALABS,EQ,24259,9224,38.02
20,2239,VINATIORGA,EQ,22515,13209,58.67
20,2240,VINDHYATEL,EQ,10523,4725,44.90
20,2241,VINSYS,SM,5500,4500,81.82
20,2242,VINYAS,SM,6400,4800,75.00
20,2243,VINYLINDIA,EQ,27908,13413,48.06
20,2244,VIPCLOTHNG,EQ,352523,191588,54.35
20,2245,VIPIND,EQ,591645,276470,46.73
20,2246,VIPULLTD,EQ,73270,49114,67.03
20,2247,VIRINCHI,EQ,320081,212026,66.24
20,2248,VISAKAIND,EQ,2318017,736264,31.76
20,2249,VISHNU,EQ,78291,47734,60.97
20,2250,VISHNUINFR,SM,224000,146000,65.18
20,2251,VISHWARAJ,EQ,740009,368097,49.74
20,2252,VITAL,SM,28800,20400,70.83
20,2253,VIVIANA,SM,17000,12000,70.59
20,2254,VLEGOV,EQ,842385,449856,53.40
20,2255,VLSFINANCE,EQ,47497,23127,48.69
20,2256,VMARCIND,SM,69000,56000,81.16
20,2257,VMART,EQ,11283,5037,44.64
20,2258,VOLTAMP,EQ,35281,12651,35.86
20,2259,VOLTAS,EQ,1418343,797014,56.19
20,2260,VPRPL,EQ,679382,195070,28.71
20,2261,VRLLOG,EQ,77902,51437,66.03
20,2262,VSCL,SM,9000,9000,100.00
20,2263,VSSL,EQ,58561,30962,52.87
20,2264,VSTIND,EQ,7827,4567,58.35
20,2265,VSTTILLERS,EQ,10628,4006,37.69
20,2266,VTL,EQ,1570080,650239,41.41
20,2267,WABAG,EQ,343215,169602,49.42
20,2268,WALCHANNAG,EQ,119284,72466,60.75
20,2269,WALPAR,SM,24000,18000,75.00
20,2270,WEBELSOLAR,EQ,1379423,415790,30.14
20,2271,WEL,EQ,4310,1740,40.37
20,2272,WELCORP,EQ,466407,235288,50.45
20,2273,WELENT,EQ,176055,71647,40.70
20,2274,WELSPUNLIV,EQ,5445542,2701479,49.61
20,2275,WENDT,EQ,837,460,54.96
20,2276,WESTLIFE,EQ,130664,77840,59.57
20,2277,WHEELS,EQ,243970,75446,30.92
20,2278,WHIRLPOOL,EQ,42273,16429,38.86
20,2279,WINDLAS,EQ,180661,104554,57.87
20,2280,WINDMACHIN,EQ,186047,77156,41.47
20,2281,WIPRO,EQ,5854375,2354335,40.21
20,2282,WOCKPHARMA,EQ,821845,276535,33.65
20,2283,WOMANCART,ST,3200,3200,100.00
20,2284,WONDERLA,EQ,184037,146654,79.69
20,2285,WORTH,EQ,26405,14136,53.54
20,2286,WSI,EQ,127859,88743,69.41
20,2287,WSTCSTPAPR,EQ,171014,67063,39.21
20,2288,XCHANGING,EQ,395036,155023,39.24
20,2289,XPROINDIA,EQ,32349,12847,39.71
20,2290,YASHO,EQ,5469,3219,58.86
20,2291,YATHARTH,EQ,186462,120204,64.47
20,2292,YATRA,EQ,741968,407191,54.88
20,2293,YCCL,SM,9000,9000,100.00
20,2294,YESBANK,EQ,240904515,42931688,17.82
20,2295,YUDIZ,SM,7200,5600,77.78
20,2296,YUKEN,EQ,4300,3173,73.79
20,2297,ZAGGLE,EQ,537966,211929,39.39
20,2298,ZEAL,SM,29400,25200,85.71
20,2299,ZEEL,EQ,146400155,44766951,30.58
20,2300,ZEEMEDIA,EQ,24543335,4226163,17.22
20,2301,ZENITHEXPO,EQ,2812,553,19.67
20,2302,ZENSARTECH,EQ,1400404,631876,45.12
20,2303,ZENTEC,EQ,336968,209057,62.04
20,2304,ZFCVINDIA,EQ,10915,8028,73.55
20,2305,ZIMLAB,EQ,38708,21355,55.17
20,2306,ZODIACLOTH,EQ,21487,12832,59.72
20,2307,ZOMATO,EQ,54612769,25392278,46.50
20,2308,ZOTA,EQ,11567,6367,55.04
20,2309,ZUARI,EQ,637881,189183,29.66
20,2310,ZUARIIND,EQ,700568,283486,40.47
20,2311,ZYDUSLIFE,EQ,2330199,953132,40.90
20,2312,ZYDUSWELL,EQ,24614,12793,51.97
