Security Wise Delivery Position - Compulsory Rolling Settlement
10,MTO,25012024,2144848561,0002279
Trade Date <25-JAN-2024>,Settlement Type <N>
Record Type,Sr No,Name of Security,Quantity Traded,Deliverable Quantity(gross across client level),% of Deliverable Quantity to Traded Quantity
20,1,182D040724,TB,1000,1000,100.00
20,2,182D060624,TB,600,600,100.00
20,3,182D090524,TB,11200,11200,100.00
20,4,182D180724,TB,1600,1600,100.00
20,5,182D200624,TB,200,200,100.00
20,6,182D230524,TB,1000,1000,100.00
20,7,20MICRONS,EQ,242415,111016,45.80
20,8,360ONE,EQ,244105,172730,70.76
20,9,364D020125,TB,100,100,100.00
20,10,364D051224,TB,600,600,100.00
20,11,364D090125,TB,5700,5700,100.00
20,12,364D110724,TB,200,200,100.00
20,13,364D121224,TB,100,100,100.00
20,14,364D160125,TB,100,100,100.00
20,15,364D160824,TB,10000,10000,100.00
20,16,364D211124,TB,1100,1100,100.00
20,17,364D261224,TB,5500,5500,100.00
20,18,3IINFOLTD,EQ,1912961,664612,34.74
20,19,3MINDIA,EQ,2771,1443,52.08
20,20,3PLAND,EQ,55178,42634,77.27
20,21,563GS2026,GS,19,19,100.00
20,22,574GS2026,GS,91137,91137,100.00
20,23,585GS2030,GS,100,100,100.00
20,24,5PAISA,EQ,37510,21150,56.38
20,25,667GS2050,GS,14835,14835,100.00
20,26,669GS2024,GS,104,104,100.00
20,27,676GS2061,GS,14,14,100.00
20,28,689GS2025,GS,200,200,100.00
20,29,699GS2026,GS,900,900,100.00
20,30,699GS2051,GS,501,501,100.00
20,31,706GS2028,GS,9258,8850,95.59
20,32,710GS2029,GS,266313,266313,100.00
20,33,716GS2050,GS,22913,22908,99.98
20,34,717GS2028,GS,110,110,100.00
20,35,717GS2030,GS,23950,23950,100.00
20,36,718GS2033,GS,8400,8400,100.00
20,37,718GS2037,GS,36883,36782,99.73
20,38,719GS2060,GS,85,85,100.00
20,39,725GS2063,GS,41631,41408,99.46
20,40,726GS2032,GS,3000,3000,100.00
20,41,726GS2033,GS,80,80,100.00
20,42,732GS2030,GS,1400,1400,100.00
20,43,733GS2026,GS,1905,1905,100.00
20,44,736GS2052,GS,4,4,100.00
20,45,737GS2028,GS,3300,2800,84.85
20,46,738GS2027,GS,95983,95982,100.00
20,47,73GS2053,GS,900,900,100.00
20,48,741GS2036,GS,78536,78036,99.36
20,49,743TN33,SG,100,100,100.00
20,50,744AP33,SG,100,100,100.00
20,51,746GS2073,GS,403,403,100.00
20,52,74GS2035,GS,499,499,100.00
20,53,74GS2062,GS,7099,7099,100.00
20,54,754GS2036,GS,1001295,994159,99.29
20,55,759GS2026,GS,1000,500,50.00
20,56,772GS2055,GS,750,750,100.00
20,57,794TN32,SG,5600,5600,100.00
20,58,795GS2032,GS,6,3,50.00
20,59,897GS2030,GS,1161,1161,100.00
20,60,915GS2024,GS,20,20,100.00
20,61,91D010224,TB,900,900,100.00
20,62,91D040424,TB,500,500,100.00
20,63,91D070324,TB,3800,3200,84.21
20,64,91D080224,TB,800,800,100.00
20,65,91D110424,TB,2000,2000,100.00
20,66,91D140324,TB,400,400,100.00
20,67,91D150224,TB,200,200,100.00
20,68,91D180424,TB,2100,2100,100.00
20,69,91D210324,TB,1100,1100,100.00
20,70,91D220224,TB,3000,3000,100.00
20,71,91D280324,TB,600,600,100.00
20,72,91D290224,TB,300,300,100.00
20,73,AARON,EQ,9394,4281,45.57
20,74,AARTECH,EQ,20775,11574,55.71
20,75,AARTIDRUGS,EQ,832545,354891,42.63
20,76,AARTIIND,EQ,1078328,396151,36.74
20,77,AARTIPHARM,EQ,80560,33234,41.25
20,78,AARTISURF,EQ,60074,23878,39.75
20,79,AARTISURF,P1,5,5,100.00
20,80,AARVEEDEN,EQ,204113,65487,32.08
20,81,AARVI,EQ,70020,28912,41.29
20,82,AATMAJ,SM,20000,18000,90.00
20,83,AAVAS,EQ,432558,388954,89.92
20,84,ABB,EQ,114581,47571,41.52
20,85,ABBOTINDIA,EQ,27325,11267,41.23
20,86,ABCAPITAL,EQ,2456757,836567,34.05
20,87,ABCOTS,SM,10000,8000,80.00
20,88,ABFRL,EQ,6531428,3020659,46.25
20,89,ABSLAMC,EQ,75911,45507,59.95
20,90,ABSLBANETF,EQ,90406,76032,84.10
20,91,ABSLLIQUID,EQ,4884,4256,87.14
20,92,ABSLNN50ET,EQ,7146,5287,73.99
20,93,ACC,EQ,3008170,607872,20.21
20,94,ACCELYA,EQ,50024,25096,50.17
20,95,ACCENTMIC,SM,63000,44000,69.84
20,96,ACCORD,ST,8000,8000,100.00
20,97,ACE,EQ,129831,70030,53.94
20,98,ACEINTEG,EQ,7579,6561,86.57
20,99,ACI,EQ,131602,66250,50.34
20,100,ACL,EQ,41522,24084,58.00
20,101,ACLGATI,EQ,215839,98430,45.60
20,102,ACSAL,SM,30000,24000,80.00
20,103,ADANIENSOL,EQ,1505572,346507,23.01
20,104,ADANIENT,EQ,2601969,803288,30.87
20,105,ADANIGREEN,EQ,1088872,354341,32.54
20,106,ADANIPORTS,EQ,4305042,1601639,37.20
20,107,ADFFOODS,EQ,61103,26684,43.67
20,108,ADORWELD,EQ,14191,7302,51.46
20,109,ADSL,EQ,729427,289878,39.74
20,110,ADVANIHOTR,EQ,705219,267179,37.89
20,111,ADVENZYMES,EQ,126837,64834,51.12
20,112,AEGISCHEM,EQ,340968,164481,48.24
20,113,AEROFLEX,EQ,819691,372743,45.47
20,114,AETHER,EQ,39176,19783,50.50
20,115,AFFLE,EQ,111560,49268,44.16
20,116,AGARIND,EQ,28780,13725,47.69
20,117,AGARWALFT,SM,12000,6000,50.00
20,118,AGI,EQ,110487,59664,54.00
20,119,AGNI,SM,50000,50000,100.00
20,120,AGRITECH,EQ,13710,6504,47.44
20,121,AGROPHOS,EQ,139207,75751,54.42
20,122,AGSTRA,EQ,998201,741889,74.32
20,123,AGUL,ST,46000,32000,69.57
20,124,AHL,EQ,32351,17564,54.29
20,125,AHLADA,EQ,68154,43503,63.83
20,126,AHLEAST,EQ,26685,13862,51.95
20,127,AHLUCONT,EQ,19253,9221,47.89
20,128,AIAENG,EQ,145403,59806,41.13
20,129,AILIMITED,SM,6000,6000,100.00
20,130,AIROLAM,EQ,2030,1544,76.06
20,131,AIRTELPP,E1,96602,62999,65.22
20,132,AISL,SM,2400,1200,50.00
20,133,AJANTPHARM,EQ,54039,31453,58.20
20,134,AJMERA,EQ,60443,19376,32.06
20,135,AKANKSHA,SM,338000,248000,73.37
20,136,AKG,EQ,109029,60205,55.22
20,137,AKSHARCHEM,EQ,9136,4484,49.08
20,138,AKZOINDIA,EQ,17145,10430,60.83
20,139,ALBERTDAVD,EQ,350145,122048,34.86
20,140,ALEMBICLTD,EQ,819491,313113,38.21
20,141,ALICON,EQ,9986,4755,47.62
20,142,ALKALI,EQ,14691,6831,46.50
20,143,ALKEM,EQ,213702,113203,52.97
20,144,ALKYLAMINE,EQ,63839,23054,36.11
20,145,ALLCARGO,EQ,1029099,449412,43.67
20,146,ALLETEC,SM,27200,16800,61.76
20,147,ALLSEC,EQ,367950,106304,28.89
20,148,ALOKINDS,EQ,21213985,11073925,52.20
20,149,ALPA,EQ,75535,41320,54.70
20,150,ALPHAETF,EQ,100954,67929,67.29
20,151,ALPHAGEO,EQ,8567,5674,66.23
20,152,ALPL30IETF,EQ,67797,41329,60.96
20,153,ALPSINDUS,EQ,53837,53837,100.00
20,154,AMBANIORG,SM,10000,10000,100.00
20,155,AMBER,EQ,401307,106645,26.57
20,156,AMBICAAGAR,EQ,40028,30387,75.91
20,157,AMBIKCO,EQ,12027,6340,52.71
20,158,AMBUJACEM,EQ,8019238,2734666,34.10
20,159,AMEYA,SM,22000,20000,90.91
20,160,AMIORG,EQ,77386,46496,60.08
20,161,AMJLAND,EQ,39377,23334,59.26
20,162,AMNPLST,EQ,5683,3505,61.68
20,163,AMRUTANJAN,EQ,16195,10828,66.86
20,164,ANANDRATHI,EQ,107980,70463,65.26
20,165,ANANTRAJ,EQ,1054256,652202,61.86
20,166,ANDHRAPAP,EQ,110378,29401,26.64
20,167,ANDHRSUGAR,EQ,244495,111699,45.69
20,168,ANGELONE,EQ,658771,327917,49.78
20,169,ANLON,SM,1200,1200,100.00
20,170,ANMOL,EQ,1149613,443832,38.61
20,171,ANNAPURNA,SM,30500,24500,80.33
20,172,ANUP,EQ,10229,6227,60.88
20,173,ANURAS,EQ,67276,31656,47.05
20,174,APARINDS,EQ,56807,28568,50.29
20,175,APCL,EQ,15561,10158,65.28
20,176,APCOTEXIND,EQ,81468,39275,48.21
20,177,APEX,EQ,231583,75815,32.74
20,178,APLAPOLLO,EQ,557859,434579,77.90
20,179,APLLTD,EQ,194531,101843,52.35
20,180,APOLLOHOSP,EQ,337391,205113,60.79
20,181,APOLLOPIPE,EQ,131442,58652,44.62
20,182,APOLLOTYRE,EQ,1623437,592824,36.52
20,183,APOLSINHOT,EQ,3955,2413,61.01
20,184,APS,ST,30000,30000,100.00
20,185,APTECHT,EQ,341083,155524,45.60
20,186,APTUS,EQ,306123,138018,45.09
20,187,ARABIAN,SM,12000,12000,100.00
20,188,ARCHIES,EQ,1145576,405944,35.44
20,189,ARE&M,EQ,532634,302222,56.74
20,190,ARENTERP,EQ,47463,25740,54.23
20,191,ARHAM,SM,21000,16000,76.19
20,192,ARIES,EQ,171867,80632,46.92
20,193,ARIHANTCAP,EQ,724008,367353,50.74
20,194,ARIHANTSUP,EQ,98988,66070,66.75
20,195,ARISTO,SM,8000,6400,80.00
20,196,ARMANFIN,EQ,24326,11618,47.76
20,197,AROGRANITE,EQ,71595,56773,79.30
20,198,ARROWGREEN,EQ,26038,12598,48.38
20,199,ARTEMISMED,EQ,37487,21027,56.09
20,200,ARVIND,EQ,1968144,1272073,64.63
20,201,ARVINDFASN,EQ,438015,309222,70.60
20,202,ARVSMART,EQ,52968,30353,57.30
20,203,ASAHIINDIA,EQ,467706,109947,23.51
20,204,ASAHISONG,EQ,12705,10002,78.72
20,205,ASAL,EQ,722039,199075,27.57
20,206,ASALCBR,EQ,46173,26295,56.95
20,207,ASHAPURMIN,EQ,178251,136252,76.44
20,208,ASHIANA,EQ,1422519,316777,22.27
20,209,ASHIMASYN,EQ,1309697,773576,59.07
20,210,ASHOKA,EQ,4355752,1241197,28.50
20,211,ASHOKLEY,EQ,10840926,5577582,51.45
20,212,ASIANENE,EQ,145266,110212,75.87
20,213,ASIANPAINT,EQ,2001961,1328514,66.36
20,214,ASIANTILES,EQ,816067,368585,45.17
20,215,ASKAUTOLTD,EQ,221207,106015,47.93
20,216,ASLIND,ST,36000,36000,100.00
20,217,ASPINWALL,EQ,24421,10687,43.76
20,218,ASTEC,EQ,45683,26915,58.92
20,219,ASTERDM,EQ,138218,63981,46.29
20,220,ASTRAL,EQ,512718,312640,60.98
20,221,ASTRAMICRO,EQ,479011,129612,27.06
20,222,ASTRAZEN,EQ,3675,2568,69.88
20,223,ASTRON,EQ,498084,246824,49.55
20,224,ATAM,EQ,30271,22854,75.50
20,225,ATFL,EQ,17268,10354,59.96
20,226,ATGL,EQ,824946,296896,35.99
20,227,ATL,EQ,1493017,957069,64.10
20,228,ATUL,EQ,19367,6075,31.37
20,229,ATULAUTO,EQ,136221,46228,33.94
20,230,AUBANK,EQ,5475393,2311493,42.22
20,231,AURDIS,SM,4500,4500,100.00
20,232,AUROIMPEX,SM,48000,35200,73.33
20,233,AUROPHARMA,EQ,1951555,863452,44.24
20,234,AURUM,EQ,189947,90894,47.85
20,235,AURUMPP,E1,24626,20209,82.06
20,236,AUSOMENT,EQ,65119,35284,54.18
20,237,AUTOAXLES,EQ,10465,5743,54.88
20,238,AUTOBEES,EQ,46272,31300,67.64
20,239,AUTOIETF,EQ,3213,1489,46.34
20,240,AUTOIND,EQ,55488,36635,66.02
20,241,AVADHSUGAR,EQ,53800,16262,30.23
20,242,AVALON,EQ,68699,40225,58.55
20,243,AVANTIFEED,EQ,644787,187523,29.08
20,244,AVG,EQ,79279,62009,78.22
20,245,AVONMORE,EQ,1788047,511744,28.62
20,246,AVROIND,EQ,60992,38862,63.72
20,247,AVTNPL,EQ,132368,68628,51.85
20,248,AWHCL,EQ,361537,137643,38.07
20,249,AWL,EQ,1018148,455932,44.78
20,250,AXISBANK,EQ,20835434,12540498,60.19
20,251,AXISBNKETF,EQ,4452,2966,66.62
20,252,AXISBPSETF,EQ,76994,39578,51.40
20,253,AXISCADES,EQ,63827,33134,51.91
20,254,AXISCETF,EQ,1361,1265,92.95
20,255,AXISGOLD,EQ,40347,19418,48.13
20,256,AXISHCETF,EQ,1971,1049,53.22
20,257,AXISILVER,EQ,11661,10150,87.04
20,258,AXISNIFTY,EQ,4217,3307,78.42
20,259,AXISTECETF,EQ,85893,84664,98.57
20,260,AXITA,EQ,2251046,1219865,54.19
20,261,AXSENSEX,EQ,1469,860,58.54
20,262,AYMSYNTEX,EQ,54718,35998,65.79
20,263,AZAD,EQ,140295,74057,52.79
20,264,BABAFP,SM,30400,25600,84.21
20,265,BAHETI,SM,6750,6750,100.00
20,266,BAIDFIN,EQ,151032,73110,48.41
20,267,BAJAJ-AUTO,EQ,2065788,598600,28.98
20,268,BAJAJCON,EQ,433616,187773,43.30
20,269,BAJAJELEC,EQ,32534,16366,50.30
20,270,BAJAJFINSV,EQ,1744604,1163122,66.67
20,271,BAJAJHCARE,EQ,46174,20899,45.26
20,272,BAJAJHIND,EQ,18314637,9580470,52.31
20,273,BAJAJHLDNG,EQ,14926,6067,40.65
20,274,BAJEL,EQ,760975,494922,65.04
20,275,BAJFINANCE,EQ,1168349,785053,67.19
20,276,BALAJITELE,EQ,661223,224243,33.91
20,277,BALAMINES,EQ,25877,10821,41.82
20,278,BALAXI,EQ,4779,3043,63.67
20,279,BALKRISHNA,EQ,634460,374801,59.07
20,280,BALKRISIND,EQ,911365,190374,20.89
20,281,BALMLAWRIE,EQ,1566150,549965,35.12
20,282,BALPHARMA,EQ,34321,21152,61.63
20,283,BALRAMCHIN,EQ,3079694,705907,22.92
20,284,BANARBEADS,EQ,37748,22872,60.59
20,285,BANARISUG,EQ,2036,1332,65.42
20,286,BANCOINDIA,EQ,121222,49135,40.53
20,287,BANDHANBNK,EQ,14015556,5698631,40.66
20,288,BANKBARODA,EQ,20473287,7041983,34.40
20,289,BANKBEES,EQ,2098424,1326734,63.23
20,290,BANKETF,EQ,10522,8866,84.26
20,291,BANKIETF,EQ,580272,474144,81.71
20,292,BANKINDIA,EQ,12029308,4940418,41.07
20,293,BANSWRAS,EQ,104766,59533,56.82
20,294,BARBEQUE,EQ,48157,32334,67.14
20,295,BASF,EQ,8243,3789,45.97
20,296,BASILIC,SM,64800,49200,75.93
20,297,BASML,EQ,245631,138518,56.39
20,298,BATAINDIA,EQ,324588,186265,57.39
20,299,BAYERCROP,EQ,7950,3939,49.55
20,300,BBETF0432,EQ,3088,2541,82.29
20,301,BBL,EQ,45095,20008,44.37
20,302,BBNPPGOLD,EQ,85066,84773,99.66
20,303,BBTC,EQ,298128,92931,31.17
20,304,BBTCL,EQ,2900,1984,68.41
20,305,BCG,EQ,16354770,5217891,31.90
20,306,BCLIND,EQ,2116645,966446,45.66
20,307,BDL,EQ,610285,260742,42.72
20,308,BECTORFOOD,EQ,149742,92760,61.95
20,309,BEDMUTHA,EQ,133971,112536,84.00
20,310,BEL,EQ,12592882,6170109,49.00
20,311,BEML,EQ,201941,61463,30.44
20,312,BEPL,EQ,872393,416474,47.74
20,313,BERGEPAINT,EQ,1099198,472467,42.98
20,314,BETA,SM,3200,2100,65.63
20,315,BEWLTD,SM,5500,4250,77.27
20,316,BFINVEST,EQ,29499,12005,40.70
20,317,BFSI,EQ,559977,515201,92.00
20,318,BFUTILITIE,EQ,83406,38058,45.63
20,319,BGRENERGY,EQ,362097,109280,30.18
20,320,BHAGCHEM,EQ,8032,4593,57.18
20,321,BHAGERIA,EQ,44535,21296,47.82
20,322,BHAGYANGR,EQ,282169,117647,41.69
20,323,BHANDARI,EQ,1341323,592939,44.21
20,324,BHARATFORG,EQ,792922,410402,51.76
20,325,BHARATGEAR,EQ,19212,10715,55.77
20,326,BHARATRAS,EQ,314,152,48.41
20,327,BHARTIARTL,EQ,11424697,8574609,75.05
20,328,BHEL,EQ,34410301,7378927,21.44
20,329,BIGBLOC,EQ,96280,50592,52.55
20,330,BIKAJI,EQ,115842,61133,52.77
20,331,BIOCON,EQ,3864418,2041663,52.83
20,332,BIOFILCHEM,EQ,1235679,503909,40.78
20,333,BIRET,RR,428553,414620,96.75
20,334,BIRLACABLE,EQ,56018,33081,59.05
20,335,BIRLACORPN,EQ,150505,127310,84.59
20,336,BIRLAMONEY,EQ,508569,261585,51.44
20,337,BLAL,EQ,585268,244911,41.85
20,338,BLBLIMITED,EQ,1044238,619303,59.31
20,339,BLISSGVS,EQ,779312,437640,56.16
20,340,BLKASHYAP,EQ,848881,432353,50.93
20,341,BLS,EQ,919080,385137,41.90
20,342,BLUEDART,EQ,19337,11316,58.52
20,343,BLUEJET,EQ,123056,82440,66.99
20,344,BLUESTARCO,EQ,302945,173426,57.25
20,345,BMETRICS,SM,2400,2000,83.33
20,346,BODALCHEM,EQ,502494,195342,38.87
20,347,BOMDYEING,EQ,12974878,4980470,38.39
20,348,BOROLTD,EQ,186909,84033,44.96
20,349,BORORENEW,EQ,4640835,845120,18.21
20,350,BOSCHLTD,EQ,10866,4244,39.06
20,351,BPCL,EQ,10673337,4720248,44.22
20,352,BRIGADE,EQ,180525,76090,42.15
20,353,BRIGHT,ST,273000,264000,96.70
20,354,BRITANNIA,EQ,342129,182159,53.24
20,355,BRITANNIA,N3,2176,1351,62.09
20,356,BRNL,EQ,544141,292374,53.73
20,357,BROOKS,EQ,44926,32007,71.24
20,358,BSE,EQ,786414,562402,71.51
20,359,BSE500IETF,EQ,98391,82774,84.13
20,360,BSHSL,EQ,92014,61356,66.68
20,361,BSL,EQ,4200,3278,78.05
20,362,BSLGOLDETF,EQ,8919,5767,64.66
20,363,BSLNIFTY,EQ,126402,81842,64.75
20,364,BSLSENETFG,EQ,567,497,87.65
20,365,BSOFT,EQ,3452703,613511,17.77
20,366,BTML,EQ,247585,139247,56.24
20,367,BUTTERFLY,EQ,4180,2830,67.70
20,368,CADSYS,SM,8000,5000,62.50
20,369,CAMLINFINE,EQ,218839,110772,50.62
20,370,CAMPUS,EQ,325258,158678,48.79
20,371,CAMS,EQ,74779,35240,47.13
20,372,CANARYS,SM,100000,88000,88.00
20,373,CANBK,EQ,12355761,3733431,30.22
20,374,CANFINHOME,EQ,1041879,499486,47.94
20,375,CANTABIL,EQ,226189,58752,25.97
20,376,CAPACITE,EQ,831073,442848,53.29
20,377,CAPLIPOINT,EQ,75613,41330,54.66
20,378,CAPTRUST,EQ,7277,4606,63.30
20,379,CARBORUNIV,EQ,445878,21973,4.93
20,380,CAREERP,EQ,54588,29394,53.85
20,381,CARERATING,EQ,310591,172460,55.53
20,382,CARTRADE,EQ,267563,83404,31.17
20,383,CARYSIL,EQ,70777,30521,43.12
20,384,CASTROLIND,EQ,1775150,817896,46.07
20,385,CCL,EQ,63607,32724,51.45
20,386,CDSL,EQ,464589,243624,52.44
20,387,CEATLTD,EQ,438596,158526,36.14
20,388,CELLECOR,SM,111600,66000,59.14
20,389,CELLO,EQ,189945,104333,54.93
20,390,CELLPOINT,SM,16800,12000,71.43
20,391,CENTENKA,EQ,39090,22160,56.69
20,392,CENTRALBK,EQ,20464938,6707968,32.78
20,393,CENTRUM,EQ,3876728,1380237,35.60
20,394,CENTUM,EQ,25720,14556,56.59
20,395,CENTURYPLY,EQ,131213,59001,44.97
20,396,CENTURYTEX,EQ,481311,393723,81.80
20,397,CERA,EQ,12971,7381,56.90
20,398,CESC,EQ,4206714,1833609,43.59
20,399,CGCL,EQ,711214,248366,34.92
20,400,CGPOWER,EQ,5235201,3965586,75.75
20,401,CHALET,EQ,801418,229469,28.63
20,402,CHAMBLFERT,EQ,1533902,449332,29.29
20,403,CHAVDA,SM,72000,46000,63.89
20,404,CHEMBOND,EQ,84692,35813,42.29
20,405,CHEMCON,EQ,74796,27740,37.09
20,406,CHEMFAB,EQ,9800,5271,53.79
20,407,CHEMPLASTS,EQ,45581,18310,40.17
20,408,CHENNPETRO,EQ,1384509,289812,20.93
20,409,CHEVIOT,EQ,4301,2012,46.78
20,410,CHOICEIN,EQ,373453,77640,20.79
20,411,CHOLAFIN,EQ,1302157,512261,39.34
20,412,CHOLAFIN,N1,170,85,50.00
20,413,CHOLAFIN,N6,215,115,53.49
20,414,CHOLAFIN,N7,26,26,100.00
20,415,CHOLAHLDNG,EQ,519335,411285,79.19
20,416,CIEINDIA,EQ,154069,77517,50.31
20,417,CIGNITITEC,EQ,81357,32636,40.11
20,418,CIPLA,EQ,1801468,904886,50.23
20,419,CLEAN,EQ,58366,27143,46.50
20,420,CLEDUCATE,EQ,216241,95047,43.95
20,421,CLOUD,SM,1205000,562000,46.64
20,422,CLSEL,EQ,91055,33418,36.70
20,423,CLSL,SM,14000,12000,85.71
20,424,CMNL,SM,295500,168000,56.85
20,425,CMRSL,SM,800,800,100.00
20,426,CMSINFO,EQ,1803606,1029733,57.09
20,427,COALINDIA,EQ,13440949,4751748,35.35
20,428,COASTCORP,EQ,14965,9830,65.69
20,429,COCHINSHIP,EQ,2473935,599657,24.24
20,430,COFFEEDAY,EQ,3215573,943812,29.35
20,431,COFORGE,EQ,392096,211373,53.91
20,432,COLPAL,EQ,215858,85310,39.52
20,433,COMMITTED,SM,4800,4800,100.00
20,434,COMMOIETF,EQ,119151,14124,11.85
20,435,COMSYN,EQ,18994,14827,78.06
20,436,CONCOR,EQ,1772063,887746,50.10
20,437,CONCORDBIO,EQ,64812,38952,60.10
20,438,CONFIPET,EQ,818130,375488,45.90
20,439,CONSOFINVT,EQ,32457,17835,54.95
20,440,CONSUMBEES,EQ,20997,13004,61.93
20,441,CONSUMIETF,EQ,35354,32682,92.44
20,442,CONTI,SM,3333,3333,100.00
20,443,CONTROLPR,EQ,29236,13693,46.84
20,444,COOLCAPS,SM,3000,2750,91.67
20,445,CORDSCABLE,EQ,130582,63857,48.90
20,446,COROMANDEL,EQ,229113,92855,40.53
20,447,COSMOFIRST,EQ,34012,21870,64.30
20,448,CPS,SM,2400,2400,100.00
20,449,CPSEETF,EQ,2592992,1148602,44.30
20,450,CRAFTSMAN,EQ,29326,15370,52.41
20,451,CRAYONS,SM,92000,54000,58.70
20,452,CREATIVE,EQ,28657,12371,43.17
20,453,CREATIVEYE,EQ,10529,10029,95.25
20,454,CREDITACC,EQ,755884,414788,54.87
20,455,CREDITACC,N1,17,17,100.00
20,456,CREDITACC,N3,104,104,100.00
20,457,CREDITACC,N5,300,300,100.00
20,458,CREDITACC,ND,16315,16315,100.00
20,459,CREST,EQ,63285,27436,43.35
20,460,CRISIL,EQ,73002,32886,45.05
20,461,CROMPTON,EQ,2052008,1280814,62.42
20,462,CSBBANK,EQ,273909,127787,46.65
20,463,CSLFINANCE,EQ,21160,11967,56.55
20,464,CTE,EQ,48920,26720,54.62
20,465,CUB,EQ,1684131,536606,31.86
20,466,CUMMINSIND,EQ,434655,212041,48.78
20,467,CYBERMEDIA,EQ,300794,205210,68.22
20,468,CYBERTECH,EQ,336262,167574,49.83
20,469,CYIENT,EQ,405839,249272,61.42
20,470,CYIENTDLM,EQ,780835,465768,59.65
20,471,DABUR,EQ,924085,528464,57.19
20,472,DALBHARAT,EQ,694448,257266,37.05
20,473,DALMIASUG,EQ,73597,20127,27.35
20,474,DAMODARIND,EQ,60170,39677,65.94
20,475,DATAMATICS,EQ,82500,33953,41.16
20,476,DATAPATTNS,EQ,99093,51029,51.50
20,477,DAVANGERE,EQ,15292,9401,61.48
20,478,DBCORP,EQ,2149605,834194,38.81
20,479,DBL,EQ,533322,235777,44.21
20,480,DBOL,EQ,156027,88124,56.48
20,481,DBREALTY,EQ,2476777,1296522,52.35
20,482,DCAL,EQ,428202,171081,39.95
20,483,DCBBANK,EQ,8377656,4355558,51.99
20,484,DCI,EQ,29461,21197,71.95
20,485,DCM,EQ,80701,40629,50.35
20,486,DCMNVL,EQ,141718,92310,65.14
20,487,DCMSHRIRAM,EQ,26838,10600,39.50
20,488,DCMSRIND,EQ,191565,75910,39.63
20,489,DCW,EQ,4881829,1649587,33.79
20,490,DCXINDIA,EQ,2602294,1767146,67.91
20,491,DECCANCE,EQ,11037,6372,57.73
20,492,DEEPAKFERT,EQ,579382,182868,31.56
20,493,DEEPAKNTR,EQ,125374,44324,35.35
20,494,DEEPENR,EQ,28510,18009,63.17
20,495,DEEPINDS,EQ,93305,50339,53.95
20,496,DELHIVERY,EQ,589068,370271,62.86
20,497,DELPHIFX,EQ,24128,19617,81.30
20,498,DELTACORP,EQ,2953208,952407,32.25
20,499,DELTAMAGNT,EQ,3321,2081,62.66
20,500,DEN,EQ,3200589,1133742,35.42
20,501,DENEERS,SM,6000,4200,70.00
20,502,DENORA,EQ,17062,9649,56.55
20,503,DENTALKART,SM,5000,4250,85.00
20,504,DESTINY,SM,6000,6000,100.00
20,505,DEVYANI,EQ,899416,451136,50.16
20,506,DGCONTENT,EQ,7297,6693,91.72
20,507,DHAMPURSUG,EQ,325054,84500,26.00
20,508,DHANBANK,EQ,6587295,4393990,66.70
20,509,DHANI,EQ,994980,466738,46.91
20,510,DHANILOANS,N8,1113,1108,99.55
20,511,DHANILOANS,NX,15,15,100.00
20,512,DHANILOANS,Y5,231,231,100.00
20,513,DHANUKA,EQ,36519,14983,41.03
20,514,DHARMAJ,EQ,77016,33865,43.97
20,515,DHRUV,EQ,111215,76651,68.92
20,516,DHUNINV,EQ,19132,9719,50.80
20,517,DIAMINESQ,EQ,8449,5409,64.02
20,518,DIAMONDYD,EQ,62476,27535,44.07
20,519,DICIND,EQ,2793,1796,64.30
20,520,DIGIDRIVE,EQ,965504,670902,69.49
20,521,DIGIKORE,SM,23200,20800,89.66
20,522,DIGISPICE,EQ,564898,332081,58.79
20,523,DIL,EQ,6923787,5468923,78.99
20,524,DISHTV,EQ,29993655,10129913,33.77
20,525,DIVGIITTS,EQ,28102,15777,56.14
20,526,DIVISLAB,EQ,407761,215346,52.81
20,527,DIVOPPBEES,EQ,24154,17670,73.16
20,528,DIXON,EQ,296056,112492,38.00
20,529,DJML,EQ,3436,2202,64.09
20,530,DKEGL,SM,1500,1500,100.00
20,531,DLF,EQ,9110800,3783574,41.53
20,532,DLINKINDIA,EQ,128804,53888,41.84
20,533,DMART,EQ,200269,132233,66.03
20,534,DMCC,EQ,12252,6065,49.50
20,535,DODLA,EQ,51802,26326,50.82
20,536,DOLATALGO,EQ,136900,89232,65.18
20,537,DOLLAR,EQ,54275,22517,41.49
20,538,DOLLEX,SM,40000,20000,50.00
20,539,DOMS,EQ,113985,61165,53.66
20,540,DONEAR,EQ,157850,60248,38.17
20,541,DPABHUSHAN,EQ,15930,11831,74.27
20,542,DPSCLTD,EQ,6991101,3820110,54.64
20,543,DPWIRES,EQ,33708,16342,48.48
20,544,DREAMFOLKS,EQ,433709,197304,45.49
20,545,DREDGECORP,EQ,121438,39222,32.30
20,546,DRL,ST,9000,9000,100.00
20,547,DRONE,SM,30000,19000,63.33
20,548,DRREDDY,EQ,535502,298494,55.74
20,549,DSPBANKETF,EQ,43396,31494,72.57
20,550,DSPGOLDETF,EQ,365338,365284,99.99
20,551,DSPITETF,EQ,7380,7150,96.88
20,552,DSPN50ETF,EQ,840,593,70.60
20,553,DSPNEWETF,EQ,35971,35237,97.96
20,554,DSPPSBKETF,EQ,14607,9920,67.91
20,555,DSPPVBKETF,EQ,226842,154975,68.32
20,556,DSPQ50ETF,EQ,716,556,77.65
20,557,DSPSENXETF,EQ,1303,1103,84.65
20,558,DSPSILVETF,EQ,3881,2520,64.93
20,559,DSSL,EQ,19410,10642,54.83
20,560,DTIL,EQ,27449,11154,40.64
20,561,DUCOL,SM,21600,17600,81.48
20,562,DUGLOBAL,SM,2500,2500,100.00
20,563,DVL,EQ,1179733,364754,30.92
20,564,DWARKESH,EQ,1546608,476503,30.81
20,565,DYCL,EQ,22853,15337,67.11
20,566,DYNAMATECH,EQ,19789,8391,42.40
20,567,DYNAMIC,SM,44000,32000,72.73
20,568,DYNPRO,EQ,25668,12457,48.53
20,569,EASEMYTRIP,EQ,24454115,8298892,33.94
20,570,EBBETF0425,EQ,6208,5070,81.67
20,571,EBBETF0430,EQ,9891,9371,94.74
20,572,EBBETF0431,EQ,13847,13723,99.10
20,573,EBBETF0433,EQ,18540,15718,84.78
20,574,ECLERX,EQ,30051,16728,55.67
20,575,ECLFINANCE,NJ,10,10,100.00
20,576,ECLFINANCE,NK,940,915,97.34
20,577,ECLFINANCE,NR,9005,9005,100.00
20,578,ECLFINANCE,NS,260,260,100.00
20,579,EDELWEISS,EQ,4940619,2009779,40.68
20,580,EFACTOR,SM,78400,65600,83.67
20,581,EFORCE,SM,92400,69600,75.32
20,582,EGOLD,EQ,1201,1166,97.09
20,583,EICHERMOT,EQ,699432,374624,53.56
20,584,EIDPARRY,EQ,1320387,437078,33.10
20,585,EIFFL,EQ,19084,16569,86.82
20,586,EIHAHOTELS,EQ,29939,12722,42.49
20,587,EIHOTEL,EQ,2649598,2135759,80.61
20,588,EKC,EQ,726081,260388,35.86
20,589,ELDEHSG,EQ,1681,750,44.62
20,590,ELECON,EQ,1289928,360262,27.93
20,591,ELECTCAST,EQ,7895675,4299422,54.45
20,592,ELGIEQUIP,EQ,555182,255953,46.10
20,593,ELIN,EQ,310238,142545,45.95
20,594,EMAMILTD,EQ,1000614,789799,78.93
20,595,EMAMIPAP,EQ,170065,71165,41.85
20,596,EMBASSY,RR,327861,273348,83.37
20,597,EMIL,EQ,190679,124334,65.21
20,598,EMKAYTOOLS,SM,600,600,100.00
20,599,EMMBI,EQ,1878538,656965,34.97
20,600,EMSLIMITED,EQ,151218,74206,49.07
20,601,EMUDHRA,EQ,140574,89648,63.77
20,602,ENDURANCE,EQ,49667,26516,53.39
20,603,ENGINERSIN,EQ,5011413,1513678,30.20
20,604,ENIL,EQ,176423,64272,36.43
20,605,EPIGRAL,EQ,58868,26823,45.56
20,606,EPL,EQ,565652,278104,49.17
20,607,EQUITASBNK,EQ,9106648,2267398,24.90
20,608,ERFLNCDI,N5,30,30,100.00
20,609,ERFLNCDI,N6,10,10,100.00
20,610,ERIS,EQ,68533,28519,41.61
20,611,EROSMEDIA,EQ,733264,444901,60.67
20,612,ESABINDIA,EQ,3151,2360,74.90
20,613,ESAFSFB,EQ,883764,446093,50.48
20,614,ESCORTS,EQ,206334,75455,36.57
20,615,ESFL,SM,20400,16800,82.35
20,616,ESG,EQ,167245,160576,96.01
20,617,ESILVER,EQ,9974,9051,90.75
20,618,ESSARSHPNG,EQ,257433,169626,65.89
20,619,ESTER,EQ,96499,55802,57.83
20,620,ETHOSLTD,EQ,101051,37299,36.91
20,621,EUROBOND,SM,1000,1000,100.00
20,622,EUROTEXIND,EQ,16744,11924,71.21
20,623,EVEREADY,EQ,81626,36956,45.27
20,624,EVERESTIND,EQ,8793,4094,46.56
20,625,EXCELINDUS,EQ,8003,3809,47.59
20,626,EXIDEIND,EQ,3275873,1408530,43.00
20,627,EXPLEOSOL,EQ,47330,25636,54.16
20,628,EXXARO,EQ,272057,178086,65.46
20,629,FACT,EQ,4922603,866279,17.60
20,630,FAIRCHEMOR,EQ,4116,1999,48.57
20,631,FAZE3Q,EQ,13634,6899,50.60
20,632,FCL,EQ,165106,71729,43.44
20,633,FCSSOFT,EQ,9566813,4407641,46.07
20,634,FDC,EQ,144895,64169,44.29
20,635,FEDERALBNK,EQ,18228649,6295351,34.54
20,636,FEDFINA,EQ,495150,274305,55.40
20,637,FELIX,SM,15000,9000,60.00
20,638,FIBERWEB,EQ,1091020,571707,52.40
20,639,FIDEL,SM,16000,12000,75.00
20,640,FIEMIND,EQ,24007,11065,46.09
20,641,FILATEX,EQ,4480079,1786492,39.88
20,642,FINCABLES,EQ,451277,213874,47.39
20,643,FINEORG,EQ,36830,14182,38.51
20,644,FINIETF,EQ,630282,612759,97.22
20,645,FINOPB,EQ,184216,127152,69.02
20,646,FINPIPE,EQ,288011,133540,46.37
20,647,FIVESTAR,EQ,419862,299700,71.38
20,648,FLAIR,EQ,169500,87439,51.59
20,649,FLEXITUFF,EQ,13095,8283,63.25
20,650,FLUOROCHEM,EQ,38710,15942,41.18
20,651,FMCGIETF,EQ,15186,13010,85.67
20,652,FMGOETZE,EQ,60327,30269,50.17
20,653,FOCE,SM,200,200,100.00
20,654,FOCUS,EQ,83107,42816,51.52
20,655,FOODSIN,EQ,133220,71783,53.88
20,656,FORTIS,EQ,1236775,626040,50.62
20,657,FOSECOIND,EQ,1073,614,57.22
20,658,FROG,SM,40000,32800,82.00
20,659,FSL,EQ,1188550,490114,41.24
20,660,FUSION,EQ,315502,249171,78.98
20,661,GABRIEL,EQ,214391,168256,78.48
20,662,GAEL,EQ,1930427,643008,33.31
20,663,GAIL,EQ,16725897,6770060,40.48
20,664,GALAXYSURF,EQ,12966,6693,51.62
20,665,GALLANTT,EQ,220266,112717,51.17
20,666,GANDHAR,EQ,630167,222289,35.27
20,667,GANDHITUBE,EQ,47858,15410,32.20
20,668,GANECOS,EQ,156289,106837,68.36
20,669,GANESHBE,EQ,1166199,554186,47.52
20,670,GANESHHOUC,EQ,513065,222889,43.44
20,671,GANGESSECU,EQ,6128,4568,74.54
20,672,GARFIBRES,EQ,7056,3650,51.73
20,673,GATECHDVR,EQ,393096,232047,59.03
20,674,GATEWAY,EQ,932656,342405,36.71
20,675,GEECEE,EQ,78613,34921,44.42
20,676,GENESYS,EQ,122543,56045,45.73
20,677,GENUSPAPER,EQ,7135322,2086742,29.25
20,678,GENUSPOWER,EQ,337996,234652,69.42
20,679,GEOJITFSL,EQ,3157151,1185557,37.55
20,680,GEPIL,EQ,438081,146827,33.52
20,681,GESHIP,EQ,1047781,438792,41.88
20,682,GFLLIMITED,EQ,96246,64125,66.63
20,683,GHCL,EQ,100512,51731,51.47
20,684,GHCLTEXTIL,EQ,563269,277801,49.32
20,685,GICHSGFIN,EQ,551589,225579,40.90
20,686,GICL,SM,123000,105000,85.37
20,687,GICRE,EQ,2007544,576501,28.72
20,688,GILLETTE,EQ,9998,4800,48.01
20,689,GILT5YBEES,EQ,509267,441918,86.78
20,690,GINNIFILA,EQ,339167,227800,67.16
20,691,GIPCL,EQ,1569133,658312,41.95
20,692,GLAND,EQ,75586,25601,33.87
20,693,GLAXO,EQ,188319,93483,49.64
20,694,GLENMARK,EQ,1045465,212627,20.34
20,695,GLOBAL,EQ,144258,62714,43.47
20,696,GLOBALPET,SM,6000,6000,100.00
20,697,GLOBUSSPR,EQ,41279,21496,52.07
20,698,GLS,EQ,311707,128393,41.19
20,699,GMBREW,EQ,22800,10703,46.94
20,700,GMDCLTD,EQ,1730375,388968,22.48
20,701,GMMPFAUDLR,EQ,78072,51237,65.63
20,702,GMRINFRA,EQ,56040749,22123252,39.48
20,703,GMRP&UI,EQ,2718066,2288989,84.21
20,704,GNA,EQ,54412,26336,48.40
20,705,GNFC,EQ,692369,180459,26.06
20,706,GOACARBON,EQ,751511,196311,26.12
20,707,GOCLCORP,EQ,77135,41410,53.69
20,708,GOCOLORS,EQ,35615,27495,77.20
20,709,GODFRYPHLP,EQ,127229,57922,45.53
20,710,GODREJAGRO,EQ,99663,52933,53.11
20,711,GODREJCP,EQ,1713542,1344943,78.49
20,712,GODREJIND,EQ,707820,452040,63.86
20,713,GODREJPROP,EQ,948389,428735,45.21
20,714,GOKEX,EQ,337879,143402,42.44
20,715,GOKUL,EQ,215571,136721,63.42
20,716,GOKULAGRO,EQ,157813,98040,62.12
20,717,GOLDBEES,EQ,3012454,2236222,74.23
20,718,GOLDETF,EQ,187985,173124,92.09
20,719,GOLDIAM,EQ,1360649,527092,38.74
20,720,GOLDIETF,EQ,424041,372433,87.83
20,721,GOLDSHARE,EQ,40338,38510,95.47
20,722,GOLDSTAR,ST,33750,33750,100.00
20,723,GOODLUCK,EQ,208180,130483,62.68
20,724,GOYALSALT,SM,21000,12000,57.14
20,725,GPIL,EQ,656464,206599,31.47
20,726,GPPL,EQ,4550196,2150136,47.25
20,727,GRANULES,EQ,1265740,352453,27.85
20,728,GRAPHISAD,SM,46800,42000,89.74
20,729,GRAPHITE,EQ,339374,109178,32.17
20,730,GRASIM,EQ,467209,259350,55.51
20,731,GRAVITA,EQ,1026371,329641,32.12
20,732,GREAVESCOT,EQ,1625697,664782,40.89
20,733,GREENCHEF,SM,36000,24000,66.67
20,734,GREENLAM,EQ,14425,7440,51.58
20,735,GREENPANEL,EQ,150432,76031,50.54
20,736,GREENPLY,EQ,96453,45944,47.63
20,737,GREENPOWER,EQ,8924036,5754770,64.49
20,738,GRINDWELL,EQ,297500,206300,69.34
20,739,GRINFRA,EQ,25040,11353,45.34
20,740,GRMOVER,EQ,127119,66438,52.26
20,741,GROBTEA,EQ,323,189,58.51
20,742,GRPLTD,EQ,572,374,65.38
20,743,GRSE,EQ,1313121,313093,23.84
20,744,GRWRHITECH,EQ,21221,11768,55.45
20,745,GSEC10IETF,EQ,27,26,96.30
20,746,GSEC10YEAR,EQ,75,73,97.33
20,747,GSEC5IETF,EQ,1625,361,22.22
20,748,GSFC,EQ,9492090,2660209,28.03
20,749,GSLSU,EQ,210521,124654,59.21
20,750,GSPL,EQ,3313989,1578888,47.64
20,751,GSS,EQ,28697,20246,70.55
20,752,GSTL,ST,6000,6000,100.00
20,753,GTLINFRA,EQ,134380864,48141781,35.82
20,754,GTPL,EQ,1068620,244667,22.90
20,755,GUFICBIO,EQ,276041,94836,34.36
20,756,GUJALKALI,EQ,62554,22654,36.22
20,757,GUJAPOLLO,EQ,48333,22877,47.33
20,758,GUJGASLTD,EQ,937310,411992,43.95
20,759,GULFOILLUB,EQ,65991,37853,57.36
20,760,GULPOLY,EQ,73506,42094,57.27
20,761,HAL,EQ,1309130,730184,55.78
20,762,HAPPSTMNDS,EQ,274434,115881,42.23
20,763,HAPPYFORGE,EQ,130720,74258,56.81
20,764,HARDWYN,EQ,288306,157354,54.58
20,765,HARIOMPIPE,EQ,52845,22095,41.81
20,766,HARSHA,EQ,111915,49094,43.87
20,767,HATHWAY,EQ,10798881,3022376,27.99
20,768,HATSUN,EQ,13437,8399,62.51
20,769,HAVELLS,EQ,470783,252532,53.64
20,770,HBLPOWER,EQ,1405835,728977,51.85
20,771,HCC,EQ,93985405,32531813,34.61
20,772,HCG,EQ,42741,24657,57.69
20,773,HCL-INSYS,EQ,1906863,1042360,54.66
20,774,HCLTECH,EQ,2641656,1307629,49.50
20,775,HDFCAMC,EQ,325275,120690,37.10
20,776,HDFCBANK,EQ,49470926,31535782,63.75
20,777,HDFCBSE500,EQ,11237,4107,36.55
20,778,HDFCGOLD,EQ,275372,177013,64.28
20,779,HDFCGROWTH,EQ,1687,798,47.30
20,780,HDFCLIFE,EQ,3725167,2390761,64.18
20,781,HDFCLIQUID,EQ,2057,2056,99.95
20,782,HDFCLOWVOL,EQ,16062,15092,93.96
20,783,HDFCMID150,EQ,111139,83508,75.14
20,784,HDFCMOMENT,EQ,28852,10023,34.74
20,785,HDFCNEXT50,EQ,4642,2264,48.77
20,786,HDFCNIF100,EQ,29064,21661,74.53
20,787,HDFCNIFBAN,EQ,45701,36419,79.69
20,788,HDFCNIFIT,EQ,2388,1684,70.52
20,789,HDFCNIFTY,EQ,29461,25868,87.80
20,790,HDFCPVTBAN,EQ,4817,4210,87.40
20,791,HDFCQUAL,EQ,33046,26316,79.63
20,792,HDFCSENSEX,EQ,1507,1080,71.67
20,793,HDFCSILVER,EQ,108464,93282,86.00
20,794,HDFCSML250,EQ,172384,130583,75.75
20,795,HDFCVALUE,EQ,2668,2041,76.50
20,796,HEADSUP,EQ,48463,36361,75.03
20,797,HEALTHIETF,EQ,48032,42161,87.78
20,798,HEALTHY,EQ,184440,138868,75.29
20,799,HEG,EQ,146096,66840,45.75
20,800,HEIDELBERG,EQ,124949,56316,45.07
20,801,HEMIPROP,EQ,1145365,423669,36.99
20,802,HERANBA,EQ,44577,19547,43.85
20,803,HERCULES,EQ,58182,39199,67.37
20,804,HERITGFOOD,EQ,1008499,467934,46.40
20,805,HEROMOTOCO,EQ,664356,310825,46.79
20,806,HESTERBIO,EQ,3143,1757,55.90
20,807,HEUBACHIND,EQ,65513,32677,49.88
20,808,HEXATRADEX,EQ,16733,11467,68.53
20,809,HFCL,EQ,80094032,19596708,24.47
20,810,HGINFRA,EQ,88083,26432,30.01
20,811,HGS,EQ,65830,36529,55.49
20,812,HIGREEN,SM,43200,17600,40.74
20,813,HIKAL,EQ,144122,63038,43.74
20,814,HIL,EQ,10721,7324,68.31
20,815,HILTON,EQ,99846,47928,48.00
20,816,HIMATSEIDE,EQ,461041,164400,35.66
20,817,HINDALCO,EQ,5366990,2634910,49.09
20,818,HINDCOMPOS,EQ,8074,3794,46.99
20,819,HINDCOPPER,EQ,19879601,5883210,29.59
20,820,HINDMOTORS,EQ,747981,471536,63.04
20,821,HINDOILEXP,EQ,2912718,1143772,39.27
20,822,HINDPETRO,EQ,17686747,4917615,27.80
20,823,HINDUNILVR,EQ,2364765,1474317,62.35
20,824,HINDWAREAP,EQ,73398,37253,50.75
20,825,HINDZINC,EQ,331791,181121,54.59
20,826,HIRECT,EQ,4679,3356,71.72
20,827,HISARMETAL,EQ,2705,1299,48.02
20,828,HITECH,EQ,719245,483405,67.21
20,829,HITECHCORP,EQ,9845,6192,62.89
20,830,HITECHGEAR,EQ,24600,17408,70.76
20,831,HLEGLAS,EQ,36195,17741,49.02
20,832,HLVLTD,EQ,4041151,2017028,49.91
20,833,HMAAGRO,EQ,775100,675103,87.10
20,834,HMVL,EQ,139655,77994,55.85
20,835,HNDFDS,EQ,49905,24551,49.20
20,836,HNGSNGBEES,EQ,358828,300398,83.72
20,837,HOLMARC,SM,6000,6000,100.00
20,838,HOMEFIRST,EQ,153851,69284,45.03
20,839,HOMESFY,SM,2700,2700,100.00
20,840,HONASA,EQ,459210,247669,53.93
20,841,HONAUT,EQ,11726,8544,72.86
20,842,HONDAPOWER,EQ,9111,5071,55.66
20,843,HPAL,EQ,673920,315231,46.78
20,844,HPL,EQ,505922,251789,49.77
20,845,HRHNEXT,SM,102000,81000,79.41
20,846,HTMEDIA,EQ,1177965,427143,36.26
20,847,HUBTOWN,EQ,4673738,2456002,52.55
20,848,HUDCO,EQ,26833648,7881411,29.37
20,849,HUDCO,N2,615,615,100.00
20,850,HUDCO,N5,4339,1737,40.03
20,851,HUDCO,N8,573,573,100.00
20,852,HUDCO,N9,634,343,54.10
20,853,HUDCO,NB,88,88,100.00
20,854,HUDCO,NE,79,79,100.00
20,855,HUHTAMAKI,EQ,145297,60136,41.39
20,856,IBLFL,ST,204000,204000,100.00
20,857,IBREALEST,EQ,25472463,9573364,37.58
20,858,IBUCCREDIT,NB,60,30,50.00
20,859,IBUCCREDIT,NZ,50,50,100.00
20,860,IBULHSG,NX,100,100,100.00
20,861,IBULHSG,Y1,10,10,100.00
20,862,IBULHSG,Y5,10,10,100.00
20,863,IBULHSG,Y8,30,30,100.00
20,864,IBULHSG,YM,4,4,100.00
20,865,IBULHSGFIN,AJ,50,50,100.00
20,866,IBULHSGFIN,AP,100,100,100.00
20,867,IBULHSGFIN,BI,5,5,100.00
20,868,IBULHSGFIN,EQ,26468649,14069659,53.16
20,869,IBULHSGFIN,NA,200,200,100.00
20,870,IBULHSGFIN,NE,51,51,100.00
20,871,IBULHSGFIN,YC,2,0,0.00
20,872,IBULHSGFIN,YN,38,38,100.00
20,873,IBULHSGFIN,YP,5,5,100.00
20,874,IBULHSGFIN,YT,3,3,100.00
20,875,IBULHSGFIN,YV,100,100,100.00
20,876,IBULHSGFIN,YZ,20,20,100.00
20,877,IBULHSGFIN,Z9,20,20,100.00
20,878,IBULHSGFIN,ZR,13,13,100.00
20,879,IBULHSGFIN,ZU,100,100,100.00
20,880,IBULHSGFIN,ZY,20,20,100.00
20,881,ICEMAKE,EQ,26578,11575,43.55
20,882,ICICIB22,EQ,1106916,838132,75.72
20,883,ICICIBANK,EQ,28315035,14229052,50.25
20,884,ICICIGI,EQ,324540,161579,49.79
20,885,ICICIPRULI,EQ,1646588,1187450,72.12
20,886,ICIL,EQ,145705,57396,39.39
20,887,ICRA,EQ,1555,985,63.34
20,888,IDBI,EQ,35505941,10753290,30.29
20,889,IDEA,EQ,382501739,69726504,18.23
20,890,IDEAFORGE,EQ,177897,66973,37.65
20,891,IDFC,EQ,6990676,2951266,42.22
20,892,IDFCFIRSTB,EQ,80693649,37322444,46.25
20,893,IDFNIFTYET,EQ,495,300,60.61
20,894,IEX,EQ,12951767,4557780,35.19
20,895,IFBAGRO,EQ,17660,7415,41.99
20,896,IFBIND,EQ,1003544,368278,36.70
20,897,IFCI,EQ,45752531,19994148,43.70
20,898,IFCI,NH,2161,2159,99.91
20,899,IFCI,NI,20,20,100.00
20,900,IFGLEXPOR,EQ,38212,30453,79.69
20,901,IGARASHI,EQ,72967,39039,53.50
20,902,IGL,EQ,8389973,3365609,40.11
20,903,IGPL,EQ,24650,11584,46.99
20,904,IIFCL,N4,111,111,100.00
20,905,IIFL,EQ,769310,471228,61.25
20,906,IIFL,N6,30,30,100.00
20,907,IIFL,NE,504,503,99.80
20,908,IIFL,NF,131,131,100.00
20,909,IIFL,NG,455,455,100.00
20,910,IIFL,NK,701,701,100.00
20,911,IIFL,NL,129,129,100.00
20,912,IIFL,NO,267,267,100.00
20,913,IIFL,NQ,64,64,100.00
20,914,IIFL,NS,546,546,100.00
20,915,IIFL,NT,395,395,100.00
20,916,IIFL,NU,500,500,100.00
20,917,IIFL,NV,301,251,83.39
20,918,IIFL,NW,10,10,100.00
20,919,IIFL,NZ,476,405,85.08
20,920,IIFL,Y0,13,13,100.00
20,921,IIFL,Y1,2,1,50.00
20,922,IIFLSAMFIN,N0,103,100,97.09
20,923,IIFLSAMFIN,N1,14,14,100.00
20,924,IIFLSAMFIN,N3,167,101,60.48
20,925,IIFLSAMFIN,N4,293,293,100.00
20,926,IIFLSEC,EQ,1391465,767343,55.15
20,927,IIHFL,N4,146,146,100.00
20,928,IIHFL,N5,334,332,99.40
20,929,IIHFL,N6,10,10,100.00
20,930,IIHFL,N8,100,100,100.00
20,931,IKIO,EQ,212925,117203,55.04
20,932,IMAGICAA,EQ,6021278,2313326,38.42
20,933,IMC1,N0,462,267,57.79
20,934,IMC1,N1,193,193,100.00
20,935,IMC1,N3,390,390,100.00
20,936,IMFA,EQ,138115,72740,52.67
20,937,IMPAL,EQ,7299,4817,66.00
20,938,INCREDFIN,N2,12,12,100.00
20,939,INDBANK,EQ,474119,204748,43.18
20,940,INDHOTEL,EQ,1845603,797853,43.23
20,941,INDIACEM,EQ,3677907,979686,26.64
20,942,INDIAGLYCO,EQ,46764,21726,46.46
20,943,INDIAMART,EQ,161178,75640,46.93
20,944,INDIANB,EQ,11615214,4806307,41.38
20,945,INDIANCARD,EQ,14428,9176,63.60
20,946,INDIANHUME,EQ,93953,37413,39.82
20,947,INDIASHLTR,EQ,160764,94343,58.68
20,948,INDIFRA,SM,48000,32000,66.67
20,949,INDIGO,EQ,1096039,813738,74.24
20,950,INDIGOPNTS,EQ,30736,16947,55.14
20,951,INDIGRID,IV,557974,526843,94.42
20,952,INDIGRID,ND,25,25,100.00
20,953,INDIGRID,NJ,2200,2200,100.00
20,954,INDNIPPON,EQ,382558,127794,33.41
20,955,INDOAMIN,EQ,409594,199136,48.62
20,956,INDOBORAX,EQ,43263,22182,51.27
20,957,INDOCO,EQ,104249,59307,56.89
20,958,INDORAMA,EQ,145392,72428,49.82
20,959,INDOTECH,EQ,27039,18209,67.34
20,960,INDOTHAI,EQ,22735,12007,52.81
20,961,INDSWFTLAB,EQ,87513,46085,52.66
20,962,INDSWFTLTD,EQ,62124,45878,73.85
20,963,INDTERRAIN,EQ,202763,80665,39.78
20,964,INDUSINDBK,EQ,8118578,4821940,59.39
20,965,INDUSTOWER,EQ,16159229,8103159,50.15
20,966,INFIBEAM,EQ,223327494,47051496,21.07
20,967,INFINIUM,SM,4000,4000,100.00
20,968,INFOBEAN,EQ,49299,23591,47.85
20,969,INFOLLION,SM,8800,8800,100.00
20,970,INFRABEES,EQ,8291,4633,55.88
20,971,INFRAIETF,EQ,111460,28880,25.91
20,972,INFY,EQ,8865304,5860225,66.10
20,973,INGERRAND,EQ,10120,5637,55.70
20,974,INNOVACAP,EQ,287078,113803,39.64
20,975,INNOVANA,SM,600,600,100.00
20,976,INNOVATIVE,ST,57000,54000,94.74
20,977,INOXGREEN,EQ,1410768,826707,58.60
20,978,INOXINDIA,EQ,855160,235387,27.53
20,979,INOXWIND,EQ,2049191,1004485,49.02
20,980,INSECTICID,EQ,5284,2221,42.03
20,981,INTELLECT,EQ,364742,160227,43.93
20,982,INTENTECH,EQ,842374,438836,52.10
20,983,INTLCONV,EQ,228850,121264,52.99
20,984,IOB,EQ,34258089,10014168,29.23
20,985,IOC,EQ,38252600,14578612,38.11
20,986,IOLCP,EQ,125918,49943,39.66
20,987,IONEXCHANG,EQ,141836,75268,53.07
20,988,IPCALAB,EQ,931856,455141,48.84
20,989,IPL,EQ,3474792,457473,13.17
20,990,IRB,EQ,31690503,10087908,31.83
20,991,IRBINVIT,IV,198560,178452,89.87
20,992,IRCON,EQ,39965524,8392623,21.00
20,993,IRCTC,EQ,6428039,1306442,20.32
20,994,IREDA,EQ,9149447,6391939,69.86
20,995,IREDA,N1,64,64,100.00
20,996,IRFC,EQ,100074798,31331195,31.31
20,997,IRFC,N2,168,166,98.81
20,998,IRFC,N4,550,285,51.82
20,999,IRFC,NA,298,298,100.00
20,1000,IRFC,NE,183,183,100.00
20,1001,IRFC,NJ,1,1,100.00
20,1002,IRFC,NK,22,22,100.00
20,1003,IRFC,NN,6,5,83.33
20,1004,IRFC,NO,225,225,100.00
20,1005,IRIS,EQ,42820,21515,50.25
20,1006,IRISDOREME,EQ,133904,15585,11.64
20,1007,IRMENERGY,EQ,186465,74918,40.18
20,1008,ISEC,EQ,266350,132729,49.83
20,1009,ISFT,EQ,99878,50148,50.21
20,1010,ISGEC,EQ,99786,51693,51.80
20,1011,ISHAN,ST,48000,48000,100.00
20,1012,ISMTLTD,EQ,1968576,830013,42.16
20,1013,ITBEES,EQ,4705651,2826523,60.07
20,1014,ITC,EQ,19677700,11234403,57.09
20,1015,ITDC,EQ,692073,156137,22.56
20,1016,ITDCEM,EQ,412882,187218,45.34
20,1017,ITETF,EQ,22126,11974,54.12
20,1018,ITI,EQ,1755999,380453,21.67
20,1019,ITIETF,EQ,245699,165247,67.26
20,1020,IVZINGOLD,EQ,51,34,66.67
20,1021,IVZINNIFTY,EQ,1,1,100.00
20,1022,JAGRAN,EQ,509710,196300,38.51
20,1023,JAGSNPHARM,EQ,24428,11094,45.42
20,1024,JAICORPLTD,EQ,511719,232996,45.53
20,1025,JAINAM,SM,11000,10000,90.91
20,1026,JAIPURKURT,EQ,16616,11974,72.06
20,1027,JALAN,ST,6000,6000,100.00
20,1028,JAMNAAUTO,EQ,997402,549862,55.13
20,1029,JASH,EQ,15252,9428,61.81
20,1030,JAYAGROGN,EQ,64443,31607,49.05
20,1031,JAYBARMARU,EQ,174574,101329,58.04
20,1032,JAYNECOIND,EQ,1046370,559204,53.44
20,1033,JAYSREETEA,EQ,69051,38674,56.01
20,1034,JBCHEPHARM,EQ,97074,70713,72.84
20,1035,JBMA,EQ,44314,18394,41.51
20,1036,JCHAC,EQ,22479,11290,50.22
20,1037,JETFREIGHT,EQ,2974559,1107808,37.24
20,1038,JFLLIFE,SM,8000,8000,100.00
20,1039,JHS,EQ,1556743,1034436,66.45
20,1040,JINDALPHOT,EQ,62563,28098,44.91
20,1041,JINDALPOLY,EQ,33793,21861,64.69
20,1042,JINDALSAW,EQ,1511101,899597,59.53
20,1043,JINDALSTEL,EQ,1861827,781408,41.97
20,1044,JINDRILL,EQ,45173,23104,51.15
20,1045,JINDWORLD,EQ,246614,60146,24.39
20,1046,JIOFIN,EQ,12352497,8093859,65.52
20,1047,JISLDVREQS,EQ,229244,122988,53.65
20,1048,JISLJALEQS,EQ,10641352,5086859,47.80
20,1049,JIWANRAM,SM,12000,12000,100.00
20,1050,J&KBANK,EQ,3338371,1259420,37.73
20,1051,JKCEMENT,EQ,218617,88982,40.70
20,1052,JKIL,EQ,511296,214672,41.99
20,1053,JKLAKSHMI,EQ,1764622,452255,25.63
20,1054,JKPAPER,EQ,1040084,379203,36.46
20,1055,JKTYRE,EQ,2018018,797007,39.49
20,1056,JLHL,EQ,17290,11583,66.99
20,1057,JMA,EQ,31222,14937,47.84
20,1058,JMFINANCIL,EQ,12565965,4187102,33.32
20,1059,JOCIL,EQ,325340,128066,39.36
20,1060,JPASSOCIAT,EQ,58156644,37454161,64.40
20,1061,JPOLYINVST,EQ,11185,7668,68.56
20,1062,JPPOWER,EQ,47437000,19983361,42.13
20,1063,JSL,EQ,3130536,1791125,57.21
20,1064,JSLL,ST,18180,18000,99.01
20,1065,JSWENERGY,EQ,1873409,606768,32.39
20,1066,JSWHL,EQ,139173,135415,97.30
20,1067,JSWINFRA,EQ,3282843,2195586,66.88
20,1068,JSWSTEEL,EQ,3240065,1229929,37.96
20,1069,JTEKTINDIA,EQ,135601,41345,30.49
20,1070,JTLIND,EQ,1458314,878686,60.25
20,1071,JUBLFOOD,EQ,3530518,2441366,69.15
20,1072,JUBLINDS,EQ,4242,1761,41.51
20,1073,JUBLINGREA,EQ,434950,239893,55.15
20,1074,JUBLPHARMA,EQ,519981,273722,52.64
20,1075,JUNIORBEES,EQ,135932,91365,67.21
20,1076,JUSTDIAL,EQ,292538,81939,28.01
20,1077,JWL,EQ,1090559,520152,47.70
20,1078,JYOTHYLAB,EQ,820300,390371,47.59
20,1079,JYOTICNC,EQ,1789841,664468,37.12
20,1080,JYOTISTRUC,EQ,11099487,6226884,56.10
20,1081,KABRAEXTRU,EQ,39356,18595,47.25
20,1082,KAJARIACER,EQ,49018,26005,53.05
20,1083,KAKATCEM,EQ,22157,11857,53.51
20,1084,KALAMANDIR,EQ,221054,110855,50.15
20,1085,KALYANKJIL,EQ,930473,605054,65.03
20,1086,KAMATHOTEL,EQ,113726,69836,61.41
20,1087,KAMDHENU,EQ,143825,77251,53.71
20,1088,KAMOPAINTS,EQ,702440,366735,52.21
20,1089,KANANIIND,EQ,584567,584567,100.00
20,1090,KANDARP,SM,16000,12000,75.00
20,1091,KANORICHEM,EQ,93353,49663,53.20
20,1092,KANPRPLA,EQ,53413,34717,65.00
20,1093,KANSAINER,EQ,2029306,1858184,91.57
20,1094,KARURVYSYA,EQ,2576029,978274,37.98
20,1095,KAYA,EQ,8415,5458,64.86
20,1096,KAYNES,EQ,86093,46526,54.04
20,1097,KBCGLOBAL,EQ,6008677,3997477,66.53
20,1098,KCEIL,SM,390000,326000,83.59
20,1099,KCK,SM,20000,20000,100.00
20,1100,KCP,EQ,2306888,899101,38.97
20,1101,KDDL,EQ,10570,4140,39.17
20,1102,KDL,SM,99200,68000,68.55
20,1103,KEC,EQ,89124,41346,46.39
20,1104,KECL,EQ,1117018,561101,50.23
20,1105,KEI,EQ,342393,142309,41.56
20,1106,KEL,SM,24000,20400,85.00
20,1107,KELLTONTEC,EQ,703783,225526,32.04
20,1108,KESORAMIND,EQ,887391,463519,52.23
20,1109,KEYFINSERV,EQ,20104,8544,42.50
20,1110,KFINTECH,EQ,328224,222930,67.92
20,1111,KHAICHEM,EQ,1568325,704682,44.93
20,1112,KHAITANLTD,EQ,11412,7336,64.28
20,1113,KHANDSE,EQ,46648,28174,60.40
20,1114,KHFM,SM,18600,9300,50.00
20,1115,KICL,EQ,3206,1949,60.79
20,1116,KILITCH,EQ,41553,32285,77.70
20,1117,KIMS,EQ,47196,13410,28.41
20,1118,KINGFA,EQ,3519,2429,69.03
20,1119,KIOCL,EQ,330231,105249,31.87
20,1120,KIRIINDUS,EQ,467191,241452,51.68
20,1121,KIRLOSBROS,EQ,272877,245266,89.88
20,1122,KIRLOSENG,EQ,86992,49379,56.76
20,1123,KIRLOSIND,EQ,4101,2002,48.82
20,1124,KIRLPNU,EQ,151053,80590,53.35
20,1125,KITEX,EQ,80875,40187,49.69
20,1126,KKCL,EQ,22915,11715,51.12
20,1127,KLL,SM,123200,91200,74.03
20,1128,KMSUGAR,EQ,1239353,516465,41.67
20,1129,KNAGRI,SM,37600,14400,38.30
20,1130,KNRCON,EQ,596896,286350,47.97
20,1131,KODYTECH,SM,40000,27200,68.00
20,1132,KOKUYOCMLN,EQ,42185,27499,65.19
20,1133,KOLTEPATIL,EQ,309963,169672,54.74
20,1134,KONTOR,SM,9600,8400,87.50
20,1135,KOPRAN,EQ,160387,60497,37.72
20,1136,KORE,SM,6000,5500,91.67
20,1137,KOTAKALPHA,EQ,169966,142062,83.58
20,1138,KOTAKBANK,EQ,6702170,3831512,57.17
20,1139,KOTAKBKETF,EQ,251176,189845,75.58
20,1140,KOTAKCONS,EQ,728,162,22.25
20,1141,KOTAKGOLD,EQ,285980,227301,79.48
20,1142,KOTAKIT,EQ,42901,27618,64.38
20,1143,KOTAKLIQ,EQ,530,530,100.00
20,1144,KOTAKLOVOL,EQ,54718,41236,75.36
20,1145,KOTAKMID50,EQ,32575,18768,57.61
20,1146,KOTAKMNC,EQ,8848,8831,99.81
20,1147,KOTAKNIFTY,EQ,22971,15489,67.43
20,1148,KOTAKNV20,EQ,9724,6142,63.16
20,1149,KOTAKPSUBK,EQ,7372,5094,69.10
20,1150,KOTAKSILVE,EQ,4272,3827,89.58
20,1151,KOTARISUG,EQ,466347,264335,56.68
20,1152,KOTHARIPET,EQ,66866,36387,54.42
20,1153,KOTHARIPRO,EQ,17694,7635,43.15
20,1154,KOTYARK,SM,11200,8800,78.57
20,1155,KPIGREEN,EQ,256889,138553,53.93
20,1156,KPIL,EQ,402293,198560,49.36
20,1157,KPITTECH,EQ,3520645,1608825,45.70
20,1158,KPRMILL,EQ,246367,164939,66.95
20,1159,KRBL,EQ,194406,87363,44.94
20,1160,KREBSBIO,EQ,25529,14170,55.51
20,1161,KRISHANA,EQ,17471,11666,66.77
20,1162,KRISHCA,SM,29000,23000,79.31
20,1163,KRISHIVAL,SM,1000,1000,100.00
20,1164,KRISHNADEF,SM,9500,9500,100.00
20,1165,KRITI,EQ,693419,272625,39.32
20,1166,KRITINUT,EQ,293336,154207,52.57
20,1167,KRSNAA,EQ,101604,52954,52.12
20,1168,KSB,EQ,57358,18306,31.92
20,1169,KSCL,EQ,74274,40922,55.10
20,1170,KSL,EQ,62254,27180,43.66
20,1171,KSOLVES,EQ,26742,16588,62.03
20,1172,KTKBANK,EQ,2856694,1095549,38.35
20,1173,KUANTUM,EQ,194803,73790,37.88
20,1174,LAGNAM,EQ,24899,15900,63.86
20,1175,LAL,EQ,18705,14251,76.19
20,1176,LALPATHLAB,EQ,255271,169486,66.39
20,1177,LAMBODHARA,EQ,15309,9382,61.28
20,1178,LANDMARK,EQ,39448,17960,45.53
20,1179,LAOPALA,EQ,92700,44471,47.97
20,1180,LASA,EQ,178844,111169,62.16
20,1181,LATENTVIEW,EQ,343259,138956,40.48
20,1182,LATTEYS,EQ,1503265,593685,39.49
20,1183,LAURUSLABS,EQ,22793886,5362145,23.52
20,1184,LAXMICOT,EQ,48287,25586,52.99
20,1185,LAXMIMACH,EQ,769,456,59.30
20,1186,LEMERITE,SM,214400,131200,61.19
20,1187,LEMONTREE,EQ,8465747,3276443,38.70
20,1188,LFIC,EQ,5640,3313,58.74
20,1189,LGBBROSLTD,EQ,20946,11010,52.56
20,1190,LGBFORGE,EQ,151401,84112,55.56
20,1191,LIBAS,EQ,555182,332389,59.87
20,1192,LIBERTSHOE,EQ,258321,127661,49.42
20,1193,LICHSGFIN,EQ,2560166,1319452,51.54
20,1194,LICI,EQ,2629355,955849,36.35
20,1195,LICMFGOLD,EQ,94,76,80.85
20,1196,LICNETFGSC,EQ,26521,20299,76.54
20,1197,LICNETFN50,EQ,674,653,96.88
20,1198,LICNETFSEN,EQ,837,134,16.01
20,1199,LICNFNHGP,EQ,4292,43,1.00
20,1200,LIKHITHA,EQ,152277,81377,53.44
20,1201,LINC,EQ,9308,5351,57.49
20,1202,LINCOLN,EQ,28292,13174,46.56
20,1203,LINDEINDIA,EQ,19560,9377,47.94
20,1204,LIQUID,EQ,31295,20344,65.01
20,1205,LIQUIDBEES,EQ,3275555,1920806,58.64
20,1206,LIQUIDCASE,EQ,1583500,1547582,97.73
20,1207,LIQUIDETF,EQ,376440,276495,73.45
20,1208,LIQUIDIETF,EQ,946546,803573,84.90
20,1209,LIQUIDSBI,EQ,3414,2662,77.97
20,1210,LLOYDS,SM,22000,18000,81.82
20,1211,LLOYDSENGG,EQ,7870550,5208655,66.18
20,1212,LLOYDSME,EQ,247264,134760,54.50
20,1213,LODHA,EQ,977716,423834,43.35
20,1214,LOKESHMACH,EQ,32393,19530,60.29
20,1215,LORDSCHLO,EQ,284887,130190,45.70
20,1216,LOTUSEYE,EQ,155488,124253,79.91
20,1217,LOVABLE,EQ,20711,13167,63.57
20,1218,LOWVOL,EQ,683,674,98.68
20,1219,LOWVOLIETF,EQ,506981,301351,59.44
20,1220,LOYALTEX,EQ,761,534,70.17
20,1221,LPDC,EQ,999042,533160,53.37
20,1222,LRRPL,SM,12000,12000,100.00
20,1223,LT,EQ,2206540,1368503,62.02
20,1224,L&TFH,EQ,5513833,1599007,29.00
20,1225,L&TFIN,N1,75,75,100.00
20,1226,L&TFIN,NF,20,20,100.00
20,1227,L&TFIN,NJ,192,192,100.00
20,1228,L&TFIN,NL,10,10,100.00
20,1229,LTFOODS,EQ,3501285,1302354,37.20
20,1230,LTGILTBEES,EQ,1177267,1145016,97.26
20,1231,LTIM,EQ,911916,627346,68.79
20,1232,LTTS,EQ,162024,72964,45.03
20,1233,LUMAXIND,EQ,2230,1331,59.69
20,1234,LUMAXTECH,EQ,76251,43260,56.73
20,1235,LUPIN,EQ,1452501,661007,45.51
20,1236,LUXIND,EQ,38525,22072,57.29
20,1237,LXCHEM,EQ,619153,198367,32.04
20,1238,MAANALU,EQ,74512,36824,49.42
20,1239,MADHAVBAUG,SM,3200,2800,87.50
20,1240,MADHUSUDAN,SM,42000,28000,66.67
20,1241,MADRASFERT,EQ,3651431,843611,23.10
20,1242,MAFANG,EQ,646577,404747,62.60
20,1243,MAGADSUGAR,EQ,14821,3985,26.89
20,1244,MAGNUM,EQ,405257,209776,51.76
20,1245,MAGSON,SM,24000,16000,66.67
20,1246,MAHABANK,EQ,35529804,11869417,33.41
20,1247,MAHAPEXLTD,EQ,3688,2449,66.40
20,1248,MAHASTEEL,EQ,76470,36681,47.97
20,1249,MAHEPC,EQ,394737,151076,38.27
20,1250,MAHESHWARI,EQ,14652,10648,72.67
20,1251,MAHICKRA,SM,6000,6000,100.00
20,1252,MAHKTECH,EQ,1648425,1088528,66.03
20,1253,MAHLIFE,EQ,100429,50766,50.55
20,1254,MAHLOG,EQ,170799,80200,46.96
20,1255,MAHSCOOTER,EQ,5218,1826,34.99
20,1256,MAHSEAMLES,EQ,158351,99771,63.01
20,1257,MAITHANALL,EQ,70771,32408,45.79
20,1258,MAITREYA,SM,3200,3200,100.00
20,1259,MAKEINDIA,EQ,21414,20424,95.38
20,1260,MAKS,ST,3000,3000,100.00
20,1261,MAL,SM,24000,14400,60.00
20,1262,MALLCOM,EQ,6373,3735,58.61
20,1263,MALUPAPER,EQ,1379817,749839,54.34
20,1264,MANAKALUCO,EQ,4144467,1261427,30.44
20,1265,MANAKSIA,EQ,571938,288101,50.37
20,1266,MANAKSTEEL,EQ,1927053,1007523,52.28
20,1267,MANALIPETC,EQ,715683,306178,42.78
20,1268,MANAPPURAM,EQ,5462593,2041206,37.37
20,1269,MANAV,SM,12000,12000,100.00
20,1270,MANGALAM,EQ,35107,22994,65.50
20,1271,MANGCHEFER,EQ,2586060,1126140,43.55
20,1272,MANGLMCEM,EQ,174245,55914,32.09
20,1273,MANINDS,EQ,705997,352817,49.97
20,1274,MANINFRA,EQ,579321,317397,54.79
20,1275,MANKIND,EQ,265957,202516,76.15
20,1276,MANORAMA,EQ,6533,3850,58.93
20,1277,MANORG,EQ,15401,8495,55.16
20,1278,MANYAVAR,EQ,714757,306420,42.87
20,1279,MAPMYINDIA,EQ,85861,38437,44.77
20,1280,MARALOVER,EQ,61974,37773,60.95
20,1281,MARATHON,EQ,46918,20035,42.70
20,1282,MARCO,SM,162000,135000,83.33
20,1283,MARICO,EQ,990062,552058,55.76
20,1284,MARINETRAN,SM,40000,36000,90.00
20,1285,MARKSANS,EQ,1811881,1020947,56.35
20,1286,MARSHALL,EQ,133041,111154,83.55
20,1287,MARUTI,EQ,718817,524979,73.03
20,1288,MASFIN,EQ,72338,35485,49.05
20,1289,MASPTOP50,EQ,372230,355991,95.64
20,1290,MASTEK,EQ,99865,49101,49.17
20,1291,MATRIMONY,EQ,53219,42826,80.47
20,1292,MAWANASUG,EQ,196848,109658,55.71
20,1293,MAXESTATES,EQ,39225,23411,59.68
20,1294,MAXHEALTH,EQ,2656478,1262689,47.53
20,1295,MAXIND,EQ,91718,47423,51.71
20,1296,MAXPOSURE,ST,16000,16000,100.00
20,1297,MAYURUNIQ,EQ,37366,21011,56.23
20,1298,MAZDA,EQ,21029,6101,29.01
20,1299,MAZDOCK,EQ,3188906,823013,25.81
20,1300,MBAPL,EQ,19222,11600,60.35
20,1301,MCDOWELL-N,EQ,928881,483604,52.06
20,1302,MCON,SM,14000,13000,92.86
20,1303,MCX,EQ,581218,149042,25.64
20,1304,MDL,SM,22000,22000,100.00
20,1305,MEDANTA,EQ,361232,250953,69.47
20,1306,MEDIASSIST,EQ,1854715,879296,47.41
20,1307,MEDICAMEQ,EQ,19225,10775,56.05
20,1308,MEDICO,EQ,359064,141166,39.31
20,1309,MEDPLUS,EQ,74136,49470,66.73
20,1310,MEGAFLEX,SM,6000,6000,100.00
20,1311,MEGASTAR,EQ,9348,5321,56.92
20,1312,MENONBE,EQ,259801,129304,49.77
20,1313,METROBRAND,EQ,1362011,234099,17.19
20,1314,METROPOLIS,EQ,302795,107143,35.38
20,1315,MFSL,EQ,437094,247997,56.74
20,1316,MGEL,EQ,237666,178422,75.07
20,1317,MGL,EQ,1167895,392431,33.60
20,1318,MHHL,SM,1500,1500,100.00
20,1319,MHRIL,EQ,190960,91176,47.75
20,1320,MICROPRO,SM,32000,27200,85.00
20,1321,MID150BEES,EQ,276130,168288,60.95
20,1322,MIDCAPETF,EQ,946112,834007,88.15
20,1323,MIDCAPIETF,EQ,60987,36586,59.99
20,1324,MIDHANI,EQ,5870666,1290066,21.97
20,1325,MIDSELIETF,EQ,25510,23975,93.98
20,1326,MILTON,SM,35200,35200,100.00
20,1327,MINDACORP,EQ,526481,231379,43.95
20,1328,MINDPOOL,ST,2000,1000,50.00
20,1329,MINDSPACE,RR,195052,175338,89.89
20,1330,MINDTECK,EQ,37582,19047,50.68
20,1331,MIRZAINT,EQ,2072973,588650,28.40
20,1332,MITTAL,EQ,12212803,5209182,42.65
20,1333,M&M,EQ,2038472,1183828,58.07
20,1334,M&MFIN,EQ,3763855,1816846,48.27
20,1335,MMFL,EQ,29594,17866,60.37
20,1336,MMP,EQ,90598,68211,75.29
20,1337,MMTC,EQ,13281031,5179421,39.00
20,1338,MODISONLTD,EQ,34308,18199,53.05
20,1339,MOGSEC,EQ,9168,9030,98.49
20,1340,MOHEALTH,EQ,65367,23884,36.54
20,1341,MOHITIND,EQ,305027,182187,59.73
20,1342,MOIL,EQ,7596251,1956984,25.76
20,1343,MOL,EQ,855131,307393,35.95
20,1344,MOLDTECH,EQ,94948,61832,65.12
20,1345,MOLDTKPAC,EQ,37108,21870,58.94
20,1346,MOLOWVOL,EQ,6962,6844,98.31
20,1347,MOM100,EQ,197296,122964,62.32
20,1348,MOM30IETF,EQ,208901,91755,43.92
20,1349,MOM50,EQ,2640,2425,91.86
20,1350,MOMENTUM,EQ,149465,124074,83.01
20,1351,MOMOMENTUM,EQ,18398,14017,76.19
20,1352,MON100,EQ,307933,185709,60.31
20,1353,MONARCH,EQ,488402,117991,24.16
20,1354,MONIFTY500,EQ,140933,123936,87.94
20,1355,MONOPHARMA,SM,384000,312000,81.25
20,1356,MONQ50,EQ,16058,10689,66.56
20,1357,MONTECARLO,EQ,24849,12569,50.58
20,1358,MOQUALITY,EQ,77,70,90.91
20,1359,MORARJEE,EQ,418455,241615,57.74
20,1360,MOREPENLAB,EQ,2394023,852379,35.60
20,1361,MOS,SM,72000,54400,75.56
20,1362,MOTHERSON,EQ,44496421,23232486,52.21
20,1363,MOTILALOFS,EQ,1081048,331376,30.65
20,1364,MOTISONS,EQ,526720,364596,69.22
20,1365,MOVALUE,EQ,32594,19175,58.83
20,1366,MPHASIS,EQ,534988,279342,52.21
20,1367,MPSLTD,EQ,19275,9966,51.70
20,1368,MPTODAY,SM,12000,12000,100.00
20,1369,MRF,EQ,13504,3485,25.81
20,1370,MRO-TEK,EQ,16941,11393,67.25
20,1371,MRPL,EQ,3270472,787245,24.07
20,1372,MSTCLTD,EQ,635844,268415,42.21
20,1373,MSUMI,EQ,6365883,3704460,58.19
20,1374,MTARTECH,EQ,88366,39782,45.02
20,1375,MTNL,EQ,83564809,17252101,20.65
20,1376,MUFIN,EQ,233929,179893,76.90
20,1377,MUFTI,EQ,145875,69982,47.97
20,1378,MUKANDLTD,EQ,222756,96738,43.43
20,1379,MUNJALAU,EQ,126641,84421,66.66
20,1380,MUNJALSHOW,EQ,365709,160809,43.97
20,1381,MUTHOOTCAP,EQ,165434,51162,30.93
20,1382,MUTHOOTFIN,EQ,151135,33525,22.18
20,1383,MUTHOOTMF,EQ,217979,112921,51.80
20,1384,MVGJL,EQ,60787,30746,50.58
20,1385,MWL,SM,40800,34800,85.29
20,1386,NABARD,N2,199,199,100.00
20,1387,NACLIND,EQ,176929,84177,47.58
20,1388,NAGAFERT,EQ,2485139,1542231,62.06
20,1389,NAHARCAP,EQ,12143,6516,53.66
20,1390,NAHARINDUS,EQ,49651,27312,55.01
20,1391,NAHARPOLY,EQ,21512,9853,45.80
20,1392,NAHARSPING,EQ,107721,59757,55.47
20,1393,NAM-INDIA,EQ,1159116,586874,50.63
20,1394,NARMADA,EQ,54676,29625,54.18
20,1395,NATCOPHARM,EQ,599073,328255,54.79
20,1396,NATHBIOGEN,EQ,44330,23757,53.59
20,1397,NATIONALUM,EQ,74915630,29484582,39.36
20,1398,NAUKRI,EQ,226741,161914,71.41
20,1399,NAVA,EQ,317731,152779,48.08
20,1400,NAVIFIN,N0,3022,3001,99.31
20,1401,NAVINFLUOR,EQ,210184,113168,53.84
20,1402,NAVINIFTY,EQ,37452,17530,46.81
20,1403,NAVKARCORP,EQ,3298926,1363104,41.32
20,1404,NAVNETEDUL,EQ,235658,119422,50.68
20,1405,NAZARA,EQ,204031,68225,33.44
20,1406,NBCC,EQ,230345265,31810524,13.81
20,1407,NBIFIN,EQ,260,228,87.69
20,1408,NCC,EQ,3254230,1493403,45.89
20,1409,NCLIND,EQ,137901,73686,53.43
20,1410,NDLVENTURE,EQ,103013,75584,73.37
20,1411,NDTV,EQ,1040543,411452,39.54
20,1412,NECLIFE,EQ,2203594,891874,40.47
20,1413,NELCAST,EQ,378821,165823,43.77
20,1414,NELCO,EQ,499866,129560,25.92
20,1415,NEOGEN,EQ,28252,15299,54.15
20,1416,NESCO,EQ,55318,28127,50.85
20,1417,NESTLEIND,EQ,785773,470668,59.90
20,1418,NETF,EQ,2099,1592,75.85
20,1419,NETWEB,EQ,249276,126049,50.57
20,1420,NETWORK18,EQ,2343070,1010147,43.11
20,1421,NEULANDLAB,EQ,65975,34825,52.79
20,1422,NEWJAISA,SM,75000,57000,76.00
20,1423,NEXT50,EQ,1093,1026,93.87
20,1424,NEXT50IETF,EQ,145040,51898,35.78
20,1425,NFL,EQ,28304215,5622873,19.87
20,1426,NGIL,EQ,537531,160435,29.85
20,1427,NGLFINE,EQ,1164,626,53.78
20,1428,NH,EQ,186905,99490,53.23
20,1429,NHAI,N2,120,120,100.00
20,1430,NHAI,N5,550,550,100.00
20,1431,NHAI,N6,1098,958,87.25
20,1432,NHAI,N8,20,20,100.00
20,1433,NHAI,NA,222,222,100.00
20,1434,NHAI,NC,10,10,100.00
20,1435,NHAI,NE,102,102,100.00
20,1436,NHBTF2014,N6,259,78,30.12
20,1437,NHIT,N1,4070,4069,99.98
20,1438,NHIT,N2,69,69,100.00
20,1439,NHIT,N3,384,257,66.93
20,1440,NHPC,EQ,143423574,49115614,34.25
20,1441,NHPC,N6,110,102,92.73
20,1442,NIACL,EQ,1050944,361503,34.40
20,1443,NIDAN,SM,58000,56000,96.55
20,1444,NIDO,N7,56,56,100.00
20,1445,NIF100BEES,EQ,6454,5298,82.09
20,1446,NIF100IETF,EQ,4179,2514,60.16
20,1447,NIFMID150,EQ,864,619,71.64
20,1448,NIFTYBEES,EQ,2328302,1420417,61.01
20,1449,NIFTYETF,EQ,71174,67751,95.19
20,1450,NIFTYIETF,EQ,491074,382163,77.82
20,1451,NIFTYQLITY,EQ,48035,39971,83.21
20,1452,NIITLTD,EQ,2940691,1043004,35.47
20,1453,NIITMTS,EQ,135335,81460,60.19
20,1454,NILAINFRA,EQ,1851497,921942,49.79
20,1455,NILKAMAL,EQ,2754,1737,63.07
20,1456,NINSYS,EQ,6813,3817,56.03
20,1457,NIPPOBATRY,EQ,7442,4993,67.09
20,1458,NIRAJ,EQ,1906733,927961,48.67
20,1459,NIRMAN,SM,33600,26400,78.57
20,1460,NITINSPIN,EQ,641473,224664,35.02
20,1461,NLCINDIA,EQ,9723499,2616912,26.91
20,1462,NMDC,EQ,18203331,7564638,41.56
20,1463,NOCIL,EQ,1157919,369643,31.92
20,1464,NPBET,EQ,915,603,65.90
20,1465,NPST,ST,2700,2600,96.30
20,1466,NRAIL,EQ,11264,5889,52.28
20,1467,NRBBEARING,EQ,80866,51099,63.19
20,1468,NRL,EQ,41025,24241,59.09
20,1469,NSIL,EQ,1687,1001,59.34
20,1470,NSLNISP,EQ,54334434,21311112,39.22
20,1471,NTPC,EQ,32525422,21441689,65.92
20,1472,NTPC,N6,96,72,75.00
20,1473,NTPC,N7,57535,57298,99.59
20,1474,NTPC,N8,40,40,100.00
20,1475,NTPC,NB,120,120,100.00
20,1476,NTPC,NC,16,16,100.00
20,1477,NTPC,ND,20,20,100.00
20,1478,NURECA,EQ,21082,10955,51.96
20,1479,NUVAMA,EQ,38971,21072,54.07
20,1480,NUVOCO,EQ,1183752,519072,43.85
20,1481,NV20BEES,EQ,5277,4065,77.03
20,1482,NV20IETF,EQ,17652,14575,82.57
20,1483,NXST,RR,168323,133189,79.13
20,1484,NYKAA,EQ,4364031,2113870,48.44
20,1485,OAL,EQ,6009,3493,58.13
20,1486,OBCL,EQ,32477,17112,52.69
20,1487,OBEROIRLTY,EQ,1191354,581838,48.84
20,1488,OCCL,EQ,7851,3771,48.03
20,1489,OFSS,EQ,809697,180291,22.27
20,1490,OIL,EQ,1031063,402101,39.00
20,1491,OLECTRA,EQ,829055,230869,27.85
20,1492,OLIL,SM,3600,3600,100.00
20,1493,OMAXAUTO,EQ,372081,276951,74.43
20,1494,OMAXE,EQ,278236,222551,79.99
20,1495,OMFURN,SM,19200,19200,100.00
20,1496,ONDOOR,SM,7200,4200,58.33
20,1497,ONEPOINT,EQ,1285014,890485,69.30
20,1498,ONGC,EQ,18291957,8789761,48.05
20,1499,ONMOBILE,EQ,931733,221573,23.78
20,1500,ONWARDTEC,EQ,84853,41768,49.22
20,1501,OPTIEMUS,EQ,138594,67660,48.82
20,1502,ORBTEXP,EQ,59108,41289,69.85
20,1503,ORCHPHARMA,EQ,52551,24614,46.84
20,1504,ORIANA,SM,109800,75600,68.85
20,1505,ORICONENT,EQ,919381,609587,66.30
20,1506,ORIENTALTL,EQ,109240,51102,46.78
20,1507,ORIENTBELL,EQ,70798,48072,67.90
20,1508,ORIENTCEM,EQ,487882,191549,39.26
20,1509,ORIENTCER,EQ,170388,108011,63.39
20,1510,ORIENTELEC,EQ,546060,339646,62.20
20,1511,ORIENTHOT,EQ,258133,105849,41.01
20,1512,ORIENTLTD,EQ,74435,50598,67.98
20,1513,ORIENTPPR,EQ,10314014,3872465,37.55
20,1514,ORISSAMINE,EQ,20491,10113,49.35
20,1515,ORTINLAB,EQ,48781,38314,78.54
20,1516,OSIAHYPER,EQ,13236422,1843863,13.93
20,1517,OSWALAGRO,EQ,2885171,1203054,41.70
20,1518,OSWALGREEN,EQ,7904515,3201048,40.50
20,1519,OSWALSEEDS,EQ,178382,68878,38.61
20,1520,PAGEIND,EQ,19971,8699,43.56
20,1521,PAISALO,EQ,2495535,1217327,48.78
20,1522,PAKKA,EQ,518936,258495,49.81
20,1523,PALREDTEC,EQ,44643,28877,64.68
20,1524,PANACEABIO,EQ,138965,62227,44.78
20,1525,PANACHE,EQ,4303,2746,63.82
20,1526,PANAMAPET,EQ,123120,67744,55.02
20,1527,PANSARI,EQ,2170,1426,65.71
20,1528,PAR,EQ,23027,14534,63.12
20,1529,PARACABLES,EQ,594692,453021,76.18
20,1530,PARADEEP,EQ,10239577,4794207,46.82
20,1531,PARAGMILK,EQ,981838,586717,59.76
20,1532,PARAGON,SM,18000,15600,86.67
20,1533,PARAS,EQ,1130143,424082,37.52
20,1534,PARIN,SM,2000,2000,100.00
20,1535,PARTYCRUS,SM,8000,6000,75.00
20,1536,PASUPTAC,EQ,167678,79221,47.25
20,1537,PATANJALI,EQ,344951,256351,74.32
20,1538,PATELENG,EQ,3495266,1537489,43.99
20,1539,PATINTLOG,EQ,521296,314741,60.38
20,1540,PATTECH,SM,4500,4500,100.00
20,1541,PAVNAIND,EQ,1508,739,49.01
20,1542,PAYTM,EQ,2297563,1525699,66.41
20,1543,PCBL,EQ,5150042,1838008,35.69
20,1544,PCJEWELLER,EQ,1313379,686378,52.26
20,1545,PDMJEPAPER,EQ,2743489,859123,31.31
20,1546,PDSL,EQ,58531,34806,59.47
20,1547,PEARLPOLY,EQ,53240,26209,49.23
20,1548,PEL,EQ,957352,292295,30.53
20,1549,PEL,N0,1015,1015,100.00
20,1550,PENIND,EQ,925835,361666,39.06
20,1551,PENINLAND,EQ,388359,216937,55.86
20,1552,PENTAGON,SM,9000,8000,88.89
20,1553,PERFECT,SM,270000,180000,66.67
20,1554,PERSISTENT,EQ,262203,94153,35.91
20,1555,PETRONET,EQ,6781388,3620971,53.40
20,1556,PFC,EQ,12426317,5262071,42.35
20,1557,PFC,N3,42,42,100.00
20,1558,PFC,N5,450,450,100.00
20,1559,PFC,N8,66,66,100.00
20,1560,PFIZER,EQ,12725,7877,61.90
20,1561,PFOCUS,EQ,614462,238557,38.82
20,1562,PFS,EQ,13305120,5540166,41.64
20,1563,PGEL,EQ,12974,5627,43.37
20,1564,PGHH,EQ,2350,1240,52.77
20,1565,PGHL,EQ,5380,2604,48.40
20,1566,PGIL,EQ,72592,58127,80.07
20,1567,PGINVIT,IV,1318992,1281417,97.15
20,1568,PHANTOMFX,SM,40500,27900,68.89
20,1569,PHARMABEES,EQ,3363642,2303276,68.48
20,1570,PHOENIXLTD,EQ,390913,187101,47.86
20,1571,PIDILITIND,EQ,757628,561793,74.15
20,1572,PIGL,EQ,52855,39306,74.37
20,1573,PIIND,EQ,241567,127594,52.82
20,1574,PILANIINVS,EQ,1578,952,60.33
20,1575,PILITA,EQ,617826,436838,70.71
20,1576,PIONEEREMB,EQ,78098,40869,52.33
20,1577,PITTIENG,EQ,51477,26406,51.30
20,1578,PIXTRANS,EQ,6059,3664,60.47
20,1579,PLASTIBLEN,EQ,46474,19084,41.06
20,1580,PNB,EQ,111791532,27318553,24.44
20,1581,PNBGILTS,EQ,2551550,583005,22.85
20,1582,PNBHOUSING,EQ,5908270,938645,15.89
20,1583,PNC,EQ,175586,95190,54.21
20,1584,PNCINFRA,EQ,1764680,1187776,67.31
20,1585,POCL,EQ,51979,27928,53.73
20,1586,PODDARMENT,EQ,2834,2184,77.06
20,1587,POKARNA,EQ,22276,10600,47.58
20,1588,POLICYBZR,EQ,892138,519124,58.19
20,1589,POLYCAB,EQ,1295034,477484,36.87
20,1590,POLYMED,EQ,16716,8320,49.77
20,1591,POLYPLEX,EQ,74513,41022,55.05
20,1592,PONNIERODE,EQ,76082,32793,43.10
20,1593,POONAWALLA,EQ,1346996,678969,50.41
20,1594,POWERGRID,EQ,20651484,12253999,59.34
20,1595,POWERINDIA,EQ,45826,10834,23.64
20,1596,POWERMECH,EQ,19829,12275,61.90
20,1597,PPAP,EQ,12495,6410,51.30
20,1598,PPL,EQ,96604,40466,41.89
20,1599,PPLPHARMA,EQ,3281960,1541840,46.98
20,1600,PRAJIND,EQ,803267,401794,50.02
20,1601,PRAKASH,EQ,977596,744032,76.11
20,1602,PRAMARA,SM,34000,32000,94.12
20,1603,PRECAM,EQ,170370,100899,59.22
20,1604,PRECISION,SM,12000,10000,83.33
20,1605,PRECOT,EQ,4867,3245,66.67
20,1606,PRECWIRE,EQ,6071746,2338286,38.51
20,1607,PREMEXPLN,EQ,266818,124068,46.50
20,1608,PRESSTONIC,SM,70400,46400,65.91
20,1609,PRESTIGE,EQ,1327051,778600,58.67
20,1610,PRICOLLTD,EQ,310939,175697,56.51
20,1611,PRIMESECU,EQ,138656,130987,94.47
20,1612,PRINCEPIPE,EQ,131781,81669,61.97
20,1613,PRITIKA,SM,166000,112000,67.47
20,1614,PRIVISCL,EQ,98796,27183,27.51
20,1615,PROLIFE,SM,1500,1500,100.00
20,1616,PROPEQUITY,SM,8400,6600,78.57
20,1617,PROV,SM,3360,2880,85.71
20,1618,PROZONER,EQ,1174457,468344,39.88
20,1619,PRSMJOHNSN,EQ,277313,104937,37.84
20,1620,PRUDENT,EQ,73673,16748,22.73
20,1621,PSB,EQ,3646336,1109652,30.43
20,1622,PSPPROJECT,EQ,33082,16726,50.56
20,1623,PSUBNKBEES,EQ,3004426,1970218,65.58
20,1624,PSUBNKIETF,EQ,249846,121912,48.79
20,1625,PTC,EQ,15186983,4676346,30.79
20,1626,PTCIL,EQ,3019,1407,46.60
20,1627,PTL,EQ,645100,285467,44.25
20,1628,PULZ,SM,46000,34000,73.91
20,1629,PUNJABCHEM,EQ,17194,8324,48.41
20,1630,PURVA,EQ,1361519,417511,30.67
20,1631,PVRINOX,EQ,874296,391207,44.75
20,1632,PVTBANIETF,EQ,413031,368732,89.27
20,1633,PYRAMID,EQ,216976,96046,44.27
20,1634,QFIL,SM,1000,1000,100.00
20,1635,QGOLDHALF,EQ,16385,8048,49.12
20,1636,QMSMEDI,SM,16000,11000,68.75
20,1637,QNIFTY,EQ,623,495,79.45
20,1638,QUADPRO,SM,156000,96000,61.54
20,1639,QUAL30IETF,EQ,37226,36314,97.55
20,1640,QUESS,EQ,302525,119952,39.65
20,1641,QUICKHEAL,EQ,566141,127728,22.56
20,1642,QUICKTOUCH,SM,5500,4000,72.73
20,1643,RACE,EQ,8674,6286,72.47
20,1644,RADHIKAJWE,EQ,667318,308918,46.29
20,1645,RADIANTCMS,EQ,357398,215619,60.33
20,1646,RADICO,EQ,66535,30659,46.08
20,1647,RADIOCITY,EQ,2873420,1069324,37.21
20,1648,RADIOCITY,P1,208,208,100.00
20,1649,RAILTEL,EQ,59292767,7512841,12.67
20,1650,RAIN,EQ,14826193,5406460,36.47
20,1651,RAINBOW,EQ,112374,62085,55.25
20,1652,RAJESHEXPO,EQ,452939,269266,59.45
20,1653,RAJRATAN,EQ,107832,56463,52.36
20,1654,RAJSREESUG,EQ,2168351,847798,39.10
20,1655,RAJTV,EQ,30111,21654,71.91
20,1656,RALLIS,EQ,1005916,474009,47.12
20,1657,RAMANEWS,EQ,505999,212538,42.00
20,1658,RAMAPHO,EQ,15323,9146,59.69
20,1659,RAMASTEEL,EQ,33531814,7876955,23.49
20,1660,RAMCOCEM,EQ,272987,82363,30.17
20,1661,RAMCOIND,EQ,156802,77390,49.36
20,1662,RAMCOSYS,EQ,50503,25710,50.91
20,1663,RAMKY,EQ,395666,165764,41.89
20,1664,RAMRAT,EQ,51005,18755,36.77
20,1665,RANASUG,EQ,1454179,479034,32.94
20,1666,RANEENGINE,EQ,12937,7961,61.54
20,1667,RANEHOLDIN,EQ,8022,3700,46.12
20,1668,RATEGAIN,EQ,426769,194370,45.54
20,1669,RATNAMANI,EQ,64090,35380,55.20
20,1670,RATNAVEER,EQ,333083,163396,49.06
20,1671,RAYMOND,EQ,101539,48758,48.02
20,1672,RBA,EQ,3724352,2039980,54.77
20,1673,RBL,EQ,22429,11000,49.04
20,1674,RBLBANK,EQ,7667912,2351265,30.66
20,1675,RBMINFRA,SM,22000,14000,63.64
20,1676,RBZJEWEL,EQ,201560,180640,89.62
20,1677,RCDL,SM,12000,12000,100.00
20,1678,RCF,EQ,13814164,3323316,24.06
20,1679,RECLTD,EQ,12311262,3746534,30.43
20,1680,RECLTD,N9,947,947,100.00
20,1681,RECLTD,NC,1,1,100.00
20,1682,RECLTD,NE,200,200,100.00
20,1683,RECLTD,NF,100,100,100.00
20,1684,RECLTD,NI,210,200,95.24
20,1685,REDINGTON,EQ,1564228,1142684,73.05
20,1686,REDTAPE,EQ,421839,239674,56.82
20,1687,REFEX,EQ,234677,122453,52.18
20,1688,RELAXO,EQ,65827,41693,63.34
20,1689,RELIABLE,SM,14400,14400,100.00
20,1690,RELIANCE,EQ,5904436,3349043,56.72
20,1691,RELIGARE,EQ,4127376,3044444,73.76
20,1692,RELINFRA,EQ,1654540,730545,44.15
20,1693,REMUS,SM,1225,1025,83.67
20,1694,RENUKA,EQ,20750988,6820793,32.87
20,1695,REPCOHOME,EQ,116453,60430,51.89
20,1696,REPL,EQ,16876,11653,69.05
20,1697,REPRO,EQ,6492,4446,68.48
20,1698,RESPONIND,EQ,123035,44764,36.38
20,1699,RGL,EQ,142286,66522,46.75
20,1700,RHIM,EQ,90871,61234,67.39
20,1701,RHL,EQ,5924,4317,72.87
20,1702,RICHA,SM,1000,1000,100.00
20,1703,RICOAUTO,EQ,3866969,1630913,42.18
20,1704,RIIL,EQ,489915,76083,15.53
20,1705,RILINFRA,SM,6300,4900,77.78
20,1706,RISHABH,EQ,102260,60425,59.09
20,1707,RITCO,EQ,79601,42731,53.68
20,1708,RITES,EQ,30503737,3496463,11.46
20,1709,RITEZONE,SM,6400,4800,75.00
20,1710,RKEC,EQ,389726,149922,38.47
20,1711,RKFORGE,EQ,409195,221976,54.25
20,1712,RML,EQ,17139,4872,28.43
20,1713,ROCKINGDCE,SM,118000,78000,66.10
20,1714,ROHLTD,EQ,170648,89736,52.59
20,1715,ROLEXRINGS,EQ,5949,2926,49.18
20,1716,ROML,EQ,11689,8317,71.15
20,1717,ROSSARI,EQ,64491,26567,41.19
20,1718,ROSSELLIND,EQ,17018,7983,46.91
20,1719,ROTO,EQ,68648,38168,55.60
20,1720,ROUTE,EQ,163839,107066,65.35
20,1721,ROXHITECH,SM,78400,62400,79.59
20,1722,RPGLIFE,EQ,26204,13564,51.76
20,1723,RPOWER,EQ,68958463,20082655,29.12
20,1724,RPPL,EQ,178691,92532,51.78
20,1725,RPSGVENT,EQ,72710,34492,47.44
20,1726,RRKABEL,EQ,99020,54783,55.33
20,1727,RSSOFTWARE,EQ,93853,59922,63.85
20,1728,RSWM,EQ,74362,32796,44.10
20,1729,RSYSTEMS,EQ,148355,93728,63.18
20,1730,RTNINDIA,EQ,2913441,1023848,35.14
20,1731,RTNPOWER,EQ,38210822,20348860,53.25
20,1732,RUBYMILLS,EQ,25348,13976,55.14
20,1733,RUCHIRA,EQ,483289,175173,36.25
20,1734,RUPA,EQ,144906,76397,52.72
20,1735,RUSHIL,EQ,380173,156302,41.11
20,1736,RUSTOMJEE,EQ,32467,16805,51.76
20,1737,RVNL,EQ,27527924,8327939,30.25
20,1738,SAAKSHI,SM,40800,36000,88.24
20,1739,SADHNANIQ,EQ,270463,143534,53.07
20,1740,SAFARI,EQ,25124,13426,53.44
20,1741,SAGCEM,EQ,352531,175070,49.66
20,1742,SAH,EQ,321707,114515,35.60
20,1743,SAHAJ,SM,44000,44000,100.00
20,1744,SAHANA,SM,101000,57500,56.93
20,1745,SAHYADRI,EQ,13930,8679,62.30
20,1746,SAIFL,SM,31200,20800,66.67
20,1747,SAIL,EQ,62850007,25543728,40.64
20,1748,SAKAR,EQ,57233,29606,51.73
20,1749,SAKHTISUG,EQ,2508807,957157,38.15
20,1750,SAKUMA,EQ,7921084,3699136,46.70
20,1751,SALASAR,EQ,15996805,6968157,43.56
20,1752,SALONA,EQ,7332,2674,36.47
20,1753,SALZERELEC,EQ,51331,24824,48.36
20,1754,SAMHI,EQ,548975,255145,46.48
20,1755,SANDESH,EQ,1730,1048,60.58
20,1756,SANDHAR,EQ,43835,16362,37.33
20,1757,SANDUMA,EQ,112372,62024,55.20
20,1758,SANGAMIND,EQ,1640292,1140827,69.55
20,1759,SANGANI,SM,21000,21000,100.00
20,1760,SANGHIIND,EQ,1945945,1488882,76.51
20,1761,SANGHVIMOV,EQ,109252,50347,46.08
20,1762,SANOFI,EQ,8608,4961,57.63
20,1763,SANSERA,EQ,63862,37426,58.60
20,1764,SAPPHIRE,EQ,26167,18973,72.51
20,1765,SARDAEN,EQ,424953,224599,52.85
20,1766,SAREGAMA,EQ,1261859,876526,69.46
20,1767,SARLAPOLY,EQ,884085,431247,48.78
20,1768,SARTELE,SM,176000,132000,75.00
20,1769,SARVESHWAR,EQ,13292233,7020691,52.82
20,1770,SASKEN,EQ,43449,21804,50.18
20,1771,SASTASUNDR,EQ,29207,15545,53.22
20,1772,SATIA,EQ,528996,226416,42.80
20,1773,SATIN,EQ,292071,138553,47.44
20,1774,SATINDLTD,EQ,589007,219729,37.30
20,1775,SBC,EQ,2806374,1819918,64.85
20,1776,SBCL,EQ,59833,30396,50.80
20,1777,SBFC,EQ,9229230,2280035,24.70
20,1778,SBGLP,EQ,30029,6348,21.14
20,1779,SBICARD,EQ,2201724,914680,41.54
20,1780,SBIETFCON,EQ,6310,3730,59.11
20,1781,SBIETFIT,EQ,5632,3664,65.06
20,1782,SBIETFPB,EQ,4205,3000,71.34
20,1783,SBIETFQLTY,EQ,1313,875,66.64
20,1784,SBILIFE,EQ,3230297,1899440,58.80
20,1785,SBIN,EQ,22684904,10132801,44.67
20,1786,SCHAEFFLER,EQ,43917,28635,65.20
20,1787,SCHAND,EQ,51073,28315,55.44
20,1788,SCHNEIDER,EQ,1130285,501377,44.36
20,1789,SCI,EQ,35022024,8348506,23.84
20,1790,SCML,SM,22000,14000,63.64
20,1791,SCPL,EQ,21823,13403,61.42
20,1792,SDBL,EQ,321576,159120,49.48
20,1793,SDL24BEES,EQ,62,56,90.32
20,1794,SDL26BEES,EQ,2655,2394,90.17
20,1795,SEAMECLTD,EQ,66575,31809,47.78
20,1796,SECURCRED,EQ,510990,437382,85.60
20,1797,SECURKLOUD,EQ,68406,47423,69.33
20,1798,SEL,ST,3200,3200,100.00
20,1799,SELAN,EQ,40427,19196,47.48
20,1800,SEMAC,EQ,834,591,70.86
20,1801,SENCO,EQ,186124,84574,45.44
20,1802,SENSEXETF,EQ,34473,28101,81.52
20,1803,SENSEXIETF,EQ,11075,7242,65.39
20,1804,SEPC,EQ,9052067,5971362,65.97
20,1805,SEQUENT,EQ,801507,216240,26.98
20,1806,SERVICE,SM,14000,12000,85.71
20,1807,SESHAPAPER,EQ,103268,41763,40.44
20,1808,SETF10GILT,EQ,9272,8250,88.98
20,1809,SETFGOLD,EQ,276578,243318,87.97
20,1810,SETFNIF50,EQ,566603,494103,87.20
20,1811,SETFNIFBK,EQ,175867,121224,68.93
20,1812,SETFNN50,EQ,36498,34321,94.04
20,1813,SFL,EQ,16842,9676,57.45
20,1814,SGBAPR28I,GB,138,121,87.68
20,1815,SGBAUG24,GB,345,322,93.33
20,1816,SGBAUG27,GB,8,8,100.00
20,1817,SGBAUG28V,GB,1112,923,83.00
20,1818,SGBAUG29V,GB,194,170,87.63
20,1819,SGBAUG30,GB,112,106,94.64
20,1820,SGBD29VIII,GB,140,137,97.86
20,1821,SGBDC27VII,GB,2,2,100.00
20,1822,SGBDE30III,GB,143,106,74.13
20,1823,SGBDEC26,GB,29,29,100.00
20,1824,SGBFEB24,GB,117,109,93.16
20,1825,SGBFEB27,GB,313,313,100.00
20,1826,SGBFEB28IX,GB,5,3,60.00
20,1827,SGBFEB29XI,GB,254,234,92.13
20,1828,SGBJ28VIII,GB,5,4,80.00
20,1829,SGBJAN26,GB,5,5,100.00
20,1830,SGBJAN27,GB,27,27,100.00
20,1831,SGBJAN29IX,GB,739,603,81.60
20,1832,SGBJAN29X,GB,84,71,84.52
20,1833,SGBJAN30IX,GB,75,69,92.00
20,1834,SGBJU29III,GB,63,56,88.89
20,1835,SGBJUL25,GB,113,112,99.12
20,1836,SGBJUL27,GB,15,6,40.00
20,1837,SGBJUL28IV,GB,663,609,91.86
20,1838,SGBJUL29IV,GB,535,509,95.14
20,1839,SGBJUN28,GB,66,47,71.21
20,1840,SGBJUN29II,GB,57,56,98.25
20,1841,SGBJUN30,GB,38,35,92.11
20,1842,SGBJUN31I,GB,1072,925,86.29
20,1843,SGBMAR24,GB,16,11,68.75
20,1844,SGBMAR25,GB,47,43,91.49
20,1845,SGBMAR28X,GB,35,30,85.71
20,1846,SGBMAR30X,GB,46,36,78.26
20,1847,SGBMAR31IV,GB,105,73,69.52
20,1848,SGBMAY25,GB,231,128,55.41
20,1849,SGBMAY26,GB,28,24,85.71
20,1850,SGBMAY28,GB,404,304,75.25
20,1851,SGBMAY29I,GB,224,141,62.95
20,1852,SGBMR29XII,GB,212,190,89.62
20,1853,SGBN28VIII,GB,104,91,87.50
20,1854,SGBNOV24,GB,282,181,64.18
20,1855,SGBNOV25,GB,10,10,100.00
20,1856,SGBNOV25IX,GB,1,1,100.00
20,1857,SGBNOV26,GB,5,5,100.00
20,1858,SGBNV29VII,GB,64,62,96.88
20,1859,SGBOC28VII,GB,261,256,98.08
20,1860,SGBOCT25IV,GB,38,24,63.16
20,1861,SGBOCT25V,GB,1,1,100.00
20,1862,SGBOCT26,GB,37,34,91.89
20,1863,SGBOCT27,GB,35,32,91.43
20,1864,SGBOCT27VI,GB,6,5,83.33
20,1865,SGBSEP24,GB,224,161,71.88
20,1866,SGBSEP27,GB,118,106,89.83
20,1867,SGBSEP28VI,GB,42,42,100.00
20,1868,SGBSEP29VI,GB,200,152,76.00
20,1869,SGBSEP31II,GB,1353,1241,91.72
20,1870,SGIL,EQ,25350,15570,61.42
20,1871,SGL,EQ,107435,60641,56.44
20,1872,SHAHALLOYS,EQ,30461,17659,57.97
20,1873,SHAILY,EQ,172764,165985,96.08
20,1874,SHAKTIPUMP,EQ,129465,74465,57.52
20,1875,SHALBY,EQ,130334,45338,34.79
20,1876,SHALPAINTS,EQ,340652,187848,55.14
20,1877,SHANKARA,EQ,121503,77581,63.85
20,1878,SHANTHALA,SM,6000,6000,100.00
20,1879,SHANTI,EQ,877111,446813,50.94
20,1880,SHANTIGEAR,EQ,33756,12517,37.08
20,1881,SHARDACROP,EQ,404268,238280,58.94
20,1882,SHARDAMOTR,EQ,18492,8231,44.51
20,1883,SHAREINDIA,EQ,621002,325832,52.47
20,1884,SHAREINDIA,W1,6356,6296,99.06
20,1885,SHARIABEES,EQ,723,536,74.14
20,1886,SHEETAL,SM,66000,26000,39.39
20,1887,SHEMAROO,EQ,2535306,780280,30.78
20,1888,SHERA,SM,26000,16000,61.54
20,1889,SHIGAN,SM,12000,10500,87.50
20,1890,SHILPAMED,EQ,155399,69840,44.94
20,1891,SHIVALIK,EQ,19375,10444,53.90
20,1892,SHIVAMILLS,EQ,299481,112912,37.70
20,1893,SHIVATEX,EQ,14459,7683,53.14
20,1894,SHK,EQ,464511,239499,51.56
20,1895,SHOPERSTOP,EQ,571900,535912,93.71
20,1896,SHREDIGCEM,EQ,1626784,828027,50.90
20,1897,SHREECEM,EQ,25490,12323,48.34
20,1898,SHREEOSFM,SM,26000,16000,61.54
20,1899,SHREEPUSHK,EQ,27914,13365,47.88
20,1900,SHREYAS,EQ,28934,13285,45.91
20,1901,SHRIPISTON,EQ,511636,340116,66.48
20,1902,SHRIRAMFIN,EQ,1065564,558974,52.46
20,1903,SHRIRAMFIN,YI,10,10,100.00
20,1904,SHRIRAMFIN,YZ,26,25,96.15
20,1905,SHRIRAMFIN,Z4,10,10,100.00
20,1906,SHRIRAMPPS,EQ,1423335,605020,42.51
20,1907,SHRITECH,SM,20000,16000,80.00
20,1908,SHUBHLAXMI,SM,70000,67000,95.71
20,1909,SHYAMCENT,EQ,741056,372646,50.29
20,1910,SHYAMMETL,EQ,353649,204731,57.89
20,1911,SHYAMTEL,EQ,771,771,100.00
20,1912,SIEMENS,EQ,163965,84880,51.77
20,1913,SIGACHI,EQ,1594030,896558,56.24
20,1914,SIGMA,EQ,5773,2947,51.05
20,1915,SIGNATURE,EQ,289054,101596,35.15
20,1916,SILINV,EQ,1340,827,61.72
20,1917,SILVER,EQ,25260,18471,73.12
20,1918,SILVERBEES,EQ,1071846,842680,78.62
20,1919,SILVERETF,EQ,39174,29384,75.01
20,1920,SILVERIETF,EQ,225613,185787,82.35
20,1921,SILVERTUC,EQ,4656,3863,82.97
20,1922,SILVRETF,EQ,408,206,50.49
20,1923,SIMBHALS,EQ,296500,159900,53.93
20,1924,SINDHUTRAD,EQ,15170563,6524734,43.01
20,1925,SINTERCOM,EQ,57180,41145,71.96
20,1926,SIRCA,EQ,114118,61329,53.74
20,1927,SIS,EQ,140468,56452,40.19
20,1928,SIYSIL,EQ,48556,25890,53.32
20,1929,SJLOGISTIC,SM,32000,23000,71.88
20,1930,SJS,EQ,71084,38073,53.56
20,1931,SJVN,EQ,73902690,18383778,24.88
20,1932,SKFINDIA,EQ,22919,19953,87.06
20,1933,SKIPPER,EQ,176656,79761,45.15
20,1934,SKMEGGPROD,EQ,90979,56125,61.69
20,1935,SKP,SM,19500,16000,82.05
20,1936,SMARTLINK,EQ,13792,8568,62.12
20,1937,SMCGLOBAL,EQ,265287,135443,51.06
20,1938,SMLISUZU,EQ,14028,7826,55.79
20,1939,SMLT,EQ,525618,139447,26.53
20,1940,SMSLIFE,EQ,1829,1526,83.43
20,1941,SMSPHARMA,EQ,118212,64672,54.71
20,1942,SMVD,SM,12120,12120,100.00
20,1943,SNOWMAN,EQ,1767239,668382,37.82
20,1944,SOBHA,EQ,239323,64533,26.96
20,1945,SOLARA,EQ,108051,54585,50.52
20,1946,SOLARINDS,EQ,161021,77844,48.34
20,1947,SOLEX,SM,84200,57800,68.65
20,1948,SOMANYCERA,EQ,11518,5792,50.29
20,1949,SONACOMS,EQ,1029950,491572,47.73
20,1950,SONATSOFTW,EQ,249950,117345,46.95
20,1951,SONUINFRA,SM,6000,6000,100.00
20,1952,SOTL,EQ,67331,32342,48.03
20,1953,SOUTHBANK,EQ,97855133,36859501,37.67
20,1954,SPAL,EQ,33761,18788,55.65
20,1955,SPANDANA,EQ,147984,89200,60.28
20,1956,SPARC,EQ,180153,94706,52.57
20,1957,SPCENET,EQ,2810818,2215602,78.82
20,1958,SPECIALITY,EQ,176522,94386,53.47
20,1959,SPECTRUM,SM,10500,7875,75.00
20,1960,SPECTSTM,SM,15200,10400,68.42
20,1961,SPENCERS,EQ,2793065,1637757,58.64
20,1962,SPIC,EQ,4659039,1323695,28.41
20,1963,SPLIL,EQ,93488,55429,59.29
20,1964,SPLPETRO,EQ,366773,152489,41.58
20,1965,SPORTKING,EQ,10970,7128,64.98
20,1966,SPRL,ST,1600,1600,100.00
20,1967,SREEL,EQ,24806,9861,39.75
20,1968,SRF,EQ,432584,240919,55.69
20,1969,SRGHFL,EQ,4742,2170,45.76
20,1970,SRHHYPOLTD,EQ,16579,9532,57.49
20,1971,SRIVASAVI,SM,5000,4000,80.00
20,1972,SSFL,SM,9000,6000,66.67
20,1973,SSWL,EQ,418365,198739,47.50
20,1974,STAR,EQ,506339,273028,53.92
20,1975,STARCEMENT,EQ,602052,249647,41.47
20,1976,STARHEALTH,EQ,2772198,2531607,91.32
20,1977,STARPAPER,EQ,143221,65677,45.86
20,1978,STCINDIA,EQ,585289,175551,29.99
20,1979,STEELCAS,EQ,15292,8106,53.01
20,1980,STEELCITY,EQ,36891,27567,74.73
20,1981,STEELXIND,EQ,67303785,30893490,45.90
20,1982,STEL,EQ,5870,4000,68.14
20,1983,STERTOOLS,EQ,55030,18622,33.84
20,1984,STLTECH,EQ,4229831,1385376,32.75
20,1985,STOVEKRAFT,EQ,88464,56636,64.02
20,1986,STYLAMIND,EQ,49157,29908,60.84
20,1987,STYRENIX,EQ,16283,10450,64.18
20,1988,SUBEXLTD,EQ,29630420,10975791,37.04
20,1989,SUBROS,EQ,602165,138738,23.04
20,1990,SUDARSCHEM,EQ,117688,60050,51.02
20,1991,SUKHJITS,EQ,6871,3489,50.78
20,1992,SULA,EQ,831614,228890,27.52
20,1993,SUMICHEM,EQ,115214,60694,52.68
20,1994,SUMMITSEC,EQ,5701,2946,51.68
20,1995,SUNCLAY,EQ,22092,17037,77.12
20,1996,SUNDARMFIN,EQ,25293,12883,50.94
20,1997,SUNDARMHLD,EQ,123057,58301,47.38
20,1998,SUNDRMBRAK,EQ,1758,1346,76.56
20,1999,SUNDRMFAST,EQ,22288,9905,44.44
20,2000,SUNFLAG,EQ,553104,220825,39.92
20,2001,SUNPHARMA,EQ,1870910,982572,52.52
20,2002,SUNREST,SM,9600,9600,100.00
20,2003,SUNTECK,EQ,1441310,396813,27.53
20,2004,SUNTV,EQ,684222,280033,40.93
20,2005,SUPERHOUSE,EQ,14412,7812,54.20
20,2006,SUPRAJIT,EQ,115235,61703,53.55
20,2007,SUPREMEIND,EQ,152664,80090,52.46
20,2008,SUPREMEPWR,SM,226000,158000,69.91
20,2009,SUPRIYA,EQ,672399,252964,37.62
20,2010,SURAJEST,EQ,129068,87642,67.90
20,2011,SURANI,SM,8400,8400,100.00
20,2012,SURYALAXMI,EQ,26029,16512,63.44
20,2013,SURYAROSNI,EQ,557914,142727,25.58
20,2014,SURYODAY,EQ,402803,147337,36.58
20,2015,SUTLEJTEX,EQ,161880,85694,52.94
20,2016,SUVEN,EQ,296832,166789,56.19
20,2017,SUVENPHAR,EQ,47969,21642,45.12
20,2018,SUZLON,EQ,53839790,29970234,55.67
20,2019,SWANENERGY,EQ,6518078,1988580,30.51
20,2020,SWARAJ,SM,21000,17000,80.95
20,2021,SWARAJENG,EQ,36557,11881,32.50
20,2022,SWASTIK,SM,102000,79200,77.65
20,2023,SWELECTES,EQ,378790,75468,19.92
20,2024,SWSOLAR,EQ,2755063,1589798,57.70
20,2025,SYMPHONY,EQ,44245,24612,55.63
20,2026,SYNCOMF,EQ,3035827,1750884,57.67
20,2027,SYNGENE,EQ,2081246,970327,46.62
20,2028,SYNOPTICS,SM,11400,9600,84.21
20,2029,SYRMA,EQ,396566,217026,54.73
20,2030,SYSTANGO,SM,76000,47600,62.63
20,2031,TAINWALCHM,EQ,10998,6829,62.09
20,2032,TAJGVK,EQ,410009,201609,49.17
20,2033,TAKE,EQ,1054772,572752,54.30
20,2034,TANLA,EQ,990044,311388,31.45
20,2035,TAPIFRUIT,SM,750,750,100.00
20,2036,TARACHAND,SM,29000,25000,86.21
20,2037,TARMAT,EQ,150052,66635,44.41
20,2038,TARSONS,EQ,193383,84281,43.58
20,2039,TASTYBITE,EQ,1243,401,32.26
20,2040,TATACAP,N6,241,241,100.00
20,2041,TATACAPHSG,N6,1,1,100.00
20,2042,TATACHEM,EQ,713684,237500,33.28
20,2043,TATACOMM,EQ,365596,174886,47.84
20,2044,TATACONSUM,EQ,1125321,644161,57.24
20,2045,TATAELXSI,EQ,184113,94663,51.42
20,2046,TATAGOLD,EQ,925304,680778,73.57
20,2047,TATAINVEST,EQ,113690,34725,30.54
20,2048,TATAMETALI,EQ,101678,39955,39.30
20,2049,TATAMOTORS,EQ,10109720,5162462,51.06
20,2050,TATAMTRDVR,EQ,960432,517057,53.84
20,2051,TATAPOWER,EQ,19949672,7838551,39.29
20,2052,TATASTEEL,EQ,61358839,21691073,35.35
20,2053,TATATECH,EQ,556575,289703,52.05
20,2054,TATSILV,EQ,161560,140579,87.01
20,2055,TATVA,EQ,16332,8493,52.00
20,2056,TBZ,EQ,184397,80949,43.90
20,2057,TCI,EQ,19524,10020,51.32
20,2058,TCIEXP,EQ,12897,8149,63.19
20,2059,TCNSBRANDS,EQ,224013,93167,41.59
20,2060,TCPLPACK,EQ,2195,1147,52.26
20,2061,TCS,EQ,2205154,1332663,60.43
20,2062,TDPOWERSYS,EQ,195967,99297,50.67
20,2063,TEAMLEASE,EQ,29784,17341,58.22
20,2064,TECH,EQ,11910,6670,56.00
20,2065,TECHLABS,SM,32000,32000,100.00
20,2066,TECHM,EQ,8424862,3849755,45.70
20,2067,TECHNOE,EQ,78863,39364,49.91
20,2068,TEGA,EQ,45974,20003,43.51
20,2069,TEJASNET,EQ,228693,96442,42.17
20,2070,TEMBO,EQ,67941,22239,32.73
20,2071,TEXINFRA,EQ,3683640,1474652,40.03
20,2072,TEXMOPIPES,EQ,182068,83718,45.98
20,2073,TEXRAIL,EQ,6033058,2459254,40.76
20,2074,TFCILTD,EQ,4675420,2378330,50.87
20,2075,THANGAMAYL,EQ,8729,5265,60.32
20,2076,THEINVEST,EQ,49141,33078,67.31
20,2077,THEJO,EQ,2135,1393,65.25
20,2078,THEMISMED,EQ,134672,72887,54.12
20,2079,THERMAX,EQ,78716,41519,52.75
20,2080,THOMASCOOK,EQ,1794441,1215586,67.74
20,2081,THYROCARE,EQ,54272,21313,39.27
20,2082,TI,EQ,298277,131350,44.04
20,2083,TIDEWATER,EQ,24573,10954,44.58
20,2084,TIIL,EQ,78657,26616,33.84
20,2085,TIINDIA,EQ,165063,74928,45.39
20,2086,TIJARIA,EQ,72497,46062,63.54
20,2087,TIMESCAN,SM,4000,4000,100.00
20,2088,TIMETECHNO,EQ,2665447,1060218,39.78
20,2089,TIMKEN,EQ,42372,17731,41.85
20,2090,TIPSINDLTD,EQ,784416,342770,43.70
20,2091,TIRUMALCHM,EQ,372157,149122,40.07
20,2092,TITAGARH,EQ,992126,290264,29.26
20,2093,TITAN,EQ,646135,284314,44.00
20,2094,TMB,EQ,45736,26203,57.29
20,2095,TNIDETF,EQ,47611,43158,90.65
20,2096,TNPETRO,EQ,332219,136546,41.10
20,2097,TNPL,EQ,380387,159440,41.92
20,2098,TNTELE,EQ,105757,81923,77.46
20,2099,TOKYOPLAST,EQ,54148,30467,56.27
20,2100,TORNTPHARM,EQ,287050,183624,63.97
20,2101,TORNTPOWER,EQ,194979,101066,51.83
20,2102,TOTAL,EQ,15817,6850,43.31
20,2103,TPLPLASTEH,EQ,323615,111040,34.31
20,2104,TRACXN,EQ,1113266,432654,38.86
20,2105,TRANSTEEL,SM,604000,394000,65.23
20,2106,TREEHOUSE,EQ,48387,39968,82.60
20,2107,TREL,EQ,2872771,1166755,40.61
20,2108,TRENT,EQ,489321,334767,68.41
20,2109,TRF,EQ,63829,33179,51.98
20,2110,TRIDENT,EQ,20007100,6112419,30.55
20,2111,TRIDHYA,SM,12000,12000,100.00
20,2112,TRIGYN,EQ,728092,330337,45.37
20,2113,TRIL,EQ,5076821,1555487,30.64
20,2114,TRITURBINE,EQ,376730,267963,71.13
20,2115,TRIVENI,EQ,398557,167621,42.06
20,2116,TRU,EQ,1399149,510503,36.49
20,2117,TTKHLTCARE,EQ,5040,3033,60.18
20,2118,TTKPRESTIG,EQ,116111,87089,75.00
20,2119,TTL,EQ,33972,19539,57.52
20,2120,TTML,EQ,11939538,3146912,26.36
20,2121,TV18BRDCST,EQ,19773911,5900340,29.84
20,2122,TVSELECT,EQ,40813,14242,34.90
20,2123,TVSHLTD,EQ,8315,3611,43.43
20,2124,TVSHLTD,P1,27187,27149,99.86
20,2125,TVSMOTOR,EQ,2078701,952019,45.80
20,2126,TVSSCS,EQ,386360,215882,55.88
20,2127,TVSSRICHAK,EQ,6662,3841,57.66
20,2128,TVTODAY,EQ,302384,147301,48.71
20,2129,UBL,EQ,299148,152766,51.07
20,2130,UCAL,EQ,28977,15323,52.88
20,2131,UCOBANK,EQ,25855430,9048793,35.00
20,2132,UDS,EQ,149497,84878,56.78
20,2133,UFLEX,EQ,42528,20126,47.32
20,2134,UFO,EQ,4153808,1320876,31.80
20,2135,UGARSUGAR,EQ,385024,114049,29.62
20,2136,UGROCAP,EQ,165275,88359,53.46
20,2137,UGROCAP,N1,5,5,100.00
20,2138,UGROCAP,N3,20,20,100.00
20,2139,UGROCAP,N6,200,200,100.00
20,2140,UGROCAP,N7,50,50,100.00
20,2141,UJJIVAN,EQ,1192263,652021,54.69
20,2142,UJJIVANSFB,EQ,13617015,6909676,50.74
20,2143,ULTRACEMCO,EQ,296269,180907,61.06
20,2144,UMA,SM,24000,16000,66.67
20,2145,UMAEXPORTS,EQ,1170397,604341,51.64
20,2146,UMANGDAIRY,EQ,126236,83427,66.09
20,2147,UNICHEMLAB,EQ,12303,8269,67.21
20,2148,UNIDT,EQ,40116,20817,51.89
20,2149,UNIENTER,EQ,19857,12503,62.97
20,2150,UNIHEALTH,SM,152000,125000,82.24
20,2151,UNIINFO,EQ,75832,54641,72.06
20,2152,UNIONBANK,EQ,14886698,5409936,36.34
20,2153,UNIPARTS,EQ,100862,68644,68.06
20,2154,UNITEDPOLY,EQ,6384,2194,34.37
20,2155,UNITEDTEA,EQ,4643,2598,55.96
20,2156,UNIVCABLES,EQ,13846,6767,48.87
20,2157,UNIVPHOTO,EQ,723,519,71.78
20,2158,UNOMINDA,EQ,439030,330569,75.30
20,2159,UPL,EQ,1723625,841173,48.80
20,2160,URAVI,EQ,10924,1036,9.48
20,2161,URBAN,SM,21600,20400,94.44
20,2162,URJA,EQ,65962659,25879802,39.23
20,2163,USASEEDS,SM,1800,1800,100.00
20,2164,USHAMART,EQ,773000,338546,43.80
20,2165,USK,EQ,259859,127449,49.05
20,2166,UTIAMC,EQ,50451,22012,43.63
20,2167,UTIBANKETF,EQ,1578424,1384851,87.74
20,2168,UTINEXT50,EQ,28582,24289,84.98
20,2169,UTINIFTETF,EQ,53918,52641,97.63
20,2170,UTISENSETF,EQ,34312,33886,98.76
20,2171,UTISXN50,EQ,600,504,84.00
20,2172,UTKARSHBNK,EQ,3263099,1759777,53.93
20,2173,UTTAMSUGAR,EQ,190347,73946,38.85
20,2174,V2RETAIL,EQ,27261,14848,54.47
20,2175,VADILALIND,EQ,24908,15367,61.70
20,2176,VAIBHAVGBL,EQ,1162003,357797,30.79
20,2177,VAISHALI,EQ,32921,17141,52.07
20,2178,VAKRANGEE,EQ,94518946,25090937,26.55
20,2179,VALIANTLAB,EQ,133947,67328,50.26
20,2180,VALIANTORG,EQ,41354,21818,52.76
20,2181,VARDHACRLC,EQ,96028,43255,45.04
20,2182,VARROC,EQ,145836,80557,55.24
20,2183,VASA,ST,4000,4000,100.00
20,2184,VASCONEQ,EQ,2269994,757782,33.38
20,2185,VASWANI,EQ,290191,165623,57.07
20,2186,VBL,EQ,3331395,2446464,73.44
20,2187,VEDL,EQ,5195068,1741263,33.52
20,2188,VEEKAYEM,SM,8000,0,0.00
20,2189,VELS,SM,3600,3600,100.00
20,2190,VENKEYS,EQ,23422,8448,36.07
20,2191,VENUSPIPES,EQ,104352,68885,66.01
20,2192,VENUSREM,EQ,48307,23115,47.85
20,2193,VERANDA,EQ,92894,46432,49.98
20,2194,VERTOZ,EQ,199835,104310,52.20
20,2195,VESUVIUS,EQ,3969,1557,39.23
20,2196,VETO,EQ,150429,99816,66.35
20,2197,VGUARD,EQ,235015,123550,52.57
20,2198,VHL,EQ,586,366,62.46
20,2199,VIAZ,ST,10000,10000,100.00
20,2200,VIDHIING,EQ,19505,10823,55.49
20,2201,VIJAYA,EQ,114950,76445,66.50
20,2202,VIJIFIN,EQ,221112,216398,97.87
20,2203,VIKASECO,EQ,13368440,6981104,52.22
20,2204,VIKASLIFE,EQ,52416175,26318229,50.21
20,2205,VILINBIO,SM,20000,12000,60.00
20,2206,VIMTALABS,EQ,29779,13306,44.68
20,2207,VINATIORGA,EQ,40999,24733,60.33
20,2208,VINDHYATEL,EQ,28578,14681,51.37
20,2209,VINSYS,SM,21500,14500,67.44
20,2210,VINYAS,SM,6400,6400,100.00
20,2211,VINYLINDIA,EQ,40821,20905,51.21
20,2212,VIPCLOTHNG,EQ,176412,121197,68.70
20,2213,VIPIND,EQ,401541,178291,44.40
20,2214,VIPULLTD,EQ,276419,228972,82.84
20,2215,VIRINCHI,EQ,3635721,1976680,54.37
20,2216,VISAKAIND,EQ,4794257,1775646,37.04
20,2217,VISHNU,EQ,96827,46632,48.16
20,2218,VISHNUINFR,SM,316000,224000,70.89
20,2219,VISHWARAJ,EQ,1779671,856129,48.11
20,2220,VITAL,SM,60000,46800,78.00
20,2221,VIVIANA,SM,24000,20000,83.33
20,2222,VLEGOV,EQ,4277173,3495212,81.72
20,2223,VLSFINANCE,EQ,38105,23231,60.97
20,2224,VMARCIND,SM,50000,32000,64.00
20,2225,VMART,EQ,59950,53490,89.22
20,2226,VOLTAMP,EQ,53681,25872,48.20
20,2227,VOLTAS,EQ,992236,529341,53.35
20,2228,VPRPL,EQ,487852,184878,37.90
20,2229,VRLLOG,EQ,11848,5445,45.96
20,2230,VSCL,SM,12000,12000,100.00
20,2231,VSSL,EQ,75210,35440,47.12
20,2232,VSTIND,EQ,6562,2828,43.10
20,2233,VSTTILLERS,EQ,6584,3608,54.80
20,2234,VTL,EQ,343711,182382,53.06
20,2235,WABAG,EQ,354055,189131,53.42
20,2236,WALCHANNAG,EQ,133477,89746,67.24
20,2237,WALPAR,SM,4000,4000,100.00
20,2238,WEBELSOLAR,EQ,1954265,608946,31.16
20,2239,WEL,EQ,6216,3113,50.08
20,2240,WELCORP,EQ,666377,385175,57.80
20,2241,WELENT,EQ,481024,238091,49.50
20,2242,WELSPUNLIV,EQ,6819182,1980209,29.04
20,2243,WENDT,EQ,841,451,53.63
20,2244,WESTLIFE,EQ,40301,24095,59.79
20,2245,WHEELS,EQ,113195,55006,48.59
20,2246,WHIRLPOOL,EQ,34337,17991,52.40
20,2247,WINDLAS,EQ,69853,36995,52.96
20,2248,WINDMACHIN,EQ,110661,60993,55.12
20,2249,WIPRO,EQ,6426490,2702680,42.06
20,2250,WOCKPHARMA,EQ,768695,244375,31.79
20,2251,WONDERLA,EQ,63916,40723,63.71
20,2252,WORTH,EQ,57576,24061,41.79
20,2253,WSI,EQ,59651,39111,65.57
20,2254,WSTCSTPAPR,EQ,284603,115487,40.58
20,2255,XCHANGING,EQ,512075,209139,40.84
20,2256,XPROINDIA,EQ,25891,15132,58.45
20,2257,YASHO,EQ,5786,4018,69.44
20,2258,YATHARTH,EQ,179179,106838,59.63
20,2259,YATRA,EQ,662258,287521,43.42
20,2260,YCCL,SM,6000,6000,100.00
20,2261,YESBANK,EQ,213588805,55824830,26.14
20,2262,YUDIZ,SM,4000,3200,80.00
20,2263,YUKEN,EQ,4813,3119,64.80
20,2264,ZAGGLE,EQ,675869,316509,46.83
20,2265,ZEAL,SM,15000,13800,92.00
20,2266,ZEEL,EQ,38211764,18174111,47.56
20,2267,ZEEMEDIA,EQ,11868562,3234587,27.25
20,2268,ZENITHEXPO,EQ,3164,1663,52.56
20,2269,ZENSARTECH,EQ,870449,456629,52.46
20,2270,ZENTEC,EQ,159330,112549,70.64
20,2271,ZFCVINDIA,EQ,5601,3617,64.58
20,2272,ZIMLAB,EQ,80434,42681,53.06
20,2273,ZODIACLOTH,EQ,22845,14989,65.61
20,2274,ZOMATO,EQ,60682540,23838783,39.28
20,2275,ZOTA,EQ,84146,44717,53.14
20,2276,ZUARI,EQ,592772,211479,35.68
20,2277,ZUARIIND,EQ,564620,245720,43.52
20,2278,ZYDUSLIFE,EQ,768082,262431,34.17
20,2279,ZYDUSWELL,EQ,26332,21834,82.92
