Security Wise Delivery Position - Compulsory Rolling Settlement
10,MTO,23112023,1202048553,0002266
Trade Date <23-NOV-2023>,Settlement Type <N>
Record Type,Sr No,Name of Security,Quantity Traded,Deliverable Quantity(gross across client level),% of Deliverable Quantity to Traded Quantity
20,1,182D020524,TB,100,100,100.00
20,2,182D040424,TB,400,400,100.00
20,3,182D160524,TB,100,100,100.00
20,4,182D180424,TB,1100,1100,100.00
20,5,182D211223,TB,1900,1500,78.95
20,6,182D290224,TB,2100,1500,71.43
20,7,182D290324,TB,27500,27500,100.00
20,8,21STCENMGM,EQ,33346,26148,78.41
20,9,360ONE,EQ,232403,138581,59.63
20,10,364D010224,TB,100,100,100.00
20,11,364D031024,TB,300,300,100.00
20,12,364D071124,TB,900,900,100.00
20,13,364D110424,TB,100,100,100.00
20,14,364D141124,TB,1000,1000,100.00
20,15,364D150224,TB,3000,3000,100.00
20,16,364D281223,TB,500,500,100.00
20,17,3IINFOLTD,EQ,28420390,6971992,24.53
20,18,3MINDIA,EQ,1250,506,40.48
20,19,3PLAND,EQ,40665,15409,37.89
20,20,456GS2023,GS,2500,2000,80.00
20,21,515GS2025,GS,101,101,100.00
20,22,574GS2026,GS,1252,1252,100.00
20,23,5PAISA,EQ,59877,22840,38.14
20,24,618GS2024,GS,3,3,100.00
20,25,63MOONS,EQ,734568,343318,46.74
20,26,654GS2032,GS,4,4,100.00
20,27,667GS2035,GS,4,2,50.00
20,28,669GS2024,GS,6423,6423,100.00
20,29,676GS2061,GS,420,420,100.00
20,30,68GS2060,GS,261,261,100.00
20,31,695GS2061,GS,1104,1104,100.00
20,32,699GS2051,GS,494,494,100.00
20,33,706GS2028,GS,21279,21278,100.00
20,34,706GS2046,GS,400,200,50.00
20,35,710GS2029,GS,5101,4600,90.18
20,36,717GS2030,GS,41,41,100.00
20,37,718GS2037,GS,2,1,50.00
20,38,725GS2063,GS,329300,129300,39.27
20,39,726GS2032,GS,2974,2974,100.00
20,40,732GS2030,GS,3495,3495,100.00
20,41,736GS2052,GS,59893,59862,99.95
20,42,737GS2028,GS,900,900,100.00
20,43,738GS2027,GS,27343,26693,97.62
20,44,73GS2053,GS,12220,12220,100.00
20,45,741GS2036,GS,16250,14823,91.22
20,46,746GS2073,GS,100,100,100.00
20,47,74GS2035,GS,400,400,100.00
20,48,74GS2062,GS,101,101,100.00
20,49,754GS2036,GS,618741,577405,93.32
20,50,75GS2034,GS,10200,10200,100.00
20,51,762GS2039,GS,300,300,100.00
20,52,765TN30,SG,100,100,100.00
20,53,795GS2032,GS,400,400,100.00
20,54,91D040124,TB,4900,4900,100.00
20,55,91D071223,TB,300,300,100.00
20,56,91D080224,TB,3700,2000,54.05
20,57,91D150224,TB,1700,1200,70.59
20,58,91D291223,TB,500,500,100.00
20,59,91D301123,TB,3500,3500,100.00
20,60,92GS2030,GS,7251,7251,100.00
20,61,AAATECH,EQ,111668,59921,53.66
20,62,AAKASH,EQ,173750,123026,70.81
20,63,AARON,EQ,8087,4287,53.01
20,64,AARTIDRUGS,EQ,130059,53765,41.34
20,65,AARTIIND,EQ,1924321,704620,36.62
20,66,AARTIPHARM,EQ,62317,28850,46.30
20,67,AARTIPP,E1,1,1,100.00
20,68,AARTISURF,EQ,5011,2229,44.48
20,69,AARVEEDEN,EQ,41938,32836,78.30
20,70,AARVI,EQ,25267,14479,57.30
20,71,AATMAJ,SM,50000,42000,84.00
20,72,AAVAS,EQ,51023,20701,40.57
20,73,ABB,EQ,82762,25321,30.59
20,74,ABBOTINDIA,EQ,2820,1229,43.58
20,75,ABCAPITAL,EQ,2019517,784644,38.85
20,76,ABFL,N4,30,30,100.00
20,77,ABFRL,EQ,9367053,2672306,28.53
20,78,ABINFRA,SM,8000,8000,100.00
20,79,ABSLAMC,EQ,85114,44947,52.81
20,80,ABSLBANETF,EQ,10364,5740,55.38
20,81,ABSLLIQUID,EQ,18,17,94.44
20,82,ABSLNN50ET,EQ,3646,2848,78.11
20,83,ACC,EQ,254690,105346,41.36
20,84,ACCELYA,EQ,19402,10023,51.66
20,85,ACE,EQ,175434,94829,54.05
20,86,ACEINTEG,EQ,2760,1289,46.70
20,87,ACI,EQ,577804,411679,71.25
20,88,ACL,EQ,18746,8252,44.02
20,89,ACSAL,SM,30000,24000,80.00
20,90,ADANIENSOL,EQ,180553,92890,51.45
20,91,ADANIENT,EQ,729114,146452,20.09
20,92,ADANIGREEN,EQ,350091,141559,40.43
20,93,ADANIPORTS,EQ,3776615,1931357,51.14
20,94,ADANIPOWER,EQ,2759240,999844,36.24
20,95,ADFFOODS,EQ,97103,46962,48.36
20,96,ADORWELD,EQ,18910,7796,41.23
20,97,ADSL,EQ,180813,94595,52.32
20,98,ADVANIHOTR,EQ,77964,46148,59.19
20,99,ADVENZYMES,EQ,203885,105304,51.65
20,100,AEGISCHEM,EQ,601641,218924,36.39
20,101,AEROFLEX,EQ,278062,124740,44.86
20,102,AETHER,EQ,29719,18013,60.61
20,103,AFFLE,EQ,732498,239616,32.71
20,104,AGARIND,EQ,23683,8651,36.53
20,105,AGARWALFT,SM,6000,6000,100.00
20,106,AGI,EQ,143335,48044,33.52
20,107,AGNI,SM,10000,10000,100.00
20,108,AGRITECH,EQ,17016,7857,46.17
20,109,AGROPHOS,EQ,126633,92266,72.86
20,110,AGSTRA,EQ,1034372,558563,54.00
20,111,AGUL,ST,2000,2000,100.00
20,112,AHL,EQ,61727,21518,34.86
20,113,AHLADA,EQ,72300,45003,62.24
20,114,AHLEAST,EQ,10930,7272,66.53
20,115,AHLUCONT,EQ,197923,99701,50.37
20,116,AIAENG,EQ,212645,188593,88.69
20,117,AILIMITED,SM,42000,30000,71.43
20,118,AIROLAM,EQ,32761,20724,63.26
20,119,AIRTELPP,E1,377430,329554,87.32
20,120,AJANTPHARM,EQ,119167,59888,50.26
20,121,AJMERA,EQ,763394,187175,24.52
20,122,AJOONI,EQ,263107,213992,81.33
20,123,AKASH,EQ,167044,103480,61.95
20,124,AKG,EQ,408636,263380,64.45
20,125,AKSHAR,EQ,14958504,6524607,43.62
20,126,AKSHARCHEM,EQ,4374,3362,76.86
20,127,AKZOINDIA,EQ,6070,3498,57.63
20,128,ALANKIT,EQ,1348095,969053,71.88
20,129,ALBERTDAVD,EQ,34356,26391,76.82
20,130,ALEMBICLTD,EQ,1649510,627811,38.06
20,131,ALICON,EQ,10665,6626,62.13
20,132,ALKALI,EQ,201440,95302,47.31
20,133,ALKEM,EQ,310248,170020,54.80
20,134,ALKYLAMINE,EQ,23303,10482,44.98
20,135,ALLCARGO,EQ,311663,228374,73.28
20,136,ALLETEC,SM,69600,40800,58.62
20,137,ALLSEC,EQ,59158,25423,42.97
20,138,ALMONDZ,EQ,295169,218785,74.12
20,139,ALOKINDS,EQ,13635745,3650855,26.77
20,140,ALPA,EQ,254838,126919,49.80
20,141,ALPHAETF,EQ,10815,7716,71.35
20,142,ALPHAGEO,EQ,7422,4245,57.19
20,143,ALPSINDUS,EQ,57225,39000,68.15
20,144,AMBANIORG,SM,19000,17000,89.47
20,145,AMBER,EQ,52362,9387,17.93
20,146,AMBIKCO,EQ,40449,19808,48.97
20,147,AMBUJACEM,EQ,1212949,339587,28.00
20,148,AMDIND,EQ,69140,41117,59.47
20,149,AMEYA,SM,8000,8000,100.00
20,150,AMIORG,EQ,51832,19626,37.86
20,151,AMJLAND,EQ,109425,65177,59.56
20,152,AMNPLST,EQ,16893,14949,88.49
20,153,AMRUTANJAN,EQ,19779,10494,53.06
20,154,ANANDRATHI,EQ,87070,36607,42.04
20,155,ANANTRAJ,EQ,440822,206988,46.96
20,156,ANDHRAPAP,EQ,45105,23822,52.81
20,157,ANDHRSUGAR,EQ,749598,314373,41.94
20,158,ANGELONE,EQ,280446,62380,22.24
20,159,ANIKINDS,EQ,70939,65829,92.80
20,160,ANLON,SM,800,800,100.00
20,161,ANMOL,EQ,226089,153496,67.89
20,162,ANNAPURNA,SM,53500,37000,69.16
20,163,ANTGRAPHIC,EQ,620787,620786,100.00
20,164,ANUP,EQ,6841,3389,49.54
20,165,ANURAS,EQ,195759,99946,51.06
20,166,APARINDS,EQ,144862,39122,27.01
20,167,APCL,EQ,33720,15439,45.79
20,168,APCOTEXIND,EQ,36185,19066,52.69
20,169,APEX,EQ,64625,31013,47.99
20,170,APLAPOLLO,EQ,928573,351661,37.87
20,171,APLLTD,EQ,124161,60844,49.00
20,172,APOLLOHOSP,EQ,234584,53092,22.63
20,173,APOLLOPIPE,EQ,33236,16859,50.73
20,174,APOLLOTYRE,EQ,585289,273348,46.70
20,175,APOLSINHOT,EQ,2371,1571,66.26
20,176,APTECHT,EQ,916842,403636,44.02
20,177,APTUS,EQ,372178,218126,58.61
20,178,ARABIAN,SM,116000,76000,65.52
20,179,ARCHIES,EQ,270814,121292,44.79
20,180,ARE&M,EQ,1480523,783000,52.89
20,181,ARHAM,SM,69000,47000,68.12
20,182,ARIES,EQ,101544,48184,47.45
20,183,ARIHANTACA,SM,2400,2400,100.00
20,184,ARIHANTCAP,EQ,893481,538389,60.26
20,185,ARIHANTSUP,EQ,77438,48928,63.18
20,186,ARISTO,SM,1600,1600,100.00
20,187,ARMANFIN,EQ,8392,5164,61.53
20,188,ARROWGREEN,EQ,44215,9934,22.47
20,189,ARSHIYA,EQ,8292369,7015184,84.60
20,190,ARTEMISMED,EQ,84672,40782,48.16
20,191,ARTNIRMAN,EQ,29910,8443,28.23
20,192,ARVEE,EQ,5229,1198,22.91
20,193,ARVIND,EQ,951173,282741,29.73
20,194,ARVINDFASN,EQ,668871,310211,46.38
20,195,ARVSMART,EQ,102365,47254,46.16
20,196,ASAHIINDIA,EQ,19833,8910,44.93
20,197,ASAHISONG,EQ,8977,5536,61.67
20,198,ASAL,EQ,58613,28764,49.07
20,199,ASALCBR,EQ,23719,13121,55.32
20,200,ASHIANA,EQ,347917,88897,25.55
20,201,ASHIMASYN,EQ,260762,151589,58.13
20,202,ASHOKA,EQ,2149346,850045,39.55
20,203,ASHOKAMET,EQ,203287,32326,15.90
20,204,ASHOKLEY,EQ,5527714,2036737,36.85
20,205,ASIANENE,EQ,23443,14121,60.24
20,206,ASIANPAINT,EQ,792460,417015,52.62
20,207,ASIANTILES,EQ,560330,295986,52.82
20,208,ASKAUTOLTD,EQ,1042513,564897,54.19
20,209,ASLIND,ST,4000,4000,100.00
20,210,ASPINWALL,EQ,984,700,71.14
20,211,ASTEC,EQ,2955,2118,71.68
20,212,ASTERDM,EQ,198049,111750,56.43
20,213,ASTRAL,EQ,171925,71975,41.86
20,214,ASTRAMICRO,EQ,195938,88793,45.32
20,215,ASTRAZEN,EQ,5188,3353,64.63
20,216,ATAM,EQ,84525,59226,70.07
20,217,ATFL,EQ,6273,3800,60.58
20,218,ATGL,EQ,245027,121842,49.73
20,219,ATL,EQ,1093136,666001,60.93
20,220,ATLANTA,EQ,39206,30525,77.86
20,221,ATUL,EQ,26831,10882,40.56
20,222,ATULAUTO,EQ,81194,39337,48.45
20,223,AUBANK,EQ,1613045,1189597,73.75
20,224,AURDIS,SM,44500,27000,60.67
20,225,AUROIMPEX,SM,38400,36800,95.83
20,226,AUROPHARMA,EQ,1884144,737714,39.15
20,227,AURUM,EQ,35520,30830,86.80
20,228,AURUMPP,E1,3162,3137,99.21
20,229,AUTOAXLES,EQ,13606,7301,53.66
20,230,AUTOBEES,EQ,76137,68305,89.71
20,231,AVADHSUGAR,EQ,1488452,312649,21.00
20,232,AVALON,EQ,129162,72698,56.28
20,233,AVANTIFEED,EQ,62273,32381,52.00
20,234,AVG,EQ,36780,14738,40.07
20,235,AVONMORE,EQ,9116,6361,69.78
20,236,AVROIND,EQ,27008,14203,52.59
20,237,AVTNPL,EQ,155367,85190,54.83
20,238,AWHCL,EQ,315273,99916,31.69
20,239,AWL,EQ,1056512,416579,39.43
20,240,AXISBANK,EQ,3112891,1496206,48.06
20,241,AXISBNKETF,EQ,1666,1504,90.28
20,242,AXISBPSETF,EQ,41397,39126,94.51
20,243,AXISCADES,EQ,92805,53453,57.60
20,244,AXISCETF,EQ,514,511,99.42
20,245,AXISGOLD,EQ,43158,29923,69.33
20,246,AXISHCETF,EQ,7407,5498,74.23
20,247,AXISILVER,EQ,9254,5058,54.66
20,248,AXISNIFTY,EQ,1761,938,53.27
20,249,AXISTECETF,EQ,6331,5813,91.82
20,250,AXITA,EQ,5260921,2752859,52.33
20,251,AXSENSEX,EQ,784,505,64.41
20,252,AYMSYNTEX,EQ,17866,13142,73.56
20,253,BABAFP,ST,212800,201600,94.74
20,254,BAHETI,SM,2250,2250,100.00
20,255,BAJAJ-AUTO,EQ,1118718,354942,31.73
20,256,BAJAJCON,EQ,153066,85219,55.67
20,257,BAJAJELEC,EQ,61298,40816,66.59
20,258,BAJAJFINSV,EQ,695592,235984,33.93
20,259,BAJAJHCARE,EQ,106544,47099,44.21
20,260,BAJAJHIND,EQ,22258349,10498109,47.16
20,261,BAJAJHLDNG,EQ,15089,8480,56.20
20,262,BAJFINANCE,EQ,606158,263975,43.55
20,263,BALAJITELE,EQ,314459,207085,65.85
20,264,BALAMINES,EQ,31359,13596,43.36
20,265,BALAXI,EQ,1706,1319,77.32
20,266,BALKRISHNA,EQ,103461,64599,62.44
20,267,BALKRISIND,EQ,340499,131619,38.65
20,268,BALMLAWRIE,EQ,192958,96964,50.25
20,269,BALPHARMA,EQ,59839,26190,43.77
20,270,BALRAMCHIN,EQ,4024104,936665,23.28
20,271,BANARBEADS,EQ,14062,9973,70.92
20,272,BANARISUG,EQ,1722,1098,63.76
20,273,BANCOINDIA,EQ,175563,73895,42.09
20,274,BANDHANBNK,EQ,3241986,1812839,55.92
20,275,BANKA,EQ,23293,4829,20.73
20,276,BANKBARODA,EQ,5846991,2392127,40.91
20,277,BANKBEES,EQ,443771,215185,48.49
20,278,BANKETF,EQ,1181,834,70.62
20,279,BANKINDIA,EQ,3203905,1408945,43.98
20,280,BANSWRAS,EQ,50388,29554,58.65
20,281,BARBEQUE,EQ,54008,27192,50.35
20,282,BASF,EQ,17180,9007,52.43
20,283,BASILIC,SM,253200,139200,54.98
20,284,BASML,EQ,332902,176783,53.10
20,285,BATAINDIA,EQ,145061,48334,33.32
20,286,BAYERCROP,EQ,6641,3447,51.90
20,287,BBETF0432,EQ,2143,1971,91.97
20,288,BBL,EQ,55728,27955,50.16
20,289,BBTC,EQ,100198,34925,34.86
20,290,BBTCL,EQ,4369,2905,66.49
20,291,BCG,EQ,5008891,2948422,58.86
20,292,BCLIND,EQ,764850,410010,53.61
20,293,BDL,EQ,312574,111414,35.64
20,294,BECTORFOOD,EQ,171714,83119,48.41
20,295,BEL,EQ,13138745,7996578,60.86
20,296,BEML,EQ,311043,81715,26.27
20,297,BEPL,EQ,3461043,1289528,37.26
20,298,BERGEPAINT,EQ,781968,214713,27.46
20,299,BETA,SM,2700,2500,92.59
20,300,BEWLTD,SM,2250,2250,100.00
20,301,BFINVEST,EQ,38576,16503,42.78
20,302,BFSI,EQ,45690,28146,61.60
20,303,BFUTILITIE,EQ,154025,111665,72.50
20,304,BGRENERGY,EQ,1137422,419619,36.89
20,305,BHAGCHEM,EQ,9421,7156,75.96
20,306,BHAGERIA,EQ,9348,4983,53.31
20,307,BHARATFORG,EQ,1142761,730561,63.93
20,308,BHARATGEAR,EQ,65807,37101,56.38
20,309,BHARATRAS,EQ,1066,713,66.89
20,310,BHARATWIRE,EQ,1249032,531569,42.56
20,311,BHARTIARTL,EQ,2749555,1330336,48.38
20,312,BHEL,EQ,22350588,9552793,42.74
20,313,BIGBLOC,EQ,25012,15517,62.04
20,314,BIKAJI,EQ,175157,89602,51.16
20,315,BIL,EQ,1051,655,62.32
20,316,BIOCON,EQ,1158811,451193,38.94
20,317,BIOFILCHEM,EQ,89587,55809,62.30
20,318,BIRET,RR,164014,153319,93.48
20,319,BIRLACABLE,EQ,55823,35933,64.37
20,320,BIRLACORPN,EQ,52620,21613,41.07
20,321,BIRLAMONEY,EQ,429409,135650,31.59
20,322,BLAL,EQ,98614,60667,61.52
20,323,BLBLIMITED,EQ,116905,58004,49.62
20,324,BLISSGVS,EQ,489176,213096,43.56
20,325,BLKASHYAP,EQ,479248,273026,56.97
20,326,BLS,EQ,868486,391022,45.02
20,327,BLUEDART,EQ,3523,1629,46.24
20,328,BLUEJET,EQ,236856,144127,60.85
20,329,BLUESTARCO,EQ,83538,38496,46.08
20,330,BMETRICS,SM,2800,2400,85.71
20,331,BODALCHEM,EQ,284868,121057,42.50
20,332,BOMDYEING,EQ,2437251,989944,40.62
20,333,BOROLTD,EQ,118078,59263,50.19
20,334,BORORENEW,EQ,100843,49221,48.81
20,335,BOSCHLTD,EQ,42759,21431,50.12
20,336,BPCL,EQ,8119546,3038300,37.42
20,337,BRIGADE,EQ,151213,64770,42.83
20,338,BRIGHT,SM,57000,57000,100.00
20,339,BRITANNIA,EQ,109775,64694,58.93
20,340,BRITANNIA,N3,9203,7835,85.14
20,341,BRNL,EQ,47283,27665,58.51
20,342,BSE,EQ,1569213,465047,29.64
20,343,BSHSL,EQ,10845,7207,66.45
20,344,BSL,EQ,6076,3601,59.27
20,345,BSLGOLDETF,EQ,35323,17980,50.90
20,346,BSLNIFTY,EQ,37933,25451,67.09
20,347,BSLSENETFG,EQ,1030,621,60.29
20,348,BSOFT,EQ,851855,206518,24.24
20,349,BTML,EQ,80739,33510,41.50
20,350,BUTTERFLY,EQ,6018,3590,59.65
20,351,CADSYS,SM,38000,29000,76.32
20,352,CALSOFT,EQ,31166,22121,70.98
20,353,CAMLINFINE,EQ,358619,189035,52.71
20,354,CAMPUS,EQ,3609401,1229994,34.08
20,355,CAMS,EQ,229826,66773,29.05
20,356,CANARYS,SM,172000,128000,74.42
20,357,CANBK,EQ,2596514,848703,32.69
20,358,CANFINHOME,EQ,222502,78015,35.06
20,359,CANTABIL,EQ,103124,22129,21.46
20,360,CAPACITE,EQ,963367,459294,47.68
20,361,CAPLIPOINT,EQ,91970,26283,28.58
20,362,CAPTRUST,EQ,111351,40760,36.60
20,363,CARBORUNIV,EQ,316729,185879,58.69
20,364,CAREERP,EQ,36180,20008,55.30
20,365,CARERATING,EQ,97490,64066,65.72
20,366,CARTRADE,EQ,166982,49125,29.42
20,367,CARYSIL,EQ,134209,66037,49.20
20,368,CASTROLIND,EQ,2933590,1185024,40.40
20,369,CCL,EQ,61229,32932,53.78
20,370,CDSL,EQ,2439654,876665,35.93
20,371,CEATLTD,EQ,293879,152285,51.82
20,372,CELLECOR,SM,32400,24000,74.07
20,373,CELLO,EQ,351451,168925,48.07
20,374,CELLPOINT,SM,57600,46800,81.25
20,375,CENTENKA,EQ,34973,17619,50.38
20,376,CENTRALBK,EQ,5594413,1337711,23.91
20,377,CENTRUM,EQ,611472,407872,66.70
20,378,CENTURYPLY,EQ,32918,14766,44.86
20,379,CENTURYTEX,EQ,91973,40297,43.81
20,380,CERA,EQ,4075,1618,39.71
20,381,CESC,EQ,7734572,2590663,33.49
20,382,CGCL,EQ,132133,37779,28.59
20,383,CGPOWER,EQ,23771976,5838875,24.56
20,384,CHALET,EQ,57074,21011,36.81
20,385,CHAMBLFERT,EQ,4363615,1461718,33.50
20,386,CHAVDA,SM,58000,44000,75.86
20,387,CHEMBOND,EQ,83484,29943,35.87
20,388,CHEMCON,EQ,30153,17216,57.10
20,389,CHEMFAB,EQ,15289,8621,56.39
20,390,CHEMPLASTS,EQ,65525,21658,33.05
20,391,CHENNPETRO,EQ,1195140,258234,21.61
20,392,CHEVIOT,EQ,1042,652,62.57
20,393,CHOICEIN,EQ,248819,56438,22.68
20,394,CHOLAFIN,EQ,696088,344154,49.44
20,395,CHOLAFIN,N1,125,100,80.00
20,396,CHOLAFIN,N6,40,40,100.00
20,397,CHOLAHLDNG,EQ,45499,26782,58.86
20,398,CIEINDIA,EQ,289135,164214,56.79
20,399,CIGNITITEC,EQ,441007,192702,43.70
20,400,CIPLA,EQ,7643376,2910615,38.08
20,401,CLEAN,EQ,41973,21937,52.26
20,402,CLEDUCATE,EQ,523526,229655,43.87
20,403,CLOUD,SM,924000,606000,65.58
20,404,CLOUDPP,E1,32400,31200,96.30
20,405,CLSEL,EQ,75538,38602,51.10
20,406,CLSL,SM,52000,46000,88.46
20,407,CMMIPL,ST,312000,312000,100.00
20,408,CMNL,SM,159000,78000,49.06
20,409,CMRSL,SM,3200,3200,100.00
20,410,CMSINFO,EQ,317626,148489,46.75
20,411,COALINDIA,EQ,6186567,2313192,37.39
20,412,COASTCORP,EQ,10536,6470,61.41
20,413,COCHINSHIP,EQ,6679742,1324407,19.83
20,414,COFFEEDAY,EQ,3179950,1223743,38.48
20,415,COFORGE,EQ,191077,106380,55.67
20,416,COLPAL,EQ,234323,140958,60.16
20,417,COMMITTED,SM,22400,22400,100.00
20,418,COMPUSOFT,EQ,2340999,1268592,54.19
20,419,CONCOR,EQ,295661,117967,39.90
20,420,CONCORDBIO,EQ,178827,108354,60.59
20,421,CONFIPET,EQ,8355214,3768455,45.10
20,422,CONSOFINVT,EQ,80880,28197,34.86
20,423,CONSUMBEES,EQ,20957,15483,73.88
20,424,CONTI,SM,6666,6666,100.00
20,425,CONTROLPR,EQ,26817,11750,43.82
20,426,COOLCAPS,SM,3250,3250,100.00
20,427,CORALFINAC,EQ,1277036,645099,50.52
20,428,CORDSCABLE,EQ,45331,23488,51.81
20,429,COROMANDEL,EQ,187066,97181,51.95
20,430,COSMOFIRST,EQ,16722,8547,51.11
20,431,COUNCODOS,EQ,555421,287493,51.76
20,432,CPS,SM,600,600,100.00
20,433,CPSEETF,EQ,1585014,1173272,74.02
20,434,CRAFTSMAN,EQ,14354,8083,56.31
20,435,CRAYONS,SM,202000,136000,67.33
20,436,CREATIVE,EQ,14996,8758,58.40
20,437,CREATIVEYE,EQ,1516,1516,100.00
20,438,CREDITACC,EQ,173861,102064,58.70
20,439,CREDITACC,N3,198,198,100.00
20,440,CREDITACC,N5,15,15,100.00
20,441,CREDITACC,ND,300,300,100.00
20,442,CREST,EQ,48565,31011,63.85
20,443,CRISIL,EQ,35988,10364,28.80
20,444,CROMPTON,EQ,927151,537928,58.02
20,445,CROWN,EQ,52941,39940,75.44
20,446,CSBBANK,EQ,386596,192186,49.71
20,447,CSLFINANCE,EQ,188904,133677,70.76
20,448,CTE,EQ,851717,332117,38.99
20,449,CUB,EQ,2939229,1428182,48.59
20,450,CUMMINSIND,EQ,179167,83663,46.70
20,451,CUPID,EQ,211376,77486,36.66
20,452,CYBERTECH,EQ,394225,131168,33.27
20,453,CYIENT,EQ,641343,289498,45.14
20,454,CYIENTDLM,EQ,186472,112216,60.18
20,455,DABUR,EQ,800753,453922,56.69
20,456,DALBHARAT,EQ,275629,190425,69.09
20,457,DALMIASUG,EQ,1370749,275959,20.13
20,458,DAMODARIND,EQ,42219,26395,62.52
20,459,DATAMATICS,EQ,89253,34779,38.97
20,460,DATAPATTNS,EQ,47311,19944,42.16
20,461,DBCORP,EQ,135134,80117,59.29
20,462,DBL,EQ,828023,159708,19.29
20,463,DBOL,EQ,591106,265852,44.98
20,464,DBREALTY,EQ,1502404,931491,62.00
20,465,DCAL,EQ,377964,171676,45.42
20,466,DCBBANK,EQ,620143,347559,56.04
20,467,DCM,EQ,98020,72173,73.63
20,468,DCMNVL,EQ,777746,318677,40.97
20,469,DCMSHRIRAM,EQ,26934,6796,25.23
20,470,DCMSRIND,EQ,2100379,1036204,49.33
20,471,DCW,EQ,1496545,630017,42.10
20,472,DCXINDIA,EQ,833975,406828,48.78
20,473,DECCANCE,EQ,6764,2692,39.80
20,474,DEEPAKFERT,EQ,408195,137742,33.74
20,475,DEEPAKNTR,EQ,1155315,221487,19.17
20,476,DEEPENR,EQ,3339,2067,61.90
20,477,DEEPINDS,EQ,105412,62699,59.48
20,478,DELHIVERY,EQ,1555776,1044282,67.12
20,479,DELPHIFX,EQ,2308,1239,53.68
20,480,DELTACORP,EQ,4069075,1126698,27.69
20,481,DEN,EQ,2669737,846597,31.71
20,482,DENEERS,SM,4200,3600,85.71
20,483,DENORA,EQ,26728,11989,44.86
20,484,DENTALKART,SM,8750,7750,88.57
20,485,DESTINY,SM,6000,6000,100.00
20,486,DEVIT,EQ,44247,34268,77.45
20,487,DEVYANI,EQ,710820,390664,54.96
20,488,DGCONTENT,EQ,126883,119879,94.48
20,489,DHAMPURSUG,EQ,2769410,700057,25.28
20,490,DHANBANK,EQ,1264930,563706,44.56
20,491,DHANI,EQ,1004826,411749,40.98
20,492,DHANILOANS,NO,77,77,100.00
20,493,DHANILOANS,NV,17,12,70.59
20,494,DHANILOANS,Y5,102,102,100.00
20,495,DHANUKA,EQ,51928,24524,47.23
20,496,DHARMAJ,EQ,103276,53271,51.58
20,497,DHRUV,EQ,19888,14933,75.09
20,498,DHUNINV,EQ,35047,8049,22.97
20,499,DIAMINESQ,EQ,24489,15444,63.07
20,500,DIAMONDYD,EQ,205056,83574,40.76
20,501,DICIND,EQ,1832,1338,73.03
20,502,DIGIKORE,SM,48800,43200,88.52
20,503,DIGISPICE,EQ,32098,19919,62.06
20,504,DISHTV,EQ,106116177,36742860,34.63
20,505,DIVGIITTS,EQ,15246,8951,58.71
20,506,DIVISLAB,EQ,252188,72736,28.84
20,507,DIVOPPBEES,EQ,15805,9952,62.97
20,508,DIXON,EQ,220568,45165,20.48
20,509,DJML,EQ,1255,935,74.50
20,510,DLF,EQ,2516687,1047489,41.62
20,511,DLINKINDIA,EQ,84337,43134,51.14
20,512,DMART,EQ,201012,112891,56.16
20,513,DMCC,EQ,11537,5995,51.96
20,514,DODLA,EQ,85128,33145,38.94
20,515,DOLATALGO,EQ,173382,79314,45.75
20,516,DOLLAR,EQ,65815,31554,47.94
20,517,DOLLEX,SM,60000,48000,80.00
20,518,DONEAR,EQ,397878,153216,38.51
20,519,DPABHUSHAN,EQ,3558,2480,69.70
20,520,DPSCLTD,EQ,2285568,1221110,53.43
20,521,DPWIRES,EQ,24641,9930,40.30
20,522,DRCSYSTEMS,EQ,978369,437797,44.75
20,523,DREAMFOLKS,EQ,167077,83905,50.22
20,524,DREDGECORP,EQ,495717,113735,22.94
20,525,DRONE,SM,86000,63000,73.26
20,526,DRREDDY,EQ,302260,125789,41.62
20,527,DSPBANKETF,EQ,10922,9859,90.27
20,528,DSPGOLDETF,EQ,3086,2441,79.10
20,529,DSPITETF,EQ,3146,2212,70.31
20,530,DSPN50ETF,EQ,112,110,98.21
20,531,DSPNEWETF,EQ,62619,61583,98.35
20,532,DSPPSBKETF,EQ,1071,925,86.37
20,533,DSPPVBKETF,EQ,4343,4320,99.47
20,534,DSPQ50ETF,EQ,27020,26953,99.75
20,535,DSPSENXETF,EQ,27,27,100.00
20,536,DSPSILVETF,EQ,401783,400598,99.71
20,537,DSSL,EQ,21360,12186,57.05
20,538,DTIL,EQ,19490,9536,48.93
20,539,DUCOL,SM,9600,8800,91.67
20,540,DUGLOBAL,SM,27500,22500,81.82
20,541,DVL,EQ,270046,82655,30.61
20,542,DWARKESH,EQ,4354849,1969659,45.23
20,543,DYCL,EQ,21607,12655,58.57
20,544,DYNAMATECH,EQ,5003,2393,47.83
20,545,DYNAMIC,SM,8000,8000,100.00
20,546,DYNPRO,EQ,12786,7311,57.18
20,547,EASEMYTRIP,EQ,22082284,11990625,54.30
20,548,EBBETF0425,EQ,1483,1422,95.89
20,549,EBBETF0430,EQ,3013,2866,95.12
20,550,EBBETF0431,EQ,2100,1842,87.71
20,551,EBBETF0433,EQ,1567,1444,92.15
20,552,ECLERX,EQ,389980,75726,19.42
20,553,ECLFINANCE,NJ,20,20,100.00
20,554,ECLFINANCE,NK,221,221,100.00
20,555,ECLFINANCE,NP,25,25,100.00
20,556,ECLFINANCE,NQ,21,21,100.00
20,557,ECLFINANCE,NR,2,1,50.00
20,558,EDELWEISS,EQ,4606548,2358740,51.20
20,559,EFACTOR,SM,89600,76800,85.71
20,560,EGOLD,EQ,484236,474601,98.01
20,561,EICHERMOT,EQ,764501,310273,40.59
20,562,EIDPARRY,EQ,7887244,2318326,29.39
20,563,EIFFL,EQ,15459,13805,89.30
20,564,EIHAHOTELS,EQ,11415,6131,53.71
20,565,EIHOTEL,EQ,399225,183902,46.06
20,566,EIMCOELECO,EQ,5697,3334,58.52
20,567,EKC,EQ,602696,231281,38.37
20,568,ELDEHSG,EQ,1642,962,58.59
20,569,ELECON,EQ,92557,33509,36.20
20,570,ELECTCAST,EQ,3579423,1661489,46.42
20,571,ELGIEQUIP,EQ,253571,128289,50.59
20,572,ELIN,EQ,128282,53866,41.99
20,573,EMAMILTD,EQ,771991,690242,89.41
20,574,EMAMIPAP,EQ,7617,4638,60.89
20,575,EMAMIREAL,EQ,1693316,605240,35.74
20,576,EMBASSY,RR,65170,56909,87.32
20,577,EMIL,EQ,570660,353229,61.90
20,578,EMKAY,EQ,208530,85733,41.11
20,579,EMKAYTOOLS,SM,300,300,100.00
20,580,EMMBI,EQ,42024,21689,51.61
20,581,EMSLIMITED,EQ,1706804,838682,49.14
20,582,EMUDHRA,EQ,33554,15411,45.93
20,583,ENDURANCE,EQ,182569,163482,89.55
20,584,ENERGYDEV,EQ,67245,38892,57.84
20,585,ENGINERSIN,EQ,3356860,1316183,39.21
20,586,ENIL,EQ,109627,36554,33.34
20,587,EPIGRAL,EQ,31846,16552,51.98
20,588,EPL,EQ,511408,218670,42.76
20,589,EQUITASBNK,EQ,1855059,659735,35.56
20,590,ERFLNCDI,N5,449,449,100.00
20,591,ERIS,EQ,119968,57162,47.65
20,592,EROSMEDIA,EQ,8734522,3408819,39.03
20,593,ESABINDIA,EQ,2748,1506,54.80
20,594,ESAFSFB,EQ,1528536,980133,64.12
20,595,ESCORTS,EQ,183054,36140,19.74
20,596,ESFL,SM,34800,28800,82.76
20,597,ESG,EQ,7955,6173,77.60
20,598,ESSENTIA,EQ,20944215,10477566,50.03
20,599,ESTER,EQ,169782,115878,68.25
20,600,ETHOSLTD,EQ,25870,10472,40.48
20,601,EUROBOND,SM,38000,21000,55.26
20,602,EVEREADY,EQ,83428,43560,52.21
20,603,EVERESTIND,EQ,22387,12085,53.98
20,604,EXCELINDUS,EQ,7845,5789,73.79
20,605,EXIDEIND,EQ,1905294,790395,41.48
20,606,EXPLEOSOL,EQ,15327,7706,50.28
20,607,EXXARO,EQ,176737,97795,55.33
20,608,FACT,EQ,623469,160023,25.67
20,609,FAIRCHEMOR,EQ,16395,7165,43.70
20,610,FAZE3Q,EQ,35914,13644,37.99
20,611,FCL,EQ,458531,230810,50.34
20,612,FCSSOFT,EQ,3690291,2655161,71.95
20,613,FDC,EQ,581640,212950,36.61
20,614,FEDERALBNK,EQ,5139738,2501981,48.68
20,615,FELIX,SM,15000,13000,86.67
20,616,FIBERWEB,EQ,122456,97505,79.62
20,617,FIDEL,SM,1000,1000,100.00
20,618,FIEMIND,EQ,41173,19948,48.45
20,619,FILATEX,EQ,594894,278811,46.87
20,620,FINCABLES,EQ,254329,123984,48.75
20,621,FINEORG,EQ,15388,9580,62.26
20,622,FINOPB,EQ,101555,45513,44.82
20,623,FINPIPE,EQ,1160234,623437,53.73
20,624,FIVESTAR,EQ,120080,68262,56.85
20,625,FLUOROCHEM,EQ,64533,15672,24.29
20,626,FMGOETZE,EQ,68833,38281,55.61
20,627,FOCE,SM,10200,7600,74.51
20,628,FOCUS,EQ,240714,115842,48.12
20,629,FOODSIN,EQ,351225,151866,43.24
20,630,FORTIS,EQ,1125795,895930,79.58
20,631,FOSECOIND,EQ,3542,1558,43.99
20,632,FROG,SM,70400,55600,78.98
20,633,FSL,EQ,1620369,810671,50.03
20,634,FUSION,EQ,101033,48038,47.55
20,635,GABRIEL,EQ,248262,107546,43.32
20,636,GAEL,EQ,221432,87839,39.67
20,637,GAIL,EQ,7039867,3283934,46.65
20,638,GALAXYSURF,EQ,24430,14700,60.17
20,639,GALLANTT,EQ,157980,61407,38.87
20,640,GANDHITUBE,EQ,2461,1327,53.92
20,641,GANECOS,EQ,36646,20069,54.76
20,642,GANESHBE,EQ,106526,60073,56.39
20,643,GANESHHOUC,EQ,16994,8566,50.41
20,644,GANGESSECU,EQ,182176,76685,42.09
20,645,GARFIBRES,EQ,11129,7482,67.23
20,646,GATEWAY,EQ,888236,398074,44.82
20,647,GATI,EQ,428280,176484,41.21
20,648,GEECEE,EQ,23716,9937,41.90
20,649,GENESYS,EQ,1927628,583132,30.25
20,650,GENUSPAPER,EQ,585816,317520,54.20
20,651,GENUSPOWER,EQ,1155605,661300,57.23
20,652,GEOJITFSL,EQ,1021218,440609,43.15
20,653,GEPIL,EQ,2751483,755597,27.46
20,654,GESHIP,EQ,1166989,577960,49.53
20,655,GFLLIMITED,EQ,77337,54611,70.61
20,656,GHCL,EQ,164580,92792,56.38
20,657,GHCLTEXTIL,EQ,627663,308043,49.08
20,658,GICHSGFIN,EQ,133844,58020,43.35
20,659,GICL,SM,165000,105000,63.64
20,660,GICRE,EQ,692327,242985,35.10
20,661,GILLANDERS,EQ,84474,39090,46.27
20,662,GILLETTE,EQ,5763,3886,67.43
20,663,GILT5YBEES,EQ,136762,99614,72.84
20,664,GINNIFILA,EQ,543390,371231,68.32
20,665,GIPCL,EQ,2839484,842379,29.67
20,666,GLAND,EQ,310410,141567,45.61
20,667,GLAXO,EQ,146593,112651,76.85
20,668,GLENMARK,EQ,1140665,464505,40.72
20,669,GLFL,EQ,12691,12379,97.54
20,670,GLOBAL,EQ,104648,58015,55.44
20,671,GLOBALPET,SM,45000,34500,76.67
20,672,GLOBALVECT,EQ,42150,25452,60.38
20,673,GLOBUSSPR,EQ,87605,44832,51.18
20,674,GLS,EQ,60802,42075,69.20
20,675,GMBREW,EQ,15101,8983,59.49
20,676,GMDCLTD,EQ,9237116,2401095,25.99
20,677,GMMPFAUDLR,EQ,224361,104632,46.64
20,678,GMRINFRA,EQ,4213485,1854432,44.01
20,679,GMRP&UI,EQ,5203201,3707963,71.26
20,680,GNA,EQ,22283,13555,60.83
20,681,GNFC,EQ,1265894,619900,48.97
20,682,GOACARBON,EQ,65482,19724,30.12
20,683,GOCLCORP,EQ,80335,37680,46.90
20,684,GOCOLORS,EQ,30882,15954,51.66
20,685,GODFRYPHLP,EQ,30193,10977,36.36
20,686,GODREJAGRO,EQ,521735,204004,39.10
20,687,GODREJCP,EQ,459008,300111,65.38
20,688,GODREJIND,EQ,224740,166775,74.21
20,689,GODREJPROP,EQ,301508,96775,32.10
20,690,GOKEX,EQ,292470,87979,30.08
20,691,GOKUL,EQ,1318518,1024495,77.70
20,692,GOKULAGRO,EQ,391811,158908,40.56
20,693,GOLDBEES,EQ,2382541,1623189,68.13
20,694,GOLDETF,EQ,53904,49857,92.49
20,695,GOLDIAM,EQ,830546,294859,35.50
20,696,GOLDSHARE,EQ,60747,40926,67.37
20,697,GOLDSTAR,ST,112500,112500,100.00
20,698,GOODLUCK,EQ,59494,29335,49.31
20,699,GOYALSALT,SM,36000,27000,75.00
20,700,GPIL,EQ,213205,97705,45.83
20,701,GPPL,EQ,1181270,597200,50.56
20,702,GRANULES,EQ,1281712,516118,40.27
20,703,GRAPHITE,EQ,626142,190689,30.45
20,704,GRASIM,EQ,435716,263322,60.43
20,705,GRAVITA,EQ,83799,47196,56.32
20,706,GREAVESCOT,EQ,1322730,475055,35.91
20,707,GREENCHEF,SM,36800,22400,60.87
20,708,GREENLAM,EQ,116533,30940,26.55
20,709,GREENPANEL,EQ,187361,90577,48.34
20,710,GREENPLY,EQ,159011,81095,51.00
20,711,GREENPOWER,EQ,49184737,16740390,34.04
20,712,GRINDWELL,EQ,16148,8794,54.46
20,713,GRINFRA,EQ,13160,8438,64.12
20,714,GRMOVER,EQ,56247,34913,62.07
20,715,GROBTEA,EQ,583,329,56.43
20,716,GRPLTD,EQ,549,440,80.15
20,717,GRSE,EQ,3174679,649405,20.46
20,718,GRWRHITECH,EQ,7555,4655,61.61
20,719,GSEC10YEAR,EQ,3852,3459,89.80
20,720,GSFC,EQ,2203337,846436,38.42
20,721,GSLSU,EQ,68725,29652,43.15
20,722,GSPL,EQ,431608,195757,45.36
20,723,GSS,EQ,30659,16504,53.83
20,724,GSTL,SM,8000,8000,100.00
20,725,GTLINFRA,EQ,12898362,7206426,55.87
20,726,GTPL,EQ,39271,16812,42.81
20,727,GUFICBIO,EQ,71372,36366,50.95
20,728,GUJALKALI,EQ,38402,16929,44.08
20,729,GUJAPOLLO,EQ,3434,2438,71.00
20,730,GUJGASLTD,EQ,589678,240327,40.76
20,731,GULFOILLUB,EQ,145468,70731,48.62
20,732,GULPOLY,EQ,66138,26253,39.69
20,733,HAL,EQ,1259937,624535,49.57
20,734,HAPPSTMNDS,EQ,165424,81193,49.08
20,735,HARDWYN,EQ,48721,32964,67.66
20,736,HARIOMPIPE,EQ,111952,45197,40.37
20,737,HARRMALAYA,EQ,31180,16936,54.32
20,738,HARSHA,EQ,42158,18622,44.17
20,739,HATHWAY,EQ,14847377,4435000,29.87
20,740,HATSUN,EQ,7314,3556,48.62
20,741,HAVELLS,EQ,243581,85532,35.11
20,742,HBLPOWER,EQ,810753,366171,45.16
20,743,HCC,EQ,26217109,6889835,26.28
20,744,HCG,EQ,194381,139806,71.92
20,745,HCL-INSYS,EQ,1331306,854033,64.15
20,746,HCLTECH,EQ,1307344,735475,56.26
20,747,HDFCAMC,EQ,198545,89956,45.31
20,748,HDFCBANK,EQ,6523110,3834686,58.79
20,749,HDFCBSE500,EQ,14439,9208,63.77
20,750,HDFCGOLD,EQ,293774,225247,76.67
20,751,HDFCGROWTH,EQ,2499,1295,51.82
20,752,HDFCLIFE,EQ,2184014,781800,35.80
20,753,HDFCLIQUID,EQ,2813,2591,92.11
20,754,HDFCLOWVOL,EQ,37368,25962,69.48
20,755,HDFCMID150,EQ,53424,42223,79.03
20,756,HDFCMOMENT,EQ,36582,25089,68.58
20,757,HDFCNEXT50,EQ,43,40,93.02
20,758,HDFCNIF100,EQ,14834,9360,63.10
20,759,HDFCNIFBAN,EQ,742,543,73.18
20,760,HDFCNIFIT,EQ,2835,1594,56.23
20,761,HDFCNIFTY,EQ,9315,6809,73.10
20,762,HDFCPVTBAN,EQ,205,204,99.51
20,763,HDFCQUAL,EQ,8719,6640,76.16
20,764,HDFCSENSEX,EQ,1061,807,76.06
20,765,HDFCSILVER,EQ,78784,57696,73.23
20,766,HDFCSML250,EQ,113811,79495,69.85
20,767,HDFCVALUE,EQ,977,790,80.86
20,768,HEADSUP,EQ,605507,63375,10.47
20,769,HEALTHY,EQ,193167,146100,75.63
20,770,HECPROJECT,EQ,17411,1087,6.24
20,771,HEG,EQ,94244,21887,23.22
20,772,HEIDELBERG,EQ,199052,117056,58.81
20,773,HEMIPROP,EQ,618781,291857,47.17
20,774,HERANBA,EQ,66172,29271,44.23
20,775,HERCULES,EQ,462025,135147,29.25
20,776,HERITGFOOD,EQ,340474,161558,47.45
20,777,HEROMOTOCO,EQ,1726414,479900,27.80
20,778,HESTERBIO,EQ,1956,1173,59.97
20,779,HEUBACHIND,EQ,39045,18448,47.25
20,780,HEXATRADEX,EQ,2019,1659,82.17
20,781,HFCL,EQ,3859392,1251800,32.44
20,782,HGINFRA,EQ,39207,23965,61.12
20,783,HGS,EQ,8449,5314,62.90
20,784,HIGREEN,SM,57600,33600,58.33
20,785,HIKAL,EQ,252130,137049,54.36
20,786,HIL,EQ,10666,6804,63.79
20,787,HILTON,EQ,34796,20800,59.78
20,788,HIMATSEIDE,EQ,380370,152616,40.12
20,789,HINDALCO,EQ,6628259,3328169,50.21
20,790,HINDCOMPOS,EQ,107307,41193,38.39
20,791,HINDCON,EQ,127125,85366,67.15
20,792,HINDCOPPER,EQ,6666292,2778954,41.69
20,793,HINDMOTORS,EQ,539937,402971,74.63
20,794,HINDOILEXP,EQ,1224929,644260,52.60
20,795,HINDPETRO,EQ,16229630,5193170,32.00
20,796,HINDUNILVR,EQ,1023670,604285,59.03
20,797,HINDWAREAP,EQ,42740,19452,45.51
20,798,HINDZINC,EQ,115557,69728,60.34
20,799,HIRECT,EQ,17532,9549,54.47
20,800,HISARMETAL,EQ,11285,7636,67.67
20,801,HITECH,EQ,1019595,376661,36.94
20,802,HITECHCORP,EQ,13390,10055,75.09
20,803,HITECHGEAR,EQ,41563,23518,56.58
20,804,HLEGLAS,EQ,30446,15272,50.16
20,805,HLVLTD,EQ,713609,303443,42.52
20,806,HMAAGRO,EQ,32986,15240,46.20
20,807,HMVL,EQ,91693,33252,36.26
20,808,HNDFDS,EQ,27042,15621,57.77
20,809,HNGSNGBEES,EQ,16568,11143,67.26
20,810,HOLMARC,SM,48000,42000,87.50
20,811,HOMEFIRST,EQ,2406114,1065887,44.30
20,812,HONASA,EQ,9880412,2357192,23.86
20,813,HONAUT,EQ,874,447,51.14
20,814,HONDAPOWER,EQ,5381,2611,48.52
20,815,HOVS,EQ,33965,20281,59.71
20,816,HPAL,EQ,128584,65686,51.08
20,817,HPL,EQ,115113,53271,46.28
20,818,HSCL,EQ,1306254,746587,57.15
20,819,HTMEDIA,EQ,366023,227684,62.20
20,820,HUBTOWN,EQ,637146,350872,55.07
20,821,HUDCO,EQ,4004621,1906593,47.61
20,822,HUDCO,N2,400,400,100.00
20,823,HUDCO,N5,20,20,100.00
20,824,HUDCO,N7,20,20,100.00
20,825,HUDCO,N8,1,1,100.00
20,826,HUDCO,ND,1450,1430,98.62
20,827,HUDCO,NE,31,31,100.00
20,828,HUHTAMAKI,EQ,164044,107924,65.79
20,829,IBREALEST,EQ,45414055,13587845,29.92
20,830,IBUCCREDIT,NB,1,1,100.00
20,831,IBUCCREDIT,ND,110,110,100.00
20,832,IBUCCREDIT,NG,10,10,100.00
20,833,IBUCCREDIT,NM,75,75,100.00
20,834,IBULHSG,N4,1,1,100.00
20,835,IBULHSGFIN,AG,10,5,50.00
20,836,IBULHSGFIN,AJ,155,80,51.61
20,837,IBULHSGFIN,AN,24,24,100.00
20,838,IBULHSGFIN,AR,20,10,50.00
20,839,IBULHSGFIN,AT,4,4,100.00
20,840,IBULHSGFIN,AX,105,105,100.00
20,841,IBULHSGFIN,BF,8,8,100.00
20,842,IBULHSGFIN,BV,5,5,100.00
20,843,IBULHSGFIN,EQ,7122874,2143352,30.09
20,844,IBULHSGFIN,NA,18,11,61.11
20,845,IBULHSGFIN,NB,55,55,100.00
20,846,IBULHSGFIN,NO,200,200,100.00
20,847,IBULHSGFIN,NQ,40,40,100.00
20,848,IBULHSGFIN,Y3,31,31,100.00
20,849,IBULHSGFIN,Y6,1,1,100.00
20,850,IBULHSGFIN,YT,2,2,100.00
20,851,IBULHSGFIN,Z3,25,25,100.00
20,852,IBULHSGFIN,ZW,82,82,100.00
20,853,ICEMAKE,EQ,13681,7672,56.08
20,854,ICICI10GS,EQ,3,2,66.67
20,855,ICICI500,EQ,832525,805738,96.78
20,856,ICICI5GSEC,EQ,2420,1410,58.26
20,857,ICICIALPLV,EQ,25735,15312,59.50
20,858,ICICIAUTO,EQ,11061,10399,94.02
20,859,ICICIB22,EQ,366565,276905,75.54
20,860,ICICIBANK,EQ,5534614,3264680,58.99
20,861,ICICIBANKN,EQ,45846,16904,36.87
20,862,ICICIBANKP,EQ,5840,3013,51.59
20,863,ICICICOMMO,EQ,99507,6512,6.54
20,864,ICICICONSU,EQ,4522,4023,88.97
20,865,ICICIFIN,EQ,22036,16923,76.80
20,866,ICICIFMCG,EQ,4683,4030,86.06
20,867,ICICIGI,EQ,499224,297533,59.60
20,868,ICICIGOLD,EQ,1228785,756823,61.59
20,869,ICICIINFRA,EQ,49698,47933,96.45
20,870,ICICILIQ,EQ,281295,147702,52.51
20,871,ICICILOVOL,EQ,110316,92198,83.58
20,872,ICICIM150,EQ,76408,72394,94.75
20,873,ICICIMCAP,EQ,9698,8062,83.13
20,874,ICICIMOM30,EQ,20627,17278,83.76
20,875,ICICINF100,EQ,4229,3587,84.82
20,876,ICICINIFTY,EQ,144990,100929,69.61
20,877,ICICINV20,EQ,25354,13947,55.01
20,878,ICICINXT50,EQ,47721,37983,79.59
20,879,ICICIPHARM,EQ,37524,35113,93.57
20,880,ICICIPRULI,EQ,522266,143555,27.49
20,881,ICICIQTY30,EQ,124,61,49.19
20,882,ICICISENSX,EQ,3203,1739,54.29
20,883,ICICISILVE,EQ,741664,386547,52.12
20,884,ICICITECH,EQ,177193,95994,54.17
20,885,ICIL,EQ,636954,267656,42.02
20,886,ICRA,EQ,3563,1923,53.97
20,887,IDBI,EQ,7909734,2457590,31.07
20,888,IDEA,EQ,168569500,35840706,21.26
20,889,IDEAFORGE,EQ,143482,78247,54.53
20,890,IDFC,EQ,2180939,999041,45.81
20,891,IDFCFIRSTB,EQ,12576455,4092094,32.54
20,892,IDFNIFTYET,EQ,649,413,63.64
20,893,IEX,EQ,31367331,9373757,29.88
20,894,IFBAGRO,EQ,5371,1780,33.14
20,895,IFBIND,EQ,230431,186832,81.08
20,896,IFCI,EQ,20892944,4741098,22.69
20,897,IFCI,NH,1384,1160,83.82
20,898,IFCI,NI,21,21,100.00
20,899,IFCI,NL,20,20,100.00
20,900,IFCI,NM,75,75,100.00
20,901,IFGLEXPOR,EQ,117646,54839,46.61
20,902,IGARASHI,EQ,48091,22475,46.73
20,903,IGL,EQ,1750873,1129494,64.51
20,904,IGPL,EQ,38138,16737,43.89
20,905,IIFCL,N2,1001,1000,99.90
20,906,IIFCL,N4,1918,1600,83.42
20,907,IIFL,EQ,1131616,386147,34.12
20,908,IIFL,N6,145,135,93.10
20,909,IIFL,NF,130,130,100.00
20,910,IIFL,NJ,20,20,100.00
20,911,IIFL,NL,450,450,100.00
20,912,IIFL,NM,50,50,100.00
20,913,IIFL,NO,382,381,99.74
20,914,IIFL,NP,149,100,67.11
20,915,IIFL,NQ,200,200,100.00
20,916,IIFL,NS,675,640,94.81
20,917,IIFL,NT,15,15,100.00
20,918,IIFL,NW,190,110,57.89
20,919,IIFLSEC,EQ,778957,367858,47.22
20,920,IIHFL,N4,10,10,100.00
20,921,IIHFL,N5,754,704,93.37
20,922,IIHFL,N8,69,69,100.00
20,923,IIHFL,N9,20,20,100.00
20,924,IIHFL,NC,200,200,100.00
20,925,IKIO,EQ,208698,81423,39.01
20,926,IMAGICAA,EQ,4603558,2285638,49.65
20,927,IMC1,N0,10,10,100.00
20,928,IMC1,N1,66,66,100.00
20,929,IMC1,N2,31,31,100.00
20,930,IMC1,N3,110,110,100.00
20,931,IMFA,EQ,79318,34223,43.15
20,932,IMPAL,EQ,25301,15716,62.12
20,933,INCREDFIN,N2,5,5,100.00
20,934,INDHOTEL,EQ,1729291,1059853,61.29
20,935,INDIACEM,EQ,837543,346525,41.37
20,936,INDIAGLYCO,EQ,132451,70522,53.24
20,937,INDIAMART,EQ,178260,89840,50.40
20,938,INDIANB,EQ,874317,421548,48.21
20,939,INDIANCARD,EQ,38426,23355,60.78
20,940,INDIANHUME,EQ,25803,16338,63.32
20,941,INDIGO,EQ,634974,386511,60.87
20,942,INDIGOPNTS,EQ,52994,21961,41.44
20,943,INDIGRID,IV,384352,367341,95.57
20,944,INDIGRID,NJ,402,292,72.64
20,945,INDNIPPON,EQ,42981,26737,62.21
20,946,INDOAMIN,EQ,74556,43263,58.03
20,947,INDOBORAX,EQ,29957,20173,67.34
20,948,INDOCO,EQ,53745,24057,44.76
20,949,INDORAMA,EQ,878676,517156,58.86
20,950,INDOTHAI,EQ,5171,3216,62.19
20,951,INDSWFTLAB,EQ,128493,50318,39.16
20,952,INDTERRAIN,EQ,508945,244477,48.04
20,953,INDUSINDBK,EQ,3832098,2366340,61.75
20,954,INDUSTOWER,EQ,2933078,1155545,39.40
20,955,INFIBEAM,EQ,17520434,4821322,27.52
20,956,INFINIUM,SM,5500,3500,63.64
20,957,INFOBEAN,EQ,30734,13687,44.53
20,958,INFOLLION,SM,268000,49600,18.51
20,959,INFOMEDIA,EQ,37262,33632,90.26
20,960,INFRABEES,EQ,2618,1802,68.83
20,961,INFY,EQ,3186928,1625171,50.99
20,962,INGERRAND,EQ,126837,37309,29.41
20,963,INNOVANA,SM,4000,3000,75.00
20,964,INNOVATIVE,SM,120000,120000,100.00
20,965,INOXGREEN,EQ,1693769,690147,40.75
20,966,INOXWIND,EQ,4608784,2060609,44.71
20,967,INSECTICID,EQ,222527,127267,57.19
20,968,INSPIRE,SM,14000,12000,85.71
20,969,INTELLECT,EQ,359308,130632,36.36
20,970,INTENTECH,EQ,2727081,753141,27.62
20,971,INTLCONV,EQ,1032642,560135,54.24
20,972,INVENTURE,EQ,26002261,13340635,51.31
20,973,IOB,EQ,7723811,1626650,21.06
20,974,IOC,EQ,18589035,7412232,39.87
20,975,IOLCP,EQ,236632,76594,32.37
20,976,IONEXCHANG,EQ,658278,487943,74.12
20,977,IPCALAB,EQ,205070,48994,23.89
20,978,IPL,EQ,2277636,416477,18.29
20,979,IPSL,SM,8000,7000,87.50
20,980,IRB,EQ,24579921,8574835,34.89
20,981,IRBINVIT,IV,495424,492933,99.50
20,982,IRCON,EQ,9408911,2275843,24.19
20,983,IRCTC,EQ,1285720,255769,19.89
20,984,IREDA,N1,5,5,100.00
20,985,IREDA,N5,5,5,100.00
20,986,IRFC,EQ,22783082,6112608,26.83
20,987,IRFC,N2,926,599,64.69
20,988,IRFC,N4,11,11,100.00
20,989,IRFC,N6,60,60,100.00
20,990,IRFC,N9,130,130,100.00
20,991,IRFC,NA,32,32,100.00
20,992,IRFC,NC,10,10,100.00
20,993,IRFC,NE,132,131,99.24
20,994,IRFC,NI,15,15,100.00
20,995,IRFC,NJ,629,629,100.00
20,996,IRFC,NO,733,733,100.00
20,997,IRIS,EQ,47636,28867,60.60
20,998,IRISDOREME,EQ,117206,53968,46.05
20,999,IRMENERGY,EQ,280227,149046,53.19
20,1000,ISEC,EQ,135482,62174,45.89
20,1001,ISFT,EQ,19906,13593,68.29
20,1002,ISGEC,EQ,294074,108240,36.81
20,1003,ISHAN,ST,131200,128000,97.56
20,1004,ISMTLTD,EQ,888417,398190,44.82
20,1005,ITBEES,EQ,2019976,1361706,67.41
20,1006,ITC,EQ,6366606,3432359,53.91
20,1007,ITDC,EQ,29319,12160,41.47
20,1008,ITDCEM,EQ,1374244,411459,29.94
20,1009,ITETF,EQ,24567,24150,98.30
20,1010,ITI,EQ,2002298,487813,24.36
20,1011,IVC,EQ,661279,388537,58.76
20,1012,IVP,EQ,59109,32426,54.86
20,1013,IVZINGOLD,EQ,50,36,72.00
20,1014,IWEL,EQ,36258,25831,71.24
20,1015,JAGRAN,EQ,95325,39640,41.58
20,1016,JAGSNPHARM,EQ,14433,9407,65.18
20,1017,JAICORPLTD,EQ,449448,232311,51.69
20,1018,JAINAM,SM,2000,2000,100.00
20,1019,JAIPURKURT,EQ,1962,1552,79.10
20,1020,JALAN,SM,3000,3000,100.00
20,1021,JAMNAAUTO,EQ,3703430,1387367,37.46
20,1022,JASH,EQ,5481,3873,70.66
20,1023,JAYAGROGN,EQ,72320,45856,63.41
20,1024,JAYBARMARU,EQ,37762,23769,62.94
20,1025,JAYNECOIND,EQ,1564894,1099227,70.24
20,1026,JAYSREETEA,EQ,105892,46714,44.11
20,1027,JBCHEPHARM,EQ,135797,82554,60.79
20,1028,JCHAC,EQ,13390,5409,40.40
20,1029,JETFREIGHT,EQ,83649,56944,68.07
20,1030,JFLLIFE,SM,6000,6000,100.00
20,1031,JHS,EQ,317562,85990,27.08
20,1032,JINDALPHOT,EQ,25118,14579,58.04
20,1033,JINDALPOLY,EQ,9044,4761,52.64
20,1034,JINDALSAW,EQ,904641,573934,63.44
20,1035,JINDALSTEL,EQ,1468486,694172,47.27
20,1036,JINDRILL,EQ,134373,78112,58.13
20,1037,JINDWORLD,EQ,27963,11938,42.69
20,1038,JIOFIN,EQ,11267951,6391777,56.73
20,1039,JISLDVREQS,EQ,170603,82555,48.39
20,1040,JISLJALEQS,EQ,3721254,1394128,37.46
20,1041,JITFINFRA,EQ,51607,32219,62.43
20,1042,JIWANRAM,SM,6000,6000,100.00
20,1043,J&KBANK,EQ,1411570,507485,35.95
20,1044,JKCEMENT,EQ,75744,36303,47.93
20,1045,JKIL,EQ,87600,50001,57.08
20,1046,JKLAKSHMI,EQ,217271,108367,49.88
20,1047,JKPAPER,EQ,224860,127581,56.74
20,1048,JKTYRE,EQ,1825809,622433,34.09
20,1049,JLHL,EQ,140149,62691,44.73
20,1050,JMA,EQ,20849,15274,73.26
20,1051,JMFINANCIL,EQ,1194698,567678,47.52
20,1052,JOCIL,EQ,30994,18119,58.46
20,1053,JPASSOCIAT,EQ,47003307,19858443,42.25
20,1054,JPOLYINVST,EQ,13065,4831,36.98
20,1055,JPPOWER,EQ,118442283,34071869,28.77
20,1056,JSL,EQ,1440665,848996,58.93
20,1057,JSLL,ST,9540,8460,88.68
20,1058,JSWENERGY,EQ,5124373,2095910,40.90
20,1059,JSWHL,EQ,11000,3735,33.95
20,1060,JSWINFRA,EQ,2434510,1266522,52.02
20,1061,JSWSTEEL,EQ,1068229,459505,43.02
20,1062,JTEKTINDIA,EQ,195824,120976,61.78
20,1063,JTLIND,EQ,363626,178552,49.10
20,1064,JUBLFOOD,EQ,4181883,1760649,42.10
20,1065,JUBLINDS,EQ,35755,16108,45.05
20,1066,JUBLINGREA,EQ,340582,172597,50.68
20,1067,JUBLPHARMA,EQ,307410,218238,70.99
20,1068,JUNIORBEES,EQ,59352,38484,64.84
20,1069,JUSTDIAL,EQ,63089,27101,42.96
20,1070,JWL,EQ,570477,351619,61.64
20,1071,JYOTHYLAB,EQ,358757,158419,44.16
20,1072,KABRAEXTRU,EQ,22903,10954,47.83
20,1073,KAJARIACER,EQ,156038,60959,39.07
20,1074,KAKATCEM,EQ,20793,9583,46.09
20,1075,KALAMANDIR,EQ,318447,141614,44.47
20,1076,KALYANKJIL,EQ,1493358,630571,42.23
20,1077,KAMATHOTEL,EQ,41010,32784,79.94
20,1078,KAMDHENU,EQ,137277,35321,25.73
20,1079,KAMOPAINTS,EQ,404825,158971,39.27
20,1080,KANANIIND,EQ,92824,59837,64.46
20,1081,KANORICHEM,EQ,43002,15524,36.10
20,1082,KANPRPLA,EQ,9204,6024,65.45
20,1083,KANSAINER,EQ,402135,322590,80.22
20,1084,KARMAENG,EQ,63849,38891,60.91
20,1085,KARNIKA,SM,54400,33600,61.76
20,1086,KARURVYSYA,EQ,697646,331043,47.45
20,1087,KAVVERITEL,EQ,56501,44878,79.43
20,1088,KAYA,EQ,6334,4370,68.99
20,1089,KAYNES,EQ,111836,46355,41.45
20,1090,KBCGLOBAL,EQ,13636130,8343339,61.19
20,1091,KCP,EQ,394405,153116,38.82
20,1092,KDDL,EQ,9973,5295,53.09
20,1093,KDL,SM,10800,9200,85.19
20,1094,KEC,EQ,195668,89633,45.81
20,1095,KECL,EQ,344425,174434,50.64
20,1096,KEI,EQ,298929,143623,48.05
20,1097,KEL,SM,84000,60000,71.43
20,1098,KELLTONTEC,EQ,7826785,2023493,25.85
20,1099,KESORAMIND,EQ,8809100,5689972,64.59
20,1100,KFINTECH,EQ,326986,212564,65.01
20,1101,KHAICHEM,EQ,345519,172018,49.79
20,1102,KHAITANLTD,EQ,4427,1941,43.84
20,1103,KHANDSE,EQ,33831,19666,58.13
20,1104,KHFM,SM,46500,37200,80.00
20,1105,KICL,EQ,9248,3681,39.80
20,1106,KIMS,EQ,123181,111090,90.18
20,1107,KINGFA,EQ,4370,1955,44.74
20,1108,KIOCL,EQ,124916,71225,57.02
20,1109,KIRIINDUS,EQ,1983367,378563,19.09
20,1110,KIRLOSBROS,EQ,61799,31613,51.15
20,1111,KIRLOSENG,EQ,212628,110262,51.86
20,1112,KIRLOSIND,EQ,2229,1334,59.85
20,1113,KIRLPNU,EQ,19487,12106,62.12
20,1114,KITEX,EQ,513574,247944,48.28
20,1115,KKCL,EQ,37010,19748,53.36
20,1116,KMSUGAR,EQ,1111432,427471,38.46
20,1117,KNAGRI,SM,209600,148800,70.99
20,1118,KNRCON,EQ,836976,390120,46.61
20,1119,KODYTECH,SM,22400,19200,85.71
20,1120,KOHINOOR,EQ,371488,139471,37.54
20,1121,KOKUYOCMLN,EQ,307683,225034,73.14
20,1122,KOLTEPATIL,EQ,491654,79266,16.12
20,1123,KONTOR,SM,14400,12000,83.33
20,1124,KOPRAN,EQ,1070620,261892,24.46
20,1125,KORE,SM,5000,3000,60.00
20,1126,KOTAKALPHA,EQ,162958,86422,53.03
20,1127,KOTAKBANK,EQ,2836289,1818330,64.11
20,1128,KOTAKBKETF,EQ,7552,6822,90.33
20,1129,KOTAKCONS,EQ,702,543,77.35
20,1130,KOTAKGOLD,EQ,79940,51669,64.63
20,1131,KOTAKIT,EQ,52598,46416,88.25
20,1132,KOTAKLIQ,EQ,28,10,35.71
20,1133,KOTAKLOVOL,EQ,4187,3431,81.94
20,1134,KOTAKMID50,EQ,15202,12752,83.88
20,1135,KOTAKMNC,EQ,5674,2441,43.02
20,1136,KOTAKNIFTY,EQ,6237,4594,73.66
20,1137,KOTAKNV20,EQ,13036,7319,56.14
20,1138,KOTAKPSUBK,EQ,10366,7185,69.31
20,1139,KOTAKSILVE,EQ,83738,80881,96.59
20,1140,KOTHARIPET,EQ,611205,188534,30.85
20,1141,KOTHARIPRO,EQ,17515,7984,45.58
20,1142,KOTYARK,SM,11200,7600,67.86
20,1143,KPIGREEN,EQ,138622,58969,42.54
20,1144,KPIL,EQ,325777,224005,68.76
20,1145,KPITTECH,EQ,2311047,541883,23.45
20,1146,KPRMILL,EQ,388709,116917,30.08
20,1147,KRBL,EQ,356478,169257,47.48
20,1148,KREBSBIO,EQ,22196,4314,19.44
20,1149,KRISHANA,EQ,16712,9519,56.96
20,1150,KRISHCA,SM,43500,30000,68.97
20,1151,KRISHNADEF,SM,22500,20500,91.11
20,1152,KRITI,EQ,70077,34962,49.89
20,1153,KRSNAA,EQ,26150,15157,57.96
20,1154,KSB,EQ,47963,39100,81.52
20,1155,KSCL,EQ,110527,60149,54.42
20,1156,KSL,EQ,66384,24115,36.33
20,1157,KTKBANK,EQ,735933,457849,62.21
20,1158,KUANTUM,EQ,409210,143663,35.11
20,1159,LAGNAM,EQ,78711,28013,35.59
20,1160,LALPATHLAB,EQ,204158,97941,47.97
20,1161,LAMBODHARA,EQ,51034,25582,50.13
20,1162,LANDMARK,EQ,282281,151524,53.68
20,1163,LAOPALA,EQ,110571,63789,57.69
20,1164,LASA,EQ,89900,71858,79.93
20,1165,LATENTVIEW,EQ,1053397,260770,24.76
20,1166,LATTEYS,EQ,33274,15774,47.41
20,1167,LAURUSLABS,EQ,787952,451611,57.31
20,1168,LAXMICOT,EQ,166252,31961,19.22
20,1169,LAXMIMACH,EQ,2656,2190,82.45
20,1170,LCCINFOTEC,EQ,44133,25989,58.89
20,1171,LEMERITE,SM,8000,6400,80.00
20,1172,LEMONTREE,EQ,1788231,871120,48.71
20,1173,LEXUS,EQ,84772,7473,8.82
20,1174,LFIC,EQ,749,406,54.21
20,1175,LGBBROSLTD,EQ,77619,46953,60.49
20,1176,LGBFORGE,EQ,263606,181802,68.97
20,1177,LIBAS,EQ,1055630,98505,9.33
20,1178,LIBERTSHOE,EQ,71076,29310,41.24
20,1179,LICHSGFIN,EQ,962306,378307,39.31
20,1180,LICI,EQ,736051,464660,63.13
20,1181,LICMFGOLD,EQ,201,152,75.62
20,1182,LICNETFGSC,EQ,90650,68448,75.51
20,1183,LICNETFN50,EQ,1335,655,49.06
20,1184,LICNETFSEN,EQ,794,394,49.62
20,1185,LICNFNHGP,EQ,62,26,41.94
20,1186,LIKHITHA,EQ,90892,51296,56.44
20,1187,LINC,EQ,14362,8184,56.98
20,1188,LINCOLN,EQ,68046,28914,42.49
20,1189,LINDEINDIA,EQ,20878,11965,57.31
20,1190,LIQUID,EQ,26497,23639,89.21
20,1191,LIQUIDBEES,EQ,2024775,1809998,89.39
20,1192,LIQUIDETF,EQ,303137,166627,54.97
20,1193,LIQUIDSBI,EQ,552,546,98.91
20,1194,LLOYDS,SM,37000,37000,100.00
20,1195,LLOYDSENGG,EQ,1368672,838172,61.24
20,1196,LLOYDSME,EQ,114346,66520,58.17
20,1197,LODHA,EQ,1913168,552385,28.87
20,1198,LOKESHMACH,EQ,258755,125384,48.46
20,1199,LORDSCHLO,EQ,23432,15100,64.44
20,1200,LOTUSEYE,EQ,24018,8901,37.06
20,1201,LOVABLE,EQ,24373,13368,54.85
20,1202,LOWVOL,EQ,75,75,100.00
20,1203,LOYALTEX,EQ,2908,1896,65.20
20,1204,LRRPL,SM,18000,18000,100.00
20,1205,LT,EQ,1514688,884009,58.36
20,1206,L&TFH,EQ,3528658,1384389,39.23
20,1207,L&TFINANCE,NC,99,99,100.00
20,1208,L&TFINANCE,NE,422,422,100.00
20,1209,L&TFINANCE,NO,100,100,100.00
20,1210,L&TFINANCE,NQ,5,5,100.00
20,1211,L&TFINANCE,Y5,1942,1732,89.19
20,1212,L&TFINANCE,Y7,166,166,100.00
20,1213,L&TFINANCE,Y9,665,615,92.48
20,1214,LTFOODS,EQ,2099632,590561,28.13
20,1215,LTGILTBEES,EQ,667853,564704,84.56
20,1216,LTIM,EQ,249485,80260,32.17
20,1217,LTTS,EQ,57361,22610,39.42
20,1218,LUMAXIND,EQ,54427,17340,31.86
20,1219,LUMAXTECH,EQ,912454,274673,30.10
20,1220,LUPIN,EQ,940782,249059,26.47
20,1221,LUXIND,EQ,33948,15554,45.82
20,1222,LXCHEM,EQ,332658,119870,36.03
20,1223,LYKALABS,EQ,932922,437479,46.89
20,1224,LYPSAGEMS,EQ,48723,45495,93.37
20,1225,MAANALU,EQ,83650,55523,66.38
20,1226,MADHAV,EQ,136021,62114,45.67
20,1227,MADHAVBAUG,SM,2400,2000,83.33
20,1228,MADHUCON,EQ,29962,29962,100.00
20,1229,MADHUSUDAN,SM,314000,246000,78.34
20,1230,MADRASFERT,EQ,425193,79319,18.65
20,1231,MAFANG,EQ,603817,417972,69.22
20,1232,MAGADSUGAR,EQ,349167,70575,20.21
20,1233,MAGNUM,EQ,53579,42166,78.70
20,1234,MAGSON,SM,20000,12000,60.00
20,1235,MAHABANK,EQ,9015979,3356744,37.23
20,1236,MAHAPEXLTD,EQ,12713,6478,50.96
20,1237,MAHASTEEL,EQ,27514,9110,33.11
20,1238,MAHEPC,EQ,63763,38616,60.56
20,1239,MAHESHWARI,EQ,73797,48949,66.33
20,1240,MAHICKRA,SM,1500,1500,100.00
20,1241,MAHKTECH,EQ,528702,394452,74.61
20,1242,MAHLIFE,EQ,346367,151535,43.75
20,1243,MAHLOG,EQ,157996,101895,64.49
20,1244,MAHSCOOTER,EQ,3608,1562,43.29
20,1245,MAHSEAMLES,EQ,217295,114726,52.80
20,1246,MAITHANALL,EQ,37015,17457,47.16
20,1247,MAITREYA,SM,102400,70400,68.75
20,1248,MAKEINDIA,EQ,4629,3304,71.38
20,1249,MAKS,ST,3000,3000,100.00
20,1250,MAL,SM,35200,30400,86.36
20,1251,MALLCOM,EQ,4989,3482,69.79
20,1252,MALUPAPER,EQ,25507,16202,63.52
20,1253,MANAKALUCO,EQ,77361,40657,52.55
20,1254,MANAKSIA,EQ,59495,34973,58.78
20,1255,MANAKSTEEL,EQ,60250,33308,55.28
20,1256,MANALIPETC,EQ,256071,111007,43.35
20,1257,MANAPPURAM,EQ,9525207,3618024,37.98
20,1258,MANGALAM,EQ,36888,15362,41.64
20,1259,MANGCHEFER,EQ,301432,152098,50.46
20,1260,MANGLMCEM,EQ,262042,114566,43.72
20,1261,MANINDS,EQ,577725,255726,44.26
20,1262,MANINFRA,EQ,21434369,5000867,23.33
20,1263,MANKIND,EQ,75203,37727,50.17
20,1264,MANOMAY,EQ,20384,18723,91.85
20,1265,MANORAMA,EQ,9673,7568,78.24
20,1266,MANORG,EQ,3713,2476,66.68
20,1267,MANYAVAR,EQ,1052777,1013758,96.29
20,1268,MAPMYINDIA,EQ,502940,85300,16.96
20,1269,MARALOVER,EQ,25108,13055,52.00
20,1270,MARATHON,EQ,26441,13100,49.54
20,1271,MARCO,SM,63000,48000,76.19
20,1272,MARICO,EQ,1193876,816497,68.39
20,1273,MARKSANS,EQ,7513608,2247302,29.91
20,1274,MARSHALL,EQ,407049,101390,24.91
20,1275,MARUTI,EQ,453820,283876,62.55
20,1276,MASFIN,EQ,210341,108117,51.40
20,1277,MASPTOP50,EQ,101251,95043,93.87
20,1278,MASTEK,EQ,40166,13793,34.34
20,1279,MASTER,SM,3000,3000,100.00
20,1280,MATRIMONY,EQ,8882,5745,64.68
20,1281,MAWANASUG,EQ,497442,203537,40.92
20,1282,MAXESTATES,EQ,88257,22715,25.74
20,1283,MAXHEALTH,EQ,317529,147598,46.48
20,1284,MAXIND,EQ,22037,14696,66.69
20,1285,MAYURUNIQ,EQ,128144,82439,64.33
20,1286,MAZDA,EQ,28272,6229,22.03
20,1287,MAZDOCK,EQ,1302231,276725,21.25
20,1288,MBAPL,EQ,12467,7681,61.61
20,1289,MCDOWELL-N,EQ,522209,264338,50.62
20,1290,MCL,EQ,141054,38864,27.55
20,1291,MCLEODRUSS,EQ,1949640,1228600,63.02
20,1292,MCON,SM,4000,4000,100.00
20,1293,MCX,EQ,944732,213100,22.56
20,1294,MDL,SM,6000,6000,100.00
20,1295,MEDANTA,EQ,105185,69156,65.75
20,1296,MEDICAMEQ,EQ,6798,3729,54.85
20,1297,MEDICO,EQ,178810,40892,22.87
20,1298,MEDPLUS,EQ,35597,17371,48.80
20,1299,MEGAFLEX,SM,39000,39000,100.00
20,1300,MEGASTAR,EQ,83913,46930,55.93
20,1301,MENONBE,EQ,49268,27576,55.97
20,1302,MEP,EQ,307493,237612,77.27
20,1303,METROBRAND,EQ,32615,8878,27.22
20,1304,METROPOLIS,EQ,99902,23436,23.46
20,1305,MFSL,EQ,341100,133422,39.12
20,1306,MGEL,EQ,184010,88419,48.05
20,1307,MGL,EQ,121875,50126,41.13
20,1308,MHHL,SM,7500,7500,100.00
20,1309,MHLXMIRU,EQ,2778,1907,68.65
20,1310,MHRIL,EQ,51444,25868,50.28
20,1311,MICROPRO,ST,256000,254400,99.38
20,1312,MID150BEES,EQ,164446,100788,61.29
20,1313,MIDCAPETF,EQ,523613,508046,97.03
20,1314,MIDHANI,EQ,433515,163360,37.68
20,1315,MINDACORP,EQ,818024,366900,44.85
20,1316,MINDSPACE,RR,51020,41973,82.27
20,1317,MINDTECK,EQ,60446,26140,43.25
20,1318,MIRZAINT,EQ,348487,181478,52.08
20,1319,MITCON,EQ,66902,30654,45.82
20,1320,MITTAL,EQ,2856497,1875244,65.65
20,1321,MKPL,EQ,1763790,821012,46.55
20,1322,M&M,EQ,1552635,654391,42.15
20,1323,M&MFIN,EQ,1443556,611429,42.36
20,1324,M&MFIN,N1,3,3,100.00
20,1325,M&MFIN,N2,125,125,100.00
20,1326,MMFL,EQ,5775,3457,59.86
20,1327,MMP,EQ,2393,2059,86.04
20,1328,MMTC,EQ,2685101,1531864,57.05
20,1329,MODISONLTD,EQ,75300,51993,69.05
20,1330,MOGSEC,EQ,701,579,82.60
20,1331,MOHEALTH,EQ,10883,7358,67.61
20,1332,MOHITIND,EQ,96851,23221,23.98
20,1333,MOIL,EQ,4156504,850907,20.47
20,1334,MOL,EQ,574402,331144,57.65
20,1335,MOLDTECH,EQ,121892,68298,56.03
20,1336,MOLDTKPAC,EQ,31552,18663,59.15
20,1337,MOLOWVOL,EQ,488,446,91.39
20,1338,MOM100,EQ,146830,81885,55.77
20,1339,MOM50,EQ,697,401,57.53
20,1340,MOMENTUM,EQ,1636,1571,96.03
20,1341,MOMOMENTUM,EQ,5318,3031,57.00
20,1342,MON100,EQ,234497,164317,70.07
20,1343,MONARCH,EQ,531863,44928,8.45
20,1344,MONIFTY500,EQ,34907,27704,79.37
20,1345,MONOPHARMA,SM,112000,72000,64.29
20,1346,MONQ50,EQ,16441,9077,55.21
20,1347,MONTECARLO,EQ,20646,11537,55.88
20,1348,MOQUALITY,EQ,1032,1021,98.93
20,1349,MORARJEE,EQ,35790,26365,73.67
20,1350,MOREPENLAB,EQ,21887280,6217536,28.41
20,1351,MOS,SM,12800,9600,75.00
20,1352,MOTHERSON,EQ,6829626,3929734,57.54
20,1353,MOTILALOFS,EQ,289539,95655,33.04
20,1354,MOVALUE,EQ,21519,14524,67.49
20,1355,MPHASIS,EQ,445931,295277,66.22
20,1356,MPSLTD,EQ,55520,25644,46.19
20,1357,MRF,EQ,1854,460,24.81
20,1358,MRO-TEK,EQ,29895,7209,24.11
20,1359,MRPL,EQ,4013668,792905,19.76
20,1360,MSTCLTD,EQ,235339,126323,53.68
20,1361,MSUMI,EQ,4481366,2137041,47.69
20,1362,MTARTECH,EQ,90938,44002,48.39
20,1363,MTNL,EQ,3076703,938860,30.52
20,1364,MUFIN,EQ,85959,63406,73.76
20,1365,MUKANDLTD,EQ,235281,156201,66.39
20,1366,MUNJALAU,EQ,10415648,1952758,18.75
20,1367,MUNJALSHOW,EQ,1245854,339642,27.26
20,1368,MUTHOOTCAP,EQ,12116,4624,38.16
20,1369,MUTHOOTFIN,EQ,260377,58794,22.58
20,1370,MVGJL,EQ,241680,120119,49.70
20,1371,MWL,SM,13200,13200,100.00
20,1372,NABARD,N2,822,616,74.94
20,1373,NACLIND,EQ,123459,86525,70.08
20,1374,NAGAFERT,EQ,510276,290798,56.99
20,1375,NAGREEKEXP,EQ,18146,9716,53.54
20,1376,NAHARCAP,EQ,57546,22728,39.50
20,1377,NAHARINDUS,EQ,296563,96965,32.70
20,1378,NAHARPOLY,EQ,60825,17532,28.82
20,1379,NAHARSPING,EQ,1177531,294554,25.01
20,1380,NAM-INDIA,EQ,379954,123408,32.48
20,1381,NARMADA,EQ,15802,12564,79.51
20,1382,NATCOPHARM,EQ,530035,210788,39.77
20,1383,NATHBIOGEN,EQ,46311,27872,60.18
20,1384,NATIONALUM,EQ,8839234,4534839,51.30
20,1385,NAUKRI,EQ,161852,73218,45.24
20,1386,NAVA,EQ,213813,89342,41.79
20,1387,NAVIFIN,N0,1,1,100.00
20,1388,NAVIFIN,N4,204,204,100.00
20,1389,NAVIFIN,N5,15,15,100.00
20,1390,NAVIFIN,N6,300,300,100.00
20,1391,NAVIFIN,N7,596,596,100.00
20,1392,NAVIFIN,N8,220,220,100.00
20,1393,NAVINFLUOR,EQ,367164,128526,35.01
20,1394,NAVINIFTY,EQ,406,391,96.31
20,1395,NAVKARCORP,EQ,10175964,3876759,38.10
20,1396,NAVNETEDUL,EQ,139800,72079,51.56
20,1397,NAZARA,EQ,57819,29431,50.90
20,1398,NBCC,EQ,6948472,3234910,46.56
20,1399,NBIFIN,EQ,155,127,81.94
20,1400,NCC,EQ,3820638,1544612,40.43
20,1401,NCLIND,EQ,84143,41611,49.45
20,1402,NDL,EQ,3802901,1735866,45.65
20,1403,NDTV,EQ,118146,53363,45.17
20,1404,NECCLTD,EQ,2335851,1044889,44.73
20,1405,NECLIFE,EQ,3096153,1311613,42.36
20,1406,NELCAST,EQ,480207,136617,28.45
20,1407,NELCO,EQ,51297,22617,44.09
20,1408,NEOGEN,EQ,17994,9408,52.28
20,1409,NESCO,EQ,260969,91254,34.97
20,1410,NESTLEIND,EQ,36814,13899,37.75
20,1411,NETF,EQ,200,188,94.00
20,1412,NETWEB,EQ,30355,19508,64.27
20,1413,NETWORK18,EQ,2265011,621546,27.44
20,1414,NEULANDLAB,EQ,9971,5090,51.05
20,1415,NEWJAISA,SM,96000,75000,78.13
20,1416,NEXT50,EQ,2732,2624,96.05
20,1417,NFL,EQ,1965931,665749,33.86
20,1418,NGIL,EQ,43936,30421,69.24
20,1419,NGLFINE,EQ,4660,3237,69.46
20,1420,NH,EQ,430993,167187,38.79
20,1421,NHAI,N2,1368,1118,81.73
20,1422,NHAI,N4,32,30,93.75
20,1423,NHAI,N5,3,3,100.00
20,1424,NHAI,N6,645,555,86.05
20,1425,NHAI,N8,50,50,100.00
20,1426,NHAI,N9,1000,1000,100.00
20,1427,NHAI,NA,105,105,100.00
20,1428,NHAI,NE,205,202,98.54
20,1429,NHBTF2014,N6,210,132,62.86
20,1430,NHIT,N1,474,474,100.00
20,1431,NHIT,N2,34,34,100.00
20,1432,NHIT,N3,34,34,100.00
20,1433,NHPC,EQ,15570408,5124400,32.91
20,1434,NIACL,EQ,3013181,590340,19.59
20,1435,NIBL,EQ,171993,39183,22.78
20,1436,NIDAN,SM,5000,5000,100.00
20,1437,NIF100BEES,EQ,5120,2752,53.75
20,1438,NIFMID150,EQ,132,132,100.00
20,1439,NIFTYBEES,EQ,2711176,1997602,73.68
20,1440,NIFTYETF,EQ,44460,37153,83.57
20,1441,NIFTYQLITY,EQ,19755,10397,52.63
20,1442,NIITLTD,EQ,199110,93496,46.96
20,1443,NIITMTS,EQ,159405,89334,56.04
20,1444,NILASPACES,EQ,326221,175410,53.77
20,1445,NILKAMAL,EQ,849,608,71.61
20,1446,NINSYS,EQ,8081,4737,58.62
20,1447,NIRAJ,EQ,121157,48801,40.28
20,1448,NIRMAN,SM,17400,14400,82.76
20,1449,NITINSPIN,EQ,782637,206311,26.36
20,1450,NLCINDIA,EQ,927550,304999,32.88
20,1451,NMDC,EQ,11461061,5756217,50.22
20,1452,NOCIL,EQ,1563670,496587,31.76
20,1453,NPBET,EQ,162,116,71.60
20,1454,NPST,ST,4000,4000,100.00
20,1455,NRAIL,EQ,12909,10681,82.74
20,1456,NRBBEARING,EQ,182803,100435,54.94
20,1457,NRL,EQ,102621,54589,53.19
20,1458,NSIL,EQ,19035,9477,49.79
20,1459,NSLNISP,EQ,1839508,953294,51.82
20,1460,NTPC,EQ,8200025,3483701,42.48
20,1461,NTPC,N4,500,500,100.00
20,1462,NTPC,N6,200,200,100.00
20,1463,NTPC,N7,17762,17534,98.72
20,1464,NTPC,NB,1,1,100.00
20,1465,NTPC,ND,400,350,87.50
20,1466,NURECA,EQ,28215,9250,32.78
20,1467,NUVAMA,EQ,88417,49209,55.66
20,1468,NUVOCO,EQ,101379,56622,55.85
20,1469,NV20BEES,EQ,5291,3952,74.69
20,1470,NXST,RR,351956,213590,60.69
20,1471,NYKAA,EQ,8428291,5029781,59.68
20,1472,OAL,EQ,8980,4682,52.14
20,1473,OBCL,EQ,35673,17100,47.94
20,1474,OBEROIRLTY,EQ,1155356,457745,39.62
20,1475,OCCL,EQ,6571,3494,53.17
20,1476,OFSS,EQ,31868,10605,33.28
20,1477,OIL,EQ,1808907,1027959,56.83
20,1478,OLECTRA,EQ,571731,238325,41.68
20,1479,OLIL,SM,9600,9600,100.00
20,1480,OMAXAUTO,EQ,47271,26300,55.64
20,1481,OMAXE,EQ,198307,96936,48.88
20,1482,OMFURN,SM,9600,9600,100.00
20,1483,ONDOOR,SM,28200,22200,78.72
20,1484,ONELIFECAP,EQ,268799,134811,50.15
20,1485,ONEPOINT,EQ,1251058,923149,73.79
20,1486,ONGC,EQ,6541617,3167734,48.42
20,1487,ONMOBILE,EQ,465865,143216,30.74
20,1488,ONWARDTEC,EQ,131154,48145,36.71
20,1489,OPTIEMUS,EQ,640239,223143,34.85
20,1490,ORBTEXP,EQ,8395,4042,48.15
20,1491,ORCHPHARMA,EQ,73851,44230,59.89
20,1492,ORIANA,SM,84000,66900,79.64
20,1493,ORICONENT,EQ,133888,94016,70.22
20,1494,ORIENTALTL,EQ,303928,196459,64.64
20,1495,ORIENTBELL,EQ,14711,10370,70.49
20,1496,ORIENTCEM,EQ,861818,310089,35.98
20,1497,ORIENTCER,EQ,140991,83429,59.17
20,1498,ORIENTELEC,EQ,84908,48026,56.56
20,1499,ORIENTHOT,EQ,204478,99538,48.68
20,1500,ORIENTLTD,EQ,10157,1952,19.22
20,1501,ORIENTPPR,EQ,785785,432913,55.09
20,1502,ORISSAMINE,EQ,25444,8916,35.04
20,1503,ORTINLAB,EQ,85405,56565,66.23
20,1504,OSIAHYPER,EQ,817720,125007,15.29
20,1505,OSWALAGRO,EQ,753723,405997,53.87
20,1506,OSWALGREEN,EQ,278919,182307,65.36
20,1507,OSWALSEEDS,EQ,18141,13493,74.38
20,1508,PAGEIND,EQ,8197,4137,50.47
20,1509,PAISALO,EQ,2122845,1053378,49.62
20,1510,PAKKA,EQ,262633,118248,45.02
20,1511,PALREDTEC,EQ,41954,21261,50.68
20,1512,PANACEABIO,EQ,252132,138814,55.06
20,1513,PANAMAPET,EQ,226705,136028,60.00
20,1514,PAR,EQ,11326,7908,69.82
20,1515,PARADEEP,EQ,3094241,1469377,47.49
20,1516,PARAGMILK,EQ,731414,335320,45.85
20,1517,PARAGON,SM,268800,195600,72.77
20,1518,PARAS,EQ,160903,48683,30.26
20,1519,PARIN,SM,6000,6000,100.00
20,1520,PARTYCRUS,SM,8000,8000,100.00
20,1521,PASUPTAC,EQ,86347,46590,53.96
20,1522,PATANJALI,EQ,273930,187351,68.39
20,1523,PATELENG,EQ,2437572,1538669,63.12
20,1524,PATINTLOG,EQ,629143,416142,66.14
20,1525,PAVNAIND,EQ,681,411,60.35
20,1526,PAYTM,EQ,1955827,864124,44.18
20,1527,PCBL,EQ,22159567,4219414,19.04
20,1528,PCHFL,N6,10,10,100.00
20,1529,PCHFL,N8,100,50,50.00
20,1530,PCJEWELLER,EQ,1418279,873587,61.59
20,1531,PDMJEPAPER,EQ,180252,111994,62.13
20,1532,PDSL,EQ,108810,56543,51.96
20,1533,PEARLPOLY,EQ,180813,115757,64.02
20,1534,PEL,EQ,1009954,555890,55.04
20,1535,PEL,N0,10,10,100.00
20,1536,PEL,N1,85,85,100.00
20,1537,PEL,N3,76,76,100.00
20,1538,PENIND,EQ,1776599,651242,36.66
20,1539,PENINLAND,EQ,784086,740037,94.38
20,1540,PENTAGON,SM,4000,4000,100.00
20,1541,PERFECT,SM,48000,42000,87.50
20,1542,PERSISTENT,EQ,559477,231953,41.46
20,1543,PETRONET,EQ,1543100,818923,53.07
20,1544,PFC,EQ,7050700,2334874,33.12
20,1545,PFC,N5,30,30,100.00
20,1546,PFIZER,EQ,25157,9807,38.98
20,1547,PFOCUS,EQ,155503,80667,51.87
20,1548,PFS,EQ,1527341,1032276,67.59
20,1549,PGEL,EQ,105212,58598,55.70
20,1550,PGHH,EQ,3606,1039,28.81
20,1551,PGHL,EQ,14031,8872,63.23
20,1552,PGINVIT,IV,946468,887022,93.72
20,1553,PHANTOMFX,SM,71400,56400,78.99
20,1554,PHARMABEES,EQ,2492902,1915948,76.86
20,1555,PHOENIXLTD,EQ,329185,213069,64.73
20,1556,PIDILITIND,EQ,253442,138194,54.53
20,1557,PIIND,EQ,695533,360527,51.83
20,1558,PILANIINVS,EQ,12122,6452,53.23
20,1559,PILITA,EQ,601421,465596,77.42
20,1560,PITTIENG,EQ,68699,37522,54.62
20,1561,PIXTRANS,EQ,24648,11094,45.01
20,1562,PLASTIBLEN,EQ,35941,15573,43.33
20,1563,PNB,EQ,15646955,3763485,24.05
20,1564,PNBGILTS,EQ,1086749,322178,29.65
20,1565,PNBHOUSING,EQ,145659,51828,35.58
20,1566,PNC,EQ,70073,40635,57.99
20,1567,PNCINFRA,EQ,162269,73709,45.42
20,1568,POCL,EQ,29379,15736,53.56
20,1569,PODDARMENT,EQ,3905,2760,70.68
20,1570,POKARNA,EQ,159087,78404,49.28
20,1571,POLICYBZR,EQ,291016,131931,45.33
20,1572,POLYCAB,EQ,449488,186180,41.42
20,1573,POLYMED,EQ,36064,12358,34.27
20,1574,POLYPLEX,EQ,69325,36229,52.26
20,1575,PONNIERODE,EQ,185012,92823,50.17
20,1576,POONAWALLA,EQ,826760,428126,51.78
20,1577,POONAWALLA,N3,39,39,100.00
20,1578,POWERGRID,EQ,11382709,7372917,64.77
20,1579,POWERINDIA,EQ,103332,28858,27.93
20,1580,POWERMECH,EQ,19391,13840,71.37
20,1581,PPAP,EQ,35266,17406,49.36
20,1582,PPL,EQ,132734,71211,53.65
20,1583,PPLPHARMA,EQ,18788150,7659694,40.77
20,1584,PRAJIND,EQ,3563795,1016316,28.52
20,1585,PRAMARA,SM,134000,122000,91.04
20,1586,PRECAM,EQ,89677,49056,54.70
20,1587,PRECISION,SM,14000,12000,85.71
20,1588,PRECOT,EQ,4334,3303,76.21
20,1589,PRECWIRE,EQ,689201,247881,35.97
20,1590,PREMEXPLN,EQ,45660,27396,60.00
20,1591,PRESTIGE,EQ,2092379,270978,12.95
20,1592,PRICOLLTD,EQ,251641,100964,40.12
20,1593,PRIMESECU,EQ,73057,47586,65.14
20,1594,PRINCEPIPE,EQ,100240,40155,40.06
20,1595,PRITI,EQ,104723,69175,66.06
20,1596,PRITIKA,SM,18000,16000,88.89
20,1597,PRITIKAUTO,EQ,1853550,954375,51.49
20,1598,PRIVISCL,EQ,16755,11534,68.84
20,1599,PROLIFE,SM,8000,7500,93.75
20,1600,PROPEQUITY,SM,10200,8400,82.35
20,1601,PROV,SM,960,960,100.00
20,1602,PROZONER,EQ,562734,232520,41.32
20,1603,PRSMJOHNSN,EQ,407341,154099,37.83
20,1604,PRUDENT,EQ,185289,38605,20.84
20,1605,PSB,EQ,747953,290707,38.87
20,1606,PSPPROJECT,EQ,45584,22123,48.53
20,1607,PSUBANKICI,EQ,217074,76176,35.09
20,1608,PSUBNKBEES,EQ,790460,526779,66.64
20,1609,PTC,EQ,2055430,928369,45.17
20,1610,PTCIL,EQ,1255,823,65.58
20,1611,PTL,EQ,149930,82841,55.25
20,1612,PULZ,SM,46000,42000,91.30
20,1613,PUNJABCHEM,EQ,7808,4010,51.36
20,1614,PURVA,EQ,609832,153907,25.24
20,1615,PVRINOX,EQ,293091,159473,54.41
20,1616,PYRAMID,EQ,112313,54429,48.46
20,1617,QFIL,SM,7000,7000,100.00
20,1618,QGOLDHALF,EQ,21243,8325,39.19
20,1619,QMSMEDI,SM,6000,5000,83.33
20,1620,QNIFTY,EQ,457,302,66.08
20,1621,QUESS,EQ,3747771,655170,17.48
20,1622,QUICKHEAL,EQ,197263,73676,37.35
20,1623,QUICKTOUCH,SM,5500,5000,90.91
20,1624,RACE,EQ,35621,19498,54.74
20,1625,RADHIKAJWE,EQ,370197,193961,52.39
20,1626,RADIANTCMS,EQ,333613,229831,68.89
20,1627,RADICO,EQ,219407,117952,53.76
20,1628,RADIOCITY,EQ,624004,446008,71.48
20,1629,RADIOCITY,P1,526,526,100.00
20,1630,RAILTEL,EQ,13862092,3216511,23.20
20,1631,RAIN,EQ,963804,511636,53.09
20,1632,RAINBOW,EQ,150176,60370,40.20
20,1633,RAJESHEXPO,EQ,1957354,362603,18.53
20,1634,RAJRATAN,EQ,14093,8416,59.72
20,1635,RAJTV,EQ,6436,4151,64.50
20,1636,RALLIS,EQ,1420893,459701,32.35
20,1637,RAMANEWS,EQ,274110,134784,49.17
20,1638,RAMAPHO,EQ,24372,10477,42.99
20,1639,RAMASTEEL,EQ,2959618,1157009,39.09
20,1640,RAMCOCEM,EQ,211786,52674,24.87
20,1641,RAMCOIND,EQ,2156192,390173,18.10
20,1642,RAMCOSYS,EQ,41354,22701,54.89
20,1643,RAMKY,EQ,196601,92108,46.85
20,1644,RAMRAT,EQ,243898,87127,35.72
20,1645,RANASUG,EQ,4397316,1721951,39.16
20,1646,RANEENGINE,EQ,4091,1709,41.77
20,1647,RANEHOLDIN,EQ,20214,14513,71.80
20,1648,RATEGAIN,EQ,3155340,1532553,48.57
20,1649,RATNAMANI,EQ,19271,6088,31.59
20,1650,RATNAVEER,EQ,450903,219074,48.59
20,1651,RAYMOND,EQ,285601,119311,41.78
20,1652,RBA,EQ,1045256,421537,40.33
20,1653,RBL,EQ,14488,5629,38.85
20,1654,RBLBANK,EQ,6342574,2799046,44.13
20,1655,RBMINFRA,SM,29000,24000,82.76
20,1656,RCDL,SM,33000,30000,90.91
20,1657,RCF,EQ,2453441,845417,34.46
20,1658,RECLTD,EQ,7836758,3189308,40.70
20,1659,RECLTD,N9,300,290,96.67
20,1660,RECLTD,NE,200,200,100.00
20,1661,RECLTD,NF,20,20,100.00
20,1662,RECLTD,NI,1097,1097,100.00
20,1663,REDINGTON,EQ,543513,353210,64.99
20,1664,REDTAPE,EQ,144381,69769,48.32
20,1665,REFEX,EQ,59762,45735,76.53
20,1666,RELAXO,EQ,40127,24264,60.47
20,1667,RELCHEMQ,EQ,44686,10703,23.95
20,1668,RELIANCE,EQ,4265771,2370901,55.58
20,1669,RELIGARE,EQ,1018259,512940,50.37
20,1670,RELINFRA,EQ,1120005,670511,59.87
20,1671,REMUS,SM,400,225,56.25
20,1672,RENUKA,EQ,23723417,9272543,39.09
20,1673,REPCOHOME,EQ,407920,240776,59.03
20,1674,REPL,EQ,17049,10799,63.34
20,1675,REPRO,EQ,22164,15226,68.70
20,1676,RESPONIND,EQ,269680,228436,84.71
20,1677,REXPIPES,SM,26000,20000,76.92
20,1678,RGL,EQ,87584,49192,56.17
20,1679,RHIM,EQ,208364,111614,53.57
20,1680,RHL,EQ,117845,106994,90.79
20,1681,RICHA,SM,6000,6000,100.00
20,1682,RICOAUTO,EQ,3766790,1475095,39.16
20,1683,RIIL,EQ,261193,69670,26.67
20,1684,RILINFRA,SM,34300,31600,92.13
20,1685,RISHABH,EQ,120649,71004,58.85
20,1686,RITCO,EQ,38376,23734,61.85
20,1687,RITES,EQ,495163,170191,34.37
20,1688,RITEZONE,SM,51200,44800,87.50
20,1689,RKEC,EQ,173944,61692,35.47
20,1690,RKFORGE,EQ,682912,475484,69.63
20,1691,RMDRIP,SM,42000,42000,100.00
20,1692,RML,EQ,6367,3202,50.29
20,1693,ROHLTD,EQ,42502,24719,58.16
20,1694,ROLEXRINGS,EQ,12577,6760,53.75
20,1695,ROML,EQ,15576,9201,59.07
20,1696,ROSSARI,EQ,40481,24121,59.59
20,1697,ROSSELLIND,EQ,25619,11534,45.02
20,1698,ROTO,EQ,76720,36388,47.43
20,1699,ROUTE,EQ,66888,37771,56.47
20,1700,ROXHITECH,ST,49600,49600,100.00
20,1701,RPGLIFE,EQ,38231,18685,48.87
20,1702,RPOWER,EQ,108417604,15990029,14.75
20,1703,RPPL,EQ,23875,16606,69.55
20,1704,RPSGVENT,EQ,612809,219453,35.81
20,1705,RRKABEL,EQ,391611,168082,42.92
20,1706,RSWM,EQ,740661,277145,37.42
20,1707,RSYSTEMS,EQ,23120,15203,65.76
20,1708,RTNINDIA,EQ,18328392,5391426,29.42
20,1709,RTNPOWER,EQ,197578726,69509447,35.18
20,1710,RUBYMILLS,EQ,12466,7872,63.15
20,1711,RUCHIRA,EQ,27353,16470,60.21
20,1712,RUPA,EQ,257575,98358,38.19
20,1713,RUSHIL,EQ,1446316,397571,27.49
20,1714,RUSTOMJEE,EQ,26486,17626,66.55
20,1715,RVNL,EQ,8264019,2640946,31.96
20,1716,SAAKSHI,SM,12000,7200,60.00
20,1717,SADHNANIQ,EQ,936559,438622,46.83
20,1718,SAFARI,EQ,32589,22823,70.03
20,1719,SAGARDEEP,EQ,201718,5176,2.57
20,1720,SAGCEM,EQ,116480,63440,54.46
20,1721,SAH,EQ,208323,149319,71.68
20,1722,SAHAJ,SM,8000,8000,100.00
20,1723,SAHANA,SM,154000,69500,45.13
20,1724,SAHYADRI,EQ,21477,11739,54.66
20,1725,SAIL,EQ,13092010,4550439,34.76
20,1726,SAKAR,EQ,29011,16115,55.55
20,1727,SAKHTISUG,EQ,3676105,1132683,30.81
20,1728,SALASAR,EQ,888213,438276,49.34
20,1729,SALONA,EQ,2148,1040,48.42
20,1730,SALSTEEL,EQ,172380,119932,69.57
20,1731,SALZERELEC,EQ,52605,24935,47.40
20,1732,SAMBHAAV,EQ,198446,118033,59.48
20,1733,SAMHI,EQ,431749,178977,41.45
20,1734,SAMPANN,EQ,79408,20168,25.40
20,1735,SANDESH,EQ,757,485,64.07
20,1736,SANDHAR,EQ,619040,199802,32.28
20,1737,SANDUMA,EQ,24091,13398,55.61
20,1738,SANGAMIND,EQ,24491,11874,48.48
20,1739,SANGANI,SM,39000,39000,100.00
20,1740,SANGHIIND,EQ,533901,445866,83.51
20,1741,SANGHVIMOV,EQ,115515,56115,48.58
20,1742,SANGINITA,EQ,78875,52083,66.03
20,1743,SANOFI,EQ,42808,29595,69.13
20,1744,SANSERA,EQ,106061,59577,56.17
20,1745,SAPPHIRE,EQ,64430,48673,75.54
20,1746,SARDAEN,EQ,159000,85351,53.68
20,1747,SAREGAMA,EQ,399303,144731,36.25
20,1748,SARLAPOLY,EQ,534464,227213,42.51
20,1749,SAROJA,SM,1600,1600,100.00
20,1750,SARTELE,SM,964000,586000,60.79
20,1751,SASKEN,EQ,6367,3050,47.90
20,1752,SASTASUNDR,EQ,131583,60972,46.34
20,1753,SATIA,EQ,426924,238049,55.76
20,1754,SATIN,EQ,393171,228083,58.01
20,1755,SATINDLTD,EQ,1315512,681699,51.82
20,1756,SBC,EQ,5932353,2902959,48.93
20,1757,SBCL,EQ,63014,30232,47.98
20,1758,SBFC,EQ,2205791,1276595,57.87
20,1759,SBGLP,EQ,69527,19952,28.70
20,1760,SBICARD,EQ,840389,420811,50.07
20,1761,SBIETFCON,EQ,3694,3531,95.59
20,1762,SBIETFIT,EQ,5321,4674,87.84
20,1763,SBIETFPB,EQ,929,694,74.70
20,1764,SBIETFQLTY,EQ,37520,37460,99.84
20,1765,SBILIFE,EQ,549853,208279,37.88
20,1766,SBIN,EQ,6376210,2254110,35.35
20,1767,SCHAEFFLER,EQ,136061,79313,58.29
20,1768,SCHAND,EQ,83051,45468,54.75
20,1769,SCHNEIDER,EQ,237925,113730,47.80
20,1770,SCI,EQ,2106741,569109,27.01
20,1771,SCML,SM,26000,20000,76.92
20,1772,SCPL,EQ,6587,3948,59.94
20,1773,SDBL,EQ,217351,154298,70.99
20,1774,SDL24BEES,EQ,3429,3429,100.00
20,1775,SDL26BEES,EQ,204,155,75.98
20,1776,SEAMECLTD,EQ,343755,151495,44.07
20,1777,SECMARK,EQ,19845,3309,16.67
20,1778,SECURCRED,EQ,683583,368091,53.85
20,1779,SECURKLOUD,EQ,90574,53794,59.39
20,1780,SEL,SM,800,800,100.00
20,1781,SELAN,EQ,1482136,274708,18.53
20,1782,SENCO,EQ,979884,435326,44.43
20,1783,SENSEXETF,EQ,908,575,63.33
20,1784,SEPC,EQ,65048113,26406388,40.60
20,1785,SEQUENT,EQ,19369433,3318492,17.13
20,1786,SERVICE,SM,2000,2000,100.00
20,1787,SESHAPAPER,EQ,26177,15123,57.77
20,1788,SETF10GILT,EQ,4930,4283,86.88
20,1789,SETFGOLD,EQ,552862,312329,56.49
20,1790,SETFNIF50,EQ,168655,147990,87.75
20,1791,SETFNIFBK,EQ,17410,11338,65.12
20,1792,SETFNN50,EQ,22335,16643,74.52
20,1793,SFL,EQ,57685,23817,41.29
20,1794,SGBAPR28I,GB,106,83,78.30
20,1795,SGBAUG24,GB,132,131,99.24
20,1796,SGBAUG27,GB,22,22,100.00
20,1797,SGBAUG28V,GB,865,557,64.39
20,1798,SGBAUG29V,GB,136,126,92.65
20,1799,SGBAUG30,GB,121,71,58.68
20,1800,SGBD29VIII,GB,91,64,70.33
20,1801,SGBDE30III,GB,315,232,73.65
20,1802,SGBDEC2513,GB,30,20,66.67
20,1803,SGBDEC26,GB,60,60,100.00
20,1804,SGBFEB24,GB,57,41,71.93
20,1805,SGBFEB28IX,GB,5,5,100.00
20,1806,SGBFEB29XI,GB,4,4,100.00
20,1807,SGBJ28VIII,GB,1,1,100.00
20,1808,SGBJAN27,GB,34,30,88.24
20,1809,SGBJAN29IX,GB,159,146,91.82
20,1810,SGBJAN29X,GB,42,30,71.43
20,1811,SGBJAN30IX,GB,142,72,50.70
20,1812,SGBJU29III,GB,97,73,75.26
20,1813,SGBJUL25,GB,23,12,52.17
20,1814,SGBJUL27,GB,55,40,72.73
20,1815,SGBJUL28IV,GB,53,40,75.47
20,1816,SGBJUL29IV,GB,82,78,95.12
20,1817,SGBJUN28,GB,94,69,73.40
20,1818,SGBJUN29II,GB,91,79,86.81
20,1819,SGBJUN30,GB,50,49,98.00
20,1820,SGBJUN31I,GB,1020,705,69.12
20,1821,SGBMAR24,GB,27,18,66.67
20,1822,SGBMAR25,GB,145,111,76.55
20,1823,SGBMAR28X,GB,112,76,67.86
20,1824,SGBMAR30X,GB,23,19,82.61
20,1825,SGBMAR31IV,GB,272,170,62.50
20,1826,SGBMAY25,GB,6,4,66.67
20,1827,SGBMAY26,GB,20,10,50.00
20,1828,SGBMAY28,GB,402,349,86.82
20,1829,SGBMAY29I,GB,188,180,95.74
20,1830,SGBMR29XII,GB,91,61,67.03
20,1831,SGBN28VIII,GB,20,16,80.00
20,1832,SGBNOV23,GB,196,183,93.37
20,1833,SGBNOV24,GB,134,128,95.52
20,1834,SGBNOV26,GB,7,7,100.00
20,1835,SGBNV29VII,GB,168,140,83.33
20,1836,SGBOC28VII,GB,447,355,79.42
20,1837,SGBOCT25IV,GB,29,28,96.55
20,1838,SGBOCT27,GB,1,1,100.00
20,1839,SGBOCT27VI,GB,30,30,100.00
20,1840,SGBSEP24,GB,87,87,100.00
20,1841,SGBSEP27,GB,6,6,100.00
20,1842,SGBSEP28VI,GB,227,173,76.21
20,1843,SGBSEP29VI,GB,416,390,93.75
20,1844,SGBSEP31II,GB,1912,1840,96.23
20,1845,SHAH,EQ,785875,309752,39.41
20,1846,SHAILY,EQ,150899,61486,40.75
20,1847,SHAKTIPUMP,EQ,35055,19299,55.05
20,1848,SHALBY,EQ,457361,143716,31.42
20,1849,SHALPAINTS,EQ,97389,64135,65.85
20,1850,SHANKARA,EQ,62790,32305,51.45
20,1851,SHANTHALA,SM,46800,32400,69.23
20,1852,SHANTI,EQ,27190,19224,70.70
20,1853,SHANTIGEAR,EQ,462234,92517,20.02
20,1854,SHARDACROP,EQ,48910,27328,55.87
20,1855,SHARDAMOTR,EQ,14145,8532,60.32
20,1856,SHAREINDIA,EQ,39341,13786,35.04
20,1857,SHAREINDIA,W1,415,415,100.00
20,1858,SHARIABEES,EQ,706,351,49.72
20,1859,SHEMAROO,EQ,32653,23031,70.53
20,1860,SHERA,SM,26000,19000,73.08
20,1861,SHIGAN,SM,9000,7500,83.33
20,1862,SHILPAMED,EQ,1044924,291991,27.94
20,1863,SHIVALIK,EQ,14753,9578,64.92
20,1864,SHIVAMILLS,EQ,35626,9579,26.89
20,1865,SHIVATEX,EQ,66252,38822,58.60
20,1866,SHK,EQ,169210,111562,65.93
20,1867,SHOPERSTOP,EQ,22795,11426,50.13
20,1868,SHRADHA,EQ,33721,14979,44.42
20,1869,SHREDIGCEM,EQ,163859,86356,52.70
20,1870,SHREECEM,EQ,57461,52275,90.97
20,1871,SHREEPUSHK,EQ,35072,19879,56.68
20,1872,SHRENIK,EQ,2568574,1816166,70.71
20,1873,SHREYAS,EQ,39858,13737,34.46
20,1874,SHRIPISTON,EQ,38283,29305,76.55
20,1875,SHRIRAMFIN,EQ,305865,175529,57.39
20,1876,SHRIRAMFIN,YI,100,100,100.00
20,1877,SHRIRAMFIN,YL,273,273,100.00
20,1878,SHRIRAMFIN,YP,49,49,100.00
20,1879,SHRIRAMFIN,YV,100,100,100.00
20,1880,SHRIRAMFIN,Z2,50,50,100.00
20,1881,SHRIRAMFIN,Z4,2,2,100.00
20,1882,SHRIRAMFIN,Z9,189,189,100.00
20,1883,SHRIRAMFIN,ZC,625,625,100.00
20,1884,SHRIRAMPPS,EQ,2243290,690754,30.79
20,1885,SHRITECH,SM,180000,138000,76.67
20,1886,SHUBHLAXMI,SM,12000,10000,83.33
20,1887,SHYAMCENT,EQ,500559,305337,61.00
20,1888,SHYAMMETL,EQ,317760,186834,58.80
20,1889,SHYAMTEL,EQ,3500,3500,100.00
20,1890,SIDDHIKA,SM,2000,2000,100.00
20,1891,SIEMENS,EQ,314273,148023,47.10
20,1892,SIGACHI,EQ,1457226,944064,64.79
20,1893,SIGMA,EQ,14341,5752,40.11
20,1894,SIGNATURE,EQ,230652,89346,38.74
20,1895,SIKKO,EQ,27313,10397,38.07
20,1896,SILGO,EQ,46760,10914,23.34
20,1897,SILINV,EQ,24650,13566,55.03
20,1898,SILLYMONKS,EQ,5297,3417,64.51
20,1899,SILVER,EQ,145987,135940,93.12
20,1900,SILVERBEES,EQ,966015,783272,81.08
20,1901,SILVERETF,EQ,23737,15332,64.59
20,1902,SILVERTUC,EQ,7649,4255,55.63
20,1903,SILVRETF,EQ,45516,26938,59.18
20,1904,SIMBHALS,EQ,246017,110004,44.71
20,1905,SINDHUTRAD,EQ,1094128,749661,68.52
20,1906,SINTERCOM,EQ,2664,1843,69.18
20,1907,SIRCA,EQ,45499,22520,49.50
20,1908,SIS,EQ,101239,40285,39.79
20,1909,SIYSIL,EQ,81193,39158,48.23
20,1910,SJS,EQ,291418,198709,68.19
20,1911,SJVN,EQ,26679526,7571929,28.38
20,1912,SKFINDIA,EQ,72075,64425,89.39
20,1913,SKIPPER,EQ,159425,76894,48.23
20,1914,SKMEGGPROD,EQ,353940,180093,50.88
20,1915,SKP,SM,3500,3000,85.71
20,1916,SKYGOLD,EQ,30538,16300,53.38
20,1917,SMARTLINK,EQ,21198,13883,65.49
20,1918,SMCGLOBAL,EQ,248999,130434,52.38
20,1919,SMLISUZU,EQ,52934,21979,41.52
20,1920,SMLT,EQ,8463,4126,48.75
20,1921,SMSLIFE,EQ,2536,1436,56.62
20,1922,SMSPHARMA,EQ,74739,54227,72.56
20,1923,SMVD,SM,12120,12120,100.00
20,1924,SNOWMAN,EQ,13428617,4581678,34.12
20,1925,SOBHA,EQ,346910,93693,27.01
20,1926,SOLARA,EQ,34874,17822,51.10
20,1927,SOLARINDS,EQ,109601,50473,46.05
20,1928,SOLEX,SM,9200,6000,65.22
20,1929,SOMANYCERA,EQ,86644,55111,63.61
20,1930,SONACOMS,EQ,479014,294858,61.56
20,1931,SONATSOFTW,EQ,214159,58098,27.13
20,1932,SONUINFRA,SM,39000,18000,46.15
20,1933,SOTAC,SM,1200,1200,100.00
20,1934,SOTL,EQ,51551,21468,41.64
20,1935,SOUTHBANK,EQ,10721361,4778835,44.57
20,1936,SPAL,EQ,28316,10539,37.22
20,1937,SPANDANA,EQ,74875,32226,43.04
20,1938,SPARC,EQ,2041627,468398,22.94
20,1939,SPCENET,EQ,901407,753417,83.58
20,1940,SPECIALITY,EQ,82356,41988,50.98
20,1941,SPECTRUM,SM,1625,1625,100.00
20,1942,SPECTSTM,SM,35200,28800,81.82
20,1943,SPENCERS,EQ,224419,157927,70.37
20,1944,SPIC,EQ,644379,259934,40.34
20,1945,SPLIL,EQ,56526,25113,44.43
20,1946,SPLPETRO,EQ,39952,18061,45.21
20,1947,SPORTKING,EQ,62468,41066,65.74
20,1948,SPRL,ST,1600,1600,100.00
20,1949,SREEL,EQ,323173,79370,24.56
20,1950,SRF,EQ,138094,59089,42.79
20,1951,SRGHFL,EQ,13400,5802,43.30
20,1952,SRHHYPOLTD,EQ,10888,6694,61.48
20,1953,SRIVASAVI,SM,186000,116000,62.37
20,1954,SSFL,SM,195000,108000,55.38
20,1955,SSWL,EQ,155951,96890,62.13
20,1956,STAR,EQ,413642,124607,30.12
20,1957,STARCEMENT,EQ,319250,114939,36.00
20,1958,STARHEALTH,EQ,160358,84220,52.52
20,1959,STARPAPER,EQ,14890,4800,32.24
20,1960,STARTECK,EQ,29681,23702,79.86
20,1961,STCINDIA,EQ,77644,40836,52.59
20,1962,STEELCAS,EQ,9327,5603,60.07
20,1963,STEELCITY,EQ,29375,20090,68.39
20,1964,STEELXIND,EQ,5899278,3188649,54.05
20,1965,STEL,EQ,14812,8678,58.59
20,1966,STERTOOLS,EQ,38122,16179,42.44
20,1967,STLTECH,EQ,1706263,665806,39.02
20,1968,STOVEKRAFT,EQ,369276,186845,50.60
20,1969,STYLAMIND,EQ,14712,7719,52.47
20,1970,STYRENIX,EQ,41565,23731,57.09
20,1971,SUBEXLTD,EQ,7780776,2873956,36.94
20,1972,SUBROS,EQ,127387,62146,48.79
20,1973,SUDARSCHEM,EQ,45756,24259,53.02
20,1974,SUKHJITS,EQ,9690,6887,71.07
20,1975,SULA,EQ,124990,62614,50.10
20,1976,SUMICHEM,EQ,163307,107179,65.63
20,1977,SUMIT,EQ,166761,134389,80.59
20,1978,SUMMITSEC,EQ,12794,6788,53.06
20,1979,SUNDARMFIN,EQ,25786,16787,65.10
20,1980,SUNDARMHLD,EQ,118923,69786,58.68
20,1981,SUNDRMFAST,EQ,114785,94918,82.69
20,1982,SUNFLAG,EQ,555413,287983,51.85
20,1983,SUNPHARMA,EQ,1177434,596571,50.67
20,1984,SUNREST,ST,80000,75200,94.00
20,1985,SUNTECK,EQ,3918543,1100860,28.09
20,1986,SUNTV,EQ,651376,369551,56.73
20,1987,SUPERHOUSE,EQ,14178,8156,57.53
20,1988,SUPRAJIT,EQ,453432,380801,83.98
20,1989,SUPREMEENG,EQ,843440,843065,99.96
20,1990,SUPREMEIND,EQ,56111,21576,38.45
20,1991,SUPRIYA,EQ,202178,102516,50.71
20,1992,SURANASOL,EQ,144830,97911,67.60
20,1993,SURANAT&P,EQ,67206,47669,70.93
20,1994,SURANI,SM,1200,1200,100.00
20,1995,SURYALAXMI,EQ,122226,51685,42.29
20,1996,SURYAROSNI,EQ,678496,342754,50.52
20,1997,SURYODAY,EQ,195021,115409,59.18
20,1998,SUTLEJTEX,EQ,296273,124667,42.08
20,1999,SUVEN,EQ,323508,118503,36.63
20,2000,SUVENPHAR,EQ,149910,97531,65.06
20,2001,SUVIDHAA,EQ,1592276,934388,58.68
20,2002,SWANENERGY,EQ,1716218,751390,43.78
20,2003,SWARAJ,SM,16000,15000,93.75
20,2004,SWARAJENG,EQ,14882,8393,56.40
20,2005,SWASTIK,SM,19200,12000,62.50
20,2006,SWELECTES,EQ,40373,27594,68.35
20,2007,SWSOLAR,EQ,191910,191910,100.00
20,2008,SYMPHONY,EQ,15839,8606,54.33
20,2009,SYNCOMF,EQ,41556714,14151494,34.05
20,2010,SYNGENE,EQ,504443,252667,50.09
20,2011,SYNOPTICS,SM,6000,5400,90.00
20,2012,SYRMA,EQ,788542,327536,41.54
20,2013,SYSTANGO,SM,77200,60800,78.76
20,2014,TAINWALCHM,EQ,6419,4126,64.28
20,2015,TAJGVK,EQ,59187,29377,49.63
20,2016,TAKE,EQ,318903,202425,63.48
20,2017,TALBROAUTO,EQ,498669,199323,39.97
20,2018,TANLA,EQ,200852,79849,39.76
20,2019,TAPIFRUIT,SM,1500,1500,100.00
20,2020,TARACHAND,SM,53000,36000,67.92
20,2021,TARC,EQ,378187,251459,66.49
20,2022,TARMAT,EQ,43994,29753,67.63
20,2023,TARSONS,EQ,52776,27198,51.53
20,2024,TASTYBITE,EQ,893,543,60.81
20,2025,TATACAPHSG,N6,30,30,100.00
20,2026,TATACAPHSG,NA,110,100,90.91
20,2027,TATACHEM,EQ,722824,332486,46.00
20,2028,TATACOFFEE,EQ,159170,83607,52.53
20,2029,TATACOMM,EQ,632911,269288,42.55
20,2030,TATACONSUM,EQ,907511,554093,61.06
20,2031,TATAELXSI,EQ,96295,35097,36.45
20,2032,TATAINVEST,EQ,402070,64374,16.01
20,2033,TATAMETALI,EQ,50413,24161,47.93
20,2034,TATAMOTORS,EQ,5885370,2459415,41.79
20,2035,TATAMTRDVR,EQ,2011502,1294927,64.38
20,2036,TATAPOWER,EQ,5466513,2855522,52.24
20,2037,TATASTEEL,EQ,30736851,17181131,55.90
20,2038,TATVA,EQ,9036,4785,52.95
20,2039,TBZ,EQ,204343,92205,45.12
20,2040,TCFSL,NF,799,552,69.09
20,2041,TCFSL,NJ,467,467,100.00
20,2042,TCFSL,NL,280,230,82.14
20,2043,TCI,EQ,14112,6875,48.72
20,2044,TCIEXP,EQ,28025,17362,61.95
20,2045,TCNSBRANDS,EQ,265855,114499,43.07
20,2046,TCPLPACK,EQ,24255,8115,33.46
20,2047,TCS,EQ,2729804,1933265,70.82
20,2048,TDPOWERSYS,EQ,144367,101728,70.46
20,2049,TEAMLEASE,EQ,36957,13772,37.26
20,2050,TECH,EQ,7407,4858,65.59
20,2051,TECHM,EQ,651637,241869,37.12
20,2052,TECHNOE,EQ,249020,132881,53.36
20,2053,TEGA,EQ,121986,80396,65.91
20,2054,TEJASNET,EQ,150065,49434,32.94
20,2055,TEMBO,EQ,43343,11188,25.81
20,2056,TERASOFT,EQ,56245,36221,64.40
20,2057,TEXINFRA,EQ,4950126,1956199,39.52
20,2058,TEXMOPIPES,EQ,200027,120014,60.00
20,2059,TEXRAIL,EQ,4110872,1728309,42.04
20,2060,TFCILTD,EQ,1481392,539449,36.42
20,2061,TFL,EQ,23128,11597,50.14
20,2062,TGBHOTELS,EQ,1331904,782375,58.74
20,2063,THANGAMAYL,EQ,20172,12217,60.56
20,2064,THEINVEST,EQ,114201,66203,57.97
20,2065,THEJO,EQ,7296,2969,40.69
20,2066,THEMISMED,EQ,35074,21211,60.47
20,2067,THERMAX,EQ,78021,57776,74.05
20,2068,THOMASCOOK,EQ,367853,237353,64.52
20,2069,THYROCARE,EQ,34017,17354,51.02
20,2070,TI,EQ,9259877,3487265,37.66
20,2071,TIDEWATER,EQ,19184,9579,49.93
20,2072,TIIL,EQ,11901,6330,53.19
20,2073,TIINDIA,EQ,923413,232887,25.22
20,2074,TIJARIA,EQ,19398,15341,79.09
20,2075,TIMESCAN,SM,1000,1000,100.00
20,2076,TIMESGTY,EQ,35266,9160,25.97
20,2077,TIMETECHNO,EQ,1337463,563915,42.16
20,2078,TIMKEN,EQ,166383,143393,86.18
20,2079,TINPLATE,EQ,173385,49881,28.77
20,2080,TIPSINDLTD,EQ,84916,42213,49.71
20,2081,TIRUMALCHM,EQ,576506,223619,38.79
20,2082,TIRUPATI,SM,1500,1500,100.00
20,2083,TITAGARH,EQ,1215826,361105,29.70
20,2084,TITAN,EQ,517362,225519,43.59
20,2085,TMB,EQ,89411,45900,51.34
20,2086,TNIDETF,EQ,19673,15548,79.03
20,2087,TNPETRO,EQ,134101,53441,39.85
20,2088,TNPL,EQ,154893,88030,56.83
20,2089,TNTELE,EQ,14728,11943,81.09
20,2090,TOKYOPLAST,EQ,58672,28626,48.79
20,2091,TORNTPHARM,EQ,189688,58983,31.09
20,2092,TORNTPOWER,EQ,218305,108696,49.79
20,2093,TOTAL,EQ,18705,7465,39.91
20,2094,TPLPLASTEH,EQ,1446336,607276,41.99
20,2095,TRACXN,EQ,6161738,2525968,40.99
20,2096,TRANSTEEL,SM,382000,232000,60.73
20,2097,TRANSWIND,SM,12000,12000,100.00
20,2098,TREEHOUSE,EQ,42282,26199,61.96
20,2099,TREL,EQ,5733789,2372468,41.38
20,2100,TRENT,EQ,398832,169186,42.42
20,2101,TRF,EQ,65069,24878,38.23
20,2102,TRIDENT,EQ,5713706,2350462,41.14
20,2103,TRIDHYA,SM,21000,21000,100.00
20,2104,TRIGYN,EQ,175608,80683,45.94
20,2105,TRIL,EQ,375098,193738,51.65
20,2106,TRITURBINE,EQ,363761,195578,53.77
20,2107,TRIVENI,EQ,1694335,425735,25.13
20,2108,TRU,EQ,2220819,607254,27.34
20,2109,TTKHLTCARE,EQ,10439,5680,54.41
20,2110,TTKPRESTIG,EQ,85464,46952,54.94
20,2111,TTL,EQ,18083,10608,58.66
20,2112,TTML,EQ,9349140,2474139,26.46
20,2113,TV18BRDCST,EQ,4666462,1959746,42.00
20,2114,TVSELECT,EQ,26977,10335,38.31
20,2115,TVSHLTD,EQ,5209,3208,61.59
20,2116,TVSHLTD,P1,68103,66303,97.36
20,2117,TVSMOTOR,EQ,1599755,616112,38.51
20,2118,TVSSCS,EQ,793071,463249,58.41
20,2119,TVSSRICHAK,EQ,8919,4087,45.82
20,2120,TVTODAY,EQ,110465,51286,46.43
20,2121,UBL,EQ,294322,207251,70.42
20,2122,UCAL,EQ,13174,7288,55.32
20,2123,UCL,SM,8000,6000,75.00
20,2124,UCOBANK,EQ,4210838,1075254,25.54
20,2125,UDS,EQ,301346,226955,75.31
20,2126,UFLEX,EQ,34321,20418,59.49
20,2127,UGARSUGAR,EQ,1530368,520750,34.03
20,2128,UGROCAP,EQ,183714,108820,59.23
20,2129,UGROCAP,N7,56,56,100.00
20,2130,UJJIVAN,EQ,240187,120166,50.03
20,2131,UJJIVANSFB,EQ,5498749,1912759,34.79
20,2132,ULTRACEMCO,EQ,344271,209749,60.93
20,2133,UMA,SM,16000,8000,50.00
20,2134,UMAEXPORTS,EQ,27490,19074,69.39
20,2135,UMANGDAIRY,EQ,8101,4378,54.04
20,2136,UNICHEMLAB,EQ,19019,10865,57.13
20,2137,UNIDT,EQ,42960,24394,56.78
20,2138,UNIENTER,EQ,18060,11476,63.54
20,2139,UNIHEALTH,SM,54000,36000,66.67
20,2140,UNIONBANK,EQ,9202339,2601508,28.27
20,2141,UNIPARTS,EQ,101622,66910,65.84
20,2142,UNITEDPOLY,EQ,30979,5041,16.27
20,2143,UNITEDTEA,EQ,1995,1782,89.32
20,2144,UNIVCABLES,EQ,20717,9207,44.44
20,2145,UNIVPHOTO,EQ,746,564,75.60
20,2146,UNOMINDA,EQ,726539,360754,49.65
20,2147,UPL,EQ,1264347,633637,50.12
20,2148,URAVI,EQ,6744,5971,88.54
20,2149,URBAN,SM,126000,86400,68.57
20,2150,URJA,EQ,25036068,8601051,34.35
20,2151,USASEEDS,SM,1200,900,75.00
20,2152,USHAMART,EQ,191817,124857,65.09
20,2153,USK,EQ,319526,127244,39.82
20,2154,UTIAMC,EQ,87007,43078,49.51
20,2155,UTIBANKETF,EQ,15133,11176,73.85
20,2156,UTINEXT50,EQ,12363,8767,70.91
20,2157,UTINIFTETF,EQ,20218,15276,75.56
20,2158,UTISENSETF,EQ,302,231,76.49
20,2159,UTISXN50,EQ,1400,1145,81.79
20,2160,UTKARSHBNK,EQ,1112539,613844,55.18
20,2161,UTTAMSUGAR,EQ,1686929,374964,22.23
20,2162,VADILALIND,EQ,4278,2047,47.85
20,2163,VAIBHAVGBL,EQ,140176,68779,49.07
20,2164,VAISHALI,EQ,43366,12510,28.85
20,2165,VAKRANGEE,EQ,15876867,3144220,19.80
20,2166,VALIANTLAB,EQ,69704,36597,52.50
20,2167,VALIANTORG,EQ,29119,14168,48.66
20,2168,VARDHACRLC,EQ,528711,302812,57.27
20,2169,VARROC,EQ,1670647,287259,17.19
20,2170,VASA,SM,4000,4000,100.00
20,2171,VASCONEQ,EQ,1197946,528122,44.09
20,2172,VBL,EQ,2439087,1029213,42.20
20,2173,VCL,EQ,550463,429723,78.07
20,2174,VEDL,EQ,3977608,1921276,48.30
20,2175,VELS,SM,6000,6000,100.00
20,2176,VENKEYS,EQ,10028,5121,51.07
20,2177,VENUSPIPES,EQ,32756,17945,54.78
20,2178,VENUSREM,EQ,73820,34504,46.74
20,2179,VERANDA,EQ,190640,92205,48.37
20,2180,VERTEXPLUS,SM,12000,12000,100.00
20,2181,VERTOZ,EQ,114451,19612,17.14
20,2182,VESUVIUS,EQ,12349,5377,43.54
20,2183,VETO,EQ,121018,60512,50.00
20,2184,VGUARD,EQ,121983,85406,70.01
20,2185,VHL,EQ,2734,1498,54.79
20,2186,VIAZ,SM,2000,2000,100.00
20,2187,VIDHIING,EQ,188171,70380,37.40
20,2188,VIJAYA,EQ,266730,136224,51.07
20,2189,VIKASLIFE,EQ,13710002,5876315,42.86
20,2190,VILINBIO,SM,8000,8000,100.00
20,2191,VIMTALABS,EQ,28438,12160,42.76
20,2192,VINATIORGA,EQ,39474,21155,53.59
20,2193,VINDHYATEL,EQ,89983,8395,9.33
20,2194,VINEETLAB,EQ,34662,22081,63.70
20,2195,VINSYS,SM,22500,16500,73.33
20,2196,VINYAS,SM,1600,1600,100.00
20,2197,VINYLINDIA,EQ,18464,8811,47.72
20,2198,VIPCLOTHNG,EQ,155857,124079,79.61
20,2199,VIPIND,EQ,666202,365005,54.79
20,2200,VIPULLTD,EQ,177943,138273,77.71
20,2201,VIRINCHI,EQ,214192,179926,84.00
20,2202,VISAKAIND,EQ,331087,148721,44.92
20,2203,VISHAL,EQ,1199005,539366,44.98
20,2204,VISHNU,EQ,228160,138053,60.51
20,2205,VISHNUINFR,SM,18000,18000,100.00
20,2206,VISHWARAJ,EQ,1663953,782035,47.00
20,2207,VITAL,SM,27600,22800,82.61
20,2208,VIVIANA,SM,21000,16000,76.19
20,2209,VIVIDHA,EQ,385227,369084,95.81
20,2210,VLEGOV,EQ,142525,109869,77.09
20,2211,VLSFINANCE,EQ,67426,36450,54.06
20,2212,VMARCIND,SM,264000,207000,78.41
20,2213,VMART,EQ,93312,69209,74.17
20,2214,VOLTAMP,EQ,15312,5551,36.25
20,2215,VOLTAS,EQ,693188,434104,62.62
20,2216,VPRPL,EQ,661407,292765,44.26
20,2217,VRLLOG,EQ,96959,66871,68.97
20,2218,VSSL,EQ,296877,161083,54.26
20,2219,VSTIND,EQ,2029,1244,61.31
20,2220,VSTTILLERS,EQ,5980,3026,50.60
20,2221,VTL,EQ,1558828,430497,27.62
20,2222,WABAG,EQ,661723,245298,37.07
20,2223,WALPAR,SM,16000,16000,100.00
20,2224,WEBELSOLAR,EQ,338509,206475,61.00
20,2225,WELCORP,EQ,1404702,875071,62.30
20,2226,WELENT,EQ,175071,96968,55.39
20,2227,WELSPUNIND,EQ,2876370,496041,17.25
20,2228,WENDT,EQ,2364,934,39.51
20,2229,WESTLIFE,EQ,19380,8707,44.93
20,2230,WHEELS,EQ,7151,3924,54.87
20,2231,WHIRLPOOL,EQ,22970,9240,40.23
20,2232,WILLAMAGOR,EQ,125741,79297,63.06
20,2233,WINDLAS,EQ,48248,22902,47.47
20,2234,WINDMACHIN,EQ,55951,41657,74.45
20,2235,WIPRO,EQ,4838680,2149261,44.42
20,2236,WOCKPHARMA,EQ,3237177,871130,26.91
20,2237,WOMANCART,SM,38400,27200,70.83
20,2238,WONDERLA,EQ,156707,42592,27.18
20,2239,WORTH,EQ,66816,39829,59.61
20,2240,WSTCSTPAPR,EQ,139875,76274,54.53
20,2241,XCHANGING,EQ,484913,177437,36.59
20,2242,XELPMOC,EQ,71733,39378,54.90
20,2243,XPROINDIA,EQ,22228,9000,40.49
20,2244,YASHO,EQ,10603,7595,71.63
20,2245,YATHARTH,EQ,852405,382300,44.85
20,2246,YATRA,EQ,134629,70386,52.28
20,2247,YCCL,SM,6000,6000,100.00
20,2248,YESBANK,EQ,262350330,67779707,25.84
20,2249,YUDIZ,SM,2400,2400,100.00
20,2250,YUKEN,EQ,1666,943,56.60
20,2251,ZAGGLE,EQ,920893,416905,45.27
20,2252,ZEAL,SM,29400,23400,79.59
20,2253,ZEEL,EQ,3355581,1249267,37.23
20,2254,ZEEMEDIA,EQ,4493720,1785942,39.74
20,2255,ZENITHEXPO,EQ,4782,4572,95.61
20,2256,ZENSARTECH,EQ,678314,167904,24.75
20,2257,ZENTEC,EQ,86378,57793,66.91
20,2258,ZFCVINDIA,EQ,3021,1357,44.92
20,2259,ZIMLAB,EQ,140431,86109,61.32
20,2260,ZODIACLOTH,EQ,13457,8845,65.73
20,2261,ZOMATO,EQ,56329090,20421426,36.25
20,2262,ZOTA,EQ,14796,6861,46.37
20,2263,ZUARI,EQ,85165,46636,54.76
20,2264,ZUARIIND,EQ,98674,57091,57.86
20,2265,ZYDUSLIFE,EQ,1008710,458268,45.43
20,2266,ZYDUSWELL,EQ,24159,12481,51.66
