Security Wise Delivery Position - Compulsory Rolling Settlement
10,MTO,01112024,492920968,0002411
Trade Date <01-NOV-2024>,Settlement Type <N>
Record Type,Sr No,Name of Security,Quantity Traded,Deliverable Quantity(gross across client level),% of Deliverable Quantity to Traded Quantity
20,1,1003ISFL28,N4,90,90,100.00
20,2,1003SCL30A,NV,3,3,100.00
20,3,1015ECL29,NR,78,78,100.00
20,4,1018GS2026,GS,670,670,100.00
20,5,1025SCL34,Z8,17,17,100.00
20,6,1050NFL26,N7,3,3,100.00
20,7,1050UCL25,N7,10,10,100.00
20,8,105UCL2026,NB,50,50,100.00
20,9,1065NFL27,NC,18,18,100.00
20,10,10IIFL28,N4,20,10,50.00
20,11,10IIFL28A,NE,13,13,100.00
20,12,10ISFL26,N3,180,180,100.00
20,13,10SCL30A,BV,8,8,100.00
20,14,11DLSL25A,Y3,45,45,100.00
20,15,182D071124,TB,100,100,100.00
20,16,182D281124,TB,2100,2100,100.00
20,17,182D300125,TB,9000,9000,100.00
20,18,360ONE,EQ,48118,23224,48.26
20,19,364D090125,TB,5000,5000,100.00
20,20,3IINFOLTD,EQ,190300,140309,73.73
20,21,3MINDIA,EQ,1255,393,31.31
20,22,574GS2026,GS,5,5,100.00
20,23,5PAISA,EQ,15076,8942,59.31
20,24,63MOONS,EQ,1303357,387773,29.75
20,25,654GS2032,GS,1,1,100.00
20,26,667GS2050,GS,200,200,100.00
20,27,702GS2027,GS,100,100,100.00
20,28,702GS2031,GS,100,100,100.00
20,29,710GS2029,GS,3,2,66.67
20,30,717GS2030,GS,1,1,100.00
20,31,718GS2033,GS,1,1,100.00
20,32,718GS2037,GS,4,4,100.00
20,33,725GS2063,GS,31,31,100.00
20,34,729NHAI26,NC,39,29,74.36
20,35,732GS2030,GS,100,100,100.00
20,36,734GS2064,GS,100,100,100.00
20,37,736GS2052,GS,2,2,100.00
20,38,737GS2028,GS,147,147,100.00
20,39,738GS2027,GS,32050,25830,80.59
20,40,739NHAI26,N8,109,109,100.00
20,41,73GS2053,GS,1020,1020,100.00
20,42,741GS2036,GS,100,100,100.00
20,43,746GS2073,GS,101,100,99.01
20,44,74GS2035,GS,1,1,100.00
20,45,753IRFC30,NJ,1,1,100.00
20,46,754GS2036,GS,91849,89342,97.27
20,47,757GS2033,GS,1,1,100.00
20,48,764HUDCO31,N8,1,1,100.00
20,49,769NHAI31,NE,21,21,100.00
20,50,76NHAI31,NA,1,1,100.00
20,51,774IREDA31,N7,33,33,100.00
20,52,79NHIT35,N1,308,308,100.00
20,53,79NHIT47,N3,180,180,100.00
20,54,801TCH25,N4,40,40,100.00
20,55,829LTF24,NL,60,50,83.33
20,56,82IGT31,NJ,200,200,100.00
20,57,830NHAI27,N2,30,30,100.00
20,58,830PFCL27,N5,28,28,100.00
20,59,83TCHF25,N6,160,150,93.75
20,60,843IHFL29,NC,17,17,100.00
20,61,849NTPC25,N7,2258,2220,98.32
20,62,84CIFCL28,NA,60,60,100.00
20,63,85IIFL25,NO,1,1,100.00
20,64,865IIFL28,NS,547,547,100.00
20,65,865IRFC29,NA,1,1,100.00
20,66,865LTF26,NN,170,170,100.00
20,67,866SFL25,ZE,10,10,100.00
20,68,871REC28,N9,2360,1550,65.68
20,69,875NHAI29,N6,82,80,97.56
20,70,876HUDCO28,ND,10,10,100.00
20,71,87LTF27,NH,197,187,94.92
20,72,880IREDA34,N6,2,1,50.00
20,73,885TCAPS29,NC,330,330,100.00
20,74,888ERFL28,N5,2,2,100.00
20,75,888IRFC29,NE,143,123,86.01
20,76,888REC29,NF,150,150,100.00
20,77,890ICCL23A,NZ,7,7,100.00
20,78,891NTPC33,N6,1,1,100.00
20,79,892PFCL33,N8,450,450,100.00
20,80,894SCL24,ZR,5,5,100.00
20,81,897GS2030,GS,22,22,100.00
20,82,901HUDCO34,NE,10,10,100.00
20,83,901NHB34,N6,45,45,100.00
20,84,915GS2024,GS,190,190,100.00
20,85,91D281124,TB,100,100,100.00
20,86,925AEL26,N1,16,16,100.00
20,87,925ERFL28,N6,64,50,78.13
20,88,92GS2030,GS,1000,1000,100.00
20,89,935LTF29,N5,100,100,100.00
20,90,93MOFSL34,N6,10,10,100.00
20,91,943ECL28,NJ,88,88,100.00
20,92,94IFCI25,NL,250,250,100.00
20,93,956AEL29,N6,74,74,100.00
20,94,957ISFL26,N2,100,100,100.00
20,95,96IIFL28,N5,533,533,100.00
20,96,96IIFL28A,NF,176,175,99.43
20,97,96SFL24A,NB,1,1,100.00
20,98,971SCL28A,NT,2,2,100.00
20,99,990SCL26,N7,31,31,100.00
20,100,99AEL29,N7,112,111,99.11
20,101,A2ZINFRA,EQ,133949,128441,95.89
20,102,AAATECH,EQ,9557,7568,79.19
20,103,AADHARHFC,EQ,49297,31036,62.96
20,104,AAKASH,EQ,106720,90360,84.67
20,105,AARON,EQ,12935,7545,58.33
20,106,AARTECH,EQ,13888,12815,92.27
20,107,AARTIDRUGS,EQ,22443,12352,55.04
20,108,AARTIIND,EQ,1024045,356248,34.79
20,109,AARTIPHARM,EQ,56820,38753,68.20
20,110,AARVI,EQ,3756,2567,68.34
20,111,AATMAJ,SM,6000,4000,66.67
20,112,AAVAS,EQ,24696,18852,76.34
20,113,ABAN,EQ,48302,37632,77.91
20,114,ABB,EQ,39200,17666,45.07
20,115,ABBOTINDIA,EQ,1260,517,41.03
20,116,ABCAPITAL,EQ,3222749,1467426,45.53
20,117,ABDL,EQ,198924,131543,66.13
20,118,ABFRL,EQ,2017724,897540,44.48
20,119,ABINFRA,ST,58000,58000,100.00
20,120,ABREL,EQ,20759,10516,50.66
20,121,ABSLAMC,EQ,248849,118633,47.67
20,122,ABSLBANETF,EQ,6041,4612,76.34
20,123,ABSLLIQUID,EQ,5026,3907,77.74
20,124,ABSLNN50ET,EQ,23435,15245,65.05
20,125,ABSLPSE,EQ,61716,50160,81.28
20,126,ABSMARINE,SM,15500,10500,67.74
20,127,ACC,EQ,30732,10505,34.18
20,128,ACCELYA,EQ,4425,3361,75.95
20,129,ACCENTMIC,SM,7000,5500,78.57
20,130,ACCURACY,EQ,141548,111634,78.87
20,131,ACE,EQ,76117,31189,40.98
20,132,ACEINTEG,EQ,21435,15866,74.02
20,133,ACI,EQ,138118,86254,62.45
20,134,ACL,EQ,7782,5818,74.76
20,135,ACLGATI,EQ,89727,55550,61.91
20,136,ACSAL,ST,6000,4500,75.00
20,137,ADANIENSOL,EQ,143996,71475,49.64
20,138,ADANIENT,EQ,304673,124187,40.76
20,139,ADANIGREEN,EQ,132414,57658,43.54
20,140,ADANIPORTS,EQ,243881,76270,31.27
20,141,ADANIPOWER,EQ,396239,195696,49.39
20,142,ADFFOODS,EQ,126703,65756,51.90
20,143,ADORWELD,EQ,2798,1778,63.55
20,144,ADROITINFO,EQ,15140,12926,85.38
20,145,ADROITPP1,E1,5483,5481,99.96
20,146,ADSL,EQ,211873,140175,66.16
20,147,ADVANIHOTR,EQ,39798,28890,72.59
20,148,ADVENZYMES,EQ,40606,24113,59.38
20,149,AEGISLOG,EQ,81964,39873,48.65
20,150,AEROFLEX,EQ,458342,297875,64.99
20,151,AERON,SM,18000,18000,100.00
20,152,AESTHETIK,SM,32000,22000,68.75
20,153,AETHER,EQ,11966,8941,74.72
20,154,AFFLE,EQ,83665,35601,42.55
20,155,AFFORDABLE,EQ,13926,9832,70.60
20,156,AFIL,EQ,12401,9742,78.56
20,157,AGARIND,EQ,4562,3813,83.58
20,158,AGARWALFT,SM,3000,1500,50.00
20,159,AGI,EQ,34389,19805,57.59
20,160,AGIIL,EQ,100378,35572,35.44
20,161,AGRITECH,EQ,9578,7971,83.22
20,162,AGROPHOS,EQ,15472,10446,67.52
20,163,AGSTRA,EQ,575309,322684,56.09
20,164,AHL,EQ,40200,16837,41.88
20,165,AHLADA,EQ,11106,9058,81.56
20,166,AHLEAST,EQ,20537,16649,81.07
20,167,AHLUCONT,EQ,10400,6659,64.03
20,168,AIAENG,EQ,1813,994,54.83
20,169,AIIL,EQ,14021,8660,61.76
20,170,AILIMITED,ST,3000,3000,100.00
20,171,AIMTRON,ST,38400,38400,100.00
20,172,AIROLAM,EQ,8296,6376,76.86
20,173,AIRTELPP,E1,20979,12684,60.46
20,174,AJANTPHARM,EQ,18226,7334,40.24
20,175,AJMERA,EQ,62088,30812,49.63
20,176,AKANKSHA,SM,6000,6000,100.00
20,177,AKASH,EQ,9211,4233,45.96
20,178,AKG,EQ,21912,15298,69.82
20,179,AKI,EQ,15474,12962,83.77
20,180,AKSHARCHEM,EQ,1198,922,76.96
20,181,AKSHOPTFBR,EQ,446614,372355,83.37
20,182,AKUMS,EQ,30756,24568,79.88
20,183,AKZOINDIA,EQ,60793,11603,19.09
20,184,ALANKIT,EQ,153978,122896,79.81
20,185,ALEMBICLTD,EQ,146209,93858,64.19
20,186,ALICON,EQ,8623,5014,58.15
20,187,ALKALI,EQ,19877,9014,45.35
20,188,ALKEM,EQ,5408,3127,57.82
20,189,ALKYLAMINE,EQ,7562,4418,58.42
20,190,ALLCARGO,EQ,454079,312350,68.79
20,191,ALLDIGI,EQ,11938,9027,75.62
20,192,ALLETEC,SM,24800,17200,69.35
20,193,ALOKINDS,EQ,2138842,986102,46.10
20,194,ALPEXSOLAR,SM,35800,25400,70.95
20,195,ALPHA,EQ,340256,305716,89.85
20,196,ALPHAETF,EQ,325341,293386,90.18
20,197,ALPHAGEO,EQ,4702,3905,83.05
20,198,ALPL30IETF,EQ,173190,165636,95.64
20,199,ALUWIND,ST,4500,4500,100.00
20,200,AMBANIORGO,SM,3000,3000,100.00
20,201,AMBER,EQ,154446,24718,16.00
20,202,AMBEY,SM,40000,32000,80.00
20,203,AMBICAAGAR,EQ,8083,6884,85.17
20,204,AMBIKCO,EQ,3525,2545,72.20
20,205,AMBUJACEM,EQ,216563,110311,50.94
20,206,AMDIND,EQ,6387,6028,94.38
20,207,AMIORG,EQ,106768,50590,47.38
20,208,AMJLAND,EQ,10011,5676,56.70
20,209,AMNPLST,EQ,2664,2300,86.34
20,210,AMRUTANJAN,EQ,9416,7415,78.75
20,211,ANANDRATHI,EQ,8895,5222,58.71
20,212,ANANTRAJ,EQ,418727,182130,43.50
20,213,ANDHRAPAP,EQ,84427,57992,68.69
20,214,ANDHRSUGAR,EQ,123978,76530,61.73
20,215,ANGELONE,EQ,276246,102742,37.19
20,216,ANLON,SM,2400,2000,83.33
20,217,ANMOL,EQ,71932,62464,86.84
20,218,ANNAPURNA,SM,13250,12500,94.34
20,219,ANUP,EQ,70245,16128,22.96
20,220,ANURAS,EQ,12415,4721,38.03
20,221,APARINDS,EQ,18776,6473,34.47
20,222,APCL,EQ,5836,4593,78.70
20,223,APCOTEXIND,EQ,7044,5320,75.53
20,224,APEX,EQ,31491,23484,74.57
20,225,APLAPOLLO,EQ,56740,42971,75.73
20,226,APLLTD,EQ,22063,10745,48.70
20,227,APOLLO,EQ,532775,375509,70.48
20,228,APOLLOHOSP,EQ,18769,5291,28.19
20,229,APOLLOPIPE,EQ,14325,7106,49.61
20,230,APOLLOTYRE,EQ,198515,45147,22.74
20,231,APOLSINHOT,EQ,1640,1182,72.07
20,232,APRAMEYA,SM,86000,76000,88.37
20,233,APS,ST,9500,9500,100.00
20,234,APTECHT,EQ,65483,38660,59.04
20,235,APTUS,EQ,225126,138728,61.62
20,236,ARABIAN,SM,8000,8000,100.00
20,237,ARCHIDPLY,EQ,5339,4494,84.17
20,238,ARE&M,EQ,203604,109605,53.83
20,239,ARHAM,SM,33000,21000,63.64
20,240,ARIES,EQ,22218,15995,71.99
20,241,ARIHANTACA,ST,2400,2400,100.00
20,242,ARIHANTCAP,EQ,183894,114944,62.51
20,243,ARIHANTSUP,EQ,9651,6671,69.12
20,244,ARISTO,SM,12800,11200,87.50
20,245,ARKADE,EQ,227272,141574,62.29
20,246,ARMANFIN,EQ,7810,5151,65.95
20,247,AROGRANITE,EQ,4283,3173,74.08
20,248,ARROWGREEN,EQ,30233,21941,72.57
20,249,ARTEMISMED,EQ,23546,17388,73.85
20,250,ARVEE,EQ,3479,2150,61.80
20,251,ARVIND,EQ,89817,35006,38.97
20,252,ARVINDFASN,EQ,154339,111079,71.97
20,253,ARVSMART,EQ,47715,28697,60.14
20,254,ASAHIINDIA,EQ,55698,24637,44.23
20,255,ASAL,EQ,7023,4027,57.34
20,256,ASALCBR,EQ,13782,9646,69.99
20,257,ASHALOG,SM,4000,4000,100.00
20,258,ASHAPURMIN,EQ,200137,125507,62.71
20,259,ASHIANA,EQ,50325,25381,50.43
20,260,ASHOKA,EQ,707450,306856,43.37
20,261,ASHOKLEY,EQ,1162827,472021,40.59
20,262,ASIANENE,EQ,60338,45760,75.84
20,263,ASIANHOTNR,EQ,964,619,64.21
20,264,ASIANPAINT,EQ,112249,62715,55.87
20,265,ASIANTILES,EQ,216767,153342,70.74
20,266,ASKAUTOLTD,EQ,82985,60340,72.71
20,267,ASLIND,SM,2000,2000,100.00
20,268,ASMS,EQ,180930,137324,75.90
20,269,ASPINWALL,EQ,2653,1633,61.55
20,270,ASPIRE,SM,12000,10000,83.33
20,271,ASTEC,EQ,21075,14132,67.06
20,272,ASTERDM,EQ,126173,65116,51.61
20,273,ASTRAL,EQ,47682,29023,60.87
20,274,ASTRAMICRO,EQ,51747,22484,43.45
20,275,ASTRAZEN,EQ,3678,1055,28.68
20,276,ASTRON,EQ,36595,28045,76.64
20,277,ATAM,EQ,10497,8974,85.49
20,278,ATFL,EQ,8895,7183,80.75
20,279,ATGL,EQ,77967,46623,59.80
20,280,ATL,EQ,116461,90923,78.07
20,281,ATMASTCO,ST,43200,40800,94.44
20,282,ATUL,EQ,6472,1727,26.68
20,283,ATULAUTO,EQ,115783,71368,61.64
20,284,AUBANK,EQ,180971,77057,42.58
20,285,AURDIS,SM,2500,2500,100.00
20,286,AURIONPRO,EQ,27728,18343,66.15
20,287,AUROIMPEX,SM,22400,19200,85.71
20,288,AUROPHARMA,EQ,39844,12968,32.55
20,289,AURUMPP1,X1,4197,4042,96.31
20,290,AUSL,SM,6000,6000,100.00
20,291,AUSOMENT,EQ,9792,7174,73.26
20,292,AUTOAXLES,EQ,2221,1266,57.00
20,293,AUTOBEES,EQ,76265,62581,82.06
20,294,AUTOIETF,EQ,170895,149878,87.70
20,295,AUTOIND,EQ,49978,31936,63.90
20,296,AVADHSUGAR,EQ,14778,9541,64.56
20,297,AVALON,EQ,35503,20359,57.34
20,298,AVANTEL,EQ,276165,185536,67.18
20,299,AVANTIFEED,EQ,39013,24289,62.26
20,300,AVG,EQ,32056,29094,90.76
20,301,AVIANSH,SM,12000,12000,100.00
20,302,AVPINFRA,ST,52800,51200,96.97
20,303,AVTNPL,EQ,56477,41157,72.87
20,304,AWFIS,EQ,13191,7849,59.50
20,305,AWHCL,EQ,97361,71323,73.26
20,306,AWL,EQ,415048,223697,53.90
20,307,AXISBANK,EQ,460781,190504,41.34
20,308,AXISBNKETF,EQ,349,299,85.67
20,309,AXISBPSETF,EQ,17162,17146,99.91
20,310,AXISCADES,EQ,24580,16126,65.61
20,311,AXISCETF,EQ,1173,1099,93.69
20,312,AXISGOLD,EQ,420973,280056,66.53
20,313,AXISHCETF,EQ,1988,1378,69.32
20,314,AXISILVER,EQ,39062,34525,88.39
20,315,AXISNIFTY,EQ,5940,5295,89.14
20,316,AXISTECETF,EQ,746,564,75.60
20,317,AXITA,EQ,709492,390259,55.01
20,318,AXSENSEX,EQ,161,158,98.14
20,319,AZAD,EQ,14398,9312,64.68
20,320,BABAFP,SM,4800,4800,100.00
20,321,BAGFILMS,EQ,390213,221867,56.86
20,322,BAHETI,ST,21375,21000,98.25
20,323,BAJAJ-AUTO,EQ,53757,13105,24.38
20,324,BAJAJCON,EQ,81195,53652,66.08
20,325,BAJAJELEC,EQ,14262,5042,35.35
20,326,BAJAJFINSV,EQ,134827,44993,33.37
20,327,BAJAJHCARE,EQ,18116,12612,69.62
20,328,BAJAJHFL,EQ,7668931,4487812,58.52
20,329,BAJAJHIND,EQ,2056349,1249451,60.76
20,330,BAJAJHLDNG,EQ,2117,1090,51.49
20,331,BAJEL,EQ,82692,51527,62.31
20,332,BAJFINANCE,EQ,45011,20060,44.57
20,333,BALAJEE,EQ,86913,63686,73.28
20,334,BALAMINES,EQ,6789,3498,51.52
20,335,BALAXI,EQ,19307,18007,93.27
20,336,BALKRISHNA,EQ,74916,33114,44.20
20,337,BALKRISIND,EQ,5866,2525,43.04
20,338,BALMLAWRIE,EQ,47802,26535,55.51
20,339,BALRAMCHIN,EQ,245706,108489,44.15
20,340,BALUFORGE,EQ,120149,61692,51.35
20,341,BANARBEADS,EQ,34537,24964,72.28
20,342,BANARISUG,EQ,485,285,58.76
20,343,BANCOINDIA,EQ,35231,24767,70.30
20,344,BANDHANBNK,EQ,2284079,1186047,51.93
20,345,BANG,EQ,7387,6930,93.81
20,346,BANKA,EQ,10894,8734,80.17
20,347,BANKBARODA,EQ,1782431,904967,50.77
20,348,BANKBEES,EQ,162586,128869,79.26
20,349,BANKBETF,EQ,10538,7161,67.95
20,350,BANKETF,EQ,1128,984,87.23
20,351,BANKETFADD,EQ,1447,804,55.56
20,352,BANKIETF,EQ,24953,16613,66.58
20,353,BANKINDIA,EQ,2774089,1272380,45.87
20,354,BANKNIFTY1,EQ,3778,3223,85.31
20,355,BANKPSU,EQ,7771,5705,73.41
20,356,BANSALWIRE,EQ,34841,26508,76.08
20,357,BANSWRAS,EQ,15010,10153,67.64
20,358,BARBEQUE,EQ,7068,5225,73.92
20,359,BASF,EQ,47786,15679,32.81
20,360,BASILIC,SM,32100,29700,92.52
20,361,BATAINDIA,EQ,44277,20321,45.90
20,362,BAWEJA,SM,92000,80000,86.96
20,363,BAYERCROP,EQ,1517,976,64.34
20,364,BBETF0432,EQ,663,541,81.60
20,365,BBL,EQ,11376,10028,88.15
20,366,BBNPNBETF,EQ,630,574,91.11
20,367,BBNPPGOLD,EQ,306,296,96.73
20,368,BBOX,EQ,113102,88473,78.22
20,369,BBTC,EQ,13321,6676,50.12
20,370,BBTCL,EQ,1022,973,95.21
20,371,BCLIND,EQ,357620,248417,69.46
20,372,BCONCEPTS,EQ,5484,3628,66.16
20,373,BDL,EQ,262995,100803,38.33
20,374,BEACON,SM,11000,8000,72.73
20,375,BEARDSELL,EQ,30439,22732,74.68
20,376,BECTORFOOD,EQ,21105,10495,49.73
20,377,BEDMUTHA,EQ,15549,13259,85.27
20,378,BEL,EQ,5265231,2512152,47.71
20,379,BEML,EQ,50769,28887,56.90
20,380,BEPL,EQ,255904,122749,47.97
20,381,BERGEPAINT,EQ,229817,71745,31.22
20,382,BESTAGRO,EQ,18220,14400,79.03
20,383,BETA,SM,3500,2500,71.43
20,384,BEWLTD,SM,17500,13000,74.29
20,385,BFINVEST,EQ,44717,20132,45.02
20,386,BFSI,EQ,51840,40882,78.86
20,387,BGRENERGY,EQ,310406,229274,73.86
20,388,BHAGCHEM,EQ,32079,26812,83.58
20,389,BHAGYANGR,EQ,487115,217916,44.74
20,390,BHANDARI,EQ,216980,182213,83.98
20,391,BHARATFORG,EQ,95867,27518,28.70
20,392,BHARATGEAR,EQ,9446,6671,70.62
20,393,BHARATRAS,EQ,916,402,43.89
20,394,BHARATWIRE,EQ,23150,17804,76.91
20,395,BHARTIARTL,EQ,279441,91799,32.85
20,396,BHARTIHEXA,EQ,15719,7883,50.15
20,397,BHEL,EQ,3323181,1478831,44.50
20,398,BHINVIT,IV,7613,6211,81.58
20,399,BIGBLOC,EQ,233158,158746,68.09
20,400,BIKAJI,EQ,87567,57156,65.27
20,401,BIKEWO,SM,34000,28000,82.35
20,402,BIOCON,EQ,536689,214265,39.92
20,403,BIOFILCHEM,EQ,33951,21043,61.98
20,404,BIRDYS,SM,1200,1200,100.00
20,405,BIRET,RR,15388,12068,78.42
20,406,BIRLACABLE,EQ,29648,18239,61.52
20,407,BIRLACORPN,EQ,37539,23971,63.86
20,408,BLAL,EQ,27205,18406,67.66
20,409,BLBLIMITED,EQ,42333,25835,61.03
20,410,BLISSGVS,EQ,195424,125443,64.19
20,411,BLKASHYAP,EQ,155376,119355,76.82
20,412,BLS,EQ,1312625,597316,45.51
20,413,BLSE,EQ,56652,38144,67.33
20,414,BLUEDART,EQ,1743,622,35.69
20,415,BLUEJET,EQ,30886,22569,73.07
20,416,BLUEPEBBLE,SM,2800,2800,100.00
20,417,BLUESTARCO,EQ,61888,20407,32.97
20,418,BMETRICS,SM,5600,3200,57.14
20,419,BODALCHEM,EQ,116174,87998,75.75
20,420,BOMDYEING,EQ,543408,276465,50.88
20,421,BOROLTD,EQ,115138,73849,64.14
20,422,BORORENEW,EQ,111966,66679,59.55
20,423,BOROSCI,EQ,46852,34657,73.97
20,424,BOSCHLTD,EQ,3850,1064,27.64
20,425,BOSS,SM,24000,14000,58.33
20,426,BPCL,EQ,710149,338243,47.63
20,427,BPL,EQ,35979,23171,64.40
20,428,BRACEPORT,SM,4800,4800,100.00
20,429,BRIGADE,EQ,658277,55904,8.49
20,430,BRITANNIA,EQ,31706,8911,28.11
20,431,BRNL,EQ,15926,11630,73.03
20,432,BSE,EQ,510955,170764,33.42
20,433,BSE500IETF,EQ,66256,50293,75.91
20,434,BSHSL,EQ,3368,2709,80.43
20,435,BSL,EQ,139305,56569,40.61
20,436,BSLGOLDETF,EQ,89966,67100,74.58
20,437,BSLNIFTY,EQ,131950,109901,83.29
20,438,BSLSENETFG,EQ,1858,1160,62.43
20,439,BSOFT,EQ,354672,183019,51.60
20,440,BTML,EQ,596848,344040,57.64
20,441,BUTTERFLY,EQ,3572,2325,65.09
20,442,BVCL,EQ,16171,11233,69.46
20,443,BYKE,EQ,387014,239716,61.94
20,444,CADSYS,ST,2000,2000,100.00
20,445,CAMLINFINE,EQ,541638,322165,59.48
20,446,CAMPUS,EQ,327665,153190,46.75
20,447,CAMS,EQ,42129,23892,56.71
20,448,CANARYS,SM,152000,128000,84.21
20,449,CANBK,EQ,4211783,2030818,48.22
20,450,CANFINHOME,EQ,71313,43086,60.42
20,451,CANTABIL,EQ,57615,27003,46.87
20,452,CAPACITE,EQ,276048,104595,37.89
20,453,CAPITALSFB,EQ,11775,9511,80.77
20,454,CAPLIPOINT,EQ,23597,12081,51.20
20,455,CARBORUNIV,EQ,5434,2769,50.96
20,456,CARERATING,EQ,65251,43662,66.91
20,457,CARTRADE,EQ,64485,37715,58.49
20,458,CARYSIL,EQ,21711,11260,51.86
20,459,CASTROLIND,EQ,498580,270997,54.35
20,460,CBAZAAR,SM,112000,88000,78.57
20,461,CCHHL,EQ,136678,116636,85.34
20,462,CCL,EQ,26498,17346,65.46
20,463,CDSL,EQ,1203130,612355,50.90
20,464,CEATLTD,EQ,8827,4744,53.74
20,465,CEIGALL,EQ,250584,96214,38.40
20,466,CELEBRITY,EQ,24374,18416,75.56
20,467,CELLECOR,ST,813000,762000,93.73
20,468,CELLO,EQ,20093,11766,58.56
20,469,CELLPOINT,SM,3600,3600,100.00
20,470,CENTENKA,EQ,8904,6898,77.47
20,471,CENTRALBK,EQ,1697525,682540,40.21
20,472,CENTRUM,EQ,184346,148425,80.51
20,473,CENTUM,EQ,3232,1972,61.01
20,474,CENTURYPLY,EQ,10007,5755,57.51
20,475,CERA,EQ,3473,1505,43.33
20,476,CESC,EQ,505681,253976,50.22
20,477,CGCL,EQ,155622,58156,37.37
20,478,CGPOWER,EQ,461391,239865,51.99
20,479,CHALET,EQ,69996,20340,29.06
20,480,CHAMBLFERT,EQ,160144,53808,33.60
20,481,CHAVDA,SM,39000,24000,61.54
20,482,CHEMBOND,EQ,5436,3858,70.97
20,483,CHEMCON,EQ,10288,7864,76.44
20,484,CHEMFAB,EQ,8681,5680,65.43
20,485,CHEMPLASTS,EQ,33185,21193,63.86
20,486,CHENNPETRO,EQ,210231,101002,48.04
20,487,CHETANA,SM,40000,24000,60.00
20,488,CHEVIOT,EQ,995,870,87.44
20,489,CHOICEIN,EQ,238247,133482,56.03
20,490,CHOLAFIN,EQ,98256,46779,47.61
20,491,CHOLAHLDNG,EQ,7251,4048,55.83
20,492,CIEINDIA,EQ,19908,8079,40.58
20,493,CIFCZC28A,N5,1,1,100.00
20,494,CIGNITITEC,EQ,14946,9866,66.01
20,495,CINELINE,EQ,428,237,55.37
20,496,CINEVISTA,EQ,11952,10637,89.00
20,497,CIPLA,EQ,538362,130880,24.31
20,498,CLEAN,EQ,23124,13170,56.95
20,499,CLOUD,ST,42000,40000,95.24
20,500,CLSEL,EQ,29416,19151,65.10
20,501,CMMIPL,ST,3000,3000,100.00
20,502,CMSINFO,EQ,83394,45371,54.41
20,503,COALINDIA,EQ,3095957,1701961,54.97
20,504,COASTCORP,EQ,7460,6034,80.88
20,505,COFORGE,EQ,45540,12214,26.82
20,506,COLPAL,EQ,37917,18922,49.90
20,507,COMMOIETF,EQ,9188,5571,60.63
20,508,COMPUSOFT,EQ,44876,37012,82.48
20,509,COMSYN,EQ,31629,22389,70.79
20,510,CONCOR,EQ,181775,74860,41.18
20,511,CONCORDBIO,EQ,9377,4314,46.01
20,512,CONFIPET,EQ,154577,83569,54.06
20,513,CONS,EQ,1770,1724,97.40
20,514,CONSOFINVT,EQ,2721,1622,59.61
20,515,CONSUMBEES,EQ,44382,33260,74.94
20,516,CONSUMIETF,EQ,8752,6406,73.19
20,517,CONTI,ST,9999,9999,100.00
20,518,CONTROLPR,EQ,17161,12985,75.67
20,519,COOLCAPS,ST,8750,8500,97.14
20,520,CORDSCABLE,EQ,16971,13675,80.58
20,521,COROMANDEL,EQ,60942,35977,59.03
20,522,COSMOFIRST,EQ,6372,3173,49.80
20,523,COUNCODOS,EQ,33651,25173,74.81
20,524,CPS,ST,10800,10200,94.44
20,525,CPSEETF,EQ,427744,302093,70.62
20,526,CRAFTSMAN,EQ,4699,2229,47.44
20,527,CRAYONS,SM,13000,11000,84.62
20,528,CREATIVE,EQ,8975,7438,82.87
20,529,CREDITACC,EQ,28728,18076,62.92
20,530,CREST,EQ,40674,26728,65.71
20,531,CRISIL,EQ,11480,4772,41.57
20,532,CROMPTON,EQ,106035,45366,42.78
20,533,CSBBANK,EQ,34385,23482,68.29
20,534,CSLFINANCE,EQ,32884,29939,91.04
20,535,CUB,EQ,1250707,586513,46.89
20,536,CUBEXTUB,EQ,9144,7006,76.62
20,537,CUMMINSIND,EQ,42900,16218,37.80
20,538,CUPID,EQ,208290,160684,77.14
20,539,CYBERMEDIA,EQ,18160,16252,89.49
20,540,CYIENT,EQ,16726,9308,55.65
20,541,CYIENTDLM,EQ,48863,29504,60.38
20,542,DABUR,EQ,159703,87541,54.81
20,543,DALBHARAT,EQ,10439,4675,44.78
20,544,DALMIASUG,EQ,27431,7527,27.44
20,545,DAMODARIND,EQ,583,321,55.06
20,546,DANGEE,EQ,141249,75386,53.37
20,547,DANISH,ST,19800,19800,100.00
20,548,DATAMATICS,EQ,18981,15461,81.46
20,549,DATAPATTNS,EQ,72806,23214,31.88
20,550,DAVANGERE,EQ,743165,599345,80.65
20,551,DBCORP,EQ,57872,19904,34.39
20,552,DBEIL,EQ,124267,75843,61.03
20,553,DBL,EQ,45882,24423,53.23
20,554,DBOL,EQ,48689,37733,77.50
20,555,DBREALTY,EQ,441416,361886,81.98
20,556,DBSTOCKBRO,EQ,6601,3701,56.07
20,557,DCAL,EQ,79664,54858,68.86
20,558,DCBBANK,EQ,719200,452400,62.90
20,559,DCG,SM,9600,9600,100.00
20,560,DCI,EQ,6455,4819,74.66
20,561,DCMNVL,EQ,2694,1828,67.85
20,562,DCMSHRIRAM,EQ,15386,4865,31.62
20,563,DCMSRIND,EQ,82512,46839,56.77
20,564,DCW,EQ,3877509,1913878,49.36
20,565,DCXINDIA,EQ,494765,331675,67.04
20,566,DECCANCE,EQ,1335,746,55.88
20,567,DECCANTRAN,SM,20400,19200,94.12
20,568,DEEDEV,EQ,91829,59654,64.96
20,569,DEEM,SM,10000,6000,60.00
20,570,DEEPAKFERT,EQ,155621,75482,48.50
20,571,DEEPAKNTR,EQ,37542,14996,39.94
20,572,DEEPINDS,EQ,89478,61777,69.04
20,573,DELAPLEX,SM,3000,2400,80.00
20,574,DELHIVERY,EQ,195211,95326,48.83
20,575,DELPHIFX,EQ,10756,10078,93.70
20,576,DELTACORP,EQ,257509,141707,55.03
20,577,DELTAMAGNT,EQ,1122,895,79.77
20,578,DEN,EQ,378258,249797,66.04
20,579,DENORA,EQ,3066,2338,76.26
20,580,DENTALKART,SM,9750,7000,71.79
20,581,DESTINY,ST,28500,28500,100.00
20,582,DEVIT,EQ,442183,189557,42.87
20,583,DEVYANI,EQ,141799,85748,60.47
20,584,DHAMPURSUG,EQ,94847,59275,62.50
20,585,DHANBANK,EQ,148111,119957,80.99
20,586,DHANI,EQ,872406,612582,70.22
20,587,DHANUKA,EQ,3680,2489,67.64
20,588,DHARIWAL,SM,1200,1200,100.00
20,589,DHARMAJ,EQ,39053,24980,63.96
20,590,DHRUV,EQ,6434,4480,69.63
20,591,DHTL,ST,1600,1600,100.00
20,592,DHUNINV,EQ,2120,1031,48.63
20,593,DIAMINESQ,EQ,4266,3151,73.86
20,594,DIAMONDYD,EQ,28395,20148,70.96
20,595,DIFFNKG,EQ,848038,374938,44.21
20,596,DIGIDRIVE,EQ,17051,15250,89.44
20,597,DIGIKORE,SM,4000,3800,95.00
20,598,DIL,EQ,109986,99136,90.14
20,599,DISHTV,EQ,1697518,766870,45.18
20,600,DIVGIITTS,EQ,23968,20641,86.12
20,601,DIVISLAB,EQ,34122,16566,48.55
20,602,DIVOPPBEES,EQ,42211,26205,62.08
20,603,DIVYADHAN,SM,10000,10000,100.00
20,604,DIXON,EQ,80030,17811,22.26
20,605,DJML,EQ,9065,7224,79.69
20,606,DKEGL,SM,16500,9000,54.55
20,607,DLF,EQ,276864,127955,46.22
20,608,DLINKINDIA,EQ,93517,60937,65.16
20,609,DMART,EQ,67509,36318,53.80
20,610,DMCC,EQ,9276,6812,73.44
20,611,DODLA,EQ,69137,13397,19.38
20,612,DOLATALGO,EQ,273391,193041,70.61
20,613,DOLLAR,EQ,6168,3992,64.72
20,614,DOLLEX,SM,16000,12000,75.00
20,615,DOMS,EQ,43521,11022,25.33
20,616,DPABHUSHAN,EQ,17023,5625,33.04
20,617,DPEL,SM,24000,18000,75.00
20,618,DPSCLTD,EQ,194748,162271,83.32
20,619,DPWIRES,EQ,6825,3975,58.24
20,620,DRCSYSTEMS,EQ,31938,24715,77.38
20,621,DREAMFOLKS,EQ,22947,16270,70.90
20,622,DREDGECORP,EQ,17942,14914,83.12
20,623,DRONE,ST,110000,101000,91.82
20,624,DRREDDY,EQ,540201,274353,50.79
20,625,DSSL,EQ,8001,4798,59.97
20,626,DTIL,EQ,12736,7129,55.98
20,627,DUCOL,SM,4800,4000,83.33
20,628,DUCON,EQ,702037,631513,89.95
20,629,DUGLOBAL,SM,20000,20000,100.00
20,630,DURLAX,SM,12000,10000,83.33
20,631,DVL,EQ,6276,2910,46.37
20,632,DWARKESH,EQ,225715,154315,68.37
20,633,DYCL,EQ,63728,35523,55.74
20,634,DYNAMATECH,EQ,2191,1290,58.88
20,635,DYNAMIC,ST,19000,18500,97.37
20,636,EASEMYTRIP,EQ,7186347,3439358,47.86
20,637,EBANKNIFTY,EQ,415,410,98.80
20,638,EBBETF0425,EQ,239,214,89.54
20,639,EBBETF0430,EQ,4452,3445,77.38
20,640,EBBETF0431,EQ,1710,1702,99.53
20,641,EBBETF0433,EQ,2017,2002,99.26
20,642,ECLERX,EQ,6578,3593,54.62
20,643,ECOSMOBLTY,EQ,24661,11569,46.91
20,644,EDELWEISS,EQ,1044174,663723,63.56
20,645,EFACTOR,SM,36000,32800,91.11
20,646,EFFWA,ST,41600,40800,98.08
20,647,EFORCE,SM,13200,9600,72.73
20,648,EGOLD,EQ,12006,9225,76.84
20,649,EICHERMOT,EQ,79729,19254,24.15
20,650,EIDPARRY,EQ,51802,25871,49.94
20,651,EIHAHOTELS,EQ,37081,20629,55.63
20,652,EIHOTEL,EQ,173353,69930,40.34
20,653,EIMCOELECO,EQ,1804,1489,82.54
20,654,EKC,EQ,188737,103294,54.73
20,655,ELDEHSG,EQ,233,90,38.63
20,656,ELECON,EQ,75841,46232,60.96
20,657,ELECTCAST,EQ,816274,515866,63.20
20,658,ELGIEQUIP,EQ,51704,12638,24.44
20,659,ELGIRUBCO,EQ,116870,71830,61.46
20,660,ELIN,EQ,51544,38146,74.01
20,661,EMAMILTD,EQ,53421,27081,50.69
20,662,EMAMIPAP,EQ,12616,9459,74.98
20,663,EMAMIREAL,EQ,18852,16754,88.87
20,664,EMBASSY,RR,32489,21877,67.34
20,665,EMBDL,EQ,1086976,577967,53.17
20,666,EMCURE,EQ,7901,6027,76.28
20,667,EMIL,EQ,973568,288154,29.60
20,668,EMKAYTOOLS,SM,4650,4050,87.10
20,669,EMMBI,EQ,32224,20966,65.06
20,670,EMMIL,SM,4250,3750,88.24
20,671,EMSLIMITED,EQ,92000,61456,66.80
20,672,EMUDHRA,EQ,48972,22722,46.40
20,673,ENDURANCE,EQ,3208,1834,57.17
20,674,ENERGYDEV,EQ,105978,81391,76.80
20,675,ENFUSE,SM,15600,11400,73.08
20,676,ENGINERSIN,EQ,668742,345452,51.66
20,677,ENIL,EQ,12807,7743,60.46
20,678,ENSER,ST,2500,2500,100.00
20,679,ENTERO,EQ,14992,10043,66.99
20,680,ENVIRO,SM,42000,32000,76.19
20,681,EPIGRAL,EQ,24380,10208,41.87
20,682,EPL,EQ,152345,91958,60.36
20,683,EQUAL50ADD,EQ,2917,1842,63.15
20,684,EQUITASBNK,EQ,616238,469456,76.18
20,685,ERIS,EQ,10235,6172,60.30
20,686,ESABINDIA,EQ,839,504,60.07
20,687,ESAFSFB,EQ,189639,131694,69.44
20,688,ESCONET,ST,14000,13200,94.29
20,689,ESCORTS,EQ,75148,10690,14.23
20,690,ESFL,ST,8100,8100,100.00
20,691,ESG,EQ,3478,3087,88.76
20,692,ESILVER,EQ,3977,3308,83.18
20,693,ESPRIT,SM,20800,19200,92.31
20,694,ESTER,EQ,68414,48732,71.23
20,695,ETHOSLTD,EQ,7948,3798,47.79
20,696,EUREKAFORB,EQ,18970,15984,84.26
20,697,EVEREADY,EQ,25499,11745,46.06
20,698,EVERESTIND,EQ,5750,3051,53.06
20,699,EVINDIA,EQ,300273,255646,85.14
20,700,EXCEL,EQ,16000295,10553981,65.96
20,701,EXCELINDUS,EQ,15506,10299,66.42
20,702,EXICOM,EQ,296992,226340,76.21
20,703,EXIDEIND,EQ,1196012,567793,47.47
20,704,EXPLEOSOL,EQ,3741,2218,59.29
20,705,EXXARO,EQ,20232,13615,67.29
20,706,FACT,EQ,22119,8848,40.00
20,707,FAIRCHEMOR,EQ,8326,7876,94.60
20,708,FAZE3Q,EQ,5229,4456,85.22
20,709,FCL,EQ,78491,38713,49.32
20,710,FCSSOFT,EQ,1598878,1258158,78.69
20,711,FDC,EQ,41434,20072,48.44
20,712,FEDERALBNK,EQ,1541532,618923,40.15
20,713,FEDFINA,EQ,375433,236508,63.00
20,714,FELIX,ST,26000,22500,86.54
20,715,FIBERWEB,EQ,39920,30946,77.52
20,716,FIDEL,SM,2000,2000,100.00
20,717,FIEMIND,EQ,19651,10579,53.83
20,718,FILATEX,EQ,1523209,800150,52.53
20,719,FINCABLES,EQ,33680,10626,31.55
20,720,FINEORG,EQ,3251,1568,48.23
20,721,FINIETF,EQ,57590,56525,98.15
20,722,FINOPB,EQ,35345,24087,68.15
20,723,FINPIPE,EQ,182799,101481,55.52
20,724,FIRSTCRY,EQ,60957,26887,44.11
20,725,FIVESTAR,EQ,471841,180325,38.22
20,726,FLAIR,EQ,11279,4714,41.79
20,727,FLUOROCHEM,EQ,27853,14380,51.63
20,728,FMCGIETF,EQ,151321,141240,93.34
20,729,FMGOETZE,EQ,13272,12129,91.39
20,730,FONEBOX,SM,2000,2000,100.00
20,731,FOODSIN,EQ,56962,35136,61.68
20,732,FORCEMOT,EQ,20011,9111,45.53
20,733,FORGEAUTO,SM,9600,7200,75.00
20,734,FORTIS,EQ,213717,89302,41.79
20,735,FOSECOIND,EQ,206,159,77.18
20,736,FRESHARA,ST,60000,54000,90.00
20,737,FROG,SM,20400,14800,72.55
20,738,FSL,EQ,542216,230347,42.48
20,739,FUSION,EQ,200888,138103,68.75
20,740,GABRIEL,EQ,53765,31106,57.86
20,741,GAEL,EQ,223556,106102,47.46
20,742,GAIL,EQ,2606575,1259115,48.31
20,743,GAJANAND,ST,24000,21000,87.50
20,744,GALAPREC,EQ,38748,14729,38.01
20,745,GALAXYSURF,EQ,1175,747,63.57
20,746,GANDHAR,EQ,140490,98703,70.26
20,747,GANDHITUBE,EQ,7004,5623,80.28
20,748,GANECOS,EQ,12151,6048,49.77
20,749,GANESHBE,EQ,25622,17722,69.17
20,750,GANESHHOUC,EQ,73893,52228,70.68
20,751,GANGAFORGE,EQ,446470,317498,71.11
20,752,GANGESSECU,EQ,20358,16571,81.40
20,753,GARFIBRES,EQ,2215,996,44.97
20,754,GARUDA,EQ,109398,66697,60.97
20,755,GATEWAY,EQ,191658,97479,50.86
20,756,GEECEE,EQ,4979,3495,70.19
20,757,GENCON,EQ,24840,20461,82.37
20,758,GENESYS,EQ,143062,79243,55.39
20,759,GENSOL,EQ,55911,41422,74.09
20,760,GENUSPAPER,EQ,84793,60442,71.28
20,761,GENUSPOWER,EQ,176124,132029,74.96
20,762,GEOJITFSL,EQ,206401,123615,59.89
20,763,GEPIL,EQ,120839,70476,58.32
20,764,GESHIP,EQ,40454,24593,60.79
20,765,GGBL,SM,27000,21000,77.78
20,766,GHCL,EQ,40400,17586,43.53
20,767,GHCLTEXTIL,EQ,210434,121609,57.79
20,768,GICHSGFIN,EQ,42626,28458,66.76
20,769,GICL,SM,4500,3000,66.67
20,770,GICRE,EQ,54464,26136,47.99
20,771,GILLANDERS,EQ,3248,2091,64.38
20,772,GILLETTE,EQ,12994,2409,18.54
20,773,GILT5YBEES,EQ,83016,59108,71.20
20,774,GINNIFILA,EQ,43506,28292,65.03
20,775,GIPCL,EQ,108320,61663,56.93
20,776,GIRIRAJ,SM,250,250,100.00
20,777,GKWLIMITED,EQ,255,221,86.67
20,778,GLAND,EQ,20971,11823,56.38
20,779,GLAXO,EQ,6923,3820,55.18
20,780,GLENMARK,EQ,46387,12309,26.54
20,781,GLOBAL,EQ,16154,9990,61.84
20,782,GLOBALPET,SM,7500,4500,60.00
20,783,GLOBE,EQ,920176,837853,91.05
20,784,GLOBUSSPR,EQ,22563,14336,63.54
20,785,GLOSTERLTD,EQ,632,498,78.80
20,786,GLS,EQ,16598,10126,61.01
20,787,GMBREW,EQ,13334,9135,68.51
20,788,GMDCLTD,EQ,519207,328074,63.19
20,789,GMMPFAUDLR,EQ,12002,7624,63.52
20,790,GMRINFRA,EQ,2173451,1014558,46.68
20,791,GMRP&UI,EQ,501596,390342,77.82
20,792,GNA,EQ,5001,3461,69.21
20,793,GNFC,EQ,44186,17851,40.40
20,794,GOACARBON,EQ,16401,5702,34.77
20,795,GOCLCORP,EQ,6620,4754,71.81
20,796,GOCOLORS,EQ,2968,1630,54.92
20,797,GODAVARIB,EQ,451367,255781,56.67
20,798,GODFRYPHLP,EQ,8859,4243,47.89
20,799,GODHA,EQ,2143417,1840118,85.85
20,800,GODIGIT,EQ,59395,24227,40.79
20,801,GODREJAGRO,EQ,33421,22263,66.61
20,802,GODREJCP,EQ,40519,15407,38.02
20,803,GODREJIND,EQ,11950,6558,54.88
20,804,GODREJPROP,EQ,25589,8534,33.35
20,805,GOKEX,EQ,25380,11551,45.51
20,806,GOKUL,EQ,47139,31407,66.63
20,807,GOKULAGRO,EQ,47427,34682,73.13
20,808,GOLD1,EQ,505192,423735,83.88
20,809,GOLDBEES,EQ,10737626,8948593,83.34
20,810,GOLDCASE,EQ,1658257,1268900,76.52
20,811,GOLDETF,EQ,235062,207627,88.33
20,812,GOLDETFADD,EQ,22734,20154,88.65
20,813,GOLDIAM,EQ,117154,69128,59.01
20,814,GOLDIETF,EQ,1887764,1557048,82.48
20,815,GOLDKART,ST,625,625,100.00
20,816,GOLDSHARE,EQ,156272,143266,91.68
20,817,GOLDSTAR,SM,11250,11250,100.00
20,818,GOODLUCK,EQ,33057,18924,57.25
20,819,GOPAL,EQ,248625,125552,50.50
20,820,GOYALALUM,EQ,216310,150134,69.41
20,821,GOYALSALT,SM,17400,15000,86.21
20,822,GPECO,SM,10800,7200,66.67
20,823,GPIL,EQ,472651,270859,57.31
20,824,GPPL,EQ,157923,95407,60.41
20,825,GPTHEALTH,EQ,38925,21431,55.06
20,826,GPTINFRA,EQ,128411,86215,67.14
20,827,GRANULES,EQ,197109,58669,29.76
20,828,GRAPHISAD,ST,7200,6000,83.33
20,829,GRAPHITE,EQ,89615,54257,60.54
20,830,GRASIM,EQ,62294,20574,33.03
20,831,GRASIMPP1,E1,595,355,59.66
20,832,GRAVITA,EQ,132103,56598,42.84
20,833,GREAVESCOT,EQ,492300,268298,54.50
20,834,GREENCHEF,SM,9600,7200,75.00
20,835,GREENLAM,EQ,21727,13619,62.68
20,836,GREENPANEL,EQ,27209,15697,57.69
20,837,GREENPLY,EQ,32221,15546,48.25
20,838,GREENPOWER,EQ,1312183,941826,71.78
20,839,GRETEX,ST,3000,3000,100.00
20,840,GRINDWELL,EQ,10801,2230,20.65
20,841,GRINFRA,EQ,5359,2495,46.56
20,842,GRMOVER,EQ,25950,18340,70.67
20,843,GROWWDEFNC,EQ,138776,79659,57.40
20,844,GROWWEV,EQ,282205,234907,83.24
20,845,GROWWGOLD,EQ,350569,225368,64.29
20,846,GROWWLIQID,EQ,59205,45182,76.31
20,847,GRPLTD,EQ,3407,1729,50.75
20,848,GRSE,EQ,170192,90520,53.19
20,849,GRWRHITECH,EQ,16086,9087,56.49
20,850,GSEC10YEAR,EQ,128,128,100.00
20,851,GSEC5IETF,EQ,178,176,98.88
20,852,GSFC,EQ,206176,111397,54.03
20,853,GSLSU,EQ,161085,66758,41.44
20,854,GSMFOILS,ST,8000,6000,75.00
20,855,GSPL,EQ,89308,54453,60.97
20,856,GSS,EQ,12347,8063,65.30
20,857,GSTL,SM,108000,106000,98.15
20,858,GTL,EQ,319409,232553,72.81
20,859,GTLINFRA,EQ,11993523,8728650,72.78
20,860,GTPL,EQ,16636,13856,83.29
20,861,GUFICBIO,EQ,28906,21387,73.99
20,862,GUJALKALI,EQ,19394,9166,47.26
20,863,GUJGASLTD,EQ,52406,26437,50.45
20,864,GUJRAFFIA,EQ,1482,1481,99.93
20,865,GULFOILLUB,EQ,17082,9125,53.42
20,866,GULFPETRO,EQ,79683,54021,67.79
20,867,GULPOLY,EQ,36345,24861,68.40
20,868,GVPTECH,EQ,49515,45469,91.83
20,869,HAL,EQ,170153,91966,54.05
20,870,HAPPSTMNDS,EQ,60123,38823,64.57
20,871,HAPPYFORGE,EQ,2424,1568,64.69
20,872,HARDWYN,EQ,352404,166620,47.28
20,873,HARIOMPIPE,EQ,24125,17554,72.76
20,874,HARSHA,EQ,33727,23877,70.79
20,875,HATHWAY,EQ,913390,554927,60.75
20,876,HATSUN,EQ,4826,2973,61.60
20,877,HAVELLS,EQ,64766,32022,49.44
20,878,HBLPOWER,EQ,194087,107901,55.59
20,879,HCC,EQ,4848267,2593452,53.49
20,880,HCG,EQ,24652,15165,61.52
20,881,HCLTECH,EQ,242223,97349,40.19
20,882,HDFCAMC,EQ,55312,20842,37.68
20,883,HDFCBANK,EQ,879846,311374,35.39
20,884,HDFCBSE500,EQ,16722,12621,75.48
20,885,HDFCGOLD,EQ,1575110,1150568,73.05
20,886,HDFCGROWTH,EQ,4683,3908,83.45
20,887,HDFCLIFE,EQ,198743,83874,42.20
20,888,HDFCLOWVOL,EQ,11037,9360,84.81
20,889,HDFCMID150,EQ,118956,95240,80.06
20,890,HDFCMOMENT,EQ,234244,114567,48.91
20,891,HDFCNEXT50,EQ,22613,19013,84.08
20,892,HDFCNIF100,EQ,23382,20974,89.70
20,893,HDFCNIFBAN,EQ,37000,27657,74.75
20,894,HDFCNIFIT,EQ,8887,7188,80.88
20,895,HDFCNIFTY,EQ,26637,20423,76.67
20,896,HDFCPSUBK,EQ,8948,8763,97.93
20,897,HDFCPVTBAN,EQ,33157,24966,75.30
20,898,HDFCQUAL,EQ,4620,3324,71.95
20,899,HDFCSENSEX,EQ,15039,7291,48.48
20,900,HDFCSILVER,EQ,663608,520262,78.40
20,901,HDFCSML250,EQ,208152,170860,82.08
20,902,HDFCVALUE,EQ,3566,3430,96.19
20,903,HEADSUP,EQ,15744,8655,54.97
20,904,HEALTHADD,EQ,423,335,79.20
20,905,HEALTHIETF,EQ,20966,16888,80.55
20,906,HEALTHY,EQ,139188,121300,87.15
20,907,HECPROJECT,EQ,45954,32747,71.26
20,908,HEG,EQ,104168,60350,57.94
20,909,HEIDELBERG,EQ,71091,43832,61.66
20,910,HEMIPROP,EQ,132282,89233,67.46
20,911,HERANBA,EQ,62250,45835,73.63
20,912,HERCULES,EQ,44481,29255,65.77
20,913,HERITGFOOD,EQ,72268,55929,77.39
20,914,HEROMOTOCO,EQ,49631,15680,31.59
20,915,HESTERBIO,EQ,812,606,74.63
20,916,HEUBACHIND,EQ,6203,3854,62.13
20,917,HEXATRADEX,EQ,3216,1521,47.29
20,918,HFCL,EQ,4093134,1614971,39.46
20,919,HGINFRA,EQ,25694,12379,48.18
20,920,HGS,EQ,9151,5726,62.57
20,921,HIGREEN,ST,23200,20800,89.66
20,922,HIKAL,EQ,96700,58112,60.10
20,923,HIL,EQ,1710,1266,74.04
20,924,HILTON,EQ,188247,157231,83.52
20,925,HIMATSEIDE,EQ,611590,429782,70.27
20,926,HINDALCO,EQ,472898,212722,44.98
20,927,HINDCOMPOS,EQ,2624,1994,75.99
20,928,HINDCON,EQ,27872,23047,82.69
20,929,HINDCOPPER,EQ,1148722,626010,54.50
20,930,HINDOILEXP,EQ,124658,62034,49.76
20,931,HINDPETRO,EQ,505687,190933,37.76
20,932,HINDUNILVR,EQ,118532,62230,52.50
20,933,HINDWAREAP,EQ,34491,30547,88.57
20,934,HINDZINC,EQ,570057,378914,66.47
20,935,HIRECT,EQ,40050,31561,78.80
20,936,HISARMETAL,EQ,2772,2606,94.01
20,937,HITECH,EQ,213511,137967,64.62
20,938,HITECHCORP,EQ,6231,5121,82.19
20,939,HLEGLAS,EQ,86428,32957,38.13
20,940,HLVLTD,EQ,464444,306007,65.89
20,941,HMAAGRO,EQ,1406636,1272528,90.47
20,942,HMVL,EQ,6626,3935,59.39
20,943,HNDFDS,EQ,19182,11198,58.38
20,944,HNGSNGBEES,EQ,192808,144465,74.93
20,945,HOACFOODS,SM,2250,1500,66.67
20,946,HOLMARC,SM,84000,48000,57.14
20,947,HOMEFIRST,EQ,20443,9517,46.55
20,948,HOMESFY,SM,300,300,100.00
20,949,HONASA,EQ,105878,63231,59.72
20,950,HONAUT,EQ,1331,524,39.37
20,951,HONDAPOWER,EQ,1567,359,22.91
20,952,HPAL,EQ,37343,31721,84.94
20,953,HPIL,EQ,1469,1185,80.67
20,954,HPL,EQ,36642,26419,72.10
20,955,HRHNEXT,ST,10500,10500,100.00
20,956,HSCL,EQ,217583,130481,59.97
20,957,HTMEDIA,EQ,78187,58599,74.95
20,958,HUDCO,EQ,1258527,731927,58.16
20,959,HUHTAMAKI,EQ,29612,21011,70.95
20,960,HVAX,SM,1500,1500,100.00
20,961,HYUNDAI,EQ,158166,100898,63.79
20,962,IBLFL,ST,2000,2000,100.00
20,963,ICDSLTD,EQ,2809,2806,99.89
20,964,ICEMAKE,EQ,34316,20546,59.87
20,965,ICICIB22,EQ,116574,88463,75.89
20,966,ICICIBANK,EQ,1007022,340097,33.77
20,967,ICICIGI,EQ,35076,14346,40.90
20,968,ICICIPRULI,EQ,69849,19398,27.77
20,969,ICIL,EQ,96134,46287,48.15
20,970,ICRA,EQ,3246,2024,62.35
20,971,IDBI,EQ,1272944,704215,55.32
20,972,IDEA,EQ,248654298,100529868,40.43
20,973,IDEAFORGE,EQ,61675,44978,72.93
20,974,IDEALTECHO,SM,40000,27000,67.50
20,975,IDFCFIRSTB,EQ,15377877,6327511,41.15
20,976,IDFNIFTYET,EQ,452,413,91.37
20,977,IEL,EQ,403246,301846,74.85
20,978,IEML,SM,4500,3500,77.78
20,979,IEX,EQ,1352003,636206,47.06
20,980,IFBAGRO,EQ,4281,3398,79.37
20,981,IFBIND,EQ,32169,21263,66.10
20,982,IFCI,EQ,2786474,1544125,55.42
20,983,IFGLEXPOR,EQ,3259,2069,63.49
20,984,IGARASHI,EQ,33527,16622,49.58
20,985,IGL,EQ,178609,82897,46.41
20,986,IGPL,EQ,6981,4858,69.59
20,987,IIFL,EQ,1240926,660998,53.27
20,988,IIFLSEC,EQ,298138,181348,60.83
20,989,IIFLZC28,NG,464,464,100.00
20,990,IKIO,EQ,45361,21494,47.38
20,991,IMAGICAA,EQ,354925,262233,73.88
20,992,IMC1,N3,200,200,100.00
20,993,IMFA,EQ,52715,32670,61.97
20,994,IMPAL,EQ,994,789,79.38
20,995,INDBANK,EQ,14360,9987,69.55
20,996,INDGN,EQ,103961,63648,61.22
20,997,INDHOTEL,EQ,221089,79955,36.16
20,998,INDIACEM,EQ,170717,101085,59.21
20,999,INDIAGLYCO,EQ,37954,24893,65.59
20,1000,INDIAMART,EQ,105769,52640,49.77
20,1001,INDIANB,EQ,153263,64931,42.37
20,1002,INDIANCARD,EQ,3092,2448,79.17
20,1003,INDIANHUME,EQ,11431,7614,66.61
20,1004,INDIASHLTR,EQ,30309,15127,49.91
20,1005,INDIGO,EQ,79727,35965,45.11
20,1006,INDIGOPNTS,EQ,57158,34910,61.08
20,1007,INDIGRID,IV,61832,53906,87.18
20,1008,INDNIPPON,EQ,4750,3195,67.26
20,1009,INDOAMIN,EQ,49597,27452,55.35
20,1010,INDOBORAX,EQ,119166,50661,42.51
20,1011,INDOCO,EQ,21841,12561,57.51
20,1012,INDORAMA,EQ,43871,34470,78.57
20,1013,INDOSTAR,EQ,49588,40008,80.68
20,1014,INDOUS,EQ,3118,2062,66.13
20,1015,INDOWIND,EQ,73681,59363,80.57
20,1016,INDRAMEDCO,EQ,79665,53924,67.69
20,1017,INDSWFTLTD,EQ,51682,35080,67.88
20,1018,INDTERRAIN,EQ,34284,26736,77.98
20,1019,INDUSINDBK,EQ,441083,229068,51.93
20,1020,INDUSTOWER,EQ,756568,288414,38.12
20,1021,INFIBEAM,EQ,2783479,1727698,62.07
20,1022,INFINIUM,ST,2000,2000,100.00
20,1023,INFOBEAN,EQ,6319,5212,82.48
20,1024,INFOLLION,SM,22800,22800,100.00
20,1025,INFRABEES,EQ,4815,3950,82.04
20,1026,INFRAIETF,EQ,39361,29836,75.80
20,1027,INFY,EQ,371966,177843,47.81
20,1028,INGERRAND,EQ,1568,721,45.98
20,1029,INNOMET,SM,4800,4800,100.00
20,1030,INNOVACAP,EQ,21179,14439,68.18
20,1031,INNOVANA,SM,32400,27000,83.33
20,1032,INOXGREEN,EQ,446566,246929,55.30
20,1033,INOXINDIA,EQ,26405,15974,60.50
20,1034,INOXWIND,EQ,1544645,789594,51.12
20,1035,INSECTICID,EQ,6758,4449,65.83
20,1036,INSPIRE,SM,4000,4000,100.00
20,1037,INTELLECT,EQ,47024,25119,53.42
20,1038,INTERARCH,EQ,118824,50788,42.74
20,1039,INTLCONV,EQ,69373,47802,68.91
20,1040,INVENTURE,EQ,1335186,1098370,82.26
20,1041,IOB,EQ,1712565,704585,41.14
20,1042,IOC,EQ,4076745,2317250,56.84
20,1043,IOLCP,EQ,49729,33378,67.12
20,1044,IONEXCHANG,EQ,113133,67316,59.50
20,1045,IPCALAB,EQ,39326,18823,47.86
20,1046,IPL,EQ,33391,22743,68.11
20,1047,IPSL,ST,1500,1000,66.67
20,1048,IRB,EQ,5559435,2902769,52.21
20,1049,IRBINVIT,IV,88081,87288,99.10
20,1050,IRCON,EQ,1118767,638119,57.04
20,1051,IRCTC,EQ,353630,138178,39.07
20,1052,IREDA,EQ,1570071,948011,60.38
20,1053,IRFC,EQ,10418053,3313303,31.80
20,1054,IRISDOREME,EQ,16528,11687,70.71
20,1055,IRMENERGY,EQ,22489,17291,76.89
20,1056,ISEC,EQ,31840,14337,45.03
20,1057,ISGEC,EQ,7782,3892,50.01
20,1058,ISHAN,ST,864000,720000,83.33
20,1059,IT,EQ,54507,35076,64.35
20,1060,ITALIANE,ST,6000,6000,100.00
20,1061,ITBEES,EQ,1453062,1149524,79.11
20,1062,ITC,EQ,1461602,781794,53.49
20,1063,ITDC,EQ,4411,2703,61.28
20,1064,ITDCEM,EQ,144662,84903,58.69
20,1065,ITETF,EQ,54712,45481,83.13
20,1066,ITETFADD,EQ,5457,3845,70.46
20,1067,ITI,EQ,66754,34082,51.06
20,1068,ITIETF,EQ,97884,87646,89.54
20,1069,IVC,EQ,478929,389550,81.34
20,1070,IVP,EQ,13937,9935,71.29
20,1071,IVZINGOLD,EQ,154,113,73.38
20,1072,IVZINNIFTY,EQ,1,1,100.00
20,1073,IXIGO,EQ,101004,57707,57.13
20,1074,JAGRAN,EQ,44263,32525,73.48
20,1075,JAGSNPHARM,EQ,94340,51474,54.56
20,1076,JAIBALAJI,EQ,16222,11845,73.02
20,1077,JAICORPLTD,EQ,86383,54944,63.61
20,1078,JAINAM,SM,1000,1000,100.00
20,1079,JAIPURKURT,EQ,11967,8417,70.34
20,1080,JALAN,SM,15000,12000,80.00
20,1081,JAMNAAUTO,EQ,417487,279603,66.97
20,1082,JASH,EQ,75463,51547,68.31
20,1083,JAYAGROGN,EQ,6751,4221,62.52
20,1084,JAYBARMARU,EQ,384865,187877,48.82
20,1085,JAYBEE,SM,107000,77000,71.96
20,1086,JAYNECOIND,EQ,63315,39526,62.43
20,1087,JAYSREETEA,EQ,98127,47952,48.87
20,1088,JBCHEPHARM,EQ,24802,11894,47.96
20,1089,JBMA,EQ,26373,14263,54.08
20,1090,JCHAC,EQ,10879,3871,35.58
20,1091,JEYYAM,SM,42000,28000,66.67
20,1092,JGCHEM,EQ,48340,28511,58.98
20,1093,JHS,EQ,141187,117955,83.55
20,1094,JINDALPHOT,EQ,4872,2375,48.75
20,1095,JINDALPOLY,EQ,9002,5350,59.43
20,1096,JINDALSAW,EQ,571551,260978,45.66
20,1097,JINDALSTEL,EQ,228890,114186,49.89
20,1098,JINDRILL,EQ,34365,25681,74.73
20,1099,JINDWORLD,EQ,6573,2752,41.87
20,1100,JIOFIN,EQ,4366260,2725351,62.42
20,1101,JISLDVREQS,EQ,44069,31081,70.53
20,1102,JISLJALEQS,EQ,3553910,2147722,60.43
20,1103,JITFINFRA,EQ,34192,26889,78.64
20,1104,JIWANRAM,SM,6000,6000,100.00
20,1105,J&KBANK,EQ,766272,465313,60.72
20,1106,JKCEMENT,EQ,6892,2904,42.14
20,1107,JKIL,EQ,60153,36768,61.12
20,1108,JKLAKSHMI,EQ,55397,36902,66.61
20,1109,JKPAPER,EQ,89887,42918,47.75
20,1110,JKTYRE,EQ,111200,76432,68.73
20,1111,JLHL,EQ,4194,2087,49.76
20,1112,JMA,EQ,5586,4958,88.76
20,1113,JMFINANCIL,EQ,2382498,898308,37.70
20,1114,JNKINDIA,EQ,13602,6845,50.32
20,1115,JOCIL,EQ,3101,1959,63.17
20,1116,JPOLYINVST,EQ,4728,2477,52.39
20,1117,JPPOWER,EQ,11468088,6658855,58.06
20,1118,JSFB,EQ,19854,9771,49.21
20,1119,JSL,EQ,41185,20639,50.11
20,1120,JSLL,SM,9090,7200,79.21
20,1121,JSWENERGY,EQ,211642,117869,55.69
20,1122,JSWHL,EQ,1289,593,46.00
20,1123,JSWINFRA,EQ,951226,647161,68.03
20,1124,JSWSTEEL,EQ,136508,44733,32.77
20,1125,JTEKTINDIA,EQ,36000,18947,52.63
20,1126,JTLIND,EQ,275639,157773,57.24
20,1127,JUBLFOOD,EQ,160706,60976,37.94
20,1128,JUBLINGREA,EQ,40514,21327,52.64
20,1129,JUBLPHARMA,EQ,303678,105225,34.65
20,1130,JUNIORBEES,EQ,101799,65333,64.18
20,1131,JUNIPER,EQ,10650,6718,63.08
20,1132,JUSTDIAL,EQ,32576,15204,46.67
20,1133,JWL,EQ,410057,183033,44.64
20,1134,JYOTHYLAB,EQ,175267,73871,42.15
20,1135,JYOTICNC,EQ,17423,9330,53.55
20,1136,JYOTISTRUC,EQ,11213482,7648552,68.21
20,1137,K2INFRA,SM,18600,13800,74.19
20,1138,KABRAEXTRU,EQ,50123,29606,59.07
20,1139,KAJARIACER,EQ,17472,9242,52.90
20,1140,KAKATCEM,EQ,2483,2141,86.23
20,1141,KALAMANDIR,EQ,131205,95641,72.89
20,1142,KALANA,SM,22000,16000,72.73
20,1143,KALYANIFRG,EQ,210,181,86.19
20,1144,KALYANKJIL,EQ,1003182,336310,33.52
20,1145,KAMATHOTEL,EQ,38681,32840,84.90
20,1146,KAMDHENU,EQ,63967,30194,47.20
20,1147,KANANIIND,EQ,325446,277585,85.29
20,1148,KANORICHEM,EQ,32510,16858,51.85
20,1149,KANPRPLA,EQ,621,535,86.15
20,1150,KANSAINER,EQ,103666,76996,74.27
20,1151,KAPSTON,EQ,4167,2452,58.84
20,1152,KARMAENG,EQ,6584,5036,76.49
20,1153,KARNIKA,ST,1600,1600,100.00
20,1154,KARURVYSYA,EQ,387329,237917,61.43
20,1155,KATARIA,SM,10200,9600,94.12
20,1156,KAUSHALYA,EQ,434,361,83.18
20,1157,KAYNES,EQ,81095,32617,40.22
20,1158,KBCGLOBAL,EQ,8595436,3635189,42.29
20,1159,KCEIL,SM,15000,13500,90.00
20,1160,KCK,ST,2500,2500,100.00
20,1161,KCP,EQ,73077,43293,59.24
20,1162,KDDL,EQ,6900,5750,83.33
20,1163,KDL,ST,2250,2250,100.00
20,1164,KEC,EQ,77926,35707,45.82
20,1165,KECL,EQ,162394,111638,68.75
20,1166,KEI,EQ,15397,7329,47.60
20,1167,KEL,ST,1200,1200,100.00
20,1168,KELLTONTEC,EQ,487144,290987,59.73
20,1169,KERNEX,EQ,29449,21968,74.60
20,1170,KESORAMIND,EQ,24157,13037,53.97
20,1171,KFINTECH,EQ,133624,79409,59.43
20,1172,KHADIM,EQ,5996,3075,51.28
20,1173,KHAICHEM,EQ,64934,31799,48.97
20,1174,KHANDSE,EQ,17978,9975,55.48
20,1175,KHFM,SM,9300,7750,83.33
20,1176,KILITCH,EQ,2235,1559,69.75
20,1177,KIMS,EQ,96591,42201,43.69
20,1178,KINGFA,EQ,1439,1228,85.34
20,1179,KIOCL,EQ,24747,17979,72.65
20,1180,KIRIINDUS,EQ,279534,218896,78.31
20,1181,KIRLOSBROS,EQ,190292,85047,44.69
20,1182,KIRLOSENG,EQ,14905,8010,53.74
20,1183,KIRLOSIND,EQ,1000,659,65.90
20,1184,KIRLPNU,EQ,89732,44837,49.97
20,1185,KITEX,EQ,134548,134398,99.89
20,1186,KKCL,EQ,6553,4140,63.18
20,1187,KKVAPOW,SM,156,156,100.00
20,1188,KLL,SM,10400,8800,84.62
20,1189,KMSUGAR,EQ,35378,21254,60.08
20,1190,KNAGRI,ST,11200,11200,100.00
20,1191,KNRCON,EQ,115500,74796,64.76
20,1192,KODYTECH,SM,1250,900,72.00
20,1193,KOHINOOR,EQ,35995,26860,74.62
20,1194,KOKUYOCMLN,EQ,27366,15993,58.44
20,1195,KOLTEPATIL,EQ,27875,16734,60.03
20,1196,KONSTELEC,SM,27000,25000,92.59
20,1197,KONTOR,ST,6000,6000,100.00
20,1198,KOPRAN,EQ,179370,89621,49.96
20,1199,KORE,SM,1000,1000,100.00
20,1200,KOTAKBANK,EQ,182489,69988,38.35
20,1201,KOTARISUG,EQ,37895,28580,75.42
20,1202,KOTHARIPET,EQ,31644,19172,60.59
20,1203,KOTYARK,SM,23500,17600,74.89
20,1204,KPIGREEN,EQ,245068,152475,62.22
20,1205,KPIL,EQ,62221,19622,31.54
20,1206,KPITTECH,EQ,264384,161633,61.14
20,1207,KPRMILL,EQ,33532,13171,39.28
20,1208,KRBL,EQ,153505,102212,66.59
20,1209,KRIDHANINF,EQ,37657,27640,73.40
20,1210,KRISHANA,EQ,5204,3872,74.40
20,1211,KRISHCA,SM,9000,9000,100.00
20,1212,KRISHIVAL,SM,500,500,100.00
20,1213,KRISHNADEF,ST,9500,8750,92.11
20,1214,KRN,EQ,224338,145536,64.87
20,1215,KRONOX,EQ,124554,86664,69.58
20,1216,KROSS,EQ,341776,163327,47.79
20,1217,KRSNAA,EQ,30914,17735,57.37
20,1218,KRYSTAL,EQ,217146,98999,45.59
20,1219,KSB,EQ,24214,14799,61.12
20,1220,KSCL,EQ,14086,8705,61.80
20,1221,KSHITIJPOL,EQ,1987724,1309005,65.85
20,1222,KSL,EQ,23477,11621,49.50
20,1223,KSOLVES,EQ,12076,9779,80.98
20,1224,KTKBANK,EQ,232166,166297,71.63
20,1225,KTL,ST,3000,3000,100.00
20,1226,KUANTUM,EQ,23442,18376,78.39
20,1227,LAGNAM,EQ,19225,11585,60.26
20,1228,LAKSHYA,ST,117600,111200,94.56
20,1229,LALPATHLAB,EQ,19966,5806,29.08
20,1230,LAMBODHARA,EQ,12534,7535,60.12
20,1231,LANCORHOL,EQ,52555,47425,90.24
20,1232,LANDMARK,EQ,13480,7627,56.58
20,1233,LAOPALA,EQ,25553,13664,53.47
20,1234,LATENTVIEW,EQ,45384,28374,62.52
20,1235,LAURUSLABS,EQ,534811,233988,43.75
20,1236,LAWSIKHO,SM,9000,6000,66.67
20,1237,LAXMICOT,EQ,41357,26199,63.35
20,1238,LEMERITE,ST,20800,20800,100.00
20,1239,LEMONTREE,EQ,790667,468934,59.31
20,1240,LEXUS,EQ,71547,52390,73.22
20,1241,LGBBROSLTD,EQ,14802,12524,84.61
20,1242,LIBAS,EQ,26736,17061,63.81
20,1243,LICHSGFIN,EQ,194439,76803,39.50
20,1244,LICI,EQ,153297,106388,69.40
20,1245,LICMFGOLD,EQ,1918,1519,79.20
20,1246,LICNETFGSC,EQ,904,853,94.36
20,1247,LICNETFN50,EQ,866,713,82.33
20,1248,LICNETFSEN,EQ,10,8,80.00
20,1249,LICNFNHGP,EQ,260,177,68.08
20,1250,LICNMID100,EQ,15547,15408,99.11
20,1251,LIKHITHA,EQ,22705,17807,78.43
20,1252,LINC,EQ,6694,5796,86.59
20,1253,LINCOLN,EQ,31579,23419,74.16
20,1254,LINDEINDIA,EQ,14466,6929,47.90
20,1255,LIQUID,EQ,16974,8919,52.55
20,1256,LIQUID1,EQ,1973,1973,100.00
20,1257,LIQUIDADD,EQ,5654,3678,65.05
20,1258,LIQUIDBEES,EQ,743711,686494,92.31
20,1259,LIQUIDBETF,EQ,1,1,100.00
20,1260,LIQUIDCASE,EQ,1916413,1791300,93.47
20,1261,LIQUIDETF,EQ,24708,20121,81.44
20,1262,LIQUIDIETF,EQ,51094,31235,61.13
20,1263,LIQUIDSBI,EQ,1757,1707,97.15
20,1264,LIQUIDSHRI,EQ,6314,5760,91.23
20,1265,LLOYDS,SM,2000,2000,100.00
20,1266,LLOYDSENGG,EQ,942084,510530,54.19
20,1267,LLOYDSENT,EQ,758588,548785,72.34
20,1268,LLOYDSME,EQ,81331,51796,63.69
20,1269,LMW,EQ,916,706,77.07
20,1270,LODHA,EQ,99911,47444,47.49
20,1271,LOKESHMACH,EQ,20056,14859,74.09
20,1272,LORDSCHLO,EQ,22720,17597,77.45
20,1273,LOWVOL,EQ,464,451,97.20
20,1274,LOWVOL1,EQ,10603,9635,90.87
20,1275,LOWVOLIETF,EQ,170857,145542,85.18
20,1276,LOYALTEX,EQ,727,508,69.88
20,1277,LPDC,EQ,23421,17187,73.38
20,1278,LT,EQ,212796,102915,48.36
20,1279,LTF,EQ,2638735,1525791,57.82
20,1280,LTFOODS,EQ,158310,85806,54.20
20,1281,LTGILTBEES,EQ,476422,436488,91.62
20,1282,LTIM,EQ,23678,7717,32.59
20,1283,LTTS,EQ,16557,8762,52.92
20,1284,LUMAXIND,EQ,871,569,65.33
20,1285,LUMAXTECH,EQ,11975,6868,57.35
20,1286,LUPIN,EQ,60791,23382,38.46
20,1287,LUXIND,EQ,7403,3561,48.10
20,1288,LXCHEM,EQ,395234,239451,60.58
20,1289,LYKALABS,EQ,18373,13346,72.64
20,1290,MAANALU,EQ,565808,329630,58.26
20,1291,MACOBSTECH,SM,5600,1600,28.57
20,1292,MACPOWER,EQ,6648,5538,83.30
20,1293,MADHAV,EQ,4004,2369,59.17
20,1294,MADHUSUDAN,SM,8000,7000,87.50
20,1295,MADRASFERT,EQ,54649,37193,68.06
20,1296,MAFANG,EQ,266539,177670,66.66
20,1297,MAGADSUGAR,EQ,4531,2900,64.00
20,1298,MAGNUM,EQ,53361,42336,79.34
20,1299,MAGSON,SM,2000,2000,100.00
20,1300,MAHABANK,EQ,4086792,2434107,59.56
20,1301,MAHEPC,EQ,5649,3789,67.07
20,1302,MAHESHWARI,EQ,29532,22400,75.85
20,1303,MAHICKRA,SM,2250,2250,100.00
20,1304,MAHKTECH,EQ,161391,161346,99.97
20,1305,MAHLIFE,EQ,45792,28083,61.33
20,1306,MAHLOG,EQ,44162,28937,65.52
20,1307,MAHSEAMLES,EQ,128076,90253,70.47
20,1308,MAITHANALL,EQ,14245,10011,70.28
20,1309,MAITREYA,ST,4800,4800,100.00
20,1310,MAKEINDIA,EQ,25009,24206,96.79
20,1311,MAL,SM,30400,6400,21.05
20,1312,MALUPAPER,EQ,66705,26749,40.10
20,1313,MANAKALUCO,EQ,38535,32673,84.79
20,1314,MANAKCOAT,EQ,27654,18669,67.51
20,1315,MANAKSIA,EQ,19998,12714,63.58
20,1316,MANAKSTEEL,EQ,63261,33518,52.98
20,1317,MANALIPETC,EQ,90727,61065,67.31
20,1318,MANAPPURAM,EQ,3003570,1397892,46.54
20,1319,MANBA,EQ,97708,78219,80.05
20,1320,MANCREDIT,EQ,17768,3444,19.38
20,1321,MANDEEP,SM,8000,8000,100.00
20,1322,MANGALAM,EQ,5055,3917,77.49
20,1323,MANGCHEFER,EQ,112099,75556,67.40
20,1324,MANGLMCEM,EQ,12948,9198,71.04
20,1325,MANINDS,EQ,118059,91644,77.63
20,1326,MANINFRA,EQ,626458,267157,42.65
20,1327,MANKIND,EQ,44944,15709,34.95
20,1328,MANORAMA,EQ,27116,23113,85.24
20,1329,MANUGRAPH,EQ,2551,1984,77.77
20,1330,MANYAVAR,EQ,16838,9196,54.61
20,1331,MAPMYINDIA,EQ,19956,15080,75.57
20,1332,MARALOVER,EQ,46766,23912,51.13
20,1333,MARATHON,EQ,17203,12338,71.72
20,1334,MARCO,SM,15000,12000,80.00
20,1335,MARICO,EQ,224128,72949,32.55
20,1336,MARINE,EQ,80715,80714,100.00
20,1337,MARKSANS,EQ,422566,228476,54.07
20,1338,MARSHALL,EQ,23181,14680,63.33
20,1339,MARUTI,EQ,65670,18833,28.68
20,1340,MASFIN,EQ,35623,15286,42.91
20,1341,MASON,SM,26000,18000,69.23
20,1342,MASPTOP50,EQ,43657,36251,83.04
20,1343,MASTEK,EQ,17205,12090,70.27
20,1344,MASTER,ST,1500,1000,66.67
20,1345,MATRIMONY,EQ,4351,2408,55.34
20,1346,MAWANASUG,EQ,25520,20109,78.80
20,1347,MAXESTATES,EQ,13343,8320,62.35
20,1348,MAXHEALTH,EQ,85775,33804,39.41
20,1349,MAXIND,EQ,33135,24514,73.98
20,1350,MAXPOSURE,SM,6000,6000,100.00
20,1351,MAYURUNIQ,EQ,7266,5911,81.35
20,1352,MAZDA,EQ,1532,1036,67.62
20,1353,MAZDOCK,EQ,221888,62553,28.19
20,1354,MBAPL,EQ,7108,4938,69.47
20,1355,MCL,EQ,26799,17068,63.69
20,1356,MCLEODRUSS,EQ,244226,209887,85.94
20,1357,MCON,SM,5000,3000,60.00
20,1358,MCX,EQ,64995,18709,28.79
20,1359,MDL,SM,1000,1000,100.00
20,1360,MEDANTA,EQ,65236,38972,59.74
20,1361,MEDIASSIST,EQ,38837,25894,66.67
20,1362,MEDICAMEQ,EQ,7919,4709,59.46
20,1363,MEDICO,EQ,192903,137490,71.27
20,1364,MEDIORG,ST,14000,14000,100.00
20,1365,MEDPLUS,EQ,22346,14192,63.51
20,1366,MEGAFLEX,ST,6000,6000,100.00
20,1367,MEGASTAR,EQ,9723,8739,89.88
20,1368,MEGATHERM,SM,8800,7600,86.36
20,1369,MENONBE,EQ,9805,7826,79.82
20,1370,METAL,EQ,57108,43403,76.00
20,1371,METALIETF,EQ,918305,734899,80.03
20,1372,METROBRAND,EQ,14830,7628,51.44
20,1373,METROPOLIS,EQ,3158,1171,37.08
20,1374,MFSL,EQ,44174,11855,26.84
20,1375,MGEL,EQ,111469,93450,83.83
20,1376,MGL,EQ,57486,26812,46.64
20,1377,MHHL,SM,105000,99000,94.29
20,1378,MHLXMIRU,EQ,3535,2577,72.90
20,1379,MHRIL,EQ,22886,13666,59.71
20,1380,MICEL,EQ,799554,488475,61.09
20,1381,MICROPRO,SM,3200,3200,100.00
20,1382,MID150BEES,EQ,152038,119342,78.49
20,1383,MID150CASE,EQ,310601,278739,89.74
20,1384,MIDCAP,EQ,9214,7951,86.29
20,1385,MIDCAPETF,EQ,692883,504188,72.77
20,1386,MIDCAPIETF,EQ,204336,160846,78.72
20,1387,MIDHANI,EQ,129306,62160,48.07
20,1388,MIDQ50ADD,EQ,1745,1019,58.40
20,1389,MIDSELIETF,EQ,66410,47379,71.34
20,1390,MIDSMALL,EQ,41156,36679,89.12
20,1391,MIEL,ST,12000,12000,100.00
20,1392,MINDACORP,EQ,41398,21877,52.85
20,1393,MINDSPACE,RR,45278,30081,66.44
20,1394,MIRZAINT,EQ,48932,35174,71.88
20,1395,MITCON,EQ,5401,4511,83.52
20,1396,MITCONPP,E1,611,556,91.00
20,1397,MITTAL,EQ,1144814,901592,78.75
20,1398,M&M,EQ,1061709,184024,17.33
20,1399,M&MFIN,EQ,212130,76187,35.92
20,1400,M&MFIN,N3,250,250,100.00
20,1401,MMFL,EQ,8632,5767,66.81
20,1402,MMTC,EQ,469437,206494,43.99
20,1403,MNC,EQ,54564,52296,95.84
20,1404,MODEFENCE,EQ,156436,136113,87.01
20,1405,MOGSEC,EQ,892,513,57.51
20,1406,MOHEALTH,EQ,34062,28378,83.31
20,1407,MOHITIND,EQ,39347,31212,79.32
20,1408,MOIL,EQ,137464,77399,56.30
20,1409,MOL,EQ,785540,499589,63.60
20,1410,MOLDTECH,EQ,59007,31454,53.31
20,1411,MOLDTKPAC,EQ,181569,59706,32.88
20,1412,MOLOWVOL,EQ,2272,2261,99.52
20,1413,MOM100,EQ,146339,89413,61.10
20,1414,MOM30IETF,EQ,379493,326052,85.92
20,1415,MOM50,EQ,2392,1737,72.62
20,1416,MOMENTUM,EQ,40958,36374,88.81
20,1417,MOMENTUM50,EQ,107977,88352,81.82
20,1418,MOMOMENTUM,EQ,57381,44193,77.02
20,1419,MON100,EQ,228127,156483,68.59
20,1420,MONARCH,EQ,100235,58394,58.26
20,1421,MONIFTY500,EQ,162019,152519,94.14
20,1422,MONQ50,EQ,27603,21653,78.44
20,1423,MONTECARLO,EQ,4384,2347,53.54
20,1424,MOQUALITY,EQ,2790,1690,60.57
20,1425,MOREALTY,EQ,21370,18258,85.44
20,1426,MOREPENLAB,EQ,2039318,1094705,53.68
20,1427,MOS,ST,14800,14400,97.30
20,1428,MOSMALL250,EQ,258151,223193,86.46
20,1429,MOTHERSON,EQ,1732099,910862,52.59
20,1430,MOTILALOFS,EQ,1195516,419391,35.08
20,1431,MOTOGENFIN,EQ,9235,6836,74.02
20,1432,MOVALUE,EQ,24453,21749,88.94
20,1433,MOXSH,SM,6400,3200,50.00
20,1434,MPHASIS,EQ,54169,14980,27.65
20,1435,MPSLTD,EQ,2006,1471,73.33
20,1436,MRF,EQ,927,408,44.01
20,1437,MRO-TEK,EQ,8956,7742,86.44
20,1438,MRPL,EQ,471013,187988,39.91
20,1439,MSTCLTD,EQ,50928,23618,46.38
20,1440,MSUMI,EQ,828932,527426,63.63
20,1441,MTARTECH,EQ,31476,17359,55.15
20,1442,MTNL,EQ,642777,439748,68.41
20,1443,MUFIN,EQ,319695,133437,41.74
20,1444,MUFTI,EQ,132793,80150,60.36
20,1445,MUKANDLTD,EQ,21188,14107,66.58
20,1446,MUKKA,EQ,439812,314717,71.56
20,1447,MULTICAP,EQ,38112,36752,96.43
20,1448,MUNJALAU,EQ,113303,66616,58.79
20,1449,MUNJALSHOW,EQ,14179,9212,64.97
20,1450,MURUDCERA,EQ,12790,10583,82.74
20,1451,MUTHOOTCAP,EQ,48263,24247,50.24
20,1452,MUTHOOTFIN,EQ,26412,6681,25.30
20,1453,MUTHOOTMF,EQ,39362,28721,72.97
20,1454,MVGJL,EQ,115066,82209,71.45
20,1455,MWL,SM,7200,6000,83.33
20,1456,MYMUDRA,SM,3600,2400,66.67
20,1457,NACLIND,EQ,33485,22959,68.57
20,1458,NAGAFERT,EQ,334206,262898,78.66
20,1459,NAGREEKCAP,EQ,844,843,99.88
20,1460,NAHARCAP,EQ,2297,1537,66.91
20,1461,NAHARINDUS,EQ,12824,6938,54.10
20,1462,NAHARSPING,EQ,11149,6539,58.65
20,1463,NAMAN,ST,4000,4000,100.00
20,1464,NAM-INDIA,EQ,177784,97411,54.79
20,1465,NAMOEWASTE,SM,118400,83200,70.27
20,1466,NARMADA,EQ,141432,132540,93.71
20,1467,NATCOPHARM,EQ,146976,93398,63.55
20,1468,NATHBIOGEN,EQ,10224,7636,74.69
20,1469,NATIONALUM,EQ,2170889,759347,34.98
20,1470,NAUKRI,EQ,10734,3253,30.31
20,1471,NAVA,EQ,30210,15298,50.64
20,1472,NAVINFLUOR,EQ,13038,6886,52.81
20,1473,NAVINIFTY,EQ,22,22,100.00
20,1474,NAVKARCORP,EQ,270886,138274,51.05
20,1475,NAVNETEDUL,EQ,38303,31192,81.43
20,1476,NAZARA,EQ,126175,93288,73.94
20,1477,NBCC,EQ,4001836,1827688,45.67
20,1478,NBIFIN,EQ,353,341,96.60
20,1479,NCC,EQ,2692573,840236,31.21
20,1480,NCLIND,EQ,29247,23900,81.72
20,1481,NDLVENTURE,EQ,10976,6711,61.14
20,1482,NDRAUTO,EQ,7478,5132,68.63
20,1483,NDTV,EQ,27421,17745,64.71
20,1484,NECCLTD,EQ,576746,509819,88.40
20,1485,NELCAST,EQ,22504,14469,64.30
20,1486,NELCO,EQ,20952,10949,52.26
20,1487,NEOGEN,EQ,39073,21867,55.96
20,1488,NEPHROCARE,ST,8400,7600,90.48
20,1489,NESCO,EQ,29641,20148,67.97
20,1490,NESTLEIND,EQ,121614,68950,56.70
20,1491,NETF,EQ,2147,2008,93.53
20,1492,NETWEB,EQ,35201,24878,70.67
20,1493,NETWORK18,EQ,863682,376070,43.54
20,1494,NEULANDLAB,EQ,3868,2028,52.43
20,1495,NEWGEN,EQ,42895,28814,67.17
20,1496,NEWJAISA,SM,21000,19500,92.86
20,1497,NEXT50,EQ,6157,4736,76.92
20,1498,NEXT50IETF,EQ,162453,117167,72.12
20,1499,NFL,EQ,311017,164651,52.94
20,1500,NGIL,EQ,7573,3923,51.80
20,1501,NGLFINE,EQ,657,502,76.41
20,1502,NH,EQ,252624,115591,45.76
20,1503,NHPC,EQ,4821257,2708854,56.19
20,1504,NIACL,EQ,239086,117365,49.09
20,1505,NIDAN,SM,1000,1000,100.00
20,1506,NIF100BEES,EQ,13567,11070,81.60
20,1507,NIF100IETF,EQ,115059,75472,65.59
20,1508,NIF10GETF,EQ,107,104,97.20
20,1509,NIFITETF,EQ,191,184,96.34
20,1510,NIFMID150,EQ,402,379,94.28
20,1511,NIFTY1,EQ,15813,13085,82.75
20,1512,NIFTY50ADD,EQ,6025,3818,63.37
20,1513,NIFTYBEES,EQ,1875788,1450649,77.34
20,1514,NIFTYBETF,EQ,1720,1481,86.10
20,1515,NIFTYETF,EQ,73353,70216,95.72
20,1516,NIFTYIETF,EQ,86873,79012,90.95
20,1517,NIFTYQLITY,EQ,57223,49256,86.08
20,1518,NIITLTD,EQ,956593,477117,49.88
20,1519,NIITMTS,EQ,9532,6539,68.60
20,1520,NILAINFRA,EQ,457546,344261,75.24
20,1521,NILKAMAL,EQ,4576,2633,57.54
20,1522,NINSYS,EQ,17585,12256,69.70
20,1523,NIPPOBATRY,EQ,3081,1879,60.99
20,1524,NIRMAN,ST,13500,12000,88.89
20,1525,NITINSPIN,EQ,70274,44792,63.74
20,1526,NITIRAJ,EQ,8103,7673,94.69
20,1527,NLCINDIA,EQ,185859,102882,55.35
20,1528,NMDC,EQ,946019,383980,40.59
20,1529,NOCIL,EQ,72039,39552,54.90
20,1530,NOIDATOLL,EQ,53433,48183,90.17
20,1531,NORTHARC,EQ,208995,137307,65.70
20,1532,NPBET,EQ,366,280,76.50
20,1533,NPST,SM,12350,10150,82.19
20,1534,NRAIL,EQ,10935,8199,74.98
20,1535,NRBBEARING,EQ,248450,64195,25.84
20,1536,NSLNISP,EQ,965592,584677,60.55
20,1537,NTPC,EQ,2145479,1122036,52.30
20,1538,NUCLEUS,EQ,10692,8537,79.84
20,1539,NURECA,EQ,5148,3785,73.52
20,1540,NUVAMA,EQ,33763,21153,62.65
20,1541,NUVOCO,EQ,140979,86056,61.04
20,1542,NV20,EQ,8014,6405,79.92
20,1543,NV20BEES,EQ,8863,4920,55.51
20,1544,NV20IETF,EQ,284249,206722,72.73
20,1545,NXST,RR,21534,13329,61.90
20,1546,NYKAA,EQ,358858,161146,44.91
20,1547,OAL,EQ,19035,14880,78.17
20,1548,OBCL,EQ,3021,2227,73.72
20,1549,OBEROIRLTY,EQ,51784,19190,37.06
20,1550,OBSCP,ST,74400,74400,100.00
20,1551,OCCL,EQ,21170,14865,70.22
20,1552,OFSS,EQ,14599,5919,40.54
20,1553,OIL,EQ,418453,166591,39.81
20,1554,OILIETF,EQ,626087,600191,95.86
20,1555,OLAELEC,EQ,7901472,3527475,44.64
20,1556,OLECTRA,EQ,145605,84693,58.17
20,1557,OLIL,SM,16800,16800,100.00
20,1558,OMAXAUTO,EQ,13863,11798,85.10
20,1559,OMAXE,EQ,20875,15320,73.39
20,1560,OMINFRAL,EQ,59032,46572,78.89
20,1561,ONDOOR,SM,1500,900,60.00
20,1562,ONEPOINT,EQ,162469,120149,73.95
20,1563,ONGC,EQ,2955757,1153217,39.02
20,1564,ONMOBILE,EQ,122710,71124,57.96
20,1565,ONWARDTEC,EQ,12902,9305,72.12
20,1566,ORBTEXP,EQ,6862,3695,53.85
20,1567,ORCHPHARMA,EQ,8686,4495,51.75
20,1568,ORIANA,SM,45600,28650,62.83
20,1569,ORICONENT,EQ,58929,39199,66.52
20,1570,ORIENTBELL,EQ,2822,1670,59.18
20,1571,ORIENTCEM,EQ,235176,136595,58.08
20,1572,ORIENTCER,EQ,99031,50228,50.72
20,1573,ORIENTELEC,EQ,37444,16197,43.26
20,1574,ORIENTHOT,EQ,72332,46534,64.33
20,1575,ORIENTLTD,EQ,4172,3545,84.97
20,1576,ORIENTPPR,EQ,172470,114742,66.53
20,1577,ORIENTTECH,EQ,377201,272035,72.12
20,1578,ORISSAMINE,EQ,2212,1228,55.52
20,1579,ORTINGLOBE,EQ,7609,5280,69.39
20,1580,OSELDEVICE,SM,196800,135200,68.70
20,1581,OSWALGREEN,EQ,1578128,497641,31.53
20,1582,OWAIS,SM,19000,15000,78.95
20,1583,PAGEIND,EQ,934,328,35.12
20,1584,PAISALO,EQ,276447,204177,73.86
20,1585,PAKKA,EQ,40788,21329,52.29
20,1586,PALASHSECU,EQ,693691,132691,19.13
20,1587,PANAMAPET,EQ,16346,10404,63.65
20,1588,PANSARI,EQ,1893,1873,98.94
20,1589,PAR,EQ,338032,174082,51.50
20,1590,PARACABLES,EQ,346378,249530,72.04
20,1591,PARADEEP,EQ,2083143,928814,44.59
20,1592,PARAGMILK,EQ,258450,157771,61.05
20,1593,PARAGON,SM,6000,3600,60.00
20,1594,PARAS,EQ,73387,46845,63.83
20,1595,PARIN,ST,1000,1000,100.00
20,1596,PARKHOTELS,EQ,83591,67170,80.36
20,1597,PARTYCRUS,SM,4000,3000,75.00
20,1598,PASHUPATI,ST,200,200,100.00
20,1599,PATANJALI,EQ,58528,40484,69.17
20,1600,PATELENG,EQ,1222590,809532,66.21
20,1601,PATINTLOG,EQ,81630,54210,66.41
20,1602,PATTECH,ST,1500,1500,100.00
20,1603,PAYTM,EQ,1376476,475857,34.57
20,1604,PCBL,EQ,2578719,859802,33.34
20,1605,PCCL,SM,14400,9600,66.67
20,1606,PDMJEPAPER,EQ,199503,140783,70.57
20,1607,PDSL,EQ,15679,10847,69.18
20,1608,PEARLPOLY,EQ,61441,38315,62.36
20,1609,PEL,EQ,105311,37971,36.06
20,1610,PELATRO,SM,12000,11400,95.00
20,1611,PENIND,EQ,373099,221274,59.31
20,1612,PENINLAND,EQ,74054,54327,73.36
20,1613,PENTAGON,SM,6000,6000,100.00
20,1614,PERSISTENT,EQ,44938,15887,35.35
20,1615,PETRONET,EQ,119856,61512,51.32
20,1616,PFC,EQ,901996,425728,47.20
20,1617,PFIZER,EQ,4214,3040,72.14
20,1618,PFOCUS,EQ,9661,6701,69.36
20,1619,PFS,EQ,196378,136011,69.26
20,1620,PGEL,EQ,255188,144024,56.44
20,1621,PGHH,EQ,872,408,46.79
20,1622,PGHL,EQ,1871,897,47.94
20,1623,PGIL,EQ,7666,4816,62.82
20,1624,PGINVIT,IV,388760,318329,81.88
20,1625,PHANTOMFX,SM,9000,8700,96.67
20,1626,PHARMABEES,EQ,1248504,1055924,84.58
20,1627,PHOENIXLTD,EQ,42893,11716,27.31
20,1628,PHOGLOBAL,ST,16000,14000,87.50
20,1629,PIDILITIND,EQ,16000,7916,49.48
20,1630,PIIND,EQ,13158,5176,39.34
20,1631,PILITA,EQ,272538,215445,79.05
20,1632,PIONEEREMB,EQ,5839,4424,75.77
20,1633,PITTIENG,EQ,13275,7695,57.97
20,1634,PIXTRANS,EQ,15792,11164,70.69
20,1635,PKTEA,EQ,542,525,96.86
20,1636,PLATIND,EQ,149522,81195,54.30
20,1637,PLAZACABLE,EQ,13615,10051,73.82
20,1638,PNB,EQ,23647421,14431891,61.03
20,1639,PNBGILTS,EQ,206463,127289,61.65
20,1640,PNBHOUSING,EQ,113717,58362,51.32
20,1641,PNC,EQ,25005,6824,27.29
20,1642,PNCINFRA,EQ,129548,87010,67.16
20,1643,PNGJL,EQ,105548,79860,75.66
20,1644,POCL,EQ,124659,74240,59.55
20,1645,PODDARMENT,EQ,8489,6531,76.93
20,1646,POKARNA,EQ,10191,5658,55.52
20,1647,POLICYBZR,EQ,31497,13203,41.92
20,1648,POLYCAB,EQ,26757,11643,43.51
20,1649,POLYMED,EQ,209668,35481,16.92
20,1650,POLYPLEX,EQ,18166,11398,62.74
20,1651,PONNIERODE,EQ,5829,3645,62.53
20,1652,POONAWALLA,EQ,922708,315025,34.14
20,1653,POSITRON,ST,12000,11700,97.50
20,1654,POWERGRID,EQ,847672,431742,50.93
20,1655,POWERINDIA,EQ,4695,1970,41.96
20,1656,POWERMECH,EQ,25979,10365,39.90
20,1657,PPAP,EQ,6108,5005,81.94
20,1658,PPL,EQ,57914,32183,55.57
20,1659,PPLPHARMA,EQ,10920318,1732496,15.86
20,1660,PPSL,SM,12000,12000,100.00
20,1661,PRAJIND,EQ,136987,61303,44.75
20,1662,PRAKASH,EQ,183071,119074,65.04
20,1663,PRAKASHSTL,EQ,349046,243534,69.77
20,1664,PRAMARA,SM,3000,3000,100.00
20,1665,PRANIK,SM,24000,22400,93.33
20,1666,PRATHAM,ST,9200,9200,100.00
20,1667,PRECAM,EQ,115913,64758,55.87
20,1668,PRECISION,SM,6000,6000,100.00
20,1669,PRECOT,EQ,435,350,80.46
20,1670,PRECWIRE,EQ,112473,56860,50.55
20,1671,PREMEXPLN,EQ,48241,40179,83.29
20,1672,PREMIERENE,EQ,1301411,539879,41.48
20,1673,PREMIUM,ST,45000,45000,100.00
20,1674,PRESSTONIC,SM,4800,4000,83.33
20,1675,PRESTIGE,EQ,70555,27509,38.99
20,1676,PRICOLLTD,EQ,67646,29360,43.40
20,1677,PRIMESECU,EQ,40985,30733,74.99
20,1678,PRINCEPIPE,EQ,66768,43860,65.69
20,1679,PRITI,EQ,16829,8856,52.62
20,1680,PRITIKA,ST,81000,78000,96.30
20,1681,PRITIKAUTO,EQ,786061,364078,46.32
20,1682,PRIVISCL,EQ,28193,17069,60.54
20,1683,PRIZOR,ST,11200,11200,100.00
20,1684,PRLIND,SM,6000,6000,100.00
20,1685,PROLIFE,SM,2000,2000,100.00
20,1686,PROPEQUITY,SM,3600,3600,100.00
20,1687,PROV,SM,240,240,100.00
20,1688,PROZONER,EQ,58558,46555,79.50
20,1689,PRSMJOHNSN,EQ,124876,52937,42.39
20,1690,PRUDENT,EQ,255864,18911,7.39
20,1691,PSB,EQ,605104,462149,76.38
20,1692,PSFL,SM,28000,22000,78.57
20,1693,PSPPROJECT,EQ,34493,23114,67.01
20,1694,PSUBANK,EQ,3828,2686,70.17
20,1695,PSUBANKADD,EQ,16454,14795,89.92
20,1696,PSUBNKBEES,EQ,459348,388882,84.66
20,1697,PSUBNKIETF,EQ,36044,29724,82.47
20,1698,PTC,EQ,406032,240221,59.16
20,1699,PTCIL,EQ,2369,1720,72.60
20,1700,PTL,EQ,22616,16849,74.50
20,1701,PULZ,ST,6000,6000,100.00
20,1702,PUNJABCHEM,EQ,1227,803,65.44
20,1703,PURVA,EQ,11071,9468,85.52
20,1704,PURVFLEXI,SM,8800,8000,90.91
20,1705,PVRINOX,EQ,79539,24148,30.36
20,1706,PVSL,EQ,17199,12262,71.29
20,1707,PVTBANIETF,EQ,526775,474866,90.15
20,1708,PVTBANKADD,EQ,28190,24653,87.45
20,1709,PYRAMID,EQ,80375,53376,66.41
20,1710,QFIL,SM,21000,21000,100.00
20,1711,QGOLDHALF,EQ,31342,24016,76.63
20,1712,QMSMEDI,SM,5000,4000,80.00
20,1713,QNIFTY,EQ,221,105,47.51
20,1714,QUAL30IETF,EQ,59421,56046,94.32
20,1715,QUESS,EQ,50247,21406,42.60
20,1716,QUESTLAB,SM,3600,3600,100.00
20,1717,QUICKHEAL,EQ,30100,16090,53.46
20,1718,QUICKTOUCH,SM,500,500,100.00
20,1719,QVCEL,ST,3200,3200,100.00
20,1720,RACE,EQ,22046,14100,63.96
20,1721,RADIANTCMS,EQ,33493,24257,72.42
20,1722,RADICO,EQ,29747,13366,44.93
20,1723,RADIOCITY,EQ,111460,70900,63.61
20,1724,RADIOCITY,P1,2215,1209,54.58
20,1725,RADIOWALLA,SM,3200,3200,100.00
20,1726,RAILTEL,EQ,302475,139188,46.02
20,1727,RAIN,EQ,308236,220362,71.49
20,1728,RAINBOW,EQ,142749,37386,26.19
20,1729,RAJESHEXPO,EQ,119585,51851,43.36
20,1730,RAJINDLTD,SM,13500,13500,100.00
20,1731,RAJMET,EQ,392974,336736,85.69
20,1732,RAJRATAN,EQ,12850,7263,56.52
20,1733,RAJSREESUG,EQ,30691,16853,54.91
20,1734,RALLIS,EQ,305202,140399,46.00
20,1735,RAMANEWS,EQ,27538,22137,80.39
20,1736,RAMAPHO,EQ,10218,7476,73.17
20,1737,RAMASTEEL,EQ,9757650,4547015,46.60
20,1738,RAMCOCEM,EQ,122577,70791,57.75
20,1739,RAMCOIND,EQ,47062,33478,71.14
20,1740,RAMCOSYS,EQ,8937,6769,75.74
20,1741,RAMKY,EQ,21036,16462,78.26
20,1742,RAMRAT,EQ,14444,8853,61.29
20,1743,RANASUG,EQ,102469,61311,59.83
20,1744,RANEHOLDIN,EQ,2172,1613,74.26
20,1745,RAPPID,SM,600,600,100.00
20,1746,RATEGAIN,EQ,153197,94086,61.42
20,1747,RATNAMANI,EQ,1748,791,45.25
20,1748,RAYMOND,EQ,32539,19387,59.58
20,1749,RAYMONDLSL,EQ,26650,17579,65.96
20,1750,RBA,EQ,368826,254212,68.92
20,1751,RBLBANK,EQ,4784082,2161813,45.19
20,1752,RBMINFRA,ST,13400,11200,83.58
20,1753,RBS,SM,68800,48000,69.77
20,1754,RCDL,SM,6000,6000,100.00
20,1755,RCF,EQ,325812,165876,50.91
20,1756,RECLTD,EQ,985145,486431,49.38
20,1757,REDINGTON,EQ,781770,246352,31.51
20,1758,REDTAPE,EQ,43088,20033,46.49
20,1759,REFRACTORY,ST,1000,1000,100.00
20,1760,RELAXO,EQ,11089,5397,48.67
20,1761,RELCHEMQ,EQ,1563,1237,79.14
20,1762,RELIABLE,EQ,1136,958,84.33
20,1763,RELIANCE,EQ,2127335,1496974,70.37
20,1764,RELIGARE,EQ,224916,117974,52.45
20,1765,REMSONSIND,EQ,43928,35793,81.48
20,1766,REMUS,SM,550,500,90.91
20,1767,RENUKA,EQ,1865748,995062,53.33
20,1768,REPCOHOME,EQ,30792,16880,54.82
20,1769,REPL,EQ,20254,10963,54.13
20,1770,REPRO,EQ,1968,1399,71.09
20,1771,RESPONIND,EQ,52854,11185,21.16
20,1772,RGL,EQ,393234,219474,55.81
20,1773,RHIM,EQ,19958,12934,64.81
20,1774,RHL,EQ,1988,1602,80.58
20,1775,RICOAUTO,EQ,123149,68644,55.74
20,1776,RIIL,EQ,31805,17574,55.26
20,1777,RILINFRA,ST,2600,2600,100.00
20,1778,RISHABH,EQ,16978,13392,78.88
20,1779,RITCO,EQ,63860,45454,71.18
20,1780,RITES,EQ,192596,112370,58.34
20,1781,RKEC,EQ,55590,39784,71.57
20,1782,RKFORGE,EQ,46942,31629,67.38
20,1783,RKSWAMY,EQ,13005,9382,72.14
20,1784,RMDRIP,ST,1500,1500,100.00
20,1785,RML,EQ,4894,3685,75.30
20,1786,RNFI,SM,43200,42000,97.22
20,1787,ROCKINGDCE,SM,4750,1500,31.58
20,1788,ROHLTD,EQ,26579,15663,58.93
20,1789,ROLEXRINGS,EQ,1403,1092,77.83
20,1790,ROML,EQ,5569,2265,40.67
20,1791,ROSSARI,EQ,13678,8134,59.47
20,1792,ROTO,EQ,33459,22368,66.85
20,1793,ROUTE,EQ,10533,6829,64.83
20,1794,ROXHITECH,SM,17600,16000,90.91
20,1795,RPEL,EQ,13982,8866,63.41
20,1796,RPGLIFE,EQ,9734,3611,37.10
20,1797,RPPL,EQ,51122,43804,85.69
20,1798,RPSGVENT,EQ,8827,6296,71.33
20,1799,RPTECH,EQ,180334,131167,72.74
20,1800,RRKABEL,EQ,15153,6145,40.55
20,1801,RSWM,EQ,32294,26364,81.64
20,1802,RSYSTEMS,EQ,39811,29558,74.25
20,1803,RTNINDIA,EQ,4761631,1158982,24.34
20,1804,RTNPOWER,EQ,5523439,4330982,78.41
20,1805,RUBFILA,EQ,33510,25369,75.71
20,1806,RUBYMILLS,EQ,9697,7199,74.24
20,1807,RUCHIRA,EQ,43502,31277,71.90
20,1808,RULKA,SM,20100,18000,89.55
20,1809,RUPA,EQ,27879,22816,81.84
20,1810,RUSHIL,EQ,1373111,964889,70.27
20,1811,RUSTOMJEE,EQ,3869,2546,65.81
20,1812,RVHL,EQ,23816,21303,89.45
20,1813,RVNL,EQ,1408627,523930,37.19
20,1814,SAAKSHI,SM,7200,7200,100.00
20,1815,SABAR,SM,35000,35000,100.00
20,1816,SADBHAV,EQ,819415,710849,86.75
20,1817,SADBHIN,EQ,71259,58952,82.73
20,1818,SADHAV,SM,4800,3000,62.50
20,1819,SADHNANIQ,EQ,73150,53546,73.20
20,1820,SAFARI,EQ,9717,5273,54.27
20,1821,SAGARDEEP,EQ,6198,3612,58.28
20,1822,SAGCEM,EQ,6551,4433,67.67
20,1823,SAH,EQ,167352,42579,25.44
20,1824,SAHAJ,SM,8000,8000,100.00
20,1825,SAHAJSOLAR,ST,24600,22800,92.68
20,1826,SAHANA,SM,2500,1875,75.00
20,1827,SAHASRA,SM,156000,89600,57.44
20,1828,SAHYADRI,EQ,9160,7271,79.38
20,1829,SAIFL,SM,1600,1600,100.00
20,1830,SAIL,EQ,4260519,2700195,63.38
20,1831,SAJHOTELS,SM,14000,10000,71.43
20,1832,SAKAR,EQ,7185,5768,80.28
20,1833,SAKHTISUG,EQ,69492,42083,60.56
20,1834,SAKSOFT,EQ,174285,94534,54.24
20,1835,SALASAR,EQ,1135286,795428,70.06
20,1836,SALONA,EQ,3723,2689,72.23
20,1837,SALSTEEL,EQ,89106,52317,58.71
20,1838,SALZERELEC,EQ,30177,18988,62.92
20,1839,SAMBHAAV,EQ,70225,49050,69.85
20,1840,SAMHI,EQ,164172,108139,65.87
20,1841,SAMMAANCAP,EQ,538893,325687,60.44
20,1842,SAMPANN,EQ,29009,24650,84.97
20,1843,SANDESH,EQ,594,430,72.39
20,1844,SANDHAR,EQ,47861,31639,66.11
20,1845,SANDUMA,EQ,25009,16422,65.66
20,1846,SANGAMIND,EQ,6557,5173,78.89
20,1847,SANGANI,ST,3000,3000,100.00
20,1848,SANGHIIND,EQ,624089,457396,73.29
20,1849,SANGHVIMOV,EQ,87018,61781,71.00
20,1850,SANGINITA,EQ,41576,34808,83.72
20,1851,SANOFI,EQ,1525,701,45.97
20,1852,SANOFICONR,EQ,445,356,80.00
20,1853,SANSERA,EQ,41653,22083,53.02
20,1854,SANSTAR,EQ,341651,198459,58.09
20,1855,SAPPHIRE,EQ,20757,12743,61.39
20,1856,SARDAEN,EQ,83086,38232,46.01
20,1857,SAREGAMA,EQ,233370,90972,38.98
20,1858,SARTELE,SM,46500,37500,80.65
20,1859,SARVESHWAR,EQ,4970733,3660166,73.63
20,1860,SASKEN,EQ,6006,5034,83.82
20,1861,SASTASUNDR,EQ,57449,34394,59.87
20,1862,SATECH,ST,108000,91000,84.26
20,1863,SATIA,EQ,268192,217633,81.15
20,1864,SATIN,EQ,78541,54212,69.02
20,1865,SATINDLTD,EQ,318323,202579,63.64
20,1866,SATIPOLY,SM,2000,2000,100.00
20,1867,SAURASHCEM,EQ,51374,37009,72.04
20,1868,SBC,EQ,677123,181782,26.85
20,1869,SBCL,EQ,31206,19854,63.62
20,1870,SBFC,EQ,842915,444111,52.69
20,1871,SBGLP,EQ,195673,80340,41.06
20,1872,SBICARD,EQ,175967,75438,42.87
20,1873,SBIETFCON,EQ,3198,2992,93.56
20,1874,SBIETFIT,EQ,1763,1323,75.04
20,1875,SBIETFPB,EQ,2898,2257,77.88
20,1876,SBIETFQLTY,EQ,2153,1322,61.40
20,1877,SBILIFE,EQ,53886,21821,40.49
20,1878,SBIN,EQ,1637141,685668,41.88
20,1879,SBINEQWETF,EQ,14345,10741,74.88
20,1880,SBISILVER,EQ,37463,35202,93.96
20,1881,SCHAEFFLER,EQ,5567,3026,54.36
20,1882,SCHAND,EQ,29991,22973,76.60
20,1883,SCHNEIDER,EQ,48643,31913,65.61
20,1884,SCI,EQ,556216,268032,48.19
20,1885,SCILAL,EQ,2688216,1047491,38.97
20,1886,SCLZC25B,AT,44,44,100.00
20,1887,SCML,SM,4000,4000,100.00
20,1888,SDBL,EQ,187986,130166,69.24
20,1889,SDL26BEES,EQ,360,356,98.89
20,1890,SDREAMS,SM,28000,26000,92.86
20,1891,SEAMECLTD,EQ,5025,4492,89.39
20,1892,SECMARK,EQ,2032,1400,68.90
20,1893,SECURKLOUD,EQ,25763,20516,79.63
20,1894,SEL,ST,1000,1000,100.00
20,1895,SELAN,EQ,24087,16163,67.10
20,1896,SENCO,EQ,95257,48846,51.28
20,1897,SENSEXADD,EQ,1160,912,78.62
20,1898,SENSEXETF,EQ,8882,6945,78.19
20,1899,SENSEXIETF,EQ,1373,1104,80.41
20,1900,SEPC,EQ,5773490,4081378,70.69
20,1901,SERVICE,SM,14000,10000,71.43
20,1902,SERVOTECH,EQ,659695,434914,65.93
20,1903,SESHAPAPER,EQ,6075,3958,65.15
20,1904,SETCO,EQ,44543,38821,87.15
20,1905,SETF10GILT,EQ,1121,1080,96.34
20,1906,SETFGOLD,EQ,1014806,749985,73.90
20,1907,SETFNIF50,EQ,138614,112334,81.04
20,1908,SETFNIFBK,EQ,8548,6029,70.53
20,1909,SETFNN50,EQ,20455,13557,66.28
20,1910,SFL,EQ,59288,28936,48.81
20,1911,SGBAPR28I,GB,181,143,79.01
20,1912,SGBAUG27,GB,55,49,89.09
20,1913,SGBAUG28V,GB,1656,1225,73.97
20,1914,SGBAUG29V,GB,88,72,81.82
20,1915,SGBAUG30,GB,87,80,91.95
20,1916,SGBD29VIII,GB,42,42,100.00
20,1917,SGBDC27VII,GB,7,7,100.00
20,1918,SGBDE30III,GB,96,70,72.92
20,1919,SGBDE31III,GB,561,501,89.30
20,1920,SGBDEC25XI,GB,11,11,100.00
20,1921,SGBFEB28IX,GB,14,14,100.00
20,1922,SGBFEB29XI,GB,48,46,95.83
20,1923,SGBFEB32IV,GB,1185,1017,85.82
20,1924,SGBJAN26,GB,11,11,100.00
20,1925,SGBJAN29IX,GB,34,34,100.00
20,1926,SGBJAN29X,GB,51,51,100.00
20,1927,SGBJAN30IX,GB,37,36,97.30
20,1928,SGBJU29III,GB,117,112,95.73
20,1929,SGBJUL25,GB,42,42,100.00
20,1930,SGBJUL27,GB,3,3,100.00
20,1931,SGBJUL28IV,GB,233,198,84.98
20,1932,SGBJUL29IV,GB,83,75,90.36
20,1933,SGBJUN28,GB,83,83,100.00
20,1934,SGBJUN29II,GB,59,54,91.53
20,1935,SGBJUN30,GB,92,73,79.35
20,1936,SGBJUN31I,GB,495,481,97.17
20,1937,SGBMAR25,GB,72,69,95.83
20,1938,SGBMAR30X,GB,12,12,100.00
20,1939,SGBMAR31IV,GB,109,99,90.83
20,1940,SGBMAY25,GB,10,9,90.00
20,1941,SGBMAY26,GB,77,62,80.52
20,1942,SGBMAY28,GB,248,248,100.00
20,1943,SGBMAY29I,GB,690,668,96.81
20,1944,SGBMR29XII,GB,88,77,87.50
20,1945,SGBN28VIII,GB,211,211,100.00
20,1946,SGBNOV24,GB,88,73,82.95
20,1947,SGBNOV258,GB,5,5,100.00
20,1948,SGBNOV25IX,GB,1,1,100.00
20,1949,SGBNOV25VI,GB,9,9,100.00
20,1950,SGBNOV26,GB,1,1,100.00
20,1951,SGBNV29VII,GB,60,57,95.00
20,1952,SGBOC28VII,GB,283,245,86.57
20,1953,SGBOCT25,GB,27,27,100.00
20,1954,SGBOCT25IV,GB,3,2,66.67
20,1955,SGBOCT25V,GB,3,3,100.00
20,1956,SGBOCT26,GB,71,71,100.00
20,1957,SGBOCT27,GB,37,35,94.59
20,1958,SGBOCT27VI,GB,1,1,100.00
20,1959,SGBSEP27,GB,61,61,100.00
20,1960,SGBSEP28VI,GB,187,167,89.30
20,1961,SGBSEP29VI,GB,78,76,97.44
20,1962,SGBSEP31II,GB,903,778,86.16
20,1963,SGIL,EQ,20322,15338,75.47
20,1964,SHAILY,EQ,26016,18207,69.98
20,1965,SHALBY,EQ,28552,23693,82.98
20,1966,SHALPAINTS,EQ,50520,34504,68.30
20,1967,SHANKARA,EQ,14101,10994,77.97
20,1968,SHANTHALA,SM,7200,7200,100.00
20,1969,SHANTI,EQ,7137,4578,64.14
20,1970,SHANTIGEAR,EQ,10046,6591,65.61
20,1971,SHARDACROP,EQ,137118,48787,35.58
20,1972,SHARDAMOTR,EQ,11662,6309,54.10
20,1973,SHAREINDIA,EQ,93065,59086,63.49
20,1974,SHARIABEES,EQ,1067,714,66.92
20,1975,SHEETAL,SM,44000,32000,72.73
20,1976,SHEMAROO,EQ,9011,5087,56.45
20,1977,SHERA,SM,69000,55000,79.71
20,1978,SHIGAN,SM,1500,1500,100.00
20,1979,SHILPAMED,EQ,42224,20800,49.26
20,1980,SHIVALIK,EQ,5675,5098,89.83
20,1981,SHIVAMILLS,EQ,11423,8981,78.62
20,1982,SHIVATEX,EQ,5206,4153,79.77
20,1983,SHK,EQ,148360,88473,59.63
20,1984,SHOPERSTOP,EQ,5819,2528,43.44
20,1985,SHREDIGCEM,EQ,117300,77236,65.84
20,1986,SHREECEM,EQ,609,211,34.65
20,1987,SHREEKARNI,SM,1500,1050,70.00
20,1988,SHREEOSFM,SM,5000,5000,100.00
20,1989,SHREERAMA,EQ,525855,297881,56.65
20,1990,SHREYANIND,EQ,5053,3215,63.63
20,1991,SHRIPISTON,EQ,12409,7595,61.21
20,1992,SHRIRAMFIN,EQ,57346,24663,43.01
20,1993,SHRIRAMPPS,EQ,634001,384748,60.69
20,1994,SHRITECH,SM,48000,28000,58.33
20,1995,SHUBHLAXMI,ST,4000,4000,100.00
20,1996,SHUBHSHREE,ST,6000,6000,100.00
20,1997,SHYAMCENT,EQ,117521,81587,69.42
20,1998,SHYAMMETL,EQ,102906,58738,57.08
20,1999,SIDDHIKA,SM,2000,2000,100.00
20,2000,SIEMENS,EQ,17739,7518,42.38
20,2001,SIGACHI,EQ,541730,318271,58.75
20,2002,SIGIND,EQ,14246,10068,70.67
20,2003,SIGMA,EQ,3432,2487,72.47
20,2004,SIGNATURE,EQ,34085,3239,9.50
20,2005,SIGNPOST,EQ,4335,2724,62.84
20,2006,SIKKO,EQ,21266,15898,74.76
20,2007,SIL,EQ,476597,188487,39.55
20,2008,SILGO,EQ,52735,41661,79.00
20,2009,SILLYMONKS,EQ,4243,2953,69.60
20,2010,SILVER,EQ,312869,258019,82.47
20,2011,SILVER1,EQ,97718,65308,66.83
20,2012,SILVERADD,EQ,1112447,1106759,99.49
20,2013,SILVERBEES,EQ,9864257,7725074,78.31
20,2014,SILVERETF,EQ,318487,250943,78.79
20,2015,SILVERIETF,EQ,756386,564271,74.60
20,2016,SILVERTUC,EQ,7304,2111,28.90
20,2017,SILVRETF,EQ,38387,33793,88.03
20,2018,SINCLAIR,EQ,8501,5775,67.93
20,2019,SINDHUTRAD,EQ,285647,169512,59.34
20,2020,SINTERCOM,EQ,13147,12611,95.92
20,2021,SIRCA,EQ,59859,36834,61.53
20,2022,SIS,EQ,10212,6890,67.47
20,2023,SIYSIL,EQ,291668,127558,43.73
20,2024,SJLOGISTIC,ST,11000,10500,95.45
20,2025,SJS,EQ,117241,57308,48.88
20,2026,SJVN,EQ,1191170,657199,55.17
20,2027,SKFINDIA,EQ,3784,2067,54.62
20,2028,SKIPPER,EQ,199489,108751,54.51
20,2029,SKIPPERPP,E1,4925,4196,85.20
20,2030,SKMEGGPROD,EQ,15625,10334,66.14
20,2031,SKP,SM,1000,1000,100.00
20,2032,SLONE,SM,6400,5600,87.50
20,2033,SMALLCAP,EQ,284737,230453,80.94
20,2034,SMCGLOBAL,EQ,73445,52475,71.45
20,2035,SMLISUZU,EQ,4507,3114,69.09
20,2036,SMLT,EQ,9579,6873,71.75
20,2037,SMSPHARMA,EQ,36076,22366,62.00
20,2038,SNOWMAN,EQ,520850,296548,56.94
20,2039,SOBHA,EQ,9863,4916,49.84
20,2040,SOBHAPP,E1,95,65,68.42
20,2041,SOFTTECH,EQ,4941,3274,66.26
20,2042,SOLARA,EQ,59801,42614,71.26
20,2043,SOLARAPP,E1,1227,1115,90.87
20,2044,SOLARINDS,EQ,8819,3940,44.68
20,2045,SOLEX,SM,9125,6500,71.23
20,2046,SOMANYCERA,EQ,15226,9633,63.27
20,2047,SOMATEX,EQ,31934,19486,61.02
20,2048,SONACOMS,EQ,321861,115637,35.93
20,2049,SONAMAC,SM,4000,4000,100.00
20,2050,SONATSOFTW,EQ,29678,18208,61.35
20,2051,SOTL,EQ,11609,6877,59.24
20,2052,SOUTHBANK,EQ,2006167,1513233,75.43
20,2053,SOUTHWEST,EQ,79099,53811,68.03
20,2054,SPAL,EQ,3559,2194,61.65
20,2055,SPANDANA,EQ,93595,52560,56.16
20,2056,SPARC,EQ,113725,70991,62.42
20,2057,SPCENET,EQ,516271,383720,74.33
20,2058,SPCL,SM,53400,41400,77.53
20,2059,SPECIALITY,EQ,10316,6633,64.30
20,2060,SPECTRUM,SM,6375,6375,100.00
20,2061,SPECTSTM,SM,44800,31200,69.64
20,2062,SPENCERS,EQ,154075,98073,63.65
20,2063,SPIC,EQ,129354,79019,61.09
20,2064,SPLIL,EQ,2561,1731,67.59
20,2065,SPLPETRO,EQ,5867,4934,84.10
20,2066,SPORTKING,EQ,103929,86735,83.46
20,2067,SPPPOLY,SM,14000,6000,42.86
20,2068,SRD,EQ,98682,53708,54.43
20,2069,SREEL,EQ,2055,1631,79.37
20,2070,SRF,EQ,19850,9016,45.42
20,2071,SRGHFL,EQ,1744,1649,94.55
20,2072,SRHHYPOLTD,EQ,15410,10235,66.42
20,2073,SRIVASAVI,SM,15000,14000,93.33
20,2074,SSDL,EQ,37691,23933,63.50
20,2075,SSEGL,ST,25600,25600,100.00
20,2076,SSFL,ST,26500,24500,92.45
20,2077,SSWL,EQ,41744,25184,60.33
20,2078,STANLEY,EQ,34344,22385,65.18
20,2079,STAR,EQ,33708,20962,62.19
20,2080,STARCEMENT,EQ,759062,281647,37.10
20,2081,STARHEALTH,EQ,138709,74912,54.01
20,2082,STARPAPER,EQ,2870,1944,67.74
20,2083,STARTECK,EQ,5031,29,0.58
20,2084,STCINDIA,EQ,16762,9832,58.66
20,2085,STEELCAS,EQ,3278,2350,71.69
20,2086,STEELCITY,EQ,52369,43244,82.58
20,2087,STEELXIND,EQ,491907,365182,74.24
20,2088,STERTOOLS,EQ,37527,23348,62.22
20,2089,STLTECH,EQ,281306,179194,63.70
20,2090,STOVEKRAFT,EQ,27183,16581,61.00
20,2091,STYLAMIND,EQ,17170,10675,62.17
20,2092,STYLEBAAZA,EQ,42958,22534,52.46
20,2093,STYRENIX,EQ,17872,12872,72.02
20,2094,SUBEXLTD,EQ,780808,487669,62.46
20,2095,SUBROS,EQ,14071,8375,59.52
20,2096,SUDARSCHEM,EQ,46607,21080,45.23
20,2097,SUKHJITS,EQ,9231,6988,75.70
20,2098,SULA,EQ,91406,66478,72.73
20,2099,SUMICHEM,EQ,79609,45973,57.75
20,2100,SUMMITSEC,EQ,4968,3437,69.18
20,2101,SUNCLAY,EQ,6669,4378,65.65
20,2102,SUNDARAM,EQ,369361,276927,74.97
20,2103,SUNDARMFIN,EQ,3452,1452,42.06
20,2104,SUNDARMHLD,EQ,26258,18865,71.84
20,2105,SUNDRMFAST,EQ,10242,4127,40.29
20,2106,SUNFLAG,EQ,37763,19993,52.94
20,2107,SUNPHARMA,EQ,107596,41351,38.43
20,2108,SUNREST,SM,1600,1600,100.00
20,2109,SUNTECK,EQ,38064,21282,55.91
20,2110,SUNTV,EQ,85193,12723,14.93
20,2111,SUPERHOUSE,EQ,4941,3431,69.44
20,2112,SUPRAJIT,EQ,34308,21645,63.09
20,2113,SUPREMEIND,EQ,7408,4274,57.69
20,2114,SUPREMEPWR,ST,66000,63500,96.21
20,2115,SUPRIYA,EQ,122630,75414,61.50
20,2116,SURAJEST,EQ,9605,7094,73.86
20,2117,SURANAT&P,EQ,107233,83470,77.84
20,2118,SURANI,SM,2200,1800,81.82
20,2119,SURYALAXMI,EQ,11275,9980,88.51
20,2120,SURYAROSNI,EQ,26699,14550,54.50
20,2121,SURYODAY,EQ,251454,176066,70.02
20,2122,SUTLEJTEX,EQ,25023,17949,71.73
20,2123,SUVEN,EQ,89267,60251,67.50
20,2124,SUVENPHAR,EQ,34821,15641,44.92
20,2125,SUVIDHAA,EQ,85430,60856,71.23
20,2126,SUYOG,EQ,24899,11682,46.92
20,2127,SUZLON,EQ,14965199,7910346,52.86
20,2128,SVLL,EQ,65196,46012,70.57
20,2129,SVPGLOB,EQ,29729,25412,85.48
20,2130,SWANENERGY,EQ,345781,198753,57.48
20,2131,SWARAJ,ST,3500,3500,100.00
20,2132,SWARAJENG,EQ,6994,4923,70.39
20,2133,SWASTIK,SM,31200,21600,69.23
20,2134,SWELECTES,EQ,17045,8871,52.04
20,2135,SWSOLAR,EQ,353653,254904,72.08
20,2136,SYLVANPLY,SM,2000,2000,100.00
20,2137,SYMPHONY,EQ,27256,12486,45.81
20,2138,SYNCOMF,EQ,1472385,982148,66.70
20,2139,SYNGENE,EQ,72714,15807,21.74
20,2140,SYNOPTICS,SM,1200,1200,100.00
20,2141,SYRMA,EQ,604048,272889,45.18
20,2142,SYSTANGO,SM,4000,3600,90.00
20,2143,TAC,ST,3800,3800,100.00
20,2144,TAINWALCHM,EQ,7107,4548,63.99
20,2145,TAJGVK,EQ,33979,24572,72.32
20,2146,TAKE,EQ,32973,26860,81.46
20,2147,TALBROAUTO,EQ,22133,13662,61.73
20,2148,TANLA,EQ,96745,56998,58.92
20,2149,TAPIFRUIT,SM,750,750,100.00
20,2150,TARACHAND,EQ,69789,47059,67.43
20,2151,TARC,EQ,135609,86477,63.77
20,2152,TARMAT,EQ,8854,5547,62.65
20,2153,TARSONS,EQ,7030,5695,81.01
20,2154,TASTYBITE,EQ,404,251,62.13
20,2155,TATACHEM,EQ,287093,108684,37.86
20,2156,TATACOMM,EQ,41081,22680,55.21
20,2157,TATACONSUM,EQ,212772,105672,49.66
20,2158,TATAELXSI,EQ,19781,10140,51.26
20,2159,TATAGOLD,EQ,9561419,7515273,78.60
20,2160,TATAINVEST,EQ,18415,8588,46.64
20,2161,TATAMOTORS,EQ,2900548,1361941,46.95
20,2162,TATAPOWER,EQ,4387971,1869581,42.61
20,2163,TATASTEEL,EQ,5106804,2671486,52.31
20,2164,TATATECH,EQ,457090,279693,61.19
20,2165,TATSILV,EQ,1757099,1262944,71.88
20,2166,TATVA,EQ,17964,12382,68.93
20,2167,TBI,ST,20400,19800,97.06
20,2168,TBOTEK,EQ,5743,2638,45.93
20,2169,TBZ,EQ,77699,44284,56.99
20,2170,TCHF30,NB,10,10,100.00
20,2171,TCI,EQ,6418,3427,53.40
20,2172,TCIEXP,EQ,7205,5126,71.15
20,2173,TCL,SM,72000,39200,54.44
20,2174,TCPLPACK,EQ,1488,1217,81.79
20,2175,TCS,EQ,154895,82548,53.29
20,2176,TDPOWERSYS,EQ,106645,61470,57.64
20,2177,TEAMLEASE,EQ,2914,1230,42.21
20,2178,TECH,EQ,7000,5397,77.10
20,2179,TECHERA,SM,76800,65600,85.42
20,2180,TECHLABS,SM,10750,9750,90.70
20,2181,TECHM,EQ,249236,109505,43.94
20,2182,TECHNOE,EQ,27388,18301,66.82
20,2183,TEGA,EQ,5552,2636,47.48
20,2184,TEJASNET,EQ,821117,364795,44.43
20,2185,TERASOFT,EQ,20227,16202,80.10
20,2186,TEXINFRA,EQ,62781,45561,72.57
20,2187,TEXMOPIPES,EQ,17109,12947,75.67
20,2188,TEXRAIL,EQ,1108412,621634,56.08
20,2189,TFCILTD,EQ,807884,523182,64.76
20,2190,TGBHOTELS,EQ,22587,14686,65.02
20,2191,TGL,ST,4400,4400,100.00
20,2192,THANGAMAYL,EQ,12482,5036,40.35
20,2193,THEINVEST,EQ,20828,15812,75.92
20,2194,THEJO,EQ,1025,777,75.80
20,2195,THEMISMED,EQ,17427,13742,78.85
20,2196,THERMAX,EQ,6742,2634,39.07
20,2197,THESL,SM,153000,105000,68.63
20,2198,THOMASCOOK,EQ,152056,100016,65.78
20,2199,THOMASCOTT,EQ,12458,10203,81.90
20,2200,THYROCARE,EQ,37800,19139,50.63
20,2201,TI,EQ,214025,122729,57.34
20,2202,TIIL,EQ,2128,1590,74.72
20,2203,TIINDIA,EQ,6218,2755,44.31
20,2204,TIMESCAN,SM,2000,2000,100.00
20,2205,TIMESGTY,EQ,8984,3015,33.56
20,2206,TIMETECHNO,EQ,270392,67611,25.00
20,2207,TIMKEN,EQ,3248,1724,53.08
20,2208,TIPSFILMS,EQ,5395,3265,60.52
20,2209,TIPSMUSIC,EQ,95438,50957,53.39
20,2210,TIRUMALCHM,EQ,87726,57049,65.03
20,2211,TITAGARH,EQ,409061,158343,38.71
20,2212,TITAN,EQ,176636,86281,48.85
20,2213,TMB,EQ,58837,42482,72.20
20,2214,TNIDETF,EQ,26685,21334,79.95
20,2215,TNPETRO,EQ,51843,35013,67.54
20,2216,TNPL,EQ,37881,29258,77.24
20,2217,TNTELE,EQ,15115,11623,76.90
20,2218,TOKYOPLAST,EQ,19732,16197,82.08
20,2219,TOLINS,EQ,53345,46717,87.58
20,2220,TOP100CASE,EQ,172415,166100,96.34
20,2221,TOP10ADD,EQ,69716,66232,95.00
20,2222,TORNTPHARM,EQ,16976,3818,22.49
20,2223,TORNTPOWER,EQ,53939,25878,47.98
20,2224,TOTAL,EQ,2821,1867,66.18
20,2225,TOUCHWOOD,EQ,358,358,100.00
20,2226,TPHQ,EQ,1077082,1025903,95.25
20,2227,TRACXN,EQ,71123,52416,73.70
20,2228,TRANSTEEL,SM,16000,12000,75.00
20,2229,TRANSWIND,ST,4000,4000,100.00
20,2230,TRANSWORLD,EQ,29574,23723,80.22
20,2231,TREL,EQ,63168,47440,75.10
20,2232,TRENT,EQ,76497,39193,51.23
20,2233,TRF,EQ,5100,3967,77.78
20,2234,TRIDENT,EQ,1590869,922526,57.99
20,2235,TRIDHYA,SM,51000,6000,11.76
20,2236,TRIGYN,EQ,8069,5694,70.57
20,2237,TRITURBINE,EQ,81210,38689,47.64
20,2238,TRIVENI,EQ,51192,27052,52.84
20,2239,TROM,SM,48000,30600,63.75
20,2240,TRUST,SM,84000,64800,77.14
20,2241,TTKHLTCARE,EQ,361,275,76.18
20,2242,TTKPRESTIG,EQ,18927,9176,48.48
20,2243,TTL,EQ,775831,482613,62.21
20,2244,TTML,EQ,1074207,412665,38.42
20,2245,TUNWAL,SM,68000,60000,88.24
20,2246,TVSMOTOR,EQ,84638,28514,33.69
20,2247,TVSSCS,EQ,149084,95437,64.02
20,2248,TVSSRICHAK,EQ,783,589,75.22
20,2249,TVTODAY,EQ,54250,39530,72.87
20,2250,UBL,EQ,9825,3800,38.68
20,2251,UCAL,EQ,17483,12177,69.65
20,2252,UCOBANK,EQ,1337498,717421,53.64
20,2253,UDAICEMENT,EQ,152347,124125,81.48
20,2254,UDS,EQ,738376,460756,62.40
20,2255,UFLEX,EQ,19683,9339,47.45
20,2256,UFO,EQ,49600,34054,68.66
20,2257,UGARSUGAR,EQ,36848,19027,51.64
20,2258,UGROCAP,EQ,38491,24617,63.96
20,2259,UHTL,ST,138000,132000,95.65
20,2260,UJJIVANSFB,EQ,3057909,1885733,61.67
20,2261,ULTRACEMCO,EQ,19032,7172,37.68
20,2262,UMA,SM,4000,4000,100.00
20,2263,UMESLTD,EQ,40291,40291,100.00
20,2264,UNICHEMLAB,EQ,13416,9607,71.61
20,2265,UNIDT,EQ,1939,1005,51.83
20,2266,UNIECOM,EQ,265728,165647,62.34
20,2267,UNIENTER,EQ,1450,1059,73.03
20,2268,UNIHEALTH,SM,25000,18000,72.00
20,2269,UNIINFO,EQ,100602,78981,78.51
20,2270,UNILEX,SM,9600,9600,100.00
20,2271,UNIONBANK,EQ,1174904,786828,66.97
20,2272,UNIPARTS,EQ,10989,7172,65.27
20,2273,UNITDSPR,EQ,54659,28261,51.70
20,2274,UNITEDTEA,EQ,4787,2578,53.85
20,2275,UNIVASTU,EQ,1366,831,60.83
20,2276,UNIVCABLES,EQ,7981,4988,62.50
20,2277,UNIVPHOTO,EQ,418,279,66.75
20,2278,UNOMINDA,EQ,53373,23343,43.74
20,2279,UPL,EQ,163230,61505,37.68
20,2280,URBAN,ST,6800,6800,100.00
20,2281,USHAFIN,ST,166400,159200,95.67
20,2282,USHAMART,EQ,287667,126917,44.12
20,2283,USK,EQ,168853,126261,74.78
20,2284,UTIAMC,EQ,138625,71151,51.33
20,2285,UTIBANKETF,EQ,15208,10042,66.03
20,2286,UTINEXT50,EQ,57529,35052,60.93
20,2287,UTINIFTETF,EQ,5700,5057,88.72
20,2288,UTISENSETF,EQ,673,444,65.97
20,2289,UTISXN50,EQ,1904,1378,72.37
20,2290,UTKARSHBNK,EQ,336906,244820,72.67
20,2291,UTSSAV,ST,46800,42000,89.74
20,2292,UTTAMSUGAR,EQ,14253,9542,66.95
20,2293,UYFINCORP,EQ,468116,348318,74.41
20,2294,VADILALIND,EQ,1862,1296,69.60
20,2295,VAIBHAVGBL,EQ,145040,85147,58.71
20,2296,VAKRANGEE,EQ,1582115,1074653,67.93
20,2297,VAL30IETF,EQ,9695,8751,90.26
20,2298,VALIANTLAB,EQ,15008,7874,52.47
20,2299,VALIANTORG,EQ,18850,14843,78.74
20,2300,VARDHACRLC,EQ,30918,21780,70.44
20,2301,VARROC,EQ,16720,10065,60.20
20,2302,VASCONEQ,EQ,236636,163558,69.12
20,2303,VBL,EQ,653210,426265,65.26
20,2304,VDEAL,SM,1200,1200,100.00
20,2305,VEDL,EQ,995005,524056,52.67
20,2306,VEEDOL,EQ,4230,2526,59.72
20,2307,VEEKAYEM,ST,3000,2500,83.33
20,2308,VENKEYS,EQ,7818,5214,66.69
20,2309,VENUSPIPES,EQ,8737,5687,65.09
20,2310,VENUSREM,EQ,27137,19972,73.60
20,2311,VERA,SM,1500,1500,100.00
20,2312,VERANDA,EQ,131499,54365,41.34
20,2313,VERTOZ,EQ,1829023,1663594,90.96
20,2314,VESUVIUS,EQ,1809,1096,60.59
20,2315,VGUARD,EQ,40939,22394,54.70
20,2316,VHL,EQ,624,494,79.17
20,2317,VIDHIING,EQ,4088,2650,64.82
20,2318,VIESL,SM,29600,24800,83.78
20,2319,VIJAYA,EQ,22346,12052,53.93
20,2320,VIJIFIN,EQ,94274,80549,85.44
20,2321,VIKASECO,EQ,3207327,2082711,64.94
20,2322,VIKASLIFE,EQ,1823541,1418266,77.78
20,2323,VILAS,ST,65750,62750,95.44
20,2324,VIMTALABS,EQ,8689,7053,81.17
20,2325,VINATIORGA,EQ,10843,6879,63.44
20,2326,VINCOFE,EQ,167230,118194,70.68
20,2327,VINDHYATEL,EQ,4578,3807,83.16
20,2328,VINEETLAB,EQ,5996,4016,66.98
20,2329,VINSYS,SM,21000,15500,73.81
20,2330,VINYLINDIA,EQ,9789,6993,71.44
20,2331,VIPIND,EQ,61394,33218,54.11
20,2332,VIRINCHI,EQ,83093,68756,82.75
20,2333,VISAKAIND,EQ,78887,66580,84.40
20,2334,VISHNU,EQ,68779,50626,73.61
20,2335,VISHNUINFR,ST,2000,2000,100.00
20,2336,VISHWARAJ,EQ,531800,396732,74.60
20,2337,VIVIANA,ST,10250,10000,97.56
20,2338,VIVIDHA,EQ,939763,646103,68.75
20,2339,VLINFRA,ST,28500,28500,100.00
20,2340,VLSFINANCE,EQ,24799,16354,65.95
20,2341,VMARCIND,ST,19250,19250,100.00
20,2342,VMART,EQ,5164,2540,49.19
20,2343,VOLTAMP,EQ,5879,2719,46.25
20,2344,VOLTAS,EQ,139205,35357,25.40
20,2345,VPRPL,EQ,583267,353278,60.57
20,2346,VR,ST,2800,2800,100.00
20,2347,VRAJ,EQ,59969,28389,47.34
20,2348,VRLLOG,EQ,14187,10065,70.95
20,2349,VSSL,EQ,18021,12575,69.78
20,2350,VSTIND,EQ,133973,79289,59.18
20,2351,VSTL,EQ,7974,6189,77.61
20,2352,VSTTILLERS,EQ,4403,2894,65.73
20,2353,VTL,EQ,40778,26927,66.03
20,2354,WAAREEENER,EQ,5382498,942189,17.50
20,2355,WABAG,EQ,100543,62407,62.07
20,2356,WALCHANNAG,EQ,530439,484610,91.36
20,2357,WCIL,EQ,109253,63361,57.99
20,2358,WEBELSOLAR,EQ,251391,207089,82.38
20,2359,WEIZMANIND,EQ,3901,2808,71.98
20,2360,WEL,EQ,5090,1911,37.54
20,2361,WELCORP,EQ,73213,51043,69.72
20,2362,WELENT,EQ,79307,48682,61.38
20,2363,WELINV,EQ,563,352,62.52
20,2364,WELSPUNLIV,EQ,551406,320532,58.13
20,2365,WENDT,EQ,131,75,57.25
20,2366,WESTLIFE,EQ,5172,2615,50.56
20,2367,WEWIN,EQ,488,425,87.09
20,2368,WHEELS,EQ,13456,10345,76.88
20,2369,WHIRLPOOL,EQ,14122,5157,36.52
20,2370,WILLAMAGOR,EQ,2239,1526,68.16
20,2371,WINDLAS,EQ,19353,11634,60.11
20,2372,WINDMACHIN,EQ,196524,147883,75.25
20,2373,WINNY,SM,2500,2000,80.00
20,2374,WINSOL,SM,12800,10400,81.25
20,2375,WIPL,EQ,2114,1706,80.70
20,2376,WIPRO,EQ,981405,418237,42.62
20,2377,WOCKPHARMA,EQ,339653,211102,62.15
20,2378,WOL3D,SM,1000,1000,100.00
20,2379,WOMANCART,ST,800,800,100.00
20,2380,WONDERLA,EQ,36504,29574,81.02
20,2381,WORTH,EQ,2176,1673,76.88
20,2382,WSI,EQ,31708,23999,75.69
20,2383,WSTCSTPAPR,EQ,17369,12025,69.23
20,2384,WTICAB,SM,2500,2000,80.00
20,2385,XCHANGING,EQ,71771,51555,71.83
20,2386,XPROINDIA,EQ,30987,29227,94.32
20,2387,XTGLOBAL,EQ,28210,24866,88.15
20,2388,YAARI,EQ,198856,168240,84.60
20,2389,YASHO,EQ,2643,1971,74.57
20,2390,YASHOPTICS,SM,16000,11200,70.00
20,2391,YATHARTH,EQ,116677,62213,53.32
20,2392,YATRA,EQ,22696,16847,74.23
20,2393,YESBANK,EQ,17418327,10814862,62.09
20,2394,YUDIZ,SM,29600,28800,97.30
20,2395,YUKEN,EQ,2486,1723,69.31
20,2396,ZEAL,SM,6000,3600,60.00
20,2397,ZEEL,EQ,1346411,786851,58.44
20,2398,ZEELEARN,EQ,207925,207925,100.00
20,2399,ZENITHDRUG,ST,19200,18400,95.83
20,2400,ZENSARTECH,EQ,59955,32126,53.58
20,2401,ZENTEC,EQ,115335,80277,69.60
20,2402,ZFCVINDIA,EQ,327,162,49.54
20,2403,ZIMLAB,EQ,34821,22079,63.41
20,2404,ZODIACLOTH,EQ,4163,3294,79.13
20,2405,ZOMATO,EQ,13009914,3976050,30.56
20,2406,ZOTA,EQ,5586,3993,71.48
20,2407,ZTECH,ST,14400,12000,83.33
20,2408,ZUARI,EQ,52481,43383,82.66
20,2409,ZUARIIND,EQ,20442,17346,84.85
20,2410,ZYDUSLIFE,EQ,108283,40523,37.42
20,2411,ZYDUSWELL,EQ,9337,6500,69.62
