Security Wise Delivery Position - Compulsory Rolling Settlement
10,MTO,06112024,1317544188,0002584
Trade Date <06-NOV-2024>,Settlement Type <N>
Record Type,Sr No,Name of Security,Quantity Traded,Deliverable Quantity(gross across client level),% of Deliverable Quantity to Traded Quantity
20,1,0SCL26,YR,1,1,100.00
20,2,1003ICCL28,NX,2,2,100.00
20,3,1003IIFL29,NC,25,25,100.00
20,4,1003ISFL28,N4,362,362,100.00
20,5,1003SCL30A,NV,2,2,100.00
20,6,1015ECL29,NR,300,299,99.67
20,7,1018GS2026,GS,1738,1738,100.00
20,8,1025NFL25,N5,200,200,100.00
20,9,1025UCL25,N8,50,50,100.00
20,10,1040UCL25,N4,50,50,100.00
20,11,1040UCL27B,N1,10,10,100.00
20,12,1049DLS25A,Y5,85,60,70.59
20,13,1049DLSL25,NX,111,111,100.00
20,14,1050NFL26,N7,253,253,100.00
20,15,1050UCL25,N7,165,165,100.00
20,16,105IIFL29,N7,80,80,100.00
20,17,1065NFL27,NC,32,32,100.00
20,18,1075UCL25,N9,40,40,100.00
20,19,10IIFL28,N4,123,123,100.00
20,20,10IIFL28A,NE,60,60,100.00
20,21,10IIFL29,N6,30,30,100.00
20,22,10NFL25,N9,10,10,100.00
20,23,10NIDO26,N6,30,30,100.00
20,24,10SCL30A,BV,20,17,85.00
20,25,1119NFL27,ND,11,11,100.00
20,26,11UCL26,NC,20,20,100.00
20,27,182D060225,TB,200,100,50.00
20,28,182D121224,TB,500,500,100.00
20,29,182D140225,TB,1000,1000,100.00
20,30,182D240425,TB,100,100,100.00
20,31,182D270225,TB,9000,9000,100.00
20,32,182D281124,TB,300,300,100.00
20,33,360ONE,EQ,162519,68238,41.99
20,34,364D030425,TB,100,100,100.00
20,35,364D060225,TB,3100,3100,100.00
20,36,364D091025,TB,1000,1000,100.00
20,37,364D100725,TB,200,200,100.00
20,38,364D110425,TB,2000,2000,100.00
20,39,364D211124,TB,100,100,100.00
20,40,364D261224,TB,10100,10100,100.00
20,41,364D270325,TB,900,900,100.00
20,42,3IINFOLTD,EQ,779962,384310,49.27
20,43,3MINDIA,EQ,2669,488,18.28
20,44,522GS2025,GS,4,2,50.00
20,45,574GS2026,GS,1017,1015,99.80
20,46,5PAISA,EQ,45524,20444,44.91
20,47,619GS2034,GS,4996,3996,79.98
20,48,63MOONS,EQ,480054,199544,41.57
20,49,654GS2032,GS,19004,19000,99.98
20,50,664GS2035,GS,100,100,100.00
20,51,679GS2027,GS,250000,250000,100.00
20,52,679GS2034,GS,100,100,100.00
20,53,689GS2025,GS,1,1,100.00
20,54,68GS2060,GS,6697,3397,50.72
20,55,695GS2061,GS,3,3,100.00
20,56,697GR2034,GS,300,300,100.00
20,57,699GS2026,GS,1002,1002,100.00
20,58,699GS2051,GS,1,1,100.00
20,59,702GS2027,GS,3640,3490,95.88
20,60,702GS2031,GS,300,300,100.00
20,61,704GS2029,GS,2831,2780,98.20
20,62,706GS2028,GS,4002,3002,75.01
20,63,709GS2054,GS,301,301,100.00
20,64,710GS2029,GS,13955,8955,64.17
20,65,717GS2030,GS,5200,5200,100.00
20,66,718GS2033,GS,650,650,100.00
20,67,718GS2037,GS,5745,3025,52.65
20,68,71GS2034,GS,697,697,100.00
20,69,723GS2039,GS,11450,11450,100.00
20,70,725GS2063,GS,5891,5891,100.00
20,71,726GS2032,GS,19600,19600,100.00
20,72,726GS2033,GS,15000,15000,100.00
20,73,727GS2026,GS,2,2,100.00
20,74,729IRFC26,NN,4,2,50.00
20,75,732GS2030,GS,8000,8000,100.00
20,76,732IRFC25,NI,324,324,100.00
20,77,733GS2026,GS,42804,42804,100.00
20,78,734GS2064,GS,3950,3950,100.00
20,79,736GS2052,GS,100,100,100.00
20,80,736PFCL28,N2,5,5,100.00
20,81,737GS2028,GS,6200,5100,82.26
20,82,738GS2027,GS,1077001,976692,90.69
20,83,738REC27TF,N2,5,5,100.00
20,84,739NHAI26,N8,103,103,100.00
20,85,739NHAI31A,ND,2499,2499,100.00
20,86,73GS2053,GS,1750,1750,100.00
20,87,741GS2036,GS,32650,25550,78.25
20,88,746GS2073,GS,17188,17019,99.02
20,89,750IRFC35,NK,154,117,75.97
20,90,751HUDCO28,N5,146,146,100.00
20,91,753IRFC30,NJ,378,378,100.00
20,92,754GS2036,GS,893484,634825,71.05
20,93,757GS2033,GS,299,299,100.00
20,94,758GJ32,SG,100,100,100.00
20,95,759GS2026,GS,2,2,100.00
20,96,759GS2029,GS,500000,500000,100.00
20,97,760PFCL35,N3,70,70,100.00
20,98,762GS2039,GS,177,177,100.00
20,99,762NTPC35F,ND,70,70,100.00
20,100,764HUDCO31,N8,309,309,100.00
20,101,764IRFC31,NO,300,200,66.67
20,102,769HUDCO31,N9,283,282,99.65
20,103,769NHAI31,NE,307,306,99.67
20,104,76NHAI31,NA,2762,2124,76.90
20,105,772GS2055,GS,2000,2000,100.00
20,106,774IREDA31,N7,139,139,100.00
20,107,788GS2030,GS,3000,3000,100.00
20,108,78ABFL33,N4,115,115,100.00
20,109,797IGT31,NL,595,595,100.00
20,110,79NHIT35,N1,376,375,99.73
20,111,79NHIT40,N2,408,304,74.51
20,112,79NHIT47,N3,431,419,97.22
20,113,810IRFC27,N2,1417,1081,76.29
20,114,812REC27,NI,50,50,100.00
20,115,81ABFL33,N5,154,149,96.75
20,116,820IIFL27,N9,1079,1079,100.00
20,117,824GS2027,GS,2002002,2002002,100.00
20,118,824GS2033,GS,140,70,50.00
20,119,825IIFL25,N7,200,200,100.00
20,120,829LTF24,NL,1,1,100.00
20,121,82IGT31,NJ,1,1,100.00
20,122,830NHAI27,N2,1593,1103,69.24
20,123,830PFCL27,N5,416,416,100.00
20,124,833GS2036,GS,977,977,100.00
20,125,837REC33,N7,3,3,100.00
20,126,842IIFL26,NL,249,246,98.80
20,127,843IHFL29,NC,159,110,69.18
20,128,849NTPC25,N7,9013,9013,100.00
20,129,854NHPC28,N2,37,37,100.00
20,130,85IIFL25,NO,20,20,100.00
20,131,865IFL28,NZ,3430,2603,75.89
20,132,865IIFL28,NS,1712,1712,100.00
20,133,865IRFC29,NA,55,55,100.00
20,134,866SCFL25,Y8,20,20,100.00
20,135,86LTF24,NJ,102,102,100.00
20,136,871REC28,N9,2843,2728,95.95
20,137,875IIFL26A,NQ,48,48,100.00
20,138,875NHAI29,N6,50,50,100.00
20,139,875PCHFL26,N8,1,1,100.00
20,140,875SCL23A,YI,35,15,42.86
20,141,87LTF27,NH,249,249,100.00
20,142,880IREDA29,N5,42,42,100.00
20,143,880IREDA34,N6,110,110,100.00
20,144,888ERFL28,N5,66,66,100.00
20,145,888IRFC29,NE,170,170,100.00
20,146,888REC29,NF,242,242,100.00
20,147,892NHPC33,N6,1273,1273,100.00
20,148,892PFCL33,N8,416,416,100.00
20,149,894SCL24,ZR,10,10,100.00
20,150,894SCL25,Z3,61,51,83.61
20,151,897GS2030,GS,5400,2700,50.00
20,152,897MOFSL29,N4,96,96,100.00
20,153,898LTF29,N7,50,50,100.00
20,154,901HUDCO34,NE,501,500,99.80
20,155,901NHB34,N6,113,113,100.00
20,156,903SFL28,YI,76,76,100.00
20,157,915GS2024,GS,2250000,2250000,100.00
20,158,915SCL26,NE,55,55,100.00
20,159,91D051224,TB,200,200,100.00
20,160,91D121224,TB,200,100,50.00
20,161,91D281124,TB,1000,1000,100.00
20,162,91SFL27,ZI,323,300,92.88
20,163,920IIFLS26,N8,2,2,100.00
20,164,920PEL28,N2,140,140,100.00
20,165,925AEL26,N1,27,27,100.00
20,166,925SCL25B,Y3,9,9,100.00
20,167,925SCL25C,AR,4,4,100.00
20,168,925SCL26F,N1,30,30,100.00
20,169,92GS2030,GS,14602,14602,100.00
20,170,930SFL28,YP,23,23,100.00
20,171,931SFL26,Z5,40,40,100.00
20,172,932AEL27,N3,74,74,100.00
20,173,935LTF29,N5,482,482,100.00
20,174,935MOFSL29,N5,614,614,100.00
20,175,93MOFSL34,N6,2106,2106,100.00
20,176,943ECL28,NJ,655,500,76.34
20,177,945IFSL25,N4,61,56,91.80
20,178,948ICCL25A,NG,10,10,100.00
20,179,948SCL26A,NN,1,1,100.00
20,180,948SCL26D,AI,5,5,100.00
20,181,94IFCI25,NL,5,5,100.00
20,182,955SCL27,Z5,138,129,93.48
20,183,956AEL29,N6,148,74,50.00
20,184,957ISFL26,N2,150,150,100.00
20,185,957NIDO26,N5,19,19,100.00
20,186,960ISFL25,N1,10,10,100.00
20,187,965AEL27,N4,1024,1024,100.00
20,188,965SCL25B,Y1,5,5,100.00
20,189,965SCL26,YO,1,1,100.00
20,190,96IIFL28,N5,1615,1454,90.03
20,191,96IIFL28A,NF,2806,2553,90.98
20,192,96SFL24A,NB,13,13,100.00
20,193,970CAGL28,ND,132,132,100.00
20,194,975NFL25,N0,48,48,100.00
20,195,97MOFSL34,N7,509,509,100.00
20,196,97SFL26,Z9,15,15,100.00
20,197,97SFL28,YS,125,125,100.00
20,198,980IFSL25,N5,7,7,100.00
20,199,985ECL28,NK,1703,1642,96.42
20,200,985IIFL22,NC,50,50,100.00
20,201,990SCL26,N7,45,45,100.00
20,202,99AEL29,N7,1644,1644,100.00
20,203,99IFCI24,NH,851,851,100.00
20,204,9ICCL23A,N0,100,100,100.00
20,205,9IIFL28A,NT,20,20,100.00
20,206,9MMFSML,N2,1,1,100.00
20,207,9PCHFL31A,NA,110,100,90.91
20,208,9SCL26BA,NA,50,50,100.00
20,209,A2ZINFRA,EQ,727528,562147,77.27
20,210,AAATECH,EQ,28925,18250,63.09
20,211,AADHARHFC,EQ,595293,243403,40.89
20,212,AAKASH,EQ,447245,270319,60.44
20,213,AARON,EQ,12162,6090,50.07
20,214,AARTECH,EQ,44961,28088,62.47
20,215,AARTIDRUGS,EQ,99853,44866,44.93
20,216,AARTIIND,EQ,1055915,471993,44.70
20,217,AARTIPHARM,EQ,321249,172675,53.75
20,218,AARVI,EQ,23848,11817,49.55
20,219,AATMAJ,SM,68000,64000,94.12
20,220,AAVAS,EQ,59716,27117,45.41
20,221,ABAN,EQ,69047,53250,77.12
20,222,ABB,EQ,658234,278903,42.37
20,223,ABBOTINDIA,EQ,10798,2466,22.84
20,224,ABCAPITAL,EQ,4623858,1988505,43.01
20,225,ABCOTS,ST,1500,1500,100.00
20,226,ABDL,EQ,924989,496929,53.72
20,227,ABFRL,EQ,6245130,2757407,44.15
20,228,ABGSEC,EQ,123,123,100.00
20,229,ABINFRA,ST,28000,28000,100.00
20,230,ABREL,EQ,298128,120386,40.38
20,231,ABSLAMC,EQ,300956,142052,47.20
20,232,ABSLBANETF,EQ,50244,36487,72.62
20,233,ABSLLIQUID,EQ,6066,3781,62.33
20,234,ABSLNN50ET,EQ,27237,18428,67.66
20,235,ABSLPSE,EQ,4346013,4204848,96.75
20,236,ABSMARINE,SM,95000,56500,59.47
20,237,ACC,EQ,137340,53037,38.62
20,238,ACCELYA,EQ,15191,8182,53.86
20,239,ACCENTMIC,SM,12000,8500,70.83
20,240,ACCORD,SM,2000,2000,100.00
20,241,ACCURACY,EQ,292884,273379,93.34
20,242,ACE,EQ,149856,57978,38.69
20,243,ACEINTEG,EQ,8161,5069,62.11
20,244,ACI,EQ,293509,159714,54.42
20,245,ACL,EQ,44536,25051,56.25
20,246,ACLGATI,EQ,351905,185724,52.78
20,247,ACSAL,ST,6000,6000,100.00
20,248,ADANIENSOL,EQ,5200238,1877043,36.10
20,249,ADANIENT,EQ,1676755,486542,29.02
20,250,ADANIGREEN,EQ,966147,309696,32.05
20,251,ADANIPORTS,EQ,3645515,1255560,34.44
20,252,ADANIPOWER,EQ,3154049,1025119,32.50
20,253,ADFFOODS,EQ,237298,79023,33.30
20,254,ADORWELD,EQ,8053,3714,46.12
20,255,ADROITINFO,EQ,1313206,458415,34.91
20,256,ADROITPP1,E1,93799,89998,95.95
20,257,ADSL,EQ,974208,417192,42.82
20,258,ADVANIHOTR,EQ,46487,22000,47.33
20,259,ADVENZYMES,EQ,178856,73943,41.34
20,260,AEGISLOG,EQ,108361,48877,45.11
20,261,AEL120924,N2,89,89,100.00
20,262,AEL120924B,N8,10,10,100.00
20,263,AEROFLEX,EQ,2762289,912036,33.02
20,264,AERON,SM,76000,63000,82.89
20,265,AESTHETIK,SM,24000,20000,83.33
20,266,AETHER,EQ,44239,26642,60.22
20,267,AFCONS,EQ,10501905,4148679,39.50
20,268,AFFLE,EQ,514273,307396,59.77
20,269,AFFORDABLE,EQ,20163,10532,52.23
20,270,AFIL,EQ,30158,19578,64.92
20,271,AGARIND,EQ,14399,9716,67.48
20,272,AGARWALFT,SM,9000,9000,100.00
20,273,AGI,EQ,106592,51692,48.50
20,274,AGIIL,EQ,66172,18989,28.70
20,275,AGNI,SM,32500,20000,61.54
20,276,AGRITECH,EQ,12061,6301,52.24
20,277,AGROPHOS,EQ,66253,27045,40.82
20,278,AGSTRA,EQ,718404,322708,44.92
20,279,AGUL,SM,2000,2000,100.00
20,280,AHIMSA,ST,3000,3000,100.00
20,281,AHL,EQ,188970,68323,36.16
20,282,AHLADA,EQ,48763,33650,69.01
20,283,AHLEAST,EQ,21350,9242,43.29
20,284,AHLUCONT,EQ,31836,19247,60.46
20,285,AIAENG,EQ,84779,51407,60.64
20,286,AIIL,EQ,67586,35048,51.86
20,287,AILIMITED,ST,3000,3000,100.00
20,288,AIMTRON,ST,57600,56000,97.22
20,289,AIROLAM,EQ,12265,4093,33.37
20,290,AIRTELPP,E1,86854,55645,64.07
20,291,AISL,ST,600,600,100.00
20,292,AJANTPHARM,EQ,82964,36307,43.76
20,293,AJMERA,EQ,152458,48185,31.61
20,294,AKANKSHA,SM,54000,25000,46.30
20,295,AKASH,EQ,11775,3704,31.46
20,296,AKG,EQ,25920,17293,66.72
20,297,AKI,EQ,31005,20193,65.13
20,298,AKIKO,SM,22400,22400,100.00
20,299,AKSHARCHEM,EQ,9861,6163,62.50
20,300,AKSHOPTFBR,EQ,448797,294982,65.73
20,301,AKUMS,EQ,320407,236764,73.89
20,302,AKZOINDIA,EQ,18418,8912,48.39
20,303,ALANKIT,EQ,446480,256057,57.35
20,304,ALEMBICLTD,EQ,662341,309398,46.71
20,305,ALICON,EQ,16431,8074,49.14
20,306,ALKALI,EQ,26518,16255,61.30
20,307,ALKEM,EQ,190000,106529,56.07
20,308,ALKYLAMINE,EQ,85641,25586,29.88
20,309,ALLCARGO,EQ,1372431,636521,46.38
20,310,ALLDIGI,EQ,63254,29426,46.52
20,311,ALLETEC,SM,56000,39600,70.71
20,312,ALOKINDS,EQ,6387270,3138253,49.13
20,313,ALPEXSOLAR,SM,118000,75400,63.90
20,314,ALPHA,EQ,1130794,844035,74.64
20,315,ALPHAETF,EQ,2622784,2280314,86.94
20,316,ALPHAGEO,EQ,10043,7959,79.25
20,317,ALPL30IETF,EQ,1587635,1261342,79.45
20,318,ALUWIND,ST,34500,34500,100.00
20,319,AMBANIORGO,SM,2000,2000,100.00
20,320,AMBER,EQ,762450,255340,33.49
20,321,AMBEY,SM,32000,20000,62.50
20,322,AMBICAAGAR,EQ,80008,10149,12.68
20,323,AMBIKCO,EQ,8597,4833,56.22
20,324,AMBUJACEM,EQ,1682971,1053531,62.60
20,325,AMDIND,EQ,27762,14350,51.69
20,326,AMEYA,ST,11000,11000,100.00
20,327,AMIORG,EQ,358444,170208,47.49
20,328,AMJLAND,EQ,71973,42825,59.50
20,329,AMJUMBO,ST,8000,8000,100.00
20,330,AMNPLST,EQ,5599,3114,55.62
20,331,AMRUTANJAN,EQ,19770,12048,60.94
20,332,ANANDRATHI,EQ,36578,22190,60.66
20,333,ANANTRAJ,EQ,869363,442022,50.84
20,334,ANDHRAPAP,EQ,137070,64728,47.22
20,335,ANDHRSUGAR,EQ,144942,68368,47.17
20,336,ANGELONE,EQ,1103174,253093,22.94
20,337,ANLON,SM,18800,16800,89.36
20,338,ANMOL,EQ,64320,26767,41.62
20,339,ANNAPURNA,SM,126500,73500,58.10
20,340,ANUP,EQ,271794,51588,18.98
20,341,ANURAS,EQ,46553,19026,40.87
20,342,APARINDS,EQ,71331,29850,41.85
20,343,APCL,EQ,5704,3274,57.40
20,344,APCOTEXIND,EQ,21122,13525,64.03
20,345,APEX,EQ,170344,67919,39.87
20,346,APLAPOLLO,EQ,692720,570417,82.34
20,347,APLLTD,EQ,64100,28539,44.52
20,348,APOLLO,EQ,2221210,1173677,52.84
20,349,APOLLOHOSP,EQ,459745,178039,38.73
20,350,APOLLOPIPE,EQ,21813,11521,52.82
20,351,APOLLOTYRE,EQ,902846,237947,26.36
20,352,APOLSINHOT,EQ,2732,1747,63.95
20,353,APRAMEYA,SM,174000,156000,89.66
20,354,APS,ST,35750,31750,88.81
20,355,APTECHT,EQ,431313,140228,32.51
20,356,APTUS,EQ,1005381,449056,44.67
20,357,ARCHIDPLY,EQ,27493,14492,52.71
20,358,ARE&M,EQ,628362,224668,35.75
20,359,ARHAM,SM,51000,38000,74.51
20,360,ARIES,EQ,27519,14515,52.75
20,361,ARIHANTACA,ST,18400,16800,91.30
20,362,ARIHANTCAP,EQ,1272600,653635,51.36
20,363,ARIHANTSUP,EQ,191406,77449,40.46
20,364,ARISTO,SM,16000,14400,90.00
20,365,ARKADE,EQ,1056115,369015,34.94
20,366,ARMANFIN,EQ,58161,33123,56.95
20,367,AROGRANITE,EQ,7380,4919,66.65
20,368,ARROWGREEN,EQ,289428,154321,53.32
20,369,ARTEMISMED,EQ,133969,86742,64.75
20,370,ARVEE,EQ,2795,1599,57.21
20,371,ARVIND,EQ,290002,146092,50.38
20,372,ARVINDFASN,EQ,386225,173208,44.85
20,373,ARVSMART,EQ,81787,37300,45.61
20,374,ASAHIINDIA,EQ,127130,42418,33.37
20,375,ASAL,EQ,19983,9723,48.66
20,376,ASALCBR,EQ,25949,15482,59.66
20,377,ASHALOG,SM,39000,34000,87.18
20,378,ASHAPURMIN,EQ,283031,161070,56.91
20,379,ASHIANA,EQ,58430,38652,66.15
20,380,ASHOKA,EQ,1096502,442237,40.33
20,381,ASHOKLEY,EQ,6350242,3196609,50.34
20,382,ASIANENE,EQ,104543,65767,62.91
20,383,ASIANHOTNR,EQ,2740,1790,65.33
20,384,ASIANPAINT,EQ,1817087,1233701,67.89
20,385,ASIANTILES,EQ,3474193,1282548,36.92
20,386,ASKAUTOLTD,EQ,412833,284057,68.81
20,387,ASMS,EQ,421519,239848,56.90
20,388,ASPINWALL,EQ,4694,3580,76.27
20,389,ASPIRE,SM,4000,4000,100.00
20,390,ASTEC,EQ,36808,24255,65.90
20,391,ASTERDM,EQ,1597319,1198479,75.03
20,392,ASTRAL,EQ,730575,479734,65.67
20,393,ASTRAMICRO,EQ,409960,155955,38.04
20,394,ASTRAZEN,EQ,17778,4297,24.17
20,395,ASTRON,EQ,21757,13274,61.01
20,396,ATAM,EQ,23074,14002,60.68
20,397,ATFL,EQ,105005,66815,63.63
20,398,ATGL,EQ,690233,190945,27.66
20,399,ATL,EQ,303410,170175,56.09
20,400,ATMASTCO,ST,7600,7600,100.00
20,401,ATUL,EQ,36640,15575,42.51
20,402,ATULAUTO,EQ,63931,35353,55.30
20,403,AUBANK,EQ,2860212,1385217,48.43
20,404,AURDIS,SM,6875,6250,90.91
20,405,AURIONPRO,EQ,49220,35764,72.66
20,406,AUROIMPEX,SM,4800,3200,66.67
20,407,AUROPHARMA,EQ,1415065,997264,70.47
20,408,AURUMPP1,X1,9272,9036,97.45
20,409,AUSL,SM,16000,12000,75.00
20,410,AUSOMENT,EQ,49496,24967,50.44
20,411,AUTOAXLES,EQ,16038,10550,65.78
20,412,AUTOBEES,EQ,240654,156872,65.19
20,413,AUTOIETF,EQ,583897,378098,64.75
20,414,AUTOIND,EQ,54270,21470,39.56
20,415,AVADHSUGAR,EQ,33031,17342,52.50
20,416,AVALON,EQ,236694,86039,36.35
20,417,AVANTEL,EQ,603283,296123,49.09
20,418,AVANTIFEED,EQ,208686,95329,45.68
20,419,AVG,EQ,89809,53984,60.11
20,420,AVIANSH,SM,24000,16000,66.67
20,421,AVL,EQ,46731,29968,64.13
20,422,AVPINFRA,ST,125600,125600,100.00
20,423,AVSL,ST,1000,1000,100.00
20,424,AVTNPL,EQ,104080,60872,58.49
20,425,AWFIS,EQ,221063,89678,40.57
20,426,AWHCL,EQ,302866,120244,39.70
20,427,AWL,EQ,1557333,575958,36.98
20,428,AXISBANK,EQ,10353506,7083597,68.42
20,429,AXISBNKETF,EQ,32632,23590,72.29
20,430,AXISBPSETF,EQ,79260,70935,89.50
20,431,AXISCADES,EQ,87241,42986,49.27
20,432,AXISCETF,EQ,6099,4352,71.36
20,433,AXISGOLD,EQ,1240704,1123119,90.52
20,434,AXISHCETF,EQ,15147,14884,98.26
20,435,AXISILVER,EQ,215619,190699,88.44
20,436,AXISNIFTY,EQ,13324,8535,64.06
20,437,AXISTECETF,EQ,1869,1653,88.44
20,438,AXITA,EQ,1893019,846108,44.70
20,439,AXSENSEX,EQ,1334,1130,84.71
20,440,AZAD,EQ,357217,135682,37.98
20,441,BABAFP,SM,17600,12800,72.73
20,442,BAGFILMS,EQ,566047,237104,41.89
20,443,BAHETI,ST,4875,4875,100.00
20,444,BAJAJ-AUTO,EQ,514045,250532,48.74
20,445,BAJAJCON,EQ,348199,144298,41.44
20,446,BAJAJELEC,EQ,30034,15815,52.66
20,447,BAJAJFINSV,EQ,926170,402752,43.49
20,448,BAJAJHCARE,EQ,184405,99131,53.76
20,449,BAJAJHFL,EQ,11427410,4830186,42.27
20,450,BAJAJHIND,EQ,7979307,3292987,41.27
20,451,BAJAJHLDNG,EQ,23227,8091,34.83
20,452,BAJEL,EQ,260513,124414,47.76
20,453,BAJFINANCE,EQ,696262,299038,42.95
20,454,BALAJEE,EQ,143368,75033,52.34
20,455,BALAMINES,EQ,30243,14377,47.54
20,456,BALAXI,EQ,75676,34444,45.52
20,457,BALCO,ST,8400,8400,100.00
20,458,BALKRISHNA,EQ,109714,78538,71.58
20,459,BALKRISIND,EQ,105834,42092,39.77
20,460,BALMLAWRIE,EQ,234483,70747,30.17
20,461,BALRAMCHIN,EQ,469329,205746,43.84
20,462,BALUFORGE,EQ,765718,330945,43.22
20,463,BANARBEADS,EQ,44558,16659,37.39
20,464,BANARISUG,EQ,604,293,48.51
20,465,BANCOINDIA,EQ,235885,94673,40.14
20,466,BANDHANBNK,EQ,8361731,3391665,40.56
20,467,BANG,EQ,18588,9739,52.39
20,468,BANKA,EQ,17791,12470,70.09
20,469,BANKBARODA,EQ,21915311,10111125,46.14
20,470,BANKBEES,EQ,629880,454102,72.09
20,471,BANKBETF,EQ,17041,14117,82.84
20,472,BANKETF,EQ,10663,10105,94.77
20,473,BANKETFADD,EQ,5145,4913,95.49
20,474,BANKIETF,EQ,496028,305959,61.68
20,475,BANKINDIA,EQ,10552466,4337981,41.11
20,476,BANKNIFTY1,EQ,123589,113385,91.74
20,477,BANKPSU,EQ,1435880,1421327,98.99
20,478,BANSALWIRE,EQ,225336,75046,33.30
20,479,BANSWRAS,EQ,51673,31879,61.69
20,480,BARBEQUE,EQ,31579,16622,52.64
20,481,BASF,EQ,21495,10990,51.13
20,482,BASILIC,SM,80100,67800,84.64
20,483,BATAINDIA,EQ,352439,124139,35.22
20,484,BAWEJA,SM,17600,13600,77.27
20,485,BAYERCROP,EQ,16221,6271,38.66
20,486,BBETF0432,EQ,1284,1241,96.65
20,487,BBL,EQ,29631,17884,60.36
20,488,BBNPNBETF,EQ,1990,1230,61.81
20,489,BBNPPGOLD,EQ,360,211,58.61
20,490,BBOX,EQ,668070,417031,62.42
20,491,BBTC,EQ,118567,53752,45.33
20,492,BBTCL,EQ,1862,993,53.33
20,493,BCLIND,EQ,1013458,519792,51.29
20,494,BCONCEPTS,EQ,15514,9917,63.92
20,495,BDL,EQ,942875,372226,39.48
20,496,BEACON,SM,33000,25000,75.76
20,497,BEARDSELL,EQ,87375,59990,68.66
20,498,BECTORFOOD,EQ,59724,27664,46.32
20,499,BEDMUTHA,EQ,44557,16276,36.53
20,500,BEL,EQ,52804364,24740582,46.85
20,501,BEML,EQ,727745,207826,28.56
20,502,BEPL,EQ,770365,352257,45.73
20,503,BERGEPAINT,EQ,2276886,938113,41.20
20,504,BESTAGRO,EQ,138564,72420,52.26
20,505,BETA,SM,7700,6100,79.22
20,506,BEWLTD,SM,9500,7500,78.95
20,507,BFINVEST,EQ,53796,32245,59.94
20,508,BFSI,EQ,185653,111739,60.19
20,509,BGRENERGY,EQ,153355,107804,70.30
20,510,BHAGCHEM,EQ,52314,34796,66.51
20,511,BHAGYANGR,EQ,95756,50697,52.94
20,512,BHANDARI,EQ,261575,171246,65.47
20,513,BHARATFORG,EQ,990250,503048,50.80
20,514,BHARATGEAR,EQ,9418,6354,67.47
20,515,BHARATRAS,EQ,6329,2837,44.83
20,516,BHARATWIRE,EQ,352463,252925,71.76
20,517,BHARTIARTL,EQ,6631728,4019289,60.61
20,518,BHARTIHEXA,EQ,298817,156382,52.33
20,519,BHEL,EQ,23232573,3804895,16.38
20,520,BHINVIT,IV,341562,331455,97.04
20,521,BIGBLOC,EQ,293955,113584,38.64
20,522,BIKAJI,EQ,323821,144242,44.54
20,523,BIKEWO,SM,82000,50000,60.98
20,524,BIOCON,EQ,2183502,873521,40.01
20,525,BIOFILCHEM,EQ,43504,16802,38.62
20,526,BIRDYS,SM,2400,2400,100.00
20,527,BIRET,RR,448332,436995,97.47
20,528,BIRLACABLE,EQ,48943,26510,54.17
20,529,BIRLACORPN,EQ,54794,30172,55.06
20,530,BLAL,EQ,59325,29719,50.10
20,531,BLBLIMITED,EQ,74712,52899,70.80
20,532,BLISSGVS,EQ,586819,260020,44.31
20,533,BLKASHYAP,EQ,211364,131511,62.22
20,534,BLS,EQ,4042634,2124657,52.56
20,535,BLSE,EQ,322687,143269,44.40
20,536,BLUEDART,EQ,12512,3343,26.72
20,537,BLUEJET,EQ,681659,246556,36.17
20,538,BLUEPEBBLE,SM,27200,20800,76.47
20,539,BLUESTARCO,EQ,329427,176730,53.65
20,540,BMETRICS,SM,17600,11200,63.64
20,541,BODALCHEM,EQ,534794,245346,45.88
20,542,BOMDYEING,EQ,1740952,651961,37.45
20,543,BOROLTD,EQ,1330371,358216,26.93
20,544,BORORENEW,EQ,454921,108086,23.76
20,545,BOROSCI,EQ,103628,58407,56.36
20,546,BOSCHLTD,EQ,16879,6058,35.89
20,547,BOSS,SM,40000,8000,20.00
20,548,BPCL,EQ,10787602,4458868,41.33
20,549,BPL,EQ,60763,35636,58.65
20,550,BRACEPORT,SM,36800,36800,100.00
20,551,BRIGADE,EQ,351371,170364,48.49
20,552,BRITANNIA,EQ,233799,122248,52.29
20,553,BRNL,EQ,27775,16915,60.90
20,554,BSE,EQ,3192252,731204,22.91
20,555,BSE500IETF,EQ,373002,180729,48.45
20,556,BSHSL,EQ,10398,7046,67.76
20,557,BSL,EQ,46611,27583,59.18
20,558,BSLGOLDETF,EQ,58580,24836,42.40
20,559,BSLNIFTY,EQ,818634,730348,89.22
20,560,BSLSENETFG,EQ,2493,1715,68.79
20,561,BSOFT,EQ,2941305,858123,29.17
20,562,BTML,EQ,299841,227708,75.94
20,563,BULKCORP,SM,26400,24000,90.91
20,564,BUTTERFLY,EQ,11450,5062,44.21
20,565,BVCL,EQ,23739,13388,56.40
20,566,BYKE,EQ,137021,87475,63.84
20,567,CADSYS,ST,23000,23000,100.00
20,568,CAGL25,N8,9,9,100.00
20,569,CAGL27A,N6,20,20,100.00
20,570,CAMLINFINE,EQ,1587119,799586,50.38
20,571,CAMPUS,EQ,556487,222012,39.90
20,572,CAMS,EQ,344135,136709,39.73
20,573,CANARYS,SM,132000,100000,75.76
20,574,CANBK,EQ,30178638,13570114,44.97
20,575,CANFINHOME,EQ,516391,163491,31.66
20,576,CANTABIL,EQ,82255,56427,68.60
20,577,CAPACITE,EQ,1595836,340295,21.32
20,578,CAPITALSFB,EQ,40115,29200,72.79
20,579,CAPLIPOINT,EQ,129730,59066,45.53
20,580,CARBORUNIV,EQ,160942,98140,60.98
20,581,CARERATING,EQ,79136,44166,55.81
20,582,CARTRADE,EQ,492541,219308,44.53
20,583,CARYSIL,EQ,57755,29378,50.87
20,584,CASTROLIND,EQ,3739743,1353431,36.19
20,585,CBAZAAR,SM,104000,64000,61.54
20,586,CCHHL,EQ,236356,130915,55.39
20,587,CCL,EQ,8473915,363379,4.29
20,588,CDSL,EQ,5565895,1753024,31.50
20,589,CEATLTD,EQ,75514,24811,32.86
20,590,CEIGALL,EQ,520815,239733,46.03
20,591,CELEBRITY,EQ,117681,63522,53.98
20,592,CELLECOR,ST,609000,555000,91.13
20,593,CELLO,EQ,140115,66569,47.51
20,594,CELLPOINT,SM,21600,13200,61.11
20,595,CENTENKA,EQ,54897,34908,63.59
20,596,CENTRALBK,EQ,5566087,1616373,29.04
20,597,CENTRUM,EQ,800409,522006,65.22
20,598,CENTUM,EQ,8964,5473,61.06
20,599,CENTURYPLY,EQ,52209,19739,37.81
20,600,CERA,EQ,8419,3671,43.60
20,601,CESC,EQ,4563269,1877678,41.15
20,602,CGCL,EQ,472686,83604,17.69
20,603,CGPOWER,EQ,2696878,1145929,42.49
20,604,CGRAPHICS,SM,136000,111200,81.76
20,605,CHALET,EQ,115529,28665,24.81
20,606,CHAMBLFERT,EQ,2716343,782116,28.79
20,607,CHAVDA,SM,71000,41000,57.75
20,608,CHEMBOND,EQ,8645,5346,61.84
20,609,CHEMCON,EQ,30635,15703,51.26
20,610,CHEMFAB,EQ,16348,6148,37.61
20,611,CHEMPLASTS,EQ,451852,203443,45.02
20,612,CHENNPETRO,EQ,4372775,566589,12.96
20,613,CHETANA,SM,52800,49600,93.94
20,614,CHEVIOT,EQ,2421,1875,77.45
20,615,CHOICEIN,EQ,734765,206044,28.04
20,616,CHOLAFIN,EQ,1220646,652712,53.47
20,617,CHOLAHLDNG,EQ,168506,121511,72.11
20,618,CIEINDIA,EQ,260217,119632,45.97
20,619,CIFCZC25A,N1,50,50,100.00
20,620,CIFCZC28,NH,10,10,100.00
20,621,CIGNITITEC,EQ,74513,53179,71.37
20,622,CINELINE,EQ,25696,13626,53.03
20,623,CINEVISTA,EQ,25832,18275,70.75
20,624,CIPLA,EQ,2074821,1173883,56.58
20,625,CLEAN,EQ,106603,75926,71.22
20,626,CLOUD,ST,76000,76000,100.00
20,627,CLSEL,EQ,304138,70972,23.34
20,628,CMMIPL,ST,15000,15000,100.00
20,629,CMNL,ST,25500,25500,100.00
20,630,CMRSL,SM,4000,4000,100.00
20,631,CMSINFO,EQ,578338,243344,42.08
20,632,COALINDIA,EQ,9130749,4591224,50.28
20,633,COASTCORP,EQ,43677,32947,75.43
20,634,COFORGE,EQ,851072,362523,42.60
20,635,COLPAL,EQ,456289,259725,56.92
20,636,COMMITTED,SM,9600,6400,66.67
20,637,COMMOIETF,EQ,38373,26000,67.76
20,638,COMPUSOFT,EQ,60722,42740,70.39
20,639,COMSYN,EQ,42160,7431,17.63
20,640,CONCOR,EQ,1067959,476766,44.64
20,641,CONCORDBIO,EQ,36096,16421,45.49
20,642,CONFIPET,EQ,548039,280596,51.20
20,643,CONS,EQ,11420,7095,62.13
20,644,CONSOFINVT,EQ,8182,5679,69.41
20,645,CONSUMBEES,EQ,296290,177767,60.00
20,646,CONSUMIETF,EQ,340388,316200,92.89
20,647,CONTROLPR,EQ,23756,14940,62.89
20,648,COOLCAPS,ST,16500,15500,93.94
20,649,CORDSCABLE,EQ,51964,30340,58.39
20,650,COROMANDEL,EQ,330133,154134,46.69
20,651,COSMOFIRST,EQ,39856,25148,63.10
20,652,COUNCODOS,EQ,92644,72537,78.30
20,653,CPS,ST,11400,10800,94.74
20,654,CPSEETF,EQ,2111195,947600,44.88
20,655,CRAFTSMAN,EQ,20009,8485,42.41
20,656,CRAYONS,SM,15000,12000,80.00
20,657,CREATIVE,EQ,20736,12963,62.51
20,658,CREDITACC,EQ,233579,102989,44.09
20,659,CREST,EQ,29512,16578,56.17
20,660,CRISIL,EQ,72480,24540,33.86
20,661,CROMPTON,EQ,1168854,425706,36.42
20,662,CSBBANK,EQ,125766,62486,49.68
20,663,CSLFINANCE,EQ,152608,129703,84.99
20,664,CUB,EQ,3825703,1256631,32.85
20,665,CUBEXTUB,EQ,29548,20189,68.33
20,666,CUMMINSIND,EQ,884916,376806,42.58
20,667,CUPID,EQ,396743,274089,69.08
20,668,CYBERMEDIA,EQ,215050,92271,42.91
20,669,CYIENT,EQ,453590,248075,54.69
20,670,CYIENTDLM,EQ,770542,323612,42.00
20,671,DABUR,EQ,2368331,1269540,53.60
20,672,DALBHARAT,EQ,163020,103861,63.71
20,673,DALMIASUG,EQ,45540,18893,41.49
20,674,DAMODARIND,EQ,3421,1764,51.56
20,675,DANGEE,EQ,165376,114902,69.48
20,676,DANISH,ST,31200,31200,100.00
20,677,DATAMATICS,EQ,150756,56913,37.75
20,678,DATAPATTNS,EQ,201980,59314,29.37
20,679,DAVANGERE,EQ,1944815,1116210,57.39
20,680,DBCORP,EQ,125926,50844,40.38
20,681,DBEIL,EQ,631348,255999,40.55
20,682,DBL,EQ,115777,46267,39.96
20,683,DBOL,EQ,95956,48188,50.22
20,684,DBREALTY,EQ,4621556,1694121,36.66
20,685,DBSTOCKBRO,EQ,31986,23953,74.89
20,686,DCAL,EQ,354854,166461,46.91
20,687,DCBBANK,EQ,1084193,483569,44.60
20,688,DCG,SM,44400,37200,83.78
20,689,DCI,EQ,8851,5465,61.74
20,690,DCMNVL,EQ,12311,9809,79.68
20,691,DCMSHRIRAM,EQ,226976,70668,31.13
20,692,DCMSRIND,EQ,96602,62295,64.49
20,693,DCW,EQ,6814311,2527460,37.09
20,694,DCXINDIA,EQ,329427,196918,59.78
20,695,DECCANCE,EQ,8441,6314,74.80
20,696,DECCANTRAN,SM,50400,31200,61.90
20,697,DEEDEV,EQ,100216,46978,46.88
20,698,DEEM,SM,7000,6000,85.71
20,699,DEEPAKFERT,EQ,1263313,360322,28.52
20,700,DEEPAKNTR,EQ,356455,91424,25.65
20,701,DEEPINDS,EQ,1079860,317775,29.43
20,702,DELAPLEX,SM,24000,21000,87.50
20,703,DELHIVERY,EQ,1090774,632354,57.97
20,704,DELPHIFX,EQ,5541,3335,60.19
20,705,DELTACORP,EQ,1004714,416195,41.42
20,706,DELTAMAGNT,EQ,4756,2190,46.05
20,707,DEN,EQ,863626,328664,38.06
20,708,DENEERS,SM,75000,64200,85.60
20,709,DENORA,EQ,7608,4756,62.51
20,710,DENTALKART,SM,17500,11750,67.14
20,711,DESTINY,ST,24000,24000,100.00
20,712,DEVIT,EQ,117274,56417,48.11
20,713,DEVYANI,EQ,629936,373068,59.22
20,714,DHAMPURSUG,EQ,179011,79616,44.48
20,715,DHANBANK,EQ,460288,224737,48.83
20,716,DHANI,EQ,11228141,4772723,42.51
20,717,DHANUKA,EQ,171918,48320,28.11
20,718,DHARIWAL,SM,2400,2400,100.00
20,719,DHARMAJ,EQ,104268,60952,58.46
20,720,DHRUV,EQ,40024,32253,80.58
20,721,DHTL,ST,3200,1600,50.00
20,722,DHUNINV,EQ,1909,1265,66.27
20,723,DIAMINESQ,EQ,9351,4795,51.28
20,724,DIAMONDYD,EQ,203264,104686,51.50
20,725,DIFFNKG,EQ,884023,252203,28.53
20,726,DIGIDRIVE,EQ,38660,18499,47.85
20,727,DIGIKORE,SM,23600,16600,70.34
20,728,DIL,EQ,3834344,780303,20.35
20,729,DISHTV,EQ,4585338,1927979,42.05
20,730,DIVGIITTS,EQ,38300,29156,76.13
20,731,DIVISLAB,EQ,619492,372202,60.08
20,732,DIVOPPBEES,EQ,73495,37867,51.52
20,733,DIVYADHAN,SM,16000,14000,87.50
20,734,DIXON,EQ,2081159,388170,18.65
20,735,DJML,EQ,135255,58025,42.90
20,736,DKEGL,SM,4500,1500,33.33
20,737,DLF,EQ,2936349,1114184,37.94
20,738,DLINKINDIA,EQ,298254,123863,41.53
20,739,DLSL25,NW,10,10,100.00
20,740,DMART,EQ,357725,238887,66.78
20,741,DMCC,EQ,196583,132322,67.31
20,742,DODLA,EQ,110243,70129,63.61
20,743,DOLATALGO,EQ,490138,259894,53.02
20,744,DOLLAR,EQ,80510,40904,50.81
20,745,DOLLEX,SM,20000,20000,100.00
20,746,DOMS,EQ,55773,16667,29.88
20,747,DPABHUSHAN,EQ,25127,7730,30.76
20,748,DPEL,SM,246000,171000,69.51
20,749,DPSCLTD,EQ,255682,157167,61.47
20,750,DPWIRES,EQ,17003,8371,49.23
20,751,DRCSYSTEMS,EQ,159294,118435,74.35
20,752,DREAMFOLKS,EQ,70615,37898,53.67
20,753,DREDGECORP,EQ,28441,15425,54.24
20,754,DRONE,ST,37000,35500,95.95
20,755,DRREDDY,EQ,3908554,1557923,39.86
20,756,DRSDILIP,ST,1600,1600,100.00
20,757,DSSL,EQ,31902,15405,48.29
20,758,DTIL,EQ,28462,14156,49.74
20,759,DTL,SM,24000,19200,80.00
20,760,DUCOL,SM,20800,12800,61.54
20,761,DUCON,EQ,834915,566122,67.81
20,762,DUGLOBAL,SM,52500,37500,71.43
20,763,DURLAX,SM,22000,20000,90.91
20,764,DVL,EQ,37541,24699,65.79
20,765,DWARKESH,EQ,636069,248378,39.05
20,766,DYCL,EQ,222079,88546,39.87
20,767,DYNAMATECH,EQ,9360,3224,34.44
20,768,DYNAMIC,ST,6000,6000,100.00
20,769,EASEMYTRIP,EQ,19817461,5735646,28.94
20,770,EBANKNIFTY,EQ,1970,1736,88.12
20,771,EBBETF0425,EQ,4032,3991,98.98
20,772,EBBETF0430,EQ,15143,12138,80.16
20,773,EBBETF0431,EQ,6386,5536,86.69
20,774,EBBETF0433,EQ,3367,3245,96.38
20,775,ECLERX,EQ,1390879,332642,23.92
20,776,ECOSMOBLTY,EQ,519209,112762,21.72
20,777,EDELWEISS,EQ,5012922,2837041,56.59
20,778,EFACTOR,SM,28800,24000,83.33
20,779,EFFWA,ST,146000,141600,96.99
20,780,EFORCE,SM,24000,18000,75.00
20,781,EGOLD,EQ,104495,100783,96.45
20,782,EICHERMOT,EQ,370356,225655,60.93
20,783,EIDPARRY,EQ,321510,167520,52.10
20,784,EIHAHOTELS,EQ,12327,7295,59.18
20,785,EIHOTEL,EQ,580828,362877,62.48
20,786,EIMCOELECO,EQ,4773,2500,52.38
20,787,EKC,EQ,741925,296708,39.99
20,788,ELDEHSG,EQ,1607,882,54.88
20,789,ELECON,EQ,384308,182714,47.54
20,790,ELECTCAST,EQ,1220281,590307,48.37
20,791,ELGIEQUIP,EQ,62103,25119,40.45
20,792,ELGIRUBCO,EQ,905510,265694,29.34
20,793,ELIN,EQ,305514,130629,42.76
20,794,EMAMILTD,EQ,518581,347676,67.04
20,795,EMAMIPAP,EQ,65881,33595,50.99
20,796,EMAMIREAL,EQ,49630,26384,53.16
20,797,EMBASSY,RR,243846,228226,93.59
20,798,EMBDL,EQ,11687018,3741826,32.02
20,799,EMCURE,EQ,47066,27275,57.95
20,800,EMIL,EQ,758644,432959,57.07
20,801,EMKAYTOOLS,SM,20550,15150,73.72
20,802,EMMBI,EQ,66791,38463,57.59
20,803,EMMIL,SM,5000,4250,85.00
20,804,EMSLIMITED,EQ,322314,176010,54.61
20,805,EMUDHRA,EQ,89753,39154,43.62
20,806,ENDURANCE,EQ,201573,160299,79.52
20,807,ENERGYDEV,EQ,66399,40998,61.74
20,808,ENFUSE,SM,5400,3600,66.67
20,809,ENGINERSIN,EQ,2792942,850720,30.46
20,810,ENIL,EQ,33557,18585,55.38
20,811,ENSER,ST,1000,1000,100.00
20,812,ENTERO,EQ,73229,43083,58.83
20,813,ENVIRO,SM,168000,104000,61.90
20,814,EPIGRAL,EQ,45240,21804,48.20
20,815,EPL,EQ,2453965,1145715,46.69
20,816,EQUAL50ADD,EQ,15690,13825,88.11
20,817,EQUITASBNK,EQ,1302794,703287,53.98
20,818,ERIS,EQ,85855,51568,60.06
20,819,ESABINDIA,EQ,3431,1712,49.90
20,820,ESAFSFB,EQ,365777,200542,54.83
20,821,ESCONET,ST,8800,8800,100.00
20,822,ESCORTS,EQ,118432,40457,34.16
20,823,ESFL,ST,81300,79800,98.15
20,824,ESG,EQ,13642,12507,91.68
20,825,ESILVER,EQ,140259,134638,95.99
20,826,ESPRIT,SM,14400,9600,66.67
20,827,ESTER,EQ,1225805,521781,42.57
20,828,ETHOSLTD,EQ,22103,11570,52.35
20,829,EUREKAFORB,EQ,1110507,615002,55.38
20,830,EUROBOND,SM,3000,3000,100.00
20,831,EVEREADY,EQ,89563,38053,42.49
20,832,EVERESTIND,EQ,55384,22227,40.13
20,833,EVINDIA,EQ,383413,261630,68.24
20,834,EXCEL,EQ,7230195,7120937,98.49
20,835,EXCELINDUS,EQ,30069,18147,60.35
20,836,EXCELLENT,SM,6400,6400,100.00
20,837,EXICOM,EQ,1646306,648146,39.37
20,838,EXIDEIND,EQ,2832331,643268,22.71
20,839,EXPLEOSOL,EQ,11472,6327,55.15
20,840,EXXARO,EQ,75795,25089,33.10
20,841,FACT,EQ,254244,64334,25.30
20,842,FAIRCHEMOR,EQ,23786,13941,58.61
20,843,FALCONTECH,SM,4800,3600,75.00
20,844,FAZE3Q,EQ,12221,8774,71.79
20,845,FCL,EQ,191004,86179,45.12
20,846,FCSSOFT,EQ,16697167,8922194,53.44
20,847,FDC,EQ,97942,35686,36.44
20,848,FEDERALBNK,EQ,10938474,5534573,50.60
20,849,FEDFINA,EQ,174593,96491,55.27
20,850,FELIX,ST,14500,14500,100.00
20,851,FIBERWEB,EQ,625235,348628,55.76
20,852,FIDEL,SM,7000,7000,100.00
20,853,FIEMIND,EQ,45524,27120,59.57
20,854,FILATEX,EQ,1252486,638289,50.96
20,855,FINCABLES,EQ,149679,85574,57.17
20,856,FINEORG,EQ,20817,7137,34.28
20,857,FINIETF,EQ,109899,76879,69.95
20,858,FINOPB,EQ,73076,41179,56.35
20,859,FINPIPE,EQ,508066,200418,39.45
20,860,FIRSTCRY,EQ,273307,123337,45.13
20,861,FIVESTAR,EQ,5252923,3563005,67.83
20,862,FLAIR,EQ,32652,24205,74.13
20,863,FLUOROCHEM,EQ,129557,76004,58.66
20,864,FMCGIETF,EQ,811798,674455,83.08
20,865,FMGOETZE,EQ,57440,38650,67.29
20,866,FONEBOX,SM,1000,1000,100.00
20,867,FOODSIN,EQ,155525,77554,49.87
20,868,FORCAS,SM,14400,14400,100.00
20,869,FORCEMOT,EQ,29305,14728,50.26
20,870,FORGEAUTO,SM,20400,14400,70.59
20,871,FORTIS,EQ,1211960,910215,75.10
20,872,FOSECOIND,EQ,1106,729,65.91
20,873,FRESHARA,ST,255600,234000,91.55
20,874,FROG,SM,31200,23200,74.36
20,875,FSL,EQ,13471973,2364270,17.55
20,876,FUSION,EQ,350358,209103,59.68
20,877,GABRIEL,EQ,138379,76083,54.98
20,878,GAEL,EQ,786526,290034,36.88
20,879,GAIL,EQ,40549292,10807708,26.65
20,880,GAJANAND,ST,24000,24000,100.00
20,881,GALAPREC,EQ,78027,28871,37.00
20,882,GALAXYSURF,EQ,6845,3574,52.21
20,883,GANDHAR,EQ,2130348,453415,21.28
20,884,GANDHITUBE,EQ,2462,1113,45.21
20,885,GANECOS,EQ,90765,35338,38.93
20,886,GANESHBE,EQ,82248,36504,44.38
20,887,GANESHHOUC,EQ,464750,165293,35.57
20,888,GANGAFORGE,EQ,75759,75759,100.00
20,889,GANGESSECU,EQ,18195,7376,40.54
20,890,GARFIBRES,EQ,7936,3394,42.77
20,891,GARUDA,EQ,487289,176302,36.18
20,892,GATEWAY,EQ,558380,214002,38.33
20,893,GEECEE,EQ,25941,15328,59.09
20,894,GENCON,EQ,128592,42399,32.97
20,895,GENESYS,EQ,973579,417342,42.87
20,896,GENSOL,EQ,143831,69467,48.30
20,897,GENUSPAPER,EQ,486008,269483,55.45
20,898,GENUSPOWER,EQ,1602545,705843,44.05
20,899,GEOJITFSL,EQ,639464,329259,51.49
20,900,GEPIL,EQ,1350694,506795,37.52
20,901,GESHIP,EQ,784028,499899,63.76
20,902,GGBL,SM,433200,282000,65.10
20,903,GHCL,EQ,102601,48137,46.92
20,904,GHCLTEXTIL,EQ,189610,69743,36.78
20,905,GICHSGFIN,EQ,125877,54659,43.42
20,906,GICL,SM,15000,15000,100.00
20,907,GICRE,EQ,364928,178295,48.86
20,908,GILLANDERS,EQ,20515,14315,69.78
20,909,GILLETTE,EQ,82553,25459,30.84
20,910,GILT5YBEES,EQ,129011,77514,60.08
20,911,GINNIFILA,EQ,230458,97438,42.28
20,912,GIPCL,EQ,221190,127008,57.42
20,913,GIRIRAJ,SM,250,250,100.00
20,914,GKWLIMITED,EQ,7415,6147,82.90
20,915,GLAND,EQ,1032883,126041,12.20
20,916,GLAXO,EQ,87403,48787,55.82
20,917,GLENMARK,EQ,621234,270920,43.61
20,918,GLOBAL,EQ,26351,19559,74.22
20,919,GLOBALPET,SM,30000,24000,80.00
20,920,GLOBE,EQ,1396130,967026,69.26
20,921,GLOBUSSPR,EQ,194175,69666,35.88
20,922,GLOSTERLTD,EQ,2280,1831,80.31
20,923,GLS,EQ,67208,30334,45.13
20,924,GMBREW,EQ,42965,17751,41.32
20,925,GMDCLTD,EQ,1762398,545686,30.96
20,926,GMMPFAUDLR,EQ,53615,26171,48.81
20,927,GMRINFRA,EQ,22714681,11139045,49.04
20,928,GMRP&UI,EQ,2711345,1456991,53.74
20,929,GNA,EQ,29003,14222,49.04
20,930,GNFC,EQ,387135,165272,42.69
20,931,GOACARBON,EQ,48072,17928,37.29
20,932,GOCLCORP,EQ,52766,36108,68.43
20,933,GOCOLORS,EQ,126743,108850,85.88
20,934,GODAVARIB,EQ,395598,229320,57.97
20,935,GODFRYPHLP,EQ,53881,23079,42.83
20,936,GODHA,EQ,8926198,6181370,69.25
20,937,GODIGIT,EQ,283904,175319,61.75
20,938,GODREJAGRO,EQ,119038,66637,55.98
20,939,GODREJCP,EQ,518986,323590,62.35
20,940,GODREJIND,EQ,59333,25451,42.90
20,941,GODREJPROP,EQ,298829,95942,32.11
20,942,GOKEX,EQ,67451,30582,45.34
20,943,GOKUL,EQ,5610774,1187615,21.17
20,944,GOKULAGRO,EQ,173556,104616,60.28
20,945,GOLD1,EQ,861671,508005,58.96
20,946,GOLDBEES,EQ,14998583,9541909,63.62
20,947,GOLDCASE,EQ,1034904,716847,69.27
20,948,GOLDETF,EQ,366415,207274,56.57
20,949,GOLDETFADD,EQ,51520,47451,92.10
20,950,GOLDIAM,EQ,754267,351491,46.60
20,951,GOLDIETF,EQ,3064063,2547062,83.13
20,952,GOLDKART,ST,1875,1875,100.00
20,953,GOLDSHARE,EQ,435636,211518,48.55
20,954,GOLDSTAR,SM,112500,56250,50.00
20,955,GOODLUCK,EQ,78444,40109,51.13
20,956,GOPAL,EQ,643865,265062,41.17
20,957,GOYALALUM,EQ,182802,114548,62.66
20,958,GOYALSALT,SM,73800,57600,78.05
20,959,GPECO,SM,139200,88200,63.36
20,960,GPIL,EQ,1627134,725774,44.60
20,961,GPPL,EQ,2213348,673076,30.41
20,962,GPTHEALTH,EQ,98389,57139,58.07
20,963,GPTINFRA,EQ,105983,67636,63.82
20,964,GRANULES,EQ,6689253,1915914,28.64
20,965,GRAPHISAD,ST,38400,33600,87.50
20,966,GRAPHITE,EQ,353036,136692,38.72
20,967,GRASIM,EQ,455842,247559,54.31
20,968,GRASIMPP1,E1,8989,6526,72.60
20,969,GRAVITA,EQ,226171,83450,36.90
20,970,GRCL,ST,1250,1250,100.00
20,971,GREAVESCOT,EQ,1590302,727041,45.72
20,972,GREENCHEF,SM,17600,13600,77.27
20,973,GREENLAM,EQ,50771,22731,44.77
20,974,GREENPANEL,EQ,120015,57924,48.26
20,975,GREENPLY,EQ,285752,80247,28.08
20,976,GREENPOWER,EQ,4608560,1990028,43.18
20,977,GRETEX,ST,55500,55500,100.00
20,978,GRINDWELL,EQ,20674,7644,36.97
20,979,GRINFRA,EQ,32425,13896,42.86
20,980,GRMOVER,EQ,92252,39110,42.39
20,981,GROWWDEFNC,EQ,247663,145509,58.75
20,982,GROWWEV,EQ,825235,625530,75.80
20,983,GROWWGOLD,EQ,2075048,1928588,92.94
20,984,GROWWLIQID,EQ,697767,664331,95.21
20,985,GRPLTD,EQ,2412,2062,85.49
20,986,GRSE,EQ,517034,163038,31.53
20,987,GRWRHITECH,EQ,88002,36305,41.25
20,988,GSEC10IETF,EQ,3756,2405,64.03
20,989,GSEC10YEAR,EQ,2865,2807,97.98
20,990,GSEC5IETF,EQ,805,571,70.93
20,991,GSFC,EQ,1314131,593618,45.17
20,992,GSLSU,EQ,124974,53966,43.18
20,993,GSMFOILS,ST,42000,40000,95.24
20,994,GSPL,EQ,675851,363778,53.83
20,995,GSS,EQ,93773,76478,81.56
20,996,GSTL,SM,181000,175000,96.69
20,997,GTL,EQ,752208,364833,48.50
20,998,GTLINFRA,EQ,77194586,27506851,35.63
20,999,GTPL,EQ,48104,26792,55.70
20,1000,GUFICBIO,EQ,219719,71755,32.66
20,1001,GUJALKALI,EQ,177798,72298,40.66
20,1002,GUJGASLTD,EQ,811267,314989,38.83
20,1003,GUJRAFFIA,EQ,3505,1400,39.94
20,1004,GULFOILLUB,EQ,191276,83425,43.61
20,1005,GULFPETRO,EQ,1014306,366355,36.12
20,1006,GULPOLY,EQ,537563,235823,43.87
20,1007,GVPTECH,EQ,69404,44722,64.44
20,1008,HAL,EQ,1228872,361217,29.39
20,1009,HAPPSTMNDS,EQ,382402,196865,51.48
20,1010,HAPPYFORGE,EQ,12350,7906,64.02
20,1011,HARDWYN,EQ,317173,134899,42.53
20,1012,HARIOMPIPE,EQ,119222,56812,47.65
20,1013,HARSHA,EQ,40601,19902,49.02
20,1014,HATHWAY,EQ,1786838,786641,44.02
20,1015,HATSUN,EQ,89657,36683,40.91
20,1016,HAVELLS,EQ,980220,583899,59.57
20,1017,HBLPOWER,EQ,1158322,367348,31.71
20,1018,HCC,EQ,14547441,4212509,28.96
20,1019,HCG,EQ,254318,133085,52.33
20,1020,HCLTECH,EQ,3477029,1556125,44.75
20,1021,HDFCAMC,EQ,618525,324014,52.38
20,1022,HDFCBANK,EQ,13893955,8170849,58.81
20,1023,HDFCBSE500,EQ,87620,72083,82.27
20,1024,HDFCGOLD,EQ,2113989,1306504,61.80
20,1025,HDFCGROWTH,EQ,7812,5192,66.46
20,1026,HDFCLIFE,EQ,2878220,1444672,50.19
20,1027,HDFCLIQUID,EQ,5733,5732,99.98
20,1028,HDFCLOWVOL,EQ,19134,17146,89.61
20,1029,HDFCMID150,EQ,390682,247481,63.35
20,1030,HDFCMOMENT,EQ,340440,267117,78.46
20,1031,HDFCNEXT50,EQ,122593,90941,74.18
20,1032,HDFCNIF100,EQ,74112,43527,58.73
20,1033,HDFCNIFBAN,EQ,4057845,4021213,99.10
20,1034,HDFCNIFIT,EQ,35532,21989,61.89
20,1035,HDFCNIFTY,EQ,62522,35577,56.90
20,1036,HDFCPSUBK,EQ,174464,156701,89.82
20,1037,HDFCPVTBAN,EQ,80385,74024,92.09
20,1038,HDFCQUAL,EQ,31092,27260,87.68
20,1039,HDFCSENSEX,EQ,110853,98030,88.43
20,1040,HDFCSILVER,EQ,720100,410401,56.99
20,1041,HDFCSML250,EQ,815670,616266,75.55
20,1042,HDFCVALUE,EQ,6146,4344,70.68
20,1043,HEADSUP,EQ,36001,21843,60.67
20,1044,HEALTHADD,EQ,103,90,87.38
20,1045,HEALTHIETF,EQ,89384,56097,62.76
20,1046,HEALTHY,EQ,355894,219235,61.60
20,1047,HECPROJECT,EQ,18035,17978,99.68
20,1048,HEG,EQ,384892,144837,37.63
20,1049,HEIDELBERG,EQ,666523,268801,40.33
20,1050,HEMIPROP,EQ,359906,148963,41.39
20,1051,HERANBA,EQ,595804,260795,43.77
20,1052,HERCULES,EQ,49753,26167,52.59
20,1053,HERITGFOOD,EQ,581347,405874,69.82
20,1054,HEROMOTOCO,EQ,602657,313195,51.97
20,1055,HESTERBIO,EQ,12312,10124,82.23
20,1056,HEUBACHIND,EQ,76383,46925,61.43
20,1057,HEXATRADEX,EQ,2225,1435,64.49
20,1058,HFCL,EQ,23012805,6680583,29.03
20,1059,HGINFRA,EQ,112238,51343,45.74
20,1060,HGS,EQ,18052,9046,50.11
20,1061,HIGREEN,ST,31200,31200,100.00
20,1062,HIKAL,EQ,452236,113715,25.15
20,1063,HIL,EQ,11345,8053,70.98
20,1064,HILTON,EQ,106123,66404,62.57
20,1065,HIMATSEIDE,EQ,1122413,517232,46.08
20,1066,HINDALCO,EQ,5500043,1817949,33.05
20,1067,HINDCOMPOS,EQ,18269,6387,34.96
20,1068,HINDCON,EQ,51023,29373,57.57
20,1069,HINDCOPPER,EQ,6431475,1660182,25.81
20,1070,HINDOILEXP,EQ,413526,163240,39.48
20,1071,HINDPETRO,EQ,8284664,3177994,38.36
20,1072,HINDUNILVR,EQ,1219166,712231,58.42
20,1073,HINDWAREAP,EQ,74690,38541,51.60
20,1074,HINDZINC,EQ,11690198,7305277,62.49
20,1075,HIRECT,EQ,262144,97840,37.32
20,1076,HISARMETAL,EQ,11431,5840,51.09
20,1077,HITECH,EQ,3346716,1088981,32.54
20,1078,HITECHCORP,EQ,24630,14962,60.75
20,1079,HLEGLAS,EQ,80739,41565,51.48
20,1080,HLVLTD,EQ,971375,450023,46.33
20,1081,HMAAGRO,EQ,342575,173906,50.76
20,1082,HMVL,EQ,65551,24517,37.40
20,1083,HNDFDS,EQ,51807,23229,44.84
20,1084,HNGSNGBEES,EQ,711243,423015,59.48
20,1085,HOACFOODS,SM,2250,2250,100.00
20,1086,HOLMARC,ST,15000,15000,100.00
20,1087,HOMEFIRST,EQ,188499,99891,52.99
20,1088,HOMESFY,SM,1800,1800,100.00
20,1089,HONASA,EQ,329671,167606,50.84
20,1090,HONAUT,EQ,7128,2952,41.41
20,1091,HONDAPOWER,EQ,4530,1933,42.67
20,1092,HPAL,EQ,131335,78943,60.11
20,1093,HPIL,EQ,4240,1281,30.21
20,1094,HPL,EQ,88565,52221,58.96
20,1095,HRHNEXT,ST,37500,37500,100.00
20,1096,HSCL,EQ,981899,509267,51.87
20,1097,HTMEDIA,EQ,182021,81871,44.98
20,1098,HUDCO,EQ,5210542,1728369,33.17
20,1099,HUHTAMAKI,EQ,235847,164982,69.95
20,1100,HVAX,SM,11100,7500,67.57
20,1101,HYUNDAI,EQ,903413,461339,51.07
20,1102,IBLFL,ST,6000,6000,100.00
20,1103,ICCL25,NS,88,50,56.82
20,1104,ICDSLTD,EQ,5829,4186,71.81
20,1105,ICEMAKE,EQ,38884,21390,55.01
20,1106,ICICIB22,EQ,1291934,1025584,79.38
20,1107,ICICIBANK,EQ,12037405,7356098,61.11
20,1108,ICICIGI,EQ,374768,240770,64.25
20,1109,ICICIPRULI,EQ,864875,287592,33.25
20,1110,ICIL,EQ,426542,284538,66.71
20,1111,ICRA,EQ,6756,2778,41.12
20,1112,IDBI,EQ,6922070,2947829,42.59
20,1113,IDEA,EQ,368621189,88279491,23.95
20,1114,IDEAFORGE,EQ,414023,161338,38.97
20,1115,IDEALTECHO,SM,9000,6000,66.67
20,1116,IDFCFIRSTB,EQ,31126506,15855590,50.94
20,1117,IDFNIFTYET,EQ,2846,2233,78.46
20,1118,IEL,EQ,396457,267639,67.51
20,1119,IEML,SM,36000,21000,58.33
20,1120,IEX,EQ,6112577,1889696,30.91
20,1121,IFBAGRO,EQ,7620,6430,84.38
20,1122,IFBIND,EQ,179000,74654,41.71
20,1123,IFCI,EQ,23480546,8884072,37.84
20,1124,IFCIZC24,NI,16,16,100.00
20,1125,IFGLEXPOR,EQ,6494,3962,61.01
20,1126,IGARASHI,EQ,413289,134461,32.53
20,1127,IGL,EQ,1861448,860690,46.24
20,1128,IGPL,EQ,22410,13003,58.02
20,1129,IIFL,EQ,4209037,1656590,39.36
20,1130,IIFLSEC,EQ,687562,364531,53.02
20,1131,IIFLZC25C,N8,116,116,100.00
20,1132,IKIO,EQ,98419,35013,35.58
20,1133,IMAGICAA,EQ,612361,321874,52.56
20,1134,IMC1,N0,42,42,100.00
20,1135,IMC1,N1,50,50,100.00
20,1136,IMC1,N2,50,50,100.00
20,1137,IMFA,EQ,202847,93855,46.27
20,1138,IMPAL,EQ,2374,1109,46.71
20,1139,INDBANK,EQ,31073,17072,54.94
20,1140,INDGN,EQ,399290,172462,43.19
20,1141,INDHOTEL,EQ,2440822,1115765,45.71
20,1142,INDIACEM,EQ,236239,151130,63.97
20,1143,INDIAGLYCO,EQ,224069,80202,35.79
20,1144,INDIAMART,EQ,360009,201733,56.04
20,1145,INDIANB,EQ,1339593,757493,56.55
20,1146,INDIANCARD,EQ,4281,2093,48.89
20,1147,INDIANHUME,EQ,58801,24985,42.49
20,1148,INDIASHLTR,EQ,61719,37685,61.06
20,1149,INDIGO,EQ,1106076,673311,60.87
20,1150,INDIGOPNTS,EQ,121042,46320,38.27
20,1151,INDIGRID,IV,454748,415422,91.35
20,1152,INDNIPPON,EQ,7679,3615,47.08
20,1153,INDOAMIN,EQ,240392,115737,48.15
20,1154,INDOBORAX,EQ,75365,33947,45.04
20,1155,INDOCO,EQ,47665,30513,64.02
20,1156,INDORAMA,EQ,119200,61977,51.99
20,1157,INDOSTAR,EQ,133577,87070,65.18
20,1158,INDOUS,EQ,3956,1312,33.16
20,1159,INDOWIND,EQ,197824,102347,51.74
20,1160,INDRAMEDCO,EQ,225183,101668,45.15
20,1161,INDSWFTLTD,EQ,102980,49805,48.36
20,1162,INDTERRAIN,EQ,126189,77109,61.11
20,1163,INDUSINDBK,EQ,7153974,4360433,60.95
20,1164,INDUSTOWER,EQ,4103190,2100765,51.20
20,1165,INFIBEAM,EQ,6042728,2643386,43.74
20,1166,INFINIUM,ST,9500,9500,100.00
20,1167,INFOBEAN,EQ,60816,31593,51.95
20,1168,INFOLLION,SM,40000,28800,72.00
20,1169,INFRABEES,EQ,16648,10116,60.76
20,1170,INFRAIETF,EQ,244731,185591,75.83
20,1171,INFY,EQ,10421494,6633255,63.65
20,1172,INGERRAND,EQ,33645,9512,28.27
20,1173,INM,SM,4800,4800,100.00
20,1174,INNOMET,SM,3600,2400,66.67
20,1175,INNOVACAP,EQ,83491,42693,51.13
20,1176,INNOVANA,SM,6200,4600,74.19
20,1177,INOXGREEN,EQ,1537866,706664,45.95
20,1178,INOXINDIA,EQ,55579,26638,47.93
20,1179,INOXWIND,EQ,4687021,1761663,37.59
20,1180,INSECTICID,EQ,20943,11968,57.15
20,1181,INSPIRE,SM,8000,4000,50.00
20,1182,INTELLECT,EQ,1007198,289498,28.74
20,1183,INTERARCH,EQ,184793,65405,35.39
20,1184,INTLCONV,EQ,166626,87165,52.31
20,1185,INVENTURE,EQ,2815811,1570262,55.77
20,1186,IOB,EQ,5204537,1546841,29.72
20,1187,IOC,EQ,18107864,6796134,37.53
20,1188,IOLCP,EQ,242557,104809,43.21
20,1189,IONEXCHANG,EQ,663376,241435,36.39
20,1190,IPCALAB,EQ,260678,59541,22.84
20,1191,IPHL,ST,15600,15600,100.00
20,1192,IPL,EQ,325416,168694,51.84
20,1193,IPSL,ST,12000,12000,100.00
20,1194,IRB,EQ,13274526,5057044,38.10
20,1195,IRBINVIT,IV,190171,166255,87.42
20,1196,IRCON,EQ,4435966,1279517,28.84
20,1197,IRCTC,EQ,3702637,884892,23.90
20,1198,IREDA,EQ,5561341,2055576,36.96
20,1199,IRFC,EQ,18123332,4416954,24.37
20,1200,IRISDOREME,EQ,60003,25708,42.84
20,1201,IRMENERGY,EQ,55197,28843,52.25
20,1202,ISEC,EQ,63777,22082,34.62
20,1203,ISGEC,EQ,27753,14177,51.08
20,1204,ISHAN,ST,432000,432000,100.00
20,1205,IT,EQ,74107,59764,80.65
20,1206,ITALIANE,ST,14000,14000,100.00
20,1207,ITBEES,EQ,6322895,3714484,58.75
20,1208,ITC,EQ,11313985,7242449,64.01
20,1209,ITDC,EQ,17202,7527,43.76
20,1210,ITDCEM,EQ,721425,386833,53.62
20,1211,ITETF,EQ,349681,206411,59.03
20,1212,ITETFADD,EQ,23807,13454,56.51
20,1213,ITI,EQ,465845,146722,31.50
20,1214,ITIETF,EQ,2388911,2038148,85.32
20,1215,IVC,EQ,324568,223156,68.75
20,1216,IVP,EQ,13034,8597,65.96
20,1217,IVZINGOLD,EQ,1124,1058,94.13
20,1218,IVZINNIFTY,EQ,42,35,83.33
20,1219,IXIGO,EQ,370207,166775,45.05
20,1220,JAGRAN,EQ,167296,108502,64.86
20,1221,JAGSNPHARM,EQ,163652,54282,33.17
20,1222,JAIBALAJI,EQ,103302,54084,52.36
20,1223,JAICORPLTD,EQ,418881,167545,40.00
20,1224,JAINAM,SM,7000,6000,85.71
20,1225,JAIPURKURT,EQ,99476,29923,30.08
20,1226,JALAN,SM,60000,51000,85.00
20,1227,JAMNAAUTO,EQ,1154551,553963,47.98
20,1228,JASH,EQ,226354,150060,66.29
20,1229,JAYAGROGN,EQ,27509,16048,58.34
20,1230,JAYBARMARU,EQ,173669,54145,31.18
20,1231,JAYBEE,SM,439000,206000,46.92
20,1232,JAYNECOIND,EQ,117018,67498,57.68
20,1233,JAYSREETEA,EQ,184302,75828,41.14
20,1234,JBCHEPHARM,EQ,94949,37295,39.28
20,1235,JBMA,EQ,80772,35808,44.33
20,1236,JCHAC,EQ,35849,16744,46.71
20,1237,JEYYAM,SM,142000,122000,85.92
20,1238,JFLLIFE,SM,36000,36000,100.00
20,1239,JGCHEM,EQ,120465,41597,34.53
20,1240,JHS,EQ,157679,95703,60.69
20,1241,JINDALPHOT,EQ,6106,3954,64.76
20,1242,JINDALPOLY,EQ,29568,9690,32.77
20,1243,JINDALSAW,EQ,1592464,598141,37.56
20,1244,JINDALSTEL,EQ,2513894,1157387,46.04
20,1245,JINDRILL,EQ,132335,74109,56.00
20,1246,JINDWORLD,EQ,33695,11770,34.93
20,1247,JIOFIN,EQ,7203398,3085885,42.84
20,1248,JISLDVREQS,EQ,70051,22021,31.44
20,1249,JISLJALEQS,EQ,4105667,1696216,41.31
20,1250,JITFINFRA,EQ,34574,21937,63.45
20,1251,J&KBANK,EQ,1918431,796545,41.52
20,1252,JKCEMENT,EQ,115746,73707,63.68
20,1253,JKIL,EQ,138963,71094,51.16
20,1254,JKLAKSHMI,EQ,105751,46868,44.32
20,1255,JKPAPER,EQ,318115,138165,43.43
20,1256,JKTYRE,EQ,1870667,390115,20.85
20,1257,JLHL,EQ,21422,9371,43.74
20,1258,JMA,EQ,6206,5204,83.85
20,1259,JMFINANCIL,EQ,11141167,2726936,24.48
20,1260,JNKINDIA,EQ,27097,19042,70.27
20,1261,JOCIL,EQ,40537,29773,73.45
20,1262,JPOLYINVST,EQ,5234,3554,67.90
20,1263,JPPOWER,EQ,38230217,14299822,37.40
20,1264,JSFB,EQ,232532,146081,62.82
20,1265,JSL,EQ,942838,692215,73.42
20,1266,JSLL,SM,12870,11160,86.71
20,1267,JSWENERGY,EQ,2382791,923459,38.76
20,1268,JSWHL,EQ,52983,11261,21.25
20,1269,JSWINFRA,EQ,3043118,1581482,51.97
20,1270,JSWSTEEL,EQ,2761749,918145,33.25
20,1271,JTEKTINDIA,EQ,89528,53217,59.44
20,1272,JTLIND,EQ,897489,360245,40.14
20,1273,JUBLFOOD,EQ,1366681,437562,32.02
20,1274,JUBLINGREA,EQ,372007,193731,52.08
20,1275,JUBLPHARMA,EQ,335010,204172,60.95
20,1276,JUNIORBEES,EQ,391823,225603,57.58
20,1277,JUNIPER,EQ,35029,13985,39.92
20,1278,JUSTDIAL,EQ,248345,84955,34.21
20,1279,JWL,EQ,816330,296276,36.29
20,1280,JYOTHYLAB,EQ,356962,151915,42.56
20,1281,JYOTICNC,EQ,265375,123380,46.49
20,1282,JYOTISTRUC,EQ,22256741,9414465,42.30
20,1283,K2INFRA,SM,50400,34200,67.86
20,1284,KABRAEXTRU,EQ,79409,44108,55.55
20,1285,KAJARIACER,EQ,74023,33412,45.14
20,1286,KAKATCEM,EQ,15279,11260,73.70
20,1287,KALAMANDIR,EQ,258621,140658,54.39
20,1288,KALANA,SM,34000,24000,70.59
20,1289,KALYANIFRG,EQ,3417,1815,53.12
20,1290,KALYANKJIL,EQ,10523346,3123273,29.68
20,1291,KAMATHOTEL,EQ,33541,20700,61.72
20,1292,KAMDHENU,EQ,138857,57920,41.71
20,1293,KANANIIND,EQ,421894,356336,84.46
20,1294,KANORICHEM,EQ,55784,22048,39.52
20,1295,KANPRPLA,EQ,14059,7765,55.23
20,1296,KANSAINER,EQ,487167,200195,41.09
20,1297,KAPSTON,EQ,90319,27928,30.92
20,1298,KARMAENG,EQ,76005,34010,44.75
20,1299,KARNIKA,ST,5200,5200,100.00
20,1300,KARURVYSYA,EQ,975224,399237,40.94
20,1301,KATARIA,SM,25200,16200,64.29
20,1302,KAUSHALYA,EQ,862,386,44.78
20,1303,KAYNES,EQ,1679703,353230,21.03
20,1304,KBCGLOBAL,EQ,19150711,7221091,37.71
20,1305,KCEIL,SM,42500,28000,65.88
20,1306,KCK,ST,12500,12500,100.00
20,1307,KCP,EQ,548150,245934,44.87
20,1308,KDDL,EQ,7970,4354,54.63
20,1309,KDL,ST,5500,5300,96.36
20,1310,KEC,EQ,634207,287001,45.25
20,1311,KECL,EQ,254396,132728,52.17
20,1312,KEI,EQ,349292,172536,49.40
20,1313,KEL,ST,4800,4800,100.00
20,1314,KELLTONTEC,EQ,5678385,1824919,32.14
20,1315,KERNEX,EQ,127424,74826,58.72
20,1316,KESORAMIND,EQ,939743,641877,68.30
20,1317,KFINTECH,EQ,587954,355854,60.52
20,1318,KHADIM,EQ,14848,8466,57.02
20,1319,KHAICHEM,EQ,316254,100562,31.80
20,1320,KHANDSE,EQ,77914,21382,27.44
20,1321,KHFM,SM,4650,4650,100.00
20,1322,KILITCH,EQ,2679,1223,45.65
20,1323,KIMS,EQ,418279,130687,31.24
20,1324,KINGFA,EQ,3105,1611,51.88
20,1325,KIOCL,EQ,58241,20797,35.71
20,1326,KIRIINDUS,EQ,1024950,463171,45.19
20,1327,KIRLOSBROS,EQ,468715,111079,23.70
20,1328,KIRLOSENG,EQ,488377,100592,20.60
20,1329,KIRLOSIND,EQ,2021,1137,56.26
20,1330,KIRLPNU,EQ,142173,84503,59.44
20,1331,KITEX,EQ,486065,206324,42.45
20,1332,KKCL,EQ,8055,4790,59.47
20,1333,KKVAPOW,SM,156,156,100.00
20,1334,KLL,SM,21600,17600,81.48
20,1335,KMSUGAR,EQ,126826,63117,49.77
20,1336,KNAGRI,ST,10800,10400,96.30
20,1337,KNRCON,EQ,569873,245224,43.03
20,1338,KODYTECH,SM,4300,3350,77.91
20,1339,KOHINOOR,EQ,154967,54740,35.32
20,1340,KOKUYOCMLN,EQ,92578,48504,52.39
20,1341,KOLTEPATIL,EQ,187082,92282,49.33
20,1342,KONSTELEC,SM,39000,29000,74.36
20,1343,KONTOR,ST,1200,1200,100.00
20,1344,KOPRAN,EQ,982859,351156,35.73
20,1345,KORE,SM,5000,4250,85.00
20,1346,KOTAKBANK,EQ,3652252,2199948,60.24
20,1347,KOTARISUG,EQ,67674,36374,53.75
20,1348,KOTHARIPET,EQ,226300,63089,27.88
20,1349,KOTYARK,SM,36700,25300,68.94
20,1350,KPIGREEN,EQ,1651316,838396,50.77
20,1351,KPIL,EQ,188540,90128,47.80
20,1352,KPITTECH,EQ,2696087,1032226,38.29
20,1353,KPRMILL,EQ,222901,104608,46.93
20,1354,KRBL,EQ,332207,129647,39.03
20,1355,KRIDHANINF,EQ,42389,24420,57.61
20,1356,KRISHANA,EQ,29057,24003,82.61
20,1357,KRISHCA,SM,55500,34500,62.16
20,1358,KRISHIVAL,SM,7000,7000,100.00
20,1359,KRISHNADEF,ST,19250,19250,100.00
20,1360,KRN,EQ,4056581,1374788,33.89
20,1361,KRONOX,EQ,169508,86137,50.82
20,1362,KROSS,EQ,3466425,582404,16.80
20,1363,KRSNAA,EQ,88024,45861,52.10
20,1364,KRYSTAL,EQ,42402,21498,50.70
20,1365,KSB,EQ,129904,59729,45.98
20,1366,KSCL,EQ,55388,27539,49.72
20,1367,KSHITIJPOL,EQ,6380983,3730800,58.47
20,1368,KSL,EQ,25648,15599,60.82
20,1369,KSOLVES,EQ,25626,15254,59.53
20,1370,KTKBANK,EQ,644194,366278,56.86
20,1371,KTL,ST,15000,15000,100.00
20,1372,KUANTUM,EQ,72986,47700,65.35
20,1373,LAGNAM,EQ,382395,67694,17.70
20,1374,LAKSHYA,ST,26400,26400,100.00
20,1375,LALPATHLAB,EQ,79039,35922,45.45
20,1376,LAMBODHARA,EQ,9633,5872,60.96
20,1377,LANCORHOL,EQ,153706,102727,66.83
20,1378,LANDMARK,EQ,32512,22027,67.75
20,1379,LAOPALA,EQ,73043,31108,42.59
20,1380,LATENTVIEW,EQ,181821,89943,49.47
20,1381,LAURUSLABS,EQ,5554354,3424514,61.65
20,1382,LAWSIKHO,SM,21500,14500,67.44
20,1383,LAXMICOT,EQ,22847,12697,55.57
20,1384,LEMERITE,ST,18400,12800,69.57
20,1385,LEMONTREE,EQ,2855611,1839258,64.41
20,1386,LEXUS,EQ,26798,16321,60.90
20,1387,LGBBROSLTD,EQ,28064,18384,65.51
20,1388,LIBAS,EQ,59100,33374,56.47
20,1389,LICHSGFIN,EQ,956131,371219,38.83
20,1390,LICI,EQ,1026191,436397,42.53
20,1391,LICMFGOLD,EQ,1306,1129,86.45
20,1392,LICNETFGSC,EQ,113264,111854,98.76
20,1393,LICNETFN50,EQ,7926,7815,98.60
20,1394,LICNETFSEN,EQ,284,217,76.41
20,1395,LICNFNHGP,EQ,240,137,57.08
20,1396,LICNMID100,EQ,7001,4872,69.59
20,1397,LIKHITHA,EQ,46601,28035,60.16
20,1398,LINC,EQ,13447,8217,61.11
20,1399,LINCOLN,EQ,27564,18827,68.30
20,1400,LINDEINDIA,EQ,34333,11038,32.15
20,1401,LIQUID,EQ,448090,64738,14.45
20,1402,LIQUID1,EQ,320715,311244,97.05
20,1403,LIQUIDADD,EQ,540919,350581,64.81
20,1404,LIQUIDBEES,EQ,4659642,4474502,96.03
20,1405,LIQUIDBETF,EQ,1140,836,73.33
20,1406,LIQUIDCASE,EQ,5449972,3956396,72.59
20,1407,LIQUIDETF,EQ,391334,310509,79.35
20,1408,LIQUIDIETF,EQ,2089374,1848818,88.49
20,1409,LIQUIDSBI,EQ,20598,20513,99.59
20,1410,LIQUIDSHRI,EQ,46267,40211,86.91
20,1411,LLOYDS,SM,3000,3000,100.00
20,1412,LLOYDSENGG,EQ,3183791,1131062,35.53
20,1413,LLOYDSENT,EQ,962894,690164,71.68
20,1414,LLOYDSME,EQ,429220,234002,54.52
20,1415,LMW,EQ,4133,1179,28.53
20,1416,LODHA,EQ,1145914,485865,42.40
20,1417,LOKESHMACH,EQ,70151,47488,67.69
20,1418,LORDSCHLO,EQ,19245,8733,45.38
20,1419,LOWVOL,EQ,10252,10247,99.95
20,1420,LOWVOL1,EQ,140982,130153,92.32
20,1421,LOWVOLIETF,EQ,11195878,10887803,97.25
20,1422,LOYALTEX,EQ,913,798,87.40
20,1423,LPDC,EQ,59263,42076,71.00
20,1424,LT,EQ,1819732,1027524,56.47
20,1425,LTF,EQ,7223997,3342098,46.26
20,1426,LTFOODS,EQ,1207441,516777,42.80
20,1427,LTGILTBEES,EQ,1893356,1508538,79.68
20,1428,LTIM,EQ,517708,270314,52.21
20,1429,LTTS,EQ,153304,44971,29.33
20,1430,LUMAXIND,EQ,852,456,53.52
20,1431,LUMAXTECH,EQ,51696,29051,56.20
20,1432,LUPIN,EQ,1115766,522779,46.85
20,1433,LUXIND,EQ,59780,29343,49.08
20,1434,LXCHEM,EQ,880180,375168,42.62
20,1435,LYKALABS,EQ,83570,42795,51.21
20,1436,MAANALU,EQ,3333148,1267822,38.04
20,1437,MACOBSTECH,SM,12000,10400,86.67
20,1438,MACPOWER,EQ,15712,13447,85.58
20,1439,MADHAV,EQ,2553,1818,71.21
20,1440,MADHAVBAUG,SM,10000,9200,92.00
20,1441,MADHUSUDAN,SM,159000,126000,79.25
20,1442,MADRASFERT,EQ,271136,92912,34.27
20,1443,MAFANG,EQ,1288972,925699,71.82
20,1444,MAGADSUGAR,EQ,10263,4521,44.05
20,1445,MAGNUM,EQ,312293,221819,71.03
20,1446,MAGSON,SM,26000,16000,61.54
20,1447,MAHABANK,EQ,17251248,5696908,33.02
20,1448,MAHEPC,EQ,24384,15917,65.28
20,1449,MAHESHWARI,EQ,54777,31797,58.05
20,1450,MAHICKRA,SM,26250,24750,94.29
20,1451,MAHKTECH,EQ,1786793,1430332,80.05
20,1452,MAHLIFE,EQ,579059,364934,63.02
20,1453,MAHLOG,EQ,166460,99275,59.64
20,1454,MAHSEAMLES,EQ,436005,201063,46.11
20,1455,MAITHANALL,EQ,40014,24677,61.67
20,1456,MAITREYA,ST,10000,8800,88.00
20,1457,MAKEINDIA,EQ,27807,20967,75.40
20,1458,MAKS,SM,7500,6000,80.00
20,1459,MAL,SM,54400,4800,8.82
20,1460,MALUPAPER,EQ,52393,21425,40.89
20,1461,MANAKALUCO,EQ,16046,11804,73.56
20,1462,MANAKCOAT,EQ,147034,102439,69.67
20,1463,MANAKSIA,EQ,50780,28799,56.71
20,1464,MANAKSTEEL,EQ,246112,95859,38.95
20,1465,MANALIPETC,EQ,1013714,444998,43.90
20,1466,MANAPPURAM,EQ,15481996,3111272,20.10
20,1467,MANBA,EQ,304525,136209,44.73
20,1468,MANCREDIT,EQ,26644,3144,11.80
20,1469,MANDEEP,SM,10000,8000,80.00
20,1470,MANGALAM,EQ,20522,13116,63.91
20,1471,MANGCHEFER,EQ,2938051,1082293,36.84
20,1472,MANGLMCEM,EQ,66149,38892,58.79
20,1473,MANINDS,EQ,242412,114294,47.15
20,1474,MANINFRA,EQ,361307,199259,55.15
20,1475,MANKIND,EQ,1820051,398653,21.90
20,1476,MANORAMA,EQ,86898,67847,78.08
20,1477,MANUGRAPH,EQ,146930,73947,50.33
20,1478,MANYAVAR,EQ,72725,41622,57.23
20,1479,MAPMYINDIA,EQ,233173,95407,40.92
20,1480,MARALOVER,EQ,39302,25888,65.87
20,1481,MARATHON,EQ,20382,11980,58.78
20,1482,MARCO,SM,28500,18000,63.16
20,1483,MARICO,EQ,814595,407249,49.99
20,1484,MARINE,EQ,570311,356242,62.46
20,1485,MARINETRAN,SM,8000,4000,50.00
20,1486,MARKSANS,EQ,1618636,660961,40.83
20,1487,MARSHALL,EQ,83270,29715,35.69
20,1488,MARUTI,EQ,416027,218922,52.62
20,1489,MASFIN,EQ,241981,136052,56.22
20,1490,MASON,SM,81000,66000,81.48
20,1491,MASPTOP50,EQ,1035218,559449,54.04
20,1492,MASTEK,EQ,126682,57332,45.26
20,1493,MASTER,ST,7500,7000,93.33
20,1494,MATRIMONY,EQ,36013,16325,45.33
20,1495,MAWANASUG,EQ,117031,81379,69.54
20,1496,MAXESTATES,EQ,152339,110628,72.62
20,1497,MAXHEALTH,EQ,1851836,1160476,62.67
20,1498,MAXIND,EQ,54687,35601,65.10
20,1499,MAXPOSURE,SM,52000,32000,61.54
20,1500,MAYURUNIQ,EQ,102450,64019,62.49
20,1501,MAZDA,EQ,2302,1406,61.08
20,1502,MAZDOCK,EQ,2550482,336404,13.19
20,1503,MBAPL,EQ,13278,7826,58.94
20,1504,MCL,EQ,46986,22333,47.53
20,1505,MCLEODRUSS,EQ,358004,220192,61.51
20,1506,MCON,SM,4000,3000,75.00
20,1507,MCX,EQ,373353,136335,36.52
20,1508,MDL,SM,44000,39000,88.64
20,1509,MEDANTA,EQ,210754,151909,72.08
20,1510,MEDIASSIST,EQ,107843,57768,53.57
20,1511,MEDICAMEQ,EQ,20993,11146,53.09
20,1512,MEDICO,EQ,359869,240582,66.85
20,1513,MEDIORG,ST,44000,42000,95.45
20,1514,MEDPLUS,EQ,640091,574951,89.82
20,1515,MEGASTAR,EQ,9231,5108,55.34
20,1516,MEGATHERM,SM,40400,27600,68.32
20,1517,MENONBE,EQ,55189,34685,62.85
20,1518,METAL,EQ,395682,198637,50.20
20,1519,METALIETF,EQ,29067434,24933744,85.78
20,1520,METROBRAND,EQ,24748,10593,42.80
20,1521,METROPOLIS,EQ,125622,64647,51.46
20,1522,MFSL,EQ,930855,570180,61.25
20,1523,MGEL,EQ,77098,55323,71.76
20,1524,MGL,EQ,675283,187666,27.79
20,1525,MHHL,SM,6000,6000,100.00
20,1526,MHLXMIRU,EQ,5474,3859,70.50
20,1527,MHRIL,EQ,112117,54410,48.53
20,1528,MICEL,EQ,702818,435670,61.99
20,1529,MICROPRO,SM,6400,6400,100.00
20,1530,MID150BEES,EQ,804305,580824,72.21
20,1531,MID150CASE,EQ,411639,354150,86.03
20,1532,MIDCAP,EQ,26566,13427,50.54
20,1533,MIDCAPETF,EQ,4126336,3521857,85.35
20,1534,MIDCAPIETF,EQ,1386219,1110840,80.13
20,1535,MIDHANI,EQ,533259,203314,38.13
20,1536,MIDQ50ADD,EQ,9094,7434,81.75
20,1537,MIDSELIETF,EQ,488157,293143,60.05
20,1538,MIDSMALL,EQ,479382,443865,92.59
20,1539,MIEL,ST,50000,46000,92.00
20,1540,MINDACORP,EQ,402856,171169,42.49
20,1541,MINDSPACE,RR,182166,176190,96.72
20,1542,MIRZAINT,EQ,104707,65200,62.27
20,1543,MITCON,EQ,8411,6777,80.57
20,1544,MITCONPP,E1,364,178,48.90
20,1545,MITTAL,EQ,20618819,15136308,73.41
20,1546,M&M,EQ,2902347,1296929,44.69
20,1547,M&MFIN,EQ,638612,190308,29.80
20,1548,MMFL,EQ,60441,48547,80.32
20,1549,MMTC,EQ,2098963,631174,30.07
20,1550,MNC,EQ,415693,357269,85.95
20,1551,MODEFENCE,EQ,833963,715742,85.82
20,1552,MOGSEC,EQ,3190,2964,92.92
20,1553,MOHEALTH,EQ,60003,47400,79.00
20,1554,MOHITIND,EQ,68935,40748,59.11
20,1555,MOIL,EQ,1279734,557341,43.55
20,1556,MOL,EQ,1454901,573800,39.44
20,1557,MOLDTECH,EQ,40232,18416,45.77
20,1558,MOLDTKPAC,EQ,44279,30092,67.96
20,1559,MOLOWVOL,EQ,37184,36027,96.89
20,1560,MOM100,EQ,455525,278127,61.06
20,1561,MOM30IETF,EQ,1586932,976586,61.54
20,1562,MOM50,EQ,15225,12704,83.44
20,1563,MOMENTUM,EQ,170961,139441,81.56
20,1564,MOMENTUM50,EQ,266495,199616,74.90
20,1565,MOMOMENTUM,EQ,254025,176715,69.57
20,1566,MON100,EQ,1833069,1277483,69.69
20,1567,MONARCH,EQ,456505,166074,36.38
20,1568,MONIFTY500,EQ,394845,296325,75.05
20,1569,MONQ50,EQ,292201,193212,66.12
20,1570,MONTECARLO,EQ,24782,11708,47.24
20,1571,MOQUALITY,EQ,11194,7417,66.26
20,1572,MOREALTY,EQ,131486,75577,57.48
20,1573,MOREPENLAB,EQ,9536797,2769829,29.04
20,1574,MOS,ST,63200,60800,96.20
20,1575,MOSMALL250,EQ,647055,520725,80.48
20,1576,MOTHERSON,EQ,11278752,6053682,53.67
20,1577,MOTILALOFS,EQ,2033665,626537,30.81
20,1578,MOTOGENFIN,EQ,84804,20148,23.76
20,1579,MOVALUE,EQ,86967,58845,67.66
20,1580,MOXSH,SM,6400,6400,100.00
20,1581,MPHASIS,EQ,1687168,992772,58.84
20,1582,MPSLTD,EQ,14846,8716,58.71
20,1583,MRF,EQ,6948,2312,33.28
20,1584,MRO-TEK,EQ,11468,6920,60.34
20,1585,MRPL,EQ,17037292,1664643,9.77
20,1586,MSTCLTD,EQ,409815,162214,39.58
20,1587,MSUMI,EQ,2759890,1348539,48.86
20,1588,MTARTECH,EQ,115043,43973,38.22
20,1589,MTNL,EQ,4285088,1492034,34.82
20,1590,MUFIN,EQ,215613,109946,50.99
20,1591,MUFTI,EQ,173860,91827,52.82
20,1592,MUKANDLTD,EQ,194894,114257,58.63
20,1593,MUKKA,EQ,694941,301974,43.45
20,1594,MULTICAP,EQ,243333,183137,75.26
20,1595,MUNJALAU,EQ,373488,160354,42.93
20,1596,MUNJALSHOW,EQ,35060,17764,50.67
20,1597,MURUDCERA,EQ,20394,13046,63.97
20,1598,MUTHOOTCAP,EQ,56640,34599,61.09
20,1599,MUTHOOTFIN,EQ,348733,107394,30.80
20,1600,MUTHOOTMF,EQ,286590,135397,47.24
20,1601,MVGJL,EQ,681543,270960,39.76
20,1602,MVKAGRO,SM,15600,13200,84.62
20,1603,MWL,SM,15600,9600,61.54
20,1604,MYMUDRA,SM,42000,34800,82.86
20,1605,NACLIND,EQ,113363,89246,78.73
20,1606,NAGAFERT,EQ,616933,267483,43.36
20,1607,NAGREEKCAP,EQ,7234,5855,80.94
20,1608,NAHARCAP,EQ,5799,4000,68.98
20,1609,NAHARINDUS,EQ,31119,15193,48.82
20,1610,NAHARSPING,EQ,39950,26500,66.33
20,1611,NAMAN,ST,16800,14400,85.71
20,1612,NAM-INDIA,EQ,1467693,821153,55.95
20,1613,NAMOEWASTE,SM,939200,491200,52.30
20,1614,NARMADA,EQ,362062,263996,72.91
20,1615,NATCOPHARM,EQ,361555,151625,41.94
20,1616,NATHBIOGEN,EQ,18933,13625,71.96
20,1617,NATIONALUM,EQ,34528763,8842731,25.61
20,1618,NAUKRI,EQ,313283,132807,42.39
20,1619,NAVA,EQ,112130,58632,52.29
20,1620,NAVINFLUOR,EQ,185776,89270,48.05
20,1621,NAVINIFTY,EQ,182,182,100.00
20,1622,NAVKARCORP,EQ,1182039,652045,55.16
20,1623,NAVNETEDUL,EQ,56366,28924,51.31
20,1624,NAZARA,EQ,198389,97732,49.26
20,1625,NBCC,EQ,9457810,3641304,38.50
20,1626,NBIFIN,EQ,592,340,57.43
20,1627,NCC,EQ,1840763,645511,35.07
20,1628,NCLIND,EQ,73431,49348,67.20
20,1629,NDLVENTURE,EQ,28359,14568,51.37
20,1630,NDRAUTO,EQ,58024,19461,33.54
20,1631,NDTV,EQ,1499898,293100,19.54
20,1632,NECCLTD,EQ,201881,141611,70.15
20,1633,NELCAST,EQ,42190,24444,57.94
20,1634,NELCO,EQ,191182,78198,40.90
20,1635,NEOGEN,EQ,160545,86265,53.73
20,1636,NEPHROCARE,ST,4800,4800,100.00
20,1637,NESCO,EQ,77494,41977,54.17
20,1638,NESTLEIND,EQ,806973,551553,68.35
20,1639,NETF,EQ,14550,10076,69.25
20,1640,NETWEB,EQ,418041,181026,43.30
20,1641,NETWORK18,EQ,2244083,746988,33.29
20,1642,NEULANDLAB,EQ,246240,99130,40.26
20,1643,NEWGEN,EQ,286762,151397,52.80
20,1644,NEWJAISA,SM,33000,33000,100.00
20,1645,NEXT50,EQ,31857,23637,74.20
20,1646,NEXT50IETF,EQ,504043,384785,76.34
20,1647,NFL,EQ,4038363,935360,23.16
20,1648,NGIL,EQ,13280,9580,72.14
20,1649,NGLFINE,EQ,1699,1057,62.21
20,1650,NH,EQ,400947,216103,53.90
20,1651,NHPC,EQ,25723834,9167093,35.64
20,1652,NIACL,EQ,1860363,752108,40.43
20,1653,NIDAN,SM,3000,2000,66.67
20,1654,NIF100BEES,EQ,63339,51776,81.74
20,1655,NIF100IETF,EQ,254808,144192,56.59
20,1656,NIF10GETF,EQ,4709,4426,93.99
20,1657,NIF5GETF,EQ,2,2,100.00
20,1658,NIFITETF,EQ,342,321,93.86
20,1659,NIFMID150,EQ,13701,13407,97.85
20,1660,NIFTY1,EQ,59591,29146,48.91
20,1661,NIFTY50ADD,EQ,21607,18256,84.49
20,1662,NIFTYBEES,EQ,5400702,3899139,72.20
20,1663,NIFTYBETF,EQ,5627,4632,82.32
20,1664,NIFTYETF,EQ,125420,102314,81.58
20,1665,NIFTYIETF,EQ,445638,241957,54.29
20,1666,NIFTYQLITY,EQ,78594,51096,65.01
20,1667,NIITLTD,EQ,11196151,3034703,27.10
20,1668,NIITMTS,EQ,81827,38379,46.90
20,1669,NILAINFRA,EQ,1180978,517483,43.82
20,1670,NILKAMAL,EQ,6560,3409,51.97
20,1671,NINSYS,EQ,18348,8787,47.89
20,1672,NIPPOBATRY,EQ,4190,3147,75.11
20,1673,NIRMAN,ST,16800,15000,89.29
20,1674,NITINSPIN,EQ,115264,61594,53.44
20,1675,NITIRAJ,EQ,54110,44296,81.86
20,1676,NKIND,EQ,766,530,69.19
20,1677,NLCINDIA,EQ,988094,423990,42.91
20,1678,NMDC,EQ,17292612,5352622,30.95
20,1679,NOCIL,EQ,385062,155951,40.50
20,1680,NOIDATOLL,EQ,285654,197054,68.98
20,1681,NORTHARC,EQ,338787,145000,42.80
20,1682,NPBET,EQ,1285,1058,82.33
20,1683,NPST,SM,25000,19050,76.20
20,1684,NRAIL,EQ,5646,3594,63.66
20,1685,NRBBEARING,EQ,209534,88228,42.11
20,1686,NSLNISP,EQ,4292754,1572160,36.62
20,1687,NTPC,EQ,9700643,4489119,46.28
20,1688,NUCLEUS,EQ,26758,15052,56.25
20,1689,NURECA,EQ,10682,6443,60.32
20,1690,NUVAMA,EQ,174574,63988,36.65
20,1691,NUVOCO,EQ,91060,33021,36.26
20,1692,NV20,EQ,18432,12398,67.26
20,1693,NV20BEES,EQ,18118,11185,61.73
20,1694,NV20IETF,EQ,675113,425257,62.99
20,1695,NXST,RR,68430,46414,67.83
20,1696,NYKAA,EQ,5391375,3709334,68.80
20,1697,OAL,EQ,85238,32644,38.30
20,1698,OBCL,EQ,15429,10387,67.32
20,1699,OBEROIRLTY,EQ,1153566,536527,46.51
20,1700,OBSCP,ST,337200,302400,89.68
20,1701,OCCL,EQ,47686,23096,48.43
20,1702,OFSS,EQ,145380,43757,30.10
20,1703,OIL,EQ,5991131,2078678,34.70
20,1704,OILIETF,EQ,4408669,2318345,52.59
20,1705,OLAELEC,EQ,51882572,17482928,33.70
20,1706,OLECTRA,EQ,314415,129727,41.26
20,1707,OLIL,SM,16800,16800,100.00
20,1708,OMAXAUTO,EQ,94066,53430,56.80
20,1709,OMAXE,EQ,116661,70897,60.77
20,1710,OMFURN,SM,2400,2400,100.00
20,1711,OMINFRAL,EQ,92993,58953,63.40
20,1712,ONEPOINT,EQ,1140056,634361,55.64
20,1713,ONGC,EQ,19244545,12620107,65.58
20,1714,ONMOBILE,EQ,654181,230560,35.24
20,1715,ONWARDTEC,EQ,132597,85247,64.29
20,1716,ORBTEXP,EQ,20166,16208,80.37
20,1717,ORCHPHARMA,EQ,72294,50273,69.54
20,1718,ORIANA,SM,206625,97950,47.40
20,1719,ORICONENT,EQ,211748,126931,59.94
20,1720,ORIENTBELL,EQ,13663,9338,68.35
20,1721,ORIENTCEM,EQ,864936,390646,45.16
20,1722,ORIENTCER,EQ,46923,29925,63.77
20,1723,ORIENTELEC,EQ,459500,308598,67.16
20,1724,ORIENTHOT,EQ,155708,76798,49.32
20,1725,ORIENTLTD,EQ,309811,85415,27.57
20,1726,ORIENTPPR,EQ,835388,399959,47.88
20,1727,ORIENTTECH,EQ,6370249,970958,15.24
20,1728,ORISSAMINE,EQ,10488,4796,45.73
20,1729,ORTINGLOBE,EQ,8220,5586,67.96
20,1730,OSELDEVICE,SM,95200,65600,68.91
20,1731,OSWALGREEN,EQ,937633,250813,26.75
20,1732,OWAIS,SM,120600,76600,63.52
20,1733,PAGEIND,EQ,12241,4612,37.68
20,1734,PAISALO,EQ,789721,369033,46.73
20,1735,PAKKA,EQ,125006,64705,51.76
20,1736,PALASHSECU,EQ,35539,15855,44.61
20,1737,PANAMAPET,EQ,55634,32554,58.51
20,1738,PANSARI,EQ,2684,2684,100.00
20,1739,PAR,EQ,119665,77168,64.49
20,1740,PARACABLES,EQ,1275412,508464,39.87
20,1741,PARADEEP,EQ,6598348,1828356,27.71
20,1742,PARAGMILK,EQ,797406,351581,44.09
20,1743,PARAGON,SM,79200,62400,78.79
20,1744,PARAMATRIX,SM,15600,9600,61.54
20,1745,PARAMOUNT,SM,40800,36000,88.24
20,1746,PARAS,EQ,152451,75446,49.49
20,1747,PARIN,ST,1500,1500,100.00
20,1748,PARKHOTELS,EQ,154736,106796,69.02
20,1749,PARTYCRUS,SM,7000,5000,71.43
20,1750,PASHUPATI,ST,800,600,75.00
20,1751,PATANJALI,EQ,832137,375486,45.12
20,1752,PATELENG,EQ,3858850,1757764,45.55
20,1753,PATINTLOG,EQ,745849,359668,48.22
20,1754,PATTECH,ST,1500,1500,100.00
20,1755,PAYTM,EQ,10187282,2715005,26.65
20,1756,PCBL,EQ,2541903,1233854,48.54
20,1757,PCCL,SM,16800,13200,78.57
20,1758,PDMJEPAPER,EQ,2575481,779296,30.26
20,1759,PDSL,EQ,82315,54621,66.36
20,1760,PEARLPOLY,EQ,42118,20907,49.64
20,1761,PEL,EQ,716957,327055,45.62
20,1762,PELATRO,SM,121200,71400,58.91
20,1763,PENIND,EQ,2358330,694657,29.46
20,1764,PENINLAND,EQ,200222,100476,50.18
20,1765,PERSISTENT,EQ,690288,240292,34.81
20,1766,PETRONET,EQ,2290731,1245902,54.39
20,1767,PFC,EQ,7221536,2847507,39.43
20,1768,PFIZER,EQ,15365,7452,48.50
20,1769,PFOCUS,EQ,35445,23424,66.09
20,1770,PFS,EQ,736893,378192,51.32
20,1771,PGEL,EQ,1180828,644600,54.59
20,1772,PGHH,EQ,4817,2863,59.44
20,1773,PGHL,EQ,49449,20528,41.51
20,1774,PGIL,EQ,49462,30100,60.85
20,1775,PGINVIT,IV,965330,855645,88.64
20,1776,PHANTOMFX,SM,27300,21300,78.02
20,1777,PHARMABEES,EQ,8701910,7334537,84.29
20,1778,PHOENIXLTD,EQ,478473,200674,41.94
20,1779,PHOGLOBAL,ST,22000,18000,81.82
20,1780,PIDILITIND,EQ,175287,70855,40.42
20,1781,PIIND,EQ,151768,82529,54.38
20,1782,PILITA,EQ,354008,228637,64.59
20,1783,PIONEEREMB,EQ,114462,94457,82.52
20,1784,PITTIENG,EQ,78963,41166,52.13
20,1785,PIXTRANS,EQ,85522,45827,53.59
20,1786,PKTEA,EQ,4641,4641,100.00
20,1787,PLADAINFO,SM,6000,6000,100.00
20,1788,PLATIND,EQ,729737,262188,35.93
20,1789,PLAZACABLE,EQ,25757,15027,58.34
20,1790,PNB,EQ,59984748,25070493,41.79
20,1791,PNBGILTS,EQ,390601,175006,44.80
20,1792,PNBHOUSING,EQ,841414,385098,45.77
20,1793,PNC,EQ,12279,7303,59.48
20,1794,PNCINFRA,EQ,628798,290491,46.20
20,1795,PNGJL,EQ,557116,241859,43.41
20,1796,POCL,EQ,92704,47270,50.99
20,1797,PODDARMENT,EQ,22556,15161,67.21
20,1798,POKARNA,EQ,82166,37351,45.46
20,1799,POLICYBZR,EQ,3336155,1612009,48.32
20,1800,POLYCAB,EQ,667866,190841,28.57
20,1801,POLYMED,EQ,191499,116935,61.06
20,1802,POLYPLEX,EQ,135829,78921,58.10
20,1803,POLYSIL,SM,2000,2000,100.00
20,1804,PONNIERODE,EQ,10903,5958,54.65
20,1805,POONAWALLA,EQ,2556751,944571,36.94
20,1806,POSITRON,ST,5100,5100,100.00
20,1807,POWERGRID,EQ,11019250,6121441,55.55
20,1808,POWERINDIA,EQ,63998,35408,55.33
20,1809,POWERMECH,EQ,24788,10704,43.18
20,1810,PPAP,EQ,6489,3040,46.85
20,1811,PPL,EQ,97992,58992,60.20
20,1812,PPLPHARMA,EQ,58450322,5679785,9.72
20,1813,PPSL,SM,63000,51000,80.95
20,1814,PRAJIND,EQ,292058,115452,39.53
20,1815,PRAKASH,EQ,599832,352647,58.79
20,1816,PRAKASHSTL,EQ,377593,242266,64.16
20,1817,PRAMARA,SM,16000,16000,100.00
20,1818,PRANIK,SM,28800,19200,66.67
20,1819,PRATHAM,ST,13200,12000,90.91
20,1820,PRECAM,EQ,537480,131342,24.44
20,1821,PRECISION,SM,20000,18000,90.00
20,1822,PRECOT,EQ,4143,2045,49.36
20,1823,PRECWIRE,EQ,545579,207314,38.00
20,1824,PREMEXPLN,EQ,49274,36354,73.78
20,1825,PREMIERENE,EQ,7807522,1655184,21.20
20,1826,PREMIUM,ST,72000,63000,87.50
20,1827,PRESSTONIC,SM,15200,9600,63.16
20,1828,PRESTIGE,EQ,1165166,454293,38.99
20,1829,PRICOLLTD,EQ,122629,61333,50.02
20,1830,PRIMESECU,EQ,37778,25243,66.82
20,1831,PRINCEPIPE,EQ,168452,105038,62.35
20,1832,PRITI,EQ,378246,183959,48.63
20,1833,PRITIKA,ST,50000,33000,66.00
20,1834,PRITIKAUTO,EQ,594530,338319,56.91
20,1835,PRIVISCL,EQ,200819,108552,54.05
20,1836,PRIZOR,ST,21600,20800,96.30
20,1837,PRLIND,SM,73000,32000,43.84
20,1838,PROLIFE,SM,7000,7000,100.00
20,1839,PROPEQUITY,SM,4800,3600,75.00
20,1840,PROV,SM,880,880,100.00
20,1841,PROZONER,EQ,171223,110021,64.26
20,1842,PRSMJOHNSN,EQ,454960,179807,39.52
20,1843,PRUDENT,EQ,107540,37612,34.97
20,1844,PSB,EQ,1081569,437236,40.43
20,1845,PSFL,SM,86000,54000,62.79
20,1846,PSPPROJECT,EQ,75861,39490,52.06
20,1847,PSUBANK,EQ,32016,22773,71.13
20,1848,PSUBANKADD,EQ,39678,32617,82.20
20,1849,PSUBNKBEES,EQ,10778833,8337124,77.35
20,1850,PSUBNKIETF,EQ,376513,274421,72.88
20,1851,PTC,EQ,929745,437479,47.05
20,1852,PTCIL,EQ,11400,8474,74.33
20,1853,PTL,EQ,40623,25051,61.67
20,1854,PULZ,ST,4000,4000,100.00
20,1855,PUNJABCHEM,EQ,7824,4891,62.51
20,1856,PURVA,EQ,61540,44113,71.68
20,1857,PURVFLEXI,SM,14400,11200,77.78
20,1858,PVRINOX,EQ,208174,65398,31.42
20,1859,PVSL,EQ,303751,192978,63.53
20,1860,PVTBANIETF,EQ,2436777,2116463,86.86
20,1861,PVTBANKADD,EQ,128167,104078,81.20
20,1862,PYRAMID,EQ,229200,100554,43.87
20,1863,QGOLDHALF,EQ,80333,65388,81.40
20,1864,QMSMEDI,SM,7000,7000,100.00
20,1865,QNIFTY,EQ,2242,1068,47.64
20,1866,QUAL30IETF,EQ,441362,361082,81.81
20,1867,QUESS,EQ,113277,40211,35.50
20,1868,QUESTLAB,SM,3600,3600,100.00
20,1869,QUICKHEAL,EQ,620237,124388,20.05
20,1870,QUICKTOUCH,SM,11000,7000,63.64
20,1871,QVCEL,ST,9600,8000,83.33
20,1872,RACE,EQ,9490,4845,51.05
20,1873,RADIANTCMS,EQ,88141,39756,45.11
20,1874,RADICO,EQ,223887,86895,38.81
20,1875,RADIOCITY,EQ,311780,202982,65.10
20,1876,RADIOCITY,P1,614,614,100.00
20,1877,RADIOWALLA,SM,16000,11200,70.00
20,1878,RAILTEL,EQ,1007649,263824,26.18
20,1879,RAIN,EQ,1535352,694103,45.21
20,1880,RAINBOW,EQ,192069,51453,26.79
20,1881,RAJESHEXPO,EQ,269387,95211,35.34
20,1882,RAJINDLTD,SM,94500,63000,66.67
20,1883,RAJMET,EQ,736016,420014,57.07
20,1884,RAJRATAN,EQ,19918,11574,58.11
20,1885,RAJSREESUG,EQ,33052,15260,46.17
20,1886,RALLIS,EQ,764208,299382,39.18
20,1887,RAMANEWS,EQ,46019,22472,48.83
20,1888,RAMAPHO,EQ,30284,20752,68.52
20,1889,RAMASTEEL,EQ,17225149,4490652,26.07
20,1890,RAMCOCEM,EQ,254647,78087,30.66
20,1891,RAMCOIND,EQ,618999,414180,66.91
20,1892,RAMCOSYS,EQ,209583,71940,34.33
20,1893,RAMKY,EQ,30870,20131,65.21
20,1894,RAMRAT,EQ,16110,9924,61.60
20,1895,RANASUG,EQ,338814,151950,44.85
20,1896,RANEHOLDIN,EQ,36386,13121,36.06
20,1897,RAPPID,SM,6600,5400,81.82
20,1898,RATEGAIN,EQ,522952,261583,50.02
20,1899,RATNAMANI,EQ,14566,7962,54.66
20,1900,RAYMOND,EQ,268493,86461,32.20
20,1901,RAYMONDLSL,EQ,383853,199732,52.03
20,1902,RBA,EQ,1310309,856554,65.37
20,1903,RBLBANK,EQ,6670374,2784162,41.74
20,1904,RBMINFRA,ST,11200,10200,91.07
20,1905,RBS,SM,67200,36800,54.76
20,1906,RCDL,SM,90000,66000,73.33
20,1907,RCF,EQ,2687559,933667,34.74
20,1908,RECLTD,EQ,6152359,2466388,40.09
20,1909,REDINGTON,EQ,3043670,1127163,37.03
20,1910,REDTAPE,EQ,49806,22335,44.84
20,1911,REFRACTORY,ST,18000,18000,100.00
20,1912,RELAXO,EQ,26770,15448,57.71
20,1913,RELCHEMQ,EQ,5798,2911,50.21
20,1914,RELIABLE,EQ,2822,1640,58.11
20,1915,RELIANCE,EQ,21625209,13815044,63.88
20,1916,RELIGARE,EQ,641548,387536,60.41
20,1917,REMSONSIND,EQ,155223,84243,54.27
20,1918,REMUS,SM,4950,3850,77.78
20,1919,RENUKA,EQ,9018292,2247746,24.92
20,1920,REPCOHOME,EQ,92156,38169,41.42
20,1921,REPL,EQ,8102,5761,71.11
20,1922,REPRO,EQ,9304,5022,53.98
20,1923,RESPONIND,EQ,574953,73643,12.81
20,1924,REXPIPES,SM,16000,16000,100.00
20,1925,RGL,EQ,1950223,609028,31.23
20,1926,RHIM,EQ,131998,72071,54.60
20,1927,RHL,EQ,20421,14447,70.75
20,1928,RICHA,SM,1000,1000,100.00
20,1929,RICOAUTO,EQ,382525,154339,40.35
20,1930,RIIL,EQ,175592,36158,20.59
20,1931,RILINFRA,ST,3800,3800,100.00
20,1932,RISHABH,EQ,19854,12180,61.35
20,1933,RITCO,EQ,92832,59989,64.62
20,1934,RITES,EQ,2583741,521349,20.18
20,1935,RKEC,EQ,38903,21711,55.81
20,1936,RKFORGE,EQ,199938,109451,54.74
20,1937,RKSWAMY,EQ,34607,16512,47.71
20,1938,RMDRIP,ST,11000,11000,100.00
20,1939,RML,EQ,10597,5804,54.77
20,1940,RNFI,SM,213600,115200,53.93
20,1941,ROCKINGDCE,SM,41250,17000,41.21
20,1942,ROHLTD,EQ,43655,19307,44.23
20,1943,ROLEXRINGS,EQ,7570,3364,44.44
20,1944,ROML,EQ,4498,3551,78.95
20,1945,ROSSARI,EQ,33283,15778,47.41
20,1946,ROTO,EQ,125925,65836,52.28
20,1947,ROUTE,EQ,461353,378799,82.11
20,1948,ROXHITECH,SM,318400,192000,60.30
20,1949,RPEL,EQ,122829,44003,35.82
20,1950,RPGLIFE,EQ,10900,4283,39.29
20,1951,RPPL,EQ,392719,286524,72.96
20,1952,RPSGVENT,EQ,243344,131345,53.98
20,1953,RPTECH,EQ,251632,124044,49.30
20,1954,RRKABEL,EQ,177806,75436,42.43
20,1955,RSWM,EQ,53300,37380,70.13
20,1956,RSYSTEMS,EQ,128186,61932,48.31
20,1957,RTNINDIA,EQ,3054677,894665,29.29
20,1958,RTNPOWER,EQ,12448354,7269576,58.40
20,1959,RUBFILA,EQ,118611,81989,69.12
20,1960,RUBYMILLS,EQ,10730,6379,59.45
20,1961,RUCHIRA,EQ,45828,30377,66.28
20,1962,RULKA,SM,17400,13500,77.59
20,1963,RUPA,EQ,98450,54155,55.01
20,1964,RUSHIL,EQ,1337716,669421,50.04
20,1965,RUSTOMJEE,EQ,73535,45593,62.00
20,1966,RVHL,EQ,42439,20348,47.95
20,1967,RVNL,EQ,6251705,1462335,23.39
20,1968,SAAKSHI,SM,12000,12000,100.00
20,1969,SABAR,SM,65000,55000,84.62
20,1970,SADBHAV,EQ,2957796,1843889,62.34
20,1971,SADBHIN,EQ,113470,89331,78.73
20,1972,SADHAV,SM,16800,15000,89.29
20,1973,SADHNANIQ,EQ,272439,123037,45.16
20,1974,SAFARI,EQ,26452,12314,46.55
20,1975,SAGARDEEP,EQ,1890,1780,94.18
20,1976,SAGCEM,EQ,40025,24517,61.25
20,1977,SAH,EQ,76286,27239,35.71
20,1978,SAHAJ,SM,8000,8000,100.00
20,1979,SAHAJSOLAR,ST,28000,27200,97.14
20,1980,SAHANA,SM,30625,23250,75.92
20,1981,SAHASRA,SM,583200,257600,44.17
20,1982,SAHYADRI,EQ,12836,7495,58.39
20,1983,SAIFL,SM,12800,8000,62.50
20,1984,SAIL,EQ,30950696,6008420,19.41
20,1985,SAJHOTELS,SM,34000,30000,88.24
20,1986,SAKAR,EQ,23877,14028,58.75
20,1987,SAKHTISUG,EQ,194644,104039,53.45
20,1988,SAKSOFT,EQ,253109,118007,46.62
20,1989,SALASAR,EQ,26787878,9673288,36.11
20,1990,SALONA,EQ,6584,3735,56.73
20,1991,SALSTEEL,EQ,311089,195131,62.73
20,1992,SALZERELEC,EQ,55264,26207,47.42
20,1993,SAMBHAAV,EQ,753554,169582,22.50
20,1994,SAMHI,EQ,767178,425102,55.41
20,1995,SAMMAANCAP,EQ,3882756,1852177,47.70
20,1996,SAMPANN,EQ,141660,89472,63.16
20,1997,SANDESH,EQ,1246,743,59.63
20,1998,SANDHAR,EQ,101346,42775,42.21
20,1999,SANDUMA,EQ,95188,56005,58.84
20,2000,SANGAMIND,EQ,15380,9236,60.05
20,2001,SANGANI,ST,3000,3000,100.00
20,2002,SANGHIIND,EQ,840749,313400,37.28
20,2003,SANGHVIMOV,EQ,283445,142250,50.19
20,2004,SANGINITA,EQ,42418,34378,81.05
20,2005,SANOFI,EQ,4971,2433,48.94
20,2006,SANOFICONR,EQ,31838,29004,91.10
20,2007,SANSERA,EQ,81929,48726,59.47
20,2008,SANSTAR,EQ,1335575,582295,43.60
20,2009,SAPPHIRE,EQ,462318,261255,56.51
20,2010,SARDAEN,EQ,505909,171683,33.94
20,2011,SAREGAMA,EQ,1166893,502835,43.09
20,2012,SAROJA,SM,1600,1600,100.00
20,2013,SARTELE,SM,342000,164500,48.10
20,2014,SARVESHWAR,EQ,2304265,1411334,61.25
20,2015,SASKEN,EQ,23679,12399,52.36
20,2016,SASTASUNDR,EQ,86065,42170,49.00
20,2017,SATECH,ST,156000,148000,94.87
20,2018,SATIA,EQ,234899,134376,57.21
20,2019,SATIN,EQ,190727,103066,54.04
20,2020,SATINDLTD,EQ,584075,270337,46.28
20,2021,SATIPOLY,SM,16000,11500,71.88
20,2022,SAURASHCEM,EQ,63944,31947,49.96
20,2023,SBC,EQ,2010909,743531,36.97
20,2024,SBCL,EQ,165348,82599,49.95
20,2025,SBFC,EQ,1128674,570004,50.50
20,2026,SBGLP,EQ,501449,164517,32.81
20,2027,SBICARD,EQ,763300,401223,52.56
20,2028,SBIETFCON,EQ,53830,42736,79.39
20,2029,SBIETFIT,EQ,15832,11819,74.65
20,2030,SBIETFPB,EQ,4886,3994,81.74
20,2031,SBIETFQLTY,EQ,3841,2588,67.38
20,2032,SBILIFE,EQ,1352644,802832,59.35
20,2033,SBIN,EQ,15002433,7187073,47.91
20,2034,SBINEQWETF,EQ,20204,14572,72.12
20,2035,SBISILVER,EQ,202207,140777,69.62
20,2036,SCHAEFFLER,EQ,59115,30775,52.06
20,2037,SCHAND,EQ,159629,67114,42.04
20,2038,SCHNEIDER,EQ,223813,92465,41.31
20,2039,SCI,EQ,2273818,771364,33.92
20,2040,SCILAL,EQ,1665533,465671,27.96
20,2041,SCL25924A,N1,20,20,100.00
20,2042,SCLZC26B,AY,130,130,100.00
20,2043,SCML,SM,14000,7000,50.00
20,2044,SDBL,EQ,1803779,1072118,59.44
20,2045,SDL26BEES,EQ,6435,4923,76.50
20,2046,SDREAMS,SM,31000,25000,80.65
20,2047,SEAMECLTD,EQ,9875,5998,60.74
20,2048,SECL,SM,12500,12500,100.00
20,2049,SECMARK,EQ,8174,5925,72.49
20,2050,SECURKLOUD,EQ,17835,8022,44.98
20,2051,SEL,ST,1600,1600,100.00
20,2052,SELAN,EQ,57101,29760,52.12
20,2053,SENCO,EQ,387602,112431,29.01
20,2054,SENSEXADD,EQ,1386,1144,82.54
20,2055,SENSEXETF,EQ,16986,10775,63.43
20,2056,SENSEXIETF,EQ,2871,1874,65.27
20,2057,SEPC,EQ,12930024,5266040,40.73
20,2058,SERVICE,SM,64000,48000,75.00
20,2059,SERVOTECH,EQ,1885843,801521,42.50
20,2060,SESHAPAPER,EQ,26357,11056,41.95
20,2061,SETCO,EQ,82451,55620,67.46
20,2062,SETF10GILT,EQ,9281,6246,67.30
20,2063,SETFGOLD,EQ,1631012,1153345,70.71
20,2064,SETFNIF50,EQ,561812,323685,57.61
20,2065,SETFNIFBK,EQ,59394,36136,60.84
20,2066,SETFNN50,EQ,48870,40472,82.82
20,2067,SFL,EQ,62350,40501,64.96
20,2068,SFLZC25A,ZK,10,10,100.00
20,2069,SFLZC26A,ZC,22,22,100.00
20,2070,SGBAPR28I,GB,314,183,58.28
20,2071,SGBAUG27,GB,45,41,91.11
20,2072,SGBAUG28V,GB,1118,764,68.34
20,2073,SGBAUG29V,GB,291,152,52.23
20,2074,SGBAUG30,GB,302,223,73.84
20,2075,SGBD29VIII,GB,477,238,49.90
20,2076,SGBDC27VII,GB,23,20,86.96
20,2077,SGBDE30III,GB,922,550,59.65
20,2078,SGBDE31III,GB,971,698,71.88
20,2079,SGBDEC2512,GB,2,2,100.00
20,2080,SGBDEC26,GB,2,2,100.00
20,2081,SGBFEB27,GB,38,27,71.05
20,2082,SGBFEB29XI,GB,2,2,100.00
20,2083,SGBFEB32IV,GB,1593,999,62.71
20,2084,SGBJAN26,GB,64,64,100.00
20,2085,SGBJAN29IX,GB,165,159,96.36
20,2086,SGBJAN29X,GB,221,120,54.30
20,2087,SGBJAN30IX,GB,262,150,57.25
20,2088,SGBJU29III,GB,392,174,44.39
20,2089,SGBJUL25,GB,290,249,85.86
20,2090,SGBJUL27,GB,167,100,59.88
20,2091,SGBJUL28IV,GB,711,651,91.56
20,2092,SGBJUL29IV,GB,172,108,62.79
20,2093,SGBJUN27,GB,2,2,100.00
20,2094,SGBJUN28,GB,65,52,80.00
20,2095,SGBJUN29II,GB,63,61,96.83
20,2096,SGBJUN30,GB,187,144,77.01
20,2097,SGBJUN31I,GB,1768,1402,79.30
20,2098,SGBMAR25,GB,128,103,80.47
20,2099,SGBMAR28X,GB,40,26,65.00
20,2100,SGBMAR30X,GB,322,249,77.33
20,2101,SGBMAR31IV,GB,628,561,89.33
20,2102,SGBMAY25,GB,104,103,99.04
20,2103,SGBMAY26,GB,69,51,73.91
20,2104,SGBMAY28,GB,236,197,83.47
20,2105,SGBMAY29I,GB,1021,873,85.50
20,2106,SGBMR29XII,GB,161,132,81.99
20,2107,SGBN28VIII,GB,155,120,77.42
20,2108,SGBNOV24,GB,61,50,81.97
20,2109,SGBNOV25VI,GB,14,14,100.00
20,2110,SGBNOV26,GB,6,3,50.00
20,2111,SGBNV29VII,GB,311,259,83.28
20,2112,SGBOC28VII,GB,309,286,92.56
20,2113,SGBOCT25,GB,51,51,100.00
20,2114,SGBOCT25V,GB,22,22,100.00
20,2115,SGBOCT26,GB,13,13,100.00
20,2116,SGBOCT27,GB,14,14,100.00
20,2117,SGBOCT27VI,GB,105,81,77.14
20,2118,SGBSEP27,GB,28,28,100.00
20,2119,SGBSEP28VI,GB,366,342,93.44
20,2120,SGBSEP29VI,GB,914,502,54.92
20,2121,SGBSEP31II,GB,1566,1157,73.88
20,2122,SGIL,EQ,47030,34235,72.79
20,2123,SHAILY,EQ,547230,225667,41.24
20,2124,SHALBY,EQ,218169,105043,48.15
20,2125,SHALPAINTS,EQ,170460,99853,58.58
20,2126,SHANKARA,EQ,248262,112548,45.33
20,2127,SHANTI,EQ,11955,7758,64.89
20,2128,SHANTIGEAR,EQ,26388,14652,55.53
20,2129,SHARDACROP,EQ,807729,277122,34.31
20,2130,SHARDAMOTR,EQ,28051,16352,58.29
20,2131,SHAREINDIA,EQ,411167,207186,50.39
20,2132,SHARIABEES,EQ,9369,4848,51.75
20,2133,SHEETAL,SM,10000,8000,80.00
20,2134,SHEMAROO,EQ,34403,19716,57.31
20,2135,SHERA,SM,144000,99000,68.75
20,2136,SHIGAN,SM,4500,4500,100.00
20,2137,SHILPAMED,EQ,118973,70526,59.28
20,2138,SHIVALIK,EQ,26957,17571,65.18
20,2139,SHIVAMILLS,EQ,14189,5997,42.27
20,2140,SHIVATEX,EQ,40403,21638,53.56
20,2141,SHK,EQ,437763,200063,45.70
20,2142,SHOPERSTOP,EQ,164557,132420,80.47
20,2143,SHREDIGCEM,EQ,194745,108186,55.55
20,2144,SHREECEM,EQ,6207,2799,45.09
20,2145,SHREEKARNI,SM,6450,5700,88.37
20,2146,SHREEOSFM,SM,9000,7000,77.78
20,2147,SHREERAMA,EQ,1505331,636344,42.27
20,2148,SHREYANIND,EQ,7634,4960,64.97
20,2149,SHRIPISTON,EQ,64252,33924,52.80
20,2150,SHRIRAMFIN,EQ,858932,508151,59.16
20,2151,SHRIRAMPPS,EQ,1553325,712482,45.87
20,2152,SHRITECH,SM,6000,6000,100.00
20,2153,SHUBHLAXMI,ST,8000,8000,100.00
20,2154,SHUBHSHREE,ST,4800,4800,100.00
20,2155,SHYAMCENT,EQ,89807,43045,47.93
20,2156,SHYAMMETL,EQ,248209,112459,45.31
20,2157,SIDDHIKA,SM,11000,11000,100.00
20,2158,SIEMENS,EQ,252101,128840,51.11
20,2159,SIGACHI,EQ,1476593,718593,48.67
20,2160,SIGIND,EQ,27702,16706,60.31
20,2161,SIGMA,EQ,2871,1936,67.43
20,2162,SIGNATURE,EQ,465243,158963,34.17
20,2163,SIGNORIA,SM,30000,26000,86.67
20,2164,SIGNPOST,EQ,35029,20679,59.03
20,2165,SIKKO,EQ,37863,12828,33.88
20,2166,SIL,EQ,58738,39808,67.77
20,2167,SILGO,EQ,140083,74698,53.32
20,2168,SILKFLEX,ST,22000,20000,90.91
20,2169,SILLYMONKS,EQ,5858,4811,82.13
20,2170,SILVER,EQ,280781,158763,56.54
20,2171,SILVER1,EQ,178177,142593,80.03
20,2172,SILVERADD,EQ,34356,21824,63.52
20,2173,SILVERBEES,EQ,14961211,8693750,58.11
20,2174,SILVERETF,EQ,528199,310260,58.74
20,2175,SILVERIETF,EQ,1576086,1229230,77.99
20,2176,SILVERTUC,EQ,33017,17377,52.63
20,2177,SILVRETF,EQ,30722,16838,54.81
20,2178,SINCLAIR,EQ,22710,16695,73.51
20,2179,SINDHUTRAD,EQ,415390,226334,54.49
20,2180,SINTERCOM,EQ,12505,8977,71.79
20,2181,SIRCA,EQ,433073,190558,44.00
20,2182,SIS,EQ,40703,28333,69.61
20,2183,SIYSIL,EQ,470687,130455,27.72
20,2184,SJLOGISTIC,ST,43500,41000,94.25
20,2185,SJS,EQ,197371,127145,64.42
20,2186,SJVN,EQ,7126848,2092689,29.36
20,2187,SKFINDIA,EQ,32571,15984,49.07
20,2188,SKIPPER,EQ,1644681,435791,26.50
20,2189,SKMEGGPROD,EQ,41882,23015,54.95
20,2190,SKP,SM,9000,9000,100.00
20,2191,SLONE,SM,18400,18400,100.00
20,2192,SMALLCAP,EQ,641958,395330,61.58
20,2193,SMCGLOBAL,EQ,233665,142644,61.05
20,2194,SMLISUZU,EQ,5077,3142,61.89
20,2195,SMLT,EQ,45443,28840,63.46
20,2196,SMSPHARMA,EQ,173468,83800,48.31
20,2197,SNOWMAN,EQ,1354667,418580,30.90
20,2198,SOBHA,EQ,354185,92153,26.02
20,2199,SOBHAPP,E1,26869,24409,90.84
20,2200,SOFTTECH,EQ,22813,15855,69.50
20,2201,SOLARA,EQ,265459,180955,68.17
20,2202,SOLARAPP,E1,1429,1344,94.05
20,2203,SOLARINDS,EQ,49794,22218,44.62
20,2204,SOLEX,SM,46750,26375,56.42
20,2205,SOMANYCERA,EQ,13566,7394,54.50
20,2206,SOMATEX,EQ,192575,82109,42.64
20,2207,SONACOMS,EQ,1939077,1006699,51.92
20,2208,SONAMAC,SM,13000,11000,84.62
20,2209,SONATSOFTW,EQ,569265,204455,35.92
20,2210,SOTAC,SM,15600,15600,100.00
20,2211,SOTL,EQ,30172,16468,54.58
20,2212,SOUTHBANK,EQ,8204213,3579418,43.63
20,2213,SOUTHWEST,EQ,81736,47153,57.69
20,2214,SPAL,EQ,10405,4214,40.50
20,2215,SPANDANA,EQ,333418,162847,48.84
20,2216,SPARC,EQ,435517,203652,46.76
20,2217,SPCENET,EQ,3538595,1885551,53.29
20,2218,SPCL,SM,54600,35400,64.84
20,2219,SPECIALITY,EQ,132765,82777,62.35
20,2220,SPECTRUM,SM,4500,3750,83.33
20,2221,SPECTSTM,SM,766400,616000,80.38
20,2222,SPENCERS,EQ,472027,134525,28.50
20,2223,SPIC,EQ,675453,243952,36.12
20,2224,SPLIL,EQ,38662,34532,89.32
20,2225,SPLPETRO,EQ,11299,6058,53.62
20,2226,SPORTKING,EQ,244252,131507,53.84
20,2227,SPPPOLY,SM,38000,8000,21.05
20,2228,SREEL,EQ,7693,4418,57.43
20,2229,SRF,EQ,305081,131437,43.08
20,2230,SRGHFL,EQ,28733,26863,93.49
20,2231,SRHHYPOLTD,EQ,46398,21101,45.48
20,2232,SRIVASAVI,SM,23000,17000,73.91
20,2233,SSDL,EQ,142616,62277,43.67
20,2234,SSEGL,ST,93800,92800,98.93
20,2235,SSFL,ST,50000,49000,98.00
20,2236,SSWL,EQ,160218,78863,49.22
20,2237,STANLEY,EQ,58514,32929,56.28
20,2238,STAR,EQ,182782,100864,55.18
20,2239,STARCEMENT,EQ,346214,159923,46.19
20,2240,STARHEALTH,EQ,1616037,959372,59.37
20,2241,STARPAPER,EQ,8676,4676,53.90
20,2242,STARTECK,EQ,2287,123,5.38
20,2243,STCINDIA,EQ,99684,33846,33.95
20,2244,STEELCAS,EQ,10292,5145,49.99
20,2245,STEELCITY,EQ,319736,137749,43.08
20,2246,STEELXIND,EQ,2559127,1855759,72.52
20,2247,STERTOOLS,EQ,771587,278883,36.14
20,2248,STLTECH,EQ,1247462,564489,45.25
20,2249,STOVEKRAFT,EQ,78346,32794,41.86
20,2250,STYLAMIND,EQ,15174,7146,47.09
20,2251,STYLEBAAZA,EQ,402570,231591,57.53
20,2252,STYRENIX,EQ,79412,53181,66.97
20,2253,SUBEXLTD,EQ,3911769,1605347,41.04
20,2254,SUBROS,EQ,33408,15160,45.38
20,2255,SUDARSCHEM,EQ,193548,65311,33.74
20,2256,SUKHJITS,EQ,50445,31936,63.31
20,2257,SULA,EQ,200599,106197,52.94
20,2258,SUMICHEM,EQ,405788,213007,52.49
20,2259,SUMMITSEC,EQ,9018,5320,58.99
20,2260,SUNCLAY,EQ,20297,14551,71.69
20,2261,SUNDARAM,EQ,344448,248804,72.23
20,2262,SUNDARMFIN,EQ,89459,34054,38.07
20,2263,SUNDARMHLD,EQ,112162,51902,46.27
20,2264,SUNDRMFAST,EQ,70143,47746,68.07
20,2265,SUNFLAG,EQ,265546,96838,36.47
20,2266,SUNLITE,SM,37200,27600,74.19
20,2267,SUNPHARMA,EQ,2060619,1303971,63.28
20,2268,SUNREST,SM,1600,1600,100.00
20,2269,SUNTECK,EQ,171473,113268,66.06
20,2270,SUNTV,EQ,268027,62186,23.20
20,2271,SUPERHOUSE,EQ,5152,2857,55.45
20,2272,SUPRAJIT,EQ,72510,34231,47.21
20,2273,SUPREMEIND,EQ,658009,97442,14.81
20,2274,SUPREMEPWR,ST,103000,100000,97.09
20,2275,SUPRIYA,EQ,831819,266959,32.09
20,2276,SURAJEST,EQ,88997,52163,58.61
20,2277,SURANAT&P,EQ,128344,71118,55.41
20,2278,SURANI,SM,10000,7200,72.00
20,2279,SURYALAXMI,EQ,14374,9978,69.42
20,2280,SURYAROSNI,EQ,215733,101168,46.90
20,2281,SURYODAY,EQ,307891,134175,43.58
20,2282,SUTLEJTEX,EQ,99619,50454,50.65
20,2283,SUVEN,EQ,177060,82827,46.78
20,2284,SUVENPHAR,EQ,225818,111299,49.29
20,2285,SUVIDHAA,EQ,154738,94110,60.82
20,2286,SUYOG,EQ,25964,17092,65.83
20,2287,SUZLON,EQ,50008246,18504587,37.00
20,2288,SVLL,EQ,26574,19798,74.50
20,2289,SVPGLOB,EQ,50606,38682,76.44
20,2290,SWANENERGY,EQ,986932,440115,44.59
20,2291,SWARAJ,ST,6000,6000,100.00
20,2292,SWARAJENG,EQ,5515,3442,62.41
20,2293,SWASTIK,SM,20400,18000,88.24
20,2294,SWELECTES,EQ,102211,35720,34.95
20,2295,SWSOLAR,EQ,895103,404709,45.21
20,2296,SYLVANPLY,SM,18000,14000,77.78
20,2297,SYMPHONY,EQ,134820,63271,46.93
20,2298,SYNCOMF,EQ,3796498,1862729,49.06
20,2299,SYNGENE,EQ,2578079,1553688,60.27
20,2300,SYNOPTICS,SM,10200,7800,76.47
20,2301,SYRMA,EQ,5325713,1916791,35.99
20,2302,SYSTANGO,SM,26400,17200,65.15
20,2303,TAC,ST,21200,21200,100.00
20,2304,TAINWALCHM,EQ,133364,46656,34.98
20,2305,TAJGVK,EQ,234364,89053,38.00
20,2306,TAKE,EQ,155385,115070,74.05
20,2307,TALBROAUTO,EQ,75314,37487,49.77
20,2308,TANLA,EQ,576731,310804,53.89
20,2309,TAPIFRUIT,SM,750,750,100.00
20,2310,TARACHAND,EQ,60709,40280,66.35
20,2311,TARC,EQ,1209784,443709,36.68
20,2312,TARMAT,EQ,25650,14069,54.85
20,2313,TARSONS,EQ,21669,10624,49.03
20,2314,TASTYBITE,EQ,4658,1287,27.63
20,2315,TATACHEM,EQ,927428,303962,32.77
20,2316,TATACOMM,EQ,379098,205285,54.15
20,2317,TATACONSUM,EQ,683591,364360,53.30
20,2318,TATAELXSI,EQ,106190,36380,34.26
20,2319,TATAGOLD,EQ,9548412,6794659,71.16
20,2320,TATAINVEST,EQ,27313,10110,37.02
20,2321,TATAMOTORS,EQ,10579596,3945009,37.29
20,2322,TATAPOWER,EQ,12638381,4741714,37.52
20,2323,TATASTEEL,EQ,48928986,10602115,21.67
20,2324,TATATECH,EQ,841279,389018,46.24
20,2325,TATSILV,EQ,1760639,1542801,87.63
20,2326,TATVA,EQ,21126,12549,59.40
20,2327,TBI,ST,6000,6000,100.00
20,2328,TBOTEK,EQ,254945,197878,77.62
20,2329,TBZ,EQ,326368,134605,41.24
20,2330,TCHF30,NB,1409,1389,98.58
20,2331,TCI,EQ,72744,20534,28.23
20,2332,TCIEXP,EQ,17584,8691,49.43
20,2333,TCL,SM,150400,74400,49.47
20,2334,TCPLPACK,EQ,3294,1549,47.02
20,2335,TCS,EQ,3792017,2491090,65.69
20,2336,TDPOWERSYS,EQ,752065,299651,39.84
20,2337,TEAMLEASE,EQ,47529,25442,53.53
20,2338,TECH,EQ,31336,27322,87.19
20,2339,TECHERA,SM,9600,9600,100.00
20,2340,TECHLABS,SM,27375,26375,96.35
20,2341,TECHM,EQ,3164061,1704233,53.86
20,2342,TECHNOE,EQ,106346,49666,46.70
20,2343,TEGA,EQ,183939,84369,45.87
20,2344,TEJASNET,EQ,4557643,1284935,28.19
20,2345,TERASOFT,EQ,184302,110775,60.11
20,2346,TEXINFRA,EQ,788568,485654,61.59
20,2347,TEXMOPIPES,EQ,56304,29235,51.92
20,2348,TEXRAIL,EQ,3085278,1581341,51.25
20,2349,TFCILTD,EQ,837297,616164,73.59
20,2350,TGBHOTELS,EQ,49484,34201,69.12
20,2351,TGL,ST,13600,13600,100.00
20,2352,THANGAMAYL,EQ,291675,100623,34.50
20,2353,THEINVEST,EQ,27352,10898,39.84
20,2354,THEJO,EQ,3936,2531,64.30
20,2355,THEMISMED,EQ,136260,95948,70.42
20,2356,THERMAX,EQ,107292,73737,68.73
20,2357,THESL,SM,36000,18000,50.00
20,2358,THOMASCOOK,EQ,667219,377004,56.50
20,2359,THOMASCOTT,EQ,59775,14309,23.94
20,2360,THYROCARE,EQ,70503,43413,61.58
20,2361,TI,EQ,6464908,1121366,17.35
20,2362,TIIL,EQ,11981,8549,71.35
20,2363,TIINDIA,EQ,168718,71781,42.54
20,2364,TIMESCAN,SM,4000,4000,100.00
20,2365,TIMESGTY,EQ,56520,30779,54.46
20,2366,TIMETECHNO,EQ,762821,364064,47.73
20,2367,TIMKEN,EQ,374644,233722,62.39
20,2368,TIPSFILMS,EQ,4838,3385,69.97
20,2369,TIPSMUSIC,EQ,379556,196879,51.87
20,2370,TIRUMALCHM,EQ,468561,245139,52.32
20,2371,TIRUPATI,SM,3000,3000,100.00
20,2372,TITAGARH,EQ,799505,216611,27.09
20,2373,TITAN,EQ,4522923,1616332,35.74
20,2374,TMB,EQ,154311,92734,60.10
20,2375,TNIDETF,EQ,161801,137586,85.03
20,2376,TNPETRO,EQ,146497,64855,44.27
20,2377,TNPL,EQ,324622,177553,54.70
20,2378,TNTELE,EQ,22687,13398,59.06
20,2379,TOKYOPLAST,EQ,60062,28959,48.22
20,2380,TOLINS,EQ,144713,70458,48.69
20,2381,TOP100CASE,EQ,177392,142795,80.50
20,2382,TOP10ADD,EQ,147952,136074,91.97
20,2383,TORNTPHARM,EQ,312261,171090,54.79
20,2384,TORNTPOWER,EQ,773246,400107,51.74
20,2385,TOTAL,EQ,10818,5958,55.07
20,2386,TOUCHWOOD,EQ,1611,675,41.90
20,2387,TPHQ,EQ,2947505,1932033,65.55
20,2388,TRACXN,EQ,322203,169944,52.74
20,2389,TRANSTEEL,SM,52000,34000,65.38
20,2390,TRANSWORLD,EQ,119062,72916,61.24
20,2391,TREL,EQ,302476,110205,36.43
20,2392,TRENT,EQ,1142746,437164,38.26
20,2393,TRF,EQ,31940,16891,52.88
20,2394,TRIDENT,EQ,7059141,1908333,27.03
20,2395,TRIDHYA,SM,576000,111000,19.27
20,2396,TRIGYN,EQ,61263,36572,59.70
20,2397,TRITURBINE,EQ,989376,405462,40.98
20,2398,TRIVENI,EQ,1121774,244568,21.80
20,2399,TROM,SM,77400,58200,75.19
20,2400,TRUST,SM,63600,43800,68.87
20,2401,TTKHLTCARE,EQ,5949,4889,82.18
20,2402,TTKPRESTIG,EQ,30593,13618,44.51
20,2403,TTL,EQ,187449,88344,47.13
20,2404,TTML,EQ,3090601,811874,26.27
20,2405,TUNWAL,SM,138000,100000,72.46
20,2406,TVSMOTOR,EQ,606094,278660,45.98
20,2407,TVSSCS,EQ,535134,269988,50.45
20,2408,TVSSRICHAK,EQ,4158,2667,64.14
20,2409,TVTODAY,EQ,129373,78948,61.02
20,2410,UBL,EQ,261150,140444,53.78
20,2411,UCAL,EQ,12563,10061,80.08
20,2412,UCL-RE,ST,400,400,100.00
20,2413,UCOBANK,EQ,4310476,1407677,32.66
20,2414,UDAICEMENT,EQ,289235,178092,61.57
20,2415,UDS,EQ,830841,376699,45.34
20,2416,UFLEX,EQ,142017,78358,55.18
20,2417,UFO,EQ,100391,46354,46.17
20,2418,UGARSUGAR,EQ,195300,96668,49.50
20,2419,UGROCAP,EQ,147314,107927,73.26
20,2420,UHTL,ST,38000,38000,100.00
20,2421,UJJIVANSFB,EQ,5125851,2507482,48.92
20,2422,ULTRACEMCO,EQ,282486,182412,64.57
20,2423,UMA,SM,16000,16000,100.00
20,2424,UMESLTD,EQ,33132,33132,100.00
20,2425,UNICHEMLAB,EQ,60246,17708,29.39
20,2426,UNIDT,EQ,7686,4307,56.04
20,2427,UNIECOM,EQ,898216,335313,37.33
20,2428,UNIENTER,EQ,11563,7542,65.23
20,2429,UNIHEALTH,SM,41000,32000,78.05
20,2430,UNIINFO,EQ,5207,2839,54.52
20,2431,UNILEX,SM,48000,41600,86.67
20,2432,UNIONBANK,EQ,11111457,5371342,48.34
20,2433,UNIPARTS,EQ,62941,33728,53.59
20,2434,UNITDSPR,EQ,240099,145137,60.45
20,2435,UNITEDTEA,EQ,10685,7586,71.00
20,2436,UNIVASTU,EQ,16022,10230,63.85
20,2437,UNIVCABLES,EQ,13681,7375,53.91
20,2438,UNIVPHOTO,EQ,1242,177,14.25
20,2439,UNOMINDA,EQ,313579,149524,47.68
20,2440,UPL,EQ,1491608,610659,40.94
20,2441,URBAN,ST,4000,4000,100.00
20,2442,USASEEDS,SM,900,900,100.00
20,2443,USHAFIN,ST,58400,53600,91.78
20,2444,USHAMART,EQ,647899,246765,38.09
20,2445,USK,EQ,89602,47800,53.35
20,2446,UTIAMC,EQ,176610,81529,46.16
20,2447,UTIBANKETF,EQ,306751,265254,86.47
20,2448,UTINEXT50,EQ,92900,68433,73.66
20,2449,UTINIFTETF,EQ,32830,25841,78.71
20,2450,UTISENSETF,EQ,1341,1186,88.44
20,2451,UTISXN50,EQ,8757,5468,62.44
20,2452,UTKARSHBNK,EQ,1009076,446742,44.27
20,2453,UTSSAV,ST,256200,255000,99.53
20,2454,UTTAMSUGAR,EQ,118474,55007,46.43
20,2455,UYFINCORP,EQ,95544,54206,56.73
20,2456,VADILALIND,EQ,5625,2838,50.45
20,2457,VAIBHAVGBL,EQ,273682,117108,42.79
20,2458,VAKRANGEE,EQ,9296090,4061642,43.69
20,2459,VAL30IETF,EQ,57451,36382,63.33
20,2460,VALIANTLAB,EQ,55098,17418,31.61
20,2461,VALIANTORG,EQ,76756,48484,63.17
20,2462,VARDHACRLC,EQ,69181,24908,36.00
20,2463,VARROC,EQ,142713,63469,44.47
20,2464,VASA,SM,8000,8000,100.00
20,2465,VASCONEQ,EQ,685317,385692,56.28
20,2466,VBL,EQ,6149844,4155882,67.58
20,2467,VDEAL,SM,8400,6000,71.43
20,2468,VEDL,EQ,8641368,2414715,27.94
20,2469,VEEDOL,EQ,18607,9163,49.24
20,2470,VEEKAYEM,ST,3000,3000,100.00
20,2471,VELS,SM,6000,6000,100.00
20,2472,VENKEYS,EQ,61958,29327,47.33
20,2473,VENUSPIPES,EQ,27063,14882,54.99
20,2474,VENUSREM,EQ,42106,31309,74.36
20,2475,VERANDA,EQ,212370,60030,28.27
20,2476,VERITAAS,SM,4800,4800,100.00
20,2477,VERTOZ,EQ,5932277,2993802,50.47
20,2478,VESUVIUS,EQ,10713,5796,54.10
20,2479,VGUARD,EQ,346300,160726,46.41
20,2480,VHL,EQ,2333,1771,75.91
20,2481,VIAZ,SM,10000,8000,80.00
20,2482,VIDHIING,EQ,16820,12397,73.70
20,2483,VIESL,SM,505600,300000,59.34
20,2484,VIJAYA,EQ,100574,59174,58.84
20,2485,VIJIFIN,EQ,214127,182678,85.31
20,2486,VIKASECO,EQ,8139320,2443958,30.03
20,2487,VIKASLIFE,EQ,5789861,2376857,41.05
20,2488,VILAS,ST,166250,162500,97.74
20,2489,VILINBIO,SM,12000,12000,100.00
20,2490,VIMTALABS,EQ,48008,25697,53.53
20,2491,VINATIORGA,EQ,20744,11908,57.40
20,2492,VINCOFE,EQ,315098,204120,64.78
20,2493,VINDHYATEL,EQ,39143,20080,51.30
20,2494,VINEETLAB,EQ,37840,21790,57.58
20,2495,VINSYS,SM,37500,36000,96.00
20,2496,VINYAS,ST,14800,14600,98.65
20,2497,VINYLINDIA,EQ,19690,12536,63.67
20,2498,VIPIND,EQ,231467,91389,39.48
20,2499,VIRINCHI,EQ,276235,148417,53.73
20,2500,VISAKAIND,EQ,140012,76105,54.36
20,2501,VISHNU,EQ,328739,173455,52.76
20,2502,VISHNUINFR,ST,27500,27500,100.00
20,2503,VISHWARAJ,EQ,954644,559787,58.64
20,2504,VISHWAS,SM,1600,1600,100.00
20,2505,VITAL,SM,18000,15600,86.67
20,2506,VIVIANA,ST,5125,5125,100.00
20,2507,VIVIDHA,EQ,724765,482461,66.57
20,2508,VIVO,ST,8000,8000,100.00
20,2509,VLINFRA,ST,58500,57000,97.44
20,2510,VLSFINANCE,EQ,57642,27069,46.96
20,2511,VMARCIND,ST,22750,22500,98.90
20,2512,VMART,EQ,12855,6611,51.43
20,2513,VOLTAMP,EQ,83668,37165,44.42
20,2514,VOLTAS,EQ,901944,367190,40.71
20,2515,VPRPL,EQ,1975360,785411,39.76
20,2516,VR,ST,1600,1600,100.00
20,2517,VRAJ,EQ,120348,65703,54.59
20,2518,VRLLOG,EQ,27775,12379,44.57
20,2519,VSCL,SM,24000,21000,87.50
20,2520,VSSL,EQ,69267,56075,80.95
20,2521,VSTIND,EQ,191750,75641,39.45
20,2522,VSTL,EQ,15862,8040,50.69
20,2523,VSTTILLERS,EQ,8279,5184,62.62
20,2524,VTL,EQ,378551,239676,63.31
20,2525,WAAREEENER,EQ,9495315,1422806,14.98
20,2526,WABAG,EQ,352167,164352,46.67
20,2527,WALCHANNAG,EQ,576879,239329,41.49
20,2528,WALPAR,SM,16000,12000,75.00
20,2529,WCIL,EQ,863047,350010,40.56
20,2530,WEBELSOLAR,EQ,626958,236381,37.70
20,2531,WEIZMANIND,EQ,9091,5730,63.03
20,2532,WEL,EQ,94268,22244,23.60
20,2533,WELCORP,EQ,1097281,538384,49.07
20,2534,WELENT,EQ,229068,114610,50.03
20,2535,WELINV,EQ,2224,1403,63.08
20,2536,WELSPUNLIV,EQ,2531415,1089773,43.05
20,2537,WENDT,EQ,3186,953,29.91
20,2538,WESTLIFE,EQ,17141,6038,35.23
20,2539,WEWIN,EQ,13074,5243,40.10
20,2540,WHEELS,EQ,39998,24970,62.43
20,2541,WHIRLPOOL,EQ,80858,38085,47.10
20,2542,WILLAMAGOR,EQ,95522,55206,57.79
20,2543,WINDLAS,EQ,181754,55146,30.34
20,2544,WINDMACHIN,EQ,769683,361010,46.90
20,2545,WINNY,SM,1500,1000,66.67
20,2546,WINSOL,SM,50800,32000,62.99
20,2547,WIPL,EQ,3611,2923,80.95
20,2548,WIPRO,EQ,9777442,3204489,32.77
20,2549,WOCKPHARMA,EQ,801883,291559,36.36
20,2550,WOL3D,SM,14000,14000,100.00
20,2551,WOMANCART,ST,20800,20000,96.15
20,2552,WONDERLA,EQ,105676,52494,49.67
20,2553,WORTH,EQ,18120,11167,61.63
20,2554,WSI,EQ,169705,84165,49.59
20,2555,WSTCSTPAPR,EQ,34564,15409,44.58
20,2556,WTICAB,SM,62500,48000,76.80
20,2557,XCHANGING,EQ,171120,82124,47.99
20,2558,XPROINDIA,EQ,49325,32757,66.41
20,2559,XTGLOBAL,EQ,37918,17482,46.10
20,2560,YAARI,EQ,375403,211529,56.35
20,2561,YASHO,EQ,7886,5050,64.04
20,2562,YASHOPTICS,SM,56000,36800,65.71
20,2563,YATHARTH,EQ,223890,104408,46.63
20,2564,YATRA,EQ,126516,67800,53.59
20,2565,YCCL,SM,6000,3000,50.00
20,2566,YESBANK,EQ,55366273,21505733,38.84
20,2567,YUDIZ,SM,33600,26400,78.57
20,2568,YUKEN,EQ,7094,4065,57.30
20,2569,ZEAL,SM,9000,7200,80.00
20,2570,ZEEL,EQ,5868263,2199642,37.48
20,2571,ZEELEARN,EQ,1037392,530430,51.13
20,2572,ZENITHDRUG,ST,29600,28800,97.30
20,2573,ZENSARTECH,EQ,1176310,440747,37.47
20,2574,ZENTEC,EQ,296443,169949,57.33
20,2575,ZFCVINDIA,EQ,6442,2797,43.42
20,2576,ZIMLAB,EQ,976059,360333,36.92
20,2577,ZODIACLOTH,EQ,14402,10505,72.94
20,2578,ZOMATO,EQ,61727658,20451627,33.13
20,2579,ZOTA,EQ,6757,5631,83.34
20,2580,ZTECH,ST,34200,32400,94.74
20,2581,ZUARI,EQ,223341,114424,51.23
20,2582,ZUARIIND,EQ,97008,67882,69.98
20,2583,ZYDUSLIFE,EQ,1167347,724602,62.07
20,2584,ZYDUSWELL,EQ,19842,11012,55.50
