Security Wise Delivery Position - Compulsory Rolling Settlement
10,MTO,04112024,1410948811,0002583
Trade Date <04-NOV-2024>,Settlement Type <N>
Record Type,Sr No,Name of Security,Quantity Traded,Deliverable Quantity(gross across client level),% of Deliverable Quantity to Traded Quantity
20,1,0MOFSL27,N3,25,25,100.00
20,2,1003ISFL28,N4,100,100,100.00
20,3,1003SCL30A,NV,10,9,90.00
20,4,1015ECL29,NR,51,51,100.00
20,5,1015SCL28,NR,37,12,32.43
20,6,1015UCL26,N1,40,40,100.00
20,7,1018GS2026,GS,6497,6497,100.00
20,8,1025SCL34,Z8,26,26,100.00
20,9,1025SCL34A,ZT,11,11,100.00
20,10,1025UCL26A,N1,10,10,100.00
20,11,1030ICC26,NJ,15,15,100.00
20,12,1035UCL26,NA,10,10,100.00
20,13,1040NFL26,NA,13,13,100.00
20,14,1049DLS25A,Y5,1,1,100.00
20,15,1050NFL26,N7,578,578,100.00
20,16,1050UCL25,N7,100,100,100.00
20,17,105IIFL29,N7,50,50,100.00
20,18,1060ECL29,NS,9,9,100.00
20,19,1075NFL25,N6,1,1,100.00
20,20,1075UCL25,N9,141,141,100.00
20,21,10CAGL27,N5,995,995,100.00
20,22,10IIFL28,N4,636,636,100.00
20,23,10IIFL28A,NE,1620,1589,98.09
20,24,10IIFL29,N6,15,15,100.00
20,25,10ISFL26,N3,3,3,100.00
20,26,10NIDO26,N6,30,30,100.00
20,27,10SCL30A,BV,19,19,100.00
20,28,11DLSL25,NV,84,84,100.00
20,29,11UCL26,NC,10,10,100.00
20,30,182D060225,TB,100,100,100.00
20,31,182D071124,TB,200,200,100.00
20,32,182D230125,TB,200,200,100.00
20,33,182D281124,TB,100,100,100.00
20,34,182D300125,TB,400,400,100.00
20,35,360ONE,EQ,435757,202846,46.55
20,36,364D030425,TB,1000,1000,100.00
20,37,364D060225,TB,1900,1000,52.63
20,38,364D071124,TB,100000,100000,100.00
20,39,364D090125,TB,60900,60900,100.00
20,40,364D110425,TB,100,100,100.00
20,41,364D120625,TB,45000,45000,100.00
20,42,364D150525,TB,600,600,100.00
20,43,364D160125,TB,3800,3800,100.00
20,44,364D200325,TB,200,200,100.00
20,45,364D230125,TB,1500,1500,100.00
20,46,364D240425,TB,2200,2200,100.00
20,47,364D270225,TB,1000,1000,100.00
20,48,364D300125,TB,15900,15900,100.00
20,49,364D310725,TB,5000,5000,100.00
20,50,3IINFOLTD,EQ,343340,192875,56.18
20,51,3MINDIA,EQ,4381,896,20.45
20,52,515GS2025,GS,2,2,100.00
20,53,574GS2026,GS,30,0,0.00
20,54,585GS2030,GS,150,150,100.00
20,55,5PAISA,EQ,36651,20135,54.94
20,56,610GS2031,GS,61,61,100.00
20,57,619GS2034,GS,1,1,100.00
20,58,63MOONS,EQ,717148,257409,35.89
20,59,654GS2032,GS,128000,109000,85.16
20,60,667GS2035,GS,5,5,100.00
20,61,676GS2061,GS,3000,3000,100.00
20,62,679GS2034,GS,2000,2000,100.00
20,63,68GS2060,GS,60,39,65.00
20,64,697GR2034,GS,370,370,100.00
20,65,699GS2026,GS,1000,1000,100.00
20,66,699GS2051,GS,1,1,100.00
20,67,702GS2027,GS,23500,23500,100.00
20,68,702GS2031,GS,1200,1200,100.00
20,69,704GS2029,GS,3490,3000,85.96
20,70,706GS2028,GS,984,984,100.00
20,71,709GS2054,GS,1100,1100,100.00
20,72,710GS2029,GS,8490,8490,100.00
20,73,717GS2030,GS,10993,9093,82.72
20,74,718GS2033,GS,26000,26000,100.00
20,75,718GS2037,GS,415,415,100.00
20,76,71GS2034,GS,500,500,100.00
20,77,723GS2039,GS,10100,10100,100.00
20,78,725GS2063,GS,500,500,100.00
20,79,726GS2032,GS,158350,150100,94.79
20,80,726GS2033,GS,1000,1000,100.00
20,81,729IRFC26,NN,144,144,100.00
20,82,729NHAI26,NC,12,12,100.00
20,83,732GS2030,GS,2400,2400,100.00
20,84,732IRFC25,NI,1504,1493,99.27
20,85,733GS2026,GS,3821,3821,100.00
20,86,734GS2064,GS,34689,22035,63.52
20,87,734IRFC28,N4,500,500,100.00
20,88,736GS2052,GS,20310,20310,100.00
20,89,737GS2028,GS,1701,1701,100.00
20,90,738GS2027,GS,113743,111257,97.81
20,91,739NHAI26,N8,5012,5012,100.00
20,92,73GS2053,GS,2414,2414,100.00
20,93,741GS2036,GS,60389,60389,100.00
20,94,746GS2073,GS,11395,11394,99.99
20,95,74GS2035,GS,300,300,100.00
20,96,74GS2062,GS,30,30,100.00
20,97,750IRFC35,NK,61,50,81.97
20,98,753IRFC30,NJ,991,791,79.82
20,99,754GS2036,GS,308291,302070,97.98
20,100,757GS2033,GS,1000,1000,100.00
20,101,759GS2026,GS,554,277,50.00
20,102,760PFCL35,N3,100,100,100.00
20,103,762NTPC35F,ND,75,75,100.00
20,104,764HUDCO31,N8,192,192,100.00
20,105,764IRFC31,NO,29,29,100.00
20,106,764NABAR31,N2,860,860,100.00
20,107,769HUDCO31,N9,261,261,100.00
20,108,769IGT28,NH,20,20,100.00
20,109,769NHAI31,NE,6,6,100.00
20,110,76NHAI31,NA,1169,1169,100.00
20,111,788GS2030,GS,1000,1000,100.00
20,112,797IGT31,NL,5,5,100.00
20,113,79NHIT35,N1,522,519,99.43
20,114,79NHIT40,N2,2,2,100.00
20,115,79NHIT47,N3,241,144,59.75
20,116,801TCH25,N4,130,100,76.92
20,117,810IRFC27,N2,1173,883,75.28
20,118,812REC27,NI,2612,2200,84.23
20,119,81TCHF28,N8,1,1,100.00
20,120,829LTF24,NL,117,117,100.00
20,121,82HUDCO27,N2,1100,800,72.73
20,122,82IGT31,NJ,1179,1179,100.00
20,123,830CIFC26,N2,10,10,100.00
20,124,830NHAI27,N2,850,649,76.35
20,125,830PFCL27,N5,250,250,100.00
20,126,833GS2036,GS,2030,2030,100.00
20,127,835IFL25,NV,30,15,50.00
20,128,83GS2040,GS,505,505,100.00
20,129,840CIFCL28,N4,70,70,100.00
20,130,842IIFL26,NL,1409,1409,100.00
20,131,843IHFL29,NC,210,210,100.00
20,132,849NTPC25,N7,12071,10779,89.30
20,133,854NHPC28,N2,5,5,100.00
20,134,85IIFL25,NO,50,50,100.00
20,135,865IFL28,NZ,2000,1610,80.50
20,136,865IIFL28,NS,609,607,99.67
20,137,865IRFC29,NA,1,1,100.00
20,138,865TCAPS27,N8,522,384,73.56
20,139,86LTF24,NJ,1089,1009,92.65
20,140,871REC28,N9,1819,1077,59.21
20,141,872MMFSL26,N1,1,1,100.00
20,142,873NTPC28,N5,50,50,100.00
20,143,875IIFL26A,NQ,25,25,100.00
20,144,875NHAI29,N6,3658,3558,97.27
20,145,876HUDCO28,ND,353,353,100.00
20,146,87LTF27,NH,35,35,100.00
20,147,888ERFL28,N5,90,90,100.00
20,148,888IHFL25C,NR,7,7,100.00
20,149,888REC29,NF,205,205,100.00
20,150,889SCL27,YT,25,25,100.00
20,151,891IIFCL34,N4,725,725,100.00
20,152,892PFCL33,N8,308,224,72.73
20,153,894SCL25,Z3,48,24,50.00
20,154,897GS2030,GS,25,25,100.00
20,155,897MOFSL29,N4,115,115,100.00
20,156,898LTF29,N7,30,30,100.00
20,157,901HUDCO34,NE,1645,1545,93.92
20,158,901NHB34,N6,199,197,98.99
20,159,903SFL28,YI,27,27,100.00
20,160,905LTF27,NF,464,390,84.05
20,161,910TCAP28,NA,1523,1273,83.59
20,162,91D051224,TB,600,600,100.00
20,163,91D090125,TB,100,100,100.00
20,164,91D160125,TB,100,100,100.00
20,165,920IIFLS26,N8,1,1,100.00
20,166,921ISFL25,N0,1,1,100.00
20,167,925AEL26,N1,51,51,100.00
20,168,925ERFL28,N6,50,50,100.00
20,169,92GS2030,GS,23225,17689,76.16
20,170,930SFL28,YP,29,29,100.00
20,171,935LTF29,N5,400,400,100.00
20,172,935MOFSL29,N5,100,100,100.00
20,173,93MOFSL34,N6,23,23,100.00
20,174,945IFSL25,N4,8,8,100.00
20,175,948SCL26,N9,15,15,100.00
20,176,948SCL26A,NN,119,119,100.00
20,177,948SCL27D,N1,20,20,100.00
20,178,94IFCI25,NL,108,108,100.00
20,179,950SCL23A,AP,10,10,100.00
20,180,956AEL29,N6,324,324,100.00
20,181,957IIFLS27,NA,20,20,100.00
20,182,960CAGL25,N3,392,392,100.00
20,183,965AEL27,N4,1400,1200,85.71
20,184,965IFSL26,N6,14,14,100.00
20,185,965SCL26F,N1,110,110,100.00
20,186,96IIFL28,N5,2123,2040,96.09
20,187,96IIFL28A,NF,580,494,85.17
20,188,96SFL24A,NB,21,21,100.00
20,189,970CAGL28,ND,99,99,100.00
20,190,971SCL28,AN,2,2,100.00
20,191,971SCL28I,BC,15,15,100.00
20,192,975NFL25,N0,52,52,100.00
20,193,97MOFSL34,N7,10,10,100.00
20,194,97SFL28,YS,50,50,100.00
20,195,985ECL28,NK,100,100,100.00
20,196,985IIFL22,NC,10,10,100.00
20,197,990SCL26,N7,4,4,100.00
20,198,990SCL26A,NL,7,7,100.00
20,199,990SCL26B,Y7,10,10,100.00
20,200,99AEL29,N7,1177,1127,95.75
20,201,99IFCI24,NH,1838,1766,96.08
20,202,9IIFL28A,NT,1000,550,55.00
20,203,9MMFSML,N2,3,3,100.00
20,204,9PCHFL31A,NA,100,95,95.00
20,205,9SCL25,YM,30,30,100.00
20,206,9SFL25A,ZH,180,180,100.00
20,207,A2ZINFRA,EQ,230071,153125,66.56
20,208,AAATECH,EQ,12702,8455,66.56
20,209,AADHARHFC,EQ,613766,279362,45.52
20,210,AAKASH,EQ,234238,161321,68.87
20,211,AARON,EQ,7724,4180,54.12
20,212,AARTECH,EQ,47634,22856,47.98
20,213,AARTIDRUGS,EQ,245568,89090,36.28
20,214,AARTIIND,EQ,2703248,939800,34.77
20,215,AARTIPHARM,EQ,215197,116533,54.15
20,216,AARTISURF,P1,4,4,100.00
20,217,AARVI,EQ,11056,4632,41.90
20,218,AATMAJ,SM,4000,4000,100.00
20,219,AAVAS,EQ,112138,52348,46.68
20,220,ABAN,EQ,51761,26645,51.48
20,221,ABB,EQ,331535,131311,39.61
20,222,ABBOTINDIA,EQ,23566,11970,50.79
20,223,ABCAPITAL,EQ,8148906,3130559,38.42
20,224,ABCOTS,ST,500,500,100.00
20,225,ABDL,EQ,469259,254685,54.27
20,226,ABFRL,EQ,4512769,1813377,40.18
20,227,ABGSEC,EQ,376,148,39.36
20,228,ABINFRA,ST,2000,2000,100.00
20,229,ABREL,EQ,138927,71290,51.31
20,230,ABSLAMC,EQ,565809,256430,45.32
20,231,ABSLBANETF,EQ,71060,61024,85.88
20,232,ABSLLIQUID,EQ,63248,56204,88.86
20,233,ABSLNN50ET,EQ,99762,84425,84.63
20,234,ABSLPSE,EQ,291293,210599,72.30
20,235,ABSMARINE,SM,30500,19000,62.30
20,236,ACC,EQ,141614,56196,39.68
20,237,ACCELYA,EQ,7876,4898,62.19
20,238,ACCENTMIC,SM,16500,14500,87.88
20,239,ACCURACY,EQ,183833,146271,79.57
20,240,ACE,EQ,251438,86658,34.46
20,241,ACEINTEG,EQ,5969,4141,69.38
20,242,ACI,EQ,429252,235341,54.83
20,243,ACL,EQ,67848,46409,68.40
20,244,ACLGATI,EQ,271399,129222,47.61
20,245,ACSAL,ST,10500,10500,100.00
20,246,ADANIENSOL,EQ,773086,331814,42.92
20,247,ADANIENT,EQ,1059384,379732,35.84
20,248,ADANIGREEN,EQ,388291,176947,45.57
20,249,ADANIPORTS,EQ,1700308,631334,37.13
20,250,ADANIPOWER,EQ,1472471,635504,43.16
20,251,ADFFOODS,EQ,238811,85737,35.90
20,252,ADORWELD,EQ,11159,4366,39.13
20,253,ADROITINFO,EQ,79032,18447,23.34
20,254,ADROITPP1,E1,9780,8294,84.81
20,255,ADSL,EQ,364981,165703,45.40
20,256,ADVANIHOTR,EQ,72924,38257,52.46
20,257,ADVENZYMES,EQ,293457,115896,39.49
20,258,AEGISLOG,EQ,516997,192509,37.24
20,259,AEL120924A,N5,75,75,100.00
20,260,AEROFLEX,EQ,851656,323226,37.95
20,261,AERON,SM,49000,45000,91.84
20,262,AESTHETIK,SM,24000,16000,66.67
20,263,AETHER,EQ,31350,13656,43.56
20,264,AFCONS,EQ,60012876,35393622,58.98
20,265,AFFLE,EQ,266609,75561,28.34
20,266,AFFORDABLE,EQ,43362,17607,40.60
20,267,AFIL,EQ,25639,15362,59.92
20,268,AGARIND,EQ,29294,22140,75.58
20,269,AGARWALFT,SM,3000,1500,50.00
20,270,AGI,EQ,136228,55584,40.80
20,271,AGIIL,EQ,44870,17825,39.73
20,272,AGNI,SM,10000,10000,100.00
20,273,AGRITECH,EQ,11818,6988,59.13
20,274,AGROPHOS,EQ,38908,18093,46.50
20,275,AGSTRA,EQ,845598,321160,37.98
20,276,AGUL,SM,2000,2000,100.00
20,277,AHL,EQ,172633,66426,38.48
20,278,AHLADA,EQ,25460,14128,55.49
20,279,AHLEAST,EQ,21264,8477,39.87
20,280,AHLUCONT,EQ,50869,27091,53.26
20,281,AIAENG,EQ,102466,82118,80.14
20,282,AIIL,EQ,54015,22529,41.71
20,283,AILIMITED,ST,3000,3000,100.00
20,284,AIMTRON,ST,34000,31600,92.94
20,285,AIROLAM,EQ,11225,6501,57.92
20,286,AIRTELPP,E1,77641,41147,53.00
20,287,AISL,ST,600,600,100.00
20,288,AJANTPHARM,EQ,69845,27598,39.51
20,289,AJMERA,EQ,92392,32855,35.56
20,290,AKANKSHA,SM,69000,32000,46.38
20,291,AKASH,EQ,19769,7918,40.05
20,292,AKG,EQ,72830,50683,69.59
20,293,AKI,EQ,43320,28686,66.22
20,294,AKIKO,SM,9600,8000,83.33
20,295,AKSHARCHEM,EQ,6550,4419,67.47
20,296,AKSHOPTFBR,EQ,346620,204376,58.96
20,297,AKUMS,EQ,82020,40227,49.05
20,298,AKZOINDIA,EQ,49441,15288,30.92
20,299,ALANKIT,EQ,377318,182866,48.46
20,300,ALEMBICLTD,EQ,2235125,642845,28.76
20,301,ALICON,EQ,11183,5922,52.96
20,302,ALKALI,EQ,15079,8774,58.19
20,303,ALKEM,EQ,103309,59799,57.88
20,304,ALKYLAMINE,EQ,39333,17471,44.42
20,305,ALLCARGO,EQ,1161765,497575,42.83
20,306,ALLDIGI,EQ,52434,20091,38.32
20,307,ALLETEC,SM,42800,26800,62.62
20,308,ALOKINDS,EQ,5209006,1584855,30.43
20,309,ALPEXSOLAR,SM,95400,61200,64.15
20,310,ALPHA,EQ,1734826,1327718,76.53
20,311,ALPHAETF,EQ,2071142,1648395,79.59
20,312,ALPHAGEO,EQ,11183,8019,71.71
20,313,ALPL30IETF,EQ,8671850,8345286,96.23
20,314,ALUWIND,ST,16500,15000,90.91
20,315,AMBANIORGO,SM,2000,2000,100.00
20,316,AMBER,EQ,572988,100677,17.57
20,317,AMBEY,SM,34000,32000,94.12
20,318,AMBICAAGAR,EQ,87496,31759,36.30
20,319,AMBIKCO,EQ,5927,2834,47.82
20,320,AMBUJACEM,EQ,1059806,431123,40.68
20,321,AMDIND,EQ,11672,7771,66.58
20,322,AMEYA,ST,4000,4000,100.00
20,323,AMIORG,EQ,592630,193580,32.66
20,324,AMJLAND,EQ,35023,24058,68.69
20,325,AMNPLST,EQ,5862,2603,44.40
20,326,AMRUTANJAN,EQ,24295,12482,51.38
20,327,ANANDRATHI,EQ,35032,15599,44.53
20,328,ANANTRAJ,EQ,875707,392142,44.78
20,329,ANDHRAPAP,EQ,208280,113657,54.57
20,330,ANDHRSUGAR,EQ,167840,70105,41.77
20,331,ANGELONE,EQ,1436467,412635,28.73
20,332,ANLON,SM,6000,6000,100.00
20,333,ANMOL,EQ,115135,40353,35.05
20,334,ANNAPURNA,SM,19500,13500,69.23
20,335,ANUP,EQ,210081,57433,27.34
20,336,ANURAS,EQ,31613,13311,42.11
20,337,APARINDS,EQ,76154,29215,38.36
20,338,APCL,EQ,8995,6534,72.64
20,339,APCOTEXIND,EQ,9410,5904,62.74
20,340,APEX,EQ,328368,66023,20.11
20,341,APLAPOLLO,EQ,376976,253533,67.25
20,342,APLLTD,EQ,109297,34885,31.92
20,343,APOLLO,EQ,1139743,557764,48.94
20,344,APOLLOHOSP,EQ,273442,146247,53.48
20,345,APOLLOPIPE,EQ,20353,6891,33.86
20,346,APOLLOTYRE,EQ,1707365,638179,37.38
20,347,APOLSINHOT,EQ,4814,2800,58.16
20,348,APRAMEYA,SM,144000,102000,70.83
20,349,APS,ST,44000,41250,93.75
20,350,APTECHT,EQ,129237,62825,48.61
20,351,APTUS,EQ,498004,224892,45.16
20,352,ARABIAN,SM,16000,14000,87.50
20,353,ARCHIDPLY,EQ,23504,13118,55.81
20,354,ARE&M,EQ,631911,230868,36.53
20,355,ARHAM,SM,38000,32000,84.21
20,356,ARIES,EQ,29738,16871,56.73
20,357,ARIHANTACA,ST,1600,1600,100.00
20,358,ARIHANTCAP,EQ,526616,233831,44.40
20,359,ARIHANTSUP,EQ,11800,5526,46.83
20,360,ARISTO,SM,4800,3200,66.67
20,361,ARKADE,EQ,540282,203442,37.65
20,362,ARMANFIN,EQ,23423,13409,57.25
20,363,AROGRANITE,EQ,8423,4704,55.85
20,364,ARROWGREEN,EQ,43346,24965,57.59
20,365,ARTEMISMED,EQ,64762,37780,58.34
20,366,ARVEE,EQ,6540,2546,38.93
20,367,ARVIND,EQ,366071,166746,45.55
20,368,ARVINDFASN,EQ,403845,229986,56.95
20,369,ARVSMART,EQ,100338,39450,39.32
20,370,ASAHIINDIA,EQ,185874,72235,38.86
20,371,ASAL,EQ,13049,5769,44.21
20,372,ASALCBR,EQ,22740,12840,56.46
20,373,ASHALOG,SM,14000,14000,100.00
20,374,ASHAPURMIN,EQ,274680,139079,50.63
20,375,ASHIANA,EQ,67459,30092,44.61
20,376,ASHOKA,EQ,1732619,457454,26.40
20,377,ASHOKLEY,EQ,11407383,3123852,27.38
20,378,ASIANENE,EQ,136794,69597,50.88
20,379,ASIANHOTNR,EQ,1423,535,37.60
20,380,ASIANPAINT,EQ,1146008,726321,63.38
20,381,ASIANTILES,EQ,587028,326451,55.61
20,382,ASKAUTOLTD,EQ,529496,261439,49.38
20,383,ASLIND,SM,2000,2000,100.00
20,384,ASMS,EQ,280544,177501,63.27
20,385,ASPINWALL,EQ,3728,2596,69.64
20,386,ASPIRE,SM,6000,6000,100.00
20,387,ASTEC,EQ,33480,21578,64.45
20,388,ASTERDM,EQ,618996,332893,53.78
20,389,ASTRAL,EQ,351188,161254,45.92
20,390,ASTRAMICRO,EQ,142780,68890,48.25
20,391,ASTRAZEN,EQ,11789,3082,26.14
20,392,ASTRON,EQ,213750,107638,50.36
20,393,ATAM,EQ,21133,14562,68.91
20,394,ATFL,EQ,30175,17335,57.45
20,395,ATGL,EQ,301856,122248,40.50
20,396,ATL,EQ,377470,189584,50.22
20,397,ATMASTCO,ST,50800,46400,91.34
20,398,ATUL,EQ,27062,10296,38.05
20,399,ATULAUTO,EQ,89906,47435,52.76
20,400,AUBANK,EQ,3687616,1590152,43.12
20,401,AURDIS,SM,3750,2500,66.67
20,402,AURIONPRO,EQ,55885,29602,52.97
20,403,AUROIMPEX,SM,40000,32000,80.00
20,404,AUROPHARMA,EQ,872401,396735,45.48
20,405,AURUMPP1,X1,7255,6861,94.57
20,406,AUSL,SM,4000,2000,50.00
20,407,AUSOMENT,EQ,28091,14493,51.59
20,408,AUTOAXLES,EQ,4658,2565,55.07
20,409,AUTOBEES,EQ,426554,293426,68.79
20,410,AUTOIETF,EQ,886500,736020,83.03
20,411,AUTOIND,EQ,78113,40176,51.43
20,412,AVADHSUGAR,EQ,68976,28994,42.03
20,413,AVALON,EQ,194686,49408,25.38
20,414,AVANTEL,EQ,371863,195761,52.64
20,415,AVANTIFEED,EQ,172079,77846,45.24
20,416,AVG,EQ,23938,15187,63.44
20,417,AVIANSH,SM,20000,20000,100.00
20,418,AVPINFRA,ST,148000,140000,94.59
20,419,AVTNPL,EQ,70120,31736,45.26
20,420,AWFIS,EQ,358740,119288,33.25
20,421,AWHCL,EQ,160232,65266,40.73
20,422,AWL,EQ,1085400,558067,51.42
20,423,AXISBANK,EQ,9288653,5396264,58.10
20,424,AXISBNKETF,EQ,1123,954,84.95
20,425,AXISBPSETF,EQ,157543,153805,97.63
20,426,AXISCADES,EQ,89435,34908,39.03
20,427,AXISCETF,EQ,23092,15397,66.68
20,428,AXISGOLD,EQ,646588,571043,88.32
20,429,AXISHCETF,EQ,8035,6793,84.54
20,430,AXISILVER,EQ,44690,38565,86.29
20,431,AXISNIFTY,EQ,98020,86667,88.42
20,432,AXISTECETF,EQ,1855,1681,90.62
20,433,AXITA,EQ,3073358,1659699,54.00
20,434,AXSENSEX,EQ,7982,7801,97.73
20,435,AZAD,EQ,2455496,438262,17.85
20,436,BABAFP,SM,4800,1600,33.33
20,437,BAGFILMS,EQ,447780,225894,50.45
20,438,BAHETI,ST,79500,78375,98.58
20,439,BAJAJ-AUTO,EQ,1125992,416832,37.02
20,440,BAJAJCON,EQ,236213,120838,51.16
20,441,BAJAJELEC,EQ,36875,15253,41.36
20,442,BAJAJFINSV,EQ,1294236,654020,50.53
20,443,BAJAJHCARE,EQ,85003,52827,62.15
20,444,BAJAJHFL,EQ,8810870,3935450,44.67
20,445,BAJAJHIND,EQ,13732157,6034507,43.94
20,446,BAJAJHLDNG,EQ,110638,26591,24.03
20,447,BAJEL,EQ,131135,63976,48.79
20,448,BAJFINANCE,EQ,716239,373487,52.15
20,449,BALAJEE,EQ,205467,164768,80.19
20,450,BALAMINES,EQ,29429,13248,45.02
20,451,BALAXI,EQ,66192,10296,15.55
20,452,BALCO,ST,1200,1200,100.00
20,453,BALKRISHNA,EQ,26923,8683,32.25
20,454,BALKRISIND,EQ,104527,37252,35.64
20,455,BALMLAWRIE,EQ,197360,82566,41.84
20,456,BALRAMCHIN,EQ,591317,213252,36.06
20,457,BALUFORGE,EQ,301114,137248,45.58
20,458,BANARBEADS,EQ,52497,20835,39.69
20,459,BANARISUG,EQ,1653,1033,62.49
20,460,BANCOINDIA,EQ,102294,36485,35.67
20,461,BANDHANBNK,EQ,7639211,2691678,35.24
20,462,BANG,EQ,7350,5628,76.57
20,463,BANKA,EQ,37135,16961,45.67
20,464,BANKBARODA,EQ,15810287,6175328,39.06
20,465,BANKBEES,EQ,1068690,730077,68.32
20,466,BANKBETF,EQ,14045,12364,88.03
20,467,BANKETF,EQ,15968,15578,97.56
20,468,BANKETFADD,EQ,9089,6578,72.37
20,469,BANKIETF,EQ,115718,64086,55.38
20,470,BANKINDIA,EQ,4062781,1676026,41.25
20,471,BANKNIFTY1,EQ,116237,81257,69.91
20,472,BANKPSU,EQ,2686,1775,66.08
20,473,BANSALWIRE,EQ,115845,72861,62.90
20,474,BANSWRAS,EQ,10766,5833,54.18
20,475,BARBEQUE,EQ,66937,23867,35.66
20,476,BASF,EQ,64781,34943,53.94
20,477,BASILIC,SM,43500,30600,70.34
20,478,BATAINDIA,EQ,366261,134643,36.76
20,479,BAWEJA,SM,8000,7200,90.00
20,480,BAYERCROP,EQ,52490,36894,70.29
20,481,BBETF0432,EQ,1474,1239,84.06
20,482,BBL,EQ,17217,7648,44.42
20,483,BBNPNBETF,EQ,531,510,96.05
20,484,BBNPPGOLD,EQ,1551,1130,72.86
20,485,BBOX,EQ,251319,158731,63.16
20,486,BBTC,EQ,77145,30217,39.17
20,487,BBTCL,EQ,4127,2690,65.18
20,488,BCLIND,EQ,693856,346210,49.90
20,489,BCONCEPTS,EQ,11798,5909,50.08
20,490,BDL,EQ,589782,285651,48.43
20,491,BEACON,SM,41000,27000,65.85
20,492,BEARDSELL,EQ,66163,33907,51.25
20,493,BECTORFOOD,EQ,43745,16740,38.27
20,494,BEDMUTHA,EQ,10581,5838,55.17
20,495,BEL,EQ,15157659,5975929,39.43
20,496,BEML,EQ,149302,51306,34.36
20,497,BEPL,EQ,637724,296139,46.44
20,498,BERGEPAINT,EQ,603925,166516,27.57
20,499,BESTAGRO,EQ,68930,37064,53.77
20,500,BETA,SM,9100,5300,58.24
20,501,BEWLTD,SM,21000,17500,83.33
20,502,BFINVEST,EQ,76798,34190,44.52
20,503,BFSI,EQ,210033,122015,58.09
20,504,BGRENERGY,EQ,355159,251772,70.89
20,505,BHAGCHEM,EQ,46598,27024,57.99
20,506,BHAGYANGR,EQ,119930,52824,44.05
20,507,BHANDARI,EQ,406586,280418,68.97
20,508,BHARATFORG,EQ,715523,258167,36.08
20,509,BHARATGEAR,EQ,9332,5395,57.81
20,510,BHARATRAS,EQ,1708,840,49.18
20,511,BHARATWIRE,EQ,174466,83836,48.05
20,512,BHARTIARTL,EQ,6094029,4085000,67.03
20,513,BHARTIHEXA,EQ,257575,184238,71.53
20,514,BHEL,EQ,17322490,4288737,24.76
20,515,BHINVIT,IV,31832,28421,89.28
20,516,BIGBLOC,EQ,236485,95412,40.35
20,517,BIKAJI,EQ,310699,150689,48.50
20,518,BIKEWO,SM,40000,26000,65.00
20,519,BIOCON,EQ,3983931,1838617,46.15
20,520,BIOFILCHEM,EQ,23649,15010,63.47
20,521,BIRDYS,SM,1200,1200,100.00
20,522,BIRET,RR,215841,202280,93.72
20,523,BIRLACABLE,EQ,32928,12923,39.25
20,524,BIRLACORPN,EQ,60251,28649,47.55
20,525,BLAL,EQ,49495,25523,51.57
20,526,BLBLIMITED,EQ,122535,65551,53.50
20,527,BLISSGVS,EQ,311590,148474,47.65
20,528,BLKASHYAP,EQ,215956,129559,59.99
20,529,BLS,EQ,1754739,566659,32.29
20,530,BLSE,EQ,133493,68369,51.22
20,531,BLUEDART,EQ,7297,2421,33.18
20,532,BLUEJET,EQ,80604,57134,70.88
20,533,BLUEPEBBLE,SM,10000,6800,68.00
20,534,BLUESTARCO,EQ,283061,138724,49.01
20,535,BMETRICS,SM,8800,5600,63.64
20,536,BODALCHEM,EQ,269918,136735,50.66
20,537,BOMDYEING,EQ,1379764,482753,34.99
20,538,BOROLTD,EQ,377552,125567,33.26
20,539,BORORENEW,EQ,182156,76514,42.00
20,540,BOROSCI,EQ,478256,121593,25.42
20,541,BOSCHLTD,EQ,29676,15566,52.45
20,542,BOSS,SM,40000,12000,30.00
20,543,BPCL,EQ,14063318,7491517,53.27
20,544,BPL,EQ,51061,32038,62.74
20,545,BRACEPORT,SM,11200,11200,100.00
20,546,BRIGADE,EQ,378085,159052,42.07
20,547,BRIGHT,SZ,72000,72000,100.00
20,548,BRITANNIA,EQ,249780,148710,59.54
20,549,BRNL,EQ,44433,22300,50.19
20,550,BSE,EQ,2157364,430986,19.98
20,551,BSE500IETF,EQ,270487,223657,82.69
20,552,BSHSL,EQ,12092,6160,50.94
20,553,BSL,EQ,341041,92785,27.21
20,554,BSLGOLDETF,EQ,110303,69049,62.60
20,555,BSLNIFTY,EQ,505388,379013,74.99
20,556,BSLSENETFG,EQ,7585,5961,78.59
20,557,BSOFT,EQ,2376849,694201,29.21
20,558,BTML,EQ,265755,147484,55.50
20,559,BULKCORP,SM,13200,13200,100.00
20,560,BUTTERFLY,EQ,26673,8646,32.41
20,561,BVCL,EQ,22180,13130,59.20
20,562,BYKE,EQ,305783,147870,48.36
20,563,CADSYS,ST,8500,8500,100.00
20,564,CAGL25,N8,9,9,100.00
20,565,CAGL27A,N6,30,30,100.00
20,566,CAMLINFINE,EQ,389833,188838,48.44
20,567,CAMPUS,EQ,703508,245151,34.85
20,568,CAMS,EQ,1135535,205641,18.11
20,569,CANARYS,SM,64000,64000,100.00
20,570,CANBK,EQ,32237064,11958768,37.10
20,571,CANFINHOME,EQ,268481,96922,36.10
20,572,CANTABIL,EQ,66553,21341,32.07
20,573,CAPACITE,EQ,786076,243135,30.93
20,574,CAPITALSFB,EQ,23719,14787,62.34
20,575,CAPLIPOINT,EQ,61053,21325,34.93
20,576,CARBORUNIV,EQ,65183,31768,48.74
20,577,CARERATING,EQ,76607,37900,49.47
20,578,CARTRADE,EQ,459392,146327,31.85
20,579,CARYSIL,EQ,29776,13508,45.37
20,580,CASTROLIND,EQ,2206672,1012510,45.88
20,581,CBAZAAR,SM,288000,216000,75.00
20,582,CCHHL,EQ,112573,78231,69.49
20,583,CCL,EQ,63853,20492,32.09
20,584,CDSL,EQ,3090069,952950,30.84
20,585,CEATLTD,EQ,55554,20746,37.34
20,586,CEIGALL,EQ,229850,140453,61.11
20,587,CELEBRITY,EQ,33586,22486,66.95
20,588,CELLECOR,ST,615000,570000,92.68
20,589,CELLO,EQ,51037,29944,58.67
20,590,CELLPOINT,SM,111600,63600,56.99
20,591,CENTENKA,EQ,32217,16972,52.68
20,592,CENTRALBK,EQ,5344850,1649035,30.85
20,593,CENTRUM,EQ,293320,150969,51.47
20,594,CENTUM,EQ,13951,9355,67.06
20,595,CENTURYPLY,EQ,61233,30947,50.54
20,596,CERA,EQ,9945,3822,38.43
20,597,CESC,EQ,4061721,2115597,52.09
20,598,CGCL,EQ,1301342,218193,16.77
20,599,CGPOWER,EQ,1947195,1123324,57.69
20,600,CGRAPHICS,SM,7200,5600,77.78
20,601,CHALET,EQ,85796,24677,28.76
20,602,CHAMBLFERT,EQ,1009929,338216,33.49
20,603,CHAVDA,SM,35000,23000,65.71
20,604,CHEMBOND,EQ,8827,4479,50.74
20,605,CHEMCON,EQ,14915,8310,55.72
20,606,CHEMFAB,EQ,8341,4162,49.90
20,607,CHEMPLASTS,EQ,148756,54394,36.57
20,608,CHENNPETRO,EQ,2142289,756946,35.33
20,609,CHETANA,SM,32000,22400,70.00
20,610,CHEVIOT,EQ,3258,1698,52.12
20,611,CHOICEIN,EQ,490474,151288,30.85
20,612,CHOLAFIN,EQ,1323470,865701,65.41
20,613,CHOLAHLDNG,EQ,235031,102725,43.71
20,614,CIEINDIA,EQ,114741,46207,40.27
20,615,CIGNITITEC,EQ,146810,102004,69.48
20,616,CINELINE,EQ,14412,3239,22.47
20,617,CINEVISTA,EQ,31389,18176,57.91
20,618,CIPLA,EQ,4190449,2193539,52.35
20,619,CLEAN,EQ,52957,22014,41.57
20,620,CLOUD,ST,173000,145000,83.82
20,621,CLSEL,EQ,48341,25063,51.85
20,622,CLSL,SM,4000,4000,100.00
20,623,CMNL,ST,9000,9000,100.00
20,624,CMRSL,SM,2400,2400,100.00
20,625,CMSINFO,EQ,622227,427955,68.78
20,626,COALINDIA,EQ,15720990,8689971,55.28
20,627,COASTCORP,EQ,27046,18408,68.06
20,628,COFORGE,EQ,522701,253415,48.48
20,629,COLPAL,EQ,726774,420757,57.89
20,630,COMMITTED,SM,4800,3200,66.67
20,631,COMMOIETF,EQ,114658,73084,63.74
20,632,COMPUSOFT,EQ,83179,50384,60.57
20,633,COMSYN,EQ,68805,22350,32.48
20,634,CONCOR,EQ,1332843,664082,49.82
20,635,CONCORDBIO,EQ,29733,11718,39.41
20,636,CONFIPET,EQ,313301,142995,45.64
20,637,CONS,EQ,7592,4164,54.85
20,638,CONSOFINVT,EQ,5997,3811,63.55
20,639,CONSUMBEES,EQ,221071,168351,76.15
20,640,CONSUMIETF,EQ,39047,29275,74.97
20,641,CONTI,ST,3333,3333,100.00
20,642,CONTROLPR,EQ,34038,22020,64.69
20,643,COOLCAPS,ST,8000,7750,96.88
20,644,CORDSCABLE,EQ,110046,54797,49.79
20,645,COROMANDEL,EQ,444910,131641,29.59
20,646,COSMOFIRST,EQ,61447,33829,55.05
20,647,COUNCODOS,EQ,98177,65243,66.45
20,648,CPS,ST,3600,3600,100.00
20,649,CPSEETF,EQ,4084367,2024619,49.57
20,650,CRAFTSMAN,EQ,47611,23155,48.63
20,651,CRAYONS,SM,19000,17000,89.47
20,652,CREATIVE,EQ,25714,16938,65.87
20,653,CREDITACC,EQ,284509,132934,46.72
20,654,CREST,EQ,46500,25376,54.57
20,655,CRISIL,EQ,81974,35244,42.99
20,656,CROMPTON,EQ,1677666,913427,54.45
20,657,CSBBANK,EQ,82951,43340,52.25
20,658,CSLFINANCE,EQ,55969,33135,59.20
20,659,CUB,EQ,5734041,1672313,29.16
20,660,CUBEXTUB,EQ,162087,106778,65.88
20,661,CUMMINSIND,EQ,599036,300536,50.17
20,662,CUPID,EQ,351401,226790,64.54
20,663,CYBERMEDIA,EQ,60867,29509,48.48
20,664,CYIENT,EQ,119964,60278,50.25
20,665,CYIENTDLM,EQ,179334,90461,50.44
20,666,DABUR,EQ,2308784,1385438,60.01
20,667,DALBHARAT,EQ,143783,66166,46.02
20,668,DALMIASUG,EQ,72912,32914,45.14
20,669,DAMODARIND,EQ,6489,2023,31.18
20,670,DANGEE,EQ,223341,134729,60.32
20,671,DANISH,ST,742200,701100,94.46
20,672,DATAMATICS,EQ,113426,47584,41.95
20,673,DATAPATTNS,EQ,136761,40788,29.82
20,674,DAVANGERE,EQ,1571689,745597,47.44
20,675,DBCORP,EQ,369375,174484,47.24
20,676,DBEIL,EQ,553939,321544,58.05
20,677,DBL,EQ,144722,60562,41.85
20,678,DBOL,EQ,105519,59118,56.03
20,679,DBREALTY,EQ,1169027,594913,50.89
20,680,DBSTOCKBRO,EQ,16443,11322,68.86
20,681,DCAL,EQ,400069,206108,51.52
20,682,DCBBANK,EQ,1130885,581425,51.41
20,683,DCG,SM,50400,44400,88.10
20,684,DCI,EQ,14192,8715,61.41
20,685,DCMNVL,EQ,11237,7220,64.25
20,686,DCMSHRIRAM,EQ,86174,35578,41.29
20,687,DCMSRIND,EQ,125700,64273,51.13
20,688,DCW,EQ,4917791,1491236,30.32
20,689,DCXINDIA,EQ,408730,218965,53.57
20,690,DECCANCE,EQ,3247,1935,59.59
20,691,DECCANTRAN,SM,25200,21600,85.71
20,692,DEEDEV,EQ,119530,53436,44.71
20,693,DEEM,SM,25000,17000,68.00
20,694,DEEPAKFERT,EQ,1278206,318403,24.91
20,695,DEEPAKNTR,EQ,119501,35231,29.48
20,696,DEEPINDS,EQ,146133,62898,43.04
20,697,DELAPLEX,SM,2400,1800,75.00
20,698,DELHIVERY,EQ,1238403,746979,60.32
20,699,DELPHIFX,EQ,7613,4054,53.25
20,700,DELTACORP,EQ,739216,346065,46.82
20,701,DELTAMAGNT,EQ,7775,4885,62.83
20,702,DEN,EQ,1487772,544051,36.57
20,703,DENEERS,SM,2400,600,25.00
20,704,DENORA,EQ,3477,1990,57.23
20,705,DENTALKART,SM,17500,12750,72.86
20,706,DESTINY,ST,13500,13500,100.00
20,707,DEVIT,EQ,316468,123369,38.98
20,708,DEVYANI,EQ,433556,246399,56.83
20,709,DHAMPURSUG,EQ,233569,106508,45.60
20,710,DHANBANK,EQ,428322,198403,46.32
20,711,DHANI,EQ,5453381,2434807,44.65
20,712,DHANUKA,EQ,24802,12447,50.19
20,713,DHARIWAL,SM,2400,2400,100.00
20,714,DHARMAJ,EQ,47324,24866,52.54
20,715,DHRUV,EQ,13096,5745,43.87
20,716,DHTL,ST,7200,6400,88.89
20,717,DHUNINV,EQ,2024,1300,64.23
20,718,DIAMINESQ,EQ,17455,11852,67.90
20,719,DIAMONDYD,EQ,207699,105772,50.93
20,720,DIFFNKG,EQ,211040,122519,58.05
20,721,DIGIDRIVE,EQ,54428,24314,44.67
20,722,DIGIKORE,SM,4200,3800,90.48
20,723,DIL,EQ,267704,145949,54.52
20,724,DISHTV,EQ,5550387,1679478,30.26
20,725,DIVGIITTS,EQ,29798,17244,57.87
20,726,DIVISLAB,EQ,357941,218045,60.92
20,727,DIVOPPBEES,EQ,98464,82604,83.89
20,728,DIVYADHAN,SM,32000,26000,81.25
20,729,DIXON,EQ,730929,160240,21.92
20,730,DJML,EQ,12218,8267,67.66
20,731,DKEGL,SM,4500,4500,100.00
20,732,DLF,EQ,3511025,1408374,40.11
20,733,DLINKINDIA,EQ,163820,69304,42.30
20,734,DMART,EQ,391414,277831,70.98
20,735,DMCC,EQ,14457,10687,73.92
20,736,DODLA,EQ,65656,36791,56.04
20,737,DOLATALGO,EQ,489505,183035,37.39
20,738,DOLLAR,EQ,33255,17609,52.95
20,739,DOLLEX,SM,28000,24000,85.71
20,740,DOMS,EQ,55665,13854,24.89
20,741,DPABHUSHAN,EQ,43232,12652,29.27
20,742,DPEL,SM,45000,34500,76.67
20,743,DPSCLTD,EQ,357791,185729,51.91
20,744,DPWIRES,EQ,22770,13486,59.23
20,745,DRCSYSTEMS,EQ,74860,49375,65.96
20,746,DREAMFOLKS,EQ,62895,31732,50.45
20,747,DREDGECORP,EQ,18815,14232,75.64
20,748,DRL,SM,6000,6000,100.00
20,749,DRONE,ST,54500,52000,95.41
20,750,DRREDDY,EQ,1771490,855039,48.27
20,751,DRSDILIP,ST,800,800,100.00
20,752,DSSL,EQ,22169,11173,50.40
20,753,DTIL,EQ,46257,25526,55.18
20,754,DTL,SM,2400,2400,100.00
20,755,DUCOL,SM,16800,13600,80.95
20,756,DUCON,EQ,1277807,748153,58.55
20,757,DUGLOBAL,SM,70000,42500,60.71
20,758,DURLAX,SM,50000,20000,40.00
20,759,DVL,EQ,23622,11094,46.96
20,760,DWARKESH,EQ,389093,174583,44.87
20,761,DYCL,EQ,234682,75210,32.05
20,762,DYNAMATECH,EQ,5283,1943,36.78
20,763,DYNAMIC,ST,16500,15500,93.94
20,764,EASEMYTRIP,EQ,16628462,4835774,29.08
20,765,EBANKNIFTY,EQ,1682,855,50.83
20,766,EBBETF0425,EQ,4825,4256,88.21
20,767,EBBETF0430,EQ,17996,13165,73.16
20,768,EBBETF0431,EQ,6299,4981,79.08
20,769,EBBETF0433,EQ,4093,3883,94.87
20,770,ECLERX,EQ,74067,32461,43.83
20,771,ECOSMOBLTY,EQ,114862,45748,39.83
20,772,EDELWEISS,EQ,3655656,2081163,56.93
20,773,EFACTOR,SM,17600,16000,90.91
20,774,EFFWA,ST,82400,79200,96.12
20,775,EFORCE,SM,21600,19200,88.89
20,776,EGOLD,EQ,79207,71855,90.72
20,777,EICHERMOT,EQ,719165,401738,55.86
20,778,EIDPARRY,EQ,174395,81871,46.95
20,779,EIHAHOTELS,EQ,33364,12777,38.30
20,780,EIHOTEL,EQ,612948,317372,51.78
20,781,EIMCOELECO,EQ,4109,2499,60.82
20,782,EKC,EQ,469567,153025,32.59
20,783,ELDEHSG,EQ,2937,455,15.49
20,784,ELECON,EQ,675270,336694,49.86
20,785,ELECTCAST,EQ,1392163,698718,50.19
20,786,ELGIEQUIP,EQ,92245,31582,34.24
20,787,ELGIRUBCO,EQ,982004,312131,31.79
20,788,ELIN,EQ,94831,46246,48.77
20,789,EMAMILTD,EQ,525378,217534,41.41
20,790,EMAMIPAP,EQ,90742,66621,73.42
20,791,EMAMIREAL,EQ,53533,35924,67.11
20,792,EMBASSY,RR,1728965,1559956,90.22
20,793,EMBDL,EQ,5747457,2674616,46.54
20,794,EMCURE,EQ,77002,57448,74.61
20,795,EMIL,EQ,823964,283236,34.37
20,796,EMKAYTOOLS,SM,3750,3450,92.00
20,797,EMMBI,EQ,33556,21774,64.89
20,798,EMMIL,SM,11000,9750,88.64
20,799,EMSLIMITED,EQ,224610,104900,46.70
20,800,EMUDHRA,EQ,76732,32017,41.73
20,801,ENDURANCE,EQ,41970,20683,49.28
20,802,ENERGYDEV,EQ,131931,68529,51.94
20,803,ENFUSE,SM,11400,7200,63.16
20,804,ENGINERSIN,EQ,2221852,905643,40.76
20,805,ENIL,EQ,51177,38053,74.36
20,806,ENSER,ST,11500,11500,100.00
20,807,ENTERO,EQ,271109,189171,69.78
20,808,ENVIRO,SM,96000,68000,70.83
20,809,EPIGRAL,EQ,42346,17534,41.41
20,810,EPL,EQ,594850,270295,45.44
20,811,EQUAL50ADD,EQ,91997,82164,89.31
20,812,EQUITASBNK,EQ,2136146,1136778,53.22
20,813,ERIS,EQ,67879,29951,44.12
20,814,ESABINDIA,EQ,2067,966,46.73
20,815,ESAFSFB,EQ,333250,159868,47.97
20,816,ESCONET,ST,23200,22000,94.83
20,817,ESCORTS,EQ,208225,78063,37.49
20,818,ESFL,ST,58800,58200,98.98
20,819,ESG,EQ,183517,162926,88.78
20,820,ESILVER,EQ,180299,180212,99.95
20,821,ESPRIT,SM,28800,27200,94.44
20,822,ESTER,EQ,147568,70217,47.58
20,823,ETHOSLTD,EQ,20822,9365,44.98
20,824,EUREKAFORB,EQ,176587,101204,57.31
20,825,EUROBOND,SM,16000,11000,68.75
20,826,EVEREADY,EQ,97575,38220,39.17
20,827,EVERESTIND,EQ,26333,11708,44.46
20,828,EVINDIA,EQ,840737,556126,66.15
20,829,EXCEL,EQ,56655392,23484095,41.45
20,830,EXCELINDUS,EQ,22967,12764,55.58
20,831,EXCELLENT,SM,1600,1600,100.00
20,832,EXICOM,EQ,829358,431338,52.01
20,833,EXIDEIND,EQ,7818268,1968769,25.18
20,834,EXPLEOSOL,EQ,11040,4400,39.86
20,835,EXXARO,EQ,119760,31870,26.61
20,836,FACT,EQ,88297,30490,34.53
20,837,FAIRCHEMOR,EQ,21153,11531,54.51
20,838,FALCONTECH,SM,6000,4800,80.00
20,839,FAZE3Q,EQ,18751,11725,62.53
20,840,FCL,EQ,198876,92656,46.59
20,841,FCSSOFT,EQ,4425819,2120860,47.92
20,842,FDC,EQ,118967,32491,27.31
20,843,FEDERALBNK,EQ,23397597,8244713,35.24
20,844,FEDFINA,EQ,473986,233424,49.25
20,845,FELIX,ST,30500,27500,90.16
20,846,FIBERWEB,EQ,135610,95262,70.25
20,847,FIEMIND,EQ,34425,14506,42.14
20,848,FILATEX,EQ,2794513,1131990,40.51
20,849,FINCABLES,EQ,158608,72531,45.73
20,850,FINEORG,EQ,259677,21748,8.38
20,851,FINIETF,EQ,332572,266031,79.99
20,852,FINOPB,EQ,108139,45859,42.41
20,853,FINPIPE,EQ,794138,210358,26.49
20,854,FIRSTCRY,EQ,457585,217015,47.43
20,855,FIVESTAR,EQ,2506855,1202191,47.96
20,856,FLAIR,EQ,29333,14853,50.64
20,857,FLUOROCHEM,EQ,92744,33108,35.70
20,858,FMCGIETF,EQ,960461,630000,65.59
20,859,FMGOETZE,EQ,56325,35995,63.91
20,860,FONEBOX,SM,2000,2000,100.00
20,861,FOODSIN,EQ,134209,58495,43.59
20,862,FORCAS,SM,8000,6400,80.00
20,863,FORCEMOT,EQ,78773,33799,42.91
20,864,FORGEAUTO,SM,56400,50400,89.36
20,865,FORTIS,EQ,1951464,1253961,64.26
20,866,FOSECOIND,EQ,564,306,54.26
20,867,FRESHARA,ST,286800,260400,90.79
20,868,FROG,SM,58800,35200,59.86
20,869,FSL,EQ,17288617,2097552,12.13
20,870,FUSION,EQ,449393,261931,58.29
20,871,GABRIEL,EQ,201989,97651,48.34
20,872,GAEL,EQ,718598,276746,38.51
20,873,GAIL,EQ,10478575,4750200,45.33
20,874,GAJANAND,ST,24000,24000,100.00
20,875,GALAPREC,EQ,111063,39134,35.24
20,876,GALAXYSURF,EQ,25140,10398,41.36
20,877,GANDHAR,EQ,341351,138983,40.72
20,878,GANDHITUBE,EQ,3756,1689,44.97
20,879,GANECOS,EQ,64031,23749,37.09
20,880,GANESHBE,EQ,41296,23755,57.52
20,881,GANESHHOUC,EQ,185004,84381,45.61
20,882,GANGAFORGE,EQ,386071,292885,75.86
20,883,GANGESSECU,EQ,10893,5037,46.24
20,884,GARFIBRES,EQ,74196,14627,19.71
20,885,GARUDA,EQ,209639,98687,47.07
20,886,GATEWAY,EQ,792701,314735,39.70
20,887,GEECEE,EQ,5281,2204,41.73
20,888,GENCON,EQ,61436,21137,34.40
20,889,GENESYS,EQ,333962,133867,40.08
20,890,GENSOL,EQ,397505,128099,32.23
20,891,GENUSPAPER,EQ,425954,207373,48.68
20,892,GENUSPOWER,EQ,463647,250485,54.02
20,893,GEOJITFSL,EQ,374412,173119,46.24
20,894,GEPIL,EQ,82252,70414,85.61
20,895,GESHIP,EQ,306863,139143,45.34
20,896,GGBL,SM,105300,54300,51.57
20,897,GHCL,EQ,110550,51143,46.26
20,898,GHCLTEXTIL,EQ,337810,152089,45.02
20,899,GICHSGFIN,EQ,89500,48135,53.78
20,900,GICL,SM,10500,7500,71.43
20,901,GICRE,EQ,193118,80805,41.84
20,902,GILLANDERS,EQ,50591,38909,76.91
20,903,GILLETTE,EQ,300327,66233,22.05
20,904,GILT5YBEES,EQ,508048,397074,78.16
20,905,GINNIFILA,EQ,62404,33573,53.80
20,906,GIPCL,EQ,221454,97872,44.20
20,907,GKWLIMITED,EQ,1172,779,66.47
20,908,GLAND,EQ,88189,38525,43.68
20,909,GLAXO,EQ,143629,86935,60.53
20,910,GLENMARK,EQ,661656,300619,45.43
20,911,GLOBAL,EQ,35086,23667,67.45
20,912,GLOBALPET,SM,1500,1500,100.00
20,913,GLOBE,EQ,2269646,1392289,61.34
20,914,GLOBUSSPR,EQ,79727,37257,46.73
20,915,GLOSTERLTD,EQ,1000,497,49.70
20,916,GLS,EQ,95639,38688,40.45
20,917,GMBREW,EQ,33770,17238,51.05
20,918,GMDCLTD,EQ,1143949,384462,33.61
20,919,GMMPFAUDLR,EQ,97593,63393,64.96
20,920,GMRINFRA,EQ,15366033,5991898,38.99
20,921,GMRP&UI,EQ,1999057,1114825,55.77
20,922,GNA,EQ,34583,19659,56.85
20,923,GNFC,EQ,875703,291053,33.24
20,924,GOACARBON,EQ,24313,9540,39.24
20,925,GOCLCORP,EQ,18654,12247,65.65
20,926,GOCOLORS,EQ,47125,29706,63.04
20,927,GODAVARIB,EQ,455784,206891,45.39
20,928,GODFRYPHLP,EQ,106739,23832,22.33
20,929,GODHA,EQ,7388667,4427029,59.92
20,930,GODIGIT,EQ,678866,396973,58.48
20,931,GODREJAGRO,EQ,170962,72294,42.29
20,932,GODREJCP,EQ,409220,163315,39.91
20,933,GODREJIND,EQ,78094,41128,52.66
20,934,GODREJPROP,EQ,600220,268539,44.74
20,935,GOKEX,EQ,67347,28458,42.26
20,936,GOKUL,EQ,87509,43321,49.50
20,937,GOKULAGRO,EQ,120493,66966,55.58
20,938,GOLD1,EQ,1314811,1107838,84.26
20,939,GOLDBEES,EQ,14818023,10944038,73.86
20,940,GOLDCASE,EQ,1368430,1165294,85.16
20,941,GOLDETF,EQ,459589,367761,80.02
20,942,GOLDETFADD,EQ,80496,77525,96.31
20,943,GOLDIAM,EQ,349290,168380,48.21
20,944,GOLDIETF,EQ,2055512,1809083,88.01
20,945,GOLDSHARE,EQ,563014,315073,55.96
20,946,GOLDSTAR,SM,67500,45000,66.67
20,947,GOODLUCK,EQ,87911,43720,49.73
20,948,GOPAL,EQ,289627,109301,37.74
20,949,GOYALALUM,EQ,276835,183215,66.18
20,950,GOYALSALT,SM,16200,14400,88.89
20,951,GPECO,SM,43800,27600,63.01
20,952,GPIL,EQ,1318710,501940,38.06
20,953,GPPL,EQ,696072,307304,44.15
20,954,GPTHEALTH,EQ,204759,73775,36.03
20,955,GPTINFRA,EQ,194846,123475,63.37
20,956,GRANULES,EQ,1199451,383815,32.00
20,957,GRAPHISAD,ST,34800,34800,100.00
20,958,GRAPHITE,EQ,396629,141469,35.67
20,959,GRASIM,EQ,477329,257134,53.87
20,960,GRASIMPP1,E1,4231,3642,86.08
20,961,GRAVITA,EQ,307575,176214,57.29
20,962,GRCL,ST,1500,1500,100.00
20,963,GREAVESCOT,EQ,1334661,539149,40.40
20,964,GREENCHEF,SM,13600,8800,64.71
20,965,GREENLAM,EQ,29060,13637,46.93
20,966,GREENPANEL,EQ,81211,33602,41.38
20,967,GREENPLY,EQ,225033,86567,38.47
20,968,GREENPOWER,EQ,4876995,2391179,49.03
20,969,GRETEX,ST,750,750,100.00
20,970,GRINDWELL,EQ,96688,80086,82.83
20,971,GRINFRA,EQ,14975,5611,37.47
20,972,GRMOVER,EQ,82511,39748,48.17
20,973,GROWWDEFNC,EQ,251203,200234,79.71
20,974,GROWWEV,EQ,1098600,937978,85.38
20,975,GROWWGOLD,EQ,189412,110895,58.55
20,976,GROWWLIQID,EQ,140135,106278,75.84
20,977,GRPLTD,EQ,6698,4896,73.10
20,978,GRSE,EQ,439869,196130,44.59
20,979,GRWRHITECH,EQ,48154,16470,34.20
20,980,GSEC10IETF,EQ,1,1,100.00
20,981,GSEC10YEAR,EQ,1552,707,45.55
20,982,GSEC5IETF,EQ,610,368,60.33
20,983,GSFC,EQ,1219768,579563,47.51
20,984,GSLSU,EQ,96513,43734,45.31
20,985,GSMFOILS,ST,4000,4000,100.00
20,986,GSPL,EQ,429344,196089,45.67
20,987,GSS,EQ,68052,59666,87.68
20,988,GSTL,SM,38000,33000,86.84
20,989,GTL,EQ,730167,409628,56.10
20,990,GTLINFRA,EQ,118763708,39932058,33.62
20,991,GTPL,EQ,24450,10718,43.84
20,992,GUFICBIO,EQ,606705,134014,22.09
20,993,GUJALKALI,EQ,59773,24290,40.64
20,994,GUJGASLTD,EQ,432598,140569,32.49
20,995,GUJRAFFIA,EQ,1321,902,68.28
20,996,GULFOILLUB,EQ,92126,42387,46.01
20,997,GULFPETRO,EQ,303633,155968,51.37
20,998,GULPOLY,EQ,118595,54787,46.20
20,999,GVPTECH,EQ,72140,41940,58.14
20,1000,HAL,EQ,1013884,421668,41.59
20,1001,HAPPSTMNDS,EQ,167442,96518,57.64
20,1002,HAPPYFORGE,EQ,70219,18369,26.16
20,1003,HARDWYN,EQ,835275,405381,48.53
20,1004,HARIOMPIPE,EQ,107096,71516,66.78
20,1005,HARSHA,EQ,56882,29570,51.98
20,1006,HATHWAY,EQ,2791457,1321668,47.35
20,1007,HATSUN,EQ,210544,52196,24.79
20,1008,HAVELLS,EQ,854857,490896,57.42
20,1009,HBLPOWER,EQ,668516,285730,42.74
20,1010,HCC,EQ,12507260,5161966,41.27
20,1011,HCG,EQ,110309,55395,50.22
20,1012,HCLTECH,EQ,2843690,1503547,52.87
20,1013,HDFCAMC,EQ,560192,300617,53.66
20,1014,HDFCBANK,EQ,14044624,9628154,68.55
20,1015,HDFCBSE500,EQ,275043,245147,89.13
20,1016,HDFCGOLD,EQ,1887621,1483691,78.60
20,1017,HDFCGROWTH,EQ,21034,13386,63.64
20,1018,HDFCLIFE,EQ,2047984,1072105,52.35
20,1019,HDFCLIQUID,EQ,6912,5797,83.87
20,1020,HDFCLOWVOL,EQ,42710,38141,89.30
20,1021,HDFCMID150,EQ,1148089,855989,74.56
20,1022,HDFCMOMENT,EQ,823995,641284,77.83
20,1023,HDFCNEXT50,EQ,310765,262804,84.57
20,1024,HDFCNIF100,EQ,126828,115875,91.36
20,1025,HDFCNIFBAN,EQ,181430,153936,84.85
20,1026,HDFCNIFIT,EQ,24320,15944,65.56
20,1027,HDFCNIFTY,EQ,464104,420169,90.53
20,1028,HDFCPSUBK,EQ,71790,8457,11.78
20,1029,HDFCPVTBAN,EQ,339055,292594,86.30
20,1030,HDFCQUAL,EQ,59266,44868,75.71
20,1031,HDFCSENSEX,EQ,121196,105111,86.73
20,1032,HDFCSILVER,EQ,1181629,877741,74.28
20,1033,HDFCSML250,EQ,1866662,1499989,80.36
20,1034,HDFCVALUE,EQ,13199,11922,90.33
20,1035,HEADSUP,EQ,24342,18009,73.98
20,1036,HEALTHADD,EQ,328,229,69.82
20,1037,HEALTHIETF,EQ,168851,90529,53.61
20,1038,HEALTHY,EQ,238509,176074,73.82
20,1039,HECPROJECT,EQ,139894,127639,91.24
20,1040,HEG,EQ,260737,117889,45.21
20,1041,HEIDELBERG,EQ,338841,161219,47.58
20,1042,HEMIPROP,EQ,255814,153262,59.91
20,1043,HERANBA,EQ,58089,32509,55.96
20,1044,HERCULES,EQ,81459,28435,34.91
20,1045,HERITGFOOD,EQ,505965,324429,64.12
20,1046,HEROMOTOCO,EQ,1676556,572210,34.13
20,1047,HESTERBIO,EQ,2296,1505,65.55
20,1048,HEUBACHIND,EQ,84548,39904,47.20
20,1049,HEXATRADEX,EQ,2265,1960,86.53
20,1050,HFCL,EQ,13044018,3919326,30.05
20,1051,HGINFRA,EQ,155130,72476,46.72
20,1052,HGS,EQ,27864,13744,49.33
20,1053,HIGREEN,ST,16000,16000,100.00
20,1054,HIKAL,EQ,204589,83320,40.73
20,1055,HIL,EQ,4530,2552,56.34
20,1056,HILTON,EQ,75639,39263,51.91
20,1057,HIMATSEIDE,EQ,2512492,1267506,50.45
20,1058,HINDALCO,EQ,5245661,2728835,52.02
20,1059,HINDCOMPOS,EQ,5740,3261,56.81
20,1060,HINDCON,EQ,44613,22637,50.74
20,1061,HINDCOPPER,EQ,5734684,1458714,25.44
20,1062,HINDOILEXP,EQ,499936,217494,43.50
20,1063,HINDPETRO,EQ,8846874,4087743,46.21
20,1064,HINDUNILVR,EQ,1097260,683938,62.33
20,1065,HINDWAREAP,EQ,37879,20487,54.09
20,1066,HINDZINC,EQ,3242281,1448154,44.66
20,1067,HIRECT,EQ,105008,57005,54.29
20,1068,HISARMETAL,EQ,6391,3616,56.58
20,1069,HITECH,EQ,587588,221773,37.74
20,1070,HITECHCORP,EQ,16771,9555,56.97
20,1071,HLEGLAS,EQ,84087,52832,62.83
20,1072,HLVLTD,EQ,717705,333757,46.50
20,1073,HMAAGRO,EQ,2061106,1074846,52.15
20,1074,HMVL,EQ,39649,19999,50.44
20,1075,HNDFDS,EQ,59931,23737,39.61
20,1076,HNGSNGBEES,EQ,1001242,555620,55.49
20,1077,HOLMARC,SM,93000,43500,46.77
20,1078,HOMEFIRST,EQ,93952,32664,34.77
20,1079,HONASA,EQ,501281,222301,44.35
20,1080,HONAUT,EQ,14994,11052,73.71
20,1081,HONDAPOWER,EQ,2461,885,35.96
20,1082,HPAL,EQ,93225,44326,47.55
20,1083,HPIL,EQ,1823,722,39.61
20,1084,HPL,EQ,111562,59062,52.94
20,1085,HRHNEXT,ST,6000,6000,100.00
20,1086,HSCL,EQ,640808,278267,43.42
20,1087,HTMEDIA,EQ,221033,105315,47.65
20,1088,HUDCO,EQ,5091395,1884124,37.01
20,1089,HUHTAMAKI,EQ,53223,30314,56.96
20,1090,HVAX,SM,7800,5700,73.08
20,1091,HYUNDAI,EQ,926694,619684,66.87
20,1092,IBLFL,ST,6000,6000,100.00
20,1093,ICCL25,NS,25,23,92.00
20,1094,ICDSLTD,EQ,8035,5537,68.91
20,1095,ICEMAKE,EQ,36896,17122,46.41
20,1096,ICICIB22,EQ,685721,548782,80.03
20,1097,ICICIBANK,EQ,14309121,9268857,64.78
20,1098,ICICIGI,EQ,674361,444200,65.87
20,1099,ICICIPRULI,EQ,653599,357888,54.76
20,1100,ICIL,EQ,171158,79642,46.53
20,1101,ICRA,EQ,10532,4768,45.27
20,1102,IDBI,EQ,5802245,1484839,25.59
20,1103,IDEA,EQ,609725576,210379019,34.50
20,1104,IDEAFORGE,EQ,138368,61954,44.77
20,1105,IDEALTECHO,SM,2000,2000,100.00
20,1106,IDFCFIRSTB,EQ,52901289,24870640,47.01
20,1107,IDFNIFTYET,EQ,4930,4662,94.56
20,1108,IEL,EQ,323906,205482,63.44
20,1109,IEML,SM,8000,6500,81.25
20,1110,IEX,EQ,7269202,2752816,37.87
20,1111,IFBAGRO,EQ,9264,4880,52.68
20,1112,IFBIND,EQ,222417,69180,31.10
20,1113,IFCI,EQ,4698936,1568603,33.38
20,1114,IFCIZC24,NI,26,26,100.00
20,1115,IFGLEXPOR,EQ,3247,1975,60.83
20,1116,IGARASHI,EQ,83182,32540,39.12
20,1117,IGL,EQ,1315800,653032,49.63
20,1118,IGPL,EQ,21367,12093,56.60
20,1119,IIFL,EQ,1970771,618393,31.38
20,1120,IIFLHF29,NE,15,15,100.00
20,1121,IIFLSEC,EQ,977781,416642,42.61
20,1122,IIFLZC25B,NW,4,4,100.00
20,1123,IIFLZC26A,NR,20,10,50.00
20,1124,IIFLZC26B,NY,5,5,100.00
20,1125,IIFLZC28A,NU,1450,1450,100.00
20,1126,IIFLZC28C,N6,900,900,100.00
20,1127,IKIO,EQ,62477,31534,50.47
20,1128,IMAGICAA,EQ,781162,335546,42.95
20,1129,IMC1,N1,10,10,100.00
20,1130,IMC1,N3,20,20,100.00
20,1131,IMFA,EQ,88593,54817,61.88
20,1132,IMPAL,EQ,879,440,50.06
20,1133,INDBANK,EQ,158953,54428,34.24
20,1134,INDGN,EQ,770064,419725,54.51
20,1135,INDHOTEL,EQ,3848485,2151539,55.91
20,1136,INDIACEM,EQ,294089,130717,44.45
20,1137,INDIAGLYCO,EQ,76592,29833,38.95
20,1138,INDIAMART,EQ,535328,236843,44.24
20,1139,INDIANB,EQ,1833362,898049,48.98
20,1140,INDIANCARD,EQ,2232,1493,66.89
20,1141,INDIANHUME,EQ,29977,15306,51.06
20,1142,INDIASHLTR,EQ,61502,30075,48.90
20,1143,INDIFRA,SM,2000,2000,100.00
20,1144,INDIGO,EQ,1120004,586719,52.39
20,1145,INDIGOPNTS,EQ,134576,50116,37.24
20,1146,INDIGRID,IV,334537,317444,94.89
20,1147,INDNIPPON,EQ,8314,4388,52.78
20,1148,INDOAMIN,EQ,110220,48103,43.64
20,1149,INDOBORAX,EQ,53278,24537,46.05
20,1150,INDOCO,EQ,59958,38866,64.82
20,1151,INDORAMA,EQ,93113,43928,47.18
20,1152,INDOSTAR,EQ,102125,61487,60.21
20,1153,INDOUS,EQ,11270,3805,33.76
20,1154,INDOWIND,EQ,164657,108898,66.14
20,1155,INDRAMEDCO,EQ,418243,186067,44.49
20,1156,INDSWFTLTD,EQ,55529,33561,60.44
20,1157,INDTERRAIN,EQ,17988,10622,59.05
20,1158,INDUSINDBK,EQ,5143749,2493284,48.47
20,1159,INDUSTOWER,EQ,12597097,6193950,49.17
20,1160,INFIBEAM,EQ,5739969,2726308,47.50
20,1161,INFINIUM,ST,2000,2000,100.00
20,1162,INFOBEAN,EQ,21787,11630,53.38
20,1163,INFOLLION,SM,71600,50400,70.39
20,1164,INFRABEES,EQ,24896,19420,78.00
20,1165,INFRAIETF,EQ,341076,262071,76.84
20,1166,INFY,EQ,7336722,4546264,61.97
20,1167,INGERRAND,EQ,20672,12836,62.09
20,1168,INM,SM,600,600,100.00
20,1169,INNOMET,SM,2400,1200,50.00
20,1170,INNOVACAP,EQ,164876,64034,38.84
20,1171,INNOVANA,SM,22000,13600,61.82
20,1172,INOXGREEN,EQ,1216146,524108,43.10
20,1173,INOXINDIA,EQ,77147,37830,49.04
20,1174,INOXWIND,EQ,4013846,1350004,33.63
20,1175,INSECTICID,EQ,29053,16076,55.33
20,1176,INTELLECT,EQ,166459,82686,49.67
20,1177,INTERARCH,EQ,324251,129905,40.06
20,1178,INTLCONV,EQ,136500,63666,46.64
20,1179,INVENTURE,EQ,3558662,1865219,52.41
20,1180,IOB,EQ,4949610,1196784,24.18
20,1181,IOC,EQ,46651179,19681499,42.19
20,1182,IOLCP,EQ,124015,47873,38.60
20,1183,IONEXCHANG,EQ,302426,127647,42.21
20,1184,IPCALAB,EQ,327462,207062,63.23
20,1185,IPHL,ST,9600,7200,75.00
20,1186,IPL,EQ,304000,150743,49.59
20,1187,IPSL,ST,1500,1500,100.00
20,1188,IRB,EQ,15084009,6544355,43.39
20,1189,IRBINVIT,IV,361411,342813,94.85
20,1190,IRCON,EQ,4506677,1545500,34.29
20,1191,IRCTC,EQ,1622214,559607,34.50
20,1192,IREDA,EQ,5183081,1925504,37.15
20,1193,IRFC,EQ,31327165,6930945,22.12
20,1194,IRISDOREME,EQ,98669,29046,29.44
20,1195,IRMENERGY,EQ,56653,26154,46.17
20,1196,ISEC,EQ,149594,76280,50.99
20,1197,ISGEC,EQ,41831,21814,52.15
20,1198,ISHAN,ST,576000,528000,91.67
20,1199,IT,EQ,92389,58651,63.48
20,1200,ITALIANE,ST,10000,10000,100.00
20,1201,ITBEES,EQ,3409081,1889994,55.44
20,1202,ITC,EQ,8429731,4997006,59.28
20,1203,ITDC,EQ,20606,9595,46.56
20,1204,ITDCEM,EQ,947297,485550,51.26
20,1205,ITETF,EQ,399461,369561,92.51
20,1206,ITETFADD,EQ,6594,5098,77.31
20,1207,ITI,EQ,232799,64958,27.90
20,1208,ITIETF,EQ,224920,130688,58.10
20,1209,IVC,EQ,621008,449680,72.41
20,1210,IVP,EQ,194296,44994,23.16
20,1211,IVZINGOLD,EQ,1234,1053,85.33
20,1212,IVZINNIFTY,EQ,322,219,68.01
20,1213,IXIGO,EQ,430250,238608,55.46
20,1214,JAGRAN,EQ,110073,58608,53.24
20,1215,JAGSNPHARM,EQ,89435,34446,38.52
20,1216,JAIBALAJI,EQ,46299,26821,57.93
20,1217,JAICORPLTD,EQ,354486,148358,41.85
20,1218,JAINAM,SM,2000,2000,100.00
20,1219,JAIPURKURT,EQ,64918,22331,34.40
20,1220,JALAN,SM,45000,30000,66.67
20,1221,JAMNAAUTO,EQ,923838,408762,44.25
20,1222,JASH,EQ,264911,168774,63.71
20,1223,JAYAGROGN,EQ,11410,5761,50.49
20,1224,JAYBARMARU,EQ,194675,77064,39.59
20,1225,JAYBEE,SM,206000,96000,46.60
20,1226,JAYNECOIND,EQ,110265,57592,52.23
20,1227,JAYSREETEA,EQ,185049,82526,44.60
20,1228,JBCHEPHARM,EQ,138958,70670,50.86
20,1229,JBMA,EQ,69880,30475,43.61
20,1230,JCHAC,EQ,85761,45028,52.50
20,1231,JEYYAM,SM,34000,32000,94.12
20,1232,JFLLIFE,SM,12000,12000,100.00
20,1233,JGCHEM,EQ,88307,42255,47.85
20,1234,JHS,EQ,288839,145594,50.41
20,1235,JINDALPHOT,EQ,6117,3570,58.36
20,1236,JINDALPOLY,EQ,18629,8789,47.18
20,1237,JINDALSAW,EQ,1460766,801009,54.83
20,1238,JINDALSTEL,EQ,1031272,416130,40.35
20,1239,JINDRILL,EQ,259352,135932,52.41
20,1240,JINDWORLD,EQ,38155,16372,42.91
20,1241,JIOFIN,EQ,8097386,4069620,50.26
20,1242,JISLDVREQS,EQ,53664,23281,43.38
20,1243,JISLJALEQS,EQ,4488150,1577515,35.15
20,1244,JITFINFRA,EQ,85974,41225,47.95
20,1245,JIWANRAM,SM,6000,6000,100.00
20,1246,J&KBANK,EQ,2312979,843704,36.48
20,1247,JKCEMENT,EQ,49128,18432,37.52
20,1248,JKIL,EQ,220320,118748,53.90
20,1249,JKLAKSHMI,EQ,158890,54578,34.35
20,1250,JKPAPER,EQ,284698,82454,28.96
20,1251,JKTYRE,EQ,343675,132410,38.53
20,1252,JLHL,EQ,195616,176620,90.29
20,1253,JMA,EQ,11518,4183,36.32
20,1254,JMFINANCIL,EQ,7617810,1884035,24.73
20,1255,JNKINDIA,EQ,23191,13446,57.98
20,1256,JOCIL,EQ,6421,5400,84.10
20,1257,JPOLYINVST,EQ,12121,8307,68.53
20,1258,JPPOWER,EQ,39500019,17809971,45.09
20,1259,JSFB,EQ,143851,72755,50.58
20,1260,JSL,EQ,417866,247116,59.14
20,1261,JSLL,SM,9000,7470,83.00
20,1262,JSWENERGY,EQ,1278278,549024,42.95
20,1263,JSWHL,EQ,13309,3892,29.24
20,1264,JSWINFRA,EQ,2093054,1063384,50.81
20,1265,JSWSTEEL,EQ,957723,407585,42.56
20,1266,JTEKTINDIA,EQ,118141,37053,31.36
20,1267,JTLIND,EQ,376714,193054,51.25
20,1268,JUBLFOOD,EQ,2406753,1618181,67.24
20,1269,JUBLINGREA,EQ,286613,84541,29.50
20,1270,JUBLPHARMA,EQ,786919,297556,37.81
20,1271,JUNIORBEES,EQ,544329,390450,71.73
20,1272,JUNIPER,EQ,88606,48658,54.92
20,1273,JUSTDIAL,EQ,190844,76122,39.89
20,1274,JWL,EQ,1218970,404337,33.17
20,1275,JYOTHYLAB,EQ,289494,117518,40.59
20,1276,JYOTICNC,EQ,55045,23670,43.00
20,1277,JYOTISTRUC,EQ,55878293,22942522,41.06
20,1278,K2INFRA,SM,29400,19800,67.35
20,1279,KABRAEXTRU,EQ,57067,23162,40.59
20,1280,KAJARIACER,EQ,80838,44007,54.44
20,1281,KAKATCEM,EQ,1025,581,56.68
20,1282,KALAMANDIR,EQ,611621,211669,34.61
20,1283,KALANA,SM,34000,20000,58.82
20,1284,KALYANIFRG,EQ,2632,1258,47.80
20,1285,KALYANKJIL,EQ,3492119,1237612,35.44
20,1286,KAMATHOTEL,EQ,61204,31173,50.93
20,1287,KAMDHENU,EQ,235729,95169,40.37
20,1288,KANANIIND,EQ,507086,361161,71.22
20,1289,KANDARP,ST,12000,12000,100.00
20,1290,KANORICHEM,EQ,47091,16701,35.47
20,1291,KANPRPLA,EQ,21425,17685,82.54
20,1292,KANSAINER,EQ,348274,202656,58.19
20,1293,KAPSTON,EQ,28858,13319,46.15
20,1294,KARMAENG,EQ,8855,5254,59.33
20,1295,KARNIKA,ST,10400,10400,100.00
20,1296,KARURVYSYA,EQ,1154398,632859,54.82
20,1297,KATARIA,SM,116400,110400,94.85
20,1298,KAUSHALYA,EQ,933,457,48.98
20,1299,KAYNES,EQ,182289,63691,34.94
20,1300,KBCGLOBAL,EQ,15578021,4721373,30.31
20,1301,KCEIL,SM,7000,5500,78.57
20,1302,KCK,ST,25000,22500,90.00
20,1303,KCP,EQ,198657,92864,46.75
20,1304,KDDL,EQ,12210,6319,51.75
20,1305,KDL,ST,2700,2500,92.59
20,1306,KEC,EQ,487802,148016,30.34
20,1307,KECL,EQ,253504,87489,34.51
20,1308,KEI,EQ,267953,128754,48.05
20,1309,KEL,ST,7200,6000,83.33
20,1310,KELLTONTEC,EQ,459921,204175,44.39
20,1311,KERNEX,EQ,42192,27035,64.08
20,1312,KESORAMIND,EQ,453129,190352,42.01
20,1313,KFINTECH,EQ,482359,198265,41.10
20,1314,KHADIM,EQ,12915,7744,59.96
20,1315,KHAICHEM,EQ,155714,68568,44.03
20,1316,KHANDSE,EQ,33429,11162,33.39
20,1317,KHFM,SM,37200,32550,87.50
20,1318,KILITCH,EQ,3248,2074,63.85
20,1319,KIMS,EQ,789648,237709,30.10
20,1320,KINGFA,EQ,3268,1686,51.59
20,1321,KIOCL,EQ,269356,32232,11.97
20,1322,KIRIINDUS,EQ,376643,187514,49.79
20,1323,KIRLOSBROS,EQ,215412,65050,30.20
20,1324,KIRLOSENG,EQ,92046,42817,46.52
20,1325,KIRLOSIND,EQ,1924,1105,57.43
20,1326,KIRLPNU,EQ,244364,109292,44.73
20,1327,KITEX,EQ,2197295,821711,37.40
20,1328,KKCL,EQ,13185,5223,39.61
20,1329,KKVAPOW,SM,1560,1560,100.00
20,1330,KLL,SM,32000,22400,70.00
20,1331,KMSUGAR,EQ,89373,40915,45.78
20,1332,KNAGRI,ST,21200,18800,88.68
20,1333,KNRCON,EQ,536679,286820,53.44
20,1334,KODYTECH,SM,8350,5400,64.67
20,1335,KOHINOOR,EQ,152864,77198,50.50
20,1336,KOKUYOCMLN,EQ,45246,28438,62.85
20,1337,KOLTEPATIL,EQ,68477,32667,47.71
20,1338,KONSTELEC,SM,13000,9000,69.23
20,1339,KONTOR,ST,9000,7200,80.00
20,1340,KOPRAN,EQ,532377,160954,30.23
20,1341,KORE,SM,11250,9000,80.00
20,1342,KOTAKBANK,EQ,2884830,1331396,46.15
20,1343,KOTARISUG,EQ,93525,43752,46.78
20,1344,KOTHARIPET,EQ,218090,52834,24.23
20,1345,KOTYARK,SM,49000,33700,68.78
20,1346,KPIGREEN,EQ,584973,357228,61.07
20,1347,KPIL,EQ,80980,45668,56.39
20,1348,KPITTECH,EQ,1188723,460780,38.76
20,1349,KPRMILL,EQ,652986,143296,21.94
20,1350,KRBL,EQ,582275,274949,47.22
20,1351,KRIDHANINF,EQ,66264,48571,73.30
20,1352,KRISHANA,EQ,4752,2568,54.04
20,1353,KRISHCA,SM,22000,18500,84.09
20,1354,KRISHIVAL,SM,1000,1000,100.00
20,1355,KRISHNADEF,ST,21250,20000,94.12
20,1356,KRN,EQ,636600,476874,74.91
20,1357,KRONOX,EQ,130917,56052,42.81
20,1358,KROSS,EQ,240410,111751,46.48
20,1359,KRSNAA,EQ,108057,62926,58.23
20,1360,KRYSTAL,EQ,31886,15280,47.92
20,1361,KSB,EQ,105110,47491,45.18
20,1362,KSCL,EQ,164137,72495,44.17
20,1363,KSHITIJPOL,EQ,6057835,2765959,45.66
20,1364,KSL,EQ,18687,9579,51.26
20,1365,KSOLVES,EQ,21052,11641,55.30
20,1366,KTKBANK,EQ,1012994,552429,54.53
20,1367,KTL,ST,9000,9000,100.00
20,1368,KUANTUM,EQ,21018,12027,57.22
20,1369,LAGNAM,EQ,20489,5232,25.54
20,1370,LAKSHYA,ST,175200,153600,87.67
20,1371,LALPATHLAB,EQ,77115,24162,31.33
20,1372,LAMBODHARA,EQ,9421,4770,50.63
20,1373,LANCORHOL,EQ,42962,24648,57.37
20,1374,LANDMARK,EQ,22526,12797,56.81
20,1375,LAOPALA,EQ,57247,28294,49.42
20,1376,LATENTVIEW,EQ,110747,59475,53.70
20,1377,LAURUSLABS,EQ,1862717,672093,36.08
20,1378,LAWSIKHO,SM,22500,18000,80.00
20,1379,LAXMICOT,EQ,36251,18907,52.16
20,1380,LEMERITE,ST,100800,40800,40.48
20,1381,LEMONTREE,EQ,1628836,684771,42.04
20,1382,LEXUS,EQ,37700,10167,26.97
20,1383,LGBBROSLTD,EQ,29415,15449,52.52
20,1384,LIBAS,EQ,68328,35058,51.31
20,1385,LICHSGFIN,EQ,1041101,373731,35.90
20,1386,LICI,EQ,614860,283030,46.03
20,1387,LICMFGOLD,EQ,830,563,67.83
20,1388,LICNETFGSC,EQ,18012,16678,92.59
20,1389,LICNETFN50,EQ,1071,1017,94.96
20,1390,LICNETFSEN,EQ,93,71,76.34
20,1391,LICNFNHGP,EQ,1013,690,68.11
20,1392,LICNMID100,EQ,9482,6070,64.02
20,1393,LIKHITHA,EQ,53058,28335,53.40
20,1394,LINC,EQ,22962,14822,64.55
20,1395,LINCOLN,EQ,30494,20628,67.65
20,1396,LINDEINDIA,EQ,21645,8106,37.45
20,1397,LIQUID,EQ,115543,69909,60.50
20,1398,LIQUID1,EQ,685949,663591,96.74
20,1399,LIQUIDADD,EQ,872197,673169,77.18
20,1400,LIQUIDBEES,EQ,3014622,2036133,67.54
20,1401,LIQUIDBETF,EQ,3423,2369,69.21
20,1402,LIQUIDCASE,EQ,7504700,5156814,68.71
20,1403,LIQUIDETF,EQ,565110,120231,21.28
20,1404,LIQUIDIETF,EQ,878904,558652,63.56
20,1405,LIQUIDSBI,EQ,6614,6584,99.55
20,1406,LIQUIDSHRI,EQ,76007,74869,98.50
20,1407,LLOYDS,SM,4000,3000,75.00
20,1408,LLOYDSENGG,EQ,2555605,935019,36.59
20,1409,LLOYDSENT,EQ,1116839,644734,57.73
20,1410,LLOYDSME,EQ,205641,92770,45.11
20,1411,LMW,EQ,4584,1791,39.07
20,1412,LODHA,EQ,1854459,722811,38.98
20,1413,LOKESHMACH,EQ,181003,90136,49.80
20,1414,LORDSCHLO,EQ,13196,5441,41.23
20,1415,LOWVOL,EQ,896,889,99.22
20,1416,LOWVOL1,EQ,252386,218161,86.44
20,1417,LOWVOLIETF,EQ,1223611,938622,76.71
20,1418,LOYALTEX,EQ,3353,2634,78.56
20,1419,LPDC,EQ,75845,44113,58.16
20,1420,LRRPL,ST,3000,3000,100.00
20,1421,LT,EQ,1724189,997916,57.88
20,1422,LTF,EQ,9179542,5062476,55.15
20,1423,LTFOODS,EQ,576560,289693,50.25
20,1424,LTGILTBEES,EQ,3737377,2858025,76.47
20,1425,LTIM,EQ,198497,117518,59.20
20,1426,LTTS,EQ,83344,28027,33.63
20,1427,LUMAXIND,EQ,2792,1486,53.22
20,1428,LUMAXTECH,EQ,59148,32458,54.88
20,1429,LUPIN,EQ,1118307,537358,48.05
20,1430,LUXIND,EQ,39258,16492,42.01
20,1431,LXCHEM,EQ,591296,194296,32.86
20,1432,LYKALABS,EQ,60753,39181,64.49
20,1433,MAANALU,EQ,911928,463580,50.84
20,1434,MACOBSTECH,SM,121600,116800,96.05
20,1435,MACPOWER,EQ,7126,3945,55.36
20,1436,MADHAV,EQ,2557,1242,48.57
20,1437,MADHAVBAUG,SM,4400,2400,54.55
20,1438,MADHUSUDAN,SM,16000,11000,68.75
20,1439,MADRASFERT,EQ,111856,52275,46.73
20,1440,MAFANG,EQ,481780,325662,67.60
20,1441,MAGADSUGAR,EQ,13154,5887,44.75
20,1442,MAGNUM,EQ,57384,35127,61.21
20,1443,MAGSON,SM,20000,20000,100.00
20,1444,MAHABANK,EQ,17649130,4664026,26.43
20,1445,MAHEPC,EQ,27534,16835,61.14
20,1446,MAHESHWARI,EQ,46624,30661,65.76
20,1447,MAHKTECH,EQ,618367,586277,94.81
20,1448,MAHLIFE,EQ,180890,118378,65.44
20,1449,MAHLOG,EQ,73916,34854,47.15
20,1450,MAHSEAMLES,EQ,184431,103348,56.04
20,1451,MAITHANALL,EQ,15948,9175,57.53
20,1452,MAITREYA,ST,3600,2400,66.67
20,1453,MAKEINDIA,EQ,64318,46611,72.47
20,1454,MAKS,SM,10500,10500,100.00
20,1455,MAL,SM,59200,6400,10.81
20,1456,MALUPAPER,EQ,295659,89140,30.15
20,1457,MANAKALUCO,EQ,18813,13646,72.53
20,1458,MANAKCOAT,EQ,21730,14582,67.11
20,1459,MANAKSIA,EQ,39575,17157,43.35
20,1460,MANAKSTEEL,EQ,35895,19763,55.06
20,1461,MANALIPETC,EQ,152292,65720,43.15
20,1462,MANAPPURAM,EQ,11027524,3935214,35.69
20,1463,MANBA,EQ,224235,102813,45.85
20,1464,MANCREDIT,EQ,22662,2471,10.90
20,1465,MANDEEP,SM,8000,6000,75.00
20,1466,MANGALAM,EQ,16479,11030,66.93
20,1467,MANGCHEFER,EQ,183400,98870,53.91
20,1468,MANGLMCEM,EQ,55608,23100,41.54
20,1469,MANINDS,EQ,222150,106798,48.07
20,1470,MANINFRA,EQ,254228,123703,48.66
20,1471,MANKIND,EQ,459611,265631,57.79
20,1472,MANORAMA,EQ,33082,18866,57.03
20,1473,MANUGRAPH,EQ,33035,20484,62.01
20,1474,MANYAVAR,EQ,296243,219378,74.05
20,1475,MAPMYINDIA,EQ,34218,17422,50.91
20,1476,MARALOVER,EQ,86366,51727,59.89
20,1477,MARATHON,EQ,11400,5502,48.26
20,1478,MARCO,SM,43500,31500,72.41
20,1479,MARICO,EQ,1501436,837053,55.75
20,1480,MARINE,EQ,771023,376222,48.80
20,1481,MARINETRAN,SM,8000,8000,100.00
20,1482,MARKSANS,EQ,987796,312584,31.64
20,1483,MARSHALL,EQ,67492,28430,42.12
20,1484,MARUTI,EQ,444462,202117,45.47
20,1485,MASFIN,EQ,154801,74528,48.14
20,1486,MASON,SM,40000,30000,75.00
20,1487,MASPTOP50,EQ,205402,132018,64.27
20,1488,MASTEK,EQ,58413,30638,52.45
20,1489,MASTER,ST,2500,2000,80.00
20,1490,MATRIMONY,EQ,17693,10423,58.91
20,1491,MAWANASUG,EQ,98709,49353,50.00
20,1492,MAXESTATES,EQ,69886,32176,46.04
20,1493,MAXHEALTH,EQ,4668492,2920897,62.57
20,1494,MAXIND,EQ,49908,25848,51.79
20,1495,MAXPOSURE,SM,41000,25000,60.98
20,1496,MAYURUNIQ,EQ,46121,29668,64.33
20,1497,MAZDA,EQ,3813,1975,51.80
20,1498,MAZDOCK,EQ,883858,206116,23.32
20,1499,MBAPL,EQ,9827,5533,56.30
20,1500,MCL,EQ,41943,24523,58.47
20,1501,MCLEODRUSS,EQ,1268795,590597,46.55
20,1502,MCON,SM,33000,30000,90.91
20,1503,MCX,EQ,653085,252795,38.71
20,1504,MDL,SM,5000,5000,100.00
20,1505,MEDANTA,EQ,305282,195116,63.91
20,1506,MEDIASSIST,EQ,106374,45809,43.06
20,1507,MEDICAMEQ,EQ,21539,9123,42.36
20,1508,MEDICO,EQ,162128,82770,51.05
20,1509,MEDIORG,ST,6000,6000,100.00
20,1510,MEDPLUS,EQ,95562,35635,37.29
20,1511,MEGAFLEX,ST,9000,9000,100.00
20,1512,MEGASTAR,EQ,10792,5915,54.81
20,1513,MEGATHERM,SM,26000,17200,66.15
20,1514,MENONBE,EQ,48728,29447,60.43
20,1515,METAL,EQ,138794,84390,60.80
20,1516,METALIETF,EQ,3379672,1849309,54.72
20,1517,METROBRAND,EQ,92142,43269,46.96
20,1518,METROPOLIS,EQ,98954,37285,37.68
20,1519,MFSL,EQ,532635,261241,49.05
20,1520,MGEL,EQ,70537,51636,73.20
20,1521,MGL,EQ,668155,330588,49.48
20,1522,MHHL,SM,99000,99000,100.00
20,1523,MHLXMIRU,EQ,8456,4356,51.51
20,1524,MHRIL,EQ,98886,44423,44.92
20,1525,MICEL,EQ,712880,400511,56.18
20,1526,MID150BEES,EQ,1127318,980305,86.96
20,1527,MID150CASE,EQ,652999,523422,80.16
20,1528,MIDCAP,EQ,51201,40455,79.01
20,1529,MIDCAPETF,EQ,2038524,1689010,82.85
20,1530,MIDCAPIETF,EQ,958478,685874,71.56
20,1531,MIDHANI,EQ,350058,169215,48.34
20,1532,MIDQ50ADD,EQ,4542,4236,93.26
20,1533,MIDSELIETF,EQ,217309,175518,80.77
20,1534,MIDSMALL,EQ,314363,253174,80.54
20,1535,MIEL,ST,52000,50000,96.15
20,1536,MILTON,SM,4400,4400,100.00
20,1537,MINDACORP,EQ,218757,62952,28.78
20,1538,MINDSPACE,RR,79255,67876,85.64
20,1539,MIRZAINT,EQ,174296,104305,59.84
20,1540,MITCON,EQ,11745,7217,61.45
20,1541,MITCONPP,E1,224,123,54.91
20,1542,MITTAL,EQ,3329523,2294695,68.92
20,1543,M&M,EQ,7559263,3315825,43.86
20,1544,M&MFIN,EQ,987660,240337,24.33
20,1545,MMFL,EQ,41267,25288,61.28
20,1546,MMTC,EQ,1080123,378844,35.07
20,1547,MNC,EQ,68290,56257,82.38
20,1548,MODEFENCE,EQ,265141,228271,86.09
20,1549,MOGSEC,EQ,51914,49476,95.30
20,1550,MOHEALTH,EQ,167562,110282,65.82
20,1551,MOHITIND,EQ,53206,35046,65.87
20,1552,MOIL,EQ,817145,385860,47.22
20,1553,MOL,EQ,1128988,488136,43.24
20,1554,MOLDTECH,EQ,30270,16391,54.15
20,1555,MOLDTKPAC,EQ,101765,53068,52.15
20,1556,MOLOWVOL,EQ,94425,76437,80.95
20,1557,MOM100,EQ,602324,455823,75.68
20,1558,MOM30IETF,EQ,1680629,1310092,77.95
20,1559,MOM50,EQ,17523,11717,66.87
20,1560,MOMENTUM,EQ,218467,171946,78.71
20,1561,MOMENTUM50,EQ,288751,248661,86.12
20,1562,MOMOMENTUM,EQ,475735,436455,91.74
20,1563,MON100,EQ,604109,411689,68.15
20,1564,MONARCH,EQ,123811,47114,38.05
20,1565,MONIFTY500,EQ,496267,468317,94.37
20,1566,MONOPHARMA,SM,6000,6000,100.00
20,1567,MONQ50,EQ,52508,38002,72.37
20,1568,MONTECARLO,EQ,13042,6609,50.67
20,1569,MOQUALITY,EQ,13939,7910,56.75
20,1570,MOREALTY,EQ,127564,97896,76.74
20,1571,MOREPENLAB,EQ,6146818,1900797,30.92
20,1572,MOS,ST,21600,18800,87.04
20,1573,MOSMALL250,EQ,797293,505555,63.41
20,1574,MOTHERSON,EQ,18797194,9535548,50.73
20,1575,MOTILALOFS,EQ,1772685,625281,35.27
20,1576,MOTOGENFIN,EQ,8224,6179,75.13
20,1577,MOVALUE,EQ,159357,125102,78.50
20,1578,MOXSH,SM,3200,3200,100.00
20,1579,MPHASIS,EQ,400459,165944,41.44
20,1580,MPSLTD,EQ,27024,22038,81.55
20,1581,MPTODAY,SM,4000,2000,50.00
20,1582,MRF,EQ,9772,4510,46.15
20,1583,MRO-TEK,EQ,15795,9767,61.84
20,1584,MRPL,EQ,1477870,471876,31.93
20,1585,MSTCLTD,EQ,158808,59947,37.75
20,1586,MSUMI,EQ,12218942,4754728,38.91
20,1587,MTARTECH,EQ,98164,41818,42.60
20,1588,MTNL,EQ,1500354,638999,42.59
20,1589,MUFIN,EQ,217243,80566,37.09
20,1590,MUFTI,EQ,177430,80916,45.60
20,1591,MUKANDLTD,EQ,44482,27569,61.98
20,1592,MUKKA,EQ,1999657,1380007,69.01
20,1593,MULTICAP,EQ,260062,224116,86.18
20,1594,MUNJALAU,EQ,213268,79195,37.13
20,1595,MUNJALSHOW,EQ,45330,20738,45.75
20,1596,MURUDCERA,EQ,66384,25041,37.72
20,1597,MUTHOOTCAP,EQ,115871,41973,36.22
20,1598,MUTHOOTFIN,EQ,170366,74062,43.47
20,1599,MUTHOOTMF,EQ,169630,95383,56.23
20,1600,MVGJL,EQ,159212,63370,39.80
20,1601,MVKAGRO,SM,16800,14400,85.71
20,1602,MWL,SM,7200,6000,83.33
20,1603,MYMUDRA,SM,20400,19200,94.12
20,1604,NACLIND,EQ,26242,12935,49.29
20,1605,NAGAFERT,EQ,598894,290069,48.43
20,1606,NAGREEKCAP,EQ,4966,2912,58.64
20,1607,NAHARCAP,EQ,5173,2983,57.66
20,1608,NAHARINDUS,EQ,19386,14194,73.22
20,1609,NAHARSPING,EQ,46758,17600,37.64
20,1610,NAMAN,ST,10400,8000,76.92
20,1611,NAM-INDIA,EQ,890257,440124,49.44
20,1612,NAMOEWASTE,SM,144000,89600,62.22
20,1613,NARMADA,EQ,108150,53096,49.09
20,1614,NATCOPHARM,EQ,275800,137368,49.81
20,1615,NATHBIOGEN,EQ,13666,8273,60.54
20,1616,NATIONALUM,EQ,13971893,3206721,22.95
20,1617,NAUKRI,EQ,380105,132176,34.77
20,1618,NAVA,EQ,201143,107707,53.55
20,1619,NAVINFLUOR,EQ,67333,23823,35.38
20,1620,NAVINIFTY,EQ,690,569,82.46
20,1621,NAVKARCORP,EQ,399878,174462,43.63
20,1622,NAVNETEDUL,EQ,81786,52699,64.44
20,1623,NAZARA,EQ,208009,122893,59.08
20,1624,NBCC,EQ,8543836,2816439,32.96
20,1625,NBIFIN,EQ,504,285,56.55
20,1626,NCC,EQ,4084011,1010488,24.74
20,1627,NCLIND,EQ,88006,55675,63.26
20,1628,NDLVENTURE,EQ,9343,5466,58.50
20,1629,NDRAUTO,EQ,14906,7226,48.48
20,1630,NDTV,EQ,109362,52839,48.32
20,1631,NECCLTD,EQ,831770,480264,57.74
20,1632,NELCAST,EQ,31409,18070,57.53
20,1633,NELCO,EQ,59440,26946,45.33
20,1634,NEOGEN,EQ,36372,15055,41.39
20,1635,NEPHROCARE,ST,14400,10400,72.22
20,1636,NESCO,EQ,118270,77632,65.64
20,1637,NESTLEIND,EQ,963160,640718,66.52
20,1638,NETF,EQ,25415,17685,69.58
20,1639,NETWEB,EQ,144980,63844,44.04
20,1640,NETWORK18,EQ,1792304,785129,43.81
20,1641,NEULANDLAB,EQ,28032,16408,58.53
20,1642,NEWGEN,EQ,227092,104865,46.18
20,1643,NEWJAISA,SM,7500,6000,80.00
20,1644,NEXT50,EQ,32778,29828,91.00
20,1645,NEXT50IETF,EQ,1312134,1037132,79.04
20,1646,NFL,EQ,1365417,462848,33.90
20,1647,NGIL,EQ,26511,11907,44.91
20,1648,NGLFINE,EQ,2176,1394,64.06
20,1649,NH,EQ,352562,184555,52.35
20,1650,NHPC,EQ,14689168,5876036,40.00
20,1651,NIACL,EQ,1049346,534011,50.89
20,1652,NIDAN,SM,23000,18000,78.26
20,1653,NIF100BEES,EQ,75410,57771,76.61
20,1654,NIF100IETF,EQ,447571,252581,56.43
20,1655,NIF10GETF,EQ,2626,2251,85.72
20,1656,NIF5GETF,EQ,292,289,98.97
20,1657,NIFITETF,EQ,945,665,70.37
20,1658,NIFMID150,EQ,3814,3099,81.25
20,1659,NIFTY1,EQ,440481,372940,84.67
20,1660,NIFTY50ADD,EQ,36299,28295,77.95
20,1661,NIFTYBEES,EQ,11591641,9341950,80.59
20,1662,NIFTYBETF,EQ,14959,10229,68.38
20,1663,NIFTYETF,EQ,1943266,1915327,98.56
20,1664,NIFTYIETF,EQ,1052145,910461,86.53
20,1665,NIFTYQLITY,EQ,234784,214962,91.56
20,1666,NIITLTD,EQ,770437,316128,41.03
20,1667,NIITMTS,EQ,44637,22203,49.74
20,1668,NILAINFRA,EQ,593815,330950,55.73
20,1669,NILKAMAL,EQ,9712,6675,68.73
20,1670,NINSYS,EQ,6460,3577,55.37
20,1671,NIPPOBATRY,EQ,6372,4651,72.99
20,1672,NIRMAN,ST,25800,22500,87.21
20,1673,NITINSPIN,EQ,199596,53092,26.60
20,1674,NITIRAJ,EQ,7772,5112,65.77
20,1675,NKIND,EQ,443,234,52.82
20,1676,NLCINDIA,EQ,790279,261648,33.11
20,1677,NMDC,EQ,15111791,4109835,27.20
20,1678,NOCIL,EQ,598275,231649,38.72
20,1679,NOIDATOLL,EQ,171597,135912,79.20
20,1680,NORTHARC,EQ,523016,243963,46.65
20,1681,NPBET,EQ,2640,2443,92.54
20,1682,NPST,SM,14100,9700,68.79
20,1683,NRAIL,EQ,10420,5551,53.27
20,1684,NRBBEARING,EQ,258935,138644,53.54
20,1685,NSLNISP,EQ,1908448,847193,44.39
20,1686,NTPC,EQ,13866505,8034649,57.94
20,1687,NUCLEUS,EQ,15518,9058,58.37
20,1688,NURECA,EQ,9544,5660,59.30
20,1689,NUVAMA,EQ,114366,54695,47.82
20,1690,NUVOCO,EQ,253411,118606,46.80
20,1691,NV20,EQ,129774,102831,79.24
20,1692,NV20BEES,EQ,45868,38444,83.81
20,1693,NV20IETF,EQ,1694113,1172087,69.19
20,1694,NXST,RR,94721,81207,85.73
20,1695,NYKAA,EQ,2201565,1002551,45.54
20,1696,OAL,EQ,723762,141115,19.50
20,1697,OBCL,EQ,15792,9669,61.23
20,1698,OBEROIRLTY,EQ,442708,196332,44.35
20,1699,OBSCP,ST,1046400,879600,84.06
20,1700,OCCL,EQ,37579,16062,42.74
20,1701,OFSS,EQ,98808,50463,51.07
20,1702,OIL,EQ,2993901,1477040,49.33
20,1703,OILIETF,EQ,4135298,3232177,78.16
20,1704,OLAELEC,EQ,30671468,8250881,26.90
20,1705,OLECTRA,EQ,337979,159791,47.28
20,1706,OLIL,SM,74400,58800,79.03
20,1707,OMAXAUTO,EQ,45472,29161,64.13
20,1708,OMAXE,EQ,36017,22243,61.76
20,1709,OMFURN,SM,4800,4800,100.00
20,1710,OMINFRAL,EQ,117095,63358,54.11
20,1711,ONDOOR,SM,600,600,100.00
20,1712,ONEPOINT,EQ,297539,164775,55.38
20,1713,ONGC,EQ,14355959,6388076,44.50
20,1714,ONMOBILE,EQ,278692,95738,34.35
20,1715,ONWARDTEC,EQ,45857,25080,54.69
20,1716,ORBTEXP,EQ,14506,4725,32.57
20,1717,ORCHPHARMA,EQ,63624,38369,60.31
20,1718,ORIANA,SM,66150,38475,58.16
20,1719,ORICONENT,EQ,118624,61885,52.17
20,1720,ORIENTBELL,EQ,7130,4086,57.31
20,1721,ORIENTCEM,EQ,660138,400480,60.67
20,1722,ORIENTCER,EQ,28224,12365,43.81
20,1723,ORIENTELEC,EQ,125681,48588,38.66
20,1724,ORIENTHOT,EQ,173619,56869,32.76
20,1725,ORIENTLTD,EQ,11027,3194,28.97
20,1726,ORIENTPPR,EQ,735023,432420,58.83
20,1727,ORIENTTECH,EQ,1100725,548219,49.81
20,1728,ORISSAMINE,EQ,7320,3592,49.07
20,1729,ORTINGLOBE,EQ,5722,3695,64.58
20,1730,OSELDEVICE,SM,144800,84000,58.01
20,1731,OSWALGREEN,EQ,1585274,446162,28.14
20,1732,OWAIS,SM,29200,20000,68.49
20,1733,PAGEIND,EQ,15803,6620,41.89
20,1734,PAISALO,EQ,1498533,565199,37.72
20,1735,PAKKA,EQ,56206,29423,52.35
20,1736,PALASHSECU,EQ,116431,36708,31.53
20,1737,PANAMAPET,EQ,22013,12654,57.48
20,1738,PANSARI,EQ,5495,5294,96.34
20,1739,PAR,EQ,152522,102993,67.53
20,1740,PARACABLES,EQ,1460222,841056,57.60
20,1741,PARADEEP,EQ,7403651,1663289,22.47
20,1742,PARAGMILK,EQ,1160560,468146,40.34
20,1743,PARAGON,SM,64800,52800,81.48
20,1744,PARAMATRIX,SM,2400,2400,100.00
20,1745,PARAMOUNT,SM,20400,14400,70.59
20,1746,PARAS,EQ,154830,67510,43.60
20,1747,PARIN,ST,1000,1000,100.00
20,1748,PARKHOTELS,EQ,207434,102569,49.45
20,1749,PARTYCRUS,SM,16000,14000,87.50
20,1750,PASHUPATI,ST,17600,17400,98.86
20,1751,PATANJALI,EQ,285036,153227,53.76
20,1752,PATELENG,EQ,3390164,1558828,45.98
20,1753,PATINTLOG,EQ,461286,232864,50.48
20,1754,PAYTM,EQ,4920251,1425807,28.98
20,1755,PCBL,EQ,2804355,1018016,36.30
20,1756,PCCL,SM,29600,18800,63.51
20,1757,PDMJEPAPER,EQ,2629821,741182,28.18
20,1758,PDSL,EQ,75082,42426,56.51
20,1759,PEARLPOLY,EQ,70971,36841,51.91
20,1760,PEL,EQ,616129,186560,30.28
20,1761,PELATRO,SM,174600,133200,76.29
20,1762,PENIND,EQ,1572480,450285,28.64
20,1763,PENINLAND,EQ,244191,112269,45.98
20,1764,PENTAGON,SM,7000,6000,85.71
20,1765,PERSISTENT,EQ,509193,154013,30.25
20,1766,PETRONET,EQ,5070142,2149675,42.40
20,1767,PFC,EQ,9325508,4323505,46.36
20,1768,PFIZER,EQ,61077,48540,79.47
20,1769,PFOCUS,EQ,11154,5815,52.13
20,1770,PFS,EQ,681179,342357,50.26
20,1771,PGEL,EQ,1093391,571053,52.23
20,1772,PGHH,EQ,3992,1575,39.45
20,1773,PGHL,EQ,12991,5496,42.31
20,1774,PGIL,EQ,45674,24010,52.57
20,1775,PGINVIT,IV,986920,740499,75.03
20,1776,PHANTOMFX,SM,39900,32700,81.95
20,1777,PHARMABEES,EQ,3680783,2120483,57.61
20,1778,PHOENIXLTD,EQ,900261,552063,61.32
20,1779,PHOGLOBAL,ST,28000,26000,92.86
20,1780,PIDILITIND,EQ,216652,131458,60.68
20,1781,PIIND,EQ,284281,143878,50.61
20,1782,PILITA,EQ,386773,203102,52.51
20,1783,PIONEEREMB,EQ,5918,3850,65.06
20,1784,PITTIENG,EQ,32794,16106,49.11
20,1785,PIXTRANS,EQ,59431,27892,46.93
20,1786,PKTEA,EQ,1159,818,70.58
20,1787,PLADAINFO,SM,6000,6000,100.00
20,1788,PLATIND,EQ,259668,107130,41.26
20,1789,PLAZACABLE,EQ,38176,23574,61.75
20,1790,PNB,EQ,132269383,68228593,51.58
20,1791,PNBGILTS,EQ,895686,252556,28.20
20,1792,PNBHOUSING,EQ,1391827,460574,33.09
20,1793,PNC,EQ,14602,7140,48.90
20,1794,PNCINFRA,EQ,757601,459969,60.71
20,1795,PNGJL,EQ,208864,102881,49.26
20,1796,POCL,EQ,177014,110922,62.66
20,1797,PODDARMENT,EQ,46841,33036,70.53
20,1798,POKARNA,EQ,53540,16056,29.99
20,1799,POLICYBZR,EQ,892716,527421,59.08
20,1800,POLYCAB,EQ,285465,125662,44.02
20,1801,POLYMED,EQ,671143,146600,21.84
20,1802,POLYPLEX,EQ,55903,23946,42.83
20,1803,POLYSIL,SM,10000,8000,80.00
20,1804,PONNIERODE,EQ,8097,4967,61.34
20,1805,POONAWALLA,EQ,4435322,1191941,26.87
20,1806,POSITRON,ST,23700,21600,91.14
20,1807,POWERGRID,EQ,9249409,5971889,64.57
20,1808,POWERINDIA,EQ,38388,18801,48.98
20,1809,POWERMECH,EQ,54825,24860,45.34
20,1810,PPAP,EQ,14140,8612,60.91
20,1811,PPL,EQ,87293,46260,52.99
20,1812,PPLPHARMA,EQ,16417445,3660433,22.30
20,1813,PPSL,SM,54000,42000,77.78
20,1814,PRAJIND,EQ,661380,322923,48.83
20,1815,PRAKASH,EQ,462168,226852,49.08
20,1816,PRAKASHSTL,EQ,613464,342190,55.78
20,1817,PRAMARA,SM,25000,21000,84.00
20,1818,PRANIK,SM,12800,11200,87.50
20,1819,PRATHAM,ST,25200,24000,95.24
20,1820,PRECAM,EQ,355113,141091,39.73
20,1821,PRECISION,SM,32000,22000,68.75
20,1822,PRECOT,EQ,9126,7346,80.50
20,1823,PRECWIRE,EQ,274915,95822,34.86
20,1824,PREMEXPLN,EQ,110156,71354,64.78
20,1825,PREMIERENE,EQ,3707097,990399,26.72
20,1826,PREMIUM,ST,66000,63000,95.45
20,1827,PRESSTONIC,SM,19200,12800,66.67
20,1828,PRESTIGE,EQ,393884,196509,49.89
20,1829,PRICOLLTD,EQ,106972,45847,42.86
20,1830,PRIMESECU,EQ,97695,78172,80.02
20,1831,PRINCEPIPE,EQ,161354,83723,51.89
20,1832,PRITI,EQ,599291,269825,45.02
20,1833,PRITIKA,ST,144000,110000,76.39
20,1834,PRITIKAUTO,EQ,539444,237855,44.09
20,1835,PRIVISCL,EQ,81022,42565,52.54
20,1836,PRIZOR,ST,42400,42400,100.00
20,1837,PRLIND,SM,39000,24000,61.54
20,1838,PROLIFE,SM,3000,2500,83.33
20,1839,PROPEQUITY,SM,4800,4800,100.00
20,1840,PROV,SM,800,640,80.00
20,1841,PROZONER,EQ,144424,87340,60.47
20,1842,PRSMJOHNSN,EQ,422633,206516,48.86
20,1843,PRUDENT,EQ,898096,136164,15.16
20,1844,PSB,EQ,967234,290618,30.05
20,1845,PSFL,SM,40000,32000,80.00
20,1846,PSPPROJECT,EQ,94980,58142,61.21
20,1847,PSUBANK,EQ,24242,18522,76.40
20,1848,PSUBANKADD,EQ,870702,862809,99.09
20,1849,PSUBNKBEES,EQ,2010360,893769,44.46
20,1850,PSUBNKIETF,EQ,151206,91134,60.27
20,1851,PTC,EQ,1160154,505439,43.57
20,1852,PTCIL,EQ,8987,5867,65.28
20,1853,PTL,EQ,102292,66477,64.99
20,1854,PULZ,ST,12000,12000,100.00
20,1855,PUNJABCHEM,EQ,3925,2061,52.51
20,1856,PURVA,EQ,70389,38985,55.39
20,1857,PURVFLEXI,SM,20800,12800,61.54
20,1858,PVRINOX,EQ,2186721,293762,13.43
20,1859,PVSL,EQ,95485,54588,57.17
20,1860,PVTBANIETF,EQ,2151263,1888395,87.78
20,1861,PVTBANKADD,EQ,148971,125565,84.29
20,1862,PYRAMID,EQ,2066582,407781,19.73
20,1863,QFIL,SM,10000,7000,70.00
20,1864,QGOLDHALF,EQ,110097,106562,96.79
20,1865,QMSMEDI,SM,8000,8000,100.00
20,1866,QNIFTY,EQ,1625,896,55.14
20,1867,QUAL30IETF,EQ,1085787,832859,76.71
20,1868,QUESS,EQ,186990,67847,36.28
20,1869,QUESTLAB,SM,37200,25200,67.74
20,1870,QUICKHEAL,EQ,137882,38544,27.95
20,1871,QUICKTOUCH,SM,5500,4500,81.82
20,1872,QVCEL,ST,6400,6400,100.00
20,1873,RACE,EQ,14733,6910,46.90
20,1874,RADIANTCMS,EQ,60055,33844,56.36
20,1875,RADICO,EQ,385226,257893,66.95
20,1876,RADIOCITY,EQ,256133,137300,53.60
20,1877,RADIOCITY,P1,22,22,100.00
20,1878,RADIOWALLA,SM,49600,43200,87.10
20,1879,RAILTEL,EQ,1203202,367129,30.51
20,1880,RAIN,EQ,1031954,391962,37.98
20,1881,RAINBOW,EQ,2710740,363285,13.40
20,1882,RAJESHEXPO,EQ,416948,197311,47.32
20,1883,RAJINDLTD,SM,64500,58500,90.70
20,1884,RAJMET,EQ,761324,411216,54.01
20,1885,RAJRATAN,EQ,25440,17991,70.72
20,1886,RAJSREESUG,EQ,49910,28157,56.42
20,1887,RALLIS,EQ,688071,258382,37.55
20,1888,RAMANEWS,EQ,143263,62306,43.49
20,1889,RAMAPHO,EQ,8516,4969,58.35
20,1890,RAMASTEEL,EQ,20292900,6802570,33.52
20,1891,RAMCOCEM,EQ,359564,127974,35.59
20,1892,RAMCOIND,EQ,128146,67531,52.70
20,1893,RAMCOSYS,EQ,12050,7469,61.98
20,1894,RAMKY,EQ,40497,19684,48.61
20,1895,RAMRAT,EQ,29119,15830,54.36
20,1896,RANASUG,EQ,256584,150924,58.82
20,1897,RANEHOLDIN,EQ,15691,10641,67.82
20,1898,RAPPID,SM,3600,2400,66.67
20,1899,RATEGAIN,EQ,441975,218929,49.53
20,1900,RATNAMANI,EQ,22132,11537,52.13
20,1901,RAYMOND,EQ,509505,82036,16.10
20,1902,RAYMONDLSL,EQ,68532,30436,44.41
20,1903,RBA,EQ,995369,585351,58.81
20,1904,RBLBANK,EQ,18524446,8850931,47.78
20,1905,RBMINFRA,ST,15200,13000,85.53
20,1906,RBS,SM,59200,40000,67.57
20,1907,RCF,EQ,1116572,392841,35.18
20,1908,RECLTD,EQ,6918061,2231077,32.25
20,1909,REDINGTON,EQ,4759554,1088527,22.87
20,1910,REDTAPE,EQ,140023,58671,41.90
20,1911,REFRACTORY,ST,14000,14000,100.00
20,1912,RELAXO,EQ,51654,24769,47.95
20,1913,RELCHEMQ,EQ,2984,2056,68.90
20,1914,RELIABLE,EQ,4465,2673,59.87
20,1915,RELIANCE,EQ,19796890,10830488,54.71
20,1916,RELIGARE,EQ,1152862,694536,60.24
20,1917,REMSONSIND,EQ,60348,30708,50.88
20,1918,REMUS,SM,2850,2350,82.46
20,1919,RENUKA,EQ,7787830,1736668,22.30
20,1920,REPCOHOME,EQ,118497,51081,43.11
20,1921,REPL,EQ,14652,7726,52.73
20,1922,REPRO,EQ,7700,4834,62.78
20,1923,RESPONIND,EQ,127160,28689,22.56
20,1924,RGL,EQ,540640,205000,37.92
20,1925,RHIM,EQ,157537,105870,67.20
20,1926,RHL,EQ,23024,1090,4.73
20,1927,RICOAUTO,EQ,301265,139516,46.31
20,1928,RIIL,EQ,98607,29419,29.83
20,1929,RILINFRA,ST,43100,37400,86.77
20,1930,RISHABH,EQ,16038,10975,68.43
20,1931,RITCO,EQ,64296,32176,50.04
20,1932,RITES,EQ,1178894,464623,39.41
20,1933,RITEZONE,SM,1600,1600,100.00
20,1934,RKEC,EQ,102235,53220,52.06
20,1935,RKFORGE,EQ,165612,67351,40.67
20,1936,RKSWAMY,EQ,31128,15543,49.93
20,1937,RMDRIP,ST,11000,8500,77.27
20,1938,RML,EQ,19203,8939,46.55
20,1939,RNFI,SM,109200,84000,76.92
20,1940,ROCKINGDCE,SM,9000,4750,52.78
20,1941,ROHLTD,EQ,25839,9866,38.18
20,1942,ROLEXRINGS,EQ,26505,10325,38.95
20,1943,ROML,EQ,14649,3283,22.41
20,1944,ROSSARI,EQ,48341,20368,42.13
20,1945,ROTO,EQ,63128,33312,52.77
20,1946,ROUTE,EQ,47016,26722,56.84
20,1947,ROXHITECH,SM,25600,20800,81.25
20,1948,RPEL,EQ,11851,6852,57.82
20,1949,RPGLIFE,EQ,13855,6777,48.91
20,1950,RPPL,EQ,298750,216650,72.52
20,1951,RPSGVENT,EQ,41881,21465,51.25
20,1952,RPTECH,EQ,374072,154916,41.41
20,1953,RRKABEL,EQ,59413,21509,36.20
20,1954,RSWM,EQ,66262,39217,59.18
20,1955,RSYSTEMS,EQ,90741,41005,45.19
20,1956,RTNINDIA,EQ,3944787,998089,25.30
20,1957,RTNPOWER,EQ,12813022,7761175,60.57
20,1958,RUBFILA,EQ,34084,24099,70.70
20,1959,RUBYMILLS,EQ,6113,2876,47.05
20,1960,RUCHIRA,EQ,16351,12346,75.51
20,1961,RULKA,SM,16200,13200,81.48
20,1962,RUPA,EQ,78663,44339,56.37
20,1963,RUSHIL,EQ,2316572,850813,36.73
20,1964,RUSTOMJEE,EQ,33236,19584,58.92
20,1965,RVHL,EQ,50294,27799,55.27
20,1966,RVNL,EQ,5262254,1818766,34.56
20,1967,SAAKSHI,SM,10200,10200,100.00
20,1968,SABAR,SM,255000,160000,62.75
20,1969,SADBHAV,EQ,946977,413806,43.70
20,1970,SADBHIN,EQ,206170,137061,66.48
20,1971,SADHAV,SM,13200,10200,77.27
20,1972,SADHNANIQ,EQ,120264,65951,54.84
20,1973,SAFARI,EQ,56033,23410,41.78
20,1974,SAGARDEEP,EQ,8430,3342,39.64
20,1975,SAGCEM,EQ,13239,7391,55.83
20,1976,SAH,EQ,62112,26460,42.60
20,1977,SAHAJ,SM,20000,20000,100.00
20,1978,SAHAJSOLAR,ST,31200,29600,94.87
20,1979,SAHANA,SM,5375,4250,79.07
20,1980,SAHASRA,SM,252800,151600,59.97
20,1981,SAHYADRI,EQ,11009,7306,66.36
20,1982,SAIFL,SM,11200,6400,57.14
20,1983,SAIL,EQ,21792990,6536065,29.99
20,1984,SAJHOTELS,SM,4000,4000,100.00
20,1985,SAKAR,EQ,9802,5787,59.04
20,1986,SAKHTISUG,EQ,383908,184022,47.93
20,1987,SAKSOFT,EQ,191656,96015,50.10
20,1988,SALASAR,EQ,5545264,2469806,44.54
20,1989,SALONA,EQ,8711,5695,65.38
20,1990,SALSTEEL,EQ,126766,88293,69.65
20,1991,SALZERELEC,EQ,66641,31289,46.95
20,1992,SAMBHAAV,EQ,258531,108490,41.96
20,1993,SAMHI,EQ,419194,220370,52.57
20,1994,SAMMAANCAP,EQ,2964101,1184630,39.97
20,1995,SAMPANN,EQ,36104,22119,61.26
20,1996,SANDESH,EQ,1671,890,53.26
20,1997,SANDHAR,EQ,92494,52914,57.21
20,1998,SANDUMA,EQ,89563,47287,52.80
20,1999,SANGAMIND,EQ,22242,12797,57.54
20,2000,SANGANI,ST,30000,24000,80.00
20,2001,SANGHIIND,EQ,1105549,605667,54.78
20,2002,SANGHVIMOV,EQ,291605,140308,48.12
20,2003,SANGINITA,EQ,79267,44003,55.51
20,2004,SANOFI,EQ,6320,2994,47.37
20,2005,SANOFICONR,EQ,5978,3523,58.93
20,2006,SANSERA,EQ,55093,25499,46.28
20,2007,SANSTAR,EQ,560626,257496,45.93
20,2008,SAPPHIRE,EQ,793143,520852,65.67
20,2009,SARDAEN,EQ,470598,173074,36.78
20,2010,SAREGAMA,EQ,848882,222916,26.26
20,2011,SAROJA,SM,3200,3200,100.00
20,2012,SARTELE,SM,173500,98000,56.48
20,2013,SARVESHWAR,EQ,4419258,2361009,53.43
20,2014,SASKEN,EQ,40171,10735,26.72
20,2015,SASTASUNDR,EQ,38819,21839,56.26
20,2016,SATECH,ST,201000,178000,88.56
20,2017,SATIA,EQ,276316,149643,54.16
20,2018,SATIN,EQ,182420,94275,51.68
20,2019,SATINDLTD,EQ,424909,184425,43.40
20,2020,SATIPOLY,SM,7000,4000,57.14
20,2021,SAURASHCEM,EQ,82884,40243,48.55
20,2022,SBC,EQ,1837335,689071,37.50
20,2023,SBCL,EQ,115067,58108,50.50
20,2024,SBFC,EQ,1571185,619554,39.43
20,2025,SBGLP,EQ,368373,183268,49.75
20,2026,SBICARD,EQ,1230924,541961,44.03
20,2027,SBIETFCON,EQ,12934,11389,88.05
20,2028,SBIETFIT,EQ,6607,5115,77.42
20,2029,SBIETFPB,EQ,13580,12182,89.71
20,2030,SBIETFQLTY,EQ,10198,8248,80.88
20,2031,SBILIFE,EQ,1470020,974442,66.29
20,2032,SBIN,EQ,14498161,5053368,34.86
20,2033,SBINEQWETF,EQ,45576,37862,83.07
20,2034,SBISILVER,EQ,148546,102783,69.19
20,2035,SCHAEFFLER,EQ,107963,91257,84.53
20,2036,SCHAND,EQ,88486,48901,55.26
20,2037,SCHNEIDER,EQ,169712,72161,42.52
20,2038,SCI,EQ,1406871,580590,41.27
20,2039,SCILAL,EQ,1326759,556809,41.97
20,2040,SCML,SM,8000,7000,87.50
20,2041,SDBL,EQ,330712,167485,50.64
20,2042,SDL26BEES,EQ,127930,125647,98.22
20,2043,SDREAMS,SM,28000,19000,67.86
20,2044,SEAMECLTD,EQ,11624,7085,60.95
20,2045,SECMARK,EQ,3073,1611,52.42
20,2046,SECURKLOUD,EQ,80680,19690,24.41
20,2047,SEL,ST,2000,2000,100.00
20,2048,SELAN,EQ,127932,73968,57.82
20,2049,SENCO,EQ,326003,122965,37.72
20,2050,SENSEXADD,EQ,1854,1756,94.71
20,2051,SENSEXETF,EQ,46522,41616,89.45
20,2052,SENSEXIETF,EQ,11108,9413,84.74
20,2053,SEPC,EQ,11368090,4218231,37.11
20,2054,SERVICE,SM,42000,26000,61.90
20,2055,SERVOTECH,EQ,911377,447540,49.11
20,2056,SESHAPAPER,EQ,18559,10803,58.21
20,2057,SETCO,EQ,112652,70567,62.64
20,2058,SETF10GILT,EQ,16514,13748,83.25
20,2059,SETFGOLD,EQ,2603046,2156672,82.85
20,2060,SETFNIF50,EQ,2144202,1905993,88.89
20,2061,SETFNIFBK,EQ,212365,153408,72.24
20,2062,SETFNN50,EQ,83743,69508,83.00
20,2063,SFL,EQ,81041,34026,41.99
20,2064,SGBAPR28I,GB,88,70,79.55
20,2065,SGBAUG27,GB,133,116,87.22
20,2066,SGBAUG28V,GB,1328,1017,76.58
20,2067,SGBAUG29V,GB,65,47,72.31
20,2068,SGBAUG30,GB,114,71,62.28
20,2069,SGBD29VIII,GB,75,63,84.00
20,2070,SGBDC27VII,GB,18,12,66.67
20,2071,SGBDE30III,GB,239,176,73.64
20,2072,SGBDE31III,GB,1416,1236,87.29
20,2073,SGBDEC2512,GB,12,12,100.00
20,2074,SGBDEC2513,GB,6,6,100.00
20,2075,SGBDEC25XI,GB,8,8,100.00
20,2076,SGBDEC26,GB,19,10,52.63
20,2077,SGBFEB27,GB,66,31,46.97
20,2078,SGBFEB28IX,GB,13,10,76.92
20,2079,SGBFEB29XI,GB,28,21,75.00
20,2080,SGBFEB32IV,GB,1681,1112,66.15
20,2081,SGBJ28VIII,GB,16,16,100.00
20,2082,SGBJAN26,GB,70,64,91.43
20,2083,SGBJAN27,GB,9,7,77.78
20,2084,SGBJAN29IX,GB,222,203,91.44
20,2085,SGBJAN29X,GB,72,51,70.83
20,2086,SGBJAN30IX,GB,34,23,67.65
20,2087,SGBJU29III,GB,95,68,71.58
20,2088,SGBJUL25,GB,272,259,95.22
20,2089,SGBJUL27,GB,10,6,60.00
20,2090,SGBJUL28IV,GB,1376,715,51.96
20,2091,SGBJUL29IV,GB,75,65,86.67
20,2092,SGBJUN27,GB,5,5,100.00
20,2093,SGBJUN28,GB,41,30,73.17
20,2094,SGBJUN29II,GB,208,180,86.54
20,2095,SGBJUN30,GB,211,174,82.46
20,2096,SGBJUN31I,GB,782,575,73.53
20,2097,SGBMAR25,GB,271,227,83.76
20,2098,SGBMAR30X,GB,38,38,100.00
20,2099,SGBMAR31IV,GB,246,212,86.18
20,2100,SGBMAY25,GB,106,77,72.64
20,2101,SGBMAY26,GB,135,110,81.48
20,2102,SGBMAY28,GB,627,481,76.71
20,2103,SGBMAY29I,GB,556,414,74.46
20,2104,SGBMR29XII,GB,1546,689,44.57
20,2105,SGBN28VIII,GB,304,182,59.87
20,2106,SGBNOV24,GB,49,43,87.76
20,2107,SGBNOV25,GB,6,6,100.00
20,2108,SGBNOV258,GB,12,12,100.00
20,2109,SGBNOV25IX,GB,1,1,100.00
20,2110,SGBNOV25VI,GB,6,6,100.00
20,2111,SGBNOV26,GB,2,2,100.00
20,2112,SGBNV29VII,GB,228,162,71.05
20,2113,SGBOC28VII,GB,93,77,82.80
20,2114,SGBOCT25,GB,105,105,100.00
20,2115,SGBOCT25IV,GB,47,47,100.00
20,2116,SGBOCT25V,GB,13,13,100.00
20,2117,SGBOCT26,GB,69,57,82.61
20,2118,SGBOCT27,GB,2,1,50.00
20,2119,SGBOCT27VI,GB,110,78,70.91
20,2120,SGBSEP28VI,GB,239,155,64.85
20,2121,SGBSEP29VI,GB,384,243,63.28
20,2122,SGBSEP31II,GB,1351,1108,82.01
20,2123,SGIL,EQ,34861,21508,61.70
20,2124,SHAILY,EQ,74980,40857,54.49
20,2125,SHALBY,EQ,300350,176034,58.61
20,2126,SHALPAINTS,EQ,91117,47856,52.52
20,2127,SHANKARA,EQ,86470,44955,51.99
20,2128,SHANTHALA,SM,3600,2400,66.67
20,2129,SHANTI,EQ,3474,1846,53.14
20,2130,SHANTIGEAR,EQ,9749,5798,59.47
20,2131,SHARDACROP,EQ,709281,236134,33.29
20,2132,SHARDAMOTR,EQ,18586,8298,44.65
20,2133,SHAREINDIA,EQ,1327730,975277,73.45
20,2134,SHARIABEES,EQ,11642,9234,79.32
20,2135,SHEETAL,SM,60000,40000,66.67
20,2136,SHEMAROO,EQ,49417,25117,50.83
20,2137,SHERA,SM,77000,53000,68.83
20,2138,SHIGAN,SM,7500,4500,60.00
20,2139,SHILPAMED,EQ,89020,40176,45.13
20,2140,SHIVALIK,EQ,13031,7375,56.60
20,2141,SHIVAMILLS,EQ,4371,1455,33.29
20,2142,SHIVATEX,EQ,6069,4611,75.98
20,2143,SHK,EQ,292803,126727,43.28
20,2144,SHOPERSTOP,EQ,337040,59534,17.66
20,2145,SHREDIGCEM,EQ,279907,118411,42.30
20,2146,SHREECEM,EQ,12419,5788,46.61
20,2147,SHREEKARNI,SM,4500,3000,66.67
20,2148,SHREEOSFM,SM,10000,9000,90.00
20,2149,SHREERAMA,EQ,3773030,1225983,32.49
20,2150,SHREYANIND,EQ,7159,4163,58.15
20,2151,SHRIPISTON,EQ,40987,20042,48.90
20,2152,SHRIRAMFIN,EQ,968592,559245,57.74
20,2153,SHRIRAMPPS,EQ,1039009,431680,41.55
20,2154,SHRITECH,SM,30000,28000,93.33
20,2155,SHUBHLAXMI,ST,7000,6000,85.71
20,2156,SHUBHSHREE,ST,14400,14400,100.00
20,2157,SHYAMCENT,EQ,146211,85118,58.22
20,2158,SHYAMMETL,EQ,300432,174904,58.22
20,2159,SIDDHIKA,SM,2000,2000,100.00
20,2160,SIEMENS,EQ,284902,136362,47.86
20,2161,SIGACHI,EQ,794707,370429,46.61
20,2162,SIGIND,EQ,29535,13809,46.75
20,2163,SIGMA,EQ,3248,1864,57.39
20,2164,SIGNATURE,EQ,349732,84137,24.06
20,2165,SIGNORIA,SM,5000,5000,100.00
20,2166,SIGNPOST,EQ,27879,17174,61.60
20,2167,SIKKO,EQ,29368,17659,60.13
20,2168,SIL,EQ,325740,157789,48.44
20,2169,SILGO,EQ,108425,56884,52.46
20,2170,SILKFLEX,ST,2000,2000,100.00
20,2171,SILLYMONKS,EQ,11249,8151,72.46
20,2172,SILVER,EQ,200401,142995,71.35
20,2173,SILVER1,EQ,177678,136110,76.60
20,2174,SILVERADD,EQ,95366,88905,93.23
20,2175,SILVERBEES,EQ,9527214,7234113,75.93
20,2176,SILVERETF,EQ,457117,347319,75.98
20,2177,SILVERIETF,EQ,1526940,1336403,87.52
20,2178,SILVERTUC,EQ,24813,8294,33.43
20,2179,SILVRETF,EQ,15254,10849,71.12
20,2180,SINCLAIR,EQ,8008,5313,66.35
20,2181,SINDHUTRAD,EQ,487890,259380,53.16
20,2182,SINTERCOM,EQ,12326,7138,57.91
20,2183,SIRCA,EQ,540960,276339,51.08
20,2184,SIS,EQ,38908,25119,64.56
20,2185,SIYSIL,EQ,1952357,328330,16.82
20,2186,SJLOGISTIC,ST,23250,20750,89.25
20,2187,SJS,EQ,320328,199934,62.42
20,2188,SJVN,EQ,4296481,1765872,41.10
20,2189,SKFINDIA,EQ,18999,9328,49.10
20,2190,SKIPPER,EQ,792368,214840,27.11
20,2191,SKMEGGPROD,EQ,34691,18454,53.20
20,2192,SKP,SM,5500,5500,100.00
20,2193,SLONE,SM,36800,27200,73.91
20,2194,SMALLCAP,EQ,930321,658898,70.82
20,2195,SMCGLOBAL,EQ,266600,134133,50.31
20,2196,SMLISUZU,EQ,10878,5801,53.33
20,2197,SMLT,EQ,33235,13482,40.57
20,2198,SMSPHARMA,EQ,138418,62002,44.79
20,2199,SNOWMAN,EQ,955430,257531,26.95
20,2200,SOBHA,EQ,203862,89919,44.11
20,2201,SOBHAPP,E1,1869,1856,99.30
20,2202,SOFTTECH,EQ,14458,12383,85.65
20,2203,SOLARA,EQ,666455,486948,73.07
20,2204,SOLARAPP,E1,24311,23866,98.17
20,2205,SOLARINDS,EQ,105712,55450,52.45
20,2206,SOLEX,SM,33500,17000,50.75
20,2207,SOMANYCERA,EQ,97287,71744,73.74
20,2208,SOMATEX,EQ,63622,21779,34.23
20,2209,SONACOMS,EQ,696834,416442,59.76
20,2210,SONAMAC,SM,25000,18000,72.00
20,2211,SONATSOFTW,EQ,187745,63187,33.66
20,2212,SONUINFRA,SM,6000,6000,100.00
20,2213,SOTAC,SM,4800,4800,100.00
20,2214,SOTL,EQ,27026,11735,43.42
20,2215,SOUTHBANK,EQ,11581232,5886254,50.83
20,2216,SOUTHWEST,EQ,40902,18322,44.79
20,2217,SPAL,EQ,12495,8646,69.20
20,2218,SPANDANA,EQ,292674,101559,34.70
20,2219,SPARC,EQ,1325547,496329,37.44
20,2220,SPCENET,EQ,1621140,1114042,68.72
20,2221,SPCL,SM,33000,23400,70.91
20,2222,SPECIALITY,EQ,16097,11259,69.94
20,2223,SPECTRUM,SM,4625,3500,75.68
20,2224,SPECTSTM,SM,48000,25600,53.33
20,2225,SPENCERS,EQ,155579,68770,44.20
20,2226,SPIC,EQ,395507,158926,40.18
20,2227,SPLIL,EQ,9583,4806,50.15
20,2228,SPLPETRO,EQ,97165,35674,36.71
20,2229,SPORTKING,EQ,174825,95239,54.48
20,2230,SPPPOLY,SM,26000,8000,30.77
20,2231,SPRL,ST,1600,1600,100.00
20,2232,SREEL,EQ,6210,4322,69.60
20,2233,SRF,EQ,321161,142193,44.27
20,2234,SRGHFL,EQ,45641,42441,92.99
20,2235,SRHHYPOLTD,EQ,44231,18059,40.83
20,2236,SRIVASAVI,SM,10000,9000,90.00
20,2237,SSDL,EQ,59073,34849,58.99
20,2238,SSEGL,ST,118800,114000,95.96
20,2239,SSFL,ST,92500,92000,99.46
20,2240,SSWL,EQ,150191,63196,42.08
20,2241,STANLEY,EQ,69764,39069,56.00
20,2242,STAR,EQ,407954,201125,49.30
20,2243,STARCEMENT,EQ,296587,135394,45.65
20,2244,STARHEALTH,EQ,3030770,1416188,46.73
20,2245,STARPAPER,EQ,6453,4061,62.93
20,2246,STARTECK,EQ,2960,689,23.28
20,2247,STCINDIA,EQ,32192,16971,52.72
20,2248,STEELCAS,EQ,41838,20215,48.32
20,2249,STEELCITY,EQ,338231,148799,43.99
20,2250,STEELXIND,EQ,1577296,893179,56.63
20,2251,STERTOOLS,EQ,61432,26945,43.86
20,2252,STLTECH,EQ,737844,309685,41.97
20,2253,STOVEKRAFT,EQ,93624,41459,44.28
20,2254,STYLAMIND,EQ,42524,24234,56.99
20,2255,STYLEBAAZA,EQ,143613,55989,38.99
20,2256,STYRENIX,EQ,30789,11835,38.44
20,2257,SUBEXLTD,EQ,1796609,714423,39.77
20,2258,SUBROS,EQ,41136,18149,44.12
20,2259,SUDARSCHEM,EQ,320319,163843,51.15
20,2260,SUKHJITS,EQ,12675,8105,63.94
20,2261,SULA,EQ,257730,136301,52.89
20,2262,SUMICHEM,EQ,335115,121507,36.26
20,2263,SUMMITSEC,EQ,8403,4132,49.17
20,2264,SUNCLAY,EQ,3123,1763,56.45
20,2265,SUNDARAM,EQ,457054,289295,63.30
20,2266,SUNDARMFIN,EQ,92300,32516,35.23
20,2267,SUNDARMHLD,EQ,142904,64660,45.25
20,2268,SUNDRMFAST,EQ,83720,43243,51.65
20,2269,SUNFLAG,EQ,65796,30290,46.04
20,2270,SUNLITE,SM,8400,7200,85.71
20,2271,SUNPHARMA,EQ,5031861,2910167,57.83
20,2272,SUNTECK,EQ,114975,52114,45.33
20,2273,SUNTV,EQ,479936,147419,30.72
20,2274,SUPERHOUSE,EQ,6292,3711,58.98
20,2275,SUPRAJIT,EQ,177392,75625,42.63
20,2276,SUPREMEIND,EQ,262620,155014,59.03
20,2277,SUPREMEPWR,ST,151000,139500,92.38
20,2278,SUPRIYA,EQ,731933,227890,31.14
20,2279,SURAJEST,EQ,47625,19416,40.77
20,2280,SURANAT&P,EQ,165691,86904,52.45
20,2281,SURANI,SM,20400,17400,85.29
20,2282,SURYALAXMI,EQ,10027,4778,47.65
20,2283,SURYAROSNI,EQ,223686,95712,42.79
20,2284,SURYODAY,EQ,476913,211347,44.32
20,2285,SUTLEJTEX,EQ,84412,38961,46.16
20,2286,SUVEN,EQ,130121,60735,46.68
20,2287,SUVENPHAR,EQ,169942,94472,55.59
20,2288,SUVIDHAA,EQ,171340,80879,47.20
20,2289,SUYOG,EQ,22989,11391,49.55
20,2290,SUZLON,EQ,55381082,24967986,45.08
20,2291,SVLL,EQ,24011,18945,78.90
20,2292,SVPGLOB,EQ,93522,62127,66.43
20,2293,SWANENERGY,EQ,749923,319732,42.64
20,2294,SWARAJ,ST,19500,19500,100.00
20,2295,SWARAJENG,EQ,11023,5782,52.45
20,2296,SWASTIK,SM,30000,26400,88.00
20,2297,SWELECTES,EQ,24341,10967,45.06
20,2298,SWSOLAR,EQ,717776,325639,45.37
20,2299,SYMPHONY,EQ,150699,62649,41.57
20,2300,SYNCOMF,EQ,2627581,1191183,45.33
20,2301,SYNGENE,EQ,362488,145975,40.27
20,2302,SYNOPTICS,SM,8400,7800,92.86
20,2303,SYRMA,EQ,7829455,1340730,17.12
20,2304,SYSTANGO,SM,12800,9200,71.88
20,2305,TAC,ST,22400,20400,91.07
20,2306,TAINWALCHM,EQ,13313,6333,47.57
20,2307,TAJGVK,EQ,3071396,411948,13.41
20,2308,TAKE,EQ,118649,78698,66.33
20,2309,TALBROAUTO,EQ,70801,33863,47.83
20,2310,TANLA,EQ,252233,120945,47.95
20,2311,TAPIFRUIT,SM,2250,750,33.33
20,2312,TARACHAND,EQ,68641,37553,54.71
20,2313,TARC,EQ,257482,125278,48.66
20,2314,TARMAT,EQ,19929,15012,75.33
20,2315,TARSONS,EQ,66895,27890,41.69
20,2316,TASTYBITE,EQ,2308,999,43.28
20,2317,TATACHEM,EQ,658591,178738,27.14
20,2318,TATACOMM,EQ,368439,174110,47.26
20,2319,TATACONSUM,EQ,1427199,710463,49.78
20,2320,TATAELXSI,EQ,62065,28398,45.76
20,2321,TATAGOLD,EQ,20153806,16512331,81.93
20,2322,TATAINVEST,EQ,38862,17444,44.89
20,2323,TATAMOTORS,EQ,15514419,7535132,48.57
20,2324,TATAPOWER,EQ,13264369,4512031,34.02
20,2325,TATASTEEL,EQ,25571021,9279923,36.29
20,2326,TATATECH,EQ,617622,298645,48.35
20,2327,TATSILV,EQ,1693356,1427621,84.31
20,2328,TATVA,EQ,23206,12151,52.36
20,2329,TBI,ST,17400,16800,96.55
20,2330,TBOTEK,EQ,413063,400579,96.98
20,2331,TBZ,EQ,232266,89949,38.73
20,2332,TCHF30,NB,98,88,89.80
20,2333,TCI,EQ,765264,112136,14.65
20,2334,TCIEXP,EQ,36732,22372,60.91
20,2335,TCL,SM,21600,15200,70.37
20,2336,TCPLPACK,EQ,3738,2080,55.64
20,2337,TCS,EQ,2269192,1490900,65.70
20,2338,TDPOWERSYS,EQ,686015,434492,63.34
20,2339,TEAMLEASE,EQ,28949,17546,60.61
20,2340,TECH,EQ,31812,28346,89.10
20,2341,TECHERA,SM,241600,164800,68.21
20,2342,TECHLABS,SM,64250,44375,69.07
20,2343,TECHM,EQ,2746587,1356372,49.38
20,2344,TECHNOE,EQ,71321,41770,58.57
20,2345,TEGA,EQ,68249,26278,38.50
20,2346,TEJASNET,EQ,1129423,413375,36.60
20,2347,TERASOFT,EQ,61248,32486,53.04
20,2348,TEXINFRA,EQ,291235,118283,40.61
20,2349,TEXMOPIPES,EQ,29058,16219,55.82
20,2350,TEXRAIL,EQ,4106355,1362594,33.18
20,2351,TFCILTD,EQ,432468,217194,50.22
20,2352,TGBHOTELS,EQ,69595,39221,56.36
20,2353,TGL,ST,14200,14200,100.00
20,2354,THANGAMAYL,EQ,34629,12825,37.04
20,2355,THEINVEST,EQ,20497,7717,37.65
20,2356,THEJO,EQ,2471,1320,53.42
20,2357,THEMISMED,EQ,88442,43809,49.53
20,2358,THERMAX,EQ,45314,21502,47.45
20,2359,THESL,SM,42000,36000,85.71
20,2360,THOMASCOOK,EQ,598032,393454,65.79
20,2361,THOMASCOTT,EQ,70295,47588,67.70
20,2362,THYROCARE,EQ,183910,110286,59.97
20,2363,TI,EQ,569818,234303,41.12
20,2364,TIIL,EQ,5853,2705,46.22
20,2365,TIINDIA,EQ,219687,78007,35.51
20,2366,TIMESCAN,SM,8000,6000,75.00
20,2367,TIMESGTY,EQ,34543,17275,50.01
20,2368,TIMETECHNO,EQ,769223,306973,39.91
20,2369,TIMKEN,EQ,90291,42670,47.26
20,2370,TIPSFILMS,EQ,4506,2692,59.74
20,2371,TIPSMUSIC,EQ,553820,284012,51.28
20,2372,TIRUMALCHM,EQ,126996,70724,55.69
20,2373,TITAGARH,EQ,1125031,334084,29.70
20,2374,TITAN,EQ,1122152,534669,47.65
20,2375,TMB,EQ,115774,70829,61.18
20,2376,TNIDETF,EQ,67651,52365,77.40
20,2377,TNPETRO,EQ,107006,56971,53.24
20,2378,TNPL,EQ,71680,38453,53.65
20,2379,TNTELE,EQ,62919,40174,63.85
20,2380,TOKYOPLAST,EQ,22321,9058,40.58
20,2381,TOLINS,EQ,69539,38606,55.52
20,2382,TOP100CASE,EQ,512746,455187,88.77
20,2383,TOP10ADD,EQ,331335,321119,96.92
20,2384,TORNTPHARM,EQ,1149132,830658,72.29
20,2385,TORNTPOWER,EQ,217523,105941,48.70
20,2386,TOTAL,EQ,3702,2939,79.39
20,2387,TOUCHWOOD,EQ,1040,801,77.02
20,2388,TPHQ,EQ,3901155,2788912,71.49
20,2389,TRACXN,EQ,222008,84445,38.04
20,2390,TRANSTEEL,SM,30000,24000,80.00
20,2391,TRANSWORLD,EQ,109688,49266,44.91
20,2392,TREL,EQ,441173,166745,37.80
20,2393,TRENT,EQ,681708,402498,59.04
20,2394,TRF,EQ,7825,4637,59.26
20,2395,TRIDENT,EQ,5115354,1853306,36.23
20,2396,TRIDHYA,SM,525000,111000,21.14
20,2397,TRIGYN,EQ,45146,27256,60.37
20,2398,TRITURBINE,EQ,574043,190731,33.23
20,2399,TRIVENI,EQ,288776,97116,33.63
20,2400,TROM,SM,30000,21000,70.00
20,2401,TRUST,SM,133800,97800,73.09
20,2402,TTKHLTCARE,EQ,4737,1432,30.23
20,2403,TTKPRESTIG,EQ,38298,12465,32.55
20,2404,TTL,EQ,433614,137402,31.69
20,2405,TTML,EQ,3553228,934511,26.30
20,2406,TUNWAL,SM,118000,74000,62.71
20,2407,TVSMOTOR,EQ,791508,380731,48.10
20,2408,TVSSCS,EQ,351829,152747,43.42
20,2409,TVSSRICHAK,EQ,2154,1237,57.43
20,2410,TVTODAY,EQ,89900,49594,55.17
20,2411,UBL,EQ,198985,141076,70.90
20,2412,UCAL,EQ,9455,5140,54.36
20,2413,UCL-RE,ST,200,200,100.00
20,2414,UCOBANK,EQ,3579786,1137296,31.77
20,2415,UDAICEMENT,EQ,278172,148784,53.49
20,2416,UDS,EQ,623485,293977,47.15
20,2417,UFLEX,EQ,67864,31128,45.87
20,2418,UFO,EQ,94126,53923,57.29
20,2419,UGARSUGAR,EQ,93206,37770,40.52
20,2420,UGROCAP,EQ,100136,40553,40.50
20,2421,UHTL,ST,292000,278000,95.21
20,2422,UJJIVANSFB,EQ,11384907,3846982,33.79
20,2423,ULTRACEMCO,EQ,276984,180209,65.06
20,2424,UMA,SM,16000,12000,75.00
20,2425,UMESLTD,EQ,193193,126615,65.54
20,2426,UNICHEMLAB,EQ,103900,29471,28.36
20,2427,UNIDT,EQ,7152,3571,49.93
20,2428,UNIECOM,EQ,624418,274916,44.03
20,2429,UNIENTER,EQ,2023,1126,55.66
20,2430,UNIHEALTH,SM,2000,2000,100.00
20,2431,UNIINFO,EQ,78546,55304,70.41
20,2432,UNILEX,SM,35200,35200,100.00
20,2433,UNIONBANK,EQ,10185394,5572369,54.71
20,2434,UNIPARTS,EQ,46918,30555,65.12
20,2435,UNITDSPR,EQ,444771,236472,53.17
20,2436,UNITEDTEA,EQ,5957,3335,55.98
20,2437,UNIVASTU,EQ,21357,13447,62.96
20,2438,UNIVCABLES,EQ,17570,7980,45.42
20,2439,UNIVPHOTO,EQ,1422,160,11.25
20,2440,UNOMINDA,EQ,562208,242434,43.12
20,2441,UPL,EQ,1334874,469223,35.15
20,2442,URBAN,ST,4800,4800,100.00
20,2443,USHAFIN,ST,324000,315200,97.28
20,2444,USHAMART,EQ,664413,177211,26.67
20,2445,USK,EQ,154637,106304,68.74
20,2446,UTIAMC,EQ,884292,226095,25.57
20,2447,UTIBANKETF,EQ,1485653,1466749,98.73
20,2448,UTINEXT50,EQ,221139,146912,66.43
20,2449,UTINIFTETF,EQ,118809,69462,58.47
20,2450,UTISENSETF,EQ,5052,3708,73.40
20,2451,UTISXN50,EQ,13346,7109,53.27
20,2452,UTKARSHBNK,EQ,1693121,694531,41.02
20,2453,UTSSAV,ST,532200,501600,94.25
20,2454,UTTAMSUGAR,EQ,33862,14954,44.16
20,2455,UYFINCORP,EQ,158688,91954,57.95
20,2456,VADILALIND,EQ,4594,1813,39.46
20,2457,VAIBHAVGBL,EQ,260288,117173,45.02
20,2458,VAKRANGEE,EQ,5120143,2980936,58.22
20,2459,VAL30IETF,EQ,83259,81147,97.46
20,2460,VALIANTLAB,EQ,51050,13530,26.50
20,2461,VALIANTORG,EQ,29913,16460,55.03
20,2462,VARDHACRLC,EQ,23478,13381,56.99
20,2463,VARROC,EQ,103805,38231,36.83
20,2464,VASCONEQ,EQ,471550,267767,56.78
20,2465,VBL,EQ,7612446,4572101,60.06
20,2466,VDEAL,SM,6000,4800,80.00
20,2467,VEDL,EQ,5030700,1817850,36.14
20,2468,VEEDOL,EQ,10967,5370,48.97
20,2469,VEEKAYEM,ST,1500,1500,100.00
20,2470,VELS,SM,1200,1200,100.00
20,2471,VENKEYS,EQ,38225,15887,41.56
20,2472,VENUSPIPES,EQ,26091,13681,52.44
20,2473,VENUSREM,EQ,14430,9505,65.87
20,2474,VERA,SM,4500,4500,100.00
20,2475,VERANDA,EQ,171806,65640,38.21
20,2476,VERITAAS,SM,2400,1200,50.00
20,2477,VERTOZ,EQ,10264200,5821783,56.72
20,2478,VESUVIUS,EQ,8802,4119,46.80
20,2479,VGUARD,EQ,1246115,350600,28.14
20,2480,VHL,EQ,1265,716,56.60
20,2481,VIDHIING,EQ,4385,3162,72.11
20,2482,VIESL,SM,80800,55200,68.32
20,2483,VIJAYA,EQ,287293,64879,22.58
20,2484,VIJIFIN,EQ,545466,462722,84.83
20,2485,VIKASECO,EQ,5355421,2482484,46.35
20,2486,VIKASLIFE,EQ,5370739,2832553,52.74
20,2487,VILAS,ST,75000,72250,96.33
20,2488,VILINBIO,SM,20000,16000,80.00
20,2489,VIMTALABS,EQ,22201,12237,55.12
20,2490,VINATIORGA,EQ,55351,31288,56.53
20,2491,VINCOFE,EQ,921656,736785,79.94
20,2492,VINDHYATEL,EQ,33011,21757,65.91
20,2493,VINEETLAB,EQ,18954,8818,46.52
20,2494,VINSYS,SM,5500,4500,81.82
20,2495,VINYAS,ST,3800,3400,89.47
20,2496,VINYLINDIA,EQ,10072,6147,61.03
20,2497,VIPIND,EQ,221591,76179,34.38
20,2498,VIRINCHI,EQ,149334,87300,58.46
20,2499,VISAKAIND,EQ,68353,37880,55.42
20,2500,VISAMAN,SM,3000,3000,100.00
20,2501,VISHNU,EQ,586665,228290,38.91
20,2502,VISHNUINFR,ST,5000,5000,100.00
20,2503,VISHWARAJ,EQ,637304,400867,62.90
20,2504,VISHWAS,SM,4800,4800,100.00
20,2505,VITAL,SM,25200,24000,95.24
20,2506,VIVIANA,ST,4000,4000,100.00
20,2507,VIVIDHA,EQ,1859107,1232111,66.27
20,2508,VIVO,ST,3200,3200,100.00
20,2509,VLINFRA,ST,54000,54000,100.00
20,2510,VLSFINANCE,EQ,52688,26729,50.73
20,2511,VMARCIND,ST,16750,16750,100.00
20,2512,VMART,EQ,54748,15265,27.88
20,2513,VOLTAMP,EQ,46507,22578,48.55
20,2514,VOLTAS,EQ,1508628,478836,31.74
20,2515,VPRPL,EQ,954253,381854,40.02
20,2516,VR,ST,2800,2800,100.00
20,2517,VRAJ,EQ,133774,58361,43.63
20,2518,VRLLOG,EQ,40781,18616,45.65
20,2519,VSCL,SM,12000,12000,100.00
20,2520,VSSL,EQ,37967,19364,51.00
20,2521,VSTIND,EQ,326800,117232,35.87
20,2522,VSTL,EQ,18159,8761,48.25
20,2523,VSTTILLERS,EQ,42107,8187,19.44
20,2524,VTL,EQ,146887,59320,40.38
20,2525,WAAREEENER,EQ,12683686,1915266,15.10
20,2526,WABAG,EQ,260437,125713,48.27
20,2527,WALCHANNAG,EQ,996552,526086,52.79
20,2528,WALPAR,SM,4000,4000,100.00
20,2529,WCIL,EQ,242186,129695,53.55
20,2530,WEBELSOLAR,EQ,1268369,489090,38.56
20,2531,WEIZMANIND,EQ,22561,12064,53.47
20,2532,WEL,EQ,86764,12165,14.02
20,2533,WELCORP,EQ,1770705,991468,55.99
20,2534,WELENT,EQ,203155,108471,53.39
20,2535,WELINV,EQ,427,274,64.17
20,2536,WELSPUNLIV,EQ,3635690,1441834,39.66
20,2537,WENDT,EQ,290,149,51.38
20,2538,WESTLIFE,EQ,59468,29927,50.32
20,2539,WEWIN,EQ,6151,2755,44.79
20,2540,WHEELS,EQ,41899,26263,62.68
20,2541,WHIRLPOOL,EQ,109753,69203,63.05
20,2542,WILLAMAGOR,EQ,13194,8736,66.21
20,2543,WINDLAS,EQ,72891,38382,52.66
20,2544,WINDMACHIN,EQ,254531,167680,65.88
20,2545,WINNY,SM,1000,1000,100.00
20,2546,WINSOL,SM,36800,18400,50.00
20,2547,WIPL,EQ,2583,1484,57.45
20,2548,WIPRO,EQ,4927780,1781415,36.15
20,2549,WOCKPHARMA,EQ,1350729,624941,46.27
20,2550,WOL3D,SM,5000,3000,60.00
20,2551,WOMANCART,ST,3200,3200,100.00
20,2552,WONDERLA,EQ,41516,24940,60.07
20,2553,WORTH,EQ,9778,6476,66.23
20,2554,WSI,EQ,61522,28226,45.88
20,2555,WSTCSTPAPR,EQ,66920,29445,44.00
20,2556,WTICAB,SM,23500,20000,85.11
20,2557,XCHANGING,EQ,168244,80798,48.02
20,2558,XPROINDIA,EQ,15809,7912,50.05
20,2559,XTGLOBAL,EQ,16374,7138,43.59
20,2560,YAARI,EQ,190994,110373,57.79
20,2561,YASHO,EQ,5445,3346,61.45
20,2562,YATHARTH,EQ,396684,152956,38.56
20,2563,YATRA,EQ,125718,70108,55.77
20,2564,YCCL,SM,12000,12000,100.00
20,2565,YESBANK,EQ,68193071,23580522,34.58
20,2566,YUDIZ,SM,12000,9600,80.00
20,2567,YUKEN,EQ,3265,1841,56.39
20,2568,ZEAL,SM,19200,15600,81.25
20,2569,ZEEL,EQ,4256608,1948470,45.78
20,2570,ZEELEARN,EQ,3384117,1666203,49.24
20,2571,ZENITHDRUG,ST,24800,22400,90.32
20,2572,ZENSARTECH,EQ,2263937,540084,23.86
20,2573,ZENTEC,EQ,1004766,358298,35.66
20,2574,ZFCVINDIA,EQ,5146,2149,41.76
20,2575,ZIMLAB,EQ,11074,5886,53.15
20,2576,ZODIACLOTH,EQ,9415,5962,63.32
20,2577,ZOMATO,EQ,49186567,23221009,47.21
20,2578,ZOTA,EQ,9372,4847,51.72
20,2579,ZTECH,ST,17700,17700,100.00
20,2580,ZUARI,EQ,79510,42576,53.55
20,2581,ZUARIIND,EQ,99053,56820,57.36
20,2582,ZYDUSLIFE,EQ,1190497,633206,53.19
20,2583,ZYDUSWELL,EQ,41816,26089,62.39
