Security Wise Delivery Position - Compulsory Rolling Settlement
10,MTO,22112023,1199587917,0002303
Trade Date <22-NOV-2023>,Settlement Type <N>
Record Type,Sr No,Name of Security,Quantity Traded,Deliverable Quantity(gross across client level),% of Deliverable Quantity to Traded Quantity
20,1,182D020524,TB,200,200,100.00
20,2,182D071223,TB,400,400,100.00
20,3,182D090524,TB,3300,2700,81.82
20,4,182D160524,TB,400,400,100.00
20,5,182D180424,TB,5300,5300,100.00
20,6,182D210324,TB,100,100,100.00
20,7,182D211223,TB,500,500,100.00
20,8,182D301123,TB,200,200,100.00
20,9,21STCENMGM,EQ,19828,17613,88.83
20,10,360ONE,EQ,165069,84837,51.39
20,11,364D010824,TB,100,100,100.00
20,12,364D050924,TB,500,500,100.00
20,13,364D060624,TB,500,500,100.00
20,14,364D071124,TB,200,200,100.00
20,15,364D090524,TB,1500,1500,100.00
20,16,364D101024,TB,400,400,100.00
20,17,364D120924,TB,200,200,100.00
20,18,364D141124,TB,1500,1500,100.00
20,19,364D290224,TB,500,500,100.00
20,20,3IINFOLTD,EQ,2781674,1303942,46.88
20,21,3MINDIA,EQ,1248,462,37.02
20,22,3PLAND,EQ,70140,21355,30.45
20,23,563GS2026,GS,5,5,100.00
20,24,574GS2026,GS,1365,1000,73.26
20,25,585GS2030,GS,500,500,100.00
20,26,5PAISA,EQ,58559,25103,42.87
20,27,610GS2031,GS,2999,2998,99.97
20,28,618GS2024,GS,84,84,100.00
20,29,63MOONS,EQ,296298,189880,64.08
20,30,654GS2032,GS,7096,7096,100.00
20,31,667GS2050,GS,1182,1181,99.92
20,32,669GS2024,GS,316,316,100.00
20,33,676GS2061,GS,1010,1000,99.01
20,34,695GS2061,GS,2976,2976,100.00
20,35,699GS2026,GS,101,101,100.00
20,36,699GS2051,GS,5,4,80.00
20,37,706GS2028,GS,31283,31283,100.00
20,38,710GS2029,GS,7811,7811,100.00
20,39,717GS2030,GS,6904,6903,99.99
20,40,718GS2033,GS,2100,1950,92.86
20,41,718GS2037,GS,1506,1502,99.73
20,42,725GS2063,GS,1926,1916,99.48
20,43,726GS2032,GS,6001,6001,100.00
20,44,726GS2033,GS,55,55,100.00
20,45,732GS2030,GS,5204,5204,100.00
20,46,736GS2052,GS,6056,5056,83.49
20,47,737GS2028,GS,2700,2600,96.30
20,48,738GS2027,GS,9429,9428,99.99
20,49,73GS2053,GS,2000,2000,100.00
20,50,741GS2036,GS,16308,14707,90.18
20,51,74GS2062,GS,5,5,100.00
20,52,754GS2036,GS,670079,643658,96.06
20,53,757GS2033,GS,600,600,100.00
20,54,795GS2032,GS,348,348,100.00
20,55,826GS2027,GS,485,485,100.00
20,56,883GS2041,GS,5,5,100.00
20,57,91D010224,TB,500,500,100.00
20,58,91D071223,TB,1000,1000,100.00
20,59,91D080224,TB,900,900,100.00
20,60,91D110124,TB,100,100,100.00
20,61,91D141223,TB,300,300,100.00
20,62,91D150224,TB,200,200,100.00
20,63,91D211223,TB,300,300,100.00
20,64,92GS2030,GS,4087,4087,100.00
20,65,AAATECH,EQ,114907,69021,60.07
20,66,AAKASH,EQ,290832,212156,72.95
20,67,AARON,EQ,5040,3276,65.00
20,68,AARTIDRUGS,EQ,462620,91150,19.70
20,69,AARTIIND,EQ,632616,341838,54.04
20,70,AARTIPHARM,EQ,95266,49250,51.70
20,71,AARTIPP,E1,73,72,98.63
20,72,AARTISURF,EQ,11058,7425,67.15
20,73,AARVEEDEN,EQ,124744,68025,54.53
20,74,AARVI,EQ,7424,4059,54.67
20,75,AATMAJ,SM,42000,36000,85.71
20,76,AAVAS,EQ,106766,56008,52.46
20,77,ABB,EQ,176385,62649,35.52
20,78,ABBOTINDIA,EQ,5685,2591,45.58
20,79,ABCAPITAL,EQ,4842954,2562998,52.92
20,80,ABFL,N0,60,60,100.00
20,81,ABFRL,EQ,1575908,596818,37.87
20,82,ABINFRA,SM,20000,16000,80.00
20,83,ABSLAMC,EQ,32960,20690,62.77
20,84,ABSLBANETF,EQ,43343,32814,75.71
20,85,ABSLLIQUID,EQ,891,804,90.24
20,86,ABSLNN50ET,EQ,7016,5383,76.72
20,87,ACC,EQ,313236,152301,48.62
20,88,ACCELYA,EQ,16362,10145,62.00
20,89,ACE,EQ,119795,58331,48.69
20,90,ACEINTEG,EQ,27456,4598,16.75
20,91,ACI,EQ,177263,100529,56.71
20,92,ACL,EQ,19199,10722,55.85
20,93,ACSAL,SM,45000,36000,80.00
20,94,ADANIENSOL,EQ,151126,71984,47.63
20,95,ADANIENT,EQ,1247205,303440,24.33
20,96,ADANIGREEN,EQ,288736,136151,47.15
20,97,ADANIPORTS,EQ,3212329,1638928,51.02
20,98,ADANIPOWER,EQ,10626256,6413491,60.36
20,99,ADFFOODS,EQ,69468,34100,49.09
20,100,ADORWELD,EQ,26358,9942,37.72
20,101,ADSL,EQ,188121,79239,42.12
20,102,ADVANIHOTR,EQ,74817,35842,47.91
20,103,ADVENZYMES,EQ,1032069,301694,29.23
20,104,AEGISCHEM,EQ,5352908,1333541,24.91
20,105,AEROFLEX,EQ,317844,139312,43.83
20,106,AETHER,EQ,173447,138900,80.08
20,107,AFFLE,EQ,150018,78855,52.56
20,108,AGARIND,EQ,21567,8645,40.08
20,109,AGARWALFT,SM,3000,3000,100.00
20,110,AGI,EQ,129257,61391,47.50
20,111,AGNI,SM,10000,5000,50.00
20,112,AGRITECH,EQ,82811,35674,43.08
20,113,AGROPHOS,EQ,313901,174784,55.68
20,114,AGSTRA,EQ,1070513,600446,56.09
20,115,AGUL,ST,6000,6000,100.00
20,116,AHL,EQ,69915,27247,38.97
20,117,AHLADA,EQ,30607,16616,54.29
20,118,AHLEAST,EQ,4962,3873,78.05
20,119,AHLUCONT,EQ,85595,35918,41.96
20,120,AIAENG,EQ,225987,198105,87.66
20,121,AIROLAM,EQ,21795,15038,69.00
20,122,AIRTELPP,E1,181066,157343,86.90
20,123,AISL,SM,4800,4800,100.00
20,124,AJANTPHARM,EQ,108420,45279,41.76
20,125,AJMERA,EQ,113159,38753,34.25
20,126,AJOONI,EQ,268423,180955,67.41
20,127,AKASH,EQ,27007,17043,63.11
20,128,AKG,EQ,1307398,474201,36.27
20,129,AKSHAR,EQ,12157882,7082712,58.26
20,130,AKSHARCHEM,EQ,4905,3726,75.96
20,131,AKZOINDIA,EQ,7870,3968,50.42
20,132,ALANKIT,EQ,1869904,1213915,64.92
20,133,ALBERTDAVD,EQ,38195,22670,59.35
20,134,ALEMBICLTD,EQ,1643814,673893,41.00
20,135,ALICON,EQ,4267,2469,57.86
20,136,ALKALI,EQ,131708,77779,59.05
20,137,ALKEM,EQ,398114,187897,47.20
20,138,ALKYLAMINE,EQ,23620,10500,44.45
20,139,ALLCARGO,EQ,301518,156779,52.00
20,140,ALLETEC,SM,29600,20000,67.57
20,141,ALLSEC,EQ,15737,10188,64.74
20,142,ALMONDZ,EQ,59064,52201,88.38
20,143,ALOKINDS,EQ,17743544,5598335,31.55
20,144,ALPA,EQ,1303181,417850,32.06
20,145,ALPHAETF,EQ,12380,8560,69.14
20,146,ALPHAGEO,EQ,5387,2890,53.65
20,147,ALPSINDUS,EQ,64095,44107,68.82
20,148,AMBANIORG,SM,9000,9000,100.00
20,149,AMBER,EQ,63539,13125,20.66
20,150,AMBIKCO,EQ,62899,21606,34.35
20,151,AMBUJACEM,EQ,1457858,714271,48.99
20,152,AMDIND,EQ,144066,82995,57.61
20,153,AMEYA,SM,28000,18000,64.29
20,154,AMIORG,EQ,221341,98596,44.54
20,155,AMJLAND,EQ,185925,105504,56.75
20,156,AMNPLST,EQ,10380,8318,80.13
20,157,AMRUTANJAN,EQ,10585,6182,58.40
20,158,ANANDRATHI,EQ,123322,47376,38.42
20,159,ANANTRAJ,EQ,903709,359703,39.80
20,160,ANDHRAPAP,EQ,86345,45770,53.01
20,161,ANDHRSUGAR,EQ,90590,49366,54.49
20,162,ANGELONE,EQ,732561,133742,18.26
20,163,ANIKINDS,EQ,164673,91134,55.34
20,164,ANLON,SM,2800,2800,100.00
20,165,ANMOL,EQ,433885,188781,43.51
20,166,ANNAPURNA,SM,66500,52000,78.20
20,167,ANTGRAPHIC,EQ,382181,382181,100.00
20,168,ANUP,EQ,21393,9133,42.69
20,169,ANURAS,EQ,146759,70210,47.84
20,170,APARINDS,EQ,123771,47263,38.19
20,171,APCL,EQ,15849,9362,59.07
20,172,APCOTEXIND,EQ,73020,30978,42.42
20,173,APEX,EQ,68305,33219,48.63
20,174,APLAPOLLO,EQ,1084370,482117,44.46
20,175,APLLTD,EQ,86107,52794,61.31
20,176,APOLLOHOSP,EQ,302473,88093,29.12
20,177,APOLLOPIPE,EQ,26209,13449,51.31
20,178,APOLLOTYRE,EQ,672426,294803,43.84
20,179,APOLSINHOT,EQ,3336,2314,69.36
20,180,APTECHT,EQ,494429,232854,47.10
20,181,APTUS,EQ,780462,629303,80.63
20,182,ARABIAN,SM,244000,146000,59.84
20,183,ARCHIES,EQ,68252,29393,43.07
20,184,ARE&M,EQ,338176,210362,62.20
20,185,ARHAM,SM,54000,37000,68.52
20,186,ARIES,EQ,95876,51149,53.35
20,187,ARIHANTACA,SM,10400,9600,92.31
20,188,ARIHANTCAP,EQ,462136,300946,65.12
20,189,ARIHANTSUP,EQ,71526,36874,51.55
20,190,ARISTO,SM,11200,9600,85.71
20,191,ARMANFIN,EQ,23257,11780,50.65
20,192,ARROWGREEN,EQ,37031,15210,41.07
20,193,ARSHIYA,EQ,4703948,3333919,70.87
20,194,ARTEMISMED,EQ,257048,124359,48.38
20,195,ARTNIRMAN,EQ,9779,1420,14.52
20,196,ARVEE,EQ,3566,1432,40.16
20,197,ARVIND,EQ,1472317,488201,33.16
20,198,ARVINDFASN,EQ,596272,299534,50.23
20,199,ARVSMART,EQ,175797,83255,47.36
20,200,ASAHIINDIA,EQ,60238,26821,44.53
20,201,ASAHISONG,EQ,17422,9576,54.96
20,202,ASAL,EQ,117506,49140,41.82
20,203,ASALCBR,EQ,41940,26599,63.42
20,204,ASHIANA,EQ,103063,50515,49.01
20,205,ASHIMASYN,EQ,155664,113390,72.84
20,206,ASHOKA,EQ,1834286,772871,42.13
20,207,ASHOKAMET,EQ,141583,54607,38.57
20,208,ASHOKLEY,EQ,15082128,5137907,34.07
20,209,ASIANENE,EQ,41428,22445,54.18
20,210,ASIANPAINT,EQ,489889,239970,48.98
20,211,ASIANTILES,EQ,829698,340890,41.09
20,212,ASKAUTOLTD,EQ,894399,554673,62.02
20,213,ASLIND,ST,4000,4000,100.00
20,214,ASPINWALL,EQ,3812,2291,60.10
20,215,ASTEC,EQ,8395,3679,43.82
20,216,ASTERDM,EQ,409597,211271,51.58
20,217,ASTRAL,EQ,517972,190620,36.80
20,218,ASTRAMICRO,EQ,242371,91463,37.74
20,219,ASTRAZEN,EQ,4433,2121,47.85
20,220,ATAM,EQ,104503,59932,57.35
20,221,ATFL,EQ,5240,3755,71.66
20,222,ATGL,EQ,311802,155739,49.95
20,223,ATL,EQ,1088044,651559,59.88
20,224,ATLANTA,EQ,188778,148700,78.77
20,225,ATUL,EQ,25523,15047,58.95
20,226,ATULAUTO,EQ,261349,113467,43.42
20,227,AUBANK,EQ,1502045,416882,27.75
20,228,AURDIS,SM,10000,9500,95.00
20,229,AUROIMPEX,SM,65600,56000,85.37
20,230,AUROPHARMA,EQ,3502535,1140924,32.57
20,231,AURUM,EQ,45479,34585,76.05
20,232,AURUMPP,E1,14246,12825,90.03
20,233,AUTOAXLES,EQ,12968,8732,67.33
20,234,AUTOBEES,EQ,45246,34042,75.24
20,235,AVADHSUGAR,EQ,65247,27672,42.41
20,236,AVALON,EQ,87962,46008,52.30
20,237,AVANTIFEED,EQ,98635,49230,49.91
20,238,AVG,EQ,125881,57078,45.34
20,239,AVONMORE,EQ,14279,8189,57.35
20,240,AVROIND,EQ,77550,47850,61.70
20,241,AVSL,ST,3000,3000,100.00
20,242,AVTNPL,EQ,164363,79664,48.47
20,243,AWHCL,EQ,465304,187299,40.25
20,244,AWL,EQ,1782582,685268,38.44
20,245,AXISBANK,EQ,6103988,2689784,44.07
20,246,AXISBNKETF,EQ,551,403,73.14
20,247,AXISBPSETF,EQ,41387,36557,88.33
20,248,AXISCADES,EQ,157954,99728,63.14
20,249,AXISCETF,EQ,293,179,61.09
20,250,AXISGOLD,EQ,2920151,2872749,98.38
20,251,AXISHCETF,EQ,3796,2236,58.90
20,252,AXISILVER,EQ,11768,8357,71.01
20,253,AXISNIFTY,EQ,4307,3493,81.10
20,254,AXISTECETF,EQ,3571,3166,88.66
20,255,AXITA,EQ,3744338,2122792,56.69
20,256,AXSENSEX,EQ,974,397,40.76
20,257,AYMSYNTEX,EQ,29981,22583,75.32
20,258,BABAFP,ST,260800,252800,96.93
20,259,BAHETI,SM,4500,3750,83.33
20,260,BAJAJ-AUTO,EQ,497403,290079,58.32
20,261,BAJAJCON,EQ,210916,112808,53.48
20,262,BAJAJELEC,EQ,30391,12588,41.42
20,263,BAJAJFINSV,EQ,807316,396578,49.12
20,264,BAJAJHCARE,EQ,108032,34963,32.36
20,265,BAJAJHIND,EQ,10978969,5843338,53.22
20,266,BAJAJHLDNG,EQ,27197,13709,50.41
20,267,BAJFINANCE,EQ,1041404,575302,55.24
20,268,BALAJITELE,EQ,160559,86077,53.61
20,269,BALAMINES,EQ,26349,15249,57.87
20,270,BALAXI,EQ,1400,763,54.50
20,271,BALKRISHNA,EQ,45751,28437,62.16
20,272,BALKRISIND,EQ,231313,78484,33.93
20,273,BALMLAWRIE,EQ,546507,324769,59.43
20,274,BALPHARMA,EQ,61165,28773,47.04
20,275,BALRAMCHIN,EQ,2639918,849632,32.18
20,276,BANARBEADS,EQ,6823,3378,49.51
20,277,BANARISUG,EQ,602,386,64.12
20,278,BANCOINDIA,EQ,148741,79629,53.54
20,279,BANDHANBNK,EQ,8961184,4487595,50.08
20,280,BANKA,EQ,36049,12572,34.87
20,281,BANKBARODA,EQ,15231149,6738327,44.24
20,282,BANKBEES,EQ,661659,528626,79.89
20,283,BANKETF,EQ,1003,595,59.32
20,284,BANKINDIA,EQ,9377801,6706791,71.52
20,285,BANSWRAS,EQ,145677,80308,55.13
20,286,BARBEQUE,EQ,123211,61870,50.21
20,287,BASF,EQ,28486,14660,51.46
20,288,BASILIC,SM,488400,285600,58.48
20,289,BASML,EQ,721867,399448,55.34
20,290,BATAINDIA,EQ,293466,72250,24.62
20,291,BAYERCROP,EQ,9644,5074,52.61
20,292,BBETF0432,EQ,1188,617,51.94
20,293,BBL,EQ,10978,6553,59.69
20,294,BBTC,EQ,152820,39533,25.87
20,295,BBTCL,EQ,1897,1012,53.35
20,296,BCG,EQ,12380996,5831374,47.10
20,297,BCLIND,EQ,977824,538607,55.08
20,298,BDL,EQ,421195,160190,38.03
20,299,BECTORFOOD,EQ,198760,83070,41.79
20,300,BEL,EQ,7445272,4617904,62.02
20,301,BEML,EQ,397039,102255,25.75
20,302,BEPL,EQ,6019294,2211335,36.74
20,303,BERGEPAINT,EQ,653479,238826,36.55
20,304,BETA,SM,5100,4500,88.24
20,305,BEWLTD,SM,1000,1000,100.00
20,306,BFINVEST,EQ,200655,63473,31.63
20,307,BFSI,EQ,329012,275579,83.76
20,308,BFUTILITIE,EQ,272481,140674,51.63
20,309,BGRENERGY,EQ,2386813,763804,32.00
20,310,BHAGCHEM,EQ,3138,1546,49.27
20,311,BHAGERIA,EQ,16030,10617,66.23
20,312,BHARATFORG,EQ,909485,360408,39.63
20,313,BHARATGEAR,EQ,267047,98216,36.78
20,314,BHARATRAS,EQ,658,400,60.79
20,315,BHARATWIRE,EQ,682560,449258,65.82
20,316,BHARTIARTL,EQ,3309732,2361084,71.34
20,317,BHEL,EQ,14276386,6557971,45.94
20,318,BIGBLOC,EQ,37491,22008,58.70
20,319,BIKAJI,EQ,219187,102237,46.64
20,320,BIL,EQ,2636,1641,62.25
20,321,BIOCON,EQ,2803434,1238012,44.16
20,322,BIOFILCHEM,EQ,10408,4440,42.66
20,323,BIRET,RR,224942,217324,96.61
20,324,BIRLACABLE,EQ,49252,31074,63.09
20,325,BIRLACORPN,EQ,58440,30371,51.97
20,326,BIRLAMONEY,EQ,1502180,319343,21.26
20,327,BLAL,EQ,312745,162219,51.87
20,328,BLBLIMITED,EQ,108164,71693,66.28
20,329,BLISSGVS,EQ,741852,344441,46.43
20,330,BLKASHYAP,EQ,2228647,1209117,54.25
20,331,BLS,EQ,2161998,465383,21.53
20,332,BLUEDART,EQ,4403,2015,45.76
20,333,BLUEJET,EQ,208898,118478,56.72
20,334,BLUESTARCO,EQ,168860,44919,26.60
20,335,BMETRICS,SM,4800,4000,83.33
20,336,BODALCHEM,EQ,140076,75852,54.15
20,337,BOMDYEING,EQ,10330656,2963414,28.69
20,338,BOROLTD,EQ,110702,52999,47.88
20,339,BORORENEW,EQ,121963,62527,51.27
20,340,BOSCHLTD,EQ,59486,20461,34.40
20,341,BPCL,EQ,12865332,4213468,32.75
20,342,BRIGADE,EQ,313959,210745,67.13
20,343,BRIGHT,SM,60000,57000,95.00
20,344,BRITANNIA,EQ,72533,36007,49.64
20,345,BRITANNIA,N3,2970,2711,91.28
20,346,BRNL,EQ,72283,46606,64.48
20,347,BSE,EQ,2660338,813356,30.57
20,348,BSHSL,EQ,8862,5390,60.82
20,349,BSL,EQ,4952,2448,49.43
20,350,BSLGOLDETF,EQ,14198,8702,61.29
20,351,BSLNIFTY,EQ,43417,25304,58.28
20,352,BSLSENETFG,EQ,1191,663,55.67
20,353,BSOFT,EQ,1718394,470055,27.35
20,354,BTML,EQ,154442,72601,47.01
20,355,BUTTERFLY,EQ,6299,3275,51.99
20,356,CADSYS,SM,28000,24000,85.71
20,357,CALSOFT,EQ,25323,16821,66.43
20,358,CAMLINFINE,EQ,264492,154313,58.34
20,359,CAMPUS,EQ,1029070,519694,50.50
20,360,CAMS,EQ,300305,118252,39.38
20,361,CANARYS,SM,216000,184000,85.19
20,362,CANBK,EQ,3138570,633068,20.17
20,363,CANFINHOME,EQ,233945,67498,28.85
20,364,CANTABIL,EQ,52485,8811,16.79
20,365,CAPACITE,EQ,1335464,526821,39.45
20,366,CAPLIPOINT,EQ,180663,73579,40.73
20,367,CAPTRUST,EQ,26823,7505,27.98
20,368,CARBORUNIV,EQ,1227028,280278,22.84
20,369,CAREERP,EQ,29465,10274,34.87
20,370,CARERATING,EQ,57096,27893,48.85
20,371,CARTRADE,EQ,133436,53013,39.73
20,372,CARYSIL,EQ,80006,36658,45.82
20,373,CASTROLIND,EQ,1112025,781193,70.25
20,374,CCL,EQ,110665,55055,49.75
20,375,CDSL,EQ,923540,325688,35.27
20,376,CEATLTD,EQ,164523,120832,73.44
20,377,CELLECOR,SM,31200,26400,84.62
20,378,CELLO,EQ,466979,299416,64.12
20,379,CELLPOINT,SM,42000,31200,74.29
20,380,CENTENKA,EQ,67733,37490,55.35
20,381,CENTRALBK,EQ,6524995,2164599,33.17
20,382,CENTRUM,EQ,1015550,625157,61.56
20,383,CENTURYPLY,EQ,34592,17408,50.32
20,384,CENTURYTEX,EQ,203256,78883,38.81
20,385,CERA,EQ,6351,2592,40.81
20,386,CESC,EQ,24076088,6094492,25.31
20,387,CGCL,EQ,145053,43444,29.95
20,388,CGPOWER,EQ,15951070,6547174,41.05
20,389,CHALET,EQ,130699,83427,63.83
20,390,CHAMBLFERT,EQ,2069743,941526,45.49
20,391,CHAVDA,SM,120000,100000,83.33
20,392,CHEMBOND,EQ,51526,20880,40.52
20,393,CHEMCON,EQ,20932,12499,59.71
20,394,CHEMFAB,EQ,9986,5544,55.52
20,395,CHEMPLASTS,EQ,138429,53097,38.36
20,396,CHENNPETRO,EQ,1421211,580135,40.82
20,397,CHEVIOT,EQ,4458,1354,30.37
20,398,CHOICEIN,EQ,140187,27787,19.82
20,399,CHOLAFIN,EQ,1708687,868078,50.80
20,400,CHOLAFIN,N0,40,40,100.00
20,401,CHOLAFIN,N7,100,100,100.00
20,402,CHOLAHLDNG,EQ,129527,87976,67.92
20,403,CIEINDIA,EQ,414105,298211,72.01
20,404,CIGNITITEC,EQ,189146,112624,59.54
20,405,CIPLA,EQ,1735497,377312,21.74
20,406,CLEAN,EQ,38277,21159,55.28
20,407,CLEDUCATE,BO,28600,28600,100.00
20,408,CLEDUCATE,EQ,149077,97996,65.74
20,409,CLOUD,SM,775000,509000,65.68
20,410,CLOUDPP,E1,31200,28800,92.31
20,411,CLSEL,EQ,77660,35672,45.93
20,412,CLSL,SM,24000,20000,83.33
20,413,CMMIPL,ST,12000,12000,100.00
20,414,CMNL,SM,108000,81000,75.00
20,415,CMRSL,SM,800,800,100.00
20,416,CMSINFO,EQ,581136,196446,33.80
20,417,COALINDIA,EQ,7599447,2075877,27.32
20,418,COASTCORP,EQ,97968,57670,58.87
20,419,COCHINSHIP,EQ,985714,264960,26.88
20,420,COFFEEDAY,EQ,7421739,2288003,30.83
20,421,COFORGE,EQ,196944,74014,37.58
20,422,COLPAL,EQ,280718,170245,60.65
20,423,COMMITTED,SM,35200,27200,77.27
20,424,COMPUSOFT,EQ,5326463,1797893,33.75
20,425,CONCOR,EQ,430759,183575,42.62
20,426,CONCORDBIO,EQ,216537,94324,43.56
20,427,CONFIPET,EQ,1849388,797844,43.14
20,428,CONSOFINVT,EQ,22442,9672,43.10
20,429,CONSUMBEES,EQ,20966,16027,76.44
20,430,CONTROLPR,EQ,31991,14169,44.29
20,431,COOLCAPS,SM,1000,750,75.00
20,432,CORALFINAC,EQ,3252754,1215363,37.36
20,433,CORDSCABLE,EQ,88831,36892,41.53
20,434,COROMANDEL,EQ,164645,77272,46.93
20,435,COSMOFIRST,EQ,27988,17237,61.59
20,436,COUNCODOS,EQ,255752,144619,56.55
20,437,CPS,SM,1200,1200,100.00
20,438,CPSEETF,EQ,1116668,710489,63.63
20,439,CRAFTSMAN,EQ,64128,22406,34.94
20,440,CRAYONS,SM,273000,180000,65.93
20,441,CREATIVE,EQ,17706,10869,61.39
20,442,CREATIVEYE,EQ,1730,1730,100.00
20,443,CREDITACC,EQ,273623,111322,40.68
20,444,CREDITACC,N3,200,200,100.00
20,445,CREDITACC,ND,322,322,100.00
20,446,CREST,EQ,80244,47818,59.59
20,447,CRISIL,EQ,38925,15794,40.58
20,448,CROMPTON,EQ,1152652,664908,57.69
20,449,CROWN,EQ,48571,38222,78.69
20,450,CSBBANK,EQ,224875,111637,49.64
20,451,CSLFINANCE,EQ,231102,134372,58.14
20,452,CTE,EQ,49734,34227,68.82
20,453,CUB,EQ,1823396,762031,41.79
20,454,CUMMINSIND,EQ,292692,160969,55.00
20,455,CUPID,EQ,75924,36361,47.89
20,456,CYBERTECH,EQ,2045653,464065,22.69
20,457,CYIENT,EQ,444354,199293,44.85
20,458,CYIENTDLM,EQ,85016,42323,49.78
20,459,DABUR,EQ,680568,418383,61.48
20,460,DALBHARAT,EQ,217410,96603,44.43
20,461,DALMIASUG,EQ,83049,38327,46.15
20,462,DAMODARIND,EQ,65388,28156,43.06
20,463,DATAMATICS,EQ,149820,61932,41.34
20,464,DATAPATTNS,EQ,52813,24816,46.99
20,465,DBCORP,EQ,181416,108523,59.82
20,466,DBL,EQ,2331697,426849,18.31
20,467,DBOL,EQ,111164,70730,63.63
20,468,DBREALTY,EQ,9067080,4253521,46.91
20,469,DCAL,EQ,1255684,525784,41.87
20,470,DCBBANK,EQ,788887,427811,54.23
20,471,DCM,EQ,30415,16488,54.21
20,472,DCMNVL,EQ,513605,212815,41.44
20,473,DCMSHRIRAM,EQ,20081,10804,53.80
20,474,DCMSRIND,EQ,242269,132014,54.49
20,475,DCW,EQ,1742899,931947,53.47
20,476,DCXINDIA,EQ,2299689,711456,30.94
20,477,DECCANCE,EQ,18870,10773,57.09
20,478,DEEPAKFERT,EQ,255886,97494,38.10
20,479,DEEPAKNTR,EQ,129670,42240,32.57
20,480,DEEPENR,EQ,18247,12484,68.42
20,481,DEEPINDS,EQ,117700,55626,47.26
20,482,DELHIVERY,EQ,4806072,3896677,81.08
20,483,DELPHIFX,EQ,2329,1870,80.29
20,484,DELTACORP,EQ,1154109,533731,46.25
20,485,DEN,EQ,2329831,1065657,45.74
20,486,DENEERS,SM,15000,12600,84.00
20,487,DENORA,EQ,33957,17531,51.63
20,488,DENTALKART,SM,11000,9250,84.09
20,489,DEVIT,EQ,53850,38921,72.28
20,490,DEVYANI,EQ,1853822,1197002,64.57
20,491,DGCONTENT,EQ,56173,54033,96.19
20,492,DHAMPURSUG,EQ,289414,109298,37.77
20,493,DHANBANK,EQ,1847999,936125,50.66
20,494,DHANI,EQ,451361,362277,80.26
20,495,DHANILOANS,N7,170,170,100.00
20,496,DHANILOANS,N8,308,277,89.94
20,497,DHANILOANS,NO,364,364,100.00
20,498,DHANILOANS,NU,20,20,100.00
20,499,DHANILOANS,NV,1,1,100.00
20,500,DHANILOANS,NX,147,107,72.79
20,501,DHANILOANS,Y5,115,115,100.00
20,502,DHANUKA,EQ,244193,84772,34.72
20,503,DHARMAJ,EQ,107480,53934,50.18
20,504,DHRUV,EQ,35107,10071,28.69
20,505,DHUNINV,EQ,210689,29892,14.19
20,506,DIAMINESQ,EQ,68673,34896,50.81
20,507,DIAMONDYD,EQ,858904,163882,19.08
20,508,DICIND,EQ,6697,5450,81.38
20,509,DIGIKORE,SM,42400,28000,66.04
20,510,DIGISPICE,EQ,70540,45655,64.72
20,511,DISHTV,EQ,74680323,25339614,33.93
20,512,DIVGIITTS,EQ,23779,12412,52.20
20,513,DIVISLAB,EQ,317027,102106,32.21
20,514,DIVOPPBEES,EQ,25629,17273,67.40
20,515,DIXON,EQ,181977,46776,25.70
20,516,DJML,EQ,1705,983,57.65
20,517,DLF,EQ,2762713,1414929,51.22
20,518,DLINKINDIA,EQ,91632,44487,48.55
20,519,DMART,EQ,200608,110425,55.05
20,520,DMCC,EQ,10813,6210,57.43
20,521,DODLA,EQ,126285,41698,33.02
20,522,DOLATALGO,EQ,265367,129560,48.82
20,523,DOLLAR,EQ,112347,47096,41.92
20,524,DOLLEX,SM,52000,36000,69.23
20,525,DONEAR,EQ,1509930,475821,31.51
20,526,DPABHUSHAN,EQ,2989,2327,77.85
20,527,DPSCLTD,EQ,1625212,921005,56.67
20,528,DPWIRES,EQ,54240,21742,40.08
20,529,DRCSYSTEMS,EQ,821819,430281,52.36
20,530,DREAMFOLKS,EQ,362351,155356,42.87
20,531,DREDGECORP,EQ,1159727,295516,25.48
20,532,DRONE,SM,125000,78000,62.40
20,533,DRREDDY,EQ,424916,209203,49.23
20,534,DSPBANKETF,EQ,8590,6014,70.01
20,535,DSPGOLDETF,EQ,8312,7366,88.62
20,536,DSPITETF,EQ,9037,8664,95.87
20,537,DSPN50ETF,EQ,562,538,95.73
20,538,DSPNEWETF,EQ,2570,1738,67.63
20,539,DSPPSBKETF,EQ,2206,1963,88.98
20,540,DSPPVBKETF,EQ,1672,1329,79.49
20,541,DSPQ50ETF,EQ,8178,6292,76.94
20,542,DSPSENXETF,EQ,844,792,93.84
20,543,DSPSILVETF,EQ,280948,275561,98.08
20,544,DSSL,EQ,10514,6303,59.95
20,545,DTIL,EQ,52461,29736,56.68
20,546,DUCOL,SM,36000,26400,73.33
20,547,DUGLOBAL,SM,45000,27500,61.11
20,548,DVL,EQ,618575,173369,28.03
20,549,DWARKESH,EQ,662957,299643,45.20
20,550,DYCL,EQ,45427,30371,66.86
20,551,DYNAMATECH,EQ,4892,2255,46.10
20,552,DYNAMIC,SM,2000,2000,100.00
20,553,DYNPRO,EQ,20704,12068,58.29
20,554,EASEMYTRIP,EQ,21421112,9485099,44.28
20,555,EBBETF0425,EQ,3695,3349,90.64
20,556,EBBETF0430,EQ,12474,9916,79.49
20,557,EBBETF0431,EQ,5225,4734,90.60
20,558,EBBETF0433,EQ,4048,2622,64.77
20,559,ECLERX,EQ,1350246,121992,9.03
20,560,ECLFINANCE,NJ,8,4,50.00
20,561,ECLFINANCE,NK,100,100,100.00
20,562,ECLFINANCE,NO,15,15,100.00
20,563,ECLFINANCE,NP,35,35,100.00
20,564,ECLFINANCE,NQ,125,125,100.00
20,565,ECLFINANCE,NR,272,228,83.82
20,566,ECLFINANCE,NS,360,360,100.00
20,567,EDELWEISS,EQ,14310038,6731058,47.04
20,568,EFACTOR,SM,54400,40000,73.53
20,569,EGOLD,EQ,475708,473468,99.53
20,570,EICHERMOT,EQ,286194,142463,49.78
20,571,EIDPARRY,EQ,7892514,4435823,56.20
20,572,EIFFL,EQ,19188,15192,79.17
20,573,EIHAHOTELS,EQ,28932,16567,57.26
20,574,EIHOTEL,EQ,865671,448644,51.83
20,575,EIMCOELECO,EQ,5398,3173,58.78
20,576,EKC,EQ,903049,410889,45.50
20,577,ELDEHSG,EQ,2772,2170,78.28
20,578,ELECON,EQ,197053,73894,37.50
20,579,ELECTCAST,EQ,7626063,3343376,43.84
20,580,ELGIEQUIP,EQ,94577,48147,50.91
20,581,ELIN,EQ,140510,61302,43.63
20,582,EMAMILTD,EQ,704848,619904,87.95
20,583,EMAMIPAP,EQ,13429,8429,62.77
20,584,EMAMIREAL,EQ,1283658,536192,41.77
20,585,EMBASSY,RR,556528,479647,86.19
20,586,EMIL,EQ,501069,375942,75.03
20,587,EMKAY,EQ,1057883,289392,27.36
20,588,EMKAYTOOLS,SM,2100,2100,100.00
20,589,EMMBI,EQ,44742,31373,70.12
20,590,EMSLIMITED,EQ,805288,474846,58.97
20,591,EMUDHRA,EQ,59707,27413,45.91
20,592,ENDURANCE,EQ,45225,25539,56.47
20,593,ENERGYDEV,EQ,136701,95816,70.09
20,594,ENGINERSIN,EQ,2940920,1017336,34.59
20,595,ENIL,EQ,58658,25197,42.96
20,596,EPIGRAL,EQ,23509,12049,51.25
20,597,EPL,EQ,1589543,702429,44.19
20,598,EQUITASBNK,EQ,1200331,685977,57.15
20,599,ERFLNCDI,N5,23,23,100.00
20,600,ERFLNCDI,N6,60,60,100.00
20,601,ERIS,EQ,106531,52550,49.33
20,602,EROSMEDIA,EQ,982515,189589,19.30
20,603,ESABINDIA,EQ,3344,1474,44.08
20,604,ESAFSFB,EQ,2816907,1942728,68.97
20,605,ESCORTS,EQ,146531,34022,23.22
20,606,ESFL,SM,234000,165600,70.77
20,607,ESG,EQ,9729,7997,82.20
20,608,ESSENTIA,EQ,19990636,10011845,50.08
20,609,ESTER,EQ,146881,87454,59.54
20,610,ETHOSLTD,EQ,63672,36183,56.83
20,611,EUROBOND,SM,133000,71000,53.38
20,612,EVEREADY,EQ,37409,14971,40.02
20,613,EVERESTIND,EQ,29549,12825,43.40
20,614,EXCELINDUS,EQ,5598,3985,71.19
20,615,EXIDEIND,EQ,2518341,959758,38.11
20,616,EXPLEOSOL,EQ,32326,16015,49.54
20,617,EXXARO,EQ,274549,159117,57.96
20,618,FACT,EQ,361217,119762,33.16
20,619,FAIRCHEMOR,EQ,72006,28224,39.20
20,620,FAZE3Q,EQ,83972,33788,40.24
20,621,FCL,EQ,196330,86444,44.03
20,622,FCSSOFT,EQ,7661495,3240113,42.29
20,623,FDC,EQ,1980126,578500,29.22
20,624,FEDERALBNK,EQ,7738354,3132657,40.48
20,625,FELIX,SM,6000,6000,100.00
20,626,FIBERWEB,EQ,225423,126594,56.16
20,627,FIDEL,SM,5000,4000,80.00
20,628,FIEMIND,EQ,250652,70440,28.10
20,629,FILATEX,EQ,1199648,357430,29.79
20,630,FINCABLES,EQ,531659,302001,56.80
20,631,FINEORG,EQ,18761,10721,57.15
20,632,FINOPB,EQ,94466,57219,60.57
20,633,FINPIPE,EQ,609446,340081,55.80
20,634,FIVESTAR,EQ,156570,67662,43.22
20,635,FLUOROCHEM,EQ,67221,20785,30.92
20,636,FMGOETZE,EQ,90714,38487,42.43
20,637,FOCE,SM,1000,1000,100.00
20,638,FOCUS,EQ,222899,146904,65.91
20,639,FOODSIN,EQ,308250,143004,46.39
20,640,FORTIS,EQ,3811400,1723228,45.21
20,641,FOSECOIND,EQ,2882,1349,46.81
20,642,FROG,SM,100400,75600,75.30
20,643,FSL,EQ,6291993,1620680,25.76
20,644,FUSION,EQ,107171,55356,51.65
20,645,GABRIEL,EQ,375817,175344,46.66
20,646,GAEL,EQ,327503,112388,34.32
20,647,GAIL,EQ,7738964,4462203,57.66
20,648,GALAXYSURF,EQ,12906,4321,33.48
20,649,GALLANTT,EQ,78159,50023,64.00
20,650,GANDHITUBE,EQ,7017,3567,50.83
20,651,GANECOS,EQ,72349,27987,38.68
20,652,GANESHBE,EQ,131245,71189,54.24
20,653,GANESHHOUC,EQ,23988,12099,50.44
20,654,GANGESSECU,EQ,16343,8003,48.97
20,655,GARFIBRES,EQ,10088,5416,53.69
20,656,GATEWAY,EQ,1159287,505170,43.58
20,657,GATI,EQ,410733,180666,43.99
20,658,GAYAHWS,EQ,1204722,1196953,99.36
20,659,GEECEE,EQ,68720,24665,35.89
20,660,GENESYS,EQ,2610426,629300,24.11
20,661,GENUSPAPER,EQ,627966,253741,40.41
20,662,GENUSPOWER,EQ,283405,154526,54.52
20,663,GEOJITFSL,EQ,4613770,1388837,30.10
20,664,GEPIL,EQ,549191,240425,43.78
20,665,GESHIP,EQ,430397,285562,66.35
20,666,GFLLIMITED,EQ,188702,117751,62.40
20,667,GHCL,EQ,165320,84163,50.91
20,668,GHCLTEXTIL,EQ,1421598,644324,45.32
20,669,GICHSGFIN,EQ,498335,182622,36.65
20,670,GICL,SM,6000,6000,100.00
20,671,GICRE,EQ,2595700,482671,18.60
20,672,GILLANDERS,EQ,74273,46463,62.56
20,673,GILLETTE,EQ,11082,8589,77.50
20,674,GILT5YBEES,EQ,124348,93860,75.48
20,675,GINNIFILA,EQ,138162,72535,52.50
20,676,GIPCL,EQ,3667352,1417644,38.66
20,677,GLAND,EQ,1649940,1044155,63.28
20,678,GLAXO,EQ,366111,207686,56.73
20,679,GLENMARK,EQ,1072580,473106,44.11
20,680,GLFL,EQ,9537,9537,100.00
20,681,GLOBAL,EQ,99937,45188,45.22
20,682,GLOBALPET,SM,36000,27000,75.00
20,683,GLOBALVECT,EQ,356321,144310,40.50
20,684,GLOBUSSPR,EQ,124527,78641,63.15
20,685,GLS,EQ,151015,119036,78.82
20,686,GMBREW,EQ,30172,20040,66.42
20,687,GMDCLTD,EQ,36550197,6243857,17.08
20,688,GMMPFAUDLR,EQ,228189,134218,58.82
20,689,GMRINFRA,EQ,6761170,2634696,38.97
20,690,GMRP&UI,EQ,8987276,5234589,58.24
20,691,GNA,EQ,61497,34597,56.26
20,692,GNFC,EQ,923488,543824,58.89
20,693,GOACARBON,EQ,13231,7494,56.64
20,694,GOCLCORP,EQ,96381,44897,46.58
20,695,GOCOLORS,EQ,35265,16693,47.34
20,696,GODFRYPHLP,EQ,21510,12154,56.50
20,697,GODREJAGRO,EQ,290711,107142,36.86
20,698,GODREJCP,EQ,553643,187958,33.95
20,699,GODREJIND,EQ,989168,386985,39.12
20,700,GODREJPROP,EQ,434209,119846,27.60
20,701,GOKEX,EQ,340979,89181,26.15
20,702,GOKUL,EQ,293142,126804,43.26
20,703,GOKULAGRO,EQ,507279,205676,40.54
20,704,GOLDBEES,EQ,4748477,3868226,81.46
20,705,GOLDETF,EQ,69770,48617,69.68
20,706,GOLDIAM,EQ,2232171,675023,30.24
20,707,GOLDSHARE,EQ,171362,155644,90.83
20,708,GOLDSTAR,ST,348750,348750,100.00
20,709,GOODLUCK,EQ,237240,118529,49.96
20,710,GOYALSALT,SM,33000,30000,90.91
20,711,GPIL,EQ,431200,227777,52.82
20,712,GPPL,EQ,2025407,1125130,55.55
20,713,GRANULES,EQ,1757764,875628,49.81
20,714,GRAPHITE,EQ,234316,73818,31.50
20,715,GRASIM,EQ,313877,177858,56.66
20,716,GRAVITA,EQ,61855,34264,55.39
20,717,GREAVESCOT,EQ,1473428,539908,36.64
20,718,GREENCHEF,SM,36000,32000,88.89
20,719,GREENLAM,EQ,133672,45959,34.38
20,720,GREENPANEL,EQ,915391,536026,58.56
20,721,GREENPLY,EQ,200046,96092,48.03
20,722,GREENPOWER,EQ,17393862,8899199,51.16
20,723,GRINDWELL,EQ,15358,8036,52.32
20,724,GRINFRA,EQ,14871,9516,63.99
20,725,GRMOVER,EQ,71840,39024,54.32
20,726,GROBTEA,EQ,820,477,58.17
20,727,GRPLTD,EQ,5225,3624,69.36
20,728,GRSE,EQ,644736,231828,35.96
20,729,GRWRHITECH,EQ,18852,9686,51.38
20,730,GSEC10YEAR,EQ,5129,4402,85.83
20,731,GSFC,EQ,1994325,897482,45.00
20,732,GSLSU,EQ,179536,81950,45.65
20,733,GSPL,EQ,909678,668939,73.54
20,734,GSS,EQ,84821,50514,59.55
20,735,GSTL,SM,18000,10000,55.56
20,736,GTLINFRA,EQ,8968491,7636262,85.15
20,737,GTPL,EQ,44241,22988,51.96
20,738,GUFICBIO,EQ,419395,195525,46.62
20,739,GUJALKALI,EQ,73528,40349,54.88
20,740,GUJAPOLLO,EQ,8108,5591,68.96
20,741,GUJGASLTD,EQ,504816,286301,56.71
20,742,GULFOILLUB,EQ,686671,226311,32.96
20,743,GULPOLY,EQ,74656,43095,57.72
20,744,HAL,EQ,1014171,460601,45.42
20,745,HAPPSTMNDS,EQ,217301,98956,45.54
20,746,HARDWYN,EQ,82475,57440,69.65
20,747,HARIOMPIPE,EQ,119786,59800,49.92
20,748,HARRMALAYA,EQ,24365,13981,57.38
20,749,HARSHA,EQ,94314,22498,23.85
20,750,HATHWAY,EQ,8536361,3023914,35.42
20,751,HATSUN,EQ,17112,8045,47.01
20,752,HAVELLS,EQ,590510,367860,62.30
20,753,HBLPOWER,EQ,1559457,649156,41.63
20,754,HBSL,EQ,102924,55662,54.08
20,755,HCC,EQ,25302815,8625940,34.09
20,756,HCG,EQ,422136,382104,90.52
20,757,HCL-INSYS,EQ,2271282,1415961,62.34
20,758,HCLTECH,EQ,1535630,933929,60.82
20,759,HDFCAMC,EQ,307647,155939,50.69
20,760,HDFCBANK,EQ,14561825,4991663,34.28
20,761,HDFCBSE500,EQ,20764,12451,59.96
20,762,HDFCGOLD,EQ,1284936,1169629,91.03
20,763,HDFCGROWTH,EQ,2079,952,45.79
20,764,HDFCLIFE,EQ,2664154,1116869,41.92
20,765,HDFCLIQUID,EQ,5373,4280,79.66
20,766,HDFCLOWVOL,EQ,34086,33439,98.10
20,767,HDFCMID150,EQ,68136,41432,60.81
20,768,HDFCMOMENT,EQ,23538,12375,52.57
20,769,HDFCNEXT50,EQ,1285,1015,78.99
20,770,HDFCNIF100,EQ,18698,6327,33.84
20,771,HDFCNIFBAN,EQ,2759,2234,80.97
20,772,HDFCNIFIT,EQ,1351,1050,77.72
20,773,HDFCNIFTY,EQ,58028,53092,91.49
20,774,HDFCPVTBAN,EQ,613,393,64.11
20,775,HDFCQUAL,EQ,6467,5625,86.98
20,776,HDFCSENSEX,EQ,1243,900,72.41
20,777,HDFCSILVER,EQ,103562,81649,78.84
20,778,HDFCSML250,EQ,207135,125251,60.47
20,779,HDFCVALUE,EQ,1041,709,68.11
20,780,HEADSUP,EQ,538723,151215,28.07
20,781,HEALTHY,EQ,226100,162591,71.91
20,782,HECPROJECT,EQ,12505,807,6.45
20,783,HEG,EQ,69390,20824,30.01
20,784,HEIDELBERG,EQ,197317,92092,46.67
20,785,HEMIPROP,EQ,899221,345795,38.45
20,786,HERANBA,EQ,105835,58989,55.74
20,787,HERCULES,EQ,91146,37975,41.66
20,788,HERITGFOOD,EQ,426636,282386,66.19
20,789,HEROMOTOCO,EQ,775145,370812,47.84
20,790,HESTERBIO,EQ,3412,2324,68.11
20,791,HEUBACHIND,EQ,49228,28006,56.89
20,792,HEXATRADEX,EQ,2582,2167,83.93
20,793,HFCL,EQ,4010334,1761993,43.94
20,794,HGINFRA,EQ,54970,24761,45.04
20,795,HGS,EQ,12139,5732,47.22
20,796,HIGREEN,SM,94400,62400,66.10
20,797,HIKAL,EQ,220202,146032,66.32
20,798,HIL,EQ,9396,3960,42.15
20,799,HILTON,EQ,72057,25960,36.03
20,800,HIMATSEIDE,EQ,672496,194790,28.97
20,801,HINDALCO,EQ,4337970,2266199,52.24
20,802,HINDCOMPOS,EQ,13240,8187,61.84
20,803,HINDCON,EQ,172927,120981,69.96
20,804,HINDCOPPER,EQ,4058099,2072607,51.07
20,805,HINDMOTORS,EQ,666318,441437,66.25
20,806,HINDOILEXP,EQ,818367,446279,54.53
20,807,HINDPETRO,EQ,9980162,4443917,44.53
20,808,HINDUNILVR,EQ,816610,624084,76.42
20,809,HINDWAREAP,EQ,90035,43880,48.74
20,810,HINDZINC,EQ,290073,183664,63.32
20,811,HIRECT,EQ,26246,17638,67.20
20,812,HISARMETAL,EQ,23471,15419,65.69
20,813,HITECH,EQ,1309329,592911,45.28
20,814,HITECHCORP,EQ,29918,19122,63.91
20,815,HITECHGEAR,EQ,32893,15622,47.49
20,816,HLEGLAS,EQ,27459,12645,46.05
20,817,HLVLTD,EQ,1589961,862257,54.23
20,818,HMAAGRO,EQ,39183,25446,64.94
20,819,HMVL,EQ,88139,30897,35.05
20,820,HNDFDS,EQ,43336,22002,50.77
20,821,HNGSNGBEES,EQ,11372,7129,62.69
20,822,HOLMARC,SM,45000,33000,73.33
20,823,HOMEFIRST,EQ,55487,26844,48.38
20,824,HONASA,EQ,5614011,1224831,21.82
20,825,HONAUT,EQ,9956,8464,85.01
20,826,HONDAPOWER,EQ,5560,2548,45.83
20,827,HOVS,EQ,41177,12189,29.60
20,828,HPAL,EQ,203971,111348,54.59
20,829,HPL,EQ,101143,63767,63.05
20,830,HSCL,EQ,3035462,1366724,45.03
20,831,HTMEDIA,EQ,290662,143387,49.33
20,832,HUBTOWN,EQ,1717225,928728,54.08
20,833,HUDCO,EQ,8472219,3433153,40.52
20,834,HUDCO,N2,1954,1954,100.00
20,835,HUDCO,N8,65,65,100.00
20,836,HUDCO,ND,241,241,100.00
20,837,HUDCO,NE,211,161,76.30
20,838,HUHTAMAKI,EQ,125220,68447,54.66
20,839,IBREALEST,EQ,8015420,2827782,35.28
20,840,IBUCCREDIT,NB,240,240,100.00
20,841,IBUCCREDIT,NM,10,10,100.00
20,842,IBULHSG,N5,17,17,100.00
20,843,IBULHSG,NV,23,23,100.00
20,844,IBULHSG,NX,30,30,100.00
20,845,IBULHSGFIN,AN,8,8,100.00
20,846,IBULHSGFIN,AP,20,20,100.00
20,847,IBULHSGFIN,AT,50,50,100.00
20,848,IBULHSGFIN,AX,780,499,63.97
20,849,IBULHSGFIN,BV,10,10,100.00
20,850,IBULHSGFIN,EQ,7836012,2897616,36.98
20,851,IBULHSGFIN,N9,20,20,100.00
20,852,IBULHSGFIN,NA,1727,1727,100.00
20,853,IBULHSGFIN,NN,38,38,100.00
20,854,IBULHSGFIN,NQ,11,11,100.00
20,855,IBULHSGFIN,Y6,10,10,100.00
20,856,IBULHSGFIN,YP,19,19,100.00
20,857,IBULHSGFIN,YT,146,80,54.79
20,858,IBULHSGFIN,YZ,160,100,62.50
20,859,IBULHSGFIN,Z2,30,15,50.00
20,860,IBULHSGFIN,Z3,1,1,100.00
20,861,IBULHSGFIN,Z9,13,13,100.00
20,862,IBULHSGFIN,ZB,1,1,100.00
20,863,IBULHSGFIN,ZR,5,5,100.00
20,864,IBULHSGFIN,ZW,3,3,100.00
20,865,IBULHSGFIN,ZY,30,30,100.00
20,866,ICEMAKE,EQ,32611,20317,62.30
20,867,ICICI10GS,EQ,5,5,100.00
20,868,ICICI500,EQ,377016,359718,95.41
20,869,ICICI5GSEC,EQ,1110,683,61.53
20,870,ICICIALPLV,EQ,78829,67961,86.21
20,871,ICICIAUTO,EQ,27938,15648,56.01
20,872,ICICIB22,EQ,366569,300667,82.02
20,873,ICICIBANK,EQ,12197979,5013740,41.10
20,874,ICICIBANKN,EQ,145102,106471,73.38
20,875,ICICIBANKP,EQ,32360,16783,51.86
20,876,ICICICOMMO,EQ,95869,27738,28.93
20,877,ICICICONSU,EQ,72002,10180,14.14
20,878,ICICIFIN,EQ,284600,6883,2.42
20,879,ICICIFMCG,EQ,6340,3591,56.64
20,880,ICICIGI,EQ,206343,80403,38.97
20,881,ICICIGOLD,EQ,877425,767583,87.48
20,882,ICICIINFRA,EQ,4166,2644,63.47
20,883,ICICILIQ,EQ,258050,181666,70.40
20,884,ICICILOVOL,EQ,10739,6540,60.90
20,885,ICICIM150,EQ,24442,13355,54.64
20,886,ICICIMCAP,EQ,36271,29551,81.47
20,887,ICICIMOM30,EQ,40538,27257,67.24
20,888,ICICINF100,EQ,4424,3599,81.35
20,889,ICICINIFTY,EQ,115386,78284,67.85
20,890,ICICINV20,EQ,53267,35952,67.49
20,891,ICICINXT50,EQ,99555,77562,77.91
20,892,ICICIPHARM,EQ,39336,36879,93.75
20,893,ICICIPRULI,EQ,2492912,1369897,54.95
20,894,ICICIQTY30,EQ,32454,2032,6.26
20,895,ICICISENSX,EQ,5719,5150,90.05
20,896,ICICISILVE,EQ,194449,148064,76.15
20,897,ICICITECH,EQ,739615,373427,50.49
20,898,ICIL,EQ,1743413,495145,28.40
20,899,ICRA,EQ,1403,737,52.53
20,900,IDBI,EQ,15926264,5631441,35.36
20,901,IDEA,EQ,207998055,56431787,27.13
20,902,IDEAFORGE,EQ,289197,87930,30.40
20,903,IDFC,EQ,5042288,2691675,53.38
20,904,IDFCFIRSTB,EQ,25696794,10410648,40.51
20,905,IDFNIFTYET,EQ,72,47,65.28
20,906,IEX,EQ,18931728,8248692,43.57
20,907,IFBAGRO,EQ,8479,3903,46.03
20,908,IFBIND,EQ,280656,199891,71.22
20,909,IFCI,EQ,19568940,4590552,23.46
20,910,IFCI,NH,2039,1919,94.11
20,911,IFCI,NL,20,20,100.00
20,912,IFGLEXPOR,EQ,262256,139815,53.31
20,913,IGARASHI,EQ,49414,28770,58.22
20,914,IGL,EQ,1616492,875203,54.14
20,915,IGPL,EQ,52100,33416,64.14
20,916,IIFCL,N1,20000,20000,100.00
20,917,IIFCL,N2,1010,1010,100.00
20,918,IIFCL,N4,110,110,100.00
20,919,IIFL,EQ,597992,345929,57.85
20,920,IIFL,N7,1,1,100.00
20,921,IIFL,NE,480,480,100.00
20,922,IIFL,NF,1653,1612,97.52
20,923,IIFL,NL,210,210,100.00
20,924,IIFL,NO,110,110,100.00
20,925,IIFL,NP,110,110,100.00
20,926,IIFL,NS,202,200,99.01
20,927,IIFL,NT,289,289,100.00
20,928,IIFL,NU,90,90,100.00
20,929,IIFL,NV,120,110,91.67
20,930,IIFL,NW,400,400,100.00
20,931,IIFL,Y1,20,20,100.00
20,932,IIFLSEC,EQ,2380288,754443,31.70
20,933,IIHFL,N4,201,101,50.25
20,934,IIHFL,N5,1386,1386,100.00
20,935,IIHFL,N6,50,50,100.00
20,936,IIHFL,N7,20,20,100.00
20,937,IIHFL,N8,10,10,100.00
20,938,IIHFL,N9,50,50,100.00
20,939,IIHFL,NC,268,268,100.00
20,940,IKIO,EQ,161630,69451,42.97
20,941,IMAGICAA,EQ,971729,476966,49.08
20,942,IMC1,N0,48,48,100.00
20,943,IMC1,N1,39,39,100.00
20,944,IMC1,N2,46,45,97.83
20,945,IMC1,N3,26,26,100.00
20,946,IMFA,EQ,202111,67124,33.21
20,947,IMPAL,EQ,4539,2933,64.62
20,948,INCREDFIN,N6,100,100,100.00
20,949,INDHOTEL,EQ,1286423,609604,47.39
20,950,INDIACEM,EQ,1512397,672279,44.45
20,951,INDIAGLYCO,EQ,53679,28447,52.99
20,952,INDIAMART,EQ,107438,35244,32.80
20,953,INDIANB,EQ,881840,398838,45.23
20,954,INDIANCARD,EQ,7657,5077,66.31
20,955,INDIANHUME,EQ,45336,29588,65.26
20,956,INDIGO,EQ,476632,250347,52.52
20,957,INDIGOPNTS,EQ,75730,38724,51.13
20,958,INDIGRID,IV,609689,570525,93.58
20,959,INDIGRID,NJ,1192,1192,100.00
20,960,INDIGRID,NL,45,29,64.44
20,961,INDNIPPON,EQ,31339,19093,60.92
20,962,INDOAMIN,EQ,84728,52510,61.97
20,963,INDOBORAX,EQ,88745,64597,72.79
20,964,INDOCO,EQ,170402,97742,57.36
20,965,INDORAMA,EQ,1196514,536375,44.83
20,966,INDOTHAI,EQ,788,691,87.69
20,967,INDSWFTLAB,EQ,141959,70605,49.74
20,968,INDTERRAIN,EQ,145648,81509,55.96
20,969,INDUSINDBK,EQ,3914008,1195793,30.55
20,970,INDUSTOWER,EQ,4644015,1692655,36.45
20,971,INFIBEAM,EQ,19767794,6253721,31.64
20,972,INFINIUM,SM,9000,7000,77.78
20,973,INFOBEAN,EQ,8979,5287,58.88
20,974,INFOLLION,SM,292000,96000,32.88
20,975,INFOMEDIA,EQ,22987,19259,83.78
20,976,INFRABEES,EQ,3414,2538,74.34
20,977,INFY,EQ,3108786,2120633,68.21
20,978,INGERRAND,EQ,10679,3831,35.87
20,979,INNOVANA,SM,1200,1200,100.00
20,980,INNOVATIVE,SM,66000,48000,72.73
20,981,INOXGREEN,EQ,3594313,1212277,33.73
20,982,INOXWIND,EQ,6862889,2153857,31.38
20,983,INSECTICID,EQ,231996,119639,51.57
20,984,INSPIRE,SM,10000,10000,100.00
20,985,INTELLECT,EQ,179876,70217,39.04
20,986,INTENTECH,EQ,1020613,453089,44.39
20,987,INTLCONV,EQ,2583125,1210454,46.86
20,988,INVENTURE,EQ,3585823,2002326,55.84
20,989,IOB,EQ,9245837,2637746,28.53
20,990,IOC,EQ,16652996,7028986,42.21
20,991,IOLCP,EQ,1525336,352785,23.13
20,992,IONEXCHANG,EQ,202144,104377,51.63
20,993,IPCALAB,EQ,457384,181238,39.62
20,994,IPL,EQ,6182540,935723,15.13
20,995,IPSL,SM,2000,2000,100.00
20,996,IRB,EQ,27813666,9673586,34.78
20,997,IRBINVIT,IV,138365,131370,94.94
20,998,IRCON,EQ,11174470,2735434,24.48
20,999,IRCTC,EQ,1440191,522467,36.28
20,1000,IREDA,N1,34,33,97.06
20,1001,IREDA,N2,10,10,100.00
20,1002,IREDA,N5,10,10,100.00
20,1003,IREDA,N6,100,100,100.00
20,1004,IREDA,N7,110,60,54.55
20,1005,IRFC,EQ,35591880,10498081,29.50
20,1006,IRFC,N2,61,61,100.00
20,1007,IRFC,N4,9,8,88.89
20,1008,IRFC,N9,43,40,93.02
20,1009,IRFC,NA,150,150,100.00
20,1010,IRFC,NB,7,7,100.00
20,1011,IRFC,NC,1,1,100.00
20,1012,IRFC,NI,5,5,100.00
20,1013,IRFC,NJ,239,239,100.00
20,1014,IRFC,NK,45,35,77.78
20,1015,IRFC,NO,660,611,92.58
20,1016,IRIS,EQ,57128,43755,76.59
20,1017,IRISDOREME,EQ,58206,27947,48.01
20,1018,IRMENERGY,EQ,439152,213079,48.52
20,1019,ISEC,EQ,112571,53033,47.11
20,1020,ISFT,EQ,19793,14787,74.71
20,1021,ISGEC,EQ,409205,150424,36.76
20,1022,ISHAN,ST,4800,4800,100.00
20,1023,ISMTLTD,EQ,1834288,604172,32.94
20,1024,ITBEES,EQ,3262526,2736893,83.89
20,1025,ITC,EQ,4886687,3258964,66.69
20,1026,ITDC,EQ,28573,10973,38.40
20,1027,ITDCEM,EQ,2924843,739563,25.29
20,1028,ITETF,EQ,3222,3146,97.64
20,1029,ITI,EQ,2192735,476796,21.74
20,1030,IVC,EQ,1593304,932062,58.50
20,1031,IVP,EQ,127326,80641,63.33
20,1032,IVZINGOLD,EQ,595,546,91.76
20,1033,IWEL,EQ,32638,22989,70.44
20,1034,JAGRAN,EQ,274546,128694,46.88
20,1035,JAGSNPHARM,EQ,16694,10524,63.04
20,1036,JAICORPLTD,EQ,924227,404196,43.73
20,1037,JAINAM,SM,2000,2000,100.00
20,1038,JAIPURKURT,EQ,13693,4926,35.97
20,1039,JAMNAAUTO,EQ,3048179,1217889,39.95
20,1040,JASH,EQ,2516,1635,64.98
20,1041,JAYAGROGN,EQ,345360,166484,48.21
20,1042,JAYBARMARU,EQ,46937,33043,70.40
20,1043,JAYNECOIND,EQ,2307817,1423089,61.66
20,1044,JAYSREETEA,EQ,316714,272846,86.15
20,1045,JBCHEPHARM,EQ,45437,26996,59.41
20,1046,JCHAC,EQ,29147,9421,32.32
20,1047,JETFREIGHT,EQ,127272,87887,69.05
20,1048,JFLLIFE,SM,10000,8000,80.00
20,1049,JHS,EQ,330430,209124,63.29
20,1050,JINDALPHOT,EQ,50509,26065,51.60
20,1051,JINDALPOLY,EQ,13856,5651,40.78
20,1052,JINDALSAW,EQ,1856124,1118684,60.27
20,1053,JINDALSTEL,EQ,778796,295276,37.91
20,1054,JINDRILL,EQ,284269,127667,44.91
20,1055,JINDWORLD,EQ,27771,10602,38.18
20,1056,JIOFIN,EQ,15012272,9103214,60.64
20,1057,JISLDVREQS,EQ,113181,87361,77.19
20,1058,JISLJALEQS,EQ,6467972,2776878,42.93
20,1059,JITFINFRA,EQ,113679,55911,49.18
20,1060,J&KBANK,EQ,2185697,830742,38.01
20,1061,JKCEMENT,EQ,74250,35856,48.29
20,1062,JKIL,EQ,75583,40289,53.30
20,1063,JKLAKSHMI,EQ,289091,148780,51.46
20,1064,JKPAPER,EQ,622255,320911,51.57
20,1065,JKTYRE,EQ,887191,344789,38.86
20,1066,JLHL,EQ,34347,17503,50.96
20,1067,JMA,EQ,36071,27015,74.89
20,1068,JMFINANCIL,EQ,2219203,851423,38.37
20,1069,JOCIL,EQ,45187,27055,59.87
20,1070,JPASSOCIAT,EQ,19769500,8621213,43.61
20,1071,JPOLYINVST,EQ,28771,11726,40.76
20,1072,JPPOWER,EQ,117011878,43519438,37.19
20,1073,JSL,EQ,2380940,1403395,58.94
20,1074,JSLL,ST,6480,6120,94.44
20,1075,JSWENERGY,EQ,9402036,2836995,30.17
20,1076,JSWHL,EQ,13142,5717,43.50
20,1077,JSWINFRA,EQ,3523114,1531606,43.47
20,1078,JSWSTEEL,EQ,1312655,805688,61.38
20,1079,JTEKTINDIA,EQ,85418,49933,58.46
20,1080,JTLIND,EQ,837923,609785,72.77
20,1081,JUBLFOOD,EQ,4769051,2627835,55.10
20,1082,JUBLINDS,EQ,58497,17486,29.89
20,1083,JUBLINGREA,EQ,196124,114720,58.49
20,1084,JUBLPHARMA,EQ,104489,62684,59.99
20,1085,JUNIORBEES,EQ,61480,32511,52.88
20,1086,JUSTDIAL,EQ,96492,32519,33.70
20,1087,JWL,EQ,740443,415687,56.14
20,1088,JYOTHYLAB,EQ,582395,209980,36.05
20,1089,KABRAEXTRU,EQ,22586,11666,51.65
20,1090,KAJARIACER,EQ,128156,95994,74.90
20,1091,KAKATCEM,EQ,10162,3896,38.34
20,1092,KALAMANDIR,EQ,1035200,433874,41.91
20,1093,KALYANKJIL,EQ,3613610,1101385,30.48
20,1094,KAMATHOTEL,EQ,34391,25696,74.72
20,1095,KAMDHENU,EQ,90254,23331,25.85
20,1096,KAMOPAINTS,EQ,457306,154793,33.85
20,1097,KANANIIND,EQ,135366,85724,63.33
20,1098,KANORICHEM,EQ,52952,24864,46.96
20,1099,KANPRPLA,EQ,21733,11120,51.17
20,1100,KANSAINER,EQ,177616,111853,62.97
20,1101,KARMAENG,EQ,17378,14082,81.03
20,1102,KARNIKA,SM,188800,108800,57.63
20,1103,KARURVYSYA,EQ,2241008,1096062,48.91
20,1104,KAVVERITEL,EQ,576692,333945,57.91
20,1105,KAYA,EQ,15075,9876,65.51
20,1106,KAYNES,EQ,52189,28123,53.89
20,1107,KBCGLOBAL,EQ,4772979,2583745,54.13
20,1108,KCP,EQ,414107,216194,52.21
20,1109,KDDL,EQ,38941,14520,37.29
20,1110,KDL,SM,38800,32800,84.54
20,1111,KEC,EQ,292842,74341,25.39
20,1112,KECL,EQ,447521,179345,40.08
20,1113,KEI,EQ,468966,148082,31.58
20,1114,KEL,SM,171600,133200,77.62
20,1115,KELLTONTEC,EQ,455360,244744,53.75
20,1116,KESORAMIND,EQ,2330074,1802428,77.35
20,1117,KFINTECH,EQ,94828,53131,56.03
20,1118,KHAICHEM,EQ,64102,43137,67.29
20,1119,KHAITANLTD,EQ,17578,13064,74.32
20,1120,KHANDSE,EQ,31968,12576,39.34
20,1121,KHFM,SM,40300,31000,76.92
20,1122,KICL,EQ,23331,11899,51.00
20,1123,KIMS,EQ,98303,63811,64.91
20,1124,KINGFA,EQ,3982,1766,44.35
20,1125,KIOCL,EQ,656642,192646,29.34
20,1126,KIRIINDUS,EQ,144826,66153,45.68
20,1127,KIRLOSBROS,EQ,170973,87547,51.21
20,1128,KIRLOSENG,EQ,478677,361375,75.49
20,1129,KIRLOSIND,EQ,3194,1867,58.45
20,1130,KIRLPNU,EQ,28873,19727,68.32
20,1131,KITEX,EQ,219542,78959,35.97
20,1132,KKCL,EQ,45160,20515,45.43
20,1133,KMSUGAR,EQ,280087,108951,38.90
20,1134,KNAGRI,SM,10400,10400,100.00
20,1135,KNRCON,EQ,2656452,1007311,37.92
20,1136,KODYTECH,SM,35200,28800,81.82
20,1137,KOHINOOR,EQ,358032,163577,45.69
20,1138,KOKUYOCMLN,EQ,88682,62531,70.51
20,1139,KOLTEPATIL,EQ,441086,107391,24.35
20,1140,KONTOR,SM,6000,6000,100.00
20,1141,KOPRAN,EQ,1144455,340870,29.78
20,1142,KORE,SM,9000,7000,77.78
20,1143,KOTAKALPHA,EQ,337181,262748,77.92
20,1144,KOTAKBANK,EQ,4513732,2358754,52.26
20,1145,KOTAKBKETF,EQ,134793,124086,92.06
20,1146,KOTAKCONS,EQ,329,181,55.02
20,1147,KOTAKGOLD,EQ,121833,76020,62.40
20,1148,KOTAKIT,EQ,103408,95113,91.98
20,1149,KOTAKLIQ,EQ,20,20,100.00
20,1150,KOTAKLOVOL,EQ,11110,7259,65.34
20,1151,KOTAKMID50,EQ,14972,10648,71.12
20,1152,KOTAKMNC,EQ,20500,7534,36.75
20,1153,KOTAKNIFTY,EQ,7041,5706,81.04
20,1154,KOTAKNV20,EQ,7169,3507,48.92
20,1155,KOTAKPSUBK,EQ,18101,11340,62.65
20,1156,KOTAKSILVE,EQ,28029,15880,56.66
20,1157,KOTHARIPET,EQ,187254,75609,40.38
20,1158,KOTHARIPRO,EQ,16231,10281,63.34
20,1159,KOTYARK,SM,14600,11600,79.45
20,1160,KPIGREEN,EQ,284364,104778,36.85
20,1161,KPIL,EQ,248371,161366,64.97
20,1162,KPITTECH,EQ,4220073,866995,20.54
20,1163,KPRMILL,EQ,3350450,564974,16.86
20,1164,KRBL,EQ,290860,173579,59.68
20,1165,KREBSBIO,EQ,13024,9262,71.11
20,1166,KRISHANA,EQ,36812,20965,56.95
20,1167,KRISHCA,SM,30500,20000,65.57
20,1168,KRISHIVAL,SM,8500,8000,94.12
20,1169,KRISHNADEF,SM,30500,28000,91.80
20,1170,KRITI,EQ,46008,23575,51.24
20,1171,KRSNAA,EQ,33073,15176,45.89
20,1172,KSB,EQ,118451,67769,57.21
20,1173,KSCL,EQ,63232,35184,55.64
20,1174,KSL,EQ,50825,21163,41.64
20,1175,KTKBANK,EQ,949039,660342,69.58
20,1176,KUANTUM,EQ,561001,139910,24.94
20,1177,LAGNAM,EQ,101263,36479,36.02
20,1178,LALPATHLAB,EQ,125313,47452,37.87
20,1179,LAMBODHARA,EQ,201746,65412,32.42
20,1180,LANDMARK,EQ,67500,36998,54.81
20,1181,LAOPALA,EQ,106576,47019,44.12
20,1182,LASA,EQ,238560,140420,58.86
20,1183,LATENTVIEW,EQ,2828520,722419,25.54
20,1184,LATTEYS,EQ,72886,33404,45.83
20,1185,LAURUSLABS,EQ,1227034,662278,53.97
20,1186,LAXMICOT,EQ,183213,33039,18.03
20,1187,LAXMIMACH,EQ,1724,959,55.63
20,1188,LCCINFOTEC,EQ,455619,199624,43.81
20,1189,LEMERITE,SM,4800,4800,100.00
20,1190,LEMONTREE,EQ,2517977,1130829,44.91
20,1191,LEXUS,EQ,47127,8627,18.31
20,1192,LFIC,EQ,4301,3185,74.05
20,1193,LGBBROSLTD,EQ,31342,16247,51.84
20,1194,LGBFORGE,EQ,290054,217277,74.91
20,1195,LIBAS,EQ,1290536,115464,8.95
20,1196,LIBERTSHOE,EQ,104728,32632,31.16
20,1197,LICHSGFIN,EQ,1316148,473161,35.95
20,1198,LICI,EQ,600947,377095,62.75
20,1199,LICMFGOLD,EQ,177,102,57.63
20,1200,LICNETFGSC,EQ,2627,243,9.25
20,1201,LICNETFN50,EQ,47259,47221,99.92
20,1202,LICNETFSEN,EQ,854,36,4.22
20,1203,LICNFNHGP,EQ,122,97,79.51
20,1204,LIKHITHA,EQ,191754,78673,41.03
20,1205,LINC,EQ,65789,18933,28.78
20,1206,LINCOLN,EQ,142178,49296,34.67
20,1207,LINDEINDIA,EQ,59726,41640,69.72
20,1208,LIQUID,EQ,108458,77838,71.77
20,1209,LIQUIDBEES,EQ,1547943,1102541,71.23
20,1210,LIQUIDETF,EQ,1138716,884533,77.68
20,1211,LIQUIDSBI,EQ,10,10,100.00
20,1212,LLOYDS,SM,52000,40000,76.92
20,1213,LLOYDSENGG,EQ,1725008,1187036,68.81
20,1214,LLOYDSME,EQ,163056,87746,53.81
20,1215,LODHA,EQ,2107463,637180,30.23
20,1216,LOKESHMACH,EQ,109487,42353,38.68
20,1217,LORDSCHLO,EQ,6421,4770,74.29
20,1218,LOTUSEYE,EQ,33937,9184,27.06
20,1219,LOVABLE,EQ,97902,48125,49.16
20,1220,LOWVOL,EQ,137,101,73.72
20,1221,LOYALTEX,EQ,417,298,71.46
20,1222,LRRPL,SM,3000,3000,100.00
20,1223,LT,EQ,1104208,712030,64.48
20,1224,L&TFH,EQ,5110125,1784875,34.93
20,1225,L&TFINANCE,NE,1,1,100.00
20,1226,L&TFINANCE,NI,15,15,100.00
20,1227,L&TFINANCE,NO,70,70,100.00
20,1228,L&TFINANCE,NQ,28,28,100.00
20,1229,L&TFINANCE,NU,20,20,100.00
20,1230,L&TFINANCE,NW,240,230,95.83
20,1231,L&TFINANCE,Y5,298,235,78.86
20,1232,L&TFINANCE,Y7,20,20,100.00
20,1233,L&TFINANCE,Y9,30,10,33.33
20,1234,LTFOODS,EQ,2571910,1187689,46.18
20,1235,LTGILTBEES,EQ,385267,381560,99.04
20,1236,LTIM,EQ,203308,79926,39.31
20,1237,LTTS,EQ,85850,33438,38.95
20,1238,LUMAXIND,EQ,49246,20708,42.05
20,1239,LUMAXTECH,EQ,110324,49409,44.79
20,1240,LUPIN,EQ,1916776,853494,44.53
20,1241,LUXIND,EQ,56838,21156,37.22
20,1242,LXCHEM,EQ,260074,101366,38.98
20,1243,LYKALABS,EQ,903319,381652,42.25
20,1244,LYPSAGEMS,EQ,42199,19067,45.18
20,1245,MAANALU,EQ,168614,117032,69.41
20,1246,MADHAV,EQ,107173,45656,42.60
20,1247,MADHAVBAUG,SM,13600,11200,82.35
20,1248,MADHUCON,EQ,40697,40192,98.76
20,1249,MADHUSUDAN,SM,16000,12000,75.00
20,1250,MADRASFERT,EQ,290770,131609,45.26
20,1251,MAFANG,EQ,488520,285840,58.51
20,1252,MAGADSUGAR,EQ,23055,9995,43.35
20,1253,MAGNUM,EQ,57043,44517,78.04
20,1254,MAGSON,SM,100000,84000,84.00
20,1255,MAHABANK,EQ,11041989,4378035,39.65
20,1256,MAHAPEXLTD,EQ,11125,6795,61.08
20,1257,MAHASTEEL,EQ,14695,9116,62.03
20,1258,MAHEPC,EQ,124241,73358,59.04
20,1259,MAHESHWARI,EQ,48571,25717,52.95
20,1260,MAHICKRA,SM,66000,42000,63.64
20,1261,MAHKTECH,EQ,352700,310748,88.11
20,1262,MAHLIFE,EQ,122518,58460,47.72
20,1263,MAHLOG,EQ,88310,35923,40.68
20,1264,MAHSCOOTER,EQ,3050,1553,50.92
20,1265,MAHSEAMLES,EQ,290496,147162,50.66
20,1266,MAITHANALL,EQ,64021,27942,43.65
20,1267,MAITREYA,SM,92800,56000,60.34
20,1268,MAKEINDIA,EQ,8739,5683,65.03
20,1269,MAKS,ST,7500,7500,100.00
20,1270,MAL,SM,12800,12800,100.00
20,1271,MALLCOM,EQ,6083,3955,65.02
20,1272,MALUPAPER,EQ,60264,41302,68.54
20,1273,MANAKALUCO,EQ,124351,68643,55.20
20,1274,MANAKSIA,EQ,93940,44749,47.64
20,1275,MANAKSTEEL,EQ,108340,56956,52.57
20,1276,MANALIPETC,EQ,324114,200340,61.81
20,1277,MANAPPURAM,EQ,6029200,3091449,51.27
20,1278,MANGALAM,EQ,70350,36584,52.00
20,1279,MANGCHEFER,EQ,235493,126859,53.87
20,1280,MANGLMCEM,EQ,45786,25578,55.86
20,1281,MANINDS,EQ,579112,302342,52.21
20,1282,MANINFRA,EQ,8605447,2648529,30.78
20,1283,MANKIND,EQ,149212,58105,38.94
20,1284,MANOMAY,EQ,5745,4413,76.81
20,1285,MANORAMA,EQ,8543,5818,68.10
20,1286,MANORG,EQ,10903,8584,78.73
20,1287,MANYAVAR,EQ,63095,23807,37.73
20,1288,MAPMYINDIA,EQ,95344,36967,38.77
20,1289,MARALOVER,EQ,76386,24660,32.28
20,1290,MARATHON,EQ,37866,20876,55.13
20,1291,MARCO,SM,102000,60000,58.82
20,1292,MARICO,EQ,1232062,658696,53.46
20,1293,MARKSANS,EQ,2805017,892458,31.82
20,1294,MARSHALL,EQ,560582,150502,26.85
20,1295,MARUTI,EQ,378891,274404,72.42
20,1296,MASFIN,EQ,24282,12893,53.10
20,1297,MASPTOP50,EQ,84808,70246,82.83
20,1298,MASTEK,EQ,38532,14826,38.48
20,1299,MASTER,SM,2000,2000,100.00
20,1300,MATRIMONY,EQ,8137,4843,59.52
20,1301,MAWANASUG,EQ,57963,32904,56.77
20,1302,MAXESTATES,EQ,367876,91229,24.80
20,1303,MAXHEALTH,EQ,1280034,722206,56.42
20,1304,MAXIND,EQ,38674,25680,66.40
20,1305,MAYURUNIQ,EQ,434293,189741,43.69
20,1306,MAZDA,EQ,117935,20278,17.19
20,1307,MAZDOCK,EQ,498121,190472,38.24
20,1308,MBAPL,EQ,18244,13187,72.28
20,1309,MCDOWELL-N,EQ,435188,192826,44.31
20,1310,MCL,EQ,168842,39314,23.28
20,1311,MCLEODRUSS,EQ,1930549,1214748,62.92
20,1312,MCON,SM,2000,2000,100.00
20,1313,MCX,EQ,631012,156918,24.87
20,1314,MDL,SM,20000,20000,100.00
20,1315,MEDANTA,EQ,114079,65872,57.74
20,1316,MEDICAMEQ,EQ,9202,5674,61.66
20,1317,MEDICO,EQ,187120,57400,30.68
20,1318,MEDPLUS,EQ,57102,24773,43.38
20,1319,MEGAFLEX,SM,3000,3000,100.00
20,1320,MEGASTAR,EQ,91373,47378,51.85
20,1321,MENONBE,EQ,93729,50992,54.40
20,1322,MEP,EQ,1031138,547556,53.10
20,1323,METROBRAND,EQ,119070,63875,53.64
20,1324,METROPOLIS,EQ,124821,28841,23.11
20,1325,MFSL,EQ,747364,326581,43.70
20,1326,MGEL,EQ,41147,31584,76.76
20,1327,MGL,EQ,226752,99602,43.93
20,1328,MHHL,SM,18000,18000,100.00
20,1329,MHLXMIRU,EQ,5309,2819,53.10
20,1330,MHRIL,EQ,99965,47131,47.15
20,1331,MICROPRO,ST,78400,76800,97.96
20,1332,MID150BEES,EQ,195019,151175,77.52
20,1333,MIDCAPETF,EQ,296768,238652,80.42
20,1334,MIDHANI,EQ,983150,260779,26.52
20,1335,MILTON,SM,22000,17600,80.00
20,1336,MINDACORP,EQ,917947,285933,31.15
20,1337,MINDPOOL,ST,1000,1000,100.00
20,1338,MINDSPACE,RR,100060,71993,71.95
20,1339,MINDTECK,EQ,95985,41792,43.54
20,1340,MIRZAINT,EQ,210956,96569,45.78
20,1341,MITCON,EQ,48145,22125,45.95
20,1342,MITTAL,EQ,4546122,2525110,55.54
20,1343,MKPL,EQ,2484751,637419,25.65
20,1344,M&M,EQ,1269475,665034,52.39
20,1345,M&MFIN,EQ,1750195,1005417,57.45
20,1346,M&MFIN,N2,60,50,83.33
20,1347,MMFL,EQ,41578,23503,56.53
20,1348,MMP,EQ,5132,4503,87.74
20,1349,MMTC,EQ,10616908,3515265,33.11
20,1350,MODISONLTD,EQ,65680,38211,58.18
20,1351,MOGSEC,EQ,1140,1135,99.56
20,1352,MOHEALTH,EQ,13837,5642,40.77
20,1353,MOHITIND,EQ,22007,8404,38.19
20,1354,MOIL,EQ,2537912,717979,28.29
20,1355,MOL,EQ,303890,165411,54.43
20,1356,MOLDTECH,EQ,107797,70344,65.26
20,1357,MOLDTKPAC,EQ,31902,18209,57.08
20,1358,MOLOWVOL,EQ,5793,2594,44.78
20,1359,MOM100,EQ,157013,78563,50.04
20,1360,MOM50,EQ,1546,1316,85.12
20,1361,MOMENTUM,EQ,4383,2086,47.59
20,1362,MOMOMENTUM,EQ,21505,18356,85.36
20,1363,MON100,EQ,267216,185967,69.59
20,1364,MONARCH,EQ,458722,57233,12.48
20,1365,MONIFTY500,EQ,51577,40241,78.02
20,1366,MONOPHARMA,SM,108000,104000,96.30
20,1367,MONQ50,EQ,12177,6608,54.27
20,1368,MONTECARLO,EQ,23807,13523,56.80
20,1369,MORARJEE,EQ,59648,37530,62.92
20,1370,MOREPENLAB,EQ,30674277,10156755,33.11
20,1371,MOS,SM,35200,27200,77.27
20,1372,MOTHERSON,EQ,9734333,5756520,59.14
20,1373,MOTILALOFS,EQ,505147,231568,45.84
20,1374,MOVALUE,EQ,23339,19354,82.93
20,1375,MOXSH,SM,1600,1600,100.00
20,1376,MPHASIS,EQ,336105,108617,32.32
20,1377,MPSLTD,EQ,40646,14956,36.80
20,1378,MRF,EQ,3222,1191,36.96
20,1379,MRO-TEK,EQ,14969,6940,46.36
20,1380,MRPL,EQ,2326308,756126,32.50
20,1381,MSTCLTD,EQ,214868,112073,52.16
20,1382,MSUMI,EQ,2946611,1711875,58.10
20,1383,MTARTECH,EQ,102363,51658,50.47
20,1384,MTNL,EQ,2903026,889203,30.63
20,1385,MUFIN,EQ,53617,43302,80.76
20,1386,MUKANDLTD,EQ,186160,101041,54.28
20,1387,MUNJALAU,EQ,3389918,1305383,38.51
20,1388,MUNJALSHOW,EQ,189287,75879,40.09
20,1389,MUTHOOTCAP,EQ,37400,18161,48.56
20,1390,MUTHOOTFIN,EQ,221435,96980,43.80
20,1391,MVGJL,EQ,447136,217787,48.71
20,1392,MWL,SM,4800,4800,100.00
20,1393,NABARD,N1,4945,3235,65.42
20,1394,NABARD,N2,950,500,52.63
20,1395,NACLIND,EQ,391486,172392,44.04
20,1396,NAGAFERT,EQ,526399,408417,77.59
20,1397,NAGREEKEXP,EQ,121773,36760,30.19
20,1398,NAHARCAP,EQ,22936,14192,61.88
20,1399,NAHARINDUS,EQ,113422,51439,45.35
20,1400,NAHARPOLY,EQ,21438,6611,30.84
20,1401,NAHARSPING,EQ,315485,130052,41.22
20,1402,NAM-INDIA,EQ,471683,177007,37.53
20,1403,NARMADA,EQ,72257,29321,40.58
20,1404,NATCOPHARM,EQ,1926532,916585,47.58
20,1405,NATHBIOGEN,EQ,42253,29810,70.55
20,1406,NATIONALUM,EQ,7740924,3784007,48.88
20,1407,NAUKRI,EQ,84769,34241,40.39
20,1408,NAVA,EQ,282964,154263,54.52
20,1409,NAVIFIN,N1,699,693,99.14
20,1410,NAVIFIN,N3,153,153,100.00
20,1411,NAVIFIN,N5,1,1,100.00
20,1412,NAVIFIN,N6,1,1,100.00
20,1413,NAVIFIN,N7,153,153,100.00
20,1414,NAVIFIN,N8,40,40,100.00
20,1415,NAVINFLUOR,EQ,73308,37991,51.82
20,1416,NAVINIFTY,EQ,112,101,90.18
20,1417,NAVKARCORP,EQ,599544,304804,50.84
20,1418,NAVNETEDUL,EQ,105507,58154,55.12
20,1419,NAZARA,EQ,90290,37135,41.13
20,1420,NBCC,EQ,8529552,4056196,47.55
20,1421,NBIFIN,EQ,263,209,79.47
20,1422,NCC,EQ,5522832,2669401,48.33
20,1423,NCLIND,EQ,140291,71053,50.65
20,1424,NDGL,EQ,9456,4950,52.35
20,1425,NDL,EQ,1592527,976033,61.29
20,1426,NDTV,EQ,82200,41310,50.26
20,1427,NECCLTD,EQ,8521774,1907444,22.38
20,1428,NECLIFE,EQ,2732181,1223841,44.79
20,1429,NELCAST,EQ,188804,93101,49.31
20,1430,NELCO,EQ,106623,41292,38.73
20,1431,NEOGEN,EQ,16124,8052,49.94
20,1432,NESCO,EQ,221574,84308,38.05
20,1433,NESTLEIND,EQ,36821,22495,61.09
20,1434,NETF,EQ,950,365,38.42
20,1435,NETWEB,EQ,49810,23156,46.49
20,1436,NETWORK18,EQ,3923456,1469827,37.46
20,1437,NEULANDLAB,EQ,19942,9317,46.72
20,1438,NEWJAISA,SM,219000,150000,68.49
20,1439,NEXT50,EQ,2735,2642,96.60
20,1440,NFL,EQ,2124598,946698,44.56
20,1441,NGIL,EQ,250055,72574,29.02
20,1442,NGLFINE,EQ,4124,2664,64.60
20,1443,NH,EQ,862376,219667,25.47
20,1444,NHAI,N2,522,522,100.00
20,1445,NHAI,N4,1081,1027,95.00
20,1446,NHAI,N6,1263,1082,85.67
20,1447,NHAI,N8,4,4,100.00
20,1448,NHAI,N9,31768,31768,100.00
20,1449,NHAI,NA,360,0,0.00
20,1450,NHAI,NE,32,32,100.00
20,1451,NHBTF2014,N6,346,266,76.88
20,1452,NHBTF2023,N6,30,30,100.00
20,1453,NHIT,N1,2657,2657,100.00
20,1454,NHIT,N2,1082,1082,100.00
20,1455,NHIT,N3,273,273,100.00
20,1456,NHPC,EQ,39760661,12889128,32.42
20,1457,NIACL,EQ,14490879,2219170,15.31
20,1458,NIBL,EQ,119280,56329,47.22
20,1459,NIDAN,SM,20000,19000,95.00
20,1460,NIDO,N6,107,107,100.00
20,1461,NIDO,N7,152,152,100.00
20,1462,NIF100BEES,EQ,8414,6401,76.08
20,1463,NIFMID150,EQ,742,496,66.85
20,1464,NIFTYBEES,EQ,1531757,1090633,71.20
20,1465,NIFTYETF,EQ,12110,7573,62.54
20,1466,NIFTYQLITY,EQ,31684,14286,45.09
20,1467,NIITLTD,EQ,352204,173187,49.17
20,1468,NIITMTS,EQ,117985,66068,56.00
20,1469,NILASPACES,EQ,394936,234734,59.44
20,1470,NILKAMAL,EQ,1163,726,62.42
20,1471,NINSYS,EQ,6706,3799,56.65
20,1472,NIRAJ,EQ,268046,156477,58.38
20,1473,NIRMAN,SM,11400,10800,94.74
20,1474,NITINSPIN,EQ,4520164,615112,13.61
20,1475,NLCINDIA,EQ,2085955,451217,21.63
20,1476,NMDC,EQ,11250935,6065469,53.91
20,1477,NOCIL,EQ,499400,183573,36.76
20,1478,NPBET,EQ,256,219,85.55
20,1479,NPST,ST,2900,2900,100.00
20,1480,NRAIL,EQ,20407,16805,82.35
20,1481,NRBBEARING,EQ,149849,85876,57.31
20,1482,NRL,EQ,48623,32480,66.80
20,1483,NSIL,EQ,6609,4327,65.47
20,1484,NSLNISP,EQ,3238695,1680255,51.88
20,1485,NTPC,EQ,5275418,2900902,54.99
20,1486,NTPC,N4,24,24,100.00
20,1487,NTPC,N6,2,0,0.00
20,1488,NTPC,N7,49061,35755,72.88
20,1489,NTPC,NC,10,10,100.00
20,1490,NTPC,ND,100,100,100.00
20,1491,NURECA,EQ,29872,8885,29.74
20,1492,NUVAMA,EQ,110815,59131,53.36
20,1493,NUVOCO,EQ,135786,98952,72.87
20,1494,NV20BEES,EQ,6711,4961,73.92
20,1495,NXST,RR,1138223,834666,73.33
20,1496,NYKAA,EQ,10447921,4721989,45.20
20,1497,OAL,EQ,7816,5431,69.49
20,1498,OBCL,EQ,38281,14043,36.68
20,1499,OBEROIRLTY,EQ,728811,249291,34.21
20,1500,OCCL,EQ,12384,5770,46.59
20,1501,OFSS,EQ,72957,29817,40.87
20,1502,OIL,EQ,1108956,612724,55.25
20,1503,OLECTRA,EQ,846768,272811,32.22
20,1504,OLIL,SM,3600,3600,100.00
20,1505,OMAXAUTO,EQ,35946,20160,56.08
20,1506,OMAXE,EQ,814887,411336,50.48
20,1507,ONDOOR,SM,8400,8400,100.00
20,1508,ONELIFECAP,EQ,13242,10345,78.12
20,1509,ONEPOINT,EQ,2468145,1404463,56.90
20,1510,ONGC,EQ,7538825,4623531,61.33
20,1511,ONMOBILE,EQ,512929,194573,37.93
20,1512,ONWARDTEC,EQ,229661,85815,37.37
20,1513,OPTIEMUS,EQ,316926,149394,47.14
20,1514,ORBTEXP,EQ,7440,3516,47.26
20,1515,ORCHPHARMA,EQ,184317,126246,68.49
20,1516,ORIANA,SM,97800,72600,74.23
20,1517,ORICONENT,EQ,270315,158504,58.64
20,1518,ORIENTALTL,EQ,30256,20167,66.65
20,1519,ORIENTBELL,EQ,10032,5988,59.69
20,1520,ORIENTCEM,EQ,1082588,345555,31.92
20,1521,ORIENTCER,EQ,184780,113037,61.17
20,1522,ORIENTELEC,EQ,90831,53478,58.88
20,1523,ORIENTHOT,EQ,278541,156405,56.15
20,1524,ORIENTLTD,EQ,47284,6160,13.03
20,1525,ORIENTPPR,EQ,915757,485911,53.06
20,1526,ORISSAMINE,EQ,97217,21751,22.37
20,1527,ORTINLAB,EQ,89199,63390,71.07
20,1528,OSIAHYPER,EQ,1014161,355049,35.01
20,1529,OSWALAGRO,EQ,65743,55753,84.80
20,1530,OSWALGREEN,EQ,200935,120310,59.88
20,1531,OSWALSEEDS,EQ,53434,25020,46.82
20,1532,PAGEIND,EQ,14443,5609,38.84
20,1533,PAISALO,EQ,888287,445607,50.16
20,1534,PAKKA,EQ,92291,49586,53.73
20,1535,PALREDTEC,EQ,27245,16578,60.85
20,1536,PANACEABIO,EQ,83964,44106,52.53
20,1537,PANAMAPET,EQ,408723,157354,38.50
20,1538,PAR,EQ,18866,11321,60.01
20,1539,PARADEEP,EQ,3881441,1641851,42.30
20,1540,PARAGMILK,EQ,409383,211743,51.72
20,1541,PARAGON,SM,60000,50400,84.00
20,1542,PARAS,EQ,91358,38137,41.74
20,1543,PARIN,SM,4000,4000,100.00
20,1544,PARTYCRUS,SM,10000,10000,100.00
20,1545,PASUPTAC,EQ,225510,140712,62.40
20,1546,PATANJALI,EQ,411613,302970,73.61
20,1547,PATELENG,EQ,6653753,4262658,64.06
20,1548,PATINTLOG,EQ,404462,271089,67.02
20,1549,PAVNAIND,EQ,721,354,49.10
20,1550,PAYTM,EQ,2331673,1123113,48.17
20,1551,PCBL,EQ,3855995,1123245,29.13
20,1552,PCJEWELLER,EQ,2346833,1562963,66.60
20,1553,PDMJEPAPER,EQ,200266,114354,57.10
20,1554,PDSL,EQ,89131,46239,51.88
20,1555,PEARLPOLY,EQ,131965,86474,65.53
20,1556,PEL,EQ,828804,424807,51.26
20,1557,PEL,N0,2,2,100.00
20,1558,PEL,N1,2221,2221,100.00
20,1559,PEL,N3,253,253,100.00
20,1560,PENIND,EQ,5126174,1638320,31.96
20,1561,PENINLAND,EQ,2111858,1349244,63.89
20,1562,PENTAGON,SM,10000,9000,90.00
20,1563,PERFECT,SM,60000,60000,100.00
20,1564,PERSISTENT,EQ,403953,115243,28.53
20,1565,PETRONET,EQ,2353287,1116881,47.46
20,1566,PFC,EQ,9908872,3959117,39.96
20,1567,PFC,N5,1,1,100.00
20,1568,PFC,N8,3994,3272,81.92
20,1569,PFIZER,EQ,64593,18448,28.56
20,1570,PFOCUS,EQ,148144,77762,52.49
20,1571,PFS,EQ,2961826,1228682,41.48
20,1572,PGEL,EQ,90337,42314,46.84
20,1573,PGHH,EQ,9979,2065,20.69
20,1574,PGHL,EQ,4642,2895,62.37
20,1575,PGINVIT,IV,595199,554840,93.22
20,1576,PHANTOMFX,SM,66600,36900,55.41
20,1577,PHARMABEES,EQ,3405295,1806798,53.06
20,1578,PHOENIXLTD,EQ,355438,191686,53.93
20,1579,PIDILITIND,EQ,143168,68862,48.10
20,1580,PIIND,EQ,134195,47047,35.06
20,1581,PILANIINVS,EQ,28328,13276,46.87
20,1582,PILITA,EQ,670621,491340,73.27
20,1583,PITTIENG,EQ,104971,53039,50.53
20,1584,PIXTRANS,EQ,28980,11063,38.17
20,1585,PLADAINFO,SM,9000,9000,100.00
20,1586,PLASTIBLEN,EQ,35179,20604,58.57
20,1587,PNB,EQ,35533376,11419530,32.14
20,1588,PNBGILTS,EQ,1107680,296617,26.78
20,1589,PNBHOUSING,EQ,231443,68925,29.78
20,1590,PNC,EQ,103432,52162,50.43
20,1591,PNCINFRA,EQ,199359,95055,47.68
20,1592,POCL,EQ,22860,12289,53.76
20,1593,PODDARMENT,EQ,3286,1675,50.97
20,1594,POKARNA,EQ,46193,17898,38.75
20,1595,POLICYBZR,EQ,533754,228835,42.87
20,1596,POLYCAB,EQ,569920,121943,21.40
20,1597,POLYMED,EQ,37968,13873,36.54
20,1598,POLYPLEX,EQ,64873,41163,63.45
20,1599,PONNIERODE,EQ,18978,11759,61.96
20,1600,POONAWALLA,EQ,2297875,1683351,73.26
20,1601,POONAWALLA,N6,6,6,100.00
20,1602,POWERGRID,EQ,13079580,8597417,65.73
20,1603,POWERINDIA,EQ,98107,47667,48.59
20,1604,POWERMECH,EQ,24128,13121,54.38
20,1605,PPAP,EQ,43839,21667,49.42
20,1606,PPL,EQ,141485,83481,59.00
20,1607,PPLPHARMA,EQ,7792598,3119654,40.03
20,1608,PRAJIND,EQ,374246,148035,39.56
20,1609,PRAMARA,SM,22000,22000,100.00
20,1610,PRECAM,EQ,87049,43761,50.27
20,1611,PRECISION,SM,18000,12000,66.67
20,1612,PRECOT,EQ,4302,3434,79.82
20,1613,PRECWIRE,EQ,259158,119293,46.03
20,1614,PREMEXPLN,EQ,95715,54117,56.54
20,1615,PRESTIGE,EQ,506903,226520,44.69
20,1616,PRICOLLTD,EQ,142058,62839,44.23
20,1617,PRIMESECU,EQ,57984,43451,74.94
20,1618,PRINCEPIPE,EQ,121480,47894,39.43
20,1619,PRITI,EQ,272657,155840,57.16
20,1620,PRITIKA,SM,6000,6000,100.00
20,1621,PRITIKAUTO,EQ,3081798,1866912,60.58
20,1622,PRIVISCL,EQ,21549,12214,56.68
20,1623,PROLIFE,SM,4000,4000,100.00
20,1624,PROPEQUITY,SM,10800,9000,83.33
20,1625,PROV,SM,480,480,100.00
20,1626,PROZONER,EQ,688383,329162,47.82
20,1627,PRSMJOHNSN,EQ,729310,269582,36.96
20,1628,PRUDENT,EQ,28977,11996,41.40
20,1629,PSB,EQ,982071,417699,42.53
20,1630,PSPPROJECT,EQ,47948,23738,49.51
20,1631,PSUBANKICI,EQ,380410,225054,59.16
20,1632,PSUBNKBEES,EQ,1479042,995222,67.29
20,1633,PTC,EQ,2092368,1115460,53.31
20,1634,PTCIL,EQ,3071,1976,64.34
20,1635,PTL,EQ,131933,71755,54.39
20,1636,PULZ,SM,124000,108000,87.10
20,1637,PUNJABCHEM,EQ,5562,3168,56.96
20,1638,PURVA,EQ,840807,256425,30.50
20,1639,PVRINOX,EQ,171512,58664,34.20
20,1640,PYRAMID,EQ,161798,91350,56.46
20,1641,QFIL,SM,5000,3000,60.00
20,1642,QGOLDHALF,EQ,30650,18344,59.85
20,1643,QMSMEDI,SM,34000,16000,47.06
20,1644,QNIFTY,EQ,300,180,60.00
20,1645,QUESS,EQ,397189,135487,34.11
20,1646,QUICKHEAL,EQ,166790,81770,49.03
20,1647,QUICKTOUCH,SM,17500,13500,77.14
20,1648,RACE,EQ,14991,8652,57.71
20,1649,RADHIKAJWE,EQ,638216,386236,60.52
20,1650,RADIANTCMS,EQ,373825,219448,58.70
20,1651,RADICO,EQ,82676,29740,35.97
20,1652,RADIOCITY,EQ,635376,328041,51.63
20,1653,RADIOCITY,P1,2692,2692,100.00
20,1654,RAILTEL,EQ,12411441,3947390,31.80
20,1655,RAIN,EQ,5336577,2245806,42.08
20,1656,RAINBOW,EQ,382394,107138,28.02
20,1657,RAJESHEXPO,EQ,2130516,560955,26.33
20,1658,RAJRATAN,EQ,23939,13073,54.61
20,1659,RAJTV,EQ,12731,7181,56.41
20,1660,RALLIS,EQ,9983455,995393,9.97
20,1661,RAMANEWS,EQ,653775,341863,52.29
20,1662,RAMAPHO,EQ,16382,12415,75.78
20,1663,RAMASTEEL,EQ,2294118,927170,40.42
20,1664,RAMCOCEM,EQ,413704,241230,58.31
20,1665,RAMCOIND,EQ,157500,65591,41.65
20,1666,RAMCOSYS,EQ,78861,57130,72.44
20,1667,RAMKY,EQ,142798,58916,41.26
20,1668,RAMRAT,EQ,18813,9263,49.24
20,1669,RANASUG,EQ,1299479,547283,42.12
20,1670,RANEENGINE,EQ,15362,10302,67.06
20,1671,RANEHOLDIN,EQ,18693,14745,78.88
20,1672,RATEGAIN,EQ,337350,117995,34.98
20,1673,RATNAMANI,EQ,18886,4145,21.95
20,1674,RATNAVEER,EQ,232681,142653,61.31
20,1675,RAYMOND,EQ,576383,268999,46.67
20,1676,RBA,EQ,1178289,822176,69.78
20,1677,RBL,EQ,46634,12796,27.44
20,1678,RBLBANK,EQ,4666314,1134605,24.31
20,1679,RBMINFRA,SM,53000,50000,94.34
20,1680,RCDL,SM,30000,30000,100.00
20,1681,RCF,EQ,2035115,1059937,52.08
20,1682,RECLTD,EQ,6725503,2084190,30.99
20,1683,RECLTD,N2,50,50,100.00
20,1684,RECLTD,N9,1254,1084,86.44
20,1685,RECLTD,NE,344,244,70.93
20,1686,RECLTD,NF,10,10,100.00
20,1687,RECLTD,NH,246,246,100.00
20,1688,RECLTD,NI,50,50,100.00
20,1689,REDINGTON,EQ,1198624,794898,66.32
20,1690,REDTAPE,EQ,183241,76902,41.97
20,1691,REFEX,EQ,30825,20425,66.26
20,1692,RELAXO,EQ,41203,25924,62.92
20,1693,RELCHEMQ,EQ,59532,18093,30.39
20,1694,RELIANCE,EQ,4267407,2762388,64.73
20,1695,RELIGARE,EQ,1012023,447779,44.25
20,1696,RELINFRA,EQ,1299365,824590,63.46
20,1697,REMUS,SM,950,825,86.84
20,1698,RENUKA,EQ,4666812,1651703,35.39
20,1699,REPCOHOME,EQ,245123,119215,48.63
20,1700,REPL,EQ,23921,15905,66.49
20,1701,REPRO,EQ,34607,31445,90.86
20,1702,RESPONIND,EQ,136870,49948,36.49
20,1703,REXPIPES,SM,6000,6000,100.00
20,1704,RGL,EQ,154752,68642,44.36
20,1705,RHIM,EQ,392941,153689,39.11
20,1706,RHL,EQ,16799,13400,79.77
20,1707,RICHA,SM,2000,2000,100.00
20,1708,RICOAUTO,EQ,1851624,955450,51.60
20,1709,RIIL,EQ,690012,123126,17.84
20,1710,RILINFRA,SM,27100,26900,99.26
20,1711,RISHABH,EQ,163852,94523,57.69
20,1712,RITCO,EQ,11188,6928,61.92
20,1713,RITES,EQ,550670,198866,36.11
20,1714,RITEZONE,SM,152000,131200,86.32
20,1715,RKEC,EQ,693840,201933,29.10
20,1716,RKFORGE,EQ,568210,338608,59.59
20,1717,RMDRIP,SM,78000,74000,94.87
20,1718,RML,EQ,8565,4477,52.27
20,1719,ROHLTD,EQ,68729,33658,48.97
20,1720,ROLEXRINGS,EQ,7534,3672,48.74
20,1721,ROML,EQ,1506,896,59.50
20,1722,ROSSARI,EQ,43743,22209,50.77
20,1723,ROSSELLIND,EQ,71019,29354,41.33
20,1724,ROTO,EQ,113563,44741,39.40
20,1725,ROUTE,EQ,44135,28520,64.62
20,1726,ROXHITECH,ST,339200,308800,91.04
20,1727,RPGLIFE,EQ,43357,13481,31.09
20,1728,RPOWER,EQ,118764772,20335257,17.12
20,1729,RPPL,EQ,20363,16402,80.55
20,1730,RPSGVENT,EQ,652085,281619,43.19
20,1731,RRKABEL,EQ,549759,185805,33.80
20,1732,RSWM,EQ,1607081,396003,24.64
20,1733,RSYSTEMS,EQ,77927,61231,78.57
20,1734,RTNINDIA,EQ,26215217,6157833,23.49
20,1735,RTNPOWER,EQ,9352224,9351855,100.00
20,1736,RUBYMILLS,EQ,21218,9685,45.65
20,1737,RUCHIRA,EQ,30315,18785,61.97
20,1738,RUPA,EQ,237078,100674,42.46
20,1739,RUSHIL,EQ,237268,123340,51.98
20,1740,RUSTOMJEE,EQ,8330,4690,56.30
20,1741,RVNL,EQ,10600693,3423836,32.30
20,1742,SAAKSHI,SM,58800,46800,79.59
20,1743,SABAR,SM,5000,5000,100.00
20,1744,SADHNANIQ,EQ,1149033,450502,39.21
20,1745,SAFARI,EQ,32883,15225,46.30
20,1746,SAGARDEEP,EQ,46241,13764,29.77
20,1747,SAGCEM,EQ,102365,51730,50.53
20,1748,SAH,EQ,150422,53478,35.55
20,1749,SAHAJ,SM,8000,8000,100.00
20,1750,SAHANA,SM,29500,21000,71.19
20,1751,SAHYADRI,EQ,15853,7476,47.16
20,1752,SAIL,EQ,11701214,4507293,38.52
20,1753,SAKAR,EQ,64058,35254,55.03
20,1754,SAKHTISUG,EQ,523058,260689,49.84
20,1755,SALASAR,EQ,1034526,574385,55.52
20,1756,SALONA,EQ,12884,6869,53.31
20,1757,SALSTEEL,EQ,321199,190234,59.23
20,1758,SALZERELEC,EQ,58492,27177,46.46
20,1759,SAMBHAAV,EQ,253305,136550,53.91
20,1760,SAMHI,EQ,1215433,470909,38.74
20,1761,SAMPANN,EQ,110534,56479,51.10
20,1762,SANDESH,EQ,1159,799,68.94
20,1763,SANDHAR,EQ,140211,49118,35.03
20,1764,SANDUMA,EQ,29598,11182,37.78
20,1765,SANGAMIND,EQ,96868,29974,30.94
20,1766,SANGANI,SM,75000,66000,88.00
20,1767,SANGHIIND,EQ,296601,226692,76.43
20,1768,SANGHVIMOV,EQ,103501,51080,49.35
20,1769,SANGINITA,EQ,399237,267076,66.90
20,1770,SANOFI,EQ,48449,19874,41.02
20,1771,SANSERA,EQ,143530,83094,57.89
20,1772,SAPPHIRE,EQ,71964,47680,66.26
20,1773,SARDAEN,EQ,243288,120482,49.52
20,1774,SAREGAMA,EQ,765827,223235,29.15
20,1775,SARLAPOLY,EQ,175168,83876,47.88
20,1776,SAROJA,SM,9600,4800,50.00
20,1777,SARTELE,ST,128000,124000,96.88
20,1778,SASKEN,EQ,8132,4319,53.11
20,1779,SASTASUNDR,EQ,925165,175030,18.92
20,1780,SATIA,EQ,382419,216292,56.56
20,1781,SATIN,EQ,317415,172478,54.34
20,1782,SATINDLTD,EQ,500315,202159,40.41
20,1783,SBC,EQ,1038030,699261,67.36
20,1784,SBCL,EQ,118998,57410,48.24
20,1785,SBFC,EQ,1482050,786058,53.04
20,1786,SBGLP,EQ,37021,7130,19.26
20,1787,SBICARD,EQ,1528078,765200,50.08
20,1788,SBIETFCON,EQ,838,677,80.79
20,1789,SBIETFIT,EQ,11806,10825,91.69
20,1790,SBIETFPB,EQ,762,412,54.07
20,1791,SBIETFQLTY,EQ,822,553,67.27
20,1792,SBILIFE,EQ,865655,443487,51.23
20,1793,SBIN,EQ,14909071,7609977,51.04
20,1794,SCHAEFFLER,EQ,325805,262648,80.62
20,1795,SCHAND,EQ,75334,47123,62.55
20,1796,SCHNEIDER,EQ,247578,138273,55.85
20,1797,SCI,EQ,2457702,1529622,62.24
20,1798,SCML,SM,46000,36000,78.26
20,1799,SCPL,EQ,9154,5343,58.37
20,1800,SDBL,EQ,226907,141187,62.22
20,1801,SDL24BEES,EQ,432,432,100.00
20,1802,SDL26BEES,EQ,1004,1004,100.00
20,1803,SEAMECLTD,EQ,98674,46924,47.55
20,1804,SECL,SM,25000,25000,100.00
20,1805,SECMARK,EQ,6664,4724,70.89
20,1806,SECURCRED,EQ,844741,630713,74.66
20,1807,SECURKLOUD,EQ,108940,37531,34.45
20,1808,SEL,SM,8800,6400,72.73
20,1809,SELAN,EQ,208254,92923,44.62
20,1810,SENCO,EQ,733029,230868,31.50
20,1811,SENSEXETF,EQ,4277,2639,61.70
20,1812,SEPC,EQ,8654887,6426896,74.26
20,1813,SEQUENT,EQ,3884804,923270,23.77
20,1814,SESHAPAPER,EQ,39969,22559,56.44
20,1815,SETF10GILT,EQ,10056,7659,76.16
20,1816,SETFGOLD,EQ,247681,192696,77.80
20,1817,SETFNIF50,EQ,89906,57209,63.63
20,1818,SETFNIFBK,EQ,588549,586493,99.65
20,1819,SETFNN50,EQ,5611,2968,52.90
20,1820,SFL,EQ,88381,39946,45.20
20,1821,SGBAPR28I,GB,89,47,52.81
20,1822,SGBAUG24,GB,187,132,70.59
20,1823,SGBAUG27,GB,61,61,100.00
20,1824,SGBAUG28V,GB,745,679,91.14
20,1825,SGBAUG29V,GB,290,241,83.10
20,1826,SGBAUG30,GB,367,222,60.49
20,1827,SGBD29VIII,GB,31,28,90.32
20,1828,SGBDC27VII,GB,32,32,100.00
20,1829,SGBDE30III,GB,256,156,60.94
20,1830,SGBDEC25,GB,2,2,100.00
20,1831,SGBDEC25XI,GB,1,1,100.00
20,1832,SGBDEC26,GB,9,9,100.00
20,1833,SGBFEB24,GB,37,37,100.00
20,1834,SGBFEB27,GB,30,30,100.00
20,1835,SGBFEB28IX,GB,31,30,96.77
20,1836,SGBFEB29XI,GB,147,144,97.96
20,1837,SGBJ28VIII,GB,2,2,100.00
20,1838,SGBJAN26,GB,13,13,100.00
20,1839,SGBJAN29IX,GB,344,287,83.43
20,1840,SGBJAN29X,GB,38,37,97.37
20,1841,SGBJAN30IX,GB,77,49,63.64
20,1842,SGBJU29III,GB,75,63,84.00
20,1843,SGBJUL25,GB,22,17,77.27
20,1844,SGBJUL27,GB,75,51,68.00
20,1845,SGBJUL28IV,GB,271,260,95.94
20,1846,SGBJUL29IV,GB,126,111,88.10
20,1847,SGBJUN27,GB,22,22,100.00
20,1848,SGBJUN28,GB,25,23,92.00
20,1849,SGBJUN29II,GB,187,173,92.51
20,1850,SGBJUN30,GB,82,69,84.15
20,1851,SGBJUN31I,GB,1366,1235,90.41
20,1852,SGBMAR24,GB,18,14,77.78
20,1853,SGBMAR25,GB,1,1,100.00
20,1854,SGBMAR28X,GB,2,2,100.00
20,1855,SGBMAR30X,GB,5,5,100.00
20,1856,SGBMAR31IV,GB,188,146,77.66
20,1857,SGBMAY25,GB,13,13,100.00
20,1858,SGBMAY26,GB,8,8,100.00
20,1859,SGBMAY28,GB,264,250,94.70
20,1860,SGBMAY29I,GB,429,338,78.79
20,1861,SGBMR29XII,GB,355,218,61.41
20,1862,SGBN28VIII,GB,44,38,86.36
20,1863,SGBNOV23,GB,30,29,96.67
20,1864,SGBNOV24,GB,65,44,67.69
20,1865,SGBNOV25,GB,21,21,100.00
20,1866,SGBNOV25VI,GB,16,16,100.00
20,1867,SGBNOV26,GB,15,15,100.00
20,1868,SGBNV29VII,GB,190,174,91.58
20,1869,SGBOC28VII,GB,9,6,66.67
20,1870,SGBOCT25,GB,4,4,100.00
20,1871,SGBOCT26,GB,10,10,100.00
20,1872,SGBOCT27,GB,2,2,100.00
20,1873,SGBOCT27VI,GB,19,19,100.00
20,1874,SGBSEP24,GB,184,133,72.28
20,1875,SGBSEP27,GB,7,7,100.00
20,1876,SGBSEP28VI,GB,69,41,59.42
20,1877,SGBSEP29VI,GB,510,416,81.57
20,1878,SGBSEP31II,GB,2959,2807,94.86
20,1879,SHAH,EQ,3263984,1056031,32.35
20,1880,SHAILY,EQ,34049,22342,65.62
20,1881,SHAKTIPUMP,EQ,60845,18656,30.66
20,1882,SHALBY,EQ,765211,271463,35.48
20,1883,SHALPAINTS,EQ,84237,41674,49.47
20,1884,SHANKARA,EQ,29762,16196,54.42
20,1885,SHANTHALA,SM,57600,39600,68.75
20,1886,SHANTI,EQ,255858,98137,38.36
20,1887,SHANTIGEAR,EQ,1979020,341600,17.26
20,1888,SHARDACROP,EQ,54522,27295,50.06
20,1889,SHARDAMOTR,EQ,70064,45724,65.26
20,1890,SHAREINDIA,EQ,61972,24970,40.29
20,1891,SHAREINDIA,W1,3329,3269,98.20
20,1892,SHARIABEES,EQ,1261,1073,85.09
20,1893,SHEMAROO,EQ,80564,50243,62.36
20,1894,SHERA,SM,52000,46000,88.46
20,1895,SHIGAN,SM,6000,4500,75.00
20,1896,SHILPAMED,EQ,155075,76468,49.31
20,1897,SHIVALIK,EQ,10434,6261,60.01
20,1898,SHIVAMILLS,EQ,68875,25635,37.22
20,1899,SHIVATEX,EQ,150598,90535,60.12
20,1900,SHK,EQ,247395,130304,52.67
20,1901,SHOPERSTOP,EQ,21719,6413,29.53
20,1902,SHRADHA,EQ,102812,37976,36.94
20,1903,SHREDIGCEM,EQ,304314,154085,50.63
20,1904,SHREECEM,EQ,39407,32975,83.68
20,1905,SHREEPUSHK,EQ,52050,31816,61.13
20,1906,SHREMINVIT,IV,200000,200000,100.00
20,1907,SHRENIK,EQ,2902608,2509464,86.46
20,1908,SHREYAS,EQ,33275,17514,52.63
20,1909,SHRIPISTON,EQ,71507,56197,78.59
20,1910,SHRIRAMFIN,EQ,527815,301636,57.15
20,1911,SHRIRAMFIN,YI,182,128,70.33
20,1912,SHRIRAMFIN,YL,1,1,100.00
20,1913,SHRIRAMFIN,YV,119,119,100.00
20,1914,SHRIRAMFIN,YY,2,2,100.00
20,1915,SHRIRAMFIN,Z4,88,44,50.00
20,1916,SHRIRAMFIN,Z5,6,6,100.00
20,1917,SHRIRAMFIN,ZE,10,10,100.00
20,1918,SHRIRAMFIN,ZK,20,20,100.00
20,1919,SHRIRAMPPS,EQ,2274368,822778,36.18
20,1920,SHRITECH,SM,76000,64000,84.21
20,1921,SHUBHLAXMI,SM,17000,17000,100.00
20,1922,SHYAMCENT,EQ,571065,347645,60.88
20,1923,SHYAMMETL,EQ,354346,204180,57.62
20,1924,SHYAMTEL,EQ,1112,1112,100.00
20,1925,SIEMENS,EQ,163675,80029,48.90
20,1926,SIGACHI,EQ,3775422,1954066,51.76
20,1927,SIGMA,EQ,15158,6730,44.40
20,1928,SIGNATURE,EQ,459121,157013,34.20
20,1929,SIKKO,EQ,19448,7734,39.77
20,1930,SILGO,EQ,87870,21101,24.01
20,1931,SILINV,EQ,19614,10172,51.86
20,1932,SILLYMONKS,EQ,5721,4802,83.94
20,1933,SILVER,EQ,85971,64571,75.11
20,1934,SILVERBEES,EQ,2281078,1933043,84.74
20,1935,SILVERETF,EQ,383643,363983,94.88
20,1936,SILVERTUC,EQ,3249,1255,38.63
20,1937,SILVRETF,EQ,14230,13147,92.39
20,1938,SIMBHALS,EQ,146985,83537,56.83
20,1939,SINDHUTRAD,EQ,3439981,2121649,61.68
20,1940,SINTERCOM,EQ,13597,11991,88.19
20,1941,SIRCA,EQ,48395,21553,44.54
20,1942,SIS,EQ,25245,12342,48.89
20,1943,SIYSIL,EQ,159134,64726,40.67
20,1944,SJS,EQ,489969,401009,81.84
20,1945,SJVN,EQ,57544116,15302945,26.59
20,1946,SKFINDIA,EQ,84820,79499,93.73
20,1947,SKIPPER,EQ,333737,154633,46.33
20,1948,SKMEGGPROD,EQ,393537,192815,49.00
20,1949,SKP,SM,23500,20000,85.11
20,1950,SKYGOLD,EQ,124800,58400,46.79
20,1951,SMARTLINK,EQ,12713,10685,84.05
20,1952,SMCGLOBAL,EQ,520661,173466,33.32
20,1953,SMLISUZU,EQ,30671,10886,35.49
20,1954,SMLT,EQ,14026,6927,49.39
20,1955,SMSLIFE,EQ,1470,969,65.92
20,1956,SMSPHARMA,EQ,93003,45332,48.74
20,1957,SMVD,SM,8080,8080,100.00
20,1958,SNOWMAN,EQ,1260370,622407,49.38
20,1959,SOBHA,EQ,234149,55671,23.78
20,1960,SOLARA,EQ,70851,30079,42.45
20,1961,SOLARINDS,EQ,110689,62070,56.08
20,1962,SOLEX,SM,5200,5000,96.15
20,1963,SOMANYCERA,EQ,42664,31729,74.37
20,1964,SONACOMS,EQ,860263,482470,56.08
20,1965,SONATSOFTW,EQ,1232366,348399,28.27
20,1966,SONUINFRA,SM,9000,0,0.00
20,1967,SOTAC,SM,24000,22800,95.00
20,1968,SOTL,EQ,46475,24497,52.71
20,1969,SOUTHBANK,EQ,15831118,6428009,40.60
20,1970,SPAL,EQ,94970,31005,32.65
20,1971,SPANDANA,EQ,119585,44340,37.08
20,1972,SPARC,EQ,439692,132040,30.03
20,1973,SPCENET,EQ,984205,725915,73.76
20,1974,SPECIALITY,EQ,42008,24148,57.48
20,1975,SPECTRUM,SM,1875,1875,100.00
20,1976,SPECTSTM,SM,48800,39200,80.33
20,1977,SPENCERS,EQ,223798,121904,54.47
20,1978,SPIC,EQ,472781,237530,50.24
20,1979,SPLIL,EQ,66999,31043,46.33
20,1980,SPLPETRO,EQ,87616,40796,46.56
20,1981,SPORTKING,EQ,76264,34959,45.84
20,1982,SREEL,EQ,35371,11522,32.57
20,1983,SRF,EQ,110135,47702,43.31
20,1984,SRGHFL,EQ,82746,34738,41.98
20,1985,SRHHYPOLTD,EQ,11364,5980,52.62
20,1986,SRIVASAVI,SM,30000,25000,83.33
20,1987,SSFL,SM,66000,37000,56.06
20,1988,SSWL,EQ,105692,51738,48.95
20,1989,STAR,EQ,157265,68883,43.80
20,1990,STARCEMENT,EQ,310240,145248,46.82
20,1991,STARHEALTH,EQ,232818,136241,58.52
20,1992,STARPAPER,EQ,39987,20460,51.17
20,1993,STARTECK,EQ,100768,29735,29.51
20,1994,STCINDIA,EQ,290964,119633,41.12
20,1995,STEELCAS,EQ,25769,9029,35.04
20,1996,STEELCITY,EQ,62619,33716,53.84
20,1997,STEELXIND,EQ,11153586,6451150,57.84
20,1998,STEL,EQ,15199,8851,58.23
20,1999,STERTOOLS,EQ,118774,38141,32.11
20,2000,STLTECH,EQ,1848706,938377,50.76
20,2001,STOVEKRAFT,EQ,550437,221379,40.22
20,2002,STYLAMIND,EQ,21099,10056,47.66
20,2003,STYRENIX,EQ,159452,75415,47.30
20,2004,SUBEXLTD,EQ,2530992,1401894,55.39
20,2005,SUBROS,EQ,48978,21436,43.77
20,2006,SUDARSCHEM,EQ,61373,27791,45.28
20,2007,SUKHJITS,EQ,17317,11595,66.96
20,2008,SULA,EQ,157843,89888,56.95
20,2009,SUMICHEM,EQ,98916,46665,47.18
20,2010,SUMIT,EQ,93062,47872,51.44
20,2011,SUMMITSEC,EQ,22975,11773,51.24
20,2012,SUNDARMFIN,EQ,47703,26446,55.44
20,2013,SUNDARMHLD,EQ,241282,98637,40.88
20,2014,SUNDRMFAST,EQ,106412,92336,86.77
20,2015,SUNFLAG,EQ,837029,297222,35.51
20,2016,SUNPHARMA,EQ,1401782,641893,45.79
20,2017,SUNREST,ST,132800,123200,92.77
20,2018,SUNTECK,EQ,606548,226054,37.27
20,2019,SUNTV,EQ,571677,180895,31.64
20,2020,SUPERHOUSE,EQ,80079,45906,57.33
20,2021,SUPRAJIT,EQ,92281,46683,50.59
20,2022,SUPREMEENG,EQ,629355,625682,99.42
20,2023,SUPREMEIND,EQ,104117,47371,45.50
20,2024,SUPRIYA,EQ,500586,203361,40.62
20,2025,SURANASOL,EQ,277097,170998,61.71
20,2026,SURANAT&P,EQ,153987,82589,53.63
20,2027,SURANI,SM,1600,1200,75.00
20,2028,SURYALAXMI,EQ,27763,8113,29.22
20,2029,SURYAROSNI,EQ,763545,505774,66.24
20,2030,SURYODAY,EQ,269456,139301,51.70
20,2031,SUTLEJTEX,EQ,546514,196462,35.95
20,2032,SUVEN,EQ,457281,213542,46.70
20,2033,SUVENPHAR,EQ,583129,223081,38.26
20,2034,SUVIDHAA,EQ,361378,319738,88.48
20,2035,SWANENERGY,EQ,1748786,786274,44.96
20,2036,SWARAJ,SM,18000,18000,100.00
20,2037,SWARAJENG,EQ,5632,3806,67.58
20,2038,SWASTIK,SM,16800,8400,50.00
20,2039,SWELECTES,EQ,25271,16856,66.70
20,2040,SWSOLAR,EQ,1319901,789814,59.84
20,2041,SYMPHONY,EQ,16473,8920,54.15
20,2042,SYNCOMF,EQ,25859119,13279978,51.36
20,2043,SYNGENE,EQ,216650,78297,36.14
20,2044,SYNOPTICS,SM,27600,19800,71.74
20,2045,SYRMA,EQ,242158,92190,38.07
20,2046,SYSTANGO,SM,56800,42000,73.94
20,2047,TAINWALCHM,EQ,13398,9624,71.83
20,2048,TAJGVK,EQ,55879,28868,51.66
20,2049,TAKE,EQ,436575,295207,67.62
20,2050,TALBROAUTO,EQ,1798626,579803,32.24
20,2051,TANLA,EQ,329527,100485,30.49
20,2052,TAPIFRUIT,SM,1500,1500,100.00
20,2053,TARACHAND,SM,98000,74000,75.51
20,2054,TARC,EQ,1065814,584260,54.82
20,2055,TARMAT,EQ,105219,35609,33.84
20,2056,TARSONS,EQ,73755,35854,48.61
20,2057,TASTYBITE,EQ,1190,757,63.61
20,2058,TATACAPHSG,N4,50,50,100.00
20,2059,TATACAPHSG,N6,100,100,100.00
20,2060,TATACAPHSG,N8,2,1,50.00
20,2061,TATACHEM,EQ,456965,174692,38.23
20,2062,TATACOFFEE,EQ,797401,572579,71.81
20,2063,TATACOMM,EQ,862890,314444,36.44
20,2064,TATACONSUM,EQ,885449,356014,40.21
20,2065,TATAELXSI,EQ,78752,29457,37.40
20,2066,TATAINVEST,EQ,878911,114885,13.07
20,2067,TATAMETALI,EQ,68455,27532,40.22
20,2068,TATAMOTORS,EQ,9279642,4370679,47.10
20,2069,TATAMTRDVR,EQ,3568080,2317939,64.96
20,2070,TATAPOWER,EQ,4537969,1876182,41.34
20,2071,TATASTEEL,EQ,19588063,10095071,51.54
20,2072,TATVA,EQ,15248,10196,66.87
20,2073,TBZ,EQ,283897,87367,30.77
20,2074,TCFSL,NF,10,10,100.00
20,2075,TCFSL,NJ,160,160,100.00
20,2076,TCFSL,NL,640,630,98.44
20,2077,TCFSL,NN,10,10,100.00
20,2078,TCI,EQ,24428,9777,40.02
20,2079,TCIEXP,EQ,37978,23977,63.13
20,2080,TCNSBRANDS,EQ,162339,96030,59.15
20,2081,TCPLPACK,EQ,8239,3400,41.27
20,2082,TCS,EQ,1798051,1149027,63.90
20,2083,TDPOWERSYS,EQ,234361,118576,50.60
20,2084,TEAMLEASE,EQ,69121,19308,27.93
20,2085,TECH,EQ,11081,8571,77.35
20,2086,TECHM,EQ,750622,371514,49.49
20,2087,TECHNOE,EQ,344693,180732,52.43
20,2088,TEGA,EQ,61835,32041,51.82
20,2089,TEJASNET,EQ,214764,97986,45.62
20,2090,TEMBO,EQ,49575,16156,32.59
20,2091,TERASOFT,EQ,56641,36650,64.71
20,2092,TEXINFRA,EQ,1624089,662920,40.82
20,2093,TEXMOPIPES,EQ,84677,51034,60.27
20,2094,TEXRAIL,EQ,7256338,2816265,38.81
20,2095,TFCILTD,EQ,1007032,541941,53.82
20,2096,TFL,EQ,36742,18352,49.95
20,2097,TGBHOTELS,EQ,1552379,667870,43.02
20,2098,THANGAMAYL,EQ,18960,10526,55.52
20,2099,THEINVEST,EQ,123138,77081,62.60
20,2100,THEJO,EQ,4804,2672,55.62
20,2101,THEMISMED,EQ,97644,58888,60.31
20,2102,THERMAX,EQ,111305,60566,54.41
20,2103,THOMASCOOK,EQ,481980,286040,59.35
20,2104,THYROCARE,EQ,86387,44659,51.70
20,2105,TI,EQ,970522,488697,50.35
20,2106,TIDEWATER,EQ,45069,22258,49.39
20,2107,TIIL,EQ,39777,15713,39.50
20,2108,TIINDIA,EQ,2314405,589679,25.48
20,2109,TIJARIA,EQ,9805,8543,87.13
20,2110,TIMESCAN,SM,1000,1000,100.00
20,2111,TIMESGTY,EQ,24481,11187,45.70
20,2112,TIMETECHNO,EQ,1659163,449077,27.07
20,2113,TIMKEN,EQ,14922,7298,48.91
20,2114,TINPLATE,EQ,190100,75209,39.56
20,2115,TIPSINDLTD,EQ,148207,66790,45.07
20,2116,TIRUMALCHM,EQ,204307,114068,55.83
20,2117,TIRUPATI,SM,1500,1000,66.67
20,2118,TITAGARH,EQ,2808935,904304,32.19
20,2119,TITAN,EQ,980779,560200,57.12
20,2120,TMB,EQ,89283,50752,56.84
20,2121,TNIDETF,EQ,23704,17680,74.59
20,2122,TNPETRO,EQ,98718,63087,63.91
20,2123,TNPL,EQ,161457,80263,49.71
20,2124,TNTELE,EQ,40194,31877,79.31
20,2125,TOKYOPLAST,EQ,243342,112371,46.18
20,2126,TORNTPHARM,EQ,164055,76135,46.41
20,2127,TORNTPOWER,EQ,264443,134011,50.68
20,2128,TOTAL,EQ,10770,6551,60.83
20,2129,TPLPLASTEH,EQ,364222,172873,47.46
20,2130,TRACXN,EQ,3283944,1380734,42.04
20,2131,TRANSTEEL,SM,128000,94000,73.44
20,2132,TRANSWIND,SM,52000,44000,84.62
20,2133,TREEHOUSE,EQ,31454,24576,78.13
20,2134,TREL,EQ,3622859,1866155,51.51
20,2135,TRENT,EQ,395438,163864,41.44
20,2136,TRF,EQ,78417,39406,50.25
20,2137,TRIDENT,EQ,11275392,2992696,26.54
20,2138,TRIDHYA,SM,81000,66000,81.48
20,2139,TRIGYN,EQ,237191,105188,44.35
20,2140,TRIL,EQ,568621,261574,46.00
20,2141,TRITURBINE,EQ,595405,240685,40.42
20,2142,TRIVENI,EQ,430142,231741,53.88
20,2143,TRU,EQ,2932277,1251707,42.69
20,2144,TTKHLTCARE,EQ,6030,2859,47.41
20,2145,TTKPRESTIG,EQ,51896,32343,62.32
20,2146,TTL,EQ,33693,21675,64.33
20,2147,TTML,EQ,3066679,1428183,46.57
20,2148,TV18BRDCST,EQ,5327928,2103267,39.48
20,2149,TVSELECT,EQ,39647,22128,55.81
20,2150,TVSHLTD,EQ,2571,1305,50.76
20,2151,TVSHLTD,P1,28774,28773,100.00
20,2152,TVSMOTOR,EQ,2016499,1507322,74.75
20,2153,TVSSCS,EQ,727097,489874,67.37
20,2154,TVSSRICHAK,EQ,20289,11882,58.56
20,2155,TVTODAY,EQ,171491,101609,59.25
20,2156,UBL,EQ,355598,176056,49.51
20,2157,UCAL,EQ,20609,11850,57.50
20,2158,UCL,SM,10000,10000,100.00
20,2159,UCOBANK,EQ,5250166,1872978,35.67
20,2160,UDS,EQ,128744,67309,52.28
20,2161,UFLEX,EQ,64198,39782,61.97
20,2162,UGARSUGAR,EQ,361576,150738,41.69
20,2163,UGROCAP,EQ,304088,113163,37.21
20,2164,UGROCAP,N1,13,12,92.31
20,2165,UJJIVAN,EQ,378444,204612,54.07
20,2166,UJJIVANSFB,EQ,6293629,2512848,39.93
20,2167,ULTRACEMCO,EQ,325320,237876,73.12
20,2168,UMA,SM,28000,20000,71.43
20,2169,UMAEXPORTS,EQ,43870,19380,44.18
20,2170,UMANGDAIRY,EQ,17911,13910,77.66
20,2171,UNICHEMLAB,EQ,10503,6796,64.71
20,2172,UNIDT,EQ,15725,9163,58.27
20,2173,UNIENTER,EQ,6218,4184,67.29
20,2174,UNIHEALTH,SM,74000,52000,70.27
20,2175,UNIONBANK,EQ,12094255,4471159,36.97
20,2176,UNIPARTS,EQ,113695,73677,64.80
20,2177,UNITEDPOLY,EQ,10521,3583,34.06
20,2178,UNITEDTEA,EQ,4587,3922,85.50
20,2179,UNIVCABLES,EQ,97150,35758,36.81
20,2180,UNIVPHOTO,EQ,629,400,63.59
20,2181,UNOMINDA,EQ,1525875,445850,29.22
20,2182,UPL,EQ,2648583,1397556,52.77
20,2183,URAVI,EQ,6953,6249,89.87
20,2184,URBAN,SM,4800,4800,100.00
20,2185,URJA,EQ,44069634,12272455,27.85
20,2186,USASEEDS,SM,300,300,100.00
20,2187,USHAMART,EQ,965515,690286,71.49
20,2188,USK,EQ,248705,143573,57.73
20,2189,UTIAMC,EQ,73171,34148,46.67
20,2190,UTIBANKETF,EQ,45494,33724,74.13
20,2191,UTINEXT50,EQ,21220,16497,77.74
20,2192,UTINIFTETF,EQ,96858,95132,98.22
20,2193,UTISENSETF,EQ,542,488,90.04
20,2194,UTISXN50,EQ,334,220,65.87
20,2195,UTKARSHBNK,EQ,1524759,837223,54.91
20,2196,UTTAMSUGAR,EQ,122683,55285,45.06
20,2197,UWCSL,SM,10000,10000,100.00
20,2198,VADILALIND,EQ,3454,1874,54.26
20,2199,VAIBHAVGBL,EQ,428945,151839,35.40
20,2200,VAISHALI,EQ,24406,17903,73.35
20,2201,VAKRANGEE,EQ,5533750,1841044,33.27
20,2202,VALIANTLAB,EQ,230891,134670,58.33
20,2203,VALIANTORG,EQ,30042,12948,43.10
20,2204,VARDHACRLC,EQ,147760,49874,33.75
20,2205,VARROC,EQ,1890609,355768,18.82
20,2206,VASCONEQ,EQ,1072864,627720,58.51
20,2207,VBL,EQ,1370191,635652,46.39
20,2208,VCL,EQ,514286,333025,64.75
20,2209,VEDL,EQ,5432510,2768805,50.97
20,2210,VEEKAYEM,SM,8000,8000,100.00
20,2211,VELS,SM,2400,2400,100.00
20,2212,VENKEYS,EQ,14602,6653,45.56
20,2213,VENUSPIPES,EQ,71081,30490,42.89
20,2214,VENUSREM,EQ,229198,136458,59.54
20,2215,VERANDA,EQ,599921,330010,55.01
20,2216,VERTEXPLUS,SM,20400,20400,100.00
20,2217,VERTOZ,EQ,135164,33867,25.06
20,2218,VESUVIUS,EQ,21193,11873,56.02
20,2219,VETO,EQ,55211,36357,65.85
20,2220,VGUARD,EQ,80466,38913,48.36
20,2221,VHL,EQ,2612,1428,54.67
20,2222,VIAZ,SM,16000,12000,75.00
20,2223,VIDHIING,EQ,10753,7424,69.04
20,2224,VIJAYA,EQ,87824,25716,29.28
20,2225,VIKASLIFE,EQ,33592348,9370127,27.89
20,2226,VILINBIO,SM,48000,36000,75.00
20,2227,VIMTALABS,EQ,71680,30082,41.97
20,2228,VINATIORGA,EQ,19461,10515,54.03
20,2229,VINDHYATEL,EQ,44983,9496,21.11
20,2230,VINEETLAB,EQ,103074,55600,53.94
20,2231,VINSYS,SM,23000,20500,89.13
20,2232,VINYAS,SM,12800,12000,93.75
20,2233,VINYLINDIA,EQ,10281,6676,64.94
20,2234,VIPCLOTHNG,EQ,596174,378807,63.54
20,2235,VIPIND,EQ,1497239,580265,38.76
20,2236,VIPULLTD,EQ,91553,53333,58.25
20,2237,VIRINCHI,EQ,309697,268924,86.83
20,2238,VISAKAIND,EQ,572017,283573,49.57
20,2239,VISHAL,EQ,719800,319772,44.43
20,2240,VISHNU,EQ,112334,49579,44.14
20,2241,VISHNUINFR,SM,30000,30000,100.00
20,2242,VISHWARAJ,EQ,480964,260495,54.16
20,2243,VITAL,SM,22800,19200,84.21
20,2244,VIVIANA,SM,5000,4000,80.00
20,2245,VIVIDHA,EQ,1148851,962249,83.76
20,2246,VIVO,SM,3200,3200,100.00
20,2247,VLEGOV,EQ,48322,41117,85.09
20,2248,VLSFINANCE,EQ,146910,68543,46.66
20,2249,VMARCIND,SM,31000,29000,93.55
20,2250,VMART,EQ,32883,18159,55.22
20,2251,VOLTAMP,EQ,26090,11722,44.93
20,2252,VOLTAS,EQ,577309,164769,28.54
20,2253,VPRPL,EQ,1141598,417489,36.57
20,2254,VRLLOG,EQ,51738,29439,56.90
20,2255,VSCL,SM,12000,12000,100.00
20,2256,VSSL,EQ,416159,239149,57.47
20,2257,VSTIND,EQ,2031,1129,55.59
20,2258,VSTTILLERS,EQ,10519,4418,42.00
20,2259,VTL,EQ,5691926,781205,13.72
20,2260,WABAG,EQ,2140730,819027,38.26
20,2261,WEBELSOLAR,EQ,539183,236958,43.95
20,2262,WELCORP,EQ,1950003,941592,48.29
20,2263,WELENT,EQ,185642,105495,56.83
20,2264,WELSPUNIND,EQ,3433847,722174,21.03
20,2265,WENDT,EQ,1399,495,35.38
20,2266,WESTLIFE,EQ,24682,11792,47.78
20,2267,WHEELS,EQ,8337,5099,61.16
20,2268,WHIRLPOOL,EQ,43397,25926,59.74
20,2269,WILLAMAGOR,EQ,251240,134036,53.35
20,2270,WINDLAS,EQ,60060,35000,58.28
20,2271,WINDMACHIN,EQ,39670,21921,55.26
20,2272,WIPRO,EQ,2659291,1320213,49.65
20,2273,WOCKPHARMA,EQ,2303962,739731,32.11
20,2274,WOMANCART,SM,20800,16000,76.92
20,2275,WONDERLA,EQ,148825,72450,48.68
20,2276,WORTH,EQ,35118,25108,71.50
20,2277,WSTCSTPAPR,EQ,184702,98841,53.51
20,2278,XCHANGING,EQ,234388,100728,42.97
20,2279,XELPMOC,EQ,85430,34112,39.93
20,2280,XPROINDIA,EQ,46721,20222,43.28
20,2281,YASHO,EQ,9585,7450,77.73
20,2282,YATHARTH,EQ,1508694,535746,35.51
20,2283,YATRA,EQ,221478,121694,54.95
20,2284,YCCL,SM,24000,15000,62.50
20,2285,YESBANK,EQ,195379978,53598717,27.43
20,2286,YUDIZ,SM,9600,9600,100.00
20,2287,YUKEN,EQ,19785,15310,77.38
20,2288,ZAGGLE,EQ,3405005,1065594,31.29
20,2289,ZEAL,SM,185400,141000,76.05
20,2290,ZEEL,EQ,10638003,3521285,33.10
20,2291,ZEEMEDIA,EQ,6487917,2467333,38.03
20,2292,ZENITHEXPO,EQ,6456,5286,81.88
20,2293,ZENSARTECH,EQ,1153958,476501,41.29
20,2294,ZENTEC,EQ,235114,160255,68.16
20,2295,ZFCVINDIA,EQ,5115,2633,51.48
20,2296,ZIMLAB,EQ,406767,180501,44.37
20,2297,ZODIACLOTH,EQ,16026,7360,45.93
20,2298,ZOMATO,EQ,52799865,19879552,37.65
20,2299,ZOTA,EQ,37117,11136,30.00
20,2300,ZUARI,EQ,144162,79371,55.06
20,2301,ZUARIIND,EQ,151106,77277,51.14
20,2302,ZYDUSLIFE,EQ,798769,387349,48.49
20,2303,ZYDUSWELL,EQ,31402,16378,52.16
