Security Wise Delivery Position - Compulsory Rolling Settlement
10,MTO,30112023,2823703810,0002309
Trade Date <30-NOV-2023>,Settlement Type <N>
Record Type,Sr No,Name of Security,Quantity Traded,Deliverable Quantity(gross across client level),% of Deliverable Quantity to Traded Quantity
20,1,1018GS2026,GS,200,200,100.00
20,2,182D020524,TB,300,100,33.33
20,3,182D090524,TB,900,900,100.00
20,4,182D110124,TB,2000,2000,100.00
20,5,182D210324,TB,100,100,100.00
20,6,182D230524,TB,100,100,100.00
20,7,20MICRONS,EQ,94854,56337,59.39
20,8,21STCENMGM,EQ,8237,8237,100.00
20,9,360ONE,EQ,853782,567786,66.50
20,10,364D010824,TB,500,500,100.00
20,11,364D040724,TB,2600,2600,100.00
20,12,364D080824,TB,500,500,100.00
20,13,364D141124,TB,1800,1800,100.00
20,14,364D160824,TB,500,500,100.00
20,15,364D211124,TB,700,700,100.00
20,16,364D220824,TB,100,100,100.00
20,17,364D290824,TB,400,400,100.00
20,18,364D311024,TB,500,500,100.00
20,19,3IINFOLTD,EQ,1153759,696170,60.34
20,20,3MINDIA,EQ,12835,11419,88.97
20,21,3PLAND,EQ,47995,34383,71.64
20,22,515GS2025,GS,133,133,100.00
20,23,563GS2026,GS,5,5,100.00
20,24,579GS2030,GS,100,100,100.00
20,25,5PAISA,EQ,127827,48856,38.22
20,26,610GS2031,GS,1000,1000,100.00
20,27,618GS2024,GS,11,11,100.00
20,28,63MOONS,EQ,289566,186774,64.50
20,29,654GS2032,GS,1001,1000,99.90
20,30,667GS2035,GS,1554,1554,100.00
20,31,667GS2050,GS,619,619,100.00
20,32,669GS2024,GS,326,315,96.63
20,33,68GS2060,GS,5,5,100.00
20,34,695GS2061,GS,1400,1400,100.00
20,35,699GS2026,GS,105,105,100.00
20,36,699GS2051,GS,501,501,100.00
20,37,710GS2029,GS,30908,30908,100.00
20,38,717GS2030,GS,2501,2501,100.00
20,39,718GS2033,GS,1300,1300,100.00
20,40,718GS2037,GS,2221,2220,99.95
20,41,725GS2063,GS,100720,95220,94.54
20,42,726GS2032,GS,1210,1210,100.00
20,43,733GS2026,GS,2100,2100,100.00
20,44,736GS2052,GS,30295,30264,99.90
20,45,737GS2028,GS,700,695,99.29
20,46,738GS2027,GS,62866,61666,98.09
20,47,739ML26,SG,100,100,100.00
20,48,73GS2053,GS,1200,1200,100.00
20,49,741GS2036,GS,114253,102178,89.43
20,50,746GS2073,GS,1001,1001,100.00
20,51,74GJ27,SG,100,100,100.00
20,52,74GS2062,GS,197,191,96.95
20,53,754GS2036,GS,383243,373239,97.39
20,54,758GA37A,SG,100,100,100.00
20,55,795GS2032,GS,50,50,100.00
20,56,824GS2027,GS,756,378,50.00
20,57,828GS2027,GS,200,100,50.00
20,58,82GS2025,GS,2,1,50.00
20,59,883GS2041,GS,1,1,100.00
20,60,915GS2024,GS,504,504,100.00
20,61,91D010224,TB,1000,1000,100.00
20,62,91D040124,TB,1000,1000,100.00
20,63,91D071223,TB,8700,8700,100.00
20,64,91D080224,TB,4000,4000,100.00
20,65,91D110124,TB,100,100,100.00
20,66,91D141223,TB,2300,1600,69.57
20,67,91D180124,TB,5400,4700,87.04
20,68,91D211223,TB,200,200,100.00
20,69,91D220224,TB,2100,2100,100.00
20,70,91D291223,TB,1200,1200,100.00
20,71,92GS2030,GS,14673,10673,72.74
20,72,AAATECH,EQ,66730,36505,54.71
20,73,AAKASH,EQ,176045,148482,84.34
20,74,AARON,EQ,12349,7719,62.51
20,75,AARTIDRUGS,EQ,295600,130052,44.00
20,76,AARTIIND,EQ,4202092,1468637,34.95
20,77,AARTIPHARM,EQ,376084,183795,48.87
20,78,AARTIPP,E1,133,133,100.00
20,79,AARTISURF,EQ,11631,8448,72.63
20,80,AARVEEDEN,EQ,98572,51169,51.91
20,81,AARVI,EQ,560940,201175,35.86
20,82,AATMAJ,SM,40000,28000,70.00
20,83,AAVAS,EQ,127702,89518,70.10
20,84,ABB,EQ,558962,346780,62.04
20,85,ABBOTINDIA,EQ,7069,2661,37.64
20,86,ABCAPITAL,EQ,8992050,6844709,76.12
20,87,ABCOTS,SM,12000,10000,83.33
20,88,ABFL,N0,10,10,100.00
20,89,ABFL,N1,30,30,100.00
20,90,ABFL,N4,175,175,100.00
20,91,ABFL,N5,30,30,100.00
20,92,ABFRL,EQ,4786241,1988473,41.55
20,93,ABSLAMC,EQ,54545,33689,61.76
20,94,ABSLBANETF,EQ,2539931,2302779,90.66
20,95,ABSLLIQUID,EQ,516,441,85.47
20,96,ABSLNN50ET,EQ,12554,10191,81.18
20,97,ACC,EQ,2698012,1990040,73.76
20,98,ACCELYA,EQ,11826,6573,55.58
20,99,ACE,EQ,399865,255977,64.02
20,100,ACEINTEG,EQ,47867,12694,26.52
20,101,ACI,EQ,738456,370786,50.21
20,102,ACL,EQ,12096,8960,74.07
20,103,ACLGATI,EQ,169848,94674,55.74
20,104,ACSAL,SM,57000,51000,89.47
20,105,ADANIENSOL,EQ,3418249,740237,21.66
20,106,ADANIENT,EQ,2983879,880360,29.50
20,107,ADANIGREEN,EQ,4253647,1995101,46.90
20,108,ADANIPORTS,EQ,5998210,3220951,53.70
20,109,ADANIPOWER,EQ,11540019,3520165,30.50
20,110,ADFFOODS,EQ,99045,52536,53.04
20,111,ADORWELD,EQ,15784,4741,30.04
20,112,ADSL,EQ,218499,120854,55.31
20,113,ADVANIHOTR,EQ,97892,43298,44.23
20,114,ADVENZYMES,EQ,235284,131524,55.90
20,115,AEGISCHEM,EQ,2994443,1130091,37.74
20,116,AEROFLEX,EQ,538010,237473,44.14
20,117,AETHER,EQ,982431,562515,57.26
20,118,AFFLE,EQ,273564,136172,49.78
20,119,AGARIND,EQ,23801,10739,45.12
20,120,AGARWALFT,SM,30000,21000,70.00
20,121,AGI,EQ,831686,559498,67.27
20,122,AGNI,SM,85000,75000,88.24
20,123,AGRITECH,EQ,40651,17165,42.23
20,124,AGROPHOS,EQ,44398,23564,53.07
20,125,AGSTRA,EQ,2363906,1314453,55.61
20,126,AGUL,ST,2000,2000,100.00
20,127,AHL,EQ,284293,61660,21.69
20,128,AHLADA,EQ,21410,15306,71.49
20,129,AHLEAST,EQ,13589,7740,56.96
20,130,AHLUCONT,EQ,637224,440720,69.16
20,131,AIAENG,EQ,105475,81570,77.34
20,132,AILIMITED,SM,18000,12000,66.67
20,133,AIROLAM,EQ,18371,6549,35.65
20,134,AIRTELPP,E1,177823,147660,83.04
20,135,AISL,SM,3600,3600,100.00
20,136,AJANTPHARM,EQ,221227,143942,65.07
20,137,AJMERA,EQ,75089,23690,31.55
20,138,AJOONI,EQ,346872,181155,52.23
20,139,AKASH,EQ,30049,16961,56.44
20,140,AKG,EQ,474200,171893,36.25
20,141,AKSHAR,EQ,4680717,2434765,52.02
20,142,AKSHARCHEM,EQ,8474,4976,58.72
20,143,AKZOINDIA,EQ,21487,12541,58.37
20,144,ALANKIT,EQ,673036,519849,77.24
20,145,ALBERTDAVD,EQ,34954,16605,47.51
20,146,ALEMBICLTD,EQ,3410143,1200161,35.19
20,147,ALICON,EQ,19529,12041,61.66
20,148,ALKALI,EQ,131084,65924,50.29
20,149,ALKEM,EQ,372051,179656,48.29
20,150,ALKYLAMINE,EQ,29476,17842,60.53
20,151,ALLCARGO,EQ,427946,323430,75.58
20,152,ALLETEC,SM,62400,42400,67.95
20,153,ALLSEC,EQ,35200,19795,56.24
20,154,ALMONDZ,EQ,77839,30479,39.16
20,155,ALOKINDS,EQ,10640957,4057382,38.13
20,156,ALPA,EQ,183272,110167,60.11
20,157,ALPHAETF,EQ,96207,66385,69.00
20,158,ALPHAGEO,EQ,5595,3942,70.46
20,159,ALPSINDUS,EQ,44000,31851,72.39
20,160,AMBER,EQ,154797,70057,45.26
20,161,AMBIKCO,EQ,5918,3416,57.72
20,162,AMBUJACEM,EQ,6906477,4092077,59.25
20,163,AMDIND,EQ,59277,28650,48.33
20,164,AMEYA,SM,14000,14000,100.00
20,165,AMIABLE,SM,11200,11200,100.00
20,166,AMIORG,EQ,48875,22515,46.07
20,167,AMJLAND,EQ,344392,140001,40.65
20,168,AMNPLST,EQ,13411,4986,37.18
20,169,AMRUTANJAN,EQ,18676,9963,53.35
20,170,ANANDRATHI,EQ,161506,101631,62.93
20,171,ANANTRAJ,EQ,2442952,1512649,61.92
20,172,ANDHRAPAP,EQ,53385,29773,55.77
20,173,ANDHRSUGAR,EQ,220922,89872,40.68
20,174,ANGELONE,EQ,616998,310510,50.33
20,175,ANLON,SM,400,400,100.00
20,176,ANMOL,EQ,907134,430122,47.42
20,177,ANNAPURNA,SM,154500,120000,77.67
20,178,ANTGRAPHIC,EQ,1521316,772282,50.76
20,179,ANUP,EQ,16407,10310,62.84
20,180,ANURAS,EQ,820427,505201,61.58
20,181,APARINDS,EQ,132006,66275,50.21
20,182,APCL,EQ,298252,106133,35.59
20,183,APCOTEXIND,EQ,45689,20727,45.37
20,184,APEX,EQ,44157,23685,53.64
20,185,APLAPOLLO,EQ,23444898,14723685,62.80
20,186,APLLTD,EQ,5183456,486693,9.39
20,187,APOLLOHOSP,EQ,775261,422081,54.44
20,188,APOLLOPIPE,EQ,48355,25694,53.14
20,189,APOLLOTYRE,EQ,1791963,1015776,56.69
20,190,APOLSINHOT,EQ,1283,944,73.58
20,191,APTECHT,EQ,577368,297900,51.60
20,192,APTUS,EQ,889533,724701,81.47
20,193,ARABIAN,SM,142000,136000,95.77
20,194,ARCHIES,EQ,44235,26004,58.79
20,195,ARE&M,EQ,1220184,715354,58.63
20,196,ARHAM,SM,13000,13000,100.00
20,197,ARIES,EQ,392408,145072,36.97
20,198,ARIHANTACA,SM,8000,7200,90.00
20,199,ARIHANTCAP,EQ,177020,110145,62.22
20,200,ARIHANTSUP,EQ,45643,18754,41.09
20,201,ARISTO,SM,4800,4800,100.00
20,202,ARMANFIN,EQ,19963,14690,73.59
20,203,ARROWGREEN,EQ,495538,100644,20.31
20,204,ARSHIYA,EQ,10163115,10162880,100.00
20,205,ARTEMISMED,EQ,242602,136619,56.31
20,206,ARTNIRMAN,EQ,22588,4917,21.77
20,207,ARVEE,EQ,11542,6854,59.38
20,208,ARVIND,EQ,4851145,3489611,71.93
20,209,ARVINDFASN,EQ,447199,204307,45.69
20,210,ARVSMART,EQ,75020,51626,68.82
20,211,ASAHIINDIA,EQ,69786,39279,56.28
20,212,ASAHISONG,EQ,5648,3411,60.39
20,213,ASAL,EQ,42256,19044,45.07
20,214,ASALCBR,EQ,34994,18145,51.85
20,215,ASHIANA,EQ,44763,25258,56.43
20,216,ASHIMASYN,EQ,222106,150730,67.86
20,217,ASHOKA,EQ,6320198,3596359,56.90
20,218,ASHOKAMET,EQ,62726,39106,62.34
20,219,ASHOKLEY,EQ,22948832,17710866,77.18
20,220,ASIANENE,EQ,491395,400854,81.57
20,221,ASIANPAINT,EQ,1793116,1179801,65.80
20,222,ASIANTILES,EQ,565315,327771,57.98
20,223,ASKAUTOLTD,EQ,563831,323022,57.29
20,224,ASLIND,ST,8000,8000,100.00
20,225,ASPINWALL,EQ,4221,3223,76.36
20,226,ASTEC,EQ,22045,15560,70.58
20,227,ASTERDM,EQ,3798735,712609,18.76
20,228,ASTRAL,EQ,1441205,1162543,80.66
20,229,ASTRAMICRO,EQ,1789279,1255980,70.19
20,230,ASTRAZEN,EQ,9273,5966,64.34
20,231,ATAM,EQ,38173,23272,60.96
20,232,ATFL,EQ,3857,2888,74.88
20,233,ATGL,EQ,6181309,1468260,23.75
20,234,ATL,EQ,2472461,1638750,66.28
20,235,ATLANTA,EQ,414587,271712,65.54
20,236,ATUL,EQ,45682,27493,60.18
20,237,ATULAUTO,EQ,77936,39081,50.14
20,238,AUBANK,EQ,2292859,1084565,47.30
20,239,AURDIS,SM,22000,12000,54.55
20,240,AUROIMPEX,SM,38400,28800,75.00
20,241,AUROPHARMA,EQ,3149289,1597231,50.72
20,242,AURUM,EQ,155212,105461,67.95
20,243,AURUMPP,E1,14890,13547,90.98
20,244,AUTOAXLES,EQ,17815,11355,63.74
20,245,AUTOBEES,EQ,110090,76765,69.73
20,246,AVADHSUGAR,EQ,213839,72197,33.76
20,247,AVALON,EQ,329669,153855,46.67
20,248,AVANTIFEED,EQ,120774,85053,70.42
20,249,AVG,EQ,160100,81015,50.60
20,250,AVONMORE,EQ,15588,12718,81.59
20,251,AVROIND,EQ,21102,9867,46.76
20,252,AVTNPL,EQ,164546,83738,50.89
20,253,AWHCL,EQ,1296825,414361,31.95
20,254,AWL,EQ,2821944,1008217,35.73
20,255,AXISBANK,EQ,24755589,16470245,66.53
20,256,AXISBNKETF,EQ,1994,1643,82.40
20,257,AXISBPSETF,EQ,19247,12193,63.35
20,258,AXISCADES,EQ,55535,36687,66.06
20,259,AXISCETF,EQ,912,517,56.69
20,260,AXISGOLD,EQ,91411,59468,65.06
20,261,AXISHCETF,EQ,11929,2388,20.02
20,262,AXISILVER,EQ,30272,19152,63.27
20,263,AXISNIFTY,EQ,17237,16305,94.59
20,264,AXISTECETF,EQ,2488,2255,90.64
20,265,AXITA,EQ,5951946,2940224,49.40
20,266,AXSENSEX,EQ,6008,5603,93.26
20,267,AYMSYNTEX,EQ,86353,49281,57.07
20,268,BABAFP,SM,169600,121600,71.70
20,269,BAHETI,SM,12000,9000,75.00
20,270,BAJAJ-AUTO,EQ,501833,272365,54.27
20,271,BAJAJCON,EQ,212614,117913,55.46
20,272,BAJAJELEC,EQ,61490,38851,63.18
20,273,BAJAJFINSV,EQ,1577522,853201,54.08
20,274,BAJAJHCARE,EQ,152212,73469,48.27
20,275,BAJAJHIND,EQ,8320684,4147324,49.84
20,276,BAJAJHLDNG,EQ,57191,34508,60.34
20,277,BAJFINANCE,EQ,1271934,805844,63.36
20,278,BALAJITELE,EQ,475613,198998,41.84
20,279,BALAMINES,EQ,29202,17126,58.65
20,280,BALAXI,EQ,5986,4231,70.68
20,281,BALKRISHNA,EQ,26050,11448,43.95
20,282,BALKRISIND,EQ,494056,358624,72.59
20,283,BALMLAWRIE,EQ,301541,147173,48.81
20,284,BALPHARMA,EQ,135201,66498,49.18
20,285,BALRAMCHIN,EQ,3228951,582839,18.05
20,286,BANARBEADS,EQ,4080,2763,67.72
20,287,BANARISUG,EQ,1460,643,44.04
20,288,BANCOINDIA,EQ,50749,35611,70.17
20,289,BANDHANBNK,EQ,21581773,6498227,30.11
20,290,BANKA,EQ,11306,7189,63.59
20,291,BANKBARODA,EQ,21558187,8335127,38.66
20,292,BANKBEES,EQ,1814769,1446888,79.73
20,293,BANKETF,EQ,677,341,50.37
20,294,BANKINDIA,EQ,4169016,2176056,52.20
20,295,BANSWRAS,EQ,42326,24468,57.81
20,296,BARBEQUE,EQ,55011,33001,59.99
20,297,BASF,EQ,65546,53220,81.19
20,298,BASILIC,SM,210000,144000,68.57
20,299,BASML,EQ,190213,111677,58.71
20,300,BATAINDIA,EQ,159077,43962,27.64
20,301,BAYERCROP,EQ,19486,12186,62.54
20,302,BBETF0432,EQ,1694,1612,95.16
20,303,BBL,EQ,25118,11374,45.28
20,304,BBTC,EQ,77775,35446,45.58
20,305,BBTCL,EQ,162983,80559,49.43
20,306,BCG,EQ,31715349,16163162,50.96
20,307,BCLIND,EQ,533279,277586,52.05
20,308,BDL,EQ,792660,360538,45.48
20,309,BECTORFOOD,EQ,372340,251815,67.63
20,310,BEL,EQ,27591484,16161985,58.58
20,311,BEML,EQ,246830,103116,41.78
20,312,BEPL,EQ,1215021,674773,55.54
20,313,BERGEPAINT,EQ,1252807,798939,63.77
20,314,BETA,SM,2000,1800,90.00
20,315,BEWLTD,SM,625,625,100.00
20,316,BFINVEST,EQ,39722,19722,49.65
20,317,BFSI,EQ,260638,229689,88.13
20,318,BFUTILITIE,EQ,60805,32998,54.27
20,319,BGRENERGY,EQ,414572,199458,48.11
20,320,BHAGCHEM,EQ,20749,11176,53.86
20,321,BHAGERIA,EQ,1054303,251321,23.84
20,322,BHARATFORG,EQ,1157006,654257,56.55
20,323,BHARATGEAR,EQ,15178,9209,60.67
20,324,BHARATRAS,EQ,459,285,62.09
20,325,BHARATWIRE,EQ,281471,163637,58.14
20,326,BHARTIARTL,EQ,9934052,6948491,69.95
20,327,BHEL,EQ,125768226,47055788,37.41
20,328,BIGBLOC,EQ,144715,82446,56.97
20,329,BIKAJI,EQ,572965,324262,56.59
20,330,BIL,EQ,1304,589,45.17
20,331,BIOCON,EQ,3794118,2264005,59.67
20,332,BIOFILCHEM,EQ,151185,76884,50.85
20,333,BIRET,RR,190675,173717,91.11
20,334,BIRLACABLE,EQ,55692,33183,59.58
20,335,BIRLACORPN,EQ,142745,93392,65.43
20,336,BIRLAMONEY,EQ,521714,211965,40.63
20,337,BLAL,EQ,96826,60384,62.36
20,338,BLBLIMITED,EQ,41839,23208,55.47
20,339,BLISSGVS,EQ,400280,224812,56.16
20,340,BLKASHYAP,EQ,951464,570067,59.91
20,341,BLS,EQ,2014145,796095,39.53
20,342,BLUEDART,EQ,31451,24995,79.47
20,343,BLUEJET,EQ,369766,246134,66.56
20,344,BLUESTARCO,EQ,958653,711102,74.18
20,345,BMETRICS,SM,5600,4400,78.57
20,346,BODALCHEM,EQ,239977,141189,58.83
20,347,BOMDYEING,EQ,2495093,1308493,52.44
20,348,BOROLTD,EQ,169899,84910,49.98
20,349,BORORENEW,EQ,528827,211058,39.91
20,350,BOSCHLTD,EQ,14343,5728,39.94
20,351,BPCL,EQ,16360654,8692943,53.13
20,352,BRIGADE,EQ,507549,248535,48.97
20,353,BRIGHT,SM,336000,279000,83.04
20,354,BRITANNIA,EQ,961054,665204,69.22
20,355,BRITANNIA,N3,2661,1814,68.17
20,356,BRNL,EQ,239056,111934,46.82
20,357,BSE,EQ,2869864,888924,30.97
20,358,BSHSL,EQ,20954,16124,76.95
20,359,BSL,EQ,9618,5000,51.99
20,360,BSLGOLDETF,EQ,21918,10028,45.75
20,361,BSLNIFTY,EQ,61260,41008,66.94
20,362,BSLSENETFG,EQ,1688,1530,90.64
20,363,BSOFT,EQ,1678958,750670,44.71
20,364,BTML,EQ,52925,25879,48.90
20,365,BUTTERFLY,EQ,5344,4079,76.33
20,366,CADSYS,SM,69000,49000,71.01
20,367,CALSOFT,EQ,30053,23983,79.80
20,368,CAMLINFINE,EQ,3975495,1202747,30.25
20,369,CAMPUS,EQ,1192963,806062,67.57
20,370,CAMS,EQ,355241,184832,52.03
20,371,CANARYS,SM,560000,424000,75.71
20,372,CANBK,EQ,7898329,3357961,42.51
20,373,CANFINHOME,EQ,1053538,457279,43.40
20,374,CANTABIL,EQ,62090,22470,36.19
20,375,CAPACITE,EQ,751389,298875,39.78
20,376,CAPLIPOINT,EQ,63415,30356,47.87
20,377,CAPTRUST,EQ,54362,25394,46.71
20,378,CARBORUNIV,EQ,531572,297473,55.96
20,379,CAREERP,EQ,48548,25465,52.45
20,380,CARERATING,EQ,34255,16829,49.13
20,381,CARTRADE,EQ,187442,74551,39.77
20,382,CARYSIL,EQ,736263,198941,27.02
20,383,CASTROLIND,EQ,1647992,1073922,65.17
20,384,CCL,EQ,197409,105942,53.67
20,385,CDSL,EQ,1750404,796696,45.51
20,386,CEATLTD,EQ,152367,103615,68.00
20,387,CELLECOR,SM,32400,26400,81.48
20,388,CELLO,EQ,535170,290189,54.22
20,389,CELLPOINT,SM,18000,15600,86.67
20,390,CENTENKA,EQ,36511,22819,62.50
20,391,CENTRALBK,EQ,5399639,1830119,33.89
20,392,CENTRUM,EQ,427939,292843,68.43
20,393,CENTURYPLY,EQ,176230,116803,66.28
20,394,CENTURYTEX,EQ,143453,70035,48.82
20,395,CERA,EQ,14575,6790,46.59
20,396,CESC,EQ,4839272,2378770,49.16
20,397,CGCL,EQ,80833,42373,52.42
20,398,CGPOWER,EQ,4490610,2855106,63.58
20,399,CHALET,EQ,160098,109703,68.52
20,400,CHAMBLFERT,EQ,3294977,1505951,45.70
20,401,CHAVDA,SM,222000,146000,65.77
20,402,CHEMBOND,EQ,59431,22678,38.16
20,403,CHEMCON,EQ,28079,16060,57.20
20,404,CHEMFAB,EQ,9783,6247,63.86
20,405,CHEMPLASTS,EQ,371123,165925,44.71
20,406,CHENNPETRO,EQ,3635940,1125201,30.95
20,407,CHEVIOT,EQ,3007,1240,41.24
20,408,CHOICEIN,EQ,218046,152936,70.14
20,409,CHOLAFIN,EQ,4152570,3312409,79.77
20,410,CHOLAFIN,N0,200,200,100.00
20,411,CHOLAFIN,N6,100,100,100.00
20,412,CHOLAFIN,N7,50,50,100.00
20,413,CHOLAFIN,NB,50,50,100.00
20,414,CHOLAHLDNG,EQ,260609,161999,62.16
20,415,CIEINDIA,EQ,858910,703752,81.94
20,416,CIGNITITEC,EQ,199869,98289,49.18
20,417,CIPLA,EQ,3219799,2420520,75.18
20,418,CLEAN,EQ,541050,196938,36.40
20,419,CLEDUCATE,EQ,214516,82338,38.38
20,420,CLOUD,SM,1067000,668000,62.61
20,421,CLOUDPP,E1,42000,34800,82.86
20,422,CLSEL,EQ,137677,54997,39.95
20,423,CLSL,SM,126000,74000,58.73
20,424,CMMIPL,ST,39000,39000,100.00
20,425,CMNL,SM,45000,33000,73.33
20,426,CMRSL,SM,800,800,100.00
20,427,CMSINFO,EQ,1711624,1082353,63.24
20,428,COALINDIA,EQ,11959336,5366717,44.87
20,429,COASTCORP,EQ,14992,10199,68.03
20,430,COCHINSHIP,EQ,6171554,1306446,21.17
20,431,COFFEEDAY,EQ,1586838,723464,45.59
20,432,COFORGE,EQ,351758,134499,38.24
20,433,COLPAL,EQ,2350203,1862923,79.27
20,434,COMMITTED,SM,115200,108800,94.44
20,435,CONCOR,EQ,1424004,858836,60.31
20,436,CONCORDBIO,EQ,788873,471493,59.77
20,437,CONFIPET,EQ,9242607,4056125,43.89
20,438,CONSOFINVT,EQ,157788,61325,38.87
20,439,CONSUMBEES,EQ,37813,28174,74.51
20,440,CONTROLPR,EQ,16515,7212,43.67
20,441,COOLCAPS,SM,1500,1250,83.33
20,442,CORALFINAC,EQ,172973,88993,51.45
20,443,CORDSCABLE,EQ,70632,30726,43.50
20,444,COROMANDEL,EQ,592289,326272,55.09
20,445,COSMOFIRST,EQ,31346,19320,61.63
20,446,COUNCODOS,EQ,929896,518081,55.71
20,447,CPS,SM,16800,16200,96.43
20,448,CPSEETF,EQ,2215460,1788483,80.73
20,449,CRAFTSMAN,EQ,46983,22171,47.19
20,450,CRAYONS,SM,29000,25000,86.21
20,451,CREATIVE,EQ,12123,7695,63.47
20,452,CREATIVEYE,EQ,603,602,99.83
20,453,CREDITACC,EQ,117542,73298,62.36
20,454,CREDITACC,N5,186,186,100.00
20,455,CREDITACC,N9,500,500,100.00
20,456,CREDITACC,ND,221,221,100.00
20,457,CREST,EQ,54617,29875,54.70
20,458,CRISIL,EQ,39421,20448,51.87
20,459,CROMPTON,EQ,1779613,1126491,63.30
20,460,CSBBANK,EQ,327172,205722,62.88
20,461,CSLFINANCE,EQ,58413,30369,51.99
20,462,CTE,EQ,65777,33262,50.57
20,463,CUB,EQ,3702888,2187796,59.08
20,464,CUMMINSIND,EQ,1324591,1038501,78.40
20,465,CUPID,EQ,56678,35780,63.13
20,466,CYBERTECH,EQ,739428,257828,34.87
20,467,CYIENT,EQ,449157,255913,56.98
20,468,CYIENTDLM,EQ,163395,82861,50.71
20,469,DABUR,EQ,3167951,2291551,72.34
20,470,DALBHARAT,EQ,2753466,2290116,83.17
20,471,DALMIASUG,EQ,171612,54838,31.95
20,472,DAMODARIND,EQ,13325,8342,62.60
20,473,DATAMATICS,EQ,535097,179110,33.47
20,474,DATAPATTNS,EQ,185308,74084,39.98
20,475,DBCORP,EQ,978912,762434,77.89
20,476,DBL,EQ,1006221,329016,32.70
20,477,DBOL,EQ,394653,226653,57.43
20,478,DBREALTY,EQ,1154334,696650,60.35
20,479,DCAL,EQ,328124,157396,47.97
20,480,DCBBANK,EQ,1978866,909770,45.97
20,481,DCM,EQ,57369,16542,28.83
20,482,DCMNVL,EQ,48263,28607,59.27
20,483,DCMSHRIRAM,EQ,48349,20447,42.29
20,484,DCMSRIND,EQ,502005,252580,50.31
20,485,DCW,EQ,1078727,594730,55.13
20,486,DCXINDIA,EQ,520010,249101,47.90
20,487,DECCANCE,EQ,11035,6397,57.97
20,488,DEEPAKFERT,EQ,520072,251625,48.38
20,489,DEEPAKNTR,EQ,233380,94005,40.28
20,490,DEEPENR,EQ,11157,7929,71.07
20,491,DEEPINDS,EQ,338338,90986,26.89
20,492,DELHIVERY,EQ,1369474,832388,60.78
20,493,DELPHIFX,EQ,1615,1287,79.69
20,494,DELTACORP,EQ,9136830,4233669,46.34
20,495,DEN,EQ,2549937,955123,37.46
20,496,DENEERS,SM,27600,25200,91.30
20,497,DENORA,EQ,13736,6016,43.80
20,498,DENTALKART,SM,17500,12500,71.43
20,499,DEVIT,EQ,27168,19800,72.88
20,500,DEVYANI,EQ,2271677,1583455,69.70
20,501,DGCONTENT,EQ,17901,13434,75.05
20,502,DHAMPURSUG,EQ,604442,185031,30.61
20,503,DHANBANK,EQ,872868,487846,55.89
20,504,DHANI,EQ,1887148,1214965,64.38
20,505,DHANILOANS,N8,20,20,100.00
20,506,DHANILOANS,NF,390,390,100.00
20,507,DHANILOANS,NH,25,25,100.00
20,508,DHANILOANS,NO,32,32,100.00
20,509,DHANILOANS,NU,8,8,100.00
20,510,DHANILOANS,NX,203,203,100.00
20,511,DHANUKA,EQ,118704,63347,53.37
20,512,DHARMAJ,EQ,220235,99171,45.03
20,513,DHRUV,EQ,13750,8054,58.57
20,514,DHUNINV,EQ,4001,2390,59.74
20,515,DIAMINESQ,EQ,17037,11655,68.41
20,516,DIAMONDYD,EQ,28273,15400,54.47
20,517,DICIND,EQ,1436,801,55.78
20,518,DIGIKORE,SM,24800,20000,80.65
20,519,DIGISPICE,EQ,120507,60074,49.85
20,520,DISHTV,EQ,40792925,14503309,35.55
20,521,DIVGIITTS,EQ,48450,36896,76.15
20,522,DIVISLAB,EQ,887438,540387,60.89
20,523,DIVOPPBEES,EQ,38677,28862,74.62
20,524,DIXON,EQ,464556,159507,34.34
20,525,DJML,EQ,1790,656,36.65
20,526,DKEGL,SM,9000,7500,83.33
20,527,DLF,EQ,14874927,11430977,76.85
20,528,DLINKINDIA,EQ,113491,47116,41.52
20,529,DMART,EQ,698850,479909,68.67
20,530,DMCC,EQ,8181,5426,66.32
20,531,DODLA,EQ,460163,283457,61.60
20,532,DOLATALGO,EQ,189542,112417,59.31
20,533,DOLLAR,EQ,36281,18299,50.44
20,534,DOLLEX,SM,620000,424000,68.39
20,535,DONEAR,EQ,174357,60858,34.90
20,536,DPABHUSHAN,EQ,4873,3684,75.60
20,537,DPSCLTD,EQ,1359168,947230,69.69
20,538,DPWIRES,EQ,60401,20648,34.18
20,539,DRCSYSTEMS,EQ,119200,71069,59.62
20,540,DREAMFOLKS,EQ,489739,237463,48.49
20,541,DREDGECORP,EQ,180931,48043,26.55
20,542,DRL,SM,6000,6000,100.00
20,543,DRONE,SM,115000,76000,66.09
20,544,DRREDDY,EQ,853552,535690,62.76
20,545,DSPBANKETF,EQ,2904,1637,56.37
20,546,DSPGOLDETF,EQ,23539,22117,93.96
20,547,DSPITETF,EQ,6180,3991,64.58
20,548,DSPN50ETF,EQ,668,544,81.44
20,549,DSPNEWETF,EQ,9549,7748,81.14
20,550,DSPPSBKETF,EQ,8170,4877,59.69
20,551,DSPPVBKETF,EQ,4023,1907,47.40
20,552,DSPQ50ETF,EQ,4814,3917,81.37
20,553,DSPSENXETF,EQ,602,562,93.36
20,554,DSPSILVETF,EQ,188142,173407,92.17
20,555,DSSL,EQ,68681,37331,54.35
20,556,DTIL,EQ,7070,2212,31.29
20,557,DUCOL,SM,15200,10400,68.42
20,558,DUGLOBAL,SM,42500,32500,76.47
20,559,DVL,EQ,125794,49228,39.13
20,560,DWARKESH,EQ,3466700,1222353,35.26
20,561,DYCL,EQ,27475,16520,60.13
20,562,DYNAMATECH,EQ,19431,9322,47.97
20,563,DYNAMIC,SM,84000,78000,92.86
20,564,DYNPRO,EQ,58328,38014,65.17
20,565,EASEMYTRIP,EQ,43569522,22421036,51.46
20,566,EBBETF0425,EQ,3297,3075,93.27
20,567,EBBETF0430,EQ,9789,8691,88.78
20,568,EBBETF0431,EQ,5402,5240,97.00
20,569,EBBETF0433,EQ,1702,1221,71.74
20,570,ECLERX,EQ,209641,101572,48.45
20,571,ECLFINANCE,NJ,150,150,100.00
20,572,ECLFINANCE,NK,127,119,93.70
20,573,ECLFINANCE,NO,601,601,100.00
20,574,ECLFINANCE,NP,10,10,100.00
20,575,ECLFINANCE,NQ,56,56,100.00
20,576,ECLFINANCE,NR,422,227,53.79
20,577,EDELWEISS,EQ,16603199,5193717,31.28
20,578,EFACTOR,SM,35200,30400,86.36
20,579,EGOLD,EQ,1366820,1365586,99.91
20,580,EICHERMOT,EQ,1338711,705567,52.70
20,581,EIDPARRY,EQ,1742212,528026,30.31
20,582,EIFFL,EQ,36889,21637,58.65
20,583,EIHAHOTELS,EQ,15728,7660,48.70
20,584,EIHOTEL,EQ,660897,356111,53.88
20,585,EIMCOELECO,EQ,19694,13067,66.35
20,586,EKC,EQ,732025,290361,39.67
20,587,ELDEHSG,EQ,1575,1047,66.48
20,588,ELECON,EQ,775489,339189,43.74
20,589,ELECTCAST,EQ,12076074,9854740,81.61
20,590,ELGIEQUIP,EQ,306812,190584,62.12
20,591,ELIN,EQ,104377,55999,53.65
20,592,EMAMILTD,EQ,243273,164756,67.72
20,593,EMAMIPAP,EQ,11000,4616,41.96
20,594,EMAMIREAL,EQ,155167,103056,66.42
20,595,EMBASSY,RR,340324,303484,89.18
20,596,EMIL,EQ,2115323,1785583,84.41
20,597,EMKAY,EQ,65769,38164,58.03
20,598,EMKAYTOOLS,SM,6000,5100,85.00
20,599,EMMBI,EQ,87864,55407,63.06
20,600,EMSLIMITED,EQ,207337,132753,64.03
20,601,EMUDHRA,EQ,45487,22561,49.60
20,602,ENDURANCE,EQ,79364,34679,43.70
20,603,ENERGYDEV,EQ,52156,31576,60.54
20,604,ENGINERSIN,EQ,5321013,2482410,46.65
20,605,ENIL,EQ,43173,27685,64.13
20,606,EPIGRAL,EQ,25236,12909,51.15
20,607,EPL,EQ,375198,231755,61.77
20,608,EQUITASBNK,EQ,7992583,5301749,66.33
20,609,ERFLNCDI,N5,66,66,100.00
20,610,ERIS,EQ,168864,107575,63.71
20,611,EROSMEDIA,EQ,1136326,445112,39.17
20,612,ESABINDIA,EQ,5426,2345,43.22
20,613,ESAFSFB,EQ,2445071,1649158,67.45
20,614,ESCORTS,EQ,1562279,1213822,77.70
20,615,ESFL,SM,163200,103200,63.24
20,616,ESG,EQ,80773,76136,94.26
20,617,ESILVER,EQ,911475,905099,99.30
20,618,ESSENTIA,EQ,18530908,10848932,58.55
20,619,ESTER,EQ,313961,141421,45.04
20,620,ETHOSLTD,EQ,138694,98698,71.16
20,621,EUROBOND,SM,10000,7000,70.00
20,622,EVEREADY,EQ,81320,37685,46.34
20,623,EVERESTIND,EQ,13476,7320,54.32
20,624,EXCELINDUS,EQ,6701,4220,62.98
20,625,EXIDEIND,EQ,2863183,1720524,60.09
20,626,EXPLEOSOL,EQ,10406,6226,59.83
20,627,EXXARO,EQ,177245,80078,45.18
20,628,FACT,EQ,244607,77454,31.66
20,629,FAIRCHEMOR,EQ,10890,5946,54.60
20,630,FAZE3Q,EQ,37208,13731,36.90
20,631,FCL,EQ,472308,223804,47.39
20,632,FCSSOFT,EQ,57727972,11116010,19.26
20,633,FDC,EQ,183316,78851,43.01
20,634,FEDERALBNK,EQ,18371642,9036185,49.19
20,635,FEDFINA,EQ,33768075,15440862,45.73
20,636,FELIX,SM,10000,10000,100.00
20,637,FIBERWEB,EQ,290679,146800,50.50
20,638,FIEMIND,EQ,33450,16136,48.24
20,639,FILATEX,EQ,529743,219077,41.36
20,640,FINCABLES,EQ,757134,405178,53.51
20,641,FINEORG,EQ,19415,13760,70.87
20,642,FINOPB,EQ,108273,55797,51.53
20,643,FINPIPE,EQ,837186,485499,57.99
20,644,FIVESTAR,EQ,495437,318939,64.38
20,645,FLUOROCHEM,EQ,89565,38283,42.74
20,646,FMGOETZE,EQ,257399,103170,40.08
20,647,FOCE,SM,200,200,100.00
20,648,FOCUS,EQ,145538,69446,47.72
20,649,FOODSIN,EQ,248329,152024,61.22
20,650,FORTIS,EQ,2851233,1777048,62.33
20,651,FOSECOIND,EQ,1440,618,42.92
20,652,FROG,SM,56400,40400,71.63
20,653,FSL,EQ,9141994,3334501,36.47
20,654,FUSION,EQ,166170,113096,68.06
20,655,GABRIEL,EQ,2202905,1575801,71.53
20,656,GAEL,EQ,560594,227395,40.56
20,657,GAIL,EQ,82083861,45070031,54.91
20,658,GALAXYSURF,EQ,19295,11891,61.63
20,659,GALLANTT,EQ,75250,45505,60.47
20,660,GANDHAR,EQ,38028100,16091898,42.32
20,661,GANDHITUBE,EQ,17478,8850,50.64
20,662,GANECOS,EQ,25605,15725,61.41
20,663,GANESHBE,EQ,768475,365451,47.56
20,664,GANESHHOUC,EQ,31053,11384,36.66
20,665,GANGESSECU,EQ,35204,26288,74.67
20,666,GARFIBRES,EQ,18778,11643,62.00
20,667,GATEWAY,EQ,9742195,6311378,64.78
20,668,GEECEE,EQ,11388,8609,75.60
20,669,GENESYS,EQ,2103021,814376,38.72
20,670,GENUSPAPER,EQ,610521,340639,55.79
20,671,GENUSPOWER,EQ,1410003,900643,63.88
20,672,GEOJITFSL,EQ,864188,400766,46.37
20,673,GEPIL,EQ,323126,121922,37.73
20,674,GESHIP,EQ,2066347,681624,32.99
20,675,GFLLIMITED,EQ,200906,113096,56.29
20,676,GHCL,EQ,839426,392592,46.77
20,677,GHCLTEXTIL,EQ,551517,346046,62.74
20,678,GICHSGFIN,EQ,585163,240771,41.15
20,679,GICL,SM,267000,207000,77.53
20,680,GICRE,EQ,12070302,981763,8.13
20,681,GILLANDERS,EQ,171931,75765,44.07
20,682,GILLETTE,EQ,7039,4346,61.74
20,683,GILT5YBEES,EQ,163647,112972,69.03
20,684,GINNIFILA,EQ,514814,383960,74.58
20,685,GIPCL,EQ,1017464,387547,38.09
20,686,GLAND,EQ,325983,214486,65.80
20,687,GLAXO,EQ,215735,124796,57.85
20,688,GLENMARK,EQ,1139226,441112,38.72
20,689,GLFL,EQ,2071,2071,100.00
20,690,GLOBAL,EQ,1012336,288130,28.46
20,691,GLOBALPET,SM,25500,25500,100.00
20,692,GLOBALVECT,EQ,87709,32103,36.60
20,693,GLOBUSSPR,EQ,49968,25470,50.97
20,694,GLS,EQ,157552,118557,75.25
20,695,GMBREW,EQ,26299,14131,53.73
20,696,GMDCLTD,EQ,6337440,1807137,28.52
20,697,GMMPFAUDLR,EQ,252033,172261,68.35
20,698,GMRINFRA,EQ,19272526,8319618,43.17
20,699,GMRP&UI,EQ,4143785,2826444,68.21
20,700,GNA,EQ,50939,35383,69.46
20,701,GNFC,EQ,1183095,557678,47.14
20,702,GOACARBON,EQ,137539,46000,33.45
20,703,GOCLCORP,EQ,44059,23962,54.39
20,704,GOCOLORS,EQ,242153,185981,76.80
20,705,GODFRYPHLP,EQ,35615,17416,48.90
20,706,GODREJAGRO,EQ,145759,97262,66.73
20,707,GODREJCP,EQ,1837947,1340655,72.94
20,708,GODREJIND,EQ,266230,142257,53.43
20,709,GODREJPROP,EQ,912276,505723,55.44
20,710,GOKEX,EQ,2051274,1342778,65.46
20,711,GOKUL,EQ,153462,81026,52.80
20,712,GOKULAGRO,EQ,409714,134754,32.89
20,713,GOLDBEES,EQ,2888819,2067940,71.58
20,714,GOLDETF,EQ,107457,77435,72.06
20,715,GOLDIAM,EQ,1012340,491229,48.52
20,716,GOLDSHARE,EQ,162661,117274,72.10
20,717,GOLDSTAR,ST,202500,191250,94.44
20,718,GOODLUCK,EQ,104863,69508,66.28
20,719,GOYALSALT,SM,21000,18000,85.71
20,720,GPIL,EQ,857887,456299,53.19
20,721,GPPL,EQ,1974249,1172349,59.38
20,722,GRANULES,EQ,6996856,2048126,29.27
20,723,GRAPHITE,EQ,2044973,779722,38.13
20,724,GRASIM,EQ,1700309,997523,58.67
20,725,GRAVITA,EQ,73312,41765,56.97
20,726,GREAVESCOT,EQ,843939,474733,56.25
20,727,GREENCHEF,SM,27200,20000,73.53
20,728,GREENLAM,EQ,87950,25362,28.84
20,729,GREENPANEL,EQ,113786,63321,55.65
20,730,GREENPLY,EQ,133553,68570,51.34
20,731,GREENPOWER,EQ,20325536,11896311,58.53
20,732,GRINDWELL,EQ,40851,24734,60.55
20,733,GRINFRA,EQ,95045,64065,67.40
20,734,GRMOVER,EQ,33078,15156,45.82
20,735,GROBTEA,EQ,171,111,64.91
20,736,GRPLTD,EQ,445,323,72.58
20,737,GRSE,EQ,1698735,545942,32.14
20,738,GRWRHITECH,EQ,15024,7932,52.80
20,739,GSEC10YEAR,EQ,171,125,73.10
20,740,GSFC,EQ,6217034,2651165,42.64
20,741,GSLSU,EQ,199116,40707,20.44
20,742,GSPL,EQ,1183399,882904,74.61
20,743,GSS,EQ,18212,8949,49.14
20,744,GSTL,SM,17000,17000,100.00
20,745,GTLINFRA,EQ,16721314,10214321,61.09
20,746,GTPL,EQ,40216,20050,49.86
20,747,GUFICBIO,EQ,3364281,552556,16.42
20,748,GUJALKALI,EQ,56491,30208,53.47
20,749,GUJAPOLLO,EQ,29530,26414,89.45
20,750,GUJGASLTD,EQ,790451,468364,59.25
20,751,GULFOILLUB,EQ,263176,132259,50.25
20,752,GULPOLY,EQ,114047,52245,45.81
20,753,HAL,EQ,7273415,3660252,50.32
20,754,HAPPSTMNDS,EQ,276734,141412,51.10
20,755,HARDWYN,EQ,156414,98729,63.12
20,756,HARIOMPIPE,EQ,67526,34774,51.50
20,757,HARRMALAYA,EQ,22750,13416,58.97
20,758,HARSHA,EQ,213659,96214,45.03
20,759,HATHWAY,EQ,8347571,3174350,38.03
20,760,HATSUN,EQ,7587,3815,50.28
20,761,HAVELLS,EQ,1003617,610761,60.86
20,762,HBLPOWER,EQ,2573935,1298626,50.45
20,763,HCC,EQ,59071276,26429049,44.74
20,764,HCG,EQ,147926,101553,68.65
20,765,HCL-INSYS,EQ,1128400,690697,61.21
20,766,HCLTECH,EQ,4104385,2742606,66.82
20,767,HDFCAMC,EQ,1151667,807095,70.08
20,768,HDFCBANK,EQ,34745720,24127159,69.44
20,769,HDFCBSE500,EQ,27996,12654,45.20
20,770,HDFCGOLD,EQ,470275,306702,65.22
20,771,HDFCGROWTH,EQ,675,452,66.96
20,772,HDFCLIFE,EQ,4637116,2971288,64.08
20,773,HDFCLIQUID,EQ,134,65,48.51
20,774,HDFCLOWVOL,EQ,5678,2855,50.28
20,775,HDFCMID150,EQ,181408,132062,72.80
20,776,HDFCMOMENT,EQ,30496,21773,71.40
20,777,HDFCNEXT50,EQ,2535,1751,69.07
20,778,HDFCNIF100,EQ,16836,6764,40.18
20,779,HDFCNIFBAN,EQ,577668,575517,99.63
20,780,HDFCNIFIT,EQ,1652,1373,83.11
20,781,HDFCNIFTY,EQ,51286,40323,78.62
20,782,HDFCPVTBAN,EQ,1832,1292,70.52
20,783,HDFCQUAL,EQ,1410,844,59.86
20,784,HDFCSENSEX,EQ,2829,1968,69.57
20,785,HDFCSILVER,EQ,310695,285102,91.76
20,786,HDFCSML250,EQ,139574,104422,74.81
20,787,HDFCVALUE,EQ,1514,1375,90.82
20,788,HEADSUP,EQ,80806,25464,31.51
20,789,HEALTHY,EQ,215359,174356,80.96
20,790,HECPROJECT,EQ,8053,3625,45.01
20,791,HEG,EQ,244173,86844,35.57
20,792,HEIDELBERG,EQ,285227,142241,49.87
20,793,HEMIPROP,EQ,654939,318809,48.68
20,794,HERANBA,EQ,97979,46316,47.27
20,795,HERCULES,EQ,62717,34783,55.46
20,796,HERITGFOOD,EQ,315124,170201,54.01
20,797,HEROMOTOCO,EQ,2909100,1305179,44.87
20,798,HESTERBIO,EQ,8976,6653,74.12
20,799,HEUBACHIND,EQ,239252,116050,48.51
20,800,HEXATRADEX,EQ,1953,1456,74.55
20,801,HFCL,EQ,5386972,2086514,38.73
20,802,HGINFRA,EQ,76580,46054,60.14
20,803,HGS,EQ,136834,66064,48.28
20,804,HIGREEN,SM,225600,144000,63.83
20,805,HIKAL,EQ,418124,216793,51.85
20,806,HIL,EQ,9903,6425,64.88
20,807,HILTON,EQ,54890,33247,60.57
20,808,HIMATSEIDE,EQ,471050,227476,48.29
20,809,HINDALCO,EQ,7599701,4564290,60.06
20,810,HINDCOMPOS,EQ,11165,4596,41.16
20,811,HINDCON,EQ,199714,147912,74.06
20,812,HINDCOPPER,EQ,16318300,6255250,38.33
20,813,HINDMOTORS,EQ,570520,396870,69.56
20,814,HINDOILEXP,EQ,585470,339362,57.96
20,815,HINDPETRO,EQ,12154345,6523869,53.68
20,816,HINDUNILVR,EQ,3095684,2215287,71.56
20,817,HINDWAREAP,EQ,74710,34906,46.72
20,818,HINDZINC,EQ,382853,200995,52.50
20,819,HIRECT,EQ,24876,15080,60.62
20,820,HISARMETAL,EQ,22163,13078,59.01
20,821,HITECH,EQ,808658,413108,51.09
20,822,HITECHCORP,EQ,10008,4848,48.44
20,823,HITECHGEAR,EQ,14531,6805,46.83
20,824,HLEGLAS,EQ,46925,22642,48.25
20,825,HLVLTD,EQ,1705344,771593,45.25
20,826,HMAAGRO,EQ,137531,87889,63.90
20,827,HMVL,EQ,165168,109982,66.59
20,828,HNDFDS,EQ,78832,59350,75.29
20,829,HNGSNGBEES,EQ,262864,159740,60.77
20,830,HOLMARC,SM,39000,24000,61.54
20,831,HOMEFIRST,EQ,388804,234473,60.31
20,832,HOMESFY,SM,600,600,100.00
20,833,HONASA,EQ,2802025,1890154,67.46
20,834,HONAUT,EQ,1726,1049,60.78
20,835,HONDAPOWER,EQ,11843,7019,59.27
20,836,HOVS,EQ,67421,31614,46.89
20,837,HPAL,EQ,2169474,710441,32.75
20,838,HPL,EQ,211606,132406,62.57
20,839,HSCL,EQ,3766487,2221792,58.99
20,840,HTMEDIA,EQ,274087,158250,57.74
20,841,HUBTOWN,EQ,1202816,687463,57.15
20,842,HUDCO,EQ,48799946,15724500,32.22
20,843,HUDCO,N2,361,361,100.00
20,844,HUDCO,N5,87,83,95.40
20,845,HUDCO,N8,180,160,88.89
20,846,HUDCO,N9,36,36,100.00
20,847,HUDCO,ND,1230,1200,97.56
20,848,HUDCO,NE,170,165,97.06
20,849,HUHTAMAKI,EQ,157508,114755,72.86
20,850,IBREALEST,EQ,14851523,4626505,31.15
20,851,IBUCCREDIT,ND,21,21,100.00
20,852,IBUCCREDIT,NS,41,41,100.00
20,853,IBUCCREDIT,NZ,5,5,100.00
20,854,IBULHSG,N4,30,30,100.00
20,855,IBULHSG,N5,31,31,100.00
20,856,IBULHSG,NH,10,10,100.00
20,857,IBULHSG,NV,5,5,100.00
20,858,IBULHSGFIN,AR,10,10,100.00
20,859,IBULHSGFIN,AT,50,50,100.00
20,860,IBULHSGFIN,AX,49,49,100.00
20,861,IBULHSGFIN,BF,2,2,100.00
20,862,IBULHSGFIN,EQ,51950772,17682452,34.04
20,863,IBULHSGFIN,NA,320,320,100.00
20,864,IBULHSGFIN,NE,415,411,99.04
20,865,IBULHSGFIN,NO,36,36,100.00
20,866,IBULHSGFIN,Y3,50,50,100.00
20,867,IBULHSGFIN,Y8,5,5,100.00
20,868,IBULHSGFIN,YX,1,1,100.00
20,869,IBULHSGFIN,YZ,2,2,100.00
20,870,IBULHSGFIN,Z7,16,16,100.00
20,871,IBULHSGFIN,ZF,12,12,100.00
20,872,IBULHSGFIN,ZR,10,10,100.00
20,873,IBULHSGFIN,ZW,10,10,100.00
20,874,IBULHSGFIN,ZY,16,16,100.00
20,875,ICEMAKE,EQ,31919,22059,69.11
20,876,ICICI10GS,EQ,9,9,100.00
20,877,ICICI500,EQ,93682,59704,63.73
20,878,ICICI5GSEC,EQ,6229,3706,59.50
20,879,ICICIALPLV,EQ,59171,27848,47.06
20,880,ICICIAUTO,EQ,23756,19828,83.47
20,881,ICICIB22,EQ,502524,385527,76.72
20,882,ICICIBANK,EQ,23950292,13981742,58.38
20,883,ICICIBANKN,EQ,5704084,5486744,96.19
20,884,ICICIBANKP,EQ,54476,18927,34.74
20,885,ICICICOMMO,EQ,137161,38520,28.08
20,886,ICICICONSU,EQ,109130,40804,37.39
20,887,ICICIFIN,EQ,375879,72660,19.33
20,888,ICICIFMCG,EQ,23095,19689,85.25
20,889,ICICIGI,EQ,1003720,593289,59.11
20,890,ICICIGOLD,EQ,2178531,1925344,88.38
20,891,ICICIINFRA,EQ,92869,1905,2.05
20,892,ICICILIQ,EQ,391108,226242,57.85
20,893,ICICILOVOL,EQ,183938,168767,91.75
20,894,ICICIM150,EQ,28014,18966,67.70
20,895,ICICIMCAP,EQ,44910,30161,67.16
20,896,ICICIMOM30,EQ,72223,62602,86.68
20,897,ICICINF100,EQ,17745,14410,81.21
20,898,ICICINIFTY,EQ,218908,135349,61.83
20,899,ICICINV20,EQ,108294,82680,76.35
20,900,ICICINXT50,EQ,91554,77289,84.42
20,901,ICICIPHARM,EQ,75579,64925,85.90
20,902,ICICIPRULI,EQ,3217338,1823788,56.69
20,903,ICICIQTY30,EQ,15967,13083,81.94
20,904,ICICISENSX,EQ,1655,949,57.34
20,905,ICICISILVE,EQ,184527,159194,86.27
20,906,ICICITECH,EQ,348161,89157,25.61
20,907,ICIL,EQ,377057,181656,48.18
20,908,ICRA,EQ,3302,1784,54.03
20,909,IDBI,EQ,6742871,2589990,38.41
20,910,IDEA,EQ,617533424,323727026,52.42
20,911,IDEAFORGE,EQ,136676,74265,54.34
20,912,IDFC,EQ,6388823,3650728,57.14
20,913,IDFCFIRSTB,EQ,66683981,44924963,67.37
20,914,IDFNIFTYET,EQ,610,549,90.00
20,915,IEX,EQ,6712211,3031185,45.16
20,916,IFBAGRO,EQ,9046,3507,38.77
20,917,IFBIND,EQ,22102,11780,53.30
20,918,IFCI,EQ,43785733,17951141,41.00
20,919,IFCI,NH,400,400,100.00
20,920,IFCI,NL,190,190,100.00
20,921,IFGLEXPOR,EQ,90289,45459,50.35
20,922,IGARASHI,EQ,185197,127807,69.01
20,923,IGL,EQ,2786914,1698533,60.95
20,924,IGPL,EQ,28620,20266,70.81
20,925,IIFCL,N4,66,66,100.00
20,926,IIFL,EQ,580154,381085,65.69
20,927,IIFL,N6,572,572,100.00
20,928,IIFL,NC,150,141,94.00
20,929,IIFL,ND,10,10,100.00
20,930,IIFL,NE,251,251,100.00
20,931,IIFL,NF,1933,1413,73.10
20,932,IIFL,NG,1,1,100.00
20,933,IIFL,NJ,405,280,69.14
20,934,IIFL,NL,298,256,85.91
20,935,IIFL,NM,400,400,100.00
20,936,IIFL,NO,101,101,100.00
20,937,IIFL,NP,38,38,100.00
20,938,IIFL,NQ,364,364,100.00
20,939,IIFL,NS,311,311,100.00
20,940,IIFL,NT,16,16,100.00
20,941,IIFL,NV,10,10,100.00
20,942,IIFL,NW,200,200,100.00
20,943,IIFL,NZ,55,55,100.00
20,944,IIFL,Y0,6,6,100.00
20,945,IIFLSEC,EQ,701494,313925,44.75
20,946,IIHFL,N4,369,369,100.00
20,947,IIHFL,N5,3738,3126,83.63
20,948,IIHFL,N6,11,10,90.91
20,949,IIHFL,N9,111,111,100.00
20,950,IKIO,EQ,151717,69768,45.99
20,951,IMAGICAA,EQ,975671,521393,53.44
20,952,IMC1,N0,27,27,100.00
20,953,IMC1,N1,134,117,87.31
20,954,IMC1,N2,34,17,50.00
20,955,IMC1,N3,55,38,69.09
20,956,IMFA,EQ,252075,114920,45.59
20,957,IMPAL,EQ,10798,5074,46.99
20,958,INCREDFIN,N2,100,100,100.00
20,959,INCREDFIN,N4,12,12,100.00
20,960,INCREDFIN,N7,85,85,100.00
20,961,INDHOTEL,EQ,3944054,3054452,77.44
20,962,INDIACEM,EQ,24483492,6354014,25.95
20,963,INDIAGLYCO,EQ,49913,28742,57.58
20,964,INDIAMART,EQ,179170,103095,57.54
20,965,INDIANB,EQ,11628639,7979983,68.62
20,966,INDIANCARD,EQ,10983,6554,59.67
20,967,INDIANHUME,EQ,27213,16554,60.83
20,968,INDIGO,EQ,775685,505707,65.19
20,969,INDIGOPNTS,EQ,30402,13771,45.30
20,970,INDIGRID,IV,531203,424712,79.95
20,971,INDIGRID,NL,460,460,100.00
20,972,INDNIPPON,EQ,14517,9024,62.16
20,973,INDOAMIN,EQ,86091,46387,53.88
20,974,INDOBORAX,EQ,39766,19548,49.16
20,975,INDOCO,EQ,103720,56670,54.64
20,976,INDORAMA,EQ,483836,289323,59.80
20,977,INDOTHAI,EQ,1087,700,64.40
20,978,INDSWFTLAB,EQ,98285,47647,48.48
20,979,INDTERRAIN,EQ,533148,241524,45.30
20,980,INDUSINDBK,EQ,45549217,30002210,65.87
20,981,INDUSTOWER,EQ,4331123,1661510,38.36
20,982,INFIBEAM,EQ,14879686,6433890,43.24
20,983,INFINIUM,SM,9000,8000,88.89
20,984,INFOBEAN,EQ,28407,17516,61.66
20,985,INFOLLION,SM,47200,25600,54.24
20,986,INFRABEES,EQ,4701,3292,70.03
20,987,INFY,EQ,10120867,7339597,72.52
20,988,INGERRAND,EQ,17460,9773,55.97
20,989,INNOVANA,SM,600,600,100.00
20,990,INNOVATIVE,SM,63000,51000,80.95
20,991,INOXGREEN,EQ,2556764,1203161,47.06
20,992,INOXWIND,EQ,3748849,2092341,55.81
20,993,INSECTICID,EQ,36615,26278,71.77
20,994,INSPIRE,SM,16000,16000,100.00
20,995,INTELLECT,EQ,1964070,633150,32.24
20,996,INTENTECH,EQ,551616,241289,43.74
20,997,INTLCONV,EQ,753488,356914,47.37
20,998,INVENTURE,EQ,2071566,1164940,56.23
20,999,IOB,EQ,8748427,2389227,27.31
20,1000,IOC,EQ,46269884,26407191,57.07
20,1001,IOLCP,EQ,209959,97564,46.47
20,1002,IONEXCHANG,EQ,209009,106769,51.08
20,1003,IPCALAB,EQ,298026,142633,47.86
20,1004,IPL,EQ,5618351,1893211,33.70
20,1005,IPSL,SM,4000,4000,100.00
20,1006,IRB,EQ,15633404,7098323,45.40
20,1007,IRBINVIT,IV,120327,108131,89.86
20,1008,IRCON,EQ,13976866,5855779,41.90
20,1009,IRCTC,EQ,2128035,1011508,47.53
20,1010,IREDA,EQ,391471914,112622270,28.77
20,1011,IREDA,N1,307,242,78.83
20,1012,IREDA,N2,34,10,29.41
20,1013,IREDA,N5,450,450,100.00
20,1014,IREDA,N6,15,15,100.00
20,1015,IREDA,N7,16,16,100.00
20,1016,IRFC,EQ,19003196,9272218,48.79
20,1017,IRFC,N2,3501,3501,100.00
20,1018,IRFC,N4,302,301,99.67
20,1019,IRFC,N9,1000,1000,100.00
20,1020,IRFC,NA,1,1,100.00
20,1021,IRFC,ND,100,100,100.00
20,1022,IRFC,NI,754,396,52.52
20,1023,IRFC,NJ,75,75,100.00
20,1024,IRFC,NK,20,20,100.00
20,1025,IRFC,NO,166,166,100.00
20,1026,IRIS,EQ,36093,19638,54.41
20,1027,IRISDOREME,EQ,100928,29672,29.40
20,1028,IRMENERGY,EQ,276239,87847,31.80
20,1029,ISEC,EQ,487767,265458,54.42
20,1030,ISFT,EQ,10747,7722,71.85
20,1031,ISGEC,EQ,144374,84159,58.29
20,1032,ISHAN,ST,3200,1600,50.00
20,1033,ISMTLTD,EQ,1242829,476653,38.35
20,1034,ITBEES,EQ,3654608,2216261,60.64
20,1035,ITC,EQ,15127505,9565526,63.23
20,1036,ITDC,EQ,87105,33317,38.25
20,1037,ITDCEM,EQ,688089,297361,43.22
20,1038,ITETF,EQ,6586,5211,79.12
20,1039,ITI,EQ,1004079,440613,43.88
20,1040,IVC,EQ,470473,347089,73.77
20,1041,IVP,EQ,44357,31690,71.44
20,1042,IVZINGOLD,EQ,113,111,98.23
20,1043,IVZINNIFTY,EQ,9,9,100.00
20,1044,IWEL,EQ,7867,4746,60.33
20,1045,JAGRAN,EQ,303657,204041,67.19
20,1046,JAGSNPHARM,EQ,190419,68438,35.94
20,1047,JAICORPLTD,EQ,1843557,1321574,71.69
20,1048,JAINAM,SM,8000,6000,75.00
20,1049,JAIPURKURT,EQ,137479,105113,76.46
20,1050,JALAN,SM,3000,3000,100.00
20,1051,JAMNAAUTO,EQ,777191,412970,53.14
20,1052,JASH,EQ,5030,3526,70.10
20,1053,JAYAGROGN,EQ,45554,20792,45.64
20,1054,JAYBARMARU,EQ,83611,53702,64.23
20,1055,JAYNECOIND,EQ,816048,488267,59.83
20,1056,JAYSREETEA,EQ,29056,12616,43.42
20,1057,JBCHEPHARM,EQ,355908,235217,66.09
20,1058,JCHAC,EQ,9439,4740,50.22
20,1059,JETFREIGHT,EQ,110381,86110,78.01
20,1060,JFLLIFE,SM,2000,2000,100.00
20,1061,JHS,EQ,316678,189857,59.95
20,1062,JINDALPHOT,EQ,18952,10409,54.92
20,1063,JINDALPOLY,EQ,23184,14151,61.04
20,1064,JINDALSAW,EQ,2420551,1580628,65.30
20,1065,JINDALSTEL,EQ,1865635,1124926,60.30
20,1066,JINDRILL,EQ,91218,55520,60.87
20,1067,JINDWORLD,EQ,30274,18614,61.49
20,1068,JIOFIN,EQ,45432216,29532073,65.00
20,1069,JISLDVREQS,EQ,36532,22368,61.23
20,1070,JISLJALEQS,EQ,14249460,8826714,61.94
20,1071,JIWANRAM,SM,6000,6000,100.00
20,1072,J&KBANK,EQ,6054730,2266151,37.43
20,1073,JKCEMENT,EQ,203923,115519,56.65
20,1074,JKIL,EQ,453795,150436,33.15
20,1075,JKLAKSHMI,EQ,573622,324662,56.60
20,1076,JKPAPER,EQ,584755,346444,59.25
20,1077,JKTYRE,EQ,2613769,942540,36.06
20,1078,JLHL,EQ,102744,62734,61.06
20,1079,JMA,EQ,135558,72752,53.67
20,1080,JMFINANCIL,EQ,2217672,1015564,45.79
20,1081,JOCIL,EQ,22285,10403,46.68
20,1082,JPASSOCIAT,EQ,16340285,8074488,49.41
20,1083,JPOLYINVST,EQ,12974,6299,48.55
20,1084,JPPOWER,EQ,113679937,52584551,46.26
20,1085,JSL,EQ,10563459,8152349,77.17
20,1086,JSLL,ST,14400,13680,95.00
20,1087,JSWENERGY,EQ,3279190,1751318,53.41
20,1088,JSWHL,EQ,1924,976,50.73
20,1089,JSWINFRA,EQ,3401542,1477592,43.44
20,1090,JSWSTEEL,EQ,3142500,1876133,59.70
20,1091,JTEKTINDIA,EQ,163075,91674,56.22
20,1092,JTLIND,EQ,400271,221948,55.45
20,1093,JUBLFOOD,EQ,3791559,2784482,73.44
20,1094,JUBLINDS,EQ,14167,6834,48.24
20,1095,JUBLINGREA,EQ,118445,66271,55.95
20,1096,JUBLPHARMA,EQ,235966,147046,62.32
20,1097,JUNIORBEES,EQ,85830,54535,63.54
20,1098,JUSTDIAL,EQ,164368,114029,69.37
20,1099,JWL,EQ,1707728,1088210,63.72
20,1100,JYOTHYLAB,EQ,847059,575024,67.88
20,1101,KABRAEXTRU,EQ,33528,13780,41.10
20,1102,KAJARIACER,EQ,204511,151923,74.29
20,1103,KAKATCEM,EQ,20655,13276,64.27
20,1104,KALAMANDIR,EQ,359726,161197,44.81
20,1105,KALYANKJIL,EQ,2077262,1247131,60.04
20,1106,KAMATHOTEL,EQ,40799,30960,75.88
20,1107,KAMDHENU,EQ,94852,18407,19.41
20,1108,KAMOPAINTS,EQ,528562,123368,23.34
20,1109,KANANIIND,EQ,131196,108935,83.03
20,1110,KANDARP,SM,4000,4000,100.00
20,1111,KANORICHEM,EQ,24023,16079,66.93
20,1112,KANPRPLA,EQ,15299,11198,73.19
20,1113,KANSAINER,EQ,241077,169518,70.32
20,1114,KARMAENG,EQ,9348,9347,99.99
20,1115,KARNIKA,SM,3200,3200,100.00
20,1116,KARURVYSYA,EQ,2791290,1278776,45.81
20,1117,KAVVERITEL,EQ,165032,141136,85.52
20,1118,KAYA,EQ,7462,4279,57.34
20,1119,KAYNES,EQ,259156,171687,66.25
20,1120,KBCGLOBAL,EQ,8651307,6222877,71.93
20,1121,KCK,SM,12000,8000,66.67
20,1122,KCP,EQ,483202,242768,50.24
20,1123,KDDL,EQ,12517,6136,49.02
20,1124,KDL,SM,4400,4400,100.00
20,1125,KEC,EQ,304677,200546,65.82
20,1126,KECL,EQ,422600,165872,39.25
20,1127,KEI,EQ,236920,115145,48.60
20,1128,KEL,SM,44400,40800,91.89
20,1129,KELLTONTEC,EQ,649874,310889,47.84
20,1130,KESORAMIND,EQ,11052423,6544539,59.21
20,1131,KFINTECH,EQ,392150,289609,73.85
20,1132,KHAICHEM,EQ,133307,67409,50.57
20,1133,KHAITANLTD,EQ,1809,1226,67.77
20,1134,KHANDSE,EQ,55460,28950,52.20
20,1135,KHFM,SM,46500,34100,73.33
20,1136,KICL,EQ,5461,2477,45.36
20,1137,KIMS,EQ,111201,56714,51.00
20,1138,KINGFA,EQ,3286,2185,66.49
20,1139,KIOCL,EQ,114765,65617,57.18
20,1140,KIRIINDUS,EQ,162061,83952,51.80
20,1141,KIRLOSBROS,EQ,72888,52734,72.35
20,1142,KIRLOSENG,EQ,1312702,634542,48.34
20,1143,KIRLOSIND,EQ,4408,3200,72.60
20,1144,KIRLPNU,EQ,35350,20245,57.27
20,1145,KITEX,EQ,71186,37002,51.98
20,1146,KKCL,EQ,51449,39898,77.55
20,1147,KMSUGAR,EQ,525940,207408,39.44
20,1148,KNAGRI,SM,14400,13600,94.44
20,1149,KNRCON,EQ,620660,351738,56.67
20,1150,KODYTECH,SM,8800,7200,81.82
20,1151,KOHINOOR,EQ,399606,197107,49.33
20,1152,KOKUYOCMLN,EQ,105305,64224,60.99
20,1153,KOLTEPATIL,EQ,242645,56252,23.18
20,1154,KONTOR,SM,12000,12000,100.00
20,1155,KOPRAN,EQ,396687,136230,34.34
20,1156,KORE,SM,20500,14000,68.29
20,1157,KOTAKALPHA,EQ,257686,203134,78.83
20,1158,KOTAKBANK,EQ,6254947,3797676,60.71
20,1159,KOTAKBKETF,EQ,575091,561446,97.63
20,1160,KOTAKCONS,EQ,921,790,85.78
20,1161,KOTAKGOLD,EQ,245092,181848,74.20
20,1162,KOTAKIT,EQ,57957,47360,81.72
20,1163,KOTAKLIQ,EQ,149,149,100.00
20,1164,KOTAKLOVOL,EQ,28086,24854,88.49
20,1165,KOTAKMID50,EQ,12048,8736,72.51
20,1166,KOTAKMNC,EQ,13473,12427,92.24
20,1167,KOTAKNIFTY,EQ,13695,11234,82.03
20,1168,KOTAKNV20,EQ,9919,5260,53.03
20,1169,KOTAKPSUBK,EQ,25759,13323,51.72
20,1170,KOTAKSILVE,EQ,16926,14350,84.78
20,1171,KOTARISUG,EQ,115482,83249,72.09
20,1172,KOTHARIPET,EQ,444292,109348,24.61
20,1173,KOTHARIPRO,EQ,15293,9198,60.15
20,1174,KOTYARK,SM,11600,7600,65.52
20,1175,KPIGREEN,EQ,176088,88644,50.34
20,1176,KPIL,EQ,480347,267078,55.60
20,1177,KPITTECH,EQ,1277831,612229,47.91
20,1178,KPRMILL,EQ,515764,189365,36.72
20,1179,KRBL,EQ,375669,200421,53.35
20,1180,KREBSBIO,EQ,9732,1845,18.96
20,1181,KRISHANA,EQ,74401,55868,75.09
20,1182,KRISHCA,SM,21500,15000,69.77
20,1183,KRISHIVAL,SM,1000,1000,100.00
20,1184,KRISHNADEF,SM,10500,9000,85.71
20,1185,KRITI,EQ,190148,100944,53.09
20,1186,KRSNAA,EQ,62404,41438,66.40
20,1187,KSB,EQ,41580,23186,55.76
20,1188,KSCL,EQ,170362,76259,44.76
20,1189,KSL,EQ,29035,13823,47.61
20,1190,KTKBANK,EQ,3583334,2060707,57.51
20,1191,KUANTUM,EQ,91995,44968,48.88
20,1192,LAGNAM,EQ,200905,108173,53.84
20,1193,LALPATHLAB,EQ,286388,135904,47.45
20,1194,LAMBODHARA,EQ,10511,6342,60.34
20,1195,LANDMARK,EQ,569079,317225,55.74
20,1196,LAOPALA,EQ,134136,87487,65.22
20,1197,LASA,EQ,88178,48171,54.63
20,1198,LATENTVIEW,EQ,4855308,1415929,29.16
20,1199,LATTEYS,EQ,120493,20144,16.72
20,1200,LAURUSLABS,EQ,1709134,759504,44.44
20,1201,LAXMICOT,EQ,144107,66446,46.11
20,1202,LAXMIMACH,EQ,6274,4026,64.17
20,1203,LCCINFOTEC,EQ,319586,49195,15.39
20,1204,LEMERITE,SM,14400,9600,66.67
20,1205,LEMONTREE,EQ,4279875,2335729,54.57
20,1206,LEXUS,EQ,63660,11019,17.31
20,1207,LFIC,EQ,16778,10695,63.74
20,1208,LGBBROSLTD,EQ,194697,66679,34.25
20,1209,LGBFORGE,EQ,5392033,2337121,43.34
20,1210,LIBAS,EQ,666858,95252,14.28
20,1211,LIBERTSHOE,EQ,58245,25321,43.47
20,1212,LICHSGFIN,EQ,7123100,2617451,36.75
20,1213,LICI,EQ,4305902,1265677,29.39
20,1214,LICMFGOLD,EQ,180,104,57.78
20,1215,LICNETFGSC,EQ,24123,22035,91.34
20,1216,LICNETFN50,EQ,3674,2276,61.95
20,1217,LICNETFSEN,EQ,1439,135,9.38
20,1218,LICNFNHGP,EQ,7148,861,12.05
20,1219,LIKHITHA,EQ,93318,52639,56.41
20,1220,LINC,EQ,13427,8681,64.65
20,1221,LINCOLN,EQ,121199,38343,31.64
20,1222,LINDEINDIA,EQ,772960,558081,72.20
20,1223,LIQUID,EQ,20880,13610,65.18
20,1224,LIQUIDBEES,EQ,2067164,1539730,74.49
20,1225,LIQUIDETF,EQ,1013371,883975,87.23
20,1226,LIQUIDSBI,EQ,254,249,98.03
20,1227,LLOYDS,SM,23000,17000,73.91
20,1228,LLOYDSENGG,EQ,10601127,8322112,78.50
20,1229,LLOYDSME,EQ,155806,84286,54.10
20,1230,LODHA,EQ,33598797,24628753,73.30
20,1231,LOKESHMACH,EQ,43085,24961,57.93
20,1232,LORDSCHLO,EQ,7109,6021,84.70
20,1233,LOTUSEYE,EQ,14192,8570,60.39
20,1234,LOVABLE,EQ,119836,58017,48.41
20,1235,LOWVOL,EQ,25,23,92.00
20,1236,LOYALTEX,EQ,4650,2614,56.22
20,1237,LRRPL,SM,27000,24000,88.89
20,1238,LT,EQ,3131624,2280466,72.82
20,1239,L&TFH,EQ,9694471,4743757,48.93
20,1240,L&TFINANCE,NC,21,21,100.00
20,1241,L&TFINANCE,NG,1,1,100.00
20,1242,L&TFINANCE,NI,8,8,100.00
20,1243,L&TFINANCE,NO,439,439,100.00
20,1244,L&TFINANCE,NU,10,10,100.00
20,1245,L&TFINANCE,Y5,74,74,100.00
20,1246,L&TFINANCE,Y7,130,110,84.62
20,1247,L&TFINANCE,Y9,676,676,100.00
20,1248,LTFOODS,EQ,2644969,983266,37.17
20,1249,LTGILTBEES,EQ,663046,465009,70.13
20,1250,LTIM,EQ,612934,391527,63.88
20,1251,LTTS,EQ,301031,100661,33.44
20,1252,LUMAXIND,EQ,9335,4386,46.98
20,1253,LUMAXTECH,EQ,84000,39546,47.08
20,1254,LUPIN,EQ,2636118,1612450,61.17
20,1255,LUXIND,EQ,183893,102459,55.72
20,1256,LXCHEM,EQ,466231,207839,44.58
20,1257,LYKALABS,EQ,173401,116990,67.47
20,1258,LYPSAGEMS,EQ,50096,27961,55.81
20,1259,MAANALU,EQ,76844,54229,70.57
20,1260,MADHAV,EQ,30431,14840,48.77
20,1261,MADHAVBAUG,SM,20400,18400,90.20
20,1262,MADHUSUDAN,SM,68000,50000,73.53
20,1263,MADRASFERT,EQ,473604,155845,32.91
20,1264,MAFANG,EQ,258697,165801,64.09
20,1265,MAGADSUGAR,EQ,85302,27282,31.98
20,1266,MAGNUM,EQ,42796,29511,68.96
20,1267,MAGSON,SM,20000,12000,60.00
20,1268,MAHABANK,EQ,8930318,3347793,37.49
20,1269,MAHAPEXLTD,EQ,6643,5323,80.13
20,1270,MAHASTEEL,EQ,49306,27500,55.77
20,1271,MAHEPC,EQ,52464,27813,53.01
20,1272,MAHESHWARI,EQ,120726,80068,66.32
20,1273,MAHICKRA,SM,7500,6000,80.00
20,1274,MAHKTECH,EQ,486563,382444,78.60
20,1275,MAHLIFE,EQ,224099,127678,56.97
20,1276,MAHLOG,EQ,247607,147785,59.69
20,1277,MAHSCOOTER,EQ,2954,1423,48.17
20,1278,MAHSEAMLES,EQ,558861,432576,77.40
20,1279,MAITHANALL,EQ,43930,23070,52.52
20,1280,MAITREYA,SM,236800,152000,64.19
20,1281,MAKEINDIA,EQ,26156,17130,65.49
20,1282,MAKS,ST,9000,7500,83.33
20,1283,MAL,SM,35200,28800,81.82
20,1284,MALLCOM,EQ,6625,3189,48.14
20,1285,MALUPAPER,EQ,24465,13574,55.48
20,1286,MANAKALUCO,EQ,30213,17795,58.90
20,1287,MANAKSIA,EQ,80587,47432,58.86
20,1288,MANAKSTEEL,EQ,230971,139200,60.27
20,1289,MANALIPETC,EQ,308020,161127,52.31
20,1290,MANAPPURAM,EQ,19681239,8498404,43.18
20,1291,MANGALAM,EQ,27019,10778,39.89
20,1292,MANGCHEFER,EQ,197466,111406,56.42
20,1293,MANGLMCEM,EQ,621021,215540,34.71
20,1294,MANINDS,EQ,314377,166498,52.96
20,1295,MANINFRA,EQ,6123281,4116388,67.23
20,1296,MANKIND,EQ,279598,158457,56.67
20,1297,MANOMAY,EQ,474,312,65.82
20,1298,MANORAMA,EQ,7742,4716,60.91
20,1299,MANORG,EQ,29177,19464,66.71
20,1300,MANYAVAR,EQ,558892,468789,83.88
20,1301,MAPMYINDIA,EQ,214057,82733,38.65
20,1302,MARALOVER,EQ,56188,29785,53.01
20,1303,MARATHON,EQ,33078,19141,57.87
20,1304,MARCO,SM,57000,51000,89.47
20,1305,MARICO,EQ,2700338,1713889,63.47
20,1306,MARKSANS,EQ,11486195,2711254,23.60
20,1307,MARSHALL,EQ,141105,59060,41.86
20,1308,MARUTI,EQ,665660,476437,71.57
20,1309,MASFIN,EQ,62329,32317,51.85
20,1310,MASPTOP50,EQ,205221,177371,86.43
20,1311,MASTEK,EQ,61786,32842,53.15
20,1312,MASTER,SM,2000,2000,100.00
20,1313,MATRIMONY,EQ,10856,7519,69.26
20,1314,MAWANASUG,EQ,202347,95538,47.21
20,1315,MAXESTATES,EQ,145082,45066,31.06
20,1316,MAXHEALTH,EQ,4826074,3258836,67.53
20,1317,MAXIND,EQ,54931,36643,66.71
20,1318,MAYURUNIQ,EQ,197922,127346,64.34
20,1319,MAZDA,EQ,36615,16438,44.89
20,1320,MAZDOCK,EQ,895481,226162,25.26
20,1321,MBAPL,EQ,7921,4437,56.02
20,1322,MCDOWELL-N,EQ,2154075,1515893,70.37
20,1323,MCL,EQ,281703,31934,11.34
20,1324,MCLEODRUSS,EQ,286350,182519,63.74
20,1325,MCON,SM,6000,4000,66.67
20,1326,MCX,EQ,2300838,493080,21.43
20,1327,MDL,SM,22000,22000,100.00
20,1328,MEDANTA,EQ,749027,519397,69.34
20,1329,MEDICAMEQ,EQ,8069,6154,76.27
20,1330,MEDICO,EQ,500490,274814,54.91
20,1331,MEDPLUS,EQ,84753,49891,58.87
20,1332,MEGAFLEX,SM,21000,9000,42.86
20,1333,MEGASTAR,EQ,124887,44643,35.75
20,1334,MENONBE,EQ,45941,22260,48.45
20,1335,MEP,EQ,829726,337487,40.67
20,1336,METROBRAND,EQ,1203821,280665,23.31
20,1337,METROPOLIS,EQ,319839,182151,56.95
20,1338,MFSL,EQ,740938,394312,53.22
20,1339,MGEL,EQ,69668,45355,65.10
20,1340,MGL,EQ,306319,159110,51.94
20,1341,MHHL,SM,12000,12000,100.00
20,1342,MHLXMIRU,EQ,9466,4467,47.19
20,1343,MHRIL,EQ,207688,146167,70.38
20,1344,MICROPRO,SM,46400,36800,79.31
20,1345,MID150BEES,EQ,242186,160839,66.41
20,1346,MIDCAPETF,EQ,670117,457395,68.26
20,1347,MIDHANI,EQ,448293,184718,41.20
20,1348,MINDACORP,EQ,1744108,557727,31.98
20,1349,MINDSPACE,RR,119216,97134,81.48
20,1350,MINDTECK,EQ,991322,213216,21.51
20,1351,MIRZAINT,EQ,299289,136405,45.58
20,1352,MITCON,EQ,103572,31082,30.01
20,1353,MITTAL,EQ,1621172,968316,59.73
20,1354,MKPL,EQ,2156470,996678,46.22
20,1355,M&M,EQ,5214960,2802695,53.74
20,1356,M&MFIN,EQ,2492370,1444135,57.94
20,1357,M&MFIN,N2,392,310,79.08
20,1358,MMFL,EQ,24702,14204,57.50
20,1359,MMP,EQ,19128,16912,88.41
20,1360,MMTC,EQ,2078869,1143447,55.00
20,1361,MODISONLTD,EQ,88203,56389,63.93
20,1362,MOGSEC,EQ,54155,51127,94.41
20,1363,MOHEALTH,EQ,8143,6699,82.27
20,1364,MOHITIND,EQ,52531,15713,29.91
20,1365,MOIL,EQ,3402068,1676818,49.29
20,1366,MOL,EQ,393753,216973,55.10
20,1367,MOLDTECH,EQ,116431,87889,75.49
20,1368,MOLDTKPAC,EQ,51506,26445,51.34
20,1369,MOLOWVOL,EQ,324417,324192,99.93
20,1370,MOM100,EQ,301591,173412,57.50
20,1371,MOM50,EQ,666,459,68.92
20,1372,MOMENTUM,EQ,39198,32962,84.09
20,1373,MOMOMENTUM,EQ,138871,119175,85.82
20,1374,MON100,EQ,251436,175340,69.74
20,1375,MONARCH,EQ,366096,72211,19.72
20,1376,MONIFTY500,EQ,149323,114362,76.59
20,1377,MONOPHARMA,SM,156000,140000,89.74
20,1378,MONQ50,EQ,29319,17280,58.94
20,1379,MONTECARLO,EQ,42802,21163,49.44
20,1380,MOQUALITY,EQ,68949,68519,99.38
20,1381,MORARJEE,EQ,118428,78099,65.95
20,1382,MOREPENLAB,EQ,7824329,2601942,33.25
20,1383,MOS,SM,11200,8000,71.43
20,1384,MOTHERSON,EQ,16118724,8916917,55.32
20,1385,MOTILALOFS,EQ,412705,184622,44.73
20,1386,MOVALUE,EQ,99470,86848,87.31
20,1387,MOXSH,SM,800,800,100.00
20,1388,MPHASIS,EQ,572518,336166,58.72
20,1389,MPSLTD,EQ,12346,6456,52.29
20,1390,MPTODAY,SM,4000,0,0.00
20,1391,MRF,EQ,13163,8470,64.35
20,1392,MRO-TEK,EQ,15483,6169,39.84
20,1393,MRPL,EQ,4489693,1037364,23.11
20,1394,MSTCLTD,EQ,295331,141445,47.89
20,1395,MSUMI,EQ,7002497,5009255,71.54
20,1396,MTARTECH,EQ,188535,91362,48.46
20,1397,MTNL,EQ,3872616,1210012,31.25
20,1398,MUFIN,EQ,57610,45218,78.49
20,1399,MUKANDLTD,EQ,256616,138230,53.87
20,1400,MUNJALAU,EQ,637028,331177,51.99
20,1401,MUNJALSHOW,EQ,79382,37767,47.58
20,1402,MUTHOOTCAP,EQ,47639,25945,54.46
20,1403,MUTHOOTFIN,EQ,1961530,684807,34.91
20,1404,MVGJL,EQ,112147,65526,58.43
20,1405,MWL,SM,22800,22800,100.00
20,1406,NABARD,N2,65,65,100.00
20,1407,NACLIND,EQ,60524,41201,68.07
20,1408,NAGAFERT,EQ,465944,306878,65.86
20,1409,NAGREEKEXP,EQ,119561,20079,16.79
20,1410,NAHARCAP,EQ,5427,3298,60.77
20,1411,NAHARINDUS,EQ,50973,26519,52.03
20,1412,NAHARPOLY,EQ,8171,5309,64.97
20,1413,NAHARSPING,EQ,92769,42053,45.33
20,1414,NAM-INDIA,EQ,476921,323113,67.75
20,1415,NARMADA,EQ,15646,10607,67.79
20,1416,NATCOPHARM,EQ,612194,402144,65.69
20,1417,NATHBIOGEN,EQ,34804,20074,57.68
20,1418,NATIONALUM,EQ,10206560,5412066,53.03
20,1419,NAUKRI,EQ,255885,136642,53.40
20,1420,NAVA,EQ,440181,243096,55.23
20,1421,NAVIFIN,N0,31,31,100.00
20,1422,NAVIFIN,N4,560,560,100.00
20,1423,NAVIFIN,N5,360,360,100.00
20,1424,NAVINFLUOR,EQ,109143,63344,58.04
20,1425,NAVINIFTY,EQ,163,150,92.02
20,1426,NAVKARCORP,EQ,20700404,4356277,21.04
20,1427,NAVNETEDUL,EQ,123837,63952,51.64
20,1428,NAZARA,EQ,93496,45495,48.66
20,1429,NBCC,EQ,108216222,39274714,36.29
20,1430,NBIFIN,EQ,200,165,82.50
20,1431,NCC,EQ,5222056,3071113,58.81
20,1432,NCLIND,EQ,442250,271690,61.43
20,1433,NDL,EQ,634680,344407,54.26
20,1434,NDLVENTURE,EQ,165180,62649,37.93
20,1435,NDTV,EQ,803735,206407,25.68
20,1436,NECLIFE,EQ,776919,403545,51.94
20,1437,NELCAST,EQ,219623,139128,63.35
20,1438,NELCO,EQ,101695,28349,27.88
20,1439,NEOGEN,EQ,25976,17187,66.16
20,1440,NESCO,EQ,129401,62139,48.02
20,1441,NESTLEIND,EQ,147203,94176,63.98
20,1442,NETF,EQ,5042,2421,48.02
20,1443,NETWEB,EQ,278325,178982,64.31
20,1444,NETWORK18,EQ,6200848,2619030,42.24
20,1445,NEULANDLAB,EQ,114007,83271,73.04
20,1446,NEWJAISA,SM,36000,27000,75.00
20,1447,NEXT50,EQ,1923,1255,65.26
20,1448,NFL,EQ,2265749,794428,35.06
20,1449,NGIL,EQ,42144,12760,30.28
20,1450,NGLFINE,EQ,7216,4098,56.79
20,1451,NH,EQ,354430,234868,66.27
20,1452,NHAI,N2,1708,1708,100.00
20,1453,NHAI,N4,129,94,72.87
20,1454,NHAI,N6,113,113,100.00
20,1455,NHAI,N8,3,3,100.00
20,1456,NHAI,NA,100,100,100.00
20,1457,NHAI,NC,266,266,100.00
20,1458,NHAI,NE,11,11,100.00
20,1459,NHIT,N1,2789,2789,100.00
20,1460,NHIT,N2,2272,2272,100.00
20,1461,NHIT,N3,842,842,100.00
20,1462,NHPC,EQ,19880234,9938188,49.99
20,1463,NIACL,EQ,11577826,2846077,24.58
20,1464,NIBL,EQ,124806,77747,62.29
20,1465,NIDAN,SM,33000,31000,93.94
20,1466,NIDO,N5,1,1,100.00
20,1467,NIDO,N6,430,430,100.00
20,1468,NIF100BEES,EQ,11009,9224,83.79
20,1469,NIFMID150,EQ,340,334,98.24
20,1470,NIFTYBEES,EQ,4565515,3480547,76.24
20,1471,NIFTYETF,EQ,31501,22591,71.72
20,1472,NIFTYQLITY,EQ,20634,8714,42.23
20,1473,NIITLTD,EQ,350077,215799,61.64
20,1474,NIITMTS,EQ,182965,103926,56.80
20,1475,NILASPACES,EQ,389595,255019,65.46
20,1476,NILKAMAL,EQ,795,439,55.22
20,1477,NINSYS,EQ,6091,3777,62.01
20,1478,NIRAJ,EQ,790305,158974,20.12
20,1479,NIRMAN,SM,9000,6000,66.67
20,1480,NITINSPIN,EQ,191168,75804,39.65
20,1481,NLCINDIA,EQ,7666838,4688500,61.15
20,1482,NMDC,EQ,17530805,9205364,52.51
20,1483,NOCIL,EQ,3026403,982946,32.48
20,1484,NPBET,EQ,284,223,78.52
20,1485,NPST,ST,3000,2900,96.67
20,1486,NRAIL,EQ,9081,6675,73.51
20,1487,NRBBEARING,EQ,864903,395724,45.75
20,1488,NRL,EQ,115504,70192,60.77
20,1489,NSIL,EQ,5002,2421,48.40
20,1490,NSLNISP,EQ,9656834,6152493,63.71
20,1491,NTPC,EQ,21687673,13945315,64.30
20,1492,NTPC,N4,85,85,100.00
20,1493,NTPC,N7,19823,16928,85.40
20,1494,NTPC,NB,181,181,100.00
20,1495,NURECA,EQ,41617,14874,35.74
20,1496,NUVAMA,EQ,92658,59171,63.86
20,1497,NUVOCO,EQ,385408,199408,51.74
20,1498,NV20BEES,EQ,10433,4263,40.86
20,1499,NXST,RR,635324,453097,71.32
20,1500,NYKAA,EQ,15500977,6621952,42.72
20,1501,OAL,EQ,16864,10050,59.59
20,1502,OBCL,EQ,104071,43009,41.33
20,1503,OBEROIRLTY,EQ,5054451,4171608,82.53
20,1504,OCCL,EQ,7820,4636,59.28
20,1505,OFSS,EQ,797448,633915,79.49
20,1506,OIL,EQ,9608619,7640204,79.51
20,1507,OLECTRA,EQ,505457,266019,52.63
20,1508,OLIL,SM,1200,1200,100.00
20,1509,OMAXAUTO,EQ,60543,31945,52.76
20,1510,OMAXE,EQ,452778,205141,45.31
20,1511,OMFURN,SM,7200,7200,100.00
20,1512,ONDOOR,SM,6000,4200,70.00
20,1513,ONEPOINT,EQ,753243,601117,79.80
20,1514,ONGC,EQ,14965403,9359840,62.54
20,1515,ONMOBILE,EQ,784371,278366,35.49
20,1516,ONWARDTEC,EQ,47542,15375,32.34
20,1517,OPTIEMUS,EQ,192544,82818,43.01
20,1518,ORBTEXP,EQ,7257,4127,56.87
20,1519,ORCHPHARMA,EQ,90535,47560,52.53
20,1520,ORIANA,SM,83700,56100,67.03
20,1521,ORICONENT,EQ,283659,167897,59.19
20,1522,ORIENTALTL,EQ,800935,478896,59.79
20,1523,ORIENTBELL,EQ,14690,11198,76.23
20,1524,ORIENTCEM,EQ,4184219,2726435,65.16
20,1525,ORIENTCER,EQ,151352,103438,68.34
20,1526,ORIENTELEC,EQ,115333,70510,61.14
20,1527,ORIENTHOT,EQ,1477206,964529,65.29
20,1528,ORIENTLTD,EQ,18274,1629,8.91
20,1529,ORIENTPPR,EQ,1506816,803860,53.35
20,1530,ORISSAMINE,EQ,69267,38357,55.38
20,1531,ORTINLAB,EQ,379207,39324,10.37
20,1532,OSIAHYPER,EQ,1218096,350803,28.80
20,1533,OSWALAGRO,EQ,118779,66734,56.18
20,1534,OSWALGREEN,EQ,409551,136110,33.23
20,1535,OSWALSEEDS,EQ,23216,14974,64.50
20,1536,PAGEIND,EQ,25775,17732,68.80
20,1537,PAISALO,EQ,859109,336886,39.21
20,1538,PAKKA,EQ,155091,87243,56.25
20,1539,PALREDTEC,EQ,36982,19777,53.48
20,1540,PANACEABIO,EQ,93594,53413,57.07
20,1541,PANAMAPET,EQ,281659,152357,54.09
20,1542,PAR,EQ,18413,12783,69.42
20,1543,PARACABLES,EQ,460154,310732,67.53
20,1544,PARADEEP,EQ,1911041,992659,51.94
20,1545,PARAGMILK,EQ,673715,390761,58.00
20,1546,PARAGON,SM,42000,40800,97.14
20,1547,PARAS,EQ,281299,74832,26.60
20,1548,PARIN,SM,36000,36000,100.00
20,1549,PARTYCRUS,SM,50000,44000,88.00
20,1550,PASUPTAC,EQ,90808,59704,65.75
20,1551,PATANJALI,EQ,589631,368621,62.52
20,1552,PATELENG,EQ,3724860,2963892,79.57
20,1553,PATINTLOG,EQ,329165,148990,45.26
20,1554,PATTECH,SM,4500,4500,100.00
20,1555,PAVNAIND,EQ,677,287,42.39
20,1556,PAYTM,EQ,30547550,23371165,76.51
20,1557,PCBL,EQ,9859897,3298499,33.45
20,1558,PCHFL,N6,300,300,100.00
20,1559,PCJEWELLER,EQ,2484825,1587433,63.89
20,1560,PDMJEPAPER,EQ,107586,66863,62.15
20,1561,PDSL,EQ,754172,567986,75.31
20,1562,PEARLPOLY,EQ,335510,118637,35.36
20,1563,PEL,EQ,1088357,481683,44.26
20,1564,PEL,N1,100,100,100.00
20,1565,PEL,N2,160,160,100.00
20,1566,PEL,N3,201,201,100.00
20,1567,PENIND,EQ,1148660,519852,45.26
20,1568,PENINLAND,EQ,1610209,1089799,67.68
20,1569,PENTAGON,SM,24000,22000,91.67
20,1570,PERFECT,SM,36000,36000,100.00
20,1571,PERSISTENT,EQ,7264052,4144390,57.05
20,1572,PETRONET,EQ,20168101,14113193,69.98
20,1573,PFC,EQ,42144243,28379106,67.34
20,1574,PFC,N5,2446,2446,100.00
20,1575,PFC,N8,354,257,72.60
20,1576,PFIZER,EQ,11369,6459,56.81
20,1577,PFOCUS,EQ,86653,48493,55.96
20,1578,PFS,EQ,2608299,1578312,60.51
20,1579,PGEL,EQ,298148,223403,74.93
20,1580,PGHH,EQ,17298,7521,43.48
20,1581,PGHL,EQ,12990,6822,52.52
20,1582,PGINVIT,IV,3117178,2841269,91.15
20,1583,PHANTOMFX,SM,58800,49500,84.18
20,1584,PHARMABEES,EQ,2279505,1681705,73.78
20,1585,PHOENIXLTD,EQ,541206,318934,58.93
20,1586,PIDILITIND,EQ,894422,574861,64.27
20,1587,PIIND,EQ,422345,280663,66.45
20,1588,PILANIINVS,EQ,5484,3045,55.53
20,1589,PILITA,EQ,155347,124256,79.99
20,1590,PITTIENG,EQ,76985,31730,41.22
20,1591,PIXTRANS,EQ,26130,13029,49.86
20,1592,PLADAINFO,SM,30000,18000,60.00
20,1593,PLASTIBLEN,EQ,57112,22713,39.77
20,1594,PNB,EQ,57665048,18803214,32.61
20,1595,PNBGILTS,EQ,636425,220893,34.71
20,1596,PNBHOUSING,EQ,941339,513320,54.53
20,1597,PNC,EQ,57737,23534,40.76
20,1598,PNCINFRA,EQ,562203,319090,56.76
20,1599,POCL,EQ,27451,15309,55.77
20,1600,PODDARMENT,EQ,4656,2831,60.80
20,1601,POKARNA,EQ,58635,28060,47.86
20,1602,POLICYBZR,EQ,2271579,1602021,70.52
20,1603,POLYCAB,EQ,6818392,4581115,67.19
20,1604,POLYMED,EQ,58967,33222,56.34
20,1605,POLYPLEX,EQ,175853,76738,43.64
20,1606,PONNIERODE,EQ,30848,13954,45.23
20,1607,POONAWALLA,EQ,11752143,6274943,53.39
20,1608,POWERGRID,EQ,60354322,49063109,81.29
20,1609,POWERINDIA,EQ,34978,20626,58.97
20,1610,POWERMECH,EQ,20409,12478,61.14
20,1611,PPAP,EQ,15382,10823,70.36
20,1612,PPL,EQ,77465,54330,70.13
20,1613,PPLPHARMA,EQ,10657017,4739455,44.47
20,1614,PRAJIND,EQ,2158170,975089,45.18
20,1615,PRAMARA,SM,90000,88000,97.78
20,1616,PRECAM,EQ,74517,45899,61.60
20,1617,PRECISION,SM,10000,10000,100.00
20,1618,PRECOT,EQ,28298,16080,56.82
20,1619,PRECWIRE,EQ,438781,190906,43.51
20,1620,PREMEXPLN,EQ,35362,23519,66.51
20,1621,PRESTIGE,EQ,3306553,781971,23.65
20,1622,PRICOLLTD,EQ,1171198,838799,71.62
20,1623,PRIMESECU,EQ,52488,38208,72.79
20,1624,PRINCEPIPE,EQ,354922,258709,72.89
20,1625,PRITI,EQ,33485,20903,62.42
20,1626,PRITIKA,SM,58000,44000,75.86
20,1627,PRITIKAUTO,EQ,574266,348730,60.73
20,1628,PRIVISCL,EQ,9108,5481,60.18
20,1629,PROLIFE,SM,10500,6500,61.90
20,1630,PROPEQUITY,SM,10200,7800,76.47
20,1631,PROV,SM,640,640,100.00
20,1632,PROZONER,EQ,757658,323943,42.76
20,1633,PRSMJOHNSN,EQ,482259,151155,31.34
20,1634,PRUDENT,EQ,164300,121585,74.00
20,1635,PSB,EQ,949562,294962,31.06
20,1636,PSPPROJECT,EQ,61535,38595,62.72
20,1637,PSUBANKICI,EQ,287516,245086,85.24
20,1638,PSUBNKBEES,EQ,1760865,1237562,70.28
20,1639,PTC,EQ,8147224,5849595,71.80
20,1640,PTCIL,EQ,5651,4688,82.96
20,1641,PTL,EQ,129077,78693,60.97
20,1642,PULZ,SM,150000,116000,77.33
20,1643,PUNJABCHEM,EQ,57958,29809,51.43
20,1644,PURVA,EQ,406545,140600,34.58
20,1645,PVRINOX,EQ,845778,407563,48.19
20,1646,PYRAMID,EQ,177792,96245,54.13
20,1647,QFIL,SM,4000,4000,100.00
20,1648,QGOLDHALF,EQ,60759,30124,49.58
20,1649,QMSMEDI,SM,6000,6000,100.00
20,1650,QNIFTY,EQ,583,286,49.06
20,1651,QUADPRO,SM,24000,24000,100.00
20,1652,QUESS,EQ,326423,138983,42.58
20,1653,QUICKHEAL,EQ,189566,73490,38.77
20,1654,QUICKTOUCH,SM,8500,5500,64.71
20,1655,RACE,EQ,43098,16702,38.75
20,1656,RADHIKAJWE,EQ,1961630,1252611,63.86
20,1657,RADIANTCMS,EQ,332527,229585,69.04
20,1658,RADICO,EQ,413139,244034,59.07
20,1659,RADIOCITY,EQ,605793,367449,60.66
20,1660,RADIOCITY,P1,1277,1277,100.00
20,1661,RAILTEL,EQ,7247727,2536198,34.99
20,1662,RAIN,EQ,1598677,776679,48.58
20,1663,RAINBOW,EQ,356433,232446,65.21
20,1664,RAJESHEXPO,EQ,2154634,818211,37.97
20,1665,RAJRATAN,EQ,75908,37204,49.01
20,1666,RAJTV,EQ,3853,2802,72.72
20,1667,RALLIS,EQ,1336456,518096,38.77
20,1668,RAMANEWS,EQ,525311,150086,28.57
20,1669,RAMAPHO,EQ,8062,4280,53.09
20,1670,RAMASTEEL,EQ,4163785,2096719,50.36
20,1671,RAMCOCEM,EQ,473612,224112,47.32
20,1672,RAMCOIND,EQ,210724,101383,48.11
20,1673,RAMCOSYS,EQ,132091,61842,46.82
20,1674,RAMKY,EQ,447152,236434,52.88
20,1675,RAMRAT,EQ,220920,74560,33.75
20,1676,RANASUG,EQ,1089910,459568,42.17
20,1677,RANEENGINE,EQ,12909,9175,71.07
20,1678,RANEHOLDIN,EQ,24666,11443,46.39
20,1679,RATEGAIN,EQ,1569938,989445,63.02
20,1680,RATNAMANI,EQ,87083,46169,53.02
20,1681,RATNAVEER,EQ,196382,96754,49.27
20,1682,RAYMOND,EQ,979623,478988,48.90
20,1683,RBA,EQ,2963510,2178720,73.52
20,1684,RBL,EQ,8380,4208,50.21
20,1685,RBLBANK,EQ,8506803,4581372,53.86
20,1686,RBMINFRA,SM,33000,30000,90.91
20,1687,RCDL,SM,96000,84000,87.50
20,1688,RCF,EQ,4683601,1900704,40.58
20,1689,RECLTD,EQ,27118028,18956940,69.91
20,1690,RECLTD,N2,1,1,100.00
20,1691,RECLTD,N6,2,2,100.00
20,1692,RECLTD,N9,3304,2242,67.86
20,1693,RECLTD,NE,495,495,100.00
20,1694,RECLTD,NF,10,10,100.00
20,1695,REDINGTON,EQ,2295119,1608443,70.08
20,1696,REDTAPE,EQ,900904,641421,71.20
20,1697,REFEX,EQ,41712,29199,70.00
20,1698,RELAXO,EQ,85833,57438,66.92
20,1699,RELCHEMQ,EQ,38915,3909,10.04
20,1700,RELIANCE,EQ,14219992,11370920,79.96
20,1701,RELIGARE,EQ,1668505,1027485,61.58
20,1702,RELINFRA,EQ,4124262,2367426,57.40
20,1703,REMUS,SM,1225,975,79.59
20,1704,RENUKA,EQ,8379783,2839093,33.88
20,1705,REPCOHOME,EQ,200790,95174,47.40
20,1706,REPL,EQ,23984,14896,62.11
20,1707,REPRO,EQ,12880,6552,50.87
20,1708,RESPONIND,EQ,50211,28778,57.31
20,1709,REXPIPES,SM,6000,6000,100.00
20,1710,RGL,EQ,92488,38489,41.62
20,1711,RHIM,EQ,573559,308483,53.78
20,1712,RHL,EQ,42080,36549,86.86
20,1713,RICHA,SM,9000,8000,88.89
20,1714,RICOAUTO,EQ,998180,432113,43.29
20,1715,RIIL,EQ,263031,60277,22.92
20,1716,RILINFRA,SM,56900,55900,98.24
20,1717,RISHABH,EQ,247060,148971,60.30
20,1718,RITCO,EQ,21024,17324,82.40
20,1719,RITES,EQ,379097,175757,46.36
20,1720,RITEZONE,SM,4800,4800,100.00
20,1721,RKEC,EQ,163158,61317,37.58
20,1722,RKFORGE,EQ,2399840,1887078,78.63
20,1723,RMDRIP,SM,10000,10000,100.00
20,1724,RML,EQ,7775,4429,56.96
20,1725,ROCKINGDCE,ST,831000,819000,98.56
20,1726,ROHLTD,EQ,87748,43976,50.12
20,1727,ROLEXRINGS,EQ,22483,10884,48.41
20,1728,ROML,EQ,14811,8922,60.24
20,1729,ROSSARI,EQ,165856,74534,44.94
20,1730,ROSSELLIND,EQ,170589,53497,31.36
20,1731,ROTO,EQ,203026,81723,40.25
20,1732,ROUTE,EQ,190073,109011,57.35
20,1733,ROXHITECH,ST,417600,363200,86.97
20,1734,RPGLIFE,EQ,14433,6322,43.80
20,1735,RPOWER,EQ,105285487,22122428,21.01
20,1736,RPPL,EQ,79499,62402,78.49
20,1737,RPSGVENT,EQ,151751,72458,47.75
20,1738,RRKABEL,EQ,752212,203678,27.08
20,1739,RSWM,EQ,119679,58907,49.22
20,1740,RSYSTEMS,EQ,36602,21997,60.10
20,1741,RTNINDIA,EQ,11097322,3579448,32.26
20,1742,RTNPOWER,EQ,53327052,26619342,49.92
20,1743,RUBYMILLS,EQ,15016,8075,53.78
20,1744,RUCHIRA,EQ,28803,15656,54.36
20,1745,RUPA,EQ,106008,52772,49.78
20,1746,RUSHIL,EQ,194486,80502,41.39
20,1747,RUSTOMJEE,EQ,18968,10943,57.69
20,1748,RVNL,EQ,10151856,5297733,52.18
20,1749,SAAKSHI,SM,37200,32400,87.10
20,1750,SADHNANIQ,EQ,1318975,405574,30.75
20,1751,SAFARI,EQ,77043,50970,66.16
20,1752,SAGARDEEP,EQ,67160,24806,36.94
20,1753,SAGCEM,EQ,467080,240958,51.59
20,1754,SAH,EQ,92199,55533,60.23
20,1755,SAHAJ,SM,4000,4000,100.00
20,1756,SAHANA,SM,46000,26000,56.52
20,1757,SAHYADRI,EQ,7775,4401,56.60
20,1758,SAIL,EQ,26327767,13710004,52.07
20,1759,SAKAR,EQ,45094,35568,78.88
20,1760,SAKHTISUG,EQ,502073,177915,35.44
20,1761,SALASAR,EQ,363009,202999,55.92
20,1762,SALONA,EQ,3486,1764,50.60
20,1763,SALSTEEL,EQ,511889,310725,60.70
20,1764,SALZERELEC,EQ,68597,38741,56.48
20,1765,SAMBHAAV,EQ,202899,124098,61.16
20,1766,SAMHI,EQ,2100917,1210777,57.63
20,1767,SAMPANN,EQ,198191,55189,27.85
20,1768,SANDESH,EQ,806,329,40.82
20,1769,SANDHAR,EQ,455858,172996,37.95
20,1770,SANDUMA,EQ,30442,17055,56.02
20,1771,SANGAMIND,EQ,29944,17007,56.80
20,1772,SANGANI,SM,6000,6000,100.00
20,1773,SANGHIIND,EQ,3774456,3030350,80.29
20,1774,SANGHVIMOV,EQ,81895,37588,45.90
20,1775,SANGINITA,EQ,97334,34783,35.74
20,1776,SANOFI,EQ,17608,11184,63.52
20,1777,SANSERA,EQ,258267,164893,63.85
20,1778,SAPPHIRE,EQ,96848,73915,76.32
20,1779,SARDAEN,EQ,311568,184381,59.18
20,1780,SAREGAMA,EQ,345769,145599,42.11
20,1781,SARLAPOLY,EQ,135922,93840,69.04
20,1782,SAROJA,SM,3200,3200,100.00
20,1783,SARTELE,SM,1076000,628000,58.36
20,1784,SASKEN,EQ,11474,6862,59.80
20,1785,SASTASUNDR,EQ,95825,54332,56.70
20,1786,SATIA,EQ,509309,249467,48.98
20,1787,SATIN,EQ,199121,117220,58.87
20,1788,SATINDLTD,EQ,3142050,1435391,45.68
20,1789,SBC,EQ,1286647,850148,66.07
20,1790,SBCL,EQ,189855,111126,58.53
20,1791,SBFC,EQ,5228956,2213529,42.33
20,1792,SBGLP,EQ,82506,19726,23.91
20,1793,SBICARD,EQ,2464705,1663257,67.48
20,1794,SBIETFCON,EQ,4751,3127,65.82
20,1795,SBIETFIT,EQ,12064,7808,64.72
20,1796,SBIETFPB,EQ,765,385,50.33
20,1797,SBIETFQLTY,EQ,858,503,58.62
20,1798,SBILIFE,EQ,3027395,1570544,51.88
20,1799,SBIN,EQ,19758998,10808653,54.70
20,1800,SCHAEFFLER,EQ,136680,111769,81.77
20,1801,SCHAND,EQ,30520,18995,62.24
20,1802,SCHNEIDER,EQ,214698,110284,51.37
20,1803,SCI,EQ,7587290,2501473,32.97
20,1804,SCML,SM,88000,60000,68.18
20,1805,SCPL,EQ,9041,6868,75.97
20,1806,SDBL,EQ,211472,151349,71.57
20,1807,SDL24BEES,EQ,2072,2072,100.00
20,1808,SDL26BEES,EQ,3385,2499,73.83
20,1809,SEAMECLTD,EQ,76751,44152,57.53
20,1810,SECMARK,EQ,12371,3373,27.27
20,1811,SECURCRED,EQ,276892,208617,75.34
20,1812,SECURKLOUD,EQ,29431,19479,66.19
20,1813,SEL,SM,4000,3200,80.00
20,1814,SELAN,EQ,84644,43384,51.25
20,1815,SENCO,EQ,257212,101127,39.32
20,1816,SENSEXETF,EQ,2961,2035,68.73
20,1817,SEPC,EQ,20082936,10187174,50.73
20,1818,SEQUENT,EQ,2259435,879965,38.95
20,1819,SERVICE,SM,10000,8000,80.00
20,1820,SESHAPAPER,EQ,70472,35707,50.67
20,1821,SETF10GILT,EQ,12013,10393,86.51
20,1822,SETFGOLD,EQ,4784770,4651206,97.21
20,1823,SETFNIF50,EQ,294843,236877,80.34
20,1824,SETFNIFBK,EQ,37572,20849,55.49
20,1825,SETFNN50,EQ,25569,19324,75.58
20,1826,SFL,EQ,125714,65782,52.33
20,1827,SGBAPR28I,GB,112,111,99.11
20,1828,SGBAUG24,GB,172,150,87.21
20,1829,SGBAUG27,GB,13,13,100.00
20,1830,SGBAUG28V,GB,1167,897,76.86
20,1831,SGBAUG29V,GB,115,100,86.96
20,1832,SGBAUG30,GB,117,105,89.74
20,1833,SGBD29VIII,GB,686,673,98.10
20,1834,SGBDC27VII,GB,16,13,81.25
20,1835,SGBDE30III,GB,338,257,76.04
20,1836,SGBDEC25,GB,18,18,100.00
20,1837,SGBDEC2513,GB,5,5,100.00
20,1838,SGBFEB24,GB,74,61,82.43
20,1839,SGBFEB27,GB,80,80,100.00
20,1840,SGBFEB29XI,GB,47,47,100.00
20,1841,SGBJAN26,GB,56,38,67.86
20,1842,SGBJAN27,GB,148,148,100.00
20,1843,SGBJAN29IX,GB,369,347,94.04
20,1844,SGBJAN29X,GB,55,50,90.91
20,1845,SGBJAN30IX,GB,327,243,74.31
20,1846,SGBJU29III,GB,121,116,95.87
20,1847,SGBJUL25,GB,8,5,62.50
20,1848,SGBJUL27,GB,114,114,100.00
20,1849,SGBJUL28IV,GB,325,308,94.77
20,1850,SGBJUL29IV,GB,283,216,76.33
20,1851,SGBJUN27,GB,51,51,100.00
20,1852,SGBJUN28,GB,69,69,100.00
20,1853,SGBJUN29II,GB,218,196,89.91
20,1854,SGBJUN30,GB,152,151,99.34
20,1855,SGBJUN31I,GB,5570,4701,84.40
20,1856,SGBMAR24,GB,38,24,63.16
20,1857,SGBMAR25,GB,37,35,94.59
20,1858,SGBMAR28X,GB,12,12,100.00
20,1859,SGBMAR30X,GB,20,18,90.00
20,1860,SGBMAR31IV,GB,685,365,53.28
20,1861,SGBMAY25,GB,54,46,85.19
20,1862,SGBMAY26,GB,251,239,95.22
20,1863,SGBMAY28,GB,3743,3565,95.24
20,1864,SGBMAY29I,GB,986,834,84.58
20,1865,SGBMR29XII,GB,337,312,92.58
20,1866,SGBN28VIII,GB,179,122,68.16
20,1867,SGBNOV24,GB,136,110,80.88
20,1868,SGBNOV25,GB,5,5,100.00
20,1869,SGBNOV258,GB,74,74,100.00
20,1870,SGBNOV26,GB,15,14,93.33
20,1871,SGBNV29VII,GB,126,92,73.02
20,1872,SGBOC28VII,GB,128,118,92.19
20,1873,SGBOCT25,GB,14,14,100.00
20,1874,SGBOCT25IV,GB,45,45,100.00
20,1875,SGBOCT25V,GB,10,10,100.00
20,1876,SGBOCT26,GB,1,1,100.00
20,1877,SGBOCT27,GB,2,2,100.00
20,1878,SGBOCT27VI,GB,13,13,100.00
20,1879,SGBSEP24,GB,423,369,87.23
20,1880,SGBSEP28VI,GB,375,275,73.33
20,1881,SGBSEP29VI,GB,603,548,90.88
20,1882,SGBSEP31II,GB,3806,3292,86.50
20,1883,SHAH,EQ,2394690,1070253,44.69
20,1884,SHAILY,EQ,126405,95436,75.50
20,1885,SHAKTIPUMP,EQ,48166,22785,47.31
20,1886,SHALBY,EQ,434548,158411,36.45
20,1887,SHALPAINTS,EQ,155382,91578,58.94
20,1888,SHANKARA,EQ,65987,31204,47.29
20,1889,SHANTHALA,SM,16800,13200,78.57
20,1890,SHANTI,EQ,58664,28883,49.23
20,1891,SHANTIGEAR,EQ,53608,25356,47.30
20,1892,SHARDACROP,EQ,166206,113269,68.15
20,1893,SHARDAMOTR,EQ,70303,37335,53.11
20,1894,SHAREINDIA,EQ,114273,61042,53.42
20,1895,SHAREINDIA,W1,15626,13607,87.08
20,1896,SHARIABEES,EQ,776,571,73.58
20,1897,SHEMAROO,EQ,179966,94762,52.66
20,1898,SHERA,SM,27000,20000,74.07
20,1899,SHIGAN,SM,39000,25500,65.38
20,1900,SHILPAMED,EQ,183431,74480,40.60
20,1901,SHIVALIK,EQ,82002,50300,61.34
20,1902,SHIVAMILLS,EQ,5198,3500,67.33
20,1903,SHIVATEX,EQ,20346,11652,57.27
20,1904,SHK,EQ,332545,166931,50.20
20,1905,SHOPERSTOP,EQ,82118,51445,62.65
20,1906,SHRADHA,EQ,2800148,536569,19.16
20,1907,SHREDIGCEM,EQ,762198,323096,42.39
20,1908,SHREECEM,EQ,42932,21763,50.69
20,1909,SHREEPUSHK,EQ,34398,21559,62.68
20,1910,SHRENIK,EQ,2859977,2046771,71.57
20,1911,SHREYAS,EQ,35014,16691,47.67
20,1912,SHRIPISTON,EQ,46957,38493,81.97
20,1913,SHRIRAMFIN,EQ,2200458,1501940,68.26
20,1914,SHRIRAMFIN,YV,25,25,100.00
20,1915,SHRIRAMFIN,YY,50,50,100.00
20,1916,SHRIRAMFIN,YZ,58,58,100.00
20,1917,SHRIRAMFIN,Z2,220,220,100.00
20,1918,SHRIRAMFIN,Z4,65,60,92.31
20,1919,SHRIRAMFIN,Z5,231,231,100.00
20,1920,SHRIRAMFIN,ZB,68,68,100.00
20,1921,SHRIRAMFIN,ZC,20,20,100.00
20,1922,SHRIRAMFIN,ZE,3,3,100.00
20,1923,SHRIRAMFIN,ZF,6,3,50.00
20,1924,SHRIRAMPPS,EQ,1954171,829131,42.43
20,1925,SHRITECH,SM,34000,24000,70.59
20,1926,SHUBHLAXMI,SM,5000,4000,80.00
20,1927,SHYAMCENT,EQ,323038,185588,57.45
20,1928,SHYAMMETL,EQ,2363268,1519050,64.28
20,1929,SHYAMTEL,EQ,1,1,100.00
20,1930,SIEMENS,EQ,504344,333391,66.10
20,1931,SIGACHI,EQ,1046685,676371,64.62
20,1932,SIGMA,EQ,12900,5125,39.73
20,1933,SIGNATURE,EQ,121384,53853,44.37
20,1934,SIKKO,EQ,65356,35172,53.82
20,1935,SILGO,EQ,101518,53787,52.98
20,1936,SILINV,EQ,12221,6434,52.65
20,1937,SILLYMONKS,EQ,38515,11564,30.02
20,1938,SILVER,EQ,1031806,1010230,97.91
20,1939,SILVERBEES,EQ,3007969,2744527,91.24
20,1940,SILVERETF,EQ,119598,92015,76.94
20,1941,SILVERTUC,EQ,34429,13988,40.63
20,1942,SILVRETF,EQ,33606,24707,73.52
20,1943,SIMBHALS,EQ,90480,51778,57.23
20,1944,SINDHUTRAD,EQ,2595360,1136523,43.79
20,1945,SINTERCOM,EQ,4447,3860,86.80
20,1946,SIRCA,EQ,122267,68050,55.66
20,1947,SIS,EQ,102542,51877,50.59
20,1948,SIYSIL,EQ,56227,27792,49.43
20,1949,SJS,EQ,103326,55823,54.03
20,1950,SJVN,EQ,35313652,17749657,50.26
20,1951,SKFINDIA,EQ,30561,21107,69.07
20,1952,SKIPPER,EQ,192606,95511,49.59
20,1953,SKMEGGPROD,EQ,115033,77525,67.39
20,1954,SKP,SM,10000,7500,75.00
20,1955,SKYGOLD,EQ,85222,72021,84.51
20,1956,SMARTLINK,EQ,15360,7859,51.17
20,1957,SMCGLOBAL,EQ,240083,115711,48.20
20,1958,SMLISUZU,EQ,20172,7560,37.48
20,1959,SMLT,EQ,17316,8893,51.36
20,1960,SMSLIFE,EQ,352,278,78.98
20,1961,SMSPHARMA,EQ,66901,36428,54.45
20,1962,SMVD,SM,44440,36360,81.82
20,1963,SNOWMAN,EQ,2588837,1176343,45.44
20,1964,SOBHA,EQ,751805,321880,42.81
20,1965,SOLARA,EQ,41458,19170,46.24
20,1966,SOLARINDS,EQ,930123,821724,88.35
20,1967,SOLEX,SM,5600,5400,96.43
20,1968,SOMANYCERA,EQ,121181,76760,63.34
20,1969,SONACOMS,EQ,3660273,2562048,70.00
20,1970,SONATSOFTW,EQ,783186,270424,34.53
20,1971,SONUINFRA,SM,15000,6000,40.00
20,1972,SOTAC,SM,2400,2400,100.00
20,1973,SOTL,EQ,78024,45906,58.84
20,1974,SOUTHBANK,EQ,23220650,11317466,48.74
20,1975,SPAL,EQ,28030,7389,26.36
20,1976,SPANDANA,EQ,375002,183745,49.00
20,1977,SPARC,EQ,2746042,532266,19.38
20,1978,SPCENET,EQ,516258,356866,69.13
20,1979,SPECIALITY,EQ,27297,13217,48.42
20,1980,SPECTRUM,SM,2750,2625,95.45
20,1981,SPECTSTM,SM,29600,24000,81.08
20,1982,SPENCERS,EQ,707688,347163,49.06
20,1983,SPIC,EQ,824991,388299,47.07
20,1984,SPLIL,EQ,92669,55813,60.23
20,1985,SPLPETRO,EQ,112886,81409,72.12
20,1986,SPORTKING,EQ,20788,14374,69.15
20,1987,SPRL,ST,1600,1600,100.00
20,1988,SREEL,EQ,36845,17695,48.03
20,1989,SRF,EQ,554716,376679,67.90
20,1990,SRGHFL,EQ,3419,2396,70.08
20,1991,SRHHYPOLTD,EQ,31779,16533,52.02
20,1992,SRIVASAVI,SM,13000,11000,84.62
20,1993,SSFL,SM,45000,18000,40.00
20,1994,SSWL,EQ,216179,143906,66.57
20,1995,STAR,EQ,210319,86859,41.30
20,1996,STARCEMENT,EQ,2361082,1528422,64.73
20,1997,STARHEALTH,EQ,1597339,1237987,77.50
20,1998,STARPAPER,EQ,39315,22712,57.77
20,1999,STARTECK,EQ,12092,10889,90.05
20,2000,STCINDIA,EQ,86273,53634,62.17
20,2001,STEELCAS,EQ,14578,8254,56.62
20,2002,STEELCITY,EQ,25525,15322,60.03
20,2003,STEELXIND,EQ,3251710,1986810,61.10
20,2004,STEL,EQ,18364,11432,62.25
20,2005,STERTOOLS,EQ,43688,19804,45.33
20,2006,STLTECH,EQ,4889327,2344508,47.95
20,2007,STOVEKRAFT,EQ,313611,113924,36.33
20,2008,STYLAMIND,EQ,44565,20769,46.60
20,2009,STYRENIX,EQ,17417,9881,56.73
20,2010,SUBEXLTD,EQ,2375434,1125011,47.36
20,2011,SUBROS,EQ,202879,97541,48.08
20,2012,SUDARSCHEM,EQ,58233,28981,49.77
20,2013,SUKHJITS,EQ,4241,2865,67.55
20,2014,SULA,EQ,342037,231171,67.59
20,2015,SUMICHEM,EQ,587996,314794,53.54
20,2016,SUMIT,EQ,45492,45492,100.00
20,2017,SUMMITSEC,EQ,14086,6310,44.80
20,2018,SUNDARMFIN,EQ,165991,91372,55.05
20,2019,SUNDARMHLD,EQ,97478,48769,50.03
20,2020,SUNDRMFAST,EQ,182480,124286,68.11
20,2021,SUNFLAG,EQ,142030,55445,39.04
20,2022,SUNPHARMA,EQ,4672807,3114230,66.65
20,2023,SUNREST,ST,22400,20800,92.86
20,2024,SUNTECK,EQ,384967,214360,55.68
20,2025,SUNTV,EQ,778278,416743,53.55
20,2026,SUPERHOUSE,EQ,13220,9664,73.10
20,2027,SUPRAJIT,EQ,141142,67420,47.77
20,2028,SUPREMEIND,EQ,1282443,861438,67.17
20,2029,SUPRIYA,EQ,926574,328278,35.43
20,2030,SURANASOL,EQ,128753,78135,60.69
20,2031,SURANAT&P,EQ,110583,83612,75.61
20,2032,SURANI,SM,2800,2800,100.00
20,2033,SURYALAXMI,EQ,125033,60150,48.11
20,2034,SURYAROSNI,EQ,1185364,949325,80.09
20,2035,SURYODAY,EQ,236552,127720,53.99
20,2036,SUTLEJTEX,EQ,3711635,1417972,38.20
20,2037,SUVEN,EQ,705201,344987,48.92
20,2038,SUVENPHAR,EQ,184501,103421,56.05
20,2039,SUVIDHAA,EQ,193050,143870,74.52
20,2040,SWANENERGY,EQ,1144511,451025,39.41
20,2041,SWARAJ,SM,23000,16000,69.57
20,2042,SWARAJENG,EQ,6039,3848,63.72
20,2043,SWASTIK,SM,13200,8400,63.64
20,2044,SWELECTES,EQ,12222,6958,56.93
20,2045,SWSOLAR,EQ,939607,541087,57.59
20,2046,SYMPHONY,EQ,27406,19683,71.82
20,2047,SYNCOMF,EQ,5059129,3621904,71.59
20,2048,SYNGENE,EQ,1246645,769652,61.74
20,2049,SYNOPTICS,SM,11400,7200,63.16
20,2050,SYRMA,EQ,963072,550552,57.17
20,2051,SYSTANGO,SM,88000,68000,77.27
20,2052,TAINWALCHM,EQ,8186,6581,80.39
20,2053,TAJGVK,EQ,53459,32076,60.00
20,2054,TAKE,EQ,151093,114332,75.67
20,2055,TANLA,EQ,250312,121510,48.54
20,2056,TAPIFRUIT,SM,7500,5250,70.00
20,2057,TARACHAND,SM,66000,49000,74.24
20,2058,TARC,EQ,574855,336139,58.47
20,2059,TARMAT,EQ,45206,25677,56.80
20,2060,TARSONS,EQ,392551,264061,67.27
20,2061,TASTYBITE,EQ,6203,2601,41.93
20,2062,TATACAPHSG,N4,328,326,99.39
20,2063,TATACAPHSG,N6,265,55,20.75
20,2064,TATACAPHSG,NB,50,50,100.00
20,2065,TATACHEM,EQ,810025,384734,47.50
20,2066,TATACOFFEE,EQ,775942,212035,27.33
20,2067,TATACOMM,EQ,17650692,11233989,63.65
20,2068,TATACONSUM,EQ,2982505,1590728,53.34
20,2069,TATAELXSI,EQ,314893,210656,66.90
20,2070,TATAINVEST,EQ,389053,131144,33.71
20,2071,TATAMETALI,EQ,151845,62335,41.05
20,2072,TATAMOTORS,EQ,24275245,10513700,43.31
20,2073,TATAMTRDVR,EQ,68396722,45149045,66.01
20,2074,TATAPOWER,EQ,20403510,9123149,44.71
20,2075,TATASTEEL,EQ,40165104,23401076,58.26
20,2076,TATATECH,EQ,46579444,21581651,46.33
20,2077,TATVA,EQ,25716,17205,66.90
20,2078,TBZ,EQ,152329,71204,46.74
20,2079,TCFSL,NF,60,60,100.00
20,2080,TCFSL,NJ,460,240,52.17
20,2081,TCFSL,NL,386,364,94.30
20,2082,TCI,EQ,24863,13139,52.85
20,2083,TCIEXP,EQ,47449,29963,63.15
20,2084,TCNSBRANDS,EQ,145626,56311,38.67
20,2085,TCPLPACK,EQ,8465,3897,46.04
20,2086,TCS,EQ,3266235,2362566,72.33
20,2087,TDPOWERSYS,EQ,660066,496606,75.24
20,2088,TEAMLEASE,EQ,14641,7997,54.62
20,2089,TECH,EQ,15714,8455,53.81
20,2090,TECHM,EQ,2978406,1978790,66.44
20,2091,TECHNOE,EQ,93147,65259,70.06
20,2092,TEGA,EQ,198518,180127,90.74
20,2093,TEJASNET,EQ,449896,208999,46.45
20,2094,TEMBO,EQ,31087,4496,14.46
20,2095,TERASOFT,EQ,55840,29689,53.17
20,2096,TEXINFRA,EQ,1054223,388289,36.83
20,2097,TEXMOPIPES,EQ,126220,72186,57.19
20,2098,TEXRAIL,EQ,8470110,6016611,71.03
20,2099,TFCILTD,EQ,2004093,1112877,55.53
20,2100,TFL,EQ,1111920,366637,32.97
20,2101,THANGAMAYL,EQ,137880,112453,81.56
20,2102,THEINVEST,EQ,70345,43470,61.80
20,2103,THEJO,EQ,9222,5204,56.43
20,2104,THEMISMED,EQ,188922,93249,49.36
20,2105,THERMAX,EQ,1239793,853475,68.84
20,2106,THOMASCOOK,EQ,2364814,1934801,81.82
20,2107,THYROCARE,EQ,52635,33129,62.94
20,2108,TI,EQ,2907526,2425036,83.41
20,2109,TIDEWATER,EQ,216530,101771,47.00
20,2110,TIIL,EQ,11317,7743,68.42
20,2111,TIINDIA,EQ,330397,199406,60.35
20,2112,TIJARIA,EQ,10005,8831,88.27
20,2113,TIMESCAN,SM,6000,4000,66.67
20,2114,TIMESGTY,EQ,54148,21742,40.15
20,2115,TIMETECHNO,EQ,1160522,444287,38.28
20,2116,TIMKEN,EQ,657057,457509,69.63
20,2117,TINPLATE,EQ,246424,66586,27.02
20,2118,TIPSINDLTD,EQ,95464,45223,47.37
20,2119,TIRUMALCHM,EQ,385804,173055,44.86
20,2120,TIRUPATI,SM,500,500,100.00
20,2121,TITAGARH,EQ,1291928,503491,38.97
20,2122,TITAN,EQ,1480088,934184,63.12
20,2123,TMB,EQ,452268,307110,67.90
20,2124,TNIDETF,EQ,22164,16099,72.64
20,2125,TNPETRO,EQ,172808,96623,55.91
20,2126,TNPL,EQ,196732,119518,60.75
20,2127,TNTELE,EQ,60102,51526,85.73
20,2128,TOKYOPLAST,EQ,45491,28902,63.53
20,2129,TORNTPHARM,EQ,529836,295001,55.68
20,2130,TORNTPOWER,EQ,1442015,279679,19.40
20,2131,TOTAL,EQ,32799,18583,56.66
20,2132,TPLPLASTEH,EQ,275851,118553,42.98
20,2133,TRACXN,EQ,1825804,721080,39.49
20,2134,TRANSTEEL,SM,300000,212000,70.67
20,2135,TRANSWIND,SM,16000,16000,100.00
20,2136,TREEHOUSE,EQ,32370,5308,16.40
20,2137,TREL,EQ,1623002,730609,45.02
20,2138,TRENT,EQ,2343154,1440308,61.47
20,2139,TRF,EQ,62763,29855,47.57
20,2140,TRIDENT,EQ,6406129,3369910,52.60
20,2141,TRIDHYA,SM,99000,87000,87.88
20,2142,TRIGYN,EQ,117021,55554,47.47
20,2143,TRIL,EQ,1011305,525521,51.96
20,2144,TRITURBINE,EQ,970224,576704,59.44
20,2145,TRIVENI,EQ,1717364,596585,34.74
20,2146,TRU,EQ,1352254,373926,27.65
20,2147,TTKHLTCARE,EQ,17621,9780,55.50
20,2148,TTKPRESTIG,EQ,58157,40643,69.88
20,2149,TTL,EQ,6380,4141,64.91
20,2150,TTML,EQ,16020246,4721988,29.48
20,2151,TV18BRDCST,EQ,12901275,4551568,35.28
20,2152,TVSELECT,EQ,44937,16896,37.60
20,2153,TVSHLTD,EQ,8858,4924,55.59
20,2154,TVSHLTD,P1,54828,54827,100.00
20,2155,TVSMOTOR,EQ,2171737,1603869,73.85
20,2156,TVSSCS,EQ,880677,587979,66.76
20,2157,TVSSRICHAK,EQ,12064,5773,47.85
20,2158,TVTODAY,EQ,150181,73466,48.92
20,2159,UBL,EQ,175094,73799,42.15
20,2160,UCAL,EQ,22082,13574,61.47
20,2161,UCL,SM,4000,4000,100.00
20,2162,UCOBANK,EQ,5050094,1339903,26.53
20,2163,UDS,EQ,246805,168429,68.24
20,2164,UFLEX,EQ,64435,34949,54.24
20,2165,UFO,EQ,235700,154002,65.34
20,2166,UGARSUGAR,EQ,340685,151652,44.51
20,2167,UGROCAP,EQ,359746,217913,60.57
20,2168,UGROCAP,N1,26,26,100.00
20,2169,UGROCAP,N4,152,127,83.55
20,2170,UGROCAP,N5,35,35,100.00
20,2171,UGROCAP,N7,51,51,100.00
20,2172,UJJIVAN,EQ,1127508,714474,63.37
20,2173,UJJIVANSFB,EQ,22585180,7851637,34.76
20,2174,ULTRACEMCO,EQ,1025481,582263,56.78
20,2175,UMA,SM,24000,20000,83.33
20,2176,UMAEXPORTS,EQ,45648,26837,58.79
20,2177,UMANGDAIRY,EQ,12627,6879,54.48
20,2178,UNICHEMLAB,EQ,16709,12164,72.80
20,2179,UNIDT,EQ,55235,33921,61.41
20,2180,UNIENTER,EQ,6933,5881,84.83
20,2181,UNIHEALTH,SM,47000,33000,70.21
20,2182,UNIONBANK,EQ,16707894,10259251,61.40
20,2183,UNIPARTS,EQ,80507,54656,67.89
20,2184,UNITEDPOLY,EQ,31036,3313,10.67
20,2185,UNITEDTEA,EQ,4217,2462,58.38
20,2186,UNIVCABLES,EQ,66254,38965,58.81
20,2187,UNIVPHOTO,EQ,2001,1171,58.52
20,2188,UNOMINDA,EQ,1417035,942589,66.52
20,2189,UPL,EQ,3931052,2762524,70.27
20,2190,URAVI,EQ,3503,2733,78.02
20,2191,URBAN,SM,46800,37200,79.49
20,2192,URJA,EQ,13428744,4678718,34.84
20,2193,USASEEDS,SM,2400,1800,75.00
20,2194,USHAMART,EQ,1314260,997600,75.91
20,2195,USK,EQ,328534,194983,59.35
20,2196,UTIAMC,EQ,409684,198678,48.50
20,2197,UTIBANKETF,EQ,4691552,4462019,95.11
20,2198,UTINEXT50,EQ,1792897,1781312,99.35
20,2199,UTINIFTETF,EQ,10059,7117,70.75
20,2200,UTISENSETF,EQ,662,466,70.39
20,2201,UTISXN50,EQ,1515,935,61.72
20,2202,UTKARSHBNK,EQ,1607516,839437,52.22
20,2203,UTTAMSUGAR,EQ,542103,197362,36.41
20,2204,UWCSL,SM,6000,6000,100.00
20,2205,VADILALIND,EQ,6794,5849,86.09
20,2206,VAIBHAVGBL,EQ,373262,137106,36.73
20,2207,VAISHALI,EQ,66725,44980,67.41
20,2208,VAKRANGEE,EQ,6855143,2145611,31.30
20,2209,VALIANTLAB,EQ,125035,58966,47.16
20,2210,VALIANTORG,EQ,122684,53842,43.89
20,2211,VARDHACRLC,EQ,54113,36275,67.04
20,2212,VARROC,EQ,364908,168135,46.08
20,2213,VASA,SM,4000,4000,100.00
20,2214,VASCONEQ,EQ,2549636,1200791,47.10
20,2215,VBL,EQ,5190698,3500441,67.44
20,2216,VCL,EQ,700057,553839,79.11
20,2217,VEDL,EQ,19036194,15863555,83.33
20,2218,VELS,SM,3600,3600,100.00
20,2219,VENKEYS,EQ,18500,9185,49.65
20,2220,VENUSPIPES,EQ,121288,59394,48.97
20,2221,VENUSREM,EQ,146648,93560,63.80
20,2222,VERANDA,EQ,85101,63765,74.93
20,2223,VERTEXPLUS,SM,24000,19800,82.50
20,2224,VERTOZ,EQ,141305,12665,8.96
20,2225,VESUVIUS,EQ,14070,7892,56.09
20,2226,VETO,EQ,112981,61458,54.40
20,2227,VGUARD,EQ,173969,94430,54.28
20,2228,VHL,EQ,1052,719,68.35
20,2229,VIAZ,SM,22000,22000,100.00
20,2230,VIDHIING,EQ,13082,7377,56.39
20,2231,VIJAYA,EQ,126425,48506,38.37
20,2232,VIKASLIFE,EQ,7064919,3946243,55.86
20,2233,VILINBIO,SM,40000,28000,70.00
20,2234,VIMTALABS,EQ,16362,7640,46.69
20,2235,VINATIORGA,EQ,73796,55233,74.85
20,2236,VINDHYATEL,EQ,8465,4514,53.33
20,2237,VINEETLAB,EQ,51499,23550,45.73
20,2238,VINSYS,SM,79500,60500,76.10
20,2239,VINYAS,SM,12800,9600,75.00
20,2240,VINYLINDIA,EQ,47834,10868,22.72
20,2241,VIPCLOTHNG,EQ,224634,126624,56.37
20,2242,VIPIND,EQ,340550,184420,54.15
20,2243,VIPULLTD,EQ,82131,44355,54.01
20,2244,VIRINCHI,EQ,360256,294918,81.86
20,2245,VISAKAIND,EQ,2401850,1104034,45.97
20,2246,VISHAL,EQ,481687,228873,47.51
20,2247,VISHNU,EQ,102584,60387,58.87
20,2248,VISHNUINFR,SM,54000,54000,100.00
20,2249,VISHWARAJ,EQ,912907,408200,44.71
20,2250,VITAL,SM,57600,40800,70.83
20,2251,VIVIANA,SM,10000,9000,90.00
20,2252,VIVIDHA,EQ,736420,472557,64.17
20,2253,VIVO,SM,4800,4800,100.00
20,2254,VLEGOV,EQ,121467,100180,82.48
20,2255,VLSFINANCE,EQ,33403,20091,60.15
20,2256,VMARCIND,SM,84000,66000,78.57
20,2257,VMART,EQ,62391,45082,72.26
20,2258,VOLTAMP,EQ,120385,46763,38.84
20,2259,VOLTAS,EQ,2063628,1252146,60.68
20,2260,VPRPL,EQ,1309804,611153,46.66
20,2261,VRLLOG,EQ,135769,106249,78.26
20,2262,VSSL,EQ,208418,109076,52.34
20,2263,VSTIND,EQ,7253,3907,53.87
20,2264,VSTTILLERS,EQ,14621,7936,54.28
20,2265,VTL,EQ,333899,207706,62.21
20,2266,WABAG,EQ,399665,132079,33.05
20,2267,WEBELSOLAR,EQ,275813,127143,46.10
20,2268,WELCORP,EQ,461373,275163,59.64
20,2269,WELENT,EQ,337059,215387,63.90
20,2270,WELSPUNIND,EQ,2712997,1036970,38.22
20,2271,WENDT,EQ,294,153,52.04
20,2272,WESTLIFE,EQ,84376,61691,73.11
20,2273,WHEELS,EQ,21906,14654,66.89
20,2274,WHIRLPOOL,EQ,27434,16745,61.04
20,2275,WILLAMAGOR,EQ,74910,14473,19.32
20,2276,WINDLAS,EQ,73219,33103,45.21
20,2277,WINDMACHIN,EQ,67507,38299,56.73
20,2278,WIPRO,EQ,9912979,5480458,55.29
20,2279,WOCKPHARMA,EQ,4631956,1588714,34.30
20,2280,WOMANCART,SM,49600,38400,77.42
20,2281,WONDERLA,EQ,463643,300978,64.92
20,2282,WORTH,EQ,87951,48855,55.55
20,2283,WSTCSTPAPR,EQ,278743,173898,62.39
20,2284,XCHANGING,EQ,285882,148341,51.89
20,2285,XELPMOC,EQ,49185,34315,69.77
20,2286,XPROINDIA,EQ,17375,9524,54.81
20,2287,YASHO,EQ,3713,2164,58.28
20,2288,YATHARTH,EQ,1768726,728692,41.20
20,2289,YATRA,EQ,526732,166260,31.56
20,2290,YCCL,SM,36000,30000,83.33
20,2291,YESBANK,EQ,259007784,87158145,33.65
20,2292,YUDIZ,SM,16800,12000,71.43
20,2293,YUKEN,EQ,4879,3859,79.09
20,2294,ZAGGLE,EQ,949644,383858,40.42
20,2295,ZEAL,SM,9000,9000,100.00
20,2296,ZEEL,EQ,25439157,13451261,52.88
20,2297,ZEEMEDIA,EQ,5454136,2173053,39.84
20,2298,ZENITHEXPO,EQ,1433,1433,100.00
20,2299,ZENSARTECH,EQ,736852,282519,38.34
20,2300,ZENTEC,EQ,411962,263239,63.90
20,2301,ZFCVINDIA,EQ,32280,25751,79.77
20,2302,ZIMLAB,EQ,129660,68187,52.59
20,2303,ZODIACLOTH,EQ,31883,18530,58.12
20,2304,ZOMATO,EQ,225208168,138482302,61.49
20,2305,ZOTA,EQ,324395,111290,34.31
20,2306,ZUARI,EQ,405790,210433,51.86
20,2307,ZUARIIND,EQ,67559,38045,56.31
20,2308,ZYDUSLIFE,EQ,1357375,936843,69.02
20,2309,ZYDUSWELL,EQ,38049,22296,58.60
