Security Wise Delivery Position - Compulsory Rolling Settlement
10,MTO,30092024,1864050844,0002478
Trade Date <30-SEP-2024>,Settlement Type <N>
Record Type,Sr No,Name of Security,Quantity Traded,Deliverable Quantity(gross across client level),% of Deliverable Quantity to Traded Quantity
20,1,1003ICCL28,NX,3,1,33.33
20,2,1015ECL29,NR,570,569,99.82
20,3,1018GS2026,GS,9272,9072,97.84
20,4,1025SCL34,Z8,144,144,100.00
20,5,1025SCL34A,ZT,2,2,100.00
20,6,1030ICC26,NJ,200,200,100.00
20,7,1030ICCL28,NM,14,7,50.00
20,8,1035UCL26,NA,117,107,91.45
20,9,1049DLS25A,Y5,1,1,100.00
20,10,1049DLSL25,NX,40,40,100.00
20,11,1050NFL26,N7,101,101,100.00
20,12,1050UCL25,N7,4,4,100.00
20,13,1060ECL29,NS,250,250,100.00
20,14,1065NFL27,NC,356,356,100.00
20,15,1075SCL33A,N2,14,14,100.00
20,16,1090NFL26,NB,12,11,91.67
20,17,10CAGL27,N5,158,158,100.00
20,18,10IIFL28,N4,686,686,100.00
20,19,10IIFL28A,NE,637,637,100.00
20,20,10ISFL26,N3,6,6,100.00
20,21,10NIDO26,N6,510,510,100.00
20,22,10SCL30A,BV,18,18,100.00
20,23,1190VCCL26,N0,1,1,100.00
20,24,11DLSL25,NV,95,95,100.00
20,25,182D020125,TB,100,100,100.00
20,26,182D130325,TB,100,100,100.00
20,27,182D191224,TB,800,800,100.00
20,28,182D200225,TB,4900,4900,100.00
20,29,20MICRONS,EQ,117170,51816,44.22
20,30,360ONE,EQ,396214,218743,55.21
20,31,364D030725,TB,1100,1100,100.00
20,32,364D040925,TB,100,100,100.00
20,33,364D110925,TB,100,100,100.00
20,34,364D121224,TB,2800,2800,100.00
20,35,364D260625,TB,100,100,100.00
20,36,3IINFOLTD,EQ,994218,479860,48.27
20,37,3MINDIA,EQ,20064,11648,58.05
20,38,574GS2026,GS,1032,1032,100.00
20,39,585GS2030,GS,100,100,100.00
20,40,5PAISA,EQ,82717,27681,33.46
20,41,613RJ26,SG,500,500,100.00
20,42,618GS2024,GS,4,4,100.00
20,43,63MOONS,EQ,413951,182867,44.18
20,44,654GS2032,GS,700,700,100.00
20,45,667GS2035,GS,9,9,100.00
20,46,667GS2050,GS,289,289,100.00
20,47,676GS2061,GS,10000,10000,100.00
20,48,689GS2025,GS,1002,1002,100.00
20,49,68GS2060,GS,2,1,50.00
20,50,697GR2034,GS,2,2,100.00
20,51,699GS2026,GS,5700,4700,82.46
20,52,699GS2051,GS,22617,21464,94.90
20,53,702GS2027,GS,5172,5172,100.00
20,54,702GS2031,GS,6114,6114,100.00
20,55,704GS2029,GS,300,300,100.00
20,56,706GS2028,GS,13625,13625,100.00
20,57,709GS2054,GS,4800,4800,100.00
20,58,710GS2029,GS,19861,17361,87.41
20,59,717GS2030,GS,38301,38301,100.00
20,60,718GS2033,GS,25500,25500,100.00
20,61,718GS2037,GS,10305,9305,90.30
20,62,723GS2039,GS,500,500,100.00
20,63,726GS2032,GS,8800,8800,100.00
20,64,726GS2033,GS,1,1,100.00
20,65,727GS2026,GS,1,1,100.00
20,66,728IRFC30,NG,5512,4707,85.40
20,67,728NTPC30B,N9,40,40,100.00
20,68,729NHAI26,NC,46,27,58.70
20,69,732GS2030,GS,3602,1901,52.78
20,70,732IRFC25,NI,60,60,100.00
20,71,733GS2026,GS,832510,818490,98.32
20,72,734GS2064,GS,19650,19650,100.00
20,73,734IRFC28,N4,30,10,33.33
20,74,735NHAI31,N9,500,500,100.00
20,75,736GS2052,GS,4500,4500,100.00
20,76,736NTPC25D,NB,185,185,100.00
20,77,737GS2028,GS,6326,6326,100.00
20,78,738GS2027,GS,88302,84602,95.81
20,79,739NHAI26,N8,50,50,100.00
20,80,739NHAI31A,ND,85,51,60.00
20,81,73GS2053,GS,11020,11020,100.00
20,82,741GS2036,GS,134614,134614,100.00
20,83,743REC35,NH,144,99,68.75
20,84,746GS2073,GS,400,400,100.00
20,85,750IRFC35,NK,18,18,100.00
20,86,753IRFC30,NJ,1067,1065,99.81
20,87,754GS2036,GS,505714,505713,100.00
20,88,757GS2033,GS,100,100,100.00
20,89,760PFCL35,N3,1,1,100.00
20,90,764HUDCO31,N8,1,1,100.00
20,91,764IRFC31,NO,117,110,94.02
20,92,764NABAR31,N2,162,136,83.95
20,93,769NHAI31,NE,2625,2625,100.00
20,94,76IGT26,ND,1000,1000,100.00
20,95,76NHAI31,NA,2347,1481,63.10
20,96,774IREDA31,N7,120,120,100.00
20,97,78ABFL33,N4,9,9,100.00
20,98,797IGT31,NL,190,180,94.74
20,99,79NHIT35,N1,2501,2501,100.00
20,100,79NHIT40,N2,1412,1412,100.00
20,101,79NHIT47,N3,446,444,99.55
20,102,810IRFC27,N2,5200,4408,84.77
20,103,81TCHF28,N8,225,225,100.00
20,104,820IIFL27,N9,1404,1404,100.00
20,105,828GS2027,GS,382,191,50.00
20,106,829LTF24,NL,270,230,85.19
20,107,82HUDCO27,N2,190,95,50.00
20,108,82IGT31,NJ,2201,2201,100.00
20,109,830NHAI27,N2,13194,10000,75.79
20,110,830PFCL27,N5,5289,3689,69.75
20,111,835SCL23B,YM,1,1,100.00
20,112,842IIFL26,NL,242,241,99.59
20,113,843IHFL29,NC,898,750,83.52
20,114,849NTPC25,N7,194800,189040,97.04
20,115,850IIFL27,NA,293,293,100.00
20,116,85IFL26,NX,35,35,100.00
20,117,863NHB29,N2,48,48,100.00
20,118,865IFL28,NZ,370,370,100.00
20,119,865IIFL28,NS,758,408,53.83
20,120,865IRFC29,NA,100,100,100.00
20,121,865LTF26,NN,101,101,100.00
20,122,865TCAPS27,N8,730,610,83.56
20,123,86LTF24,NJ,455,240,52.75
20,124,871REC28,N9,2290,2000,87.34
20,125,872MMFSL26,N1,50,50,100.00
20,126,873NTPC28,N5,100,100,100.00
20,127,875IIFL26A,NQ,50,50,100.00
20,128,875NHAI29,N6,975,975,100.00
20,129,876HUDCO28,ND,319,319,100.00
20,130,883GS2041,GS,760,760,100.00
20,131,888ERFL28,N5,82,82,100.00
20,132,888IHFL25F,NC,26,26,100.00
20,133,888IRFC29,NE,27,27,100.00
20,134,888REC29,NF,362,356,98.34
20,135,889SCFL27,YC,3,3,100.00
20,136,889SCL26,NS,9,9,100.00
20,137,889SCL27,YT,3,3,100.00
20,138,891IIFCL34,N4,7,7,100.00
20,139,891NTPC33,N6,1031,1031,100.00
20,140,892PFCL33,N8,1052,1051,99.90
20,141,893NHB29,N6,194,194,100.00
20,142,897MOFSL29,N4,702,671,95.58
20,143,898LTF29,N7,15088,12661,83.91
20,144,8ABFL26,N0,300,300,100.00
20,145,901HUDCO34,NE,322,316,98.14
20,146,901NHB34,N6,135,100,74.07
20,147,903SFL28,YI,115,115,100.00
20,148,905LTF27,NF,489,489,100.00
20,149,905PEL26,N1,3,1,33.33
20,150,910CAGL25,N7,68,68,100.00
20,151,910TCAP28,NA,251,251,100.00
20,152,91D071124,TB,100,100,100.00
20,153,91D101024,TB,7000,7000,100.00
20,154,91D151124,TB,4900,4900,100.00
20,155,91D211124,TB,9000,9000,100.00
20,156,91MOFSL27,N2,1500,1500,100.00
20,157,925AEL26,N1,7,7,100.00
20,158,925CAGL26,N9,476,476,100.00
20,159,925ERFL28,N6,90,90,100.00
20,160,925IHFL25D,N6,20,20,100.00
20,161,925SCL25C,AR,82,82,100.00
20,162,925SCL26D,ZD,10,10,100.00
20,163,925SCL26F,N1,6,6,100.00
20,164,92GS2030,GS,38231,32578,85.21
20,165,932AEL27,N3,4,4,100.00
20,166,935MOFSL29,N5,10,10,100.00
20,167,93MOFSL34,N6,80,80,100.00
20,168,943ECL28,NJ,50,50,100.00
20,169,948SCL26,N9,154,100,64.94
20,170,94IFCI25,NL,100,100,100.00
20,171,94SFL28,YL,106,106,100.00
20,172,956AEL29,N6,100,100,100.00
20,173,957ISFL26,N2,38,38,100.00
20,174,957NIDO26,N5,33,33,100.00
20,175,965AEL27,N4,7,7,100.00
20,176,965SCL25C,N0,11,11,100.00
20,177,96IIFL28,N5,4650,4600,98.92
20,178,96IIFL28A,NF,451,451,100.00
20,179,970CAGL28,ND,554,550,99.28
20,180,971SCL28,AN,805,805,100.00
20,181,971SCL28I,BC,10,10,100.00
20,182,985ECL28,NK,307,307,100.00
20,183,98ICCL26,NU,328,328,100.00
20,184,990SCL26,N7,13,10,76.92
20,185,99AEL29,N7,1455,1455,100.00
20,186,99IFCI24,NH,400,400,100.00
20,187,9IIFL28A,NT,19,19,100.00
20,188,9MMFSML,N2,45,45,100.00
20,189,9PCHFL31A,NA,80,80,100.00
20,190,9PEL25,N0,100,100,100.00
20,191,9SCL26BA,NA,48,48,100.00
20,192,AAATECH,EQ,45784,29156,63.68
20,193,AADHARHFC,EQ,1185222,485761,40.98
20,194,AARON,EQ,17427,3766,21.61
20,195,AARTECH,EQ,383694,155525,40.53
20,196,AARTIDRUGS,EQ,169488,69685,41.12
20,197,AARTIIND,EQ,1045014,507278,48.54
20,198,AARTIPHARM,EQ,124562,52190,41.90
20,199,AARTISURF,EQ,31134,15683,50.37
20,200,AARTISURF,P1,111,111,100.00
20,201,AARVI,EQ,12978,5023,38.70
20,202,AATMAJ,SM,10000,8000,80.00
20,203,AAVAS,EQ,138692,84162,60.68
20,204,ABAN,EQ,50458,30451,60.35
20,205,ABB,EQ,266470,139268,52.26
20,206,ABBOTINDIA,EQ,5980,2070,34.62
20,207,ABCAPITAL,EQ,3740635,1585233,42.38
20,208,ABCOTS,SM,15000,15000,100.00
20,209,ABDL,EQ,481316,230160,47.82
20,210,ABFRL,EQ,4079383,1761597,43.18
20,211,ABGSEC,EQ,55,51,92.73
20,212,ABINFRA,SM,110000,96000,87.27
20,213,ABSLAMC,EQ,302883,204438,67.50
20,214,ABSLBANETF,EQ,60808,49920,82.09
20,215,ABSLLIQUID,EQ,5096,3349,65.72
20,216,ABSLNN50ET,EQ,52195,25482,48.82
20,217,ABSLPSE,EQ,566495,408631,72.13
20,218,ABSMARINE,SM,47000,25000,53.19
20,219,ACC,EQ,468555,162739,34.73
20,220,ACCELYA,EQ,55686,26305,47.24
20,221,ACCENTMIC,SM,17000,13500,79.41
20,222,ACCORD,SM,4000,4000,100.00
20,223,ACE,EQ,191422,90413,47.23
20,224,ACEINTEG,EQ,285749,135521,47.43
20,225,ACI,EQ,520894,269731,51.78
20,226,ACL,EQ,55228,33287,60.27
20,227,ACLGATI,EQ,968138,464532,47.98
20,228,ACSAL,SM,279000,141000,50.54
20,229,ADANIENSOL,EQ,1170771,535456,45.74
20,230,ADANIENT,EQ,1607429,511870,31.84
20,231,ADANIGREEN,EQ,1369027,685461,50.07
20,232,ADANIPORTS,EQ,2042408,1159763,56.78
20,233,ADANIPOWER,EQ,2211131,784512,35.48
20,234,ADFFOODS,EQ,341567,138498,40.55
20,235,ADORWELD,EQ,13736,7244,52.74
20,236,ADROITINFO,EQ,66004,48600,73.63
20,237,ADROITPP1,E1,1121,990,88.31
20,238,ADSL,EQ,599538,230654,38.47
20,239,ADVANIHOTR,EQ,118742,64860,54.62
20,240,ADVENZYMES,EQ,302700,101441,33.51
20,241,AEGISLOG,EQ,384832,138584,36.01
20,242,AEROFLEX,EQ,492100,211794,43.04
20,243,AERON,SM,141000,95000,67.38
20,244,AESTHETIK,SM,54000,48000,88.89
20,245,AETHER,EQ,38128,15376,40.33
20,246,AFFLE,EQ,132375,65189,49.25
20,247,AFIL,EQ,219309,108710,49.57
20,248,AGARIND,EQ,14772,8359,56.59
20,249,AGARWALFT,ST,135000,129000,95.56
20,250,AGI,EQ,230875,100735,43.63
20,251,AGIIL,EQ,17030,15952,93.67
20,252,AGNI,SM,70000,42500,60.71
20,253,AGRITECH,EQ,18951,11974,63.18
20,254,AGROPHOS,EQ,92579,52971,57.22
20,255,AGSTRA,EQ,585950,234486,40.02
20,256,AGUL,SM,12000,12000,100.00
20,257,AHL,EQ,142692,66196,46.39
20,258,AHLADA,EQ,35167,15757,44.81
20,259,AHLEAST,EQ,361236,183905,50.91
20,260,AHLUCONT,EQ,67616,27898,41.26
20,261,AIAENG,EQ,79750,64629,81.04
20,262,AIIL,EQ,86304,53507,62.00
20,263,AIMTRON,ST,96000,84000,87.50
20,264,AIROLAM,EQ,4722,3206,67.89
20,265,AIRTELPP,E1,82717,48523,58.66
20,266,AISL,SM,9600,8400,87.50
20,267,AJANTPHARM,EQ,181933,117800,64.75
20,268,AJMERA,EQ,39920,20671,51.78
20,269,AKANKSHA,ST,80000,80000,100.00
20,270,AKASH,EQ,42080,16351,38.86
20,271,AKG,EQ,110716,67454,60.93
20,272,AKI,EQ,73839,47401,64.20
20,273,AKIKO,SM,11200,9600,85.71
20,274,AKSHARCHEM,EQ,3507,2156,61.48
20,275,AKSHOPTFBR,EQ,1664192,895523,53.81
20,276,AKUMS,EQ,71299,37383,52.43
20,277,AKZOINDIA,EQ,14441,6706,46.44
20,278,ALANKIT,EQ,1108820,575312,51.89
20,279,ALEMBICLTD,EQ,633306,243160,38.40
20,280,ALICON,EQ,41695,20212,48.48
20,281,ALKALI,EQ,21325,13129,61.57
20,282,ALKEM,EQ,131363,69528,52.93
20,283,ALKYLAMINE,EQ,82733,24974,30.19
20,284,ALLCARGO,EQ,3851247,1894072,49.18
20,285,ALLDIGI,EQ,17578,11249,63.99
20,286,ALLETEC,SM,24400,14800,60.66
20,287,ALOKINDS,EQ,40506503,7939148,19.60
20,288,ALPA,EQ,4899306,814373,16.62
20,289,ALPEXSOLAR,ST,34000,29600,87.06
20,290,ALPHA,EQ,2221803,1522725,68.54
20,291,ALPHAETF,EQ,1459853,1118479,76.62
20,292,ALPL30IETF,EQ,1784747,1486444,83.29
20,293,ALUWIND,ST,36000,36000,100.00
20,294,AMBER,EQ,368403,93082,25.27
20,295,AMBEY,SM,20000,14000,70.00
20,296,AMBICAAGAR,EQ,66818,28278,42.32
20,297,AMBIKCO,EQ,11902,7849,65.95
20,298,AMBUJACEM,EQ,4215188,2170736,51.50
20,299,AMDIND,EQ,20750,12657,61.00
20,300,AMEYA,SM,14000,12000,85.71
20,301,AMIORG,EQ,233647,79879,34.19
20,302,AMJUMBO,SM,8000,8000,100.00
20,303,AMNPLST,EQ,20312,15173,74.70
20,304,AMRUTANJAN,EQ,207004,85529,41.32
20,305,ANANDRATHI,EQ,120595,63508,52.66
20,306,ANANTRAJ,EQ,798574,386117,48.35
20,307,ANDHRAPAP,EQ,148243,86230,58.17
20,308,ANDHRSUGAR,EQ,549432,214692,39.08
20,309,ANGELONE,EQ,1162173,335299,28.85
20,310,ANLON,ST,4000,3600,90.00
20,311,ANNAPURNA,SM,129000,80500,62.40
20,312,ANUP,EQ,75215,22665,30.13
20,313,ANURAS,EQ,42316,18361,43.39
20,314,APARINDS,EQ,89043,37216,41.80
20,315,APCL,EQ,21497,11978,55.72
20,316,APCOTEXIND,EQ,36649,21898,59.75
20,317,APEX,EQ,66322,38206,57.61
20,318,APLAPOLLO,EQ,1241114,668509,53.86
20,319,APLLTD,EQ,411045,88788,21.60
20,320,APOLLO,EQ,861078,440507,51.16
20,321,APOLLOHOSP,EQ,442794,267726,60.46
20,322,APOLLOPIPE,EQ,30985,21423,69.14
20,323,APOLLOTYRE,EQ,1379284,527463,38.24
20,324,APOLSINHOT,EQ,6911,3919,56.71
20,325,APRAMEYA,SM,6000,6000,100.00
20,326,APS,ST,21500,16500,76.74
20,327,APTECHT,EQ,200837,67679,33.70
20,328,APTUS,EQ,389693,148573,38.13
20,329,ARABIAN,SM,14000,10000,71.43
20,330,ARCHIES,EQ,166259,112377,67.59
20,331,ARE&M,EQ,1352982,459597,33.97
20,332,ARHAM,SM,24000,18000,75.00
20,333,ARIES,EQ,45818,22929,50.04
20,334,ARIHANTACA,SM,7200,6400,88.89
20,335,ARIHANTCAP,EQ,632980,332692,52.56
20,336,ARIHANTSUP,EQ,411664,173488,42.14
20,337,ARISTO,SM,12800,12800,100.00
20,338,ARKADE,EQ,3085931,1035889,33.57
20,339,ARMANFIN,EQ,50707,23252,45.86
20,340,AROGRANITE,EQ,35443,23710,66.90
20,341,ARROWGREEN,EQ,31327,15631,49.90
20,342,ARTEMISMED,EQ,120005,80249,66.87
20,343,ARVEE,EQ,1634,1224,74.91
20,344,ARVIND,EQ,341499,217726,63.76
20,345,ARVINDFASN,EQ,220912,97828,44.28
20,346,ARVSMART,EQ,71944,30385,42.23
20,347,ASAHIINDIA,EQ,358345,81285,22.68
20,348,ASAL,EQ,115937,36255,31.27
20,349,ASALCBR,EQ,29276,11388,38.90
20,350,ASHALOG,SM,22000,19000,86.36
20,351,ASHAPURMIN,EQ,244729,170663,69.74
20,352,ASHIANA,EQ,32255,15888,49.26
20,353,ASHOKA,EQ,1266900,529884,41.83
20,354,ASHOKAMET,EQ,285320,212709,74.55
20,355,ASHOKLEY,EQ,10196690,5251195,51.50
20,356,ASIANENE,EQ,107262,42312,39.45
20,357,ASIANHOTNR,EQ,2679,2679,100.00
20,358,ASIANPAINT,EQ,1088162,606718,55.76
20,359,ASIANTILES,EQ,1199471,532901,44.43
20,360,ASKAUTOLTD,EQ,698960,399414,57.14
20,361,ASLIND,SM,2000,2000,100.00
20,362,ASMS,EQ,483195,272647,56.43
20,363,ASPINWALL,EQ,4744,2749,57.95
20,364,ASPIRE,SM,4000,4000,100.00
20,365,ASTEC,EQ,11610,6614,56.97
20,366,ASTERDM,EQ,325999,146931,45.07
20,367,ASTRAL,EQ,827247,553936,66.96
20,368,ASTRAMICRO,EQ,201480,74083,36.77
20,369,ASTRAZEN,EQ,1199287,31716,2.64
20,370,ASTRON,EQ,174965,118035,67.46
20,371,ATAM,EQ,36603,17506,47.83
20,372,ATFL,EQ,111090,59208,53.30
20,373,ATGL,EQ,519810,163156,31.39
20,374,ATL,EQ,547624,295876,54.03
20,375,ATMASTCO,ST,28000,26400,94.29
20,376,ATUL,EQ,183486,109856,59.87
20,377,AUBANK,EQ,2372518,1133804,47.79
20,378,AURDIS,SM,2000,1500,75.00
20,379,AURIONPRO,EQ,39083,22769,58.26
20,380,AUROIMPEX,SM,24000,11200,46.67
20,381,AUROPHARMA,EQ,1857748,852878,45.91
20,382,AURUMPP1,X1,43953,40741,92.69
20,383,AUSL,SM,240000,226000,94.17
20,384,AUTOAXLES,EQ,4030,2126,52.75
20,385,AUTOBEES,EQ,553866,454758,82.11
20,386,AUTOIETF,EQ,1365384,935833,68.54
20,387,AUTOIND,EQ,157584,61327,38.92
20,388,AVADHSUGAR,EQ,196823,61800,31.40
20,389,AVALON,EQ,277710,82858,29.84
20,390,AVANTEL,EQ,3331021,1138166,34.17
20,391,AVANTIFEED,EQ,521380,150300,28.83
20,392,AVG,EQ,101287,48461,47.85
20,393,AVIANSH,ST,292000,280000,95.89
20,394,AVPINFRA,SM,44800,35200,78.57
20,395,AVTNPL,EQ,149469,97506,65.23
20,396,AWFIS,EQ,256305,122148,47.66
20,397,AWHCL,EQ,93208,43943,47.15
20,398,AWL,EQ,1557076,616811,39.61
20,399,AXISBANK,EQ,8466919,5722131,67.58
20,400,AXISBNKETF,EQ,37251,36414,97.75
20,401,AXISBPSETF,EQ,27082,19515,72.06
20,402,AXISCADES,EQ,232846,143015,61.42
20,403,AXISCETF,EQ,18368,11437,62.27
20,404,AXISGOLD,EQ,185671,152426,82.09
20,405,AXISHCETF,EQ,6264,4903,78.27
20,406,AXISILVER,EQ,19785,12460,62.98
20,407,AXISNIFTY,EQ,16940,16476,97.26
20,408,AXISTECETF,EQ,5509,5046,91.60
20,409,AXITA,EQ,4205964,1200779,28.55
20,410,AXSENSEX,EQ,4637,4218,90.96
20,411,AZAD,EQ,117937,72153,61.18
20,412,BABAFP,SM,24000,12800,53.33
20,413,BAGFILMS,EQ,1126290,595584,52.88
20,414,BAHETI,SM,23250,20250,87.10
20,415,BAJAJ-AUTO,EQ,479000,286045,59.72
20,416,BAJAJCON,EQ,267138,138259,51.76
20,417,BAJAJELEC,EQ,62044,39623,63.86
20,418,BAJAJFINSV,EQ,1859917,1115983,60.00
20,419,BAJAJHCARE,EQ,64423,33988,52.76
20,420,BAJAJHFL,EQ,17314972,7508158,43.36
20,421,BAJAJHIND,EQ,40286388,9199433,22.84
20,422,BAJAJHLDNG,EQ,62295,31858,51.14
20,423,BAJEL,EQ,1404970,480441,34.20
20,424,BAJFINANCE,EQ,961952,583809,60.69
20,425,BALAJEE,EQ,790264,398684,50.45
20,426,BALAMINES,EQ,32273,13083,40.54
20,427,BALAXI,EQ,28658,20028,69.89
20,428,BALCO,SM,21600,14400,66.67
20,429,BALKRISHNA,EQ,162257,86376,53.23
20,430,BALKRISIND,EQ,238611,127257,53.33
20,431,BALMLAWRIE,EQ,505280,238536,47.21
20,432,BALRAMCHIN,EQ,2647979,370499,13.99
20,433,BALUFORGE,EQ,464270,208805,44.97
20,434,BANARBEADS,EQ,52051,16740,32.16
20,435,BANARISUG,EQ,5865,3146,53.64
20,436,BANCOINDIA,EQ,51690,26331,50.94
20,437,BANDHANBNK,EQ,9408152,4253313,45.21
20,438,BANG,EQ,30644,22540,73.55
20,439,BANKA,EQ,14583,8443,57.90
20,440,BANKBARODA,EQ,12929732,5525246,42.73
20,441,BANKBEES,EQ,1154519,874071,75.71
20,442,BANKBETF,EQ,31042,27363,88.15
20,443,BANKETF,EQ,219577,219481,99.96
20,444,BANKETFADD,EQ,48320,44003,91.07
20,445,BANKIETF,EQ,775091,395990,51.09
20,446,BANKINDIA,EQ,5267144,3222287,61.18
20,447,BANKNIFTY1,EQ,97315,72861,74.87
20,448,BANSALWIRE,EQ,682040,222267,32.59
20,449,BANSWRAS,EQ,19838,12747,64.26
20,450,BARBEQUE,EQ,36458,23078,63.30
20,451,BASF,EQ,61671,36093,58.53
20,452,BASILIC,ST,60000,59100,98.50
20,453,BATAINDIA,EQ,235858,73294,31.08
20,454,BAWEJA,SM,28000,20000,71.43
20,455,BAYERCROP,EQ,11198,5740,51.26
20,456,BBETF0432,EQ,890,879,98.76
20,457,BBL,EQ,21832,12527,57.38
20,458,BBNPNBETF,EQ,5327,4143,77.77
20,459,BBNPPGOLD,EQ,35250,34191,97.00
20,460,BBTC,EQ,326036,71524,21.94
20,461,BBTCL,EQ,3296,1886,57.22
20,462,BCLIND,EQ,3708152,1269025,34.22
20,463,BCONCEPTS,EQ,22689,11305,49.83
20,464,BDL,EQ,994630,404361,40.65
20,465,BEACON,SM,180000,124000,68.89
20,466,BEARDSELL,EQ,119102,72950,61.25
20,467,BECTORFOOD,EQ,146641,90186,61.50
20,468,BEDMUTHA,EQ,33923,21361,62.97
20,469,BEL,EQ,32695169,17032688,52.10
20,470,BEML,EQ,114087,32265,28.28
20,471,BEPL,EQ,1050665,419819,39.96
20,472,BERGEPAINT,EQ,1430522,708509,49.53
20,473,BESTAGRO,EQ,63533,34391,54.13
20,474,BETA,SM,6200,4600,74.19
20,475,BEWLTD,SM,1625,1500,92.31
20,476,BFINVEST,EQ,40413,19810,49.02
20,477,BFSI,EQ,645166,539205,83.58
20,478,BFUTILITIE,EQ,230632,85526,37.08
20,479,BHAGCHEM,EQ,118908,71949,60.51
20,480,BHAGERIA,EQ,77073,25962,33.68
20,481,BHAGYANGR,EQ,99446,48092,48.36
20,482,BHANDARI,EQ,776369,377402,48.61
20,483,BHARATFORG,EQ,753983,389600,51.67
20,484,BHARATGEAR,EQ,31813,19296,60.65
20,485,BHARATRAS,EQ,4478,1555,34.73
20,486,BHARATWIRE,EQ,551798,326049,59.09
20,487,BHARTIARTL,EQ,6907288,5268714,76.28
20,488,BHARTIHEXA,EQ,545659,220124,40.34
20,489,BHEL,EQ,22843205,6874146,30.09
20,490,BHINVIT,IV,231269,203884,88.16
20,491,BIGBLOC,EQ,200936,121991,60.71
20,492,BIKAJI,EQ,767296,418530,54.55
20,493,BIKEWO,ST,206000,206000,100.00
20,494,BIL,EQ,14614,5668,38.78
20,495,BIOCON,EQ,3231111,957499,29.63
20,496,BIOFILCHEM,EQ,223294,93665,41.95
20,497,BIRDYS,ST,4800,4800,100.00
20,498,BIRET,RR,167483,147417,88.02
20,499,BIRLACABLE,EQ,31839,19390,60.90
20,500,BIRLACORPN,EQ,152518,49114,32.20
20,501,BLAL,EQ,233166,138285,59.31
20,502,BLISSGVS,EQ,562749,245135,43.56
20,503,BLKASHYAP,EQ,1458899,768107,52.65
20,504,BLS,EQ,2915578,1451163,49.77
20,505,BLSE,EQ,511003,293393,57.42
20,506,BLUEDART,EQ,13090,4198,32.07
20,507,BLUEJET,EQ,97262,49986,51.39
20,508,BLUEPEBBLE,SM,13600,8000,58.82
20,509,BLUESTARCO,EQ,727588,348689,47.92
20,510,BMETRICS,SM,42400,32400,76.42
20,511,BODALCHEM,EQ,640202,275725,43.07
20,512,BOMDYEING,EQ,12098583,3261255,26.96
20,513,BOROLTD,EQ,95106,53383,56.13
20,514,BORORENEW,EQ,132472,59713,45.08
20,515,BOROSCI,EQ,324759,119440,36.78
20,516,BOSCHLTD,EQ,32053,13590,42.40
20,517,BOSS,SM,76000,14000,18.42
20,518,BPCL,EQ,23860696,9618903,40.31
20,519,BRACEPORT,SM,70400,28800,40.91
20,520,BRIGADE,EQ,425519,204144,47.98
20,521,BRIGHT,SZ,18000,18000,100.00
20,522,BRITANNIA,EQ,442617,267630,60.47
20,523,BRNL,EQ,47275,27043,57.20
20,524,BSE,EQ,2770229,726777,26.24
20,525,BSE500IETF,EQ,596772,347027,58.15
20,526,BSHSL,EQ,119573,61289,51.26
20,527,BSL,EQ,13344,8650,64.82
20,528,BSLGOLDETF,EQ,462784,439617,94.99
20,529,BSLNIFTY,EQ,682928,598113,87.58
20,530,BSLSENETFG,EQ,10800,6952,64.37
20,531,BSOFT,EQ,4211108,2181948,51.81
20,532,BULKCORP,SM,3600,3600,100.00
20,533,BUTTERFLY,EQ,32829,16921,51.54
20,534,BVCL,EQ,33259,16807,50.53
20,535,BYKE,EQ,56002,48151,85.98
20,536,CADSYS,SM,56500,50000,88.50
20,537,CAMLINFINE,EQ,251688,107931,42.88
20,538,CAMPUS,EQ,842245,381686,45.32
20,539,CAMS,EQ,192150,110454,57.48
20,540,CANARYS,ST,136000,128000,94.12
20,541,CANBK,EQ,20409076,7357467,36.05
20,542,CANFINHOME,EQ,537306,304168,56.61
20,543,CANTABIL,EQ,312748,139159,44.50
20,544,CAPACITE,EQ,1817913,517713,28.48
20,545,CAPITALSFB,EQ,54404,35249,64.79
20,546,CAPLIPOINT,EQ,104694,47312,45.19
20,547,CARBORUNIV,EQ,68613,37013,53.94
20,548,CARERATING,EQ,44451,24318,54.71
20,549,CARTRADE,EQ,168185,76529,45.50
20,550,CARYSIL,EQ,49553,26228,52.93
20,551,CASTROLIND,EQ,2070271,704886,34.05
20,552,CBAZAAR,SM,16000,16000,100.00
20,553,CCL,EQ,132859,80209,60.37
20,554,CDSL,EQ,2141817,1010053,47.16
20,555,CEATLTD,EQ,148103,40975,27.67
20,556,CEIGALL,EQ,174821,85548,48.93
20,557,CELEBRITY,EQ,126601,79341,62.67
20,558,CELLECOR,SM,684000,462000,67.54
20,559,CELLO,EQ,293947,167199,56.88
20,560,CELLPOINT,SM,25200,19200,76.19
20,561,CENTENKA,EQ,110051,91427,83.08
20,562,CENTRALBK,EQ,3159313,1279158,40.49
20,563,CENTRUM,EQ,424095,289473,68.26
20,564,CENTUM,EQ,15315,7602,49.64
20,565,CENTURYPLY,EQ,104912,42644,40.65
20,566,CENTURYTEX,EQ,566141,197874,34.95
20,567,CERA,EQ,12829,6641,51.77
20,568,CESC,EQ,8668324,2272616,26.22
20,569,CGCL,EQ,362085,241971,66.83
20,570,CGPOWER,EQ,1506127,834730,55.42
20,571,CGRAPHICS,SM,1600,1600,100.00
20,572,CHALET,EQ,210142,154418,73.48
20,573,CHAMBLFERT,EQ,2718409,1119139,41.17
20,574,CHAVDA,SM,233000,139000,59.66
20,575,CHEMBOND,EQ,21029,14474,68.83
20,576,CHEMCON,EQ,58303,22514,38.62
20,577,CHEMFAB,EQ,20071,10916,54.39
20,578,CHEMPLASTS,EQ,58340,30287,51.91
20,579,CHENNPETRO,EQ,421215,126984,30.15
20,580,CHETANA,SM,54400,46400,85.29
20,581,CHEVIOT,EQ,3769,2587,68.64
20,582,CHOICEIN,EQ,290702,70006,24.08
20,583,CHOLAFIN,EQ,917971,556409,60.61
20,584,CHOLAHLDNG,EQ,291170,220581,75.76
20,585,CIEINDIA,EQ,392560,226100,57.60
20,586,CIGNITITEC,EQ,131757,104525,79.33
20,587,CINELINE,EQ,25195,15969,63.38
20,588,CIPLA,EQ,1313437,760625,57.91
20,589,CLEAN,EQ,212478,119590,56.28
20,590,CLOUD,ST,100000,86000,86.00
20,591,CLSEL,EQ,938509,197896,21.09
20,592,CLSL,SM,18000,16000,88.89
20,593,CMMIPL,ST,45000,39000,86.67
20,594,CMNL,SM,186000,150000,80.65
20,595,CMRSL,SM,9600,8000,83.33
20,596,CMSINFO,EQ,811111,411936,50.79
20,597,COALINDIA,EQ,8881502,4094921,46.11
20,598,COASTCORP,EQ,19821,10663,53.80
20,599,COFORGE,EQ,302359,122645,40.56
20,600,COLPAL,EQ,989665,406207,41.04
20,601,COMMITTED,SM,8000,8000,100.00
20,602,COMMOIETF,EQ,165023,103760,62.88
20,603,COMPUSOFT,EQ,177419,120162,67.73
20,604,COMSYN,EQ,46342,13329,28.76
20,605,CONCOR,EQ,2175799,1250819,57.49
20,606,CONCORDBIO,EQ,243676,68786,28.23
20,607,CONFIPET,EQ,1067116,409286,38.35
20,608,CONS,EQ,74310,54530,73.38
20,609,CONSOFINVT,EQ,18967,10752,56.69
20,610,CONSUMBEES,EQ,306632,254378,82.96
20,611,CONSUMIETF,EQ,87523,54979,62.82
20,612,CONTI,ST,29997,23331,77.78
20,613,CONTROLPR,EQ,40450,21740,53.75
20,614,COOLCAPS,SM,109250,74000,67.73
20,615,CORDSCABLE,EQ,172724,92957,53.82
20,616,COROMANDEL,EQ,515352,338574,65.70
20,617,COSMOFIRST,EQ,85537,45945,53.71
20,618,CPS,SM,21600,17400,80.56
20,619,CPSEETF,EQ,3862243,2044025,52.92
20,620,CRAFTSMAN,EQ,46919,13393,28.54
20,621,CRAYONS,SM,4000,4000,100.00
20,622,CREATIVE,EQ,26880,10647,39.61
20,623,CREATIVEYE,EQ,23407,21456,91.66
20,624,CREDITACC,EQ,144263,103661,71.86
20,625,CREST,EQ,67023,30791,45.94
20,626,CRISIL,EQ,25884,10023,38.72
20,627,CROMPTON,EQ,2617019,1883885,71.99
20,628,CSBBANK,EQ,259928,144005,55.40
20,629,CSLFINANCE,EQ,53889,32582,60.46
20,630,CUB,EQ,2599388,1047972,40.32
20,631,CUBEXTUB,EQ,27187,16355,60.16
20,632,CUMMINSIND,EQ,429408,237952,55.41
20,633,CYBERMEDIA,EQ,76028,35131,46.21
20,634,CYIENT,EQ,375692,185149,49.28
20,635,CYIENTDLM,EQ,681864,536685,78.71
20,636,DABUR,EQ,2475507,1681321,67.92
20,637,DALBHARAT,EQ,450470,209387,46.48
20,638,DALMIASUG,EQ,441798,107818,24.40
20,639,DAMODARIND,EQ,13960,8585,61.50
20,640,DANGEE,EQ,411631,128233,31.15
20,641,DATAMATICS,EQ,75399,35499,47.08
20,642,DATAPATTNS,EQ,448896,248850,55.44
20,643,DAVANGERE,EQ,3747168,1585461,42.31
20,644,DBCORP,EQ,209576,92415,44.10
20,645,DBL,EQ,251736,96577,38.36
20,646,DBOL,EQ,299748,138291,46.14
20,647,DBREALTY,EQ,1262164,570450,45.20
20,648,DBSTOCKBRO,EQ,33030,19802,59.95
20,649,DCAL,EQ,270028,107446,39.79
20,650,DCBBANK,EQ,1407759,904943,64.28
20,651,DCG,ST,48000,45600,95.00
20,652,DCMSHRIRAM,EQ,36800,19941,54.19
20,653,DCMSRIND,EQ,201834,116387,57.66
20,654,DCW,EQ,3064098,1057608,34.52
20,655,DECCANCE,EQ,4921,3403,69.15
20,656,DECCANTRAN,ST,38400,38400,100.00
20,657,DEEDEV,EQ,859120,231971,27.00
20,658,DEEM,SM,8000,6000,75.00
20,659,DEEPAKFERT,EQ,575150,172194,29.94
20,660,DEEPAKNTR,EQ,199147,63460,31.87
20,661,DEEPINDS,EQ,97904,53886,55.04
20,662,DELAPLEX,SM,2400,1800,75.00
20,663,DELHIVERY,EQ,2292692,1554762,67.81
20,664,DELTACORP,EQ,1525511,577740,37.87
20,665,DELTAMAGNT,EQ,11979,2608,21.77
20,666,DEN,EQ,981331,370565,37.76
20,667,DENEERS,SM,7200,7200,100.00
20,668,DENORA,EQ,7189,3973,55.26
20,669,DENTALKART,SM,113750,66750,58.68
20,670,DESTINY,ST,24000,24000,100.00
20,671,DEVIT,EQ,418346,153935,36.80
20,672,DEVYANI,EQ,1803661,639036,35.43
20,673,DHAMPURSUG,EQ,1017215,321167,31.57
20,674,DHANBANK,EQ,318831,194325,60.95
20,675,DHANI,EQ,4352535,1499043,34.44
20,676,DHANUKA,EQ,20406,9927,48.65
20,677,DHARIWAL,SM,20400,16800,82.35
20,678,DHARMAJ,EQ,87745,50322,57.35
20,679,DHTL,ST,1600,1600,100.00
20,680,DHUNINV,EQ,2716,1396,51.40
20,681,DIACABS,EQ,7147,5458,76.37
20,682,DIAMINESQ,EQ,5466,3821,69.90
20,683,DIAMONDYD,EQ,788199,182906,23.21
20,684,DIGIKORE,ST,9800,9200,93.88
20,685,DIL,EQ,470100,213380,45.39
20,686,DISHTV,EQ,22127946,5372256,24.28
20,687,DIVGIITTS,EQ,14242,8313,58.37
20,688,DIVISLAB,EQ,820627,558908,68.11
20,689,DIVOPPBEES,EQ,175499,106504,60.69
20,690,DIXON,EQ,325632,152750,46.91
20,691,DKEGL,SM,6000,4500,75.00
20,692,DLF,EQ,4693690,2790191,59.45
20,693,DLINKINDIA,EQ,172633,67940,39.36
20,694,DMART,EQ,437174,245827,56.23
20,695,DMCC,EQ,24317,13941,57.33
20,696,DODLA,EQ,18048,10830,60.01
20,697,DOLATALGO,EQ,827393,404589,48.90
20,698,DOLLAR,EQ,35617,22409,62.92
20,699,DOLLEX,SM,60000,60000,100.00
20,700,DOMS,EQ,85851,49788,57.99
20,701,DPABHUSHAN,EQ,102194,24650,24.12
20,702,DPEL,SM,171000,123000,71.93
20,703,DPSCLTD,EQ,1500084,713768,47.58
20,704,DPWIRES,EQ,12212,6001,49.14
20,705,DREAMFOLKS,EQ,139930,70657,50.49
20,706,DRONE,ST,59000,50000,84.75
20,707,DRREDDY,EQ,365494,214764,58.76
20,708,DRSDILIP,SM,35200,34400,97.73
20,709,DSSL,EQ,21186,9843,46.46
20,710,DTIL,EQ,20334,10261,50.46
20,711,DTL,SM,49200,43200,87.80
20,712,DUCOL,ST,16800,15200,90.48
20,713,DUGLOBAL,SM,317500,310000,97.64
20,714,DURLAX,SM,36000,32000,88.89
20,715,DVL,EQ,43154,21415,49.62
20,716,DWARKESH,EQ,3494959,998273,28.56
20,717,DYCL,EQ,25055,12765,50.95
20,718,DYNAMATECH,EQ,23597,7648,32.41
20,719,DYNAMIC,SM,68000,57000,83.82
20,720,EASEMYTRIP,EQ,71890004,19176833,26.68
20,721,EBANKNIFTY,EQ,79901,62896,78.72
20,722,EBBETF0425,EQ,4009,3216,80.22
20,723,EBBETF0430,EQ,10547,9040,85.71
20,724,EBBETF0431,EQ,4722,4563,96.63
20,725,EBBETF0433,EQ,5757,3520,61.14
20,726,ECLERX,EQ,138102,59370,42.99
20,727,ECOSMOBLTY,EQ,988302,334185,33.81
20,728,EDELWEISS,EQ,6872099,3308130,48.14
20,729,EFACTOR,SM,43200,34400,79.63
20,730,EFFWA,SM,72000,56000,77.78
20,731,EFORCE,SM,10800,7200,66.67
20,732,EGOLD,EQ,107985,107308,99.37
20,733,EICHERMOT,EQ,516973,294003,56.87
20,734,EIDPARRY,EQ,362163,140522,38.80
20,735,EIHAHOTELS,EQ,29556,11412,38.61
20,736,EIHOTEL,EQ,339082,163579,48.24
20,737,EKC,EQ,684922,232301,33.92
20,738,ELDEHSG,EQ,1185,617,52.07
20,739,ELECON,EQ,415088,171820,41.39
20,740,ELECTCAST,EQ,896936,546284,60.91
20,741,ELGIEQUIP,EQ,297228,166075,55.87
20,742,ELIN,EQ,256292,92647,36.15
20,743,EMAMILTD,EQ,903366,620707,68.71
20,744,EMAMIPAP,EQ,215214,148527,69.01
20,745,EMBASSY,RR,806794,678015,84.04
20,746,EMBDL,EQ,4097468,1222501,29.84
20,747,EMCURE,EQ,109932,73852,67.18
20,748,EMIL,EQ,442705,251145,56.73
20,749,EMKAYTOOLS,SM,1800,1500,83.33
20,750,EMMBI,EQ,72589,42412,58.43
20,751,EMMIL,SM,38000,31000,81.58
20,752,EMSLIMITED,EQ,185455,102980,55.53
20,753,EMUDHRA,EQ,124002,52340,42.21
20,754,ENDURANCE,EQ,330940,257579,77.83
20,755,ENFUSE,ST,12000,12000,100.00
20,756,ENGINERSIN,EQ,2349717,700824,29.83
20,757,ENIL,EQ,146175,51813,35.45
20,758,ENSER,SM,2000,2000,100.00
20,759,ENTERO,EQ,62001,26410,42.60
20,760,ENVIRO,ST,310000,298000,96.13
20,761,EPACK,EQ,1478692,608103,41.12
20,762,EPIGRAL,EQ,133151,35419,26.60
20,763,EPL,EQ,2074967,843272,40.64
20,764,EQUAL50ADD,EQ,69773,65052,93.23
20,765,EQUITASBNK,EQ,5991232,3615139,60.34
20,766,ERIS,EQ,624473,119864,19.19
20,767,EROSMEDIA,EQ,6718793,2378750,35.40
20,768,ESABINDIA,EQ,3193,1563,48.95
20,769,ESAFSFB,EQ,1366624,1020776,74.69
20,770,ESCONET,ST,86400,81600,94.44
20,771,ESCORTS,EQ,208230,79586,38.22
20,772,ESFL,SM,1092000,696600,63.79
20,773,ESG,EQ,83759,79497,94.91
20,774,ESILVER,EQ,87936,86325,98.17
20,775,ESPRIT,SM,14400,11200,77.78
20,776,ESSENTIA,EQ,4068325,2855760,70.19
20,777,ESTER,EQ,196735,81792,41.57
20,778,ETHOSLTD,EQ,123210,99032,80.38
20,779,EUREKAFORB,EQ,250031,118271,47.30
20,780,EUROBOND,SM,1000,1000,100.00
20,781,EUROTEXIND,EQ,10337,10131,98.01
20,782,EVEREADY,EQ,255495,108145,42.33
20,783,EVERESTIND,EQ,21981,11998,54.58
20,784,EVINDIA,EQ,898547,733781,81.66
20,785,EXCEL,EQ,11483552,3947922,34.38
20,786,EXCELINDUS,EQ,16541,9935,60.06
20,787,EXCELLENT,ST,30400,28800,94.74
20,788,EXIDEIND,EQ,5320402,1432469,26.92
20,789,EXPLEOSOL,EQ,8708,5867,67.37
20,790,EXXARO,EQ,174356,103291,59.24
20,791,FACT,EQ,191102,49665,25.99
20,792,FAIRCHEMOR,EQ,15809,12715,80.43
20,793,FALCONTECH,SM,21600,20400,94.44
20,794,FAZE3Q,EQ,28400,15681,55.21
20,795,FCL,EQ,356055,160083,44.96
20,796,FCSSOFT,EQ,11872543,5358842,45.14
20,797,FDC,EQ,259177,109581,42.28
20,798,FEDERALBNK,EQ,12907403,5316917,41.19
20,799,FEDFINA,EQ,404902,249637,61.65
20,800,FELIX,SM,389000,178500,45.89
20,801,FIDEL,SM,8000,7000,87.50
20,802,FIEMIND,EQ,181068,72422,40.00
20,803,FILATEX,EQ,805245,342338,42.51
20,804,FINCABLES,EQ,242644,145107,59.80
20,805,FINEORG,EQ,17441,7231,41.46
20,806,FINIETF,EQ,279488,187977,67.26
20,807,FINOPB,EQ,89939,35821,39.83
20,808,FINPIPE,EQ,842613,454796,53.97
20,809,FIRSTCRY,EQ,644641,379684,58.90
20,810,FIVESTAR,EQ,1341809,838422,62.48
20,811,FLAIR,EQ,79764,49459,62.01
20,812,FLUOROCHEM,EQ,72018,33253,46.17
20,813,FMCGIETF,EQ,409610,237486,57.98
20,814,FMGOETZE,EQ,75856,44051,58.07
20,815,FOCE,SM,4200,2600,61.90
20,816,FONEBOX,SM,5000,4000,80.00
20,817,FOODSIN,EQ,164372,105828,64.38
20,818,FORCAS,SM,88000,80000,90.91
20,819,FORCEMOT,EQ,31449,11262,35.81
20,820,FORTIS,EQ,1512592,651814,43.09
20,821,FOSECOIND,EQ,692,433,62.57
20,822,FROG,SM,52400,34800,66.41
20,823,FSL,EQ,3810638,1649347,43.28
20,824,FUSION,EQ,277002,143506,51.81
20,825,GABRIEL,EQ,176935,79399,44.87
20,826,GAEL,EQ,875655,346671,39.59
20,827,GAIL,EQ,29251437,12743196,43.56
20,828,GAJANAND,SM,516000,348000,67.44
20,829,GALAPREC,EQ,147684,66950,45.33
20,830,GALAXYSURF,EQ,13391,5897,44.04
20,831,GANDHAR,EQ,341385,191249,56.02
20,832,GANDHITUBE,EQ,30613,11596,37.88
20,833,GANECOS,EQ,62345,24911,39.96
20,834,GANESHBE,EQ,404233,320041,79.17
20,835,GANESHHOUC,EQ,104244,60812,58.34
20,836,GANGAFORGE,EQ,423545,264044,62.34
20,837,GANGESSECU,EQ,19365,15652,80.83
20,838,GARFIBRES,EQ,22530,10610,47.09
20,839,GATECH,EQ,35297747,24944115,70.67
20,840,GATEWAY,EQ,571705,339899,59.45
20,841,GEECEE,EQ,32734,14973,45.74
20,842,GENESYS,EQ,424522,289076,68.09
20,843,GENSOL,EQ,155233,73139,47.12
20,844,GENUSPAPER,EQ,1286391,537936,41.82
20,845,GENUSPOWER,EQ,1067084,615019,57.64
20,846,GEOJITFSL,EQ,513210,198984,38.77
20,847,GESHIP,EQ,574157,310512,54.08
20,848,GFLLIMITED,EQ,248276,159866,64.39
20,849,GGBL,SM,37200,27600,74.19
20,850,GHCL,EQ,398467,158501,39.78
20,851,GHCLTEXTIL,EQ,295734,152603,51.60
20,852,GICHSGFIN,EQ,162597,80276,49.37
20,853,GICL,SM,30000,21000,70.00
20,854,GICRE,EQ,1118749,650377,58.13
20,855,GILLANDERS,EQ,4256,3772,88.63
20,856,GILLETTE,EQ,25931,13300,51.29
20,857,GILT5YBEES,EQ,220702,157657,71.43
20,858,GINNIFILA,EQ,89858,57218,63.68
20,859,GIPCL,EQ,171221,94122,54.97
20,860,GIRIRAJ,SM,750,500,66.67
20,861,GKWLIMITED,EQ,2235,444,19.87
20,862,GLAND,EQ,207811,126330,60.79
20,863,GLAXO,EQ,113823,55458,48.72
20,864,GLENMARK,EQ,772181,463462,60.02
20,865,GLOBAL,EQ,37531,21101,56.22
20,866,GLOBALPET,SM,22500,15000,66.67
20,867,GLOBUSSPR,EQ,148228,62730,42.32
20,868,GLOSTERLTD,EQ,2821,1790,63.45
20,869,GLS,EQ,319431,142503,44.61
20,870,GMBREW,EQ,95087,32226,33.89
20,871,GMDCLTD,EQ,2473554,732676,29.62
20,872,GMMPFAUDLR,EQ,53662,27908,52.01
20,873,GMRINFRA,EQ,27171343,15478526,56.97
20,874,GMRP&UI,EQ,3429575,1423464,41.51
20,875,GNA,EQ,87375,47839,54.75
20,876,GNFC,EQ,469379,212054,45.18
20,877,GOACARBON,EQ,346600,88473,25.53
20,878,GOCLCORP,EQ,32499,15731,48.40
20,879,GOCOLORS,EQ,411138,350047,85.14
20,880,GODFRYPHLP,EQ,55747,17091,30.66
20,881,GODIGIT,EQ,931783,459822,49.35
20,882,GODREJAGRO,EQ,153084,72983,47.68
20,883,GODREJCP,EQ,1190628,794896,66.76
20,884,GODREJIND,EQ,97736,48742,49.87
20,885,GODREJPROP,EQ,765757,383129,50.03
20,886,GOKEX,EQ,147793,66498,44.99
20,887,GOKUL,EQ,128052,57362,44.80
20,888,GOKULAGRO,EQ,269969,127972,47.40
20,889,GOLD1,EQ,503898,433505,86.03
20,890,GOLDBEES,EQ,9664621,7603783,78.68
20,891,GOLDCASE,EQ,750245,678687,90.46
20,892,GOLDETF,EQ,203729,159240,78.16
20,893,GOLDETFADD,EQ,348364,330125,94.76
20,894,GOLDIAM,EQ,760618,410903,54.02
20,895,GOLDIETF,EQ,4632260,4475597,96.62
20,896,GOLDSHARE,EQ,156147,139088,89.08
20,897,GOLDSTAR,SM,78750,67500,85.71
20,898,GOODLUCK,EQ,72954,39631,54.32
20,899,GOPAL,EQ,705659,316415,44.84
20,900,GOYALALUM,EQ,1287094,832801,64.70
20,901,GOYALSALT,SM,41400,33000,79.71
20,902,GPECO,SM,302400,84000,27.78
20,903,GPIL,EQ,1804677,559773,31.02
20,904,GPPL,EQ,1375834,556887,40.48
20,905,GPTHEALTH,EQ,175359,79820,45.52
20,906,GRANULES,EQ,4010208,1778792,44.36
20,907,GRAPHISAD,SM,74400,50400,67.74
20,908,GRAPHITE,EQ,1013505,221205,21.83
20,909,GRASIM,EQ,890000,488705,54.91
20,910,GRASIMPP1,E1,78115,51701,66.19
20,911,GRAVITA,EQ,382174,200524,52.47
20,912,GRCL,SM,500,500,100.00
20,913,GREAVESCOT,EQ,1652480,621903,37.63
20,914,GREENCHEF,SM,17600,14400,81.82
20,915,GREENLAM,EQ,24036,11367,47.29
20,916,GREENPANEL,EQ,268521,125345,46.68
20,917,GREENPLY,EQ,176994,71374,40.33
20,918,GREENPOWER,EQ,22105291,8110498,36.69
20,919,GRINDWELL,EQ,30928,17022,55.04
20,920,GRINFRA,EQ,34256,15407,44.98
20,921,GRMOVER,EQ,426713,101965,23.90
20,922,GROBTEA,EQ,300,128,42.67
20,923,GROWWEV,EQ,2048175,1745004,85.20
20,924,GROWWLIQID,EQ,230263,207736,90.22
20,925,GRSE,EQ,736079,176285,23.95
20,926,GRWRHITECH,EQ,303755,83020,27.33
20,927,GSEC10ABSL,EQ,13,9,69.23
20,928,GSEC10IETF,EQ,5617,2960,52.70
20,929,GSEC10YEAR,EQ,6906,5132,74.31
20,930,GSEC5IETF,EQ,3763,3239,86.07
20,931,GSFC,EQ,1063737,393993,37.04
20,932,GSLSU,EQ,306659,107694,35.12
20,933,GSMFOILS,ST,20000,16000,80.00
20,934,GSPL,EQ,3180567,1135771,35.71
20,935,GSS,EQ,211121,78513,37.19
20,936,GSTL,ST,15000,14000,93.33
20,937,GTL,EQ,771767,438449,56.81
20,938,GTLINFRA,EQ,187982264,68240819,36.30
20,939,GTPL,EQ,49666,33460,67.37
20,940,GUFICBIO,EQ,60839,30567,50.24
20,941,GUJALKALI,EQ,90500,39014,43.11
20,942,GUJGASLTD,EQ,1572438,728322,46.32
20,943,GUJRAFFIA,EQ,1782,1497,84.01
20,944,GULFOILLUB,EQ,153802,70920,46.11
20,945,GULFPETRO,EQ,295657,144494,48.87
20,946,GULPOLY,EQ,221196,72873,32.94
20,947,GVPTECH,EQ,60942,46157,75.74
20,948,HAL,EQ,1327395,610951,46.03
20,949,HAPPSTMNDS,EQ,685396,358143,52.25
20,950,HAPPYFORGE,EQ,16614,7398,44.53
20,951,HARDWYN,EQ,560496,263611,47.03
20,952,HARIOMPIPE,EQ,52056,21364,41.04
20,953,HARSHA,EQ,80980,33731,41.65
20,954,HATHWAY,EQ,2569876,1119636,43.57
20,955,HATSUN,EQ,20027,10293,51.40
20,956,HAVELLS,EQ,749912,446897,59.59
20,957,HAVISHA,EQ,47666,32077,67.30
20,958,HBLPOWER,EQ,786138,357423,45.47
20,959,HCC,EQ,11412936,4906542,42.99
20,960,HCG,EQ,116670,67027,57.45
20,961,HCL-INSYS,EQ,4368819,2207372,50.53
20,962,HCLTECH,EQ,2117894,1308140,61.77
20,963,HDFCAMC,EQ,398612,211077,52.95
20,964,HDFCBANK,EQ,13191767,9541132,72.33
20,965,HDFCBSE500,EQ,22453,12977,57.80
20,966,HDFCGOLD,EQ,2584266,2162028,83.66
20,967,HDFCGROWTH,EQ,24046,14414,59.94
20,968,HDFCLIFE,EQ,2488795,1603434,64.43
20,969,HDFCLIQUID,EQ,5399,3567,66.07
20,970,HDFCLOWVOL,EQ,42969,38043,88.54
20,971,HDFCMID150,EQ,346775,242866,70.04
20,972,HDFCMOMENT,EQ,553017,373150,67.48
20,973,HDFCNEXT50,EQ,95410,60994,63.93
20,974,HDFCNIF100,EQ,105303,80342,76.30
20,975,HDFCNIFBAN,EQ,97221,89033,91.58
20,976,HDFCNIFIT,EQ,99448,83915,84.38
20,977,HDFCNIFTY,EQ,134407,113513,84.45
20,978,HDFCPSUBK,EQ,31898,18033,56.53
20,979,HDFCPVTBAN,EQ,162857,153349,94.16
20,980,HDFCQUAL,EQ,37221,23773,63.87
20,981,HDFCSENSEX,EQ,70537,61199,86.76
20,982,HDFCSILVER,EQ,630947,448384,71.07
20,983,HDFCSML250,EQ,602724,461202,76.52
20,984,HDFCVALUE,EQ,15267,10284,67.36
20,985,HEADSUP,EQ,37099,26724,72.03
20,986,HEALTHADD,EQ,1630,1140,69.94
20,987,HEALTHIETF,EQ,86491,29220,33.78
20,988,HEALTHY,EQ,449981,296284,65.84
20,989,HECPROJECT,EQ,3949,2247,56.90
20,990,HEG,EQ,428254,86433,20.18
20,991,HEIDELBERG,EQ,124624,56716,45.51
20,992,HEMIPROP,EQ,808889,379995,46.98
20,993,HERANBA,EQ,62334,27683,44.41
20,994,HERCULES,EQ,32905,16049,48.77
20,995,HERITGFOOD,EQ,943923,643170,68.14
20,996,HEROMOTOCO,EQ,1346723,585127,43.45
20,997,HESTERBIO,EQ,3166,1641,51.83
20,998,HEUBACHIND,EQ,257964,121865,47.24
20,999,HFCL,EQ,17486935,5761583,32.95
20,1000,HGINFRA,EQ,57682,27523,47.72
20,1001,HGS,EQ,36506,19128,52.40
20,1002,HIGREEN,SM,23200,17600,75.86
20,1003,HIKAL,EQ,187158,65885,35.20
20,1004,HIL,EQ,44043,24716,56.12
20,1005,HILTON,EQ,198778,80070,40.28
20,1006,HIMATSEIDE,EQ,893321,433536,48.53
20,1007,HINDALCO,EQ,8566640,3919019,45.75
20,1008,HINDCOMPOS,EQ,5951,2957,49.69
20,1009,HINDCON,EQ,86566,33230,38.39
20,1010,HINDCOPPER,EQ,10972122,3332311,30.37
20,1011,HINDOILEXP,EQ,1614182,1099048,68.09
20,1012,HINDPETRO,EQ,7949959,3364099,42.32
20,1013,HINDUNILVR,EQ,1627702,1169183,71.83
20,1014,HINDWAREAP,EQ,74981,44429,59.25
20,1015,HINDZINC,EQ,3995531,2075666,51.95
20,1016,HIRECT,EQ,56701,27168,47.91
20,1017,HISARMETAL,EQ,13935,4441,31.87
20,1018,HITECH,EQ,1397256,577740,41.35
20,1019,HITECHCORP,EQ,23725,14804,62.40
20,1020,HLEGLAS,EQ,51972,22805,43.88
20,1021,HLVLTD,EQ,3791471,1781763,46.99
20,1022,HMAAGRO,EQ,205876,109200,53.04
20,1023,HMVL,EQ,85999,47054,54.71
20,1024,HNDFDS,EQ,188412,97779,51.90
20,1025,HNGSNGBEES,EQ,1150088,778125,67.66
20,1026,HOLMARC,SM,10500,7500,71.43
20,1027,HOMEFIRST,EQ,458316,205192,44.77
20,1028,HONASA,EQ,1845235,1218577,66.04
20,1029,HONAUT,EQ,4665,2028,43.47
20,1030,HONDAPOWER,EQ,7798,3122,40.04
20,1031,HPAL,EQ,287996,157843,54.81
20,1032,HPIL,EQ,1502,1238,82.42
20,1033,HPL,EQ,96978,44441,45.83
20,1034,HRHNEXT,ST,108000,108000,100.00
20,1035,HSCL,EQ,3825963,2081942,54.42
20,1036,HTMEDIA,EQ,268410,134474,50.10
20,1037,HUDCO,EQ,6274873,1900613,30.29
20,1038,HUHTAMAKI,EQ,69812,26459,37.90
20,1039,IBLFL,SM,28000,22000,78.57
20,1040,ICEMAKE,EQ,25684,14212,55.33
20,1041,ICICIB22,EQ,558667,331102,59.27
20,1042,ICICIBANK,EQ,12622212,8513213,67.45
20,1043,ICICIGI,EQ,1521922,1292905,84.95
20,1044,ICICIPRULI,EQ,801207,444323,55.46
20,1045,ICIL,EQ,169424,72335,42.69
20,1046,ICRA,EQ,5380,2711,50.39
20,1047,IDBI,EQ,4668080,2432070,52.10
20,1048,IDEA,EQ,469780209,207409190,44.15
20,1049,IDEAFORGE,EQ,95865,49354,51.48
20,1050,IDEALTECHO,SM,12000,10000,83.33
20,1051,IDFC,EQ,17485633,7553213,43.20
20,1052,IDFCFIRSTB,EQ,54887845,21050649,38.35
20,1053,IDFNIFTYET,EQ,1991,1496,75.14
20,1054,IEML,SM,26000,22000,84.62
20,1055,IEX,EQ,21703577,6755010,31.12
20,1056,IFBIND,EQ,25531,10374,40.63
20,1057,IFCI,EQ,7055253,2698231,38.24
20,1058,IFGLEXPOR,EQ,4493,2562,57.02
20,1059,IGARASHI,EQ,47327,19448,41.09
20,1060,IGL,EQ,1613001,802484,49.75
20,1061,IGPL,EQ,73348,35729,48.71
20,1062,IIFL,EQ,3314720,1731107,52.22
20,1063,IIFLSEC,EQ,1730696,703315,40.64
20,1064,IIFLZC25,ND,10,10,100.00
20,1065,IIFLZC28,NG,200,200,100.00
20,1066,IIFLZC28A,NU,100,100,100.00
20,1067,IIFLZC28C,N6,119,91,76.47
20,1068,IKIO,EQ,98719,51378,52.04
20,1069,IMAGICAA,EQ,1154538,489264,42.38
20,1070,IMC1,N0,103,103,100.00
20,1071,IMC1,N3,21,21,100.00
20,1072,IMFA,EQ,244416,115773,47.37
20,1073,IMPAL,EQ,8522,4047,47.49
20,1074,INDBANK,EQ,53602,25957,48.43
20,1075,INDGN,EQ,560320,250510,44.71
20,1076,INDHOTEL,EQ,4573293,2523574,55.18
20,1077,INDIACEM,EQ,1834081,792968,43.24
20,1078,INDIAGLYCO,EQ,82943,30836,37.18
20,1079,INDIAMART,EQ,109003,46382,42.55
20,1080,INDIANB,EQ,2533991,1648590,65.06
20,1081,INDIANCARD,EQ,9432,5287,56.05
20,1082,INDIANHUME,EQ,91358,35389,38.74
20,1083,INDIASHLTR,EQ,71324,35059,49.15
20,1084,INDIFRA,SM,26000,22000,84.62
20,1085,INDIGO,EQ,1477169,927847,62.81
20,1086,INDIGOPNTS,EQ,164253,102132,62.18
20,1087,INDIGRID,IV,1877458,1798270,95.78
20,1088,INDNIPPON,EQ,14826,10795,72.81
20,1089,INDOAMIN,EQ,1335295,363933,27.25
20,1090,INDOBORAX,EQ,153431,59798,38.97
20,1091,INDOCO,EQ,61452,30900,50.28
20,1092,INDORAMA,EQ,475064,218523,46.00
20,1093,INDOSTAR,EQ,258796,168116,64.96
20,1094,INDOTECH,EQ,24073,15941,66.22
20,1095,INDOUS,EQ,86663,16819,19.41
20,1096,INDRAMEDCO,EQ,155795,78863,50.62
20,1097,INDSWFTLTD,EQ,86828,55099,63.46
20,1098,INDTERRAIN,EQ,280422,141474,50.45
20,1099,INDUSINDBK,EQ,2888962,1701443,58.89
20,1100,INDUSTOWER,EQ,9678928,5544421,57.28
20,1101,INFIBEAM,EQ,4162352,2347993,56.41
20,1102,INFINIUM,SM,65500,43000,65.65
20,1103,INFOBEAN,EQ,11667,6158,52.78
20,1104,INFOLLION,ST,8000,8000,100.00
20,1105,INFRABEES,EQ,22617,11711,51.78
20,1106,INFRAIETF,EQ,132880,86830,65.34
20,1107,INFY,EQ,6986955,5119815,73.28
20,1108,INGERRAND,EQ,28426,24319,85.55
20,1109,INM,SM,3000,2400,80.00
20,1110,INNOMET,ST,60000,60000,100.00
20,1111,INNOVACAP,EQ,52535,27442,52.24
20,1112,INNOVANA,SM,1000,1000,100.00
20,1113,INOXGREEN,EQ,1719125,625911,36.41
20,1114,INOXINDIA,EQ,107444,57652,53.66
20,1115,INOXWIND,EQ,10316341,3330266,32.28
20,1116,INSECTICID,EQ,56988,25145,44.12
20,1117,INSPIRE,SM,8000,6000,75.00
20,1118,INTELLECT,EQ,243766,120682,49.51
20,1119,INTERARCH,EQ,438256,113322,25.86
20,1120,INTLCONV,EQ,848457,322846,38.05
20,1121,INVENTURE,EQ,5014135,2800845,55.86
20,1122,IOB,EQ,4966945,1685307,33.93
20,1123,IOC,EQ,33375167,12238103,36.67
20,1124,IOLCP,EQ,435911,118095,27.09
20,1125,IONEXCHANG,EQ,224929,114665,50.98
20,1126,IPCALAB,EQ,321482,157226,48.91
20,1127,IPHL,SM,210000,127200,60.57
20,1128,IPL,EQ,165916,97105,58.53
20,1129,IPSL,SM,2000,2000,100.00
20,1130,IRB,EQ,23096194,13211682,57.20
20,1131,IRBINVIT,IV,357923,309362,86.43
20,1132,IRCON,EQ,3927349,1348026,34.32
20,1133,IRCTC,EQ,1988164,982235,49.40
20,1134,IREDA,EQ,10957632,3930938,35.87
20,1135,IRFC,EQ,17775338,5755872,32.38
20,1136,IRISDOREME,EQ,119761,53672,44.82
20,1137,IRMENERGY,EQ,81751,42008,51.39
20,1138,ISEC,EQ,303403,147743,48.70
20,1139,ISGEC,EQ,59805,32293,54.00
20,1140,ISHAN,ST,1536000,1248000,81.25
20,1141,IT,EQ,116299,102555,88.18
20,1142,ITALIANE,SM,506000,368000,72.73
20,1143,ITBEES,EQ,4475717,2973616,66.44
20,1144,ITC,EQ,10531347,7291394,69.24
20,1145,ITDC,EQ,22699,10964,48.30
20,1146,ITDCEM,EQ,1111921,593521,53.38
20,1147,ITETF,EQ,659694,610101,92.48
20,1148,ITETFADD,EQ,99604,43435,43.61
20,1149,ITI,EQ,715629,326538,45.63
20,1150,ITIETF,EQ,515745,275981,53.51
20,1151,IVZINGOLD,EQ,177,146,82.49
20,1152,IVZINNIFTY,EQ,769,731,95.06
20,1153,IXIGO,EQ,1636388,615368,37.61
20,1154,JAGRAN,EQ,244312,97420,39.88
20,1155,JAGSNPHARM,EQ,30544,19730,64.60
20,1156,JAIBALAJI,EQ,135047,84314,62.43
20,1157,JAICORPLTD,EQ,633632,247036,38.99
20,1158,JAINAM,SM,20000,18000,90.00
20,1159,JAIPURKURT,EQ,161517,48712,30.16
20,1160,JALAN,ST,117000,105000,89.74
20,1161,JAMNAAUTO,EQ,3353829,1973505,58.84
20,1162,JASH,EQ,22754,12110,53.22
20,1163,JAYAGROGN,EQ,46627,25438,54.56
20,1164,JAYBARMARU,EQ,112811,67567,59.89
20,1165,JAYBEE,SM,181000,164000,90.61
20,1166,JAYNECOIND,EQ,388805,177875,45.75
20,1167,JAYSREETEA,EQ,113728,37280,32.78
20,1168,JBCHEPHARM,EQ,229244,121119,52.83
20,1169,JBMA,EQ,94297,54379,57.67
20,1170,JCHAC,EQ,180396,50816,28.17
20,1171,JEYYAM,SM,352000,270000,76.70
20,1172,JFLLIFE,ST,66000,66000,100.00
20,1173,JGCHEM,EQ,131158,50104,38.20
20,1174,JINDALPHOT,EQ,6811,4662,68.45
20,1175,JINDALPOLY,EQ,62238,23535,37.81
20,1176,JINDALSAW,EQ,627127,303308,48.36
20,1177,JINDALSTEL,EQ,3037535,1203139,39.61
20,1178,JINDRILL,EQ,28343,18574,65.53
20,1179,JINDWORLD,EQ,378465,264566,69.91
20,1180,JIOFIN,EQ,26763318,15726743,58.76
20,1181,JISLDVREQS,EQ,46341,36982,79.80
20,1182,JISLJALEQS,EQ,1914192,828226,43.27
20,1183,JITFINFRA,EQ,54736,31073,56.77
20,1184,JIWANRAM,SM,78000,66000,84.62
20,1185,J&KBANK,EQ,1615442,593761,36.76
20,1186,JKCEMENT,EQ,69192,34623,50.04
20,1187,JKIL,EQ,485872,222672,45.83
20,1188,JKLAKSHMI,EQ,790554,703324,88.97
20,1189,JKPAPER,EQ,240534,116615,48.48
20,1190,JKTYRE,EQ,731672,265383,36.27
20,1191,JLHL,EQ,42217,21113,50.01
20,1192,JMA,EQ,14842,4881,32.89
20,1193,JMFINANCIL,EQ,69383846,14110999,20.34
20,1194,JOCIL,EQ,26473,18334,69.26
20,1195,JPOLYINVST,EQ,9699,6400,65.99
20,1196,JPPOWER,EQ,72752766,37871597,52.06
20,1197,JSFB,EQ,585662,431079,73.61
20,1198,JSL,EQ,731782,365371,49.93
20,1199,JSLL,SM,6480,5400,83.33
20,1200,JSWENERGY,EQ,2831175,1529341,54.02
20,1201,JSWHL,EQ,20638,5413,26.23
20,1202,JSWINFRA,EQ,1866948,829070,44.41
20,1203,JSWSTEEL,EQ,4250590,1366112,32.14
20,1204,JTEKTINDIA,EQ,235021,109120,46.43
20,1205,JTLIND,EQ,1888719,973993,51.57
20,1206,JUBLFOOD,EQ,1287778,634344,49.26
20,1207,JUBLINDS,EQ,3224,2075,64.36
20,1208,JUBLINGREA,EQ,890885,278539,31.27
20,1209,JUBLPHARMA,EQ,307897,172481,56.02
20,1210,JUNIORBEES,EQ,248333,152826,61.54
20,1211,JUNIPER,EQ,388584,344446,88.64
20,1212,JUSTDIAL,EQ,194131,71174,36.66
20,1213,JWL,EQ,593653,324401,54.64
20,1214,JYOTHYLAB,EQ,685266,253109,36.94
20,1215,JYOTICNC,EQ,158990,116766,73.44
20,1216,JYOTISTRUC,EQ,6114221,3586323,58.66
20,1217,K2INFRA,ST,39600,36000,90.91
20,1218,KABRAEXTRU,EQ,71279,33622,47.17
20,1219,KAJARIACER,EQ,209517,142528,68.03
20,1220,KAKATCEM,EQ,7937,5464,68.84
20,1221,KALAMANDIR,EQ,261557,121967,46.63
20,1222,KALANA,ST,686000,672000,97.96
20,1223,KALYANKJIL,EQ,11688363,3996624,34.19
20,1224,KAMATHOTEL,EQ,15970,10345,64.78
20,1225,KAMDHENU,EQ,418730,154065,36.79
20,1226,KAMOPAINTS,EQ,1138525,1138525,100.00
20,1227,KANANIIND,EQ,448502,290737,64.82
20,1228,KANDARP,SM,52000,12000,23.08
20,1229,KANORICHEM,EQ,67747,32497,47.97
20,1230,KANPRPLA,EQ,5093,2627,51.58
20,1231,KANSAINER,EQ,464505,219538,47.26
20,1232,KAPSTON,EQ,3805,2843,74.72
20,1233,KARNIKA,SM,3200,3200,100.00
20,1234,KARURVYSYA,EQ,1419811,920712,64.85
20,1235,KATARIA,SM,31200,22800,73.08
20,1236,KAYNES,EQ,246607,95205,38.61
20,1237,KCEIL,ST,24500,22500,91.84
20,1238,KCK,SM,2000,2000,100.00
20,1239,KCP,EQ,596120,310791,52.14
20,1240,KDDL,EQ,11013,5706,51.81
20,1241,KDL,ST,4300,4300,100.00
20,1242,KEC,EQ,2263353,443076,19.58
20,1243,KECL,EQ,131307,67262,51.22
20,1244,KEI,EQ,332491,185986,55.94
20,1245,KEL,SM,10800,9600,88.89
20,1246,KELLTONTEC,EQ,764540,298602,39.06
20,1247,KERNEX,EQ,106216,63872,60.13
20,1248,KESORAMIND,EQ,465745,217460,46.69
20,1249,KEYFINSERV,EQ,6645,3835,57.71
20,1250,KFINTECH,EQ,361786,196975,54.45
20,1251,KHADIM,EQ,48664,17606,36.18
20,1252,KHAICHEM,EQ,344096,131680,38.27
20,1253,KHANDSE,EQ,5881,869,14.78
20,1254,KHFM,SM,6200,6200,100.00
20,1255,KILITCH,EQ,16878,14386,85.24
20,1256,KIMS,EQ,241747,138913,57.46
20,1257,KINGFA,EQ,8504,4305,50.62
20,1258,KIOCL,EQ,164605,34059,20.69
20,1259,KIRIINDUS,EQ,268867,133564,49.68
20,1260,KIRLOSBROS,EQ,551102,121344,22.02
20,1261,KIRLOSENG,EQ,176195,101556,57.64
20,1262,KIRLOSIND,EQ,4851,2445,50.40
20,1263,KIRLPNU,EQ,60951,24684,40.50
20,1264,KITEX,EQ,203433,201372,98.99
20,1265,KKCL,EQ,55681,42166,75.73
20,1266,KKVAPOW,SM,156,156,100.00
20,1267,KLL,SM,14400,14400,100.00
20,1268,KMSUGAR,EQ,376266,177647,47.21
20,1269,KNAGRI,ST,43200,42400,98.15
20,1270,KNRCON,EQ,852989,359692,42.17
20,1271,KODYTECH,SM,1500,1200,80.00
20,1272,KOHINOOR,EQ,4143183,1174093,28.34
20,1273,KOKUYOCMLN,EQ,319036,97738,30.64
20,1274,KOLTEPATIL,EQ,120739,55403,45.89
20,1275,KONSTELEC,SM,10000,9000,90.00
20,1276,KONTOR,SM,4800,4800,100.00
20,1277,KOPRAN,EQ,386391,120155,31.10
20,1278,KORE,ST,17000,17000,100.00
20,1279,KOTAKBANK,EQ,3246840,2217154,68.29
20,1280,KOTARISUG,EQ,465937,168953,36.26
20,1281,KOTHARIPET,EQ,134548,40473,30.08
20,1282,KOTYARK,SM,21500,16700,77.67
20,1283,KPIL,EQ,392677,234518,59.72
20,1284,KPITTECH,EQ,990112,669312,67.60
20,1285,KPRMILL,EQ,297603,129624,43.56
20,1286,KRBL,EQ,2019989,538653,26.67
20,1287,KRIDHANINF,EQ,165941,124158,74.82
20,1288,KRISHANA,EQ,18232,13751,75.42
20,1289,KRISHCA,ST,54500,53000,97.25
20,1290,KRISHIVAL,SM,1500,1500,100.00
20,1291,KRISHNADEF,ST,13500,13000,96.30
20,1292,KRITI,EQ,192774,93075,48.28
20,1293,KRITIKA,EQ,531119,531119,100.00
20,1294,KRONOX,EQ,388261,151698,39.07
20,1295,KROSS,EQ,1356227,492635,36.32
20,1296,KRSNAA,EQ,71137,30765,43.25
20,1297,KRYSTAL,EQ,64017,33290,52.00
20,1298,KSB,EQ,260251,192030,73.79
20,1299,KSCL,EQ,323256,154243,47.72
20,1300,KSL,EQ,44176,18908,42.80
20,1301,KSOLVES,EQ,14600,8939,61.23
20,1302,KTKBANK,EQ,1839005,1129270,61.41
20,1303,KTL,SM,15000,12000,80.00
20,1304,KUANTUM,EQ,22611,12849,56.83
20,1305,LAGNAM,EQ,31920,10910,34.18
20,1306,LALPATHLAB,EQ,100909,52035,51.57
20,1307,LAMBODHARA,EQ,23629,12129,51.33
20,1308,LANCORHOL,EQ,88850,27423,30.86
20,1309,LANDMARK,EQ,163651,95790,58.53
20,1310,LAOPALA,EQ,100948,40926,40.54
20,1311,LATENTVIEW,EQ,320911,211496,65.90
20,1312,LATTEYS,EQ,271858,271858,100.00
20,1313,LAURUSLABS,EQ,928835,368868,39.71
20,1314,LAWSIKHO,SM,118500,68500,57.81
20,1315,LAXMICOT,EQ,82819,41683,50.33
20,1316,LAXMIMACH,EQ,25124,7510,29.89
20,1317,LEMERITE,SM,89600,36800,41.07
20,1318,LEMONTREE,EQ,1555819,862129,55.41
20,1319,LEXUS,EQ,45537,23379,51.34
20,1320,LFIC,EQ,720739,110518,15.33
20,1321,LGBBROSLTD,EQ,68354,38088,55.72
20,1322,LIBAS,EQ,185303,104688,56.50
20,1323,LICHSGFIN,EQ,1207831,418557,34.65
20,1324,LICI,EQ,1434359,868332,60.54
20,1325,LICMFGOLD,EQ,1408,1274,90.48
20,1326,LICNETFGSC,EQ,118157,91304,77.27
20,1327,LICNETFN50,EQ,2871,2457,85.58
20,1328,LICNETFSEN,EQ,121,116,95.87
20,1329,LICNFNHGP,EQ,4325,2278,52.67
20,1330,LICNMID100,EQ,9279,6330,68.22
20,1331,LIKHITHA,EQ,69191,39429,56.99
20,1332,LINC,EQ,71333,32960,46.21
20,1333,LINCOLN,EQ,37882,23398,61.77
20,1334,LINDEINDIA,EQ,33300,8235,24.73
20,1335,LIQUID,EQ,111075,69394,62.47
20,1336,LIQUID1,EQ,53604,31521,58.80
20,1337,LIQUIDADD,EQ,464290,262346,56.50
20,1338,LIQUIDBEES,EQ,5481566,4875906,88.95
20,1339,LIQUIDBETF,EQ,8296,4137,49.87
20,1340,LIQUIDCASE,EQ,4206556,3261932,77.54
20,1341,LIQUIDETF,EQ,156496,135163,86.37
20,1342,LIQUIDIETF,EQ,1002914,553701,55.21
20,1343,LIQUIDSBI,EQ,7833,6253,79.83
20,1344,LIQUIDSHRI,EQ,11584,10577,91.31
20,1345,LLOYDS,SM,14000,8000,57.14
20,1346,LLOYDSENGG,EQ,6845010,2148474,31.39
20,1347,LLOYDSME,EQ,584746,264883,45.30
20,1348,LODHA,EQ,1979310,1158744,58.54
20,1349,LOKESHMACH,EQ,71883,53233,74.06
20,1350,LORDSCHLO,EQ,20933,16791,80.21
20,1351,LOTUSEYE,EQ,1441792,476693,33.06
20,1352,LOWVOL,EQ,17964,14812,82.45
20,1353,LOWVOL1,EQ,308857,262619,85.03
20,1354,LOWVOLIETF,EQ,4472891,4119195,92.09
20,1355,LOYALTEX,EQ,2360,1221,51.74
20,1356,LRRPL,ST,6000,6000,100.00
20,1357,LT,EQ,1837697,1326527,72.18
20,1358,LTF,EQ,4833939,2196339,45.44
20,1359,LTFOODS,EQ,1228681,366031,29.79
20,1360,LTGILTBEES,EQ,3175918,3099730,97.60
20,1361,LTIM,EQ,685928,254717,37.13
20,1362,LTTS,EQ,98852,28386,28.72
20,1363,LUMAXIND,EQ,10098,5943,58.85
20,1364,LUMAXTECH,EQ,145110,81728,56.32
20,1365,LUPIN,EQ,1594529,951611,59.68
20,1366,LUXIND,EQ,65746,24225,36.85
20,1367,LXCHEM,EQ,1223044,465130,38.03
20,1368,LYKALABS,EQ,73968,35111,47.47
20,1369,MAANALU,EQ,3826698,1403411,36.67
20,1370,MACOBSTECH,SM,20800,4800,23.08
20,1371,MADHAV,EQ,8726,5786,66.31
20,1372,MADHAVBAUG,SM,6000,4400,73.33
20,1373,MADHUSUDAN,SM,32000,27000,84.38
20,1374,MADRASFERT,EQ,173254,81619,47.11
20,1375,MAFANG,EQ,600805,457110,76.08
20,1376,MAGADSUGAR,EQ,112211,43989,39.20
20,1377,MAGNUM,EQ,66970,33303,49.73
20,1378,MAGSON,SM,6000,6000,100.00
20,1379,MAHABANK,EQ,10841817,3550997,32.75
20,1380,MAHEPC,EQ,36699,25959,70.73
20,1381,MAHESHWARI,EQ,26797,14257,53.20
20,1382,MAHKTECH,EQ,2785487,2556408,91.78
20,1383,MAHLIFE,EQ,372361,229748,61.70
20,1384,MAHLOG,EQ,185339,75960,40.98
20,1385,MAHSCOOTER,EQ,9208,4101,44.54
20,1386,MAHSEAMLES,EQ,111017,50111,45.14
20,1387,MAITHANALL,EQ,39952,18726,46.87
20,1388,MAITREYA,ST,25600,21600,84.38
20,1389,MAKEINDIA,EQ,84617,73002,86.27
20,1390,MAKS,ST,7500,6000,80.00
20,1391,MAL,SM,56000,6400,11.43
20,1392,MALUPAPER,EQ,22337,13125,58.76
20,1393,MANAKSIA,EQ,485786,240123,49.43
20,1394,MANAKSTEEL,EQ,282934,154521,54.61
20,1395,MANALIPETC,EQ,508486,213500,41.99
20,1396,MANAPPURAM,EQ,2852007,1136535,39.85
20,1397,MANCREDIT,EQ,39678,12442,31.36
20,1398,MANDEEP,ST,12000,12000,100.00
20,1399,MANGALAM,EQ,61181,38805,63.43
20,1400,MANGCHEFER,EQ,259998,156698,60.27
20,1401,MANGLMCEM,EQ,51564,22668,43.96
20,1402,MANINDS,EQ,673060,281276,41.79
20,1403,MANINFRA,EQ,1330374,611463,45.96
20,1404,MANKIND,EQ,610331,382916,62.74
20,1405,MANORAMA,EQ,42027,27222,64.77
20,1406,MANUGRAPH,EQ,83207,58198,69.94
20,1407,MANYAVAR,EQ,198791,113648,57.17
20,1408,MAPMYINDIA,EQ,123962,50551,40.78
20,1409,MARALOVER,EQ,19968,15978,80.02
20,1410,MARATHON,EQ,61610,30828,50.04
20,1411,MARCO,SM,57000,33000,57.89
20,1412,MARICO,EQ,2531313,1455415,57.50
20,1413,MARKSANS,EQ,3034131,942416,31.06
20,1414,MARSHALL,EQ,155769,20310,13.04
20,1415,MARUTI,EQ,415743,210713,50.68
20,1416,MASFIN,EQ,144154,61764,42.85
20,1417,MASON,SM,24000,18000,75.00
20,1418,MASPTOP50,EQ,122099,88744,72.68
20,1419,MASTEK,EQ,139804,76799,54.93
20,1420,MATRIMONY,EQ,74082,46550,62.84
20,1421,MAWANASUG,EQ,351179,115846,32.99
20,1422,MAXESTATES,EQ,369616,143393,38.80
20,1423,MAXHEALTH,EQ,2911879,2024799,69.54
20,1424,MAXIND,EQ,77678,34291,44.15
20,1425,MAXPOSURE,SM,78000,52000,66.67
20,1426,MAYURUNIQ,EQ,41220,25965,62.99
20,1427,MAZDA,EQ,4919,2300,46.76
20,1428,MAZDOCK,EQ,1008497,137384,13.62
20,1429,MBAPL,EQ,3418,2225,65.10
20,1430,MCL,EQ,60121,29900,49.73
20,1431,MCLEODRUSS,EQ,3511484,2292236,65.28
20,1432,MCON,ST,8000,8000,100.00
20,1433,MCX,EQ,207090,84891,40.99
20,1434,MDL,SM,6000,6000,100.00
20,1435,MEDANTA,EQ,1124542,737621,65.59
20,1436,MEDIASSIST,EQ,233955,90407,38.64
20,1437,MEDICAMEQ,EQ,91936,33259,36.18
20,1438,MEDIORG,SM,20000,16000,80.00
20,1439,MEDPLUS,EQ,368615,191094,51.84
20,1440,MEGAFLEX,SM,69000,69000,100.00
20,1441,MEGASOFT,EQ,521044,252874,48.53
20,1442,MEGASTAR,EQ,33892,9903,29.22
20,1443,MEGATHERM,ST,12800,10000,78.13
20,1444,MENONBE,EQ,34080,20100,58.98
20,1445,METALIETF,EQ,11783927,7761413,65.86
20,1446,METROBRAND,EQ,62040,25984,41.88
20,1447,METROPOLIS,EQ,47107,15794,33.53
20,1448,MFSL,EQ,574532,336129,58.50
20,1449,MGL,EQ,534385,295145,55.23
20,1450,MHHL,SM,15000,13500,90.00
20,1451,MHLXMIRU,EQ,5255,3458,65.80
20,1452,MHRIL,EQ,220720,137801,62.43
20,1453,MICROPRO,SM,78400,62400,79.59
20,1454,MID150BEES,EQ,395415,225494,57.03
20,1455,MID150CASE,EQ,460271,380718,82.72
20,1456,MIDCAP,EQ,16774,7887,47.02
20,1457,MIDCAPETF,EQ,982374,777028,79.10
20,1458,MIDCAPIETF,EQ,391421,267551,68.35
20,1459,MIDHANI,EQ,1179130,483944,41.04
20,1460,MIDQ50ADD,EQ,7730,4331,56.03
20,1461,MIDSELIETF,EQ,378474,299904,79.24
20,1462,MIDSMALL,EQ,2502036,2470414,98.74
20,1463,MIEL,SM,6000,6000,100.00
20,1464,MINDACORP,EQ,324608,107763,33.20
20,1465,MINDSPACE,RR,590233,438079,74.22
20,1466,MIRZAINT,EQ,129616,86702,66.89
20,1467,MITCON,EQ,10484,8165,77.88
20,1468,MITCONPP,E1,10,10,100.00
20,1469,MITTAL,EQ,5583847,3952930,70.79
20,1470,M&M,EQ,3554400,2434462,68.49
20,1471,M&MFIN,EQ,4928188,2448532,49.68
20,1472,MMFL,EQ,48948,27689,56.57
20,1473,MMTC,EQ,1843442,681060,36.95
20,1474,MNC,EQ,70327,59807,85.04
20,1475,MODEFENCE,EQ,559671,394125,70.42
20,1476,MOGSEC,EQ,3874,2475,63.89
20,1477,MOHEALTH,EQ,69244,46230,66.76
20,1478,MOIL,EQ,2135223,631819,29.59
20,1479,MOL,EQ,898065,336770,37.50
20,1480,MOLDTECH,EQ,110773,46352,41.84
20,1481,MOLDTKPAC,EQ,38394,22573,58.79
20,1482,MOLOWVOL,EQ,267897,246777,92.12
20,1483,MOM100,EQ,450294,308382,68.48
20,1484,MOM30IETF,EQ,1821198,1133548,62.24
20,1485,MOM50,EQ,19354,15712,81.18
20,1486,MOMENTUM,EQ,625691,572446,91.49
20,1487,MOMENTUM50,EQ,186998,159314,85.20
20,1488,MOMOMENTUM,EQ,312859,209029,66.81
20,1489,MON100,EQ,734795,484856,65.99
20,1490,MONARCH,EQ,223285,119551,53.54
20,1491,MONIFTY500,EQ,512500,370145,72.22
20,1492,MONOPHARMA,SM,66000,66000,100.00
20,1493,MONQ50,EQ,122119,97875,80.15
20,1494,MONTECARLO,EQ,36342,15956,43.91
20,1495,MOQUALITY,EQ,10778,6411,59.48
20,1496,MOREALTY,EQ,304927,273069,89.55
20,1497,MOREPENLAB,EQ,6058715,2159900,35.65
20,1498,MOS,SM,144000,95200,66.11
20,1499,MOSMALL250,EQ,879477,502731,57.16
20,1500,MOTHERSON,EQ,20141142,11069597,54.96
20,1501,MOTILALOFS,EQ,941121,516317,54.86
20,1502,MOTISONS,EQ,2073875,721568,34.79
20,1503,MOTOGENFIN,EQ,24542,13075,53.28
20,1504,MOVALUE,EQ,248339,207555,83.58
20,1505,MOXSH,ST,19200,19200,100.00
20,1506,MPHASIS,EQ,282998,115248,40.72
20,1507,MPSLTD,EQ,10773,6806,63.18
20,1508,MRF,EQ,6269,2187,34.89
20,1509,MRPL,EQ,1790903,517055,28.87
20,1510,MSTCLTD,EQ,230951,132371,57.32
20,1511,MSUMI,EQ,10751208,7175746,66.74
20,1512,MTARTECH,EQ,85178,47913,56.25
20,1513,MTNL,EQ,1995667,1085848,54.41
20,1514,MUFIN,EQ,74088,45669,61.64
20,1515,MUFTI,EQ,212560,102379,48.16
20,1516,MUKANDLTD,EQ,284459,127525,44.83
20,1517,MUKKA,EQ,764733,402412,52.62
20,1518,MUKTAARTS,EQ,1096400,259327,23.65
20,1519,MULTICAP,EQ,158808,134489,84.69
20,1520,MUNJALAU,EQ,509712,205541,40.32
20,1521,MUNJALSHOW,EQ,63799,34745,54.46
20,1522,MURUDCERA,EQ,67770,36161,53.36
20,1523,MUTHOOTCAP,EQ,74066,36364,49.10
20,1524,MUTHOOTFIN,EQ,452799,308554,68.14
20,1525,MUTHOOTMF,EQ,138754,75623,54.50
20,1526,MVGJL,EQ,2604317,539456,20.71
20,1527,MVKAGRO,SM,10800,7200,66.67
20,1528,MWL,SM,7200,7200,100.00
20,1529,MYMUDRA,SM,27600,25200,91.30
20,1530,NACLIND,EQ,122449,60963,49.79
20,1531,NAGAFERT,EQ,1175333,663653,56.47
20,1532,NAHARCAP,EQ,10401,5024,48.30
20,1533,NAHARINDUS,EQ,36818,24693,67.07
20,1534,NAHARSPING,EQ,14435,6453,44.70
20,1535,NAMAN,SM,25600,20800,81.25
20,1536,NAM-INDIA,EQ,477686,256662,53.73
20,1537,NAMOEWASTE,SM,163200,105600,64.71
20,1538,NATCOPHARM,EQ,824831,416657,50.51
20,1539,NATIONALUM,EQ,29872855,8100254,27.12
20,1540,NAUKRI,EQ,194222,87765,45.19
20,1541,NAVA,EQ,159635,78394,49.11
20,1542,NAVINFLUOR,EQ,172555,48461,28.08
20,1543,NAVINIFTY,EQ,752,534,71.01
20,1544,NAVKARCORP,EQ,337370,149503,44.31
20,1545,NAVNETEDUL,EQ,201031,86277,42.92
20,1546,NAZARA,EQ,458774,188671,41.13
20,1547,NBCC,EQ,11741004,4173447,35.55
20,1548,NCC,EQ,5339354,2529676,47.38
20,1549,NCLIND,EQ,213218,138534,64.97
20,1550,NDLVENTURE,EQ,67330,32784,48.69
20,1551,NDRAUTO,EQ,17670,9123,51.63
20,1552,NDTV,EQ,278675,133271,47.82
20,1553,NELCAST,EQ,68155,35249,51.72
20,1554,NELCO,EQ,154715,70711,45.70
20,1555,NEOGEN,EQ,53304,25586,48.00
20,1556,NEPHROCARE,SM,19200,11200,58.33
20,1557,NESCO,EQ,31058,13731,44.21
20,1558,NESTLEIND,EQ,883192,602993,68.27
20,1559,NETF,EQ,6709,6069,90.46
20,1560,NETWEB,EQ,77350,43403,56.11
20,1561,NETWORK18,EQ,2559134,939898,36.73
20,1562,NEULANDLAB,EQ,22442,10517,46.86
20,1563,NEWGEN,EQ,343340,116598,33.96
20,1564,NEWJAISA,SM,22500,22500,100.00
20,1565,NEXT50,EQ,20690,15615,75.47
20,1566,NEXT50IETF,EQ,1258058,1050663,83.51
20,1567,NFL,EQ,1435269,525714,36.63
20,1568,NGIL,EQ,852028,225231,26.43
20,1569,NGLFINE,EQ,4593,3622,78.86
20,1570,NH,EQ,1222660,449128,36.73
20,1571,NHPC,EQ,26425540,12481559,47.23
20,1572,NIACL,EQ,549820,222652,40.50
20,1573,NIBL,EQ,42121,14854,35.27
20,1574,NIDAN,SM,6000,6000,100.00
20,1575,NIF100BEES,EQ,66614,59053,88.65
20,1576,NIF100IETF,EQ,582089,479570,82.39
20,1577,NIF10GETF,EQ,690,390,56.52
20,1578,NIF5GETF,EQ,406,385,94.83
20,1579,NIFITETF,EQ,7521,7149,95.05
20,1580,NIFMID150,EQ,1751,1073,61.28
20,1581,NIFTY1,EQ,64722,60029,92.75
20,1582,NIFTY50ADD,EQ,27728,23757,85.68
20,1583,NIFTYBEES,EQ,6402198,5345208,83.49
20,1584,NIFTYBETF,EQ,5535,5354,96.73
20,1585,NIFTYETF,EQ,382921,336215,87.80
20,1586,NIFTYIETF,EQ,455289,404452,88.83
20,1587,NIFTYQLITY,EQ,824221,795860,96.56
20,1588,NIITLTD,EQ,998848,277527,27.78
20,1589,NIITMTS,EQ,53075,29003,54.65
20,1590,NILAINFRA,EQ,1010368,597599,59.15
20,1591,NILKAMAL,EQ,8105,5130,63.29
20,1592,NINSYS,EQ,21955,10897,49.63
20,1593,NIPPOBATRY,EQ,4824,2482,51.45
20,1594,NIRMAN,ST,27600,26400,95.65
20,1595,NITCO,EQ,603625,302503,50.11
20,1596,NITINSPIN,EQ,50263,30166,60.02
20,1597,NITIRAJ,EQ,6741,4259,63.18
20,1598,NKIND,EQ,1413,831,58.81
20,1599,NLCINDIA,EQ,5063597,2265799,44.75
20,1600,NMDC,EQ,44963225,13481615,29.98
20,1601,NOCIL,EQ,717846,278605,38.81
20,1602,NORTHARC,EQ,2177232,876358,40.25
20,1603,NPBET,EQ,1777,1552,87.34
20,1604,NPST,SM,23100,15400,66.67
20,1605,NRAIL,EQ,12956,8984,69.34
20,1606,NRBBEARING,EQ,134230,79277,59.06
20,1607,NRL,EQ,1456257,688205,47.26
20,1608,NSIL,EQ,22749,11968,52.61
20,1609,NSLNISP,EQ,18771071,5051877,26.91
20,1610,NTPC,EQ,20903229,9268205,44.34
20,1611,NUCLEUS,EQ,35119,18259,51.99
20,1612,NURECA,EQ,28681,14117,49.22
20,1613,NUVAMA,EQ,95943,53835,56.11
20,1614,NUVOCO,EQ,184672,83412,45.17
20,1615,NV20,EQ,62386,29955,48.02
20,1616,NV20BEES,EQ,31900,28500,89.34
20,1617,NV20IETF,EQ,1083434,731779,67.54
20,1618,NXST,RR,106546,81502,76.49
20,1619,NYKAA,EQ,4815116,2601339,54.02
20,1620,OAL,EQ,15312,7670,50.09
20,1621,OBCL,EQ,27072,25760,95.15
20,1622,OBEROIRLTY,EQ,885798,496532,56.05
20,1623,OFSS,EQ,105479,56014,53.10
20,1624,OIL,EQ,3318663,1619685,48.81
20,1625,OILIETF,EQ,2563845,1513703,59.04
20,1626,OLAELEC,EQ,51879596,17651789,34.02
20,1627,OLECTRA,EQ,470870,151669,32.21
20,1628,OLIL,ST,8400,8400,100.00
20,1629,OMAXAUTO,EQ,23294,12814,55.01
20,1630,OMFURN,SM,16800,16800,100.00
20,1631,OMINFRAL,EQ,103940,73233,70.46
20,1632,ONDOOR,SM,6000,4200,70.00
20,1633,ONEPOINT,EQ,2757136,1134202,41.14
20,1634,ONGC,EQ,16294341,7166214,43.98
20,1635,ONMOBILE,EQ,379025,153527,40.51
20,1636,ONWARDTEC,EQ,38931,18884,48.51
20,1637,OPTIEMUS,EQ,402266,216350,53.78
20,1638,ORBTEXP,EQ,6814,3899,57.22
20,1639,ORCHPHARMA,EQ,239395,157704,65.88
20,1640,ORIANA,SM,24750,17100,69.09
20,1641,ORICONENT,EQ,251573,133034,52.88
20,1642,ORIENTBELL,EQ,13898,9592,69.02
20,1643,ORIENTCEM,EQ,1433742,554213,38.66
20,1644,ORIENTCER,EQ,87461,38780,44.34
20,1645,ORIENTELEC,EQ,140925,69287,49.17
20,1646,ORIENTHOT,EQ,560354,231020,41.23
20,1647,ORIENTLTD,EQ,41873,13491,32.22
20,1648,ORIENTPPR,EQ,414155,222100,53.63
20,1649,ORIENTTECH,EQ,323618,177460,54.84
20,1650,ORISSAMINE,EQ,137159,29625,21.60
20,1651,ORTINGLOBE,EQ,24823,15270,61.52
20,1652,OSELDEVICE,ST,328800,320800,97.57
20,1653,OSWALGREEN,EQ,1097249,391313,35.66
20,1654,OWAIS,SM,56000,40000,71.43
20,1655,PAGEIND,EQ,22288,10359,46.48
20,1656,PAISALO,EQ,1705325,1176876,69.01
20,1657,PAKKA,EQ,87777,36719,41.83
20,1658,PALASHSECU,EQ,3531,971,27.50
20,1659,PALREDTEC,EQ,467467,174318,37.29
20,1660,PANACEABIO,EQ,468959,261950,55.86
20,1661,PANAMAPET,EQ,56813,28573,50.29
20,1662,PAR,EQ,23018,15298,66.46
20,1663,PARACABLES,EQ,1726194,755302,43.76
20,1664,PARADEEP,EQ,1032833,408716,39.57
20,1665,PARAGMILK,EQ,1296229,493135,38.04
20,1666,PARAGON,SM,64800,50400,77.78
20,1667,PARAMATRIX,SM,32400,28800,88.89
20,1668,PARIN,SM,19000,6000,31.58
20,1669,PARKHOTELS,EQ,190629,93511,49.05
20,1670,PARTYCRUS,SM,14000,11000,78.57
20,1671,PATANJALI,EQ,569140,290355,51.02
20,1672,PATELENG,EQ,3886243,1999342,51.45
20,1673,PATINTLOG,EQ,318812,168431,52.83
20,1674,PATTECH,SM,1500,1500,100.00
20,1675,PAVNAIND,EQ,174615,75928,43.48
20,1676,PAYTM,EQ,11543854,3429958,29.71
20,1677,PCBL,EQ,3868003,1260864,32.60
20,1678,PCCL,SM,25600,19200,75.00
20,1679,PCJEWELLER,EQ,7336726,3982551,54.28
20,1680,PDMJEPAPER,EQ,117072,54287,46.37
20,1681,PDSL,EQ,37765,19143,50.69
20,1682,PEARLPOLY,EQ,109494,50787,46.38
20,1683,PEL,EQ,1203838,332638,27.63
20,1684,PELATRO,ST,52800,45000,85.23
20,1685,PENIND,EQ,508851,243762,47.90
20,1686,PENINLAND,EQ,1019958,416901,40.87
20,1687,PERSISTENT,EQ,404261,223185,55.21
20,1688,PETRONET,EQ,3164235,1708156,53.98
20,1689,PFC,EQ,8142211,3475327,42.68
20,1690,PFIZER,EQ,67362,29719,44.12
20,1691,PFS,EQ,1617289,844351,52.21
20,1692,PGEL,EQ,789897,437331,55.37
20,1693,PGHH,EQ,5352,3451,64.48
20,1694,PGHL,EQ,11357,5057,44.53
20,1695,PGIL,EQ,206636,132593,64.17
20,1696,PGINVIT,IV,3771707,3713853,98.47
20,1697,PHANTOMFX,SM,51600,39900,77.33
20,1698,PHARMABEES,EQ,3462048,1950398,56.34
20,1699,PHOENIXLTD,EQ,1349743,532642,39.46
20,1700,PHOGLOBAL,ST,30000,30000,100.00
20,1701,PIDILITIND,EQ,558443,310537,55.61
20,1702,PIIND,EQ,280666,154738,55.13
20,1703,PILANIINVS,EQ,3449,1633,47.35
20,1704,PILITA,EQ,443628,227166,51.21
20,1705,PIONEEREMB,EQ,37742,16528,43.79
20,1706,PITTIENG,EQ,60229,26505,44.01
20,1707,PIXTRANS,EQ,837108,153275,18.31
20,1708,PKTEA,EQ,6405,4605,71.90
20,1709,PLADAINFO,SM,18000,9000,50.00
20,1710,PLATIND,EQ,361671,114984,31.79
20,1711,PLAZACABLE,EQ,43630,25795,59.12
20,1712,PNB,EQ,30911908,18216231,58.93
20,1713,PNBGILTS,EQ,251283,100229,39.89
20,1714,PNBHOUSING,EQ,848258,191940,22.63
20,1715,PNC,EQ,384430,93249,24.26
20,1716,PNCINFRA,EQ,500007,174888,34.98
20,1717,PNGJL,EQ,606278,262637,43.32
20,1718,POCL,EQ,44868,26777,59.68
20,1719,PODDARMENT,EQ,3477,1924,55.34
20,1720,POKARNA,EQ,125975,34476,27.37
20,1721,POLICYBZR,EQ,5179483,2321564,44.82
20,1722,POLYCAB,EQ,303374,117262,38.65
20,1723,POLYMED,EQ,142860,114844,80.39
20,1724,POLYPLEX,EQ,87377,42366,48.49
20,1725,POLYSIL,SM,36000,36000,100.00
20,1726,PONNIERODE,EQ,44798,17370,38.77
20,1727,POONAWALLA,EQ,1012736,591017,58.36
20,1728,POSITRON,SM,36000,24000,66.67
20,1729,POWERGRID,EQ,16356171,10035385,61.36
20,1730,POWERINDIA,EQ,75341,31419,41.70
20,1731,POWERMECH,EQ,39760,18304,46.04
20,1732,PPAP,EQ,9163,4474,48.83
20,1733,PPL,EQ,102307,43937,42.95
20,1734,PPLPHARMA,EQ,8019641,1483178,18.49
20,1735,PPSL,SM,78000,54000,69.23
20,1736,PRAJIND,EQ,2993095,575871,19.24
20,1737,PRAKASH,EQ,1110099,616756,55.56
20,1738,PRAKASHSTL,EQ,1009767,711889,70.50
20,1739,PRAMARA,SM,6000,6000,100.00
20,1740,PRATHAM,SM,14400,11200,77.78
20,1741,PRECAM,EQ,214129,98407,45.96
20,1742,PRECISION,SM,38000,32000,84.21
20,1743,PRECWIRE,EQ,611585,194710,31.84
20,1744,PREMEXPLN,EQ,87809,71863,81.84
20,1745,PREMIERENE,EQ,4677852,2245563,48.00
20,1746,PREMIERPOL,EQ,97540,27563,28.26
20,1747,PRESSTONIC,SM,22400,12800,57.14
20,1748,PRESTIGE,EQ,900018,393895,43.77
20,1749,PRICOLLTD,EQ,335660,176450,52.57
20,1750,PRIMESECU,EQ,21144,12429,58.78
20,1751,PRINCEPIPE,EQ,105677,58195,55.07
20,1752,PRITI,EQ,25441,20465,80.44
20,1753,PRITIKA,SM,18000,10000,55.56
20,1754,PRITIKAUTO,EQ,3548681,2028463,57.16
20,1755,PRIVISCL,EQ,16466,12849,78.03
20,1756,PRIZOR,SM,576000,273600,47.50
20,1757,PRLIND,SM,108000,74000,68.52
20,1758,PROLIFE,SM,1500,1500,100.00
20,1759,PROPEQUITY,SM,3600,1800,50.00
20,1760,PROV,SM,2720,2400,88.24
20,1761,PROZONER,EQ,560472,324588,57.91
20,1762,PRSMJOHNSN,EQ,6102090,682636,11.19
20,1763,PRUDENT,EQ,44425,17492,39.37
20,1764,PSB,EQ,927054,329923,35.59
20,1765,PSFL,ST,232000,220000,94.83
20,1766,PSPPROJECT,EQ,41833,25054,59.89
20,1767,PSUBANK,EQ,156143,149960,96.04
20,1768,PSUBANKADD,EQ,19903,15431,77.53
20,1769,PSUBNKBEES,EQ,1628159,948920,58.28
20,1770,PSUBNKIETF,EQ,198866,137473,69.13
20,1771,PTC,EQ,1804730,1019880,56.51
20,1772,PTL,EQ,78023,44741,57.34
20,1773,PULZ,SM,35000,21000,60.00
20,1774,PUNJABCHEM,EQ,17006,10456,61.48
20,1775,PURVFLEXI,SM,726400,518400,71.37
20,1776,PVRINOX,EQ,466726,239127,51.23
20,1777,PVSL,EQ,387967,357194,92.07
20,1778,PVTBANIETF,EQ,2415828,1867829,77.32
20,1779,PVTBANKADD,EQ,227242,180494,79.43
20,1780,PYRAMID,EQ,69469,42405,61.04
20,1781,QFIL,SM,6000,6000,100.00
20,1782,QGOLDHALF,EQ,56888,46989,82.60
20,1783,QMSMEDI,SM,9000,6000,66.67
20,1784,QNIFTY,EQ,404,321,79.46
20,1785,QUADPRO,SM,24000,12000,50.00
20,1786,QUAL30IETF,EQ,203094,96485,47.51
20,1787,QUESS,EQ,243469,117402,48.22
20,1788,QUESTLAB,SM,3600,2400,66.67
20,1789,QUICKHEAL,EQ,120756,47983,39.74
20,1790,QUICKTOUCH,SM,17500,11000,62.86
20,1791,QVCEL,SM,128000,100800,78.75
20,1792,RACE,EQ,27851,17173,61.66
20,1793,RADHIKAJWE,EQ,3061502,1105624,36.11
20,1794,RADIANTCMS,EQ,315418,121255,38.44
20,1795,RADICO,EQ,321886,143771,44.67
20,1796,RADIOCITY,EQ,685149,308793,45.07
20,1797,RADIOCITY,P1,308,308,100.00
20,1798,RADIOWALLA,SM,3200,3200,100.00
20,1799,RAILTEL,EQ,1637883,475511,29.03
20,1800,RAIN,EQ,2015037,690527,34.27
20,1801,RAINBOW,EQ,163968,54661,33.34
20,1802,RAJESHEXPO,EQ,314899,142026,45.10
20,1803,RAJINDLTD,SM,93000,63000,67.74
20,1804,RAJMET,EQ,8806809,6314271,71.70
20,1805,RAJRATAN,EQ,23890,14270,59.73
20,1806,RAJSREESUG,EQ,209297,68658,32.80
20,1807,RALLIS,EQ,530672,133947,25.24
20,1808,RAMANEWS,EQ,159350,58258,36.56
20,1809,RAMAPHO,EQ,21554,15787,73.24
20,1810,RAMASTEEL,EQ,27085903,11136789,41.12
20,1811,RAMCOCEM,EQ,328919,137362,41.76
20,1812,RAMCOIND,EQ,80653,47801,59.27
20,1813,RAMCOSYS,EQ,35850,21086,58.82
20,1814,RAMKY,EQ,37693,24252,64.34
20,1815,RAMRAT,EQ,41542,23419,56.37
20,1816,RANASUG,EQ,893999,265901,29.74
20,1817,RANEHOLDIN,EQ,16643,10095,60.66
20,1818,RAPPID,ST,622800,621000,99.71
20,1819,RATEGAIN,EQ,169863,84599,49.80
20,1820,RATNAMANI,EQ,93092,55450,59.56
20,1821,RAYMOND,EQ,291369,121485,41.69
20,1822,RAYMONDLSL,EQ,61466,34551,56.21
20,1823,RBA,EQ,2135461,1119744,52.44
20,1824,RBLBANK,EQ,6286622,2383718,37.92
20,1825,RBMINFRA,SM,61600,36000,58.44
20,1826,RBS,SM,156800,153600,97.96
20,1827,RCDL,SM,18000,12000,66.67
20,1828,RCF,EQ,1117728,391951,35.07
20,1829,RECLTD,EQ,9512274,4835190,50.83
20,1830,REDINGTON,EQ,821419,535148,65.15
20,1831,REDTAPE,EQ,212504,113151,53.25
20,1832,REFEX,EQ,2715934,991903,36.52
20,1833,REFRACTORY,ST,48000,44000,91.67
20,1834,RELAXO,EQ,91225,45682,50.08
20,1835,RELCHEMQ,EQ,2551,1567,61.43
20,1836,RELIANCE,EQ,13504407,9772452,72.36
20,1837,RELIGARE,EQ,4582500,2443857,53.33
20,1838,RELINFRA,EQ,22244974,6566766,29.52
20,1839,RELTD,EQ,106463,72432,68.03
20,1840,REMSONSIND,EQ,281583,143592,50.99
20,1841,REMUS,SM,3000,2400,80.00
20,1842,RENUKA,EQ,147722348,19247868,13.03
20,1843,REPCOHOME,EQ,83157,46655,56.10
20,1844,REPL,EQ,58072,27384,47.16
20,1845,REPRO,EQ,104168,69021,66.26
20,1846,RESPONIND,EQ,306882,61670,20.10
20,1847,REVATHIEQU,EQ,53698,32547,60.61
20,1848,REXPIPES,SM,2000,2000,100.00
20,1849,RGL,EQ,374707,207174,55.29
20,1850,RHIM,EQ,110248,46470,42.15
20,1851,RICOAUTO,EQ,363836,186751,51.33
20,1852,RIIL,EQ,227188,48259,21.24
20,1853,RILINFRA,ST,23800,20600,86.55
20,1854,RISHABH,EQ,282379,97375,34.48
20,1855,RITCO,EQ,80378,47812,59.48
20,1856,RITES,EQ,2540556,1048822,41.28
20,1857,RITEZONE,SM,1600,1600,100.00
20,1858,RKFORGE,EQ,371817,146389,39.37
20,1859,RKSWAMY,EQ,104278,61310,58.79
20,1860,RMDRIP,SM,27000,22000,81.48
20,1861,RML,EQ,27184,13338,49.07
20,1862,RNFI,SM,72000,68400,95.00
20,1863,ROCKINGDCE,SM,19500,8500,43.59
20,1864,ROHLTD,EQ,122393,64147,52.41
20,1865,ROLEXRINGS,EQ,44668,14715,32.94
20,1866,ROML,EQ,9124,7681,84.18
20,1867,ROSSARI,EQ,62284,35496,56.99
20,1868,ROTO,EQ,67980,26125,38.43
20,1869,ROUTE,EQ,117129,63691,54.38
20,1870,ROXHITECH,SM,22400,14400,64.29
20,1871,RPEL,EQ,15001,7491,49.94
20,1872,RPGLIFE,EQ,46237,36504,78.95
20,1873,RPOWER,EQ,209326581,72722178,34.74
20,1874,RPPL,EQ,227376,123479,54.31
20,1875,RPSGVENT,EQ,67692,32966,48.70
20,1876,RPTECH,EQ,104709,50262,48.00
20,1877,RRKABEL,EQ,240340,147632,61.43
20,1878,RSWM,EQ,72623,37238,51.28
20,1879,RSYSTEMS,EQ,229241,119624,52.18
20,1880,RTNINDIA,EQ,3829711,2430959,63.48
20,1881,RTNPOWER,EQ,28865382,14420537,49.96
20,1882,RUBFILA,EQ,30079,19407,64.52
20,1883,RUBYMILLS,EQ,40113,20269,50.53
20,1884,RUCHIRA,EQ,46274,32338,69.88
20,1885,RULKA,ST,13200,12600,95.45
20,1886,RUPA,EQ,450298,218172,48.45
20,1887,RUSHIL,EQ,844107,473261,56.07
20,1888,RUSTOMJEE,EQ,23329,16551,70.95
20,1889,RVNL,EQ,4486451,1500275,33.44
20,1890,SAAKSHI,ST,6000,6000,100.00
20,1891,SABAR,SM,5000,5000,100.00
20,1892,SADBHAV,EQ,752038,752038,100.00
20,1893,SADHAV,SM,12000,8400,70.00
20,1894,SADHNANIQ,EQ,210237,103424,49.19
20,1895,SAFARI,EQ,55724,23198,41.63
20,1896,SAGCEM,EQ,36790,21015,57.12
20,1897,SAH,EQ,34709,6957,20.04
20,1898,SAHAJ,SM,4000,4000,100.00
20,1899,SAHAJSOLAR,SM,33600,16800,50.00
20,1900,SAHANA,SM,8000,6500,81.25
20,1901,SAHYADRI,EQ,4736,2341,49.43
20,1902,SAIFL,SM,4800,4000,83.33
20,1903,SAIL,EQ,38187620,8270247,21.66
20,1904,SAKAR,EQ,17242,9710,56.32
20,1905,SAKHTISUG,EQ,1044117,390354,37.39
20,1906,SAKSOFT,EQ,242789,99695,41.06
20,1907,SALASAR,EQ,25090972,9341209,37.23
20,1908,SALONA,EQ,1307,813,62.20
20,1909,SALSTEEL,EQ,339896,185681,54.63
20,1910,SALZERELEC,EQ,60493,29619,48.96
20,1911,SAMBHAAV,EQ,275354,194420,70.61
20,1912,SAMHI,EQ,791440,527099,66.60
20,1913,SAMMAANCAP,EQ,8285406,5351243,64.59
20,1914,SANDESH,EQ,4578,2938,64.18
20,1915,SANDHAR,EQ,65815,32925,50.03
20,1916,SANDUMA,EQ,159038,74685,46.96
20,1917,SANGAMIND,EQ,102410,52771,51.53
20,1918,SANGANI,SM,30000,27000,90.00
20,1919,SANGHIIND,EQ,235592,133462,56.65
20,1920,SANGHVIMOV,EQ,320416,124584,38.88
20,1921,SANGINITA,EQ,45885,29955,65.28
20,1922,SANOFI,EQ,27371,13655,49.89
20,1923,SANOFICONR,EQ,21390,19353,90.48
20,1924,SANSERA,EQ,95291,50008,52.48
20,1925,SANSTAR,EQ,1666499,649444,38.97
20,1926,SAPPHIRE,EQ,1047473,664992,63.49
20,1927,SARDAEN,EQ,676769,193517,28.59
20,1928,SAREGAMA,EQ,15253647,928421,6.09
20,1929,SAROJA,SM,3200,3200,100.00
20,1930,SARTELE,SM,303500,182000,59.97
20,1931,SARVESHWAR,EQ,3949885,2286158,57.88
20,1932,SASKEN,EQ,5974,4062,67.99
20,1933,SASTASUNDR,EQ,23170,10526,45.43
20,1934,SATECH,SM,174000,102000,58.62
20,1935,SATIA,EQ,351766,171080,48.63
20,1936,SATIN,EQ,372586,229341,61.55
20,1937,SATINDLTD,EQ,2864403,1097833,38.33
20,1938,SATIPOLY,SM,8000,7000,87.50
20,1939,SAURASHCEM,EQ,72668,39444,54.28
20,1940,SBC,EQ,3269700,846023,25.87
20,1941,SBCL,EQ,837407,282488,33.73
20,1942,SBFC,EQ,5235747,1784905,34.09
20,1943,SBGLP,EQ,480269,153117,31.88
20,1944,SBICARD,EQ,1084102,587205,54.17
20,1945,SBIETFCON,EQ,27507,21771,79.15
20,1946,SBIETFIT,EQ,26938,20700,76.84
20,1947,SBIETFPB,EQ,20031,18258,91.15
20,1948,SBIETFQLTY,EQ,40845,36749,89.97
20,1949,SBILIFE,EQ,1473366,1070995,72.69
20,1950,SBIN,EQ,15484573,9353248,60.40
20,1951,SBINEQWETF,EQ,37299,27840,74.64
20,1952,SBISILVER,EQ,121285,117722,97.06
20,1953,SCHAEFFLER,EQ,64883,38440,59.25
20,1954,SCHAND,EQ,167735,81347,48.50
20,1955,SCHNEIDER,EQ,182497,78300,42.90
20,1956,SCI,EQ,1306253,448038,34.30
20,1957,SCILAL,EQ,2103449,1347523,64.06
20,1958,SCLZC25B,AT,100,100,100.00
20,1959,SCML,SM,26000,20000,76.92
20,1960,SCPL,EQ,16059,7501,46.71
20,1961,SDBL,EQ,1242562,465486,37.46
20,1962,SDL26BEES,EQ,3021,2814,93.15
20,1963,SDREAMS,ST,285000,285000,100.00
20,1964,SEAMECLTD,EQ,16543,8521,51.51
20,1965,SECL,SM,37500,37500,100.00
20,1966,SECMARK,EQ,219,173,79.00
20,1967,SECURKLOUD,EQ,31460,20870,66.34
20,1968,SEL,SM,4800,4400,91.67
20,1969,SELAN,EQ,77734,40314,51.86
20,1970,SENCO,EQ,249298,135531,54.37
20,1971,SENSEXADD,EQ,6431,4705,73.16
20,1972,SENSEXETF,EQ,58297,53067,91.03
20,1973,SENSEXIETF,EQ,40932,31263,76.38
20,1974,SEPC,EQ,17010106,8233629,48.40
20,1975,SEQUENT,EQ,34665107,5339356,15.40
20,1976,SERVICE,SM,590000,562000,95.25
20,1977,SERVOTECH,EQ,1996297,817979,40.97
20,1978,SESHAPAPER,EQ,22799,14203,62.30
20,1979,SETF10GILT,EQ,53330,37715,70.72
20,1980,SETFGOLD,EQ,1735586,1443393,83.16
20,1981,SETFNIF50,EQ,597372,534277,89.44
20,1982,SETFNIFBK,EQ,535323,522055,97.52
20,1983,SETFNN50,EQ,26097,20584,78.87
20,1984,SFL,EQ,104535,48409,46.31
20,1985,SFLZC25A,ZK,250,250,100.00
20,1986,SFLZC26A,ZC,22,22,100.00
20,1987,SGBAPR28I,GB,120,102,85.00
20,1988,SGBAUG27,GB,34,22,64.71
20,1989,SGBAUG28V,GB,1107,905,81.75
20,1990,SGBAUG29V,GB,121,112,92.56
20,1991,SGBAUG30,GB,325,185,56.92
20,1992,SGBD29VIII,GB,121,113,93.39
20,1993,SGBDC27VII,GB,2,2,100.00
20,1994,SGBDE30III,GB,571,382,66.90
20,1995,SGBDE31III,GB,1753,1219,69.54
20,1996,SGBDEC2512,GB,1,1,100.00
20,1997,SGBDEC2513,GB,5,5,100.00
20,1998,SGBDEC25XI,GB,2,2,100.00
20,1999,SGBDEC26,GB,2,2,100.00
20,2000,SGBFEB27,GB,5,5,100.00
20,2001,SGBFEB28IX,GB,5,4,80.00
20,2002,SGBFEB29XI,GB,365,227,62.19
20,2003,SGBFEB32IV,GB,1621,1196,73.78
20,2004,SGBJ28VIII,GB,16,16,100.00
20,2005,SGBJAN26,GB,16,16,100.00
20,2006,SGBJAN29IX,GB,210,186,88.57
20,2007,SGBJAN29X,GB,122,92,75.41
20,2008,SGBJAN30IX,GB,270,199,73.70
20,2009,SGBJU29III,GB,186,153,82.26
20,2010,SGBJUL25,GB,381,323,84.78
20,2011,SGBJUL27,GB,4,4,100.00
20,2012,SGBJUL28IV,GB,402,290,72.14
20,2013,SGBJUL29IV,GB,197,187,94.92
20,2014,SGBJUN27,GB,39,19,48.72
20,2015,SGBJUN28,GB,288,230,79.86
20,2016,SGBJUN29II,GB,1015,579,57.04
20,2017,SGBJUN30,GB,299,266,88.96
20,2018,SGBJUN31I,GB,570,453,79.47
20,2019,SGBMAR25,GB,92,75,81.52
20,2020,SGBMAR28X,GB,19,19,100.00
20,2021,SGBMAR30X,GB,238,172,72.27
20,2022,SGBMAR31IV,GB,119,89,74.79
20,2023,SGBMAY25,GB,359,332,92.48
20,2024,SGBMAY26,GB,23,23,100.00
20,2025,SGBMAY28,GB,646,594,91.95
20,2026,SGBMAY29I,GB,393,353,89.82
20,2027,SGBMR29XII,GB,250,192,76.80
20,2028,SGBN28VIII,GB,139,109,78.42
20,2029,SGBNOV24,GB,41,40,97.56
20,2030,SGBNOV25,GB,3,3,100.00
20,2031,SGBNOV258,GB,1,1,100.00
20,2032,SGBNOV26,GB,47,43,91.49
20,2033,SGBNV29VII,GB,665,527,79.25
20,2034,SGBOC28VII,GB,1845,1714,92.90
20,2035,SGBOCT25,GB,19,15,78.95
20,2036,SGBOCT25IV,GB,5,4,80.00
20,2037,SGBOCT25V,GB,7,7,100.00
20,2038,SGBOCT26,GB,14,8,57.14
20,2039,SGBOCT27,GB,6,6,100.00
20,2040,SGBOCT27VI,GB,23,23,100.00
20,2041,SGBSEP27,GB,48,48,100.00
20,2042,SGBSEP28VI,GB,177,157,88.70
20,2043,SGBSEP29VI,GB,187,156,83.42
20,2044,SGBSEP31II,GB,2538,1813,71.43
20,2045,SGIL,EQ,52853,26771,50.65
20,2046,SHAILY,EQ,109676,57610,52.53
20,2047,SHALBY,EQ,134416,75296,56.02
20,2048,SHALPAINTS,EQ,123978,75378,60.80
20,2049,SHANKARA,EQ,79137,45074,56.96
20,2050,SHANTHALA,SM,2400,2400,100.00
20,2051,SHANTI,EQ,56097,28128,50.14
20,2052,SHANTIGEAR,EQ,27552,13705,49.74
20,2053,SHARDACROP,EQ,286712,172702,60.24
20,2054,SHARDAMOTR,EQ,15179,9309,61.33
20,2055,SHAREINDIA,EQ,391409,187184,47.82
20,2056,SHARIABEES,EQ,12063,6763,56.06
20,2057,SHEETAL,SM,12000,12000,100.00
20,2058,SHEMAROO,EQ,557071,134243,24.10
20,2059,SHERA,SM,62000,41000,66.13
20,2060,SHIGAN,SM,51000,40500,79.41
20,2061,SHILPAMED,EQ,142655,54979,38.54
20,2062,SHIVALIK,EQ,27806,10764,38.71
20,2063,SHIVAMILLS,EQ,33962,15497,45.63
20,2064,SHIVATEX,EQ,12830,6659,51.90
20,2065,SHK,EQ,835542,429397,51.39
20,2066,SHOPERSTOP,EQ,148069,59341,40.08
20,2067,SHREDIGCEM,EQ,308466,181726,58.91
20,2068,SHREECEM,EQ,36112,21639,59.92
20,2069,SHREEKARNI,ST,6600,6000,90.91
20,2070,SHREEOSFM,SM,11000,11000,100.00
20,2071,SHREYANIND,EQ,17661,14825,83.94
20,2072,SHREYAS,EQ,27474,12866,46.83
20,2073,SHRIPISTON,EQ,67796,35151,51.85
20,2074,SHRIRAMFIN,EQ,881140,600103,68.11
20,2075,SHRIRAMPPS,EQ,1678088,859254,51.20
20,2076,SHRITECH,SM,38000,36000,94.74
20,2077,SHUBHLAXMI,SM,147000,98000,66.67
20,2078,SHUBHSHREE,SM,307200,144000,46.88
20,2079,SHYAMCENT,EQ,97889,62282,63.63
20,2080,SHYAMMETL,EQ,807343,360529,44.66
20,2081,SIDDHIKA,SM,2000,2000,100.00
20,2082,SIEMENS,EQ,331600,210746,63.55
20,2083,SIGACHI,EQ,1038891,663958,63.91
20,2084,SIGIND,EQ,102394,53020,51.78
20,2085,SIGMA,EQ,2982,2093,70.19
20,2086,SIGNATURE,EQ,788828,371905,47.15
20,2087,SIGNORIA,SM,2000,2000,100.00
20,2088,SIGNPOST,EQ,167587,99817,59.56
20,2089,SIKKO,EQ,103973,54064,52.00
20,2090,SILGO,EQ,174376,72651,41.66
20,2091,SILINV,EQ,3289,2057,62.54
20,2092,SILKFLEX,SM,38000,28000,73.68
20,2093,SILVER,EQ,436920,412916,94.51
20,2094,SILVER1,EQ,98561,90859,92.19
20,2095,SILVERADD,EQ,17488,8599,49.17
20,2096,SILVERBEES,EQ,6037780,3735830,61.87
20,2097,SILVERETF,EQ,213645,183681,85.97
20,2098,SILVERIETF,EQ,1487007,1362274,91.61
20,2099,SILVERTUC,EQ,26820,9512,35.47
20,2100,SILVRETF,EQ,16606,13456,81.03
20,2101,SINCLAIR,EQ,20139,12446,61.80
20,2102,SINDHUTRAD,EQ,1872442,867564,46.33
20,2103,SINTERCOM,EQ,84282,54635,64.82
20,2104,SIRCA,EQ,71583,38060,53.17
20,2105,SIS,EQ,22217,12717,57.24
20,2106,SIYSIL,EQ,75683,24963,32.98
20,2107,SJLOGISTIC,SM,23000,16000,69.57
20,2108,SJS,EQ,577467,112147,19.42
20,2109,SJVN,EQ,16081941,4055121,25.22
20,2110,SKFINDIA,EQ,41769,31247,74.81
20,2111,SKIPPER,EQ,574662,178844,31.12
20,2112,SKIPPERPP,E1,2348,1828,77.85
20,2113,SKMEGGPROD,EQ,65464,39750,60.72
20,2114,SKP,SM,9000,7000,77.78
20,2115,SLONE,ST,38400,38400,100.00
20,2116,SMALLCAP,EQ,529680,424628,80.17
20,2117,SMARTLINK,EQ,22636,18992,83.90
20,2118,SMCGLOBAL,EQ,231586,114079,49.26
20,2119,SMLISUZU,EQ,13104,7614,58.10
20,2120,SMLT,EQ,178315,69333,38.88
20,2121,SMSPHARMA,EQ,167151,55649,33.29
20,2122,SNOWMAN,EQ,1401118,568608,40.58
20,2123,SOBHA,EQ,149787,64688,43.19
20,2124,SOBHAPP,E1,2603,2349,90.24
20,2125,SOFTTECH,EQ,22085,14436,65.37
20,2126,SOLARAPP,X1,7821,7302,93.36
20,2127,SOLARINDS,EQ,66311,41816,63.06
20,2128,SOLEX,SM,38750,18000,46.45
20,2129,SOMANYCERA,EQ,62993,27793,44.12
20,2130,SOMATEX,EQ,1037242,410165,39.54
20,2131,SONACOMS,EQ,864479,460665,53.29
20,2132,SONAMAC,SM,14000,13000,92.86
20,2133,SONATSOFTW,EQ,930276,703548,75.63
20,2134,SOTL,EQ,48764,20506,42.05
20,2135,SOUTHBANK,EQ,8760764,3759897,42.92
20,2136,SPAL,EQ,18197,7517,41.31
20,2137,SPANDANA,EQ,239536,157714,65.84
20,2138,SPARC,EQ,658443,289921,44.03
20,2139,SPCENET,EQ,1698478,1396764,82.24
20,2140,SPCL,SM,123600,90000,72.82
20,2141,SPECIALITY,EQ,34861,18713,53.68
20,2142,SPECTRUM,SM,9000,4875,54.17
20,2143,SPECTSTM,SM,707200,542400,76.70
20,2144,SPENCERS,EQ,980554,373443,38.08
20,2145,SPIC,EQ,683935,235425,34.42
20,2146,SPLIL,EQ,26119,16193,62.00
20,2147,SPLPETRO,EQ,51533,32634,63.33
20,2148,SPORTKING,EQ,153053,91595,59.85
20,2149,SPPPOLY,ST,130000,122000,93.85
20,2150,SPRL,ST,2400,1600,66.67
20,2151,SREEL,EQ,11042,6978,63.20
20,2152,SRF,EQ,520872,232080,44.56
20,2153,SRGHFL,EQ,9479,5835,61.56
20,2154,SRHHYPOLTD,EQ,122943,53188,43.26
20,2155,SRIVASAVI,SM,17000,17000,100.00
20,2156,SRPL,EQ,1334763,922039,69.08
20,2157,SSDL,EQ,185579,79441,42.81
20,2158,SSEGL,SM,32000,26000,81.25
20,2159,SSFL,SM,10500,8500,80.95
20,2160,SSWL,EQ,138547,73674,53.18
20,2161,STANLEY,EQ,84579,47627,56.31
20,2162,STAR,EQ,220995,121799,55.11
20,2163,STARCEMENT,EQ,338716,211699,62.50
20,2164,STARHEALTH,EQ,653363,413505,63.29
20,2165,STARPAPER,EQ,9536,5869,61.55
20,2166,STCINDIA,EQ,54131,24307,44.90
20,2167,STEELCAS,EQ,23390,11117,47.53
20,2168,STEELCITY,EQ,27923,18640,66.76
20,2169,STEELXIND,EQ,4192866,2083782,49.70
20,2170,STERTOOLS,EQ,172680,65942,38.19
20,2171,STLTECH,EQ,890621,376481,42.27
20,2172,STOVEKRAFT,EQ,100328,33322,33.21
20,2173,STYLAMIND,EQ,21464,10453,48.70
20,2174,STYLEBAAZA,EQ,1212327,490441,40.45
20,2175,STYRENIX,EQ,22028,12462,56.57
20,2176,SUBEXLTD,EQ,3027370,1052219,34.76
20,2177,SUBROS,EQ,45757,19921,43.54
20,2178,SUDARSCHEM,EQ,712528,244754,34.35
20,2179,SUKHJITS,EQ,10037,5593,55.72
20,2180,SULA,EQ,173012,92213,53.30
20,2181,SUMICHEM,EQ,217552,71586,32.91
20,2182,SUMMITSEC,EQ,6258,2450,39.15
20,2183,SUNCLAY,EQ,37323,27481,73.63
20,2184,SUNDARMFIN,EQ,77715,33505,43.11
20,2185,SUNDARMHLD,EQ,172336,91765,53.25
20,2186,SUNDRMFAST,EQ,89091,57186,64.19
20,2187,SUNFLAG,EQ,485382,173971,35.84
20,2188,SUNLITE,SM,15600,12000,76.92
20,2189,SUNPHARMA,EQ,2608461,1776990,68.12
20,2190,SUNTECK,EQ,172381,89011,51.64
20,2191,SUNTV,EQ,230930,56194,24.33
20,2192,SUPERHOUSE,EQ,5610,3758,66.99
20,2193,SUPRAJIT,EQ,103147,58215,56.44
20,2194,SUPREMEIND,EQ,160721,96702,60.17
20,2195,SUPREMEPWR,ST,72000,66000,91.67
20,2196,SUPRIYA,EQ,324525,154096,47.48
20,2197,SURANASOL,EQ,555213,345295,62.19
20,2198,SURYALAXMI,EQ,188052,102025,54.25
20,2199,SURYAROSNI,EQ,240871,106349,44.15
20,2200,SURYODAY,EQ,374283,223021,59.59
20,2201,SUTLEJTEX,EQ,270043,105127,38.93
20,2202,SUVEN,EQ,234753,100752,42.92
20,2203,SUVENPHAR,EQ,452502,262248,57.96
20,2204,SUVIDHAA,EQ,181573,155221,85.49
20,2205,SUYOG,EQ,27861,16620,59.65
20,2206,SUZLON,EQ,42376466,26130147,61.66
20,2207,SVPGLOB,EQ,116103,89121,76.76
20,2208,SWANENERGY,EQ,1623280,828694,51.05
20,2209,SWARAJ,SM,17000,13000,76.47
20,2210,SWARAJENG,EQ,5656,2804,49.58
20,2211,SWASTIK,SM,28800,19200,66.67
20,2212,SWELECTES,EQ,43009,14407,33.50
20,2213,SWSOLAR,EQ,4002570,2164233,54.07
20,2214,SYLVANPLY,SM,8000,8000,100.00
20,2215,SYMPHONY,EQ,430932,81894,19.00
20,2216,SYNCOMF,EQ,4948782,2019816,40.81
20,2217,SYNGENE,EQ,1961841,1553261,79.17
20,2218,SYNOPTICS,SM,11400,8400,73.68
20,2219,SYRMA,EQ,686749,389957,56.78
20,2220,SYSTANGO,SM,14000,10800,77.14
20,2221,TAC,SM,33600,25200,75.00
20,2222,TAJGVK,EQ,70292,34038,48.42
20,2223,TAKE,EQ,1419730,840876,59.23
20,2224,TALBROAUTO,EQ,68154,38513,56.51
20,2225,TANLA,EQ,257469,106712,41.45
20,2226,TARACHAND,EQ,34194,26651,77.94
20,2227,TARSONS,EQ,43243,17373,40.18
20,2228,TASTYBITE,EQ,3560,1995,56.04
20,2229,TATACHEM,EQ,2456424,681745,27.75
20,2230,TATACOMM,EQ,474793,254633,53.63
20,2231,TATACONSUM,EQ,1223096,846080,69.18
20,2232,TATAELXSI,EQ,130533,56484,43.27
20,2233,TATAGOLD,EQ,4924170,3879984,78.79
20,2234,TATAINVEST,EQ,20462,12021,58.75
20,2235,TATAMOTORS,EQ,12225895,7065012,57.79
20,2236,TATAPOWER,EQ,15756520,4669801,29.64
20,2237,TATASTEEL,EQ,92381529,41223528,44.62
20,2238,TATATECH,EQ,1343474,579943,43.17
20,2239,TATSILV,EQ,922576,758872,82.26
20,2240,TATVA,EQ,95866,47515,49.56
20,2241,TBI,ST,14400,12000,83.33
20,2242,TBOTEK,EQ,43089,24065,55.85
20,2243,TBZ,EQ,1244318,331100,26.61
20,2244,TCHF30,NB,50,50,100.00
20,2245,TCI,EQ,15825,7736,48.88
20,2246,TCIEXP,EQ,54849,24164,44.06
20,2247,TCL,SM,31200,20000,64.10
20,2248,TCPLPACK,EQ,2583,1080,41.81
20,2249,TCS,EQ,2503416,1980983,79.13
20,2250,TDPOWERSYS,EQ,624202,261282,41.86
20,2251,TEAMLEASE,EQ,48900,27747,56.74
20,2252,TECH,EQ,95824,88015,91.85
20,2253,TECHLABS,ST,30000,29000,96.67
20,2254,TECHM,EQ,3460691,2378978,68.74
20,2255,TECHNOE,EQ,61929,44666,72.12
20,2256,TEGA,EQ,22154,10741,48.48
20,2257,TEJASNET,EQ,215802,138107,64.00
20,2258,TERASOFT,EQ,1122084,402660,35.89
20,2259,TEXINFRA,EQ,304670,178393,58.55
20,2260,TEXMOPIPES,EQ,86315,35494,41.12
20,2261,TEXRAIL,EQ,1586921,811840,51.16
20,2262,TFCILTD,EQ,437699,188430,43.05
20,2263,TGBHOTELS,EQ,32025,19702,61.52
20,2264,TGL,ST,21600,21600,100.00
20,2265,THANGAMAYL,EQ,285493,140426,49.19
20,2266,THEJO,EQ,3495,1774,50.76
20,2267,THEMISMED,EQ,277541,141960,51.15
20,2268,THERMAX,EQ,82418,50065,60.75
20,2269,THOMASCOOK,EQ,635918,340353,53.52
20,2270,THYROCARE,EQ,41087,22709,55.27
20,2271,TI,EQ,1097843,385792,35.14
20,2272,TIDEWATER,EQ,17840,9582,53.71
20,2273,TIIL,EQ,39804,8526,21.42
20,2274,TIINDIA,EQ,565035,331877,58.74
20,2275,TIMESCAN,SM,26000,26000,100.00
20,2276,TIMESGTY,EQ,71726,30293,42.23
20,2277,TIMETECHNO,EQ,747877,205028,27.41
20,2278,TIMKEN,EQ,100006,74120,74.12
20,2279,TIPSFILMS,EQ,26832,9130,34.03
20,2280,TIPSMUSIC,EQ,208121,138696,66.64
20,2281,TIRUMALCHM,EQ,246986,116497,47.17
20,2282,TIRUPATI,SM,166250,160250,96.39
20,2283,TITAGARH,EQ,1156293,574200,49.66
20,2284,TITAN,EQ,1068609,628502,58.81
20,2285,TMB,EQ,430820,181466,42.12
20,2286,TNIDETF,EQ,103463,84224,81.40
20,2287,TNPETRO,EQ,176264,78650,44.62
20,2288,TNPL,EQ,166739,122156,73.26
20,2289,TOLINS,EQ,180397,120354,66.72
20,2290,TOP100CASE,EQ,400171,366105,91.49
20,2291,TOP10ADD,EQ,474411,450543,94.97
20,2292,TORNTPHARM,EQ,335126,233307,69.62
20,2293,TORNTPOWER,EQ,750958,402771,53.63
20,2294,TRACXN,EQ,442561,236846,53.52
20,2295,TRANSTEEL,SM,410000,310000,75.61
20,2296,TREEHOUSE,EQ,45792,39047,85.27
20,2297,TREL,EQ,250800,146710,58.50
20,2298,TRENT,EQ,1117618,742683,66.45
20,2299,TRF,EQ,17957,10946,60.96
20,2300,TRIDENT,EQ,27210703,5571814,20.48
20,2301,TRIDHYA,SM,33000,27000,81.82
20,2302,TRIGYN,EQ,1850345,541278,29.25
20,2303,TRITURBINE,EQ,575949,304994,52.96
20,2304,TRIVENI,EQ,826381,182383,22.07
20,2305,TROM,SM,27600,21600,78.26
20,2306,TRUST,ST,138000,132000,95.65
20,2307,TTKHLTCARE,EQ,4196,1787,42.59
20,2308,TTKPRESTIG,EQ,67332,31743,47.14
20,2309,TTL,EQ,13352,7731,57.90
20,2310,TTML,EQ,3458347,1013253,29.30
20,2311,TUNWAL,SM,128000,110000,85.94
20,2312,TV18BRDCST,EQ,4534527,1890385,41.69
20,2313,TVSHLTD,EQ,8079,2574,31.86
20,2314,TVSMOTOR,EQ,1318103,678569,51.48
20,2315,TVSSCS,EQ,1113939,542180,48.67
20,2316,TVSSRICHAK,EQ,3327,1839,55.28
20,2317,TVTODAY,EQ,109560,58436,53.34
20,2318,UBL,EQ,138230,65621,47.47
20,2319,UCAL,EQ,34952,20453,58.52
20,2320,UCOBANK,EQ,3307722,1019024,30.81
20,2321,UDAICEMENT,EQ,506660,280734,55.41
20,2322,UDS,EQ,223629,88040,39.37
20,2323,UFLEX,EQ,381100,86862,22.79
20,2324,UFO,EQ,694669,178124,25.64
20,2325,UGARSUGAR,EQ,741792,231078,31.15
20,2326,UGROCAP,EQ,130792,68443,52.33
20,2327,UJJIVANSFB,EQ,12622023,7492514,59.36
20,2328,ULTRACEMCO,EQ,405493,309900,76.43
20,2329,UNICHEMLAB,EQ,18669,7745,41.49
20,2330,UNIDT,EQ,28593,18468,64.59
20,2331,UNIECOM,EQ,560765,244093,43.53
20,2332,UNIENTER,EQ,13875,6296,45.38
20,2333,UNIHEALTH,SM,22000,12000,54.55
20,2334,UNIINFO,EQ,14259,12793,89.72
20,2335,UNIONBANK,EQ,12931210,8181219,63.27
20,2336,UNIPARTS,EQ,29933,19087,63.77
20,2337,UNITDSPR,EQ,668068,416528,62.35
20,2338,UNITEDTEA,EQ,3020,2273,75.26
20,2339,UNIVASTU,EQ,662639,349958,52.81
20,2340,UNIVCABLES,EQ,50755,29289,57.71
20,2341,UNIVPHOTO,EQ,20294,8074,39.79
20,2342,UNOMINDA,EQ,810560,468876,57.85
20,2343,UPL,EQ,1686660,803283,47.63
20,2344,URBAN,SM,29600,20400,68.92
20,2345,URJA,EQ,3507884,1354916,38.62
20,2346,USASEEDS,SM,2100,2100,100.00
20,2347,USHAMART,EQ,498311,207241,41.59
20,2348,UTIAMC,EQ,182041,104424,57.36
20,2349,UTIBANKETF,EQ,531254,421036,79.25
20,2350,UTINEXT50,EQ,112565,68330,60.70
20,2351,UTINIFTETF,EQ,73706,71797,97.41
20,2352,UTISENSETF,EQ,5723,4904,85.69
20,2353,UTISXN50,EQ,5623,3908,69.50
20,2354,UTKARSHBNK,EQ,2550138,1725291,67.65
20,2355,UTSSAV,SM,96000,61200,63.75
20,2356,UTTAMSUGAR,EQ,474586,216411,45.60
20,2357,VADILALIND,EQ,18056,9072,50.24
20,2358,VAIBHAVGBL,EQ,696008,341710,49.10
20,2359,VAISHALI,EQ,83856,46778,55.78
20,2360,VAKRANGEE,EQ,161855732,35880141,22.17
20,2361,VALIANTLAB,EQ,78583,19495,24.81
20,2362,VALIANTORG,EQ,80399,45874,57.06
20,2363,VARDHACRLC,EQ,83999,36924,43.96
20,2364,VARROC,EQ,184714,73049,39.55
20,2365,VASA,ST,16000,12000,75.00
20,2366,VASCONEQ,EQ,1250640,618991,49.49
20,2367,VASWANI,EQ,3959408,1125973,28.44
20,2368,VBL,EQ,6713774,4409213,65.67
20,2369,VDEAL,SM,56400,44400,78.72
20,2370,VEDL,EQ,19027211,7964358,41.86
20,2371,VEEKAYEM,SM,8000,6000,75.00
20,2372,VELS,SM,1200,1200,100.00
20,2373,VENKEYS,EQ,88817,44027,49.57
20,2374,VENUSPIPES,EQ,29860,17425,58.36
20,2375,VENUSREM,EQ,21560,10936,50.72
20,2376,VERITAAS,SM,3600,3600,100.00
20,2377,VERTOZ,EQ,572353,572353,100.00
20,2378,VESUVIUS,EQ,18146,9175,50.56
20,2379,VGUARD,EQ,355952,216935,60.95
20,2380,VHL,EQ,2784,1820,65.37
20,2381,VIAZ,SM,190000,152000,80.00
20,2382,VIDHIING,EQ,67840,40099,59.11
20,2383,VIESL,SM,150400,112000,74.47
20,2384,VIJAYA,EQ,2340095,414563,17.72
20,2385,VIKASECO,EQ,3433657,1934536,56.34
20,2386,VIKASLIFE,EQ,6454302,3440947,53.31
20,2387,VILAS,ST,49000,46000,93.88
20,2388,VILINBIO,SM,4000,4000,100.00
20,2389,VIMTALABS,EQ,41758,23180,55.51
20,2390,VINATIORGA,EQ,95027,47234,49.71
20,2391,VINDHYATEL,EQ,21137,12721,60.18
20,2392,VINEETLAB,EQ,119879,32128,26.80
20,2393,VINSYS,SM,23500,21000,89.36
20,2394,VINYAS,ST,6400,5600,87.50
20,2395,VINYLINDIA,EQ,25165,14185,56.37
20,2396,VIPIND,EQ,1027814,446435,43.44
20,2397,VIRINCHI,EQ,366839,184269,50.23
20,2398,VISAKAIND,EQ,158527,86573,54.61
20,2399,VISAMAN,SM,3000,3000,100.00
20,2400,VISHNU,EQ,81208,45897,56.52
20,2401,VISHNUINFR,SM,16500,10000,60.61
20,2402,VISHWARAJ,EQ,8508905,3543646,41.65
20,2403,VISHWAS,SM,4800,4800,100.00
20,2404,VITAL,ST,32400,30000,92.59
20,2405,VIVIANA,ST,6000,6000,100.00
20,2406,VIVIDHA,EQ,1364514,957830,70.20
20,2407,VIVO,SM,11200,11200,100.00
20,2408,VLEGOV,EQ,3718435,1670912,44.94
20,2409,VLINFRA,SM,24000,21000,87.50
20,2410,VLSFINANCE,EQ,745091,158307,21.25
20,2411,VMARCIND,SM,44000,36000,81.82
20,2412,VMART,EQ,30347,10830,35.69
20,2413,VOLTAMP,EQ,18357,8298,45.20
20,2414,VOLTAS,EQ,852278,388586,45.59
20,2415,VPRPL,EQ,3633497,1363771,37.53
20,2416,VR,SM,6400,3200,50.00
20,2417,VRAJ,EQ,1486720,500974,33.70
20,2418,VRLLOG,EQ,63551,27514,43.29
20,2419,VSCL,SM,411000,399000,97.08
20,2420,VSSL,EQ,633415,194338,30.68
20,2421,VSTIND,EQ,484468,259603,53.59
20,2422,VSTL,EQ,26582,18294,68.82
20,2423,VSTTILLERS,EQ,6013,3188,53.02
20,2424,VTL,EQ,672835,523547,77.81
20,2425,WABAG,EQ,419898,190859,45.45
20,2426,WALCHANNAG,EQ,207238,115985,55.97
20,2427,WALPAR,SM,16000,16000,100.00
20,2428,WCIL,EQ,1233102,772176,62.62
20,2429,WEIZMANIND,EQ,419111,133905,31.95
20,2430,WEL,EQ,36265,16655,45.93
20,2431,WELCORP,EQ,2902809,1135708,39.12
20,2432,WELENT,EQ,1265675,339869,26.85
20,2433,WELINV,EQ,1160,712,61.38
20,2434,WELSPUNLIV,EQ,3052714,1630676,53.42
20,2435,WENDT,EQ,252,178,70.63
20,2436,WESTLIFE,EQ,264619,74873,28.29
20,2437,WHEELS,EQ,16147,8997,55.72
20,2438,WHIRLPOOL,EQ,877016,382609,43.63
20,2439,WILLAMAGOR,EQ,7403,5621,75.93
20,2440,WINDLAS,EQ,38720,18067,46.66
20,2441,WINDMACHIN,EQ,97332,63193,64.93
20,2442,WINSOL,SM,36800,24000,65.22
20,2443,WIPRO,EQ,4099723,1778298,43.38
20,2444,WOL3D,ST,725000,716000,98.76
20,2445,WONDERLA,EQ,18500,8518,46.04
20,2446,WORTH,EQ,34129,19820,58.07
20,2447,WSI,EQ,50707,29456,58.09
20,2448,WSTCSTPAPR,EQ,62097,30644,49.35
20,2449,WTICAB,SM,37000,22000,59.46
20,2450,XCHANGING,EQ,138741,69053,49.77
20,2451,XELPMOC,EQ,41506,28706,69.16
20,2452,XPROINDIA,EQ,33082,27277,82.45
20,2453,XTGLOBAL,EQ,98076,50947,51.95
20,2454,YASHO,EQ,9806,6258,63.82
20,2455,YASHOPTICS,SM,54400,41600,76.47
20,2456,YATHARTH,EQ,290775,149258,51.33
20,2457,YATRA,EQ,148907,82730,55.56
20,2458,YCCL,SM,9000,6000,66.67
20,2459,YESBANK,EQ,68993440,35789727,51.87
20,2460,YUDIZ,ST,28800,26400,91.67
20,2461,YUKEN,EQ,16147,10647,65.94
20,2462,ZAGGLE,EQ,892549,327531,36.70
20,2463,ZEAL,SM,9600,6600,68.75
20,2464,ZEEL,EQ,17555649,4759502,27.11
20,2465,ZEELEARN,EQ,1074972,790152,73.50
20,2466,ZEEMEDIA,EQ,77667218,31582144,40.66
20,2467,ZENITHDRUG,SM,102400,65600,64.06
20,2468,ZENSARTECH,EQ,951560,472973,49.71
20,2469,ZENTEC,EQ,373316,118613,31.77
20,2470,ZFCVINDIA,EQ,5735,3049,53.16
20,2471,ZIMLAB,EQ,137311,82702,60.23
20,2472,ZOMATO,EQ,40976919,22769893,55.57
20,2473,ZOTA,EQ,32489,19470,59.93
20,2474,ZTECH,SM,213600,112800,52.81
20,2475,ZUARI,EQ,675844,240010,35.51
20,2476,ZUARIIND,EQ,136450,67731,49.64
20,2477,ZYDUSLIFE,EQ,2129069,1114932,52.37
20,2478,ZYDUSWELL,EQ,105053,35336,33.64
