Security Wise Delivery Position - Compulsory Rolling Settlement
10,MTO,09102024,1571867119,0002529
Trade Date <09-OCT-2024>,Settlement Type <N>
Record Type,Sr No,Name of Security,Quantity Traded,Deliverable Quantity(gross across client level),% of Deliverable Quantity to Traded Quantity
20,1,0MOFSL26,N1,10,10,100.00
20,2,1003ICCL28,NX,20,20,100.00
20,3,1015ECL29,NR,104,100,96.15
20,4,1018GS2026,GS,2935,2935,100.00
20,5,1025UCL25,N8,191,97,50.79
20,6,1030ICCL28,NM,36,36,100.00
20,7,1035UCL26,NA,72,72,100.00
20,8,1049DLS25A,Y5,16,16,100.00
20,9,1049DLSL25,NX,186,186,100.00
20,10,1050ISFL28,N5,50,50,100.00
20,11,1050NFL26,N7,276,276,100.00
20,12,1050UCL25,N7,75,75,100.00
20,13,105UCL2026,NB,30,30,100.00
20,14,1065NFL27,NC,663,663,100.00
20,15,1075NFL25,N6,1,1,100.00
20,16,1075SCL33A,N2,43,43,100.00
20,17,1075UCL25,N9,8,5,62.50
20,18,10IIFL28,N4,21,21,100.00
20,19,10IIFL29,N6,1,1,100.00
20,20,10IIFLSF27,NB,51,51,100.00
20,21,10ISFL26,N3,30,30,100.00
20,22,10NFL25,N9,21,21,100.00
20,23,10NIDO26,N6,1658,1658,100.00
20,24,10SCL30A,BV,21,13,61.90
20,25,11DLSL25,NV,592,592,100.00
20,26,11DLSL25A,Y3,38,38,100.00
20,27,182D011124,TB,1000,1000,100.00
20,28,182D051224,TB,100,100,100.00
20,29,182D060225,TB,2000,2000,100.00
20,30,182D060325,TB,200,200,100.00
20,31,182D130325,TB,100,100,100.00
20,32,182D270225,TB,100,100,100.00
20,33,182D281124,TB,8800,8800,100.00
20,34,182D300125,TB,200,200,100.00
20,35,360ONE,EQ,1013927,635943,62.72
20,36,364D030425,TB,700,700,100.00
20,37,364D070825,TB,400,400,100.00
20,38,364D110925,TB,100,100,100.00
20,39,3IINFOLTD,EQ,645369,323386,50.11
20,40,3MINDIA,EQ,4483,2076,46.31
20,41,515GS2025,GS,20,10,50.00
20,42,5PAISA,EQ,35097,14532,41.41
20,43,63MOONS,EQ,493834,210412,42.61
20,44,654GS2032,GS,1,1,100.00
20,45,667GS2035,GS,2,1,50.00
20,46,667GS2050,GS,5003,5001,99.96
20,47,676GS2061,GS,114704,114704,100.00
20,48,679GS2034,GS,2,1,50.00
20,49,68GS2060,GS,11298,11298,100.00
20,50,697GR2034,GS,400,400,100.00
20,51,699GS2026,GS,1000,1000,100.00
20,52,699GS2051,GS,1210,1210,100.00
20,53,702GS2031,GS,106,101,95.28
20,54,704GS2029,GS,100,100,100.00
20,55,706GS2028,GS,31312,14476,46.23
20,56,710GS2029,GS,1501,1301,86.68
20,57,717GS2030,GS,51635,51299,99.35
20,58,718GS2033,GS,2600,2600,100.00
20,59,718GS2037,GS,127450,124490,97.68
20,60,71GS2034,GS,675,675,100.00
20,61,723GS2039,GS,2800,2800,100.00
20,62,725GS2063,GS,27513,21913,79.65
20,63,726GS2032,GS,38150,37550,98.43
20,64,726GS2033,GS,49100,49100,100.00
20,65,727GS2026,GS,958,948,98.96
20,66,729NHAI26,NC,72,72,100.00
20,67,732GS2030,GS,3200,3200,100.00
20,68,732IRFC25,NI,1,1,100.00
20,69,733GS2026,GS,12420,12420,100.00
20,70,734GS2064,GS,12285,12240,99.63
20,71,736GS2052,GS,6,6,100.00
20,72,736PFCL28,N2,1000,1000,100.00
20,73,737GS2028,GS,7202,7202,100.00
20,74,738GS2027,GS,5529,5529,100.00
20,75,738REC27TF,N2,200,200,100.00
20,76,739NHAI26,N8,1,1,100.00
20,77,73GS2053,GS,17541,17541,100.00
20,78,741GS2036,GS,88681,88681,100.00
20,79,746GS2073,GS,19348,19348,100.00
20,80,74GS2035,GS,99,99,100.00
20,81,753IRFC30,NJ,143,143,100.00
20,82,753NTPC30E,NC,63,63,100.00
20,83,754GS2036,GS,349387,336386,96.28
20,84,760PFCL35,N3,140,140,100.00
20,85,762NTPC35F,ND,83,63,75.90
20,86,764HUDCO31,N8,21,21,100.00
20,87,764IRFC31,NO,43,43,100.00
20,88,764NABAR31,N2,600,600,100.00
20,89,767KA36,SG,100,100,100.00
20,90,769HUDCO31,N9,275,265,96.36
20,91,769NHAI31,NE,2284,1810,79.25
20,92,76NHAI31,NA,7558,6775,89.64
20,93,777PN33,SG,200,200,100.00
20,94,7865LICH26,N0,1000,1000,100.00
20,95,795GS2032,GS,11,11,100.00
20,96,797IGT31,NL,9,9,100.00
20,97,79NHIT35,N1,2500,2500,100.00
20,98,79NHIT40,N2,1157,752,65.00
20,99,79NHIT47,N3,992,992,100.00
20,100,801TCH25,N4,919,919,100.00
20,101,810IRFC27,N2,1575,1575,100.00
20,102,812REC27,NI,100,100,100.00
20,103,813GS2045,GS,1,1,100.00
20,104,81ABFL33,N5,14,14,100.00
20,105,81TCHF28,N8,600,600,100.00
20,106,824GS2027,GS,1158,1058,91.36
20,107,825IIFL25,N7,302,302,100.00
20,108,829LTF24,NL,6,6,100.00
20,109,82HUDCO27,N2,21,21,100.00
20,110,82IGT31,NJ,55,55,100.00
20,111,830NHAI27,N2,1993,1887,94.68
20,112,830PFCL27,N5,260,260,100.00
20,113,835IFL25,NV,50,50,100.00
20,114,83TCHF25,N6,57,54,94.74
20,115,840CIFCL28,N4,20,20,100.00
20,116,842IIFL26,NL,1150,993,86.35
20,117,843IHFL29,NC,742,583,78.57
20,118,849NTPC25,N7,13706,11936,87.09
20,119,84TCHF28,NA,355,345,97.18
20,120,85IIFL25,NO,10,10,100.00
20,121,865IFL28,NZ,65,65,100.00
20,122,865IIFL28,NS,782,702,89.77
20,123,865IRFC29,NA,32,32,100.00
20,124,865LTF26,NN,100,100,100.00
20,125,871REC28,N9,1205,1205,100.00
20,126,875IIFL26,NM,70,70,100.00
20,127,875NHAI29,N6,559,559,100.00
20,128,875SFL27,ZF,25,25,100.00
20,129,876HUDCO28,ND,220,220,100.00
20,130,87LTF27,NH,200,200,100.00
20,131,880IREDA34,N6,93,93,100.00
20,132,886REC34,NG,2,1,50.00
20,133,888ERFL28,N5,132,132,100.00
20,134,888IRFC29,NE,365,340,93.15
20,135,888REC29,NF,1111,850,76.51
20,136,889SCL27,YT,4,4,100.00
20,137,891IIFCL34,N4,5,5,100.00
20,138,891NTPC33,N6,2130,1509,70.85
20,139,892PFCL33,N8,1052,1001,95.15
20,140,893NHB29,N6,1,1,100.00
20,141,894SCL24,ZR,5,5,100.00
20,142,898LTF29,N7,1680,1500,89.29
20,143,8ABFL26,N0,5,5,100.00
20,144,901HUDCO34,NE,107,98,91.59
20,145,901NHB34,N6,45,28,62.22
20,146,903SFL28,YI,31,31,100.00
20,147,905LTF27,NF,223,223,100.00
20,148,910TCAP28,NA,11,11,100.00
20,149,91D051224,TB,400,300,75.00
20,150,91D151124,TB,200,200,100.00
20,151,91D211124,TB,100,100,100.00
20,152,91D241024,TB,100,100,100.00
20,153,91D281124,TB,400,400,100.00
20,154,921ISFL25,N0,10,10,100.00
20,155,925AEL26,N1,191,191,100.00
20,156,925CAGL26,N9,10,10,100.00
20,157,925SCL25B,Y3,35,35,100.00
20,158,925SCL25C,AR,58,58,100.00
20,159,925SCL26F,N1,8,8,100.00
20,160,92GS2030,GS,800,800,100.00
20,161,93SCL24,ZP,32,32,100.00
20,162,943ECL28,NJ,666,585,87.84
20,163,956AEL29,N6,4,4,100.00
20,164,957ICCL25,YW,100,100,100.00
20,165,957ISFL26,N2,19,19,100.00
20,166,957NIDO26,N5,20,20,100.00
20,167,960ISFL25,N1,100,100,100.00
20,168,965AEL27,N4,141,141,100.00
20,169,965ICCL25I,NQ,21,21,100.00
20,170,965SCL25B,Y1,4,4,100.00
20,171,965SCL25C,N0,5,5,100.00
20,172,96IIFL28,N5,1753,1351,77.07
20,173,96IIFL28A,NF,1103,802,72.71
20,174,96SFL24A,NB,23,23,100.00
20,175,970CAGL28,ND,395,395,100.00
20,176,971SCL28,AN,200,200,100.00
20,177,971SCL28A,NT,53,53,100.00
20,178,971SCL28I,BC,15,15,100.00
20,179,97MOFSL34,N7,10,10,100.00
20,180,985ECL28,NK,5,5,100.00
20,181,985IIFL22,NC,875,875,100.00
20,182,98ICCL26,NU,5,5,100.00
20,183,990SCL26,N7,132,87,65.91
20,184,99AEL29,N7,1076,1076,100.00
20,185,99IFCI24,NH,20,20,100.00
20,186,9ICCL23A,N0,2,2,100.00
20,187,9MMFSML,N2,46,46,100.00
20,188,9PCHFL31A,NA,57,55,96.49
20,189,9PEL25,N0,1480,1475,99.66
20,190,9SCL26BA,NA,5,5,100.00
20,191,AAATECH,EQ,110310,50034,45.36
20,192,AADHARHFC,EQ,1299224,585436,45.06
20,193,AAKASH,EQ,279742,189287,67.66
20,194,AARON,EQ,8659,1886,21.78
20,195,AARTECH,EQ,239696,175333,73.15
20,196,AARTIDRUGS,EQ,149651,98022,65.50
20,197,AARTIIND,EQ,1676338,1078237,64.32
20,198,AARTIPHARM,EQ,82426,45805,55.57
20,199,AARVI,EQ,888852,195588,22.00
20,200,AATMAJ,SM,10000,6000,60.00
20,201,AAVAS,EQ,194901,85000,43.61
20,202,ABAN,EQ,70267,44484,63.31
20,203,ABB,EQ,567692,188236,33.16
20,204,ABBOTINDIA,EQ,7937,3424,43.14
20,205,ABCAPITAL,EQ,4605507,1285983,27.92
20,206,ABDL,EQ,265471,127700,48.10
20,207,ABFRL,EQ,3739230,1471561,39.35
20,208,ABGSEC,EQ,1070,1068,99.81
20,209,ABINFRA,ST,6000,6000,100.00
20,210,ABSLAMC,EQ,190157,102175,53.73
20,211,ABSLBANETF,EQ,80145,57359,71.57
20,212,ABSLLIQUID,EQ,7465,4942,66.20
20,213,ABSLNN50ET,EQ,50242,32986,65.65
20,214,ABSLPSE,EQ,183731,145387,79.13
20,215,ABSMARINE,SM,29000,18000,62.07
20,216,ACC,EQ,285800,136404,47.73
20,217,ACCELYA,EQ,10693,5274,49.32
20,218,ACCENTMIC,SM,18000,12000,66.67
20,219,ACCORD,SM,6000,6000,100.00
20,220,ACE,EQ,420930,115339,27.40
20,221,ACEINTEG,EQ,21478,7857,36.58
20,222,ACI,EQ,375180,205518,54.78
20,223,ACL,EQ,26544,15431,58.13
20,224,ACLGATI,EQ,454855,201547,44.31
20,225,ACSAL,ST,30000,27000,90.00
20,226,ADANIENSOL,EQ,1752790,764215,43.60
20,227,ADANIENT,EQ,897335,325893,36.32
20,228,ADANIGREEN,EQ,542956,240618,44.32
20,229,ADANIPORTS,EQ,1507508,487390,32.33
20,230,ADANIPOWER,EQ,1270367,524475,41.29
20,231,ADFFOODS,EQ,5952440,861158,14.47
20,232,ADORWELD,EQ,12770,5812,45.51
20,233,ADROITINFO,EQ,2861438,683400,23.88
20,234,ADROITPP1,E1,113825,91501,80.39
20,235,ADSL,EQ,1299563,443329,34.11
20,236,ADVANIHOTR,EQ,62087,37494,60.39
20,237,ADVENZYMES,EQ,143253,62754,43.81
20,238,AEGISLOG,EQ,575955,191967,33.33
20,239,AEROFLEX,EQ,2545766,667623,26.22
20,240,AERON,SM,33000,27000,81.82
20,241,AESTHETIK,SM,40000,26000,65.00
20,242,AETHER,EQ,83906,65617,78.20
20,243,AFFLE,EQ,475918,164679,34.60
20,244,AFIL,EQ,160987,54895,34.10
20,245,AGARIND,EQ,15771,9529,60.42
20,246,AGI,EQ,101943,45968,45.09
20,247,AGIIL,EQ,6706,3038,45.30
20,248,AGNI,SM,12500,12500,100.00
20,249,AGRITECH,EQ,61166,38827,63.48
20,250,AGROPHOS,EQ,104900,42562,40.57
20,251,AGSTRA,EQ,284519,140340,49.33
20,252,AGUL,SM,2000,2000,100.00
20,253,AHIMSA,ST,144000,144000,100.00
20,254,AHL,EQ,291474,172703,59.25
20,255,AHLADA,EQ,36196,13592,37.55
20,256,AHLEAST,EQ,18344,7716,42.06
20,257,AHLUCONT,EQ,70335,38405,54.60
20,258,AIAENG,EQ,54694,32841,60.04
20,259,AIIL,EQ,159082,81350,51.14
20,260,AIMTRON,ST,138400,136800,98.84
20,261,AIROLAM,EQ,34333,12566,36.60
20,262,AIRTELPP,E1,92670,55128,59.49
20,263,AISL,SM,27600,24000,86.96
20,264,AJANTPHARM,EQ,258936,191291,73.88
20,265,AJMERA,EQ,66585,18769,28.19
20,266,AKANKSHA,SM,74000,50000,67.57
20,267,AKASH,EQ,28277,9266,32.77
20,268,AKG,EQ,232695,148020,63.61
20,269,AKI,EQ,67142,40388,60.15
20,270,AKIKO,SM,38400,30400,79.17
20,271,AKSHAR,EQ,1624092,857256,52.78
20,272,AKSHARCHEM,EQ,7229,4524,62.58
20,273,AKSHOPTFBR,EQ,263783,175365,66.48
20,274,AKUMS,EQ,76046,50593,66.53
20,275,AKZOINDIA,EQ,164101,36386,22.17
20,276,ALANKIT,EQ,557927,258218,46.28
20,277,ALEMBICLTD,EQ,498716,192204,38.54
20,278,ALICON,EQ,12767,5350,41.90
20,279,ALKALI,EQ,29092,18726,64.37
20,280,ALKEM,EQ,142064,67376,47.43
20,281,ALKYLAMINE,EQ,49198,20404,41.47
20,282,ALLCARGO,EQ,1745733,800227,45.84
20,283,ALLDIGI,EQ,14546,6908,47.49
20,284,ALLETEC,SM,26400,17600,66.67
20,285,ALOKINDS,EQ,13830841,3085750,22.31
20,286,ALPEXSOLAR,SM,100000,55200,55.20
20,287,ALPHA,EQ,1163053,771522,66.34
20,288,ALPHAETF,EQ,661469,553180,83.63
20,289,ALPL30IETF,EQ,1901161,1578156,83.01
20,290,ALUWIND,ST,45000,42000,93.33
20,291,AMBANIORGO,SM,2000,2000,100.00
20,292,AMBER,EQ,269085,66820,24.83
20,293,AMBEY,SM,36000,30000,83.33
20,294,AMBICAAGAR,EQ,14250,8738,61.32
20,295,AMBIKCO,EQ,6525,3685,56.48
20,296,AMBUJACEM,EQ,3148946,2054722,65.25
20,297,AMDIND,EQ,11907,7635,64.12
20,298,AMEYA,ST,4000,4000,100.00
20,299,AMIORG,EQ,118940,37937,31.90
20,300,AMNPLST,EQ,9990,6539,65.46
20,301,AMRUTANJAN,EQ,36110,24856,68.83
20,302,ANANDRATHI,EQ,111747,59715,53.44
20,303,ANANTRAJ,EQ,1291075,503653,39.01
20,304,ANDHRAPAP,EQ,161484,81556,50.50
20,305,ANDHRSUGAR,EQ,130449,62982,48.28
20,306,ANGELONE,EQ,777061,184642,23.76
20,307,ANLON,SM,2000,1600,80.00
20,308,ANNAPURNA,SM,76500,57500,75.16
20,309,ANUP,EQ,55794,22831,40.92
20,310,ANURAS,EQ,63042,24461,38.80
20,311,APARINDS,EQ,125426,42211,33.65
20,312,APCL,EQ,22931,10309,44.96
20,313,APCOTEXIND,EQ,8934,5262,58.90
20,314,APEX,EQ,65526,27700,42.27
20,315,APLAPOLLO,EQ,227561,120849,53.11
20,316,APLLTD,EQ,789467,357304,45.26
20,317,APOLLO,EQ,809373,387317,47.85
20,318,APOLLOHOSP,EQ,391824,237927,60.72
20,319,APOLLOPIPE,EQ,26866,12705,47.29
20,320,APOLLOTYRE,EQ,1901453,900580,47.36
20,321,APOLSINHOT,EQ,6425,3553,55.30
20,322,APRAMEYA,SM,2000,2000,100.00
20,323,APS,ST,11500,11500,100.00
20,324,APTECHT,EQ,85985,44696,51.98
20,325,APTUS,EQ,3128454,1019963,32.60
20,326,ARABIAN,SM,2000,2000,100.00
20,327,ARCHIDPLY,EQ,13469,11072,82.20
20,328,ARE&M,EQ,596984,234138,39.22
20,329,ARHAM,SM,26000,23000,88.46
20,330,ARIES,EQ,26723,14295,53.49
20,331,ARIHANTACA,SM,800,800,100.00
20,332,ARIHANTCAP,EQ,333073,136371,40.94
20,333,ARIHANTSUP,EQ,81095,49532,61.08
20,334,ARISTO,SM,3200,3200,100.00
20,335,ARKADE,EQ,1498250,545639,36.42
20,336,ARMANFIN,EQ,27725,14212,51.26
20,337,AROGRANITE,EQ,23914,11285,47.19
20,338,ARROWGREEN,EQ,24831,11011,44.34
20,339,ARTEMISMED,EQ,92113,59400,64.49
20,340,ARVEE,EQ,3392,783,23.08
20,341,ARVIND,EQ,210693,84566,40.14
20,342,ARVINDFASN,EQ,2134322,1470838,68.91
20,343,ARVSMART,EQ,205662,62037,30.16
20,344,ASAHIINDIA,EQ,132371,39419,29.78
20,345,ASAL,EQ,19646,9490,48.30
20,346,ASALCBR,EQ,16528,7571,45.81
20,347,ASHALOG,SM,38000,34000,89.47
20,348,ASHAPURMIN,EQ,78353,51619,65.88
20,349,ASHIANA,EQ,115902,57866,49.93
20,350,ASHOKA,EQ,1278831,513457,40.15
20,351,ASHOKAMET,EQ,68474,54923,80.21
20,352,ASHOKLEY,EQ,25018412,8965296,35.83
20,353,ASIANENE,EQ,79562,46475,58.41
20,354,ASIANHOTNR,EQ,8592,4934,57.43
20,355,ASIANPAINT,EQ,1225598,703918,57.43
20,356,ASIANTILES,EQ,632999,276060,43.61
20,357,ASKAUTOLTD,EQ,319188,165941,51.99
20,358,ASLIND,SM,10000,10000,100.00
20,359,ASMS,EQ,915950,418398,45.68
20,360,ASPINWALL,EQ,7977,3493,43.79
20,361,ASPIRE,SM,10000,10000,100.00
20,362,ASTEC,EQ,16680,8129,48.74
20,363,ASTERDM,EQ,484631,248895,51.36
20,364,ASTRAL,EQ,340800,179371,52.63
20,365,ASTRAMICRO,EQ,178905,86384,48.28
20,366,ASTRAZEN,EQ,89896,10383,11.55
20,367,ASTRON,EQ,41926,30779,73.41
20,368,ATALREAL,EQ,6745394,4227558,62.67
20,369,ATAM,EQ,37943,26615,70.14
20,370,ATFL,EQ,23871,13445,56.32
20,371,ATGL,EQ,452788,140245,30.97
20,372,ATL,EQ,381546,199575,52.31
20,373,ATMASTCO,ST,37600,36800,97.87
20,374,ATUL,EQ,59156,24480,41.38
20,375,ATULAUTO,EQ,37756,28136,74.52
20,376,AUBANK,EQ,3300198,893242,27.07
20,377,AURDIS,SM,13500,9000,66.67
20,378,AURIONPRO,EQ,38887,30927,79.53
20,379,AUROIMPEX,SM,6400,4800,75.00
20,380,AUROPHARMA,EQ,791236,376069,47.53
20,381,AURUMPP1,X1,17494,16493,94.28
20,382,AUSL,SM,102000,100000,98.04
20,383,AUSOMENT,EQ,162855,62009,38.08
20,384,AUTOAXLES,EQ,3222,2056,63.81
20,385,AUTOBEES,EQ,106708,58582,54.90
20,386,AUTOIETF,EQ,608882,389247,63.93
20,387,AUTOIND,EQ,135869,57671,42.45
20,388,AVADHSUGAR,EQ,95940,28374,29.57
20,389,AVALON,EQ,183925,62195,33.82
20,390,AVANTEL,EQ,2623283,797914,30.42
20,391,AVANTIFEED,EQ,225576,73761,32.70
20,392,AVG,EQ,57628,37041,64.28
20,393,AVIANSH,ST,142000,134000,94.37
20,394,AVPINFRA,ST,35200,32000,90.91
20,395,AVSL,ST,6000,6000,100.00
20,396,AVTNPL,EQ,72472,39585,54.62
20,397,AWFIS,EQ,225661,82046,36.36
20,398,AWHCL,EQ,680049,309412,45.50
20,399,AWL,EQ,856557,389144,45.43
20,400,AXISBANK,EQ,9807734,4742335,48.35
20,401,AXISBNKETF,EQ,2052,1617,78.80
20,402,AXISBPSETF,EQ,18370,12398,67.49
20,403,AXISCADES,EQ,158352,74346,46.95
20,404,AXISCETF,EQ,3486,2950,84.62
20,405,AXISGOLD,EQ,2272648,2207603,97.14
20,406,AXISHCETF,EQ,3739,2738,73.23
20,407,AXISILVER,EQ,40270,33915,84.22
20,408,AXISNIFTY,EQ,7435,5710,76.80
20,409,AXISTECETF,EQ,3606,3119,86.49
20,410,AXITA,EQ,6229038,2340008,37.57
20,411,AXSENSEX,EQ,37977,31554,83.09
20,412,AZAD,EQ,138396,61270,44.27
20,413,BABAFP,SM,28800,19200,66.67
20,414,BAGFILMS,EQ,832332,454339,54.59
20,415,BAHETI,SM,11250,10500,93.33
20,416,BAJAJ-AUTO,EQ,193883,77082,39.76
20,417,BAJAJCON,EQ,328941,225657,68.60
20,418,BAJAJELEC,EQ,97536,49523,50.77
20,419,BAJAJFINSV,EQ,1411255,746220,52.88
20,420,BAJAJHCARE,EQ,29733,16677,56.09
20,421,BAJAJHFL,EQ,71834457,16170481,22.51
20,422,BAJAJHIND,EQ,10066324,3549510,35.26
20,423,BAJAJHLDNG,EQ,16202,7508,46.34
20,424,BAJEL,EQ,207918,90660,43.60
20,425,BAJFINANCE,EQ,1054375,474050,44.96
20,426,BALAJEE,EQ,293886,147023,50.03
20,427,BALAMINES,EQ,23771,8705,36.62
20,428,BALAXI,EQ,52500,41541,79.13
20,429,BALCO,ST,10800,9600,88.89
20,430,BALKRISHNA,EQ,227139,122613,53.98
20,431,BALKRISIND,EQ,375908,225927,60.10
20,432,BALMLAWRIE,EQ,180089,100624,55.87
20,433,BALRAMCHIN,EQ,842805,242341,28.75
20,434,BALUFORGE,EQ,495827,230592,46.51
20,435,BANARBEADS,EQ,20169,6680,33.12
20,436,BANARISUG,EQ,1276,820,64.26
20,437,BANCOINDIA,EQ,139729,42582,30.47
20,438,BANDHANBNK,EQ,8315684,3242112,38.99
20,439,BANG,EQ,26296,19479,74.08
20,440,BANKA,EQ,35804,29868,83.42
20,441,BANKBARODA,EQ,19792122,5846124,29.54
20,442,BANKBEES,EQ,1936274,1646565,85.04
20,443,BANKBETF,EQ,41820,34904,83.46
20,444,BANKETF,EQ,12397,11036,89.02
20,445,BANKETFADD,EQ,13462,10660,79.19
20,446,BANKIETF,EQ,186655,119862,64.22
20,447,BANKINDIA,EQ,3576172,1561056,43.65
20,448,BANKNIFTY1,EQ,51473,29067,56.47
20,449,BANKPSU,EQ,7675,4342,56.57
20,450,BANSALWIRE,EQ,152738,69921,45.78
20,451,BANSWRAS,EQ,38900,22814,58.65
20,452,BARBEQUE,EQ,127673,55226,43.26
20,453,BASF,EQ,43466,21980,50.57
20,454,BASILIC,SM,51600,43500,84.30
20,455,BATAINDIA,EQ,274924,188896,68.71
20,456,BAWEJA,SM,4000,1600,40.00
20,457,BAYERCROP,EQ,49753,19342,38.88
20,458,BBETF0432,EQ,1091,1026,94.04
20,459,BBL,EQ,46864,22444,47.89
20,460,BBNPNBETF,EQ,104,100,96.15
20,461,BBNPPGOLD,EQ,510,474,92.94
20,462,BBOX,EQ,123743,87931,71.06
20,463,BBTC,EQ,78006,23947,30.70
20,464,BBTCL,EQ,3551,2201,61.98
20,465,BCLIND,EQ,1480353,555724,37.54
20,466,BCONCEPTS,EQ,19447,12618,64.88
20,467,BDL,EQ,1016251,352819,34.72
20,468,BEACON,SM,66000,42000,63.64
20,469,BEARDSELL,EQ,463349,168348,36.33
20,470,BECTORFOOD,EQ,128587,57855,44.99
20,471,BEDMUTHA,EQ,48047,28999,60.36
20,472,BEL,EQ,18984175,8059852,42.46
20,473,BEML,EQ,88378,30146,34.11
20,474,BEPL,EQ,787049,297626,37.82
20,475,BERGEPAINT,EQ,895473,415166,46.36
20,476,BESTAGRO,EQ,18022,8880,49.27
20,477,BETA,SM,2500,2100,84.00
20,478,BEWLTD,SM,1375,1375,100.00
20,479,BFINVEST,EQ,94777,23607,24.91
20,480,BFSI,EQ,295734,242759,82.09
20,481,BFUTILITIE,EQ,984615,276875,28.12
20,482,BHAGCHEM,EQ,51046,30658,60.06
20,483,BHAGERIA,EQ,117837,65243,55.37
20,484,BHAGYANGR,EQ,37098,18539,49.97
20,485,BHANDARI,EQ,421172,280182,66.52
20,486,BHARATFORG,EQ,1303802,827225,63.45
20,487,BHARATGEAR,EQ,10965,7389,67.39
20,488,BHARATRAS,EQ,1761,672,38.16
20,489,BHARATWIRE,EQ,227630,107719,47.32
20,490,BHARTIARTL,EQ,3414614,1916793,56.13
20,491,BHARTIHEXA,EQ,559806,226323,40.43
20,492,BHEL,EQ,8894689,2132734,23.98
20,493,BHINVIT,IV,235516,226686,96.25
20,494,BIGBLOC,EQ,217236,74072,34.10
20,495,BIKAJI,EQ,370919,169639,45.73
20,496,BIKEWO,ST,336000,324000,96.43
20,497,BIOCON,EQ,1874883,492623,26.27
20,498,BIOFILCHEM,EQ,100620,52484,52.16
20,499,BIRET,RR,253961,212913,83.84
20,500,BIRLACABLE,EQ,36638,18808,51.33
20,501,BIRLACORPN,EQ,609134,528372,86.74
20,502,BLAL,EQ,69469,37830,54.46
20,503,BLISSGVS,EQ,264204,98334,37.22
20,504,BLKASHYAP,EQ,343349,206937,60.27
20,505,BLS,EQ,931265,321860,34.56
20,506,BLSE,EQ,204232,74432,36.44
20,507,BLUEDART,EQ,24880,6724,27.03
20,508,BLUEJET,EQ,43643,22843,52.34
20,509,BLUEPEBBLE,SM,11200,8000,71.43
20,510,BLUESTARCO,EQ,764585,329856,43.14
20,511,BMETRICS,SM,8000,5600,70.00
20,512,BODALCHEM,EQ,477777,222637,46.60
20,513,BOMDYEING,EQ,1978613,730490,36.92
20,514,BOROLTD,EQ,116517,75452,64.76
20,515,BORORENEW,EQ,183601,81276,44.27
20,516,BOROSCI,EQ,65259,29054,44.52
20,517,BOSCHLTD,EQ,42324,12174,28.76
20,518,BOSS,SM,56000,16000,28.57
20,519,BPCL,EQ,13523561,4923230,36.40
20,520,BPL,EQ,84627,57460,67.90
20,521,BRACEPORT,SM,153600,113600,73.96
20,522,BRIGADE,EQ,162049,55730,34.39
20,523,BRITANNIA,EQ,551094,357696,64.91
20,524,BRNL,EQ,90100,39963,44.35
20,525,BSE,EQ,5523535,1017483,18.42
20,526,BSE500IETF,EQ,179133,108838,60.76
20,527,BSHSL,EQ,49116,27419,55.82
20,528,BSL,EQ,79179,17928,22.64
20,529,BSLGOLDETF,EQ,36794,24263,65.94
20,530,BSLNIFTY,EQ,387052,280122,72.37
20,531,BSLSENETFG,EQ,15105,11663,77.21
20,532,BSOFT,EQ,2121113,745656,35.15
20,533,BULKCORP,SM,46800,19200,41.03
20,534,BUTTERFLY,EQ,43644,24208,55.47
20,535,BVCL,EQ,15554,11312,72.73
20,536,BYKE,EQ,54195,26314,48.55
20,537,CADSYS,ST,3500,3000,85.71
20,538,CAMLINFINE,EQ,466499,247493,53.05
20,539,CAMPUS,EQ,3001877,760900,25.35
20,540,CAMS,EQ,169139,59697,35.29
20,541,CANARYS,SM,64000,36000,56.25
20,542,CANBK,EQ,28593344,8105471,28.35
20,543,CANFINHOME,EQ,555932,186516,33.55
20,544,CANTABIL,EQ,119753,89836,75.02
20,545,CAPACITE,EQ,714164,287905,40.31
20,546,CAPITALSFB,EQ,34727,22968,66.14
20,547,CAPLIPOINT,EQ,150793,56634,37.56
20,548,CARBORUNIV,EQ,200592,154581,77.06
20,549,CARERATING,EQ,187248,88356,47.19
20,550,CARTRADE,EQ,71117,34284,48.21
20,551,CARYSIL,EQ,65341,32049,49.05
20,552,CASTROLIND,EQ,3198838,1168771,36.54
20,553,CCL,EQ,112608,63775,56.63
20,554,CDSL,EQ,10862241,2208194,20.33
20,555,CEATLTD,EQ,62672,18977,30.28
20,556,CEIGALL,EQ,212982,95705,44.94
20,557,CELEBRITY,EQ,71405,52989,74.21
20,558,CELLECOR,ST,318000,318000,100.00
20,559,CELLO,EQ,60931,37891,62.19
20,560,CELLPOINT,SM,18000,13200,73.33
20,561,CENTENKA,EQ,22661,12139,53.57
20,562,CENTRALBK,EQ,3817682,1337143,35.02
20,563,CENTRUM,EQ,922291,284198,30.81
20,564,CENTUM,EQ,9034,5514,61.04
20,565,CENTURYPLY,EQ,186065,148153,79.62
20,566,CENTURYTEX,EQ,115737,34689,29.97
20,567,CERA,EQ,20660,10223,49.48
20,568,CESC,EQ,2652063,943985,35.59
20,569,CGCL,EQ,358773,116071,32.35
20,570,CGPOWER,EQ,4717387,1682452,35.66
20,571,CGRAPHICS,SM,9600,9600,100.00
20,572,CHALET,EQ,216871,60217,27.77
20,573,CHAMBLFERT,EQ,1160116,339501,29.26
20,574,CHAVDA,SM,95000,68000,71.58
20,575,CHEMBOND,EQ,4992,3054,61.18
20,576,CHEMCON,EQ,45092,16479,36.55
20,577,CHEMFAB,EQ,20871,10446,50.05
20,578,CHEMPLASTS,EQ,172417,98242,56.98
20,579,CHENNPETRO,EQ,267720,112158,41.89
20,580,CHETANA,SM,6400,3200,50.00
20,581,CHEVIOT,EQ,1834,1236,67.39
20,582,CHOICEIN,EQ,1265929,322448,25.47
20,583,CHOLAFIN,EQ,1777352,1226709,69.02
20,584,CHOLAHLDNG,EQ,142694,72901,51.09
20,585,CIEINDIA,EQ,125183,54122,43.23
20,586,CIGNITITEC,EQ,118696,96476,81.28
20,587,CINELINE,EQ,12671,7403,58.42
20,588,CINEVISTA,EQ,34461,29752,86.34
20,589,CIPLA,EQ,1671718,645931,38.64
20,590,CLEAN,EQ,191680,146325,76.34
20,591,CLOUD,ST,70000,55000,78.57
20,592,CLSEL,EQ,211397,108948,51.54
20,593,CLSL,SM,26000,18000,69.23
20,594,CMMIPL,ST,9000,9000,100.00
20,595,CMNL,ST,27000,25500,94.44
20,596,CMRSL,SM,1600,1600,100.00
20,597,CMSINFO,EQ,648296,295290,45.55
20,598,COALINDIA,EQ,6874313,4161825,60.54
20,599,COASTCORP,EQ,15908,11005,69.18
20,600,COFORGE,EQ,291026,120913,41.55
20,601,COLPAL,EQ,193656,108108,55.82
20,602,COMMITTED,SM,6400,6400,100.00
20,603,COMMOIETF,EQ,47932,32583,67.98
20,604,COMPUSOFT,EQ,103691,52354,50.49
20,605,COMSYN,EQ,351038,27179,7.74
20,606,CONCOR,EQ,702284,364970,51.97
20,607,CONCORDBIO,EQ,79768,39278,49.24
20,608,CONFIPET,EQ,451612,228028,50.49
20,609,CONS,EQ,4221,3636,86.14
20,610,CONSOFINVT,EQ,10860,6273,57.76
20,611,CONSUMBEES,EQ,100638,82658,82.13
20,612,CONSUMIETF,EQ,19895,10247,51.51
20,613,CONTI,ST,3333,3333,100.00
20,614,CONTROLPR,EQ,10321,6246,60.52
20,615,COOLCAPS,ST,14500,14250,98.28
20,616,CORDSCABLE,EQ,36915,26823,72.66
20,617,COROMANDEL,EQ,618039,323948,52.42
20,618,COSMOFIRST,EQ,25783,14463,56.10
20,619,COUNCODOS,EQ,58706,38950,66.35
20,620,CPS,ST,600,600,100.00
20,621,CPSEETF,EQ,1927389,954899,49.54
20,622,CRAFTSMAN,EQ,26852,8842,32.93
20,623,CRAYONS,SM,46000,39000,84.78
20,624,CREATIVE,EQ,71506,34176,47.79
20,625,CREATIVEYE,EQ,4998,3683,73.69
20,626,CREDITACC,EQ,185323,98629,53.22
20,627,CREST,EQ,50577,26113,51.63
20,628,CRISIL,EQ,23362,10108,43.27
20,629,CROMPTON,EQ,2333123,1099716,47.13
20,630,CSBBANK,EQ,145977,66122,45.30
20,631,CSLFINANCE,EQ,23038,13057,56.68
20,632,CUB,EQ,1015250,439245,43.26
20,633,CUBEXTUB,EQ,60775,35057,57.68
20,634,CUMMINSIND,EQ,322648,144766,44.87
20,635,CYBERMEDIA,EQ,1085661,466557,42.97
20,636,CYIENT,EQ,177281,113022,63.75
20,637,CYIENTDLM,EQ,310832,201846,64.94
20,638,DABUR,EQ,3580212,2476033,69.16
20,639,DALBHARAT,EQ,280596,118548,42.25
20,640,DALMIASUG,EQ,241051,76883,31.89
20,641,DAMODARIND,EQ,19900,12678,63.71
20,642,DANGEE,EQ,297796,94383,31.69
20,643,DATAMATICS,EQ,363425,105174,28.94
20,644,DATAPATTNS,EQ,247115,89896,36.38
20,645,DAVANGERE,EQ,2190219,1391669,63.54
20,646,DBCORP,EQ,538709,177935,33.03
20,647,DBL,EQ,238319,96285,40.40
20,648,DBOL,EQ,134582,83032,61.70
20,649,DBREALTY,EQ,1886936,1056229,55.98
20,650,DBSTOCKBRO,EQ,442862,163885,37.01
20,651,DCAL,EQ,386595,213705,55.28
20,652,DCBBANK,EQ,636058,280627,44.12
20,653,DCG,SM,52800,48000,90.91
20,654,DCMNVL,EQ,9573,6963,72.74
20,655,DCMSHRIRAM,EQ,30402,18524,60.93
20,656,DCMSRIND,EQ,148071,59184,39.97
20,657,DCW,EQ,4690278,1205142,25.69
20,658,DCXINDIA,EQ,159045,112812,70.93
20,659,DECCANCE,EQ,9653,6355,65.83
20,660,DECCANTRAN,SM,301200,200400,66.53
20,661,DEEDEV,EQ,195268,72913,37.34
20,662,DEEM,SM,2000,2000,100.00
20,663,DEEPAKFERT,EQ,485101,182611,37.64
20,664,DEEPAKNTR,EQ,205128,115580,56.35
20,665,DEEPINDS,EQ,462715,254576,55.02
20,666,DELAPLEX,SM,10800,6000,55.56
20,667,DELHIVERY,EQ,3896722,2907637,74.62
20,668,DELTACORP,EQ,686374,283833,41.35
20,669,DELTAMAGNT,EQ,8379,5321,63.50
20,670,DEN,EQ,1300933,593085,45.59
20,671,DENEERS,SM,15600,12000,76.92
20,672,DENORA,EQ,3697,2118,57.29
20,673,DENTALKART,SM,24750,17750,71.72
20,674,DESTINY,ST,45000,45000,100.00
20,675,DEVIT,EQ,100898,39747,39.39
20,676,DEVYANI,EQ,2441577,1491060,61.07
20,677,DHAMPURSUG,EQ,298793,112330,37.59
20,678,DHANBANK,EQ,2191023,867337,39.59
20,679,DHANI,EQ,28096082,11313805,40.27
20,680,DHANUKA,EQ,9985,3840,38.46
20,681,DHARIWAL,SM,16800,13200,78.57
20,682,DHARMAJ,EQ,51700,28927,55.95
20,683,DHTL,ST,12800,11200,87.50
20,684,DHUNINV,EQ,1152,661,57.38
20,685,DIAMINESQ,EQ,5689,3937,69.20
20,686,DIAMONDYD,EQ,336108,146004,43.44
20,687,DIGIDRIVE,EQ,73997,48163,65.09
20,688,DIGIKORE,SM,21800,16000,73.39
20,689,DIL,EQ,232262,171163,73.69
20,690,DISHTV,EQ,14682073,2992597,20.38
20,691,DIVGIITTS,EQ,58931,37833,64.20
20,692,DIVISLAB,EQ,3022787,925397,30.61
20,693,DIVOPPBEES,EQ,75211,61949,82.37
20,694,DIVYADHAN,ST,52000,50000,96.15
20,695,DIXON,EQ,716292,184550,25.76
20,696,DKEGL,SM,1500,1500,100.00
20,697,DLF,EQ,3340138,1616063,48.38
20,698,DLINKINDIA,EQ,351320,117162,33.35
20,699,DMART,EQ,1059581,638660,60.27
20,700,DMCC,EQ,9852,6506,66.04
20,701,DODLA,EQ,23372,9854,42.16
20,702,DOLATALGO,EQ,1029560,427816,41.55
20,703,DOLLAR,EQ,63676,35551,55.83
20,704,DOLLEX,SM,28000,16000,57.14
20,705,DOMS,EQ,61106,18231,29.84
20,706,DPABHUSHAN,EQ,153605,43532,28.34
20,707,DPEL,SM,324000,183000,56.48
20,708,DPSCLTD,EQ,596386,320748,53.78
20,709,DPWIRES,EQ,40863,25018,61.22
20,710,DRCSYSTEMS,EQ,109241,81638,74.73
20,711,DREAMFOLKS,EQ,113757,52484,46.14
20,712,DREDGECORP,EQ,37380,32681,87.43
20,713,DRONE,ST,48000,43000,89.58
20,714,DRREDDY,EQ,336073,183847,54.70
20,715,DRSDILIP,ST,40000,40000,100.00
20,716,DSSL,EQ,23259,11190,48.11
20,717,DTIL,EQ,45879,18587,40.51
20,718,DTL,SM,56400,54000,95.74
20,719,DUCOL,SM,3200,3200,100.00
20,720,DUCON,EQ,594006,387959,65.31
20,721,DUGLOBAL,SM,375000,367500,98.00
20,722,DURLAX,SM,12000,10000,83.33
20,723,DVL,EQ,31962,17103,53.51
20,724,DWARKESH,EQ,973792,414322,42.55
20,725,DYCL,EQ,17963,10310,57.40
20,726,DYNAMATECH,EQ,16740,7509,44.86
20,727,DYNAMIC,ST,36000,34000,94.44
20,728,EASEMYTRIP,EQ,55964013,11509378,20.57
20,729,EBANKNIFTY,EQ,2713,1226,45.19
20,730,EBBETF0425,EQ,3235,3123,96.54
20,731,EBBETF0430,EQ,5767,5556,96.34
20,732,EBBETF0431,EQ,2774,2276,82.05
20,733,EBBETF0433,EQ,7356,6966,94.70
20,734,ECLERX,EQ,114798,56081,48.85
20,735,ECOSMOBLTY,EQ,410707,100504,24.47
20,736,EDELWEISS,EQ,4226453,2091771,49.49
20,737,EFACTOR,SM,13600,11200,82.35
20,738,EFFWA,ST,166400,134400,80.77
20,739,EFORCE,SM,30000,15600,52.00
20,740,EGOLD,EQ,104763,102857,98.18
20,741,EICHERMOT,EQ,930717,684101,73.50
20,742,EIDPARRY,EQ,181750,75725,41.66
20,743,EIHAHOTELS,EQ,64237,31345,48.80
20,744,EIHOTEL,EQ,916201,556473,60.74
20,745,EIMCOELECO,EQ,6576,3935,59.84
20,746,EKC,EQ,2094333,768570,36.70
20,747,ELDEHSG,EQ,611,312,51.06
20,748,ELECON,EQ,428209,285498,66.67
20,749,ELECTCAST,EQ,1828711,735838,40.24
20,750,ELGIEQUIP,EQ,1289206,134158,10.41
20,751,ELIN,EQ,276857,133161,48.10
20,752,EMAMILTD,EQ,447675,238383,53.25
20,753,EMAMIPAP,EQ,31265,13795,44.12
20,754,EMAMIREAL,EQ,110065,78952,71.73
20,755,EMBASSY,RR,1684248,1598311,94.90
20,756,EMBDL,EQ,4522712,1842239,40.73
20,757,EMCURE,EQ,372952,216845,58.14
20,758,EMIL,EQ,587428,299223,50.94
20,759,EMKAYTOOLS,SM,300,300,100.00
20,760,EMMBI,EQ,23266,13107,56.34
20,761,EMMIL,SM,2000,2000,100.00
20,762,EMSLIMITED,EQ,156771,85619,54.61
20,763,EMUDHRA,EQ,1720299,456011,26.51
20,764,ENDURANCE,EQ,83040,49866,60.05
20,765,ENERGYDEV,EQ,52427,41098,78.39
20,766,ENFUSE,SM,7200,4800,66.67
20,767,ENGINERSIN,EQ,2294359,786607,34.28
20,768,ENIL,EQ,27857,18082,64.91
20,769,ENSER,ST,12000,12000,100.00
20,770,ENTERO,EQ,37306,20775,55.69
20,771,ENVIRO,SM,644000,246000,38.20
20,772,EPIGRAL,EQ,39009,18169,46.58
20,773,EPL,EQ,2172732,1312863,60.42
20,774,EQUAL50ADD,EQ,9377,8209,87.54
20,775,EQUITASBNK,EQ,2008920,969367,48.25
20,776,ERIS,EQ,284772,129800,45.58
20,777,EROSMEDIA,EQ,1156588,679764,58.77
20,778,ESABINDIA,EQ,2212,1288,58.23
20,779,ESAFSFB,EQ,1031526,711509,68.98
20,780,ESCONET,ST,100000,94400,94.40
20,781,ESCORTS,EQ,470400,124016,26.36
20,782,ESFL,ST,96600,96000,99.38
20,783,ESG,EQ,15552,13457,86.53
20,784,ESILVER,EQ,215026,214591,99.80
20,785,ESPRIT,SM,3200,3200,100.00
20,786,ESSENTIA,EQ,4399398,2595205,58.99
20,787,ESTER,EQ,252872,82222,32.52
20,788,ETHOSLTD,EQ,44382,23716,53.44
20,789,EUREKAFORB,EQ,122674,70374,57.37
20,790,EUROBOND,SM,4000,3000,75.00
20,791,EVEREADY,EQ,136116,39387,28.94
20,792,EVERESTIND,EQ,5246,2788,53.15
20,793,EVINDIA,EQ,381145,300922,78.95
20,794,EXCEL,EQ,13331069,5311222,39.84
20,795,EXCELINDUS,EQ,35969,19476,54.15
20,796,EXCELLENT,SM,12800,12800,100.00
20,797,EXICOM,EQ,270424,222661,82.34
20,798,EXIDEIND,EQ,13196334,3120682,23.65
20,799,EXPLEOSOL,EQ,11379,8567,75.29
20,800,EXXARO,EQ,185703,91154,49.09
20,801,FACT,EQ,168021,52528,31.26
20,802,FAIRCHEMOR,EQ,24215,12796,52.84
20,803,FALCONTECH,SM,4800,3600,75.00
20,804,FAZE3Q,EQ,9749,6173,63.32
20,805,FCL,EQ,379372,122403,32.26
20,806,FCSSOFT,EQ,4188445,2248797,53.69
20,807,FDC,EQ,311609,108635,34.86
20,808,FEDERALBNK,EQ,17928394,6111219,34.09
20,809,FEDFINA,EQ,329708,188204,57.08
20,810,FELIX,ST,116000,103500,89.22
20,811,FIDEL,SM,15000,14000,93.33
20,812,FIEMIND,EQ,42779,21117,49.36
20,813,FILATEX,EQ,814789,345060,42.35
20,814,FINCABLES,EQ,305576,163064,53.36
20,815,FINEORG,EQ,14386,5358,37.24
20,816,FINIETF,EQ,132511,108174,81.63
20,817,FINOPB,EQ,296742,134118,45.20
20,818,FINPIPE,EQ,912744,342804,37.56
20,819,FIRSTCRY,EQ,347463,288308,82.98
20,820,FIVESTAR,EQ,788258,415164,52.67
20,821,FLAIR,EQ,48397,25227,52.13
20,822,FLUOROCHEM,EQ,393843,148484,37.70
20,823,FMCGIETF,EQ,1321404,1221783,92.46
20,824,FMGOETZE,EQ,63826,39801,62.36
20,825,FOCE,ST,200,200,100.00
20,826,FONEBOX,SM,1000,1000,100.00
20,827,FOODSIN,EQ,75209,37524,49.89
20,828,FORCAS,SM,9600,9600,100.00
20,829,FORCEMOT,EQ,18551,8127,43.81
20,830,FORGEAUTO,ST,22800,22800,100.00
20,831,FORTIS,EQ,1015365,607658,59.85
20,832,FOSECOIND,EQ,708,354,50.00
20,833,FROG,SM,56000,33600,60.00
20,834,FSL,EQ,2390274,735040,30.75
20,835,FUSION,EQ,222281,156335,70.33
20,836,GABRIEL,EQ,152315,63615,41.77
20,837,GAEL,EQ,15218774,4063219,26.70
20,838,GAIL,EQ,9953771,5247079,52.71
20,839,GAJANAND,SM,273000,144000,52.75
20,840,GALAPREC,EQ,69047,32766,47.45
20,841,GALAXYSURF,EQ,9645,4536,47.03
20,842,GANDHAR,EQ,2242588,1005319,44.83
20,843,GANDHITUBE,EQ,3844,2398,62.38
20,844,GANECOS,EQ,190517,142792,74.95
20,845,GANESHBE,EQ,218249,127893,58.60
20,846,GANESHHOUC,EQ,571075,485688,85.05
20,847,GANGAFORGE,EQ,131872,108976,82.64
20,848,GANGESSECU,EQ,16556,12788,77.24
20,849,GARFIBRES,EQ,12852,6759,52.59
20,850,GATEWAY,EQ,421191,231563,54.98
20,851,GEECEE,EQ,18643,12336,66.17
20,852,GENESYS,EQ,492649,225208,45.71
20,853,GENSOL,EQ,195273,71143,36.43
20,854,GENUSPAPER,EQ,978352,514530,52.59
20,855,GENUSPOWER,EQ,156377,132855,84.96
20,856,GEOJITFSL,EQ,607646,208345,34.29
20,857,GEPIL,EQ,87244,56193,64.41
20,858,GESHIP,EQ,506284,265621,52.46
20,859,GFLLIMITED,EQ,476965,174007,36.48
20,860,GGBL,SM,101400,66600,65.68
20,861,GHCL,EQ,121582,51116,42.04
20,862,GHCLTEXTIL,EQ,167410,71275,42.58
20,863,GICHSGFIN,EQ,144538,64302,44.49
20,864,GICL,SM,54000,39000,72.22
20,865,GICRE,EQ,1298591,552026,42.51
20,866,GILLANDERS,EQ,12247,9662,78.89
20,867,GILLETTE,EQ,22027,11562,52.49
20,868,GILT5YBEES,EQ,468275,269236,57.50
20,869,GINNIFILA,EQ,308327,153007,49.62
20,870,GIPCL,EQ,1024660,518629,50.61
20,871,GKWLIMITED,EQ,1244,738,59.32
20,872,GLAND,EQ,288655,183261,63.49
20,873,GLAXO,EQ,125198,43747,34.94
20,874,GLENMARK,EQ,1006279,271624,26.99
20,875,GLOBAL,EQ,32262,20707,64.18
20,876,GLOBALPET,SM,39000,34500,88.46
20,877,GLOBUSSPR,EQ,115529,43713,37.84
20,878,GLOSTERLTD,EQ,1154,744,64.47
20,879,GLS,EQ,134508,49710,36.96
20,880,GMBREW,EQ,98318,37922,38.57
20,881,GMDCLTD,EQ,723215,352191,48.70
20,882,GMMPFAUDLR,EQ,32236,14161,43.93
20,883,GMRINFRA,EQ,56656765,32918008,58.10
20,884,GMRP&UI,EQ,3860324,1757981,45.54
20,885,GNA,EQ,32222,13607,42.23
20,886,GNFC,EQ,424706,177929,41.89
20,887,GOACARBON,EQ,63961,22099,34.55
20,888,GOCLCORP,EQ,35380,16212,45.82
20,889,GOCOLORS,EQ,47518,37944,79.85
20,890,GODFRYPHLP,EQ,127124,31162,24.51
20,891,GODIGIT,EQ,507510,149909,29.54
20,892,GODREJAGRO,EQ,120116,63704,53.04
20,893,GODREJCP,EQ,4702906,3440953,73.17
20,894,GODREJIND,EQ,148308,78069,52.64
20,895,GODREJPROP,EQ,655374,231364,35.30
20,896,GOKEX,EQ,119996,60729,50.61
20,897,GOKUL,EQ,407237,137914,33.87
20,898,GOKULAGRO,EQ,141266,67081,47.49
20,899,GOLD1,EQ,2714742,2601473,95.83
20,900,GOLDBEES,EQ,10062839,7787038,77.38
20,901,GOLDCASE,EQ,1311001,1074426,81.95
20,902,GOLDETF,EQ,241616,133823,55.39
20,903,GOLDETFADD,EQ,328694,324067,98.59
20,904,GOLDIAM,EQ,1047523,549675,52.47
20,905,GOLDIETF,EQ,3260540,3061576,93.90
20,906,GOLDKART,ST,5000,5000,100.00
20,907,GOLDSHARE,EQ,355993,310090,87.11
20,908,GOLDSTAR,SM,348750,258750,74.19
20,909,GOODLUCK,EQ,94956,51985,54.75
20,910,GOPAL,EQ,450348,189909,42.17
20,911,GOYALALUM,EQ,279787,153161,54.74
20,912,GOYALSALT,SM,21000,15600,74.29
20,913,GPECO,SM,42000,21600,51.43
20,914,GPIL,EQ,1959750,717114,36.59
20,915,GPPL,EQ,1595639,516549,32.37
20,916,GPTHEALTH,EQ,105681,50111,47.42
20,917,GPTINFRA,EQ,116135,94355,81.25
20,918,GRANULES,EQ,1766041,646853,36.63
20,919,GRAPHISAD,ST,9600,9600,100.00
20,920,GRAPHITE,EQ,1302271,344053,26.42
20,921,GRASIM,EQ,600020,338652,56.44
20,922,GRASIMPP1,E1,49248,30655,62.25
20,923,GRAVITA,EQ,265075,93561,35.30
20,924,GRCL,ST,1000,1000,100.00
20,925,GREAVESCOT,EQ,1820031,859607,47.23
20,926,GREENCHEF,SM,16800,13600,80.95
20,927,GREENLAM,EQ,13770,7421,53.89
20,928,GREENPANEL,EQ,1190886,383959,32.24
20,929,GREENPLY,EQ,139452,62584,44.88
20,930,GREENPOWER,EQ,18762203,7204879,38.40
20,931,GRETEX,ST,3000,3000,100.00
20,932,GRINDWELL,EQ,12822,5645,44.03
20,933,GRINFRA,EQ,17056,8800,51.59
20,934,GRMOVER,EQ,180632,58840,32.57
20,935,GROBTEA,EQ,4613,2761,59.85
20,936,GROWWEV,EQ,770606,606312,78.68
20,937,GROWWLIQID,EQ,44235,24657,55.74
20,938,GRPLTD,EQ,4807,3965,82.48
20,939,GRSE,EQ,885531,224343,25.33
20,940,GRWRHITECH,EQ,44550,19948,44.78
20,941,GSEC10ABSL,EQ,12,12,100.00
20,942,GSEC10IETF,EQ,353,347,98.30
20,943,GSEC10YEAR,EQ,2080,1709,82.16
20,944,GSEC5IETF,EQ,377,270,71.62
20,945,GSFC,EQ,914027,346806,37.94
20,946,GSLSU,EQ,90571,39520,43.63
20,947,GSMFOILS,ST,12000,12000,100.00
20,948,GSPL,EQ,2383357,1708598,71.69
20,949,GSS,EQ,179615,84202,46.88
20,950,GSTL,SM,24000,22000,91.67
20,951,GTECJAINX,EQ,144,140,97.22
20,952,GTL,EQ,4598102,1706997,37.12
20,953,GTLINFRA,EQ,81814606,33592038,41.06
20,954,GTPL,EQ,35072,17226,49.12
20,955,GUFICBIO,EQ,29460,16899,57.36
20,956,GUJALKALI,EQ,41906,14830,35.39
20,957,GUJGASLTD,EQ,648560,270366,41.69
20,958,GUJRAFFIA,EQ,6573,4600,69.98
20,959,GULFOILLUB,EQ,70711,30210,42.72
20,960,GULFPETRO,EQ,279395,139921,50.08
20,961,GULPOLY,EQ,151909,79206,52.14
20,962,GVPTECH,EQ,33594,24110,71.77
20,963,HAL,EQ,1355805,531317,39.19
20,964,HAPPSTMNDS,EQ,301849,139124,46.09
20,965,HAPPYFORGE,EQ,17323,10504,60.64
20,966,HARDWYN,EQ,868173,216241,24.91
20,967,HARIOMPIPE,EQ,129463,87197,67.35
20,968,HARSHA,EQ,31195,17147,54.97
20,969,HATHWAY,EQ,2809078,1075270,38.28
20,970,HATSUN,EQ,57952,48102,83.00
20,971,HAVELLS,EQ,1281595,711662,55.53
20,972,HAVISHA,EQ,75388,61552,81.65
20,973,HBLPOWER,EQ,955496,363851,38.08
20,974,HCC,EQ,13820877,5516703,39.92
20,975,HCG,EQ,134686,54504,40.47
20,976,HCLTECH,EQ,2499596,1584791,63.40
20,977,HDFCAMC,EQ,692046,417987,60.40
20,978,HDFCBANK,EQ,20562821,9564097,46.51
20,979,HDFCBSE500,EQ,39533,21836,55.23
20,980,HDFCGOLD,EQ,4023020,3496908,86.92
20,981,HDFCGROWTH,EQ,3698,2605,70.44
20,982,HDFCLIFE,EQ,1743202,889671,51.04
20,983,HDFCLIQUID,EQ,606,556,91.75
20,984,HDFCLOWVOL,EQ,38885,33614,86.44
20,985,HDFCMID150,EQ,199729,134021,67.10
20,986,HDFCMOMENT,EQ,216239,117916,54.53
20,987,HDFCNEXT50,EQ,80555,43864,54.45
20,988,HDFCNIF100,EQ,126644,114256,90.22
20,989,HDFCNIFBAN,EQ,26799,20384,76.06
20,990,HDFCNIFIT,EQ,90855,41395,45.56
20,991,HDFCNIFTY,EQ,56965,37574,65.96
20,992,HDFCPSUBK,EQ,20360,14554,71.48
20,993,HDFCPVTBAN,EQ,142964,129050,90.27
20,994,HDFCQUAL,EQ,5711,3964,69.41
20,995,HDFCSENSEX,EQ,43268,39144,90.47
20,996,HDFCSILVER,EQ,1059869,767940,72.46
20,997,HDFCSML250,EQ,502228,382470,76.15
20,998,HDFCVALUE,EQ,3497,3130,89.51
20,999,HEADSUP,EQ,80513,48770,60.57
20,1000,HEALTHADD,EQ,839,619,73.78
20,1001,HEALTHIETF,EQ,97937,56248,57.43
20,1002,HEALTHY,EQ,596453,484666,81.26
20,1003,HECPROJECT,EQ,8945,2734,30.56
20,1004,HEG,EQ,389894,93872,24.08
20,1005,HEIDELBERG,EQ,881319,405167,45.97
20,1006,HEMIPROP,EQ,524458,260248,49.62
20,1007,HERANBA,EQ,94009,45099,47.97
20,1008,HERCULES,EQ,455489,150811,33.11
20,1009,HERITGFOOD,EQ,708860,373659,52.71
20,1010,HEROMOTOCO,EQ,439340,217593,49.53
20,1011,HESTERBIO,EQ,3103,1882,60.65
20,1012,HEUBACHIND,EQ,541264,154290,28.51
20,1013,HFCL,EQ,17612249,4058878,23.05
20,1014,HGINFRA,EQ,53434,30775,57.59
20,1015,HGS,EQ,27663,15224,55.03
20,1016,HIGREEN,ST,49600,48000,96.77
20,1017,HIKAL,EQ,225080,103989,46.20
20,1018,HIL,EQ,5940,3961,66.68
20,1019,HILTON,EQ,464614,255893,55.08
20,1020,HIMATSEIDE,EQ,996547,349084,35.03
20,1021,HINDALCO,EQ,3733320,1384160,37.08
20,1022,HINDCOMPOS,EQ,5599,3272,58.44
20,1023,HINDCON,EQ,66994,25984,38.79
20,1024,HINDCOPPER,EQ,2018877,742140,36.76
20,1025,HINDOILEXP,EQ,539480,266008,49.31
20,1026,HINDPETRO,EQ,11902837,2674064,22.47
20,1027,HINDUNILVR,EQ,1476282,948911,64.28
20,1028,HINDWAREAP,EQ,308660,205932,66.72
20,1029,HINDZINC,EQ,910097,548264,60.24
20,1030,HIRECT,EQ,15866,8440,53.20
20,1031,HISARMETAL,EQ,15907,4953,31.14
20,1032,HITECH,EQ,1102614,438589,39.78
20,1033,HITECHCORP,EQ,15101,7518,49.78
20,1034,HLEGLAS,EQ,147567,81756,55.40
20,1035,HLVLTD,EQ,3565287,2332418,65.42
20,1036,HMAAGRO,EQ,1439114,1294917,89.98
20,1037,HMVL,EQ,247263,90704,36.68
20,1038,HNDFDS,EQ,56331,27144,48.19
20,1039,HNGSNGBEES,EQ,688675,382782,55.58
20,1040,HOLMARC,SM,12000,10500,87.50
20,1041,HOMEFIRST,EQ,1359144,358031,26.34
20,1042,HOMESFY,SM,4200,4200,100.00
20,1043,HONASA,EQ,1226474,760184,61.98
20,1044,HONAUT,EQ,4342,2597,59.81
20,1045,HONDAPOWER,EQ,33371,8884,26.62
20,1046,HPAL,EQ,148965,94319,63.32
20,1047,HPIL,EQ,571,378,66.20
20,1048,HPL,EQ,103713,56800,54.77
20,1049,HRHNEXT,ST,45000,45000,100.00
20,1050,HSCL,EQ,1547241,461960,29.86
20,1051,HTMEDIA,EQ,216501,100088,46.23
20,1052,HUDCO,EQ,4619112,1610046,34.86
20,1053,HUHTAMAKI,EQ,181426,124556,68.65
20,1054,HVAX,ST,32700,30900,94.50
20,1055,IBLFL,ST,12000,12000,100.00
20,1056,ICEMAKE,EQ,114714,73553,64.12
20,1057,ICICIB22,EQ,1165939,1061166,91.01
20,1058,ICICIBANK,EQ,14765997,5044864,34.17
20,1059,ICICIGI,EQ,411516,199584,48.50
20,1060,ICICIPRULI,EQ,1429943,831010,58.11
20,1061,ICIL,EQ,217742,101508,46.62
20,1062,ICRA,EQ,5879,2614,44.46
20,1063,IDBI,EQ,5310111,1993095,37.53
20,1064,IDEA,EQ,286231290,105115815,36.72
20,1065,IDEAFORGE,EQ,236690,60773,25.68
20,1066,IDEALTECHO,SM,23000,17000,73.91
20,1067,IDFC,EQ,65270372,44980792,68.91
20,1068,IDFCFIRSTB,EQ,120779369,65162519,53.95
20,1069,IDFNIFTYET,EQ,6074,3005,49.47
20,1070,IEL,EQ,114990,110289,95.91
20,1071,IEML,SM,6000,5000,83.33
20,1072,IEX,EQ,10228772,2516005,24.60
20,1073,IFBAGRO,EQ,2669,2046,76.66
20,1074,IFBIND,EQ,10284,5543,53.90
20,1075,IFCI,EQ,5427930,2127846,39.20
20,1076,IFGLEXPOR,EQ,8520,4298,50.45
20,1077,IGARASHI,EQ,38236,20500,53.61
20,1078,IGL,EQ,2109999,1295452,61.40
20,1079,IGPL,EQ,54065,25276,46.75
20,1080,IIFL,EQ,2112071,782075,37.03
20,1081,IIFLHF29,NE,5,5,100.00
20,1082,IIFLSEC,EQ,5174364,1098238,21.22
20,1083,IIFLZC25A,NP,147,147,100.00
20,1084,IIFLZC25B,NW,20,20,100.00
20,1085,IIFLZC26A,NR,1,1,100.00
20,1086,IIFLZC28C,N6,10,10,100.00
20,1087,IKIO,EQ,85708,42411,49.48
20,1088,IMAGICAA,EQ,997327,445592,44.68
20,1089,IMC1,N0,158,157,99.37
20,1090,IMC1,N1,38,38,100.00
20,1091,IMFA,EQ,54377,29969,55.11
20,1092,IMPAL,EQ,2692,1336,49.63
20,1093,INDBANK,EQ,75055,40800,54.36
20,1094,INDGN,EQ,293031,140244,47.86
20,1095,INDHOTEL,EQ,2889487,1329362,46.01
20,1096,INDIACEM,EQ,438602,228851,52.18
20,1097,INDIAGLYCO,EQ,745828,136811,18.34
20,1098,INDIAMART,EQ,307190,126096,41.05
20,1099,INDIANB,EQ,877141,367430,41.89
20,1100,INDIANCARD,EQ,6526,3828,58.66
20,1101,INDIANHUME,EQ,57800,30797,53.28
20,1102,INDIASHLTR,EQ,101748,60256,59.22
20,1103,INDIGO,EQ,1382163,834787,60.40
20,1104,INDIGOPNTS,EQ,95870,44023,45.92
20,1105,INDIGRID,IV,471368,372472,79.02
20,1106,INDNIPPON,EQ,15077,9803,65.02
20,1107,INDOAMIN,EQ,442293,155049,35.06
20,1108,INDOBORAX,EQ,187906,65672,34.95
20,1109,INDOCO,EQ,140369,114847,81.82
20,1110,INDORAMA,EQ,313878,100695,32.08
20,1111,INDOSTAR,EQ,174962,107277,61.31
20,1112,INDOTECH,EQ,4839,4839,100.00
20,1113,INDOUS,EQ,9277,4189,45.15
20,1114,INDRAMEDCO,EQ,137199,76548,55.79
20,1115,INDSWFTLTD,EQ,90883,40347,44.39
20,1116,INDTERRAIN,EQ,269079,143157,53.20
20,1117,INDUSINDBK,EQ,5269772,2306588,43.77
20,1118,INDUSTOWER,EQ,4667993,1947980,41.73
20,1119,INFIBEAM,EQ,11367095,3670930,32.29
20,1120,INFINIUM,ST,8500,6500,76.47
20,1121,INFOBEAN,EQ,11032,4550,41.24
20,1122,INFOLLION,SM,7200,6400,88.89
20,1123,INFRABEES,EQ,16355,9770,59.74
20,1124,INFRAIETF,EQ,493376,446520,90.50
20,1125,INFY,EQ,4857163,2544632,52.39
20,1126,INGERRAND,EQ,9651,4702,48.72
20,1127,INM,SM,7200,7200,100.00
20,1128,INNOMET,SM,45600,30000,65.79
20,1129,INNOVACAP,EQ,40475,20469,50.57
20,1130,INNOVANA,SM,23000,21400,93.04
20,1131,INOXGREEN,EQ,1846780,802852,43.47
20,1132,INOXINDIA,EQ,83968,46630,55.53
20,1133,INOXWIND,EQ,12069083,3455086,28.63
20,1134,INSECTICID,EQ,74289,37776,50.85
20,1135,INSPIRE,SM,4000,4000,100.00
20,1136,INTELLECT,EQ,317935,101276,31.85
20,1137,INTERARCH,EQ,158600,77157,48.65
20,1138,INTLCONV,EQ,268311,118151,44.04
20,1139,INVENTURE,EQ,2402867,1132850,47.15
20,1140,IOB,EQ,4925646,1263762,25.66
20,1141,IOC,EQ,20278252,8238039,40.62
20,1142,IOLCP,EQ,226960,73183,32.24
20,1143,IONEXCHANG,EQ,130756,46964,35.92
20,1144,IPCALAB,EQ,753305,224833,29.85
20,1145,IPHL,SM,169200,123600,73.05
20,1146,IPL,EQ,191614,122131,63.74
20,1147,IRB,EQ,15960915,5311601,33.28
20,1148,IRBINVIT,IV,133139,112031,84.15
20,1149,IRCON,EQ,4540076,1261401,27.78
20,1150,IRCTC,EQ,1230532,583184,47.39
20,1151,IREDA,EQ,11941882,4325527,36.22
20,1152,IRFC,EQ,23776424,5668089,23.84
20,1153,IRISDOREME,EQ,201375,32401,16.09
20,1154,IRMENERGY,EQ,77236,38608,49.99
20,1155,ISEC,EQ,185224,78388,42.32
20,1156,ISGEC,EQ,38283,20922,54.65
20,1157,ISHAN,ST,960000,912000,95.00
20,1158,IT,EQ,38867,32038,82.43
20,1159,ITALIANE,SM,28000,16000,57.14
20,1160,ITBEES,EQ,4715644,2984633,63.29
20,1161,ITC,EQ,23952459,14972422,62.51
20,1162,ITDC,EQ,35521,11730,33.02
20,1163,ITDCEM,EQ,1134689,540910,47.67
20,1164,ITETF,EQ,324764,225401,69.40
20,1165,ITETFADD,EQ,39404,29445,74.73
20,1166,ITI,EQ,316680,102477,32.36
20,1167,ITIETF,EQ,484188,249926,51.62
20,1168,IVZINGOLD,EQ,660,654,99.09
20,1169,IVZINNIFTY,EQ,92,56,60.87
20,1170,IXIGO,EQ,259539,123330,47.52
20,1171,JAGRAN,EQ,150471,92340,61.37
20,1172,JAGSNPHARM,EQ,404899,115286,28.47
20,1173,JAIBALAJI,EQ,163308,104623,64.06
20,1174,JAICORPLTD,EQ,356958,119491,33.47
20,1175,JAINAM,SM,4000,4000,100.00
20,1176,JAIPURKURT,EQ,49527,29679,59.92
20,1177,JAKHARIA,ST,32000,32000,100.00
20,1178,JALAN,SM,57000,51000,89.47
20,1179,JAMNAAUTO,EQ,1133312,407163,35.93
20,1180,JASH,EQ,19659,10188,51.82
20,1181,JAYAGROGN,EQ,25899,16467,63.58
20,1182,JAYBARMARU,EQ,104610,73240,70.01
20,1183,JAYBEE,SM,330000,251000,76.06
20,1184,JAYNECOIND,EQ,276341,161154,58.32
20,1185,JAYSREETEA,EQ,418746,141879,33.88
20,1186,JBCHEPHARM,EQ,478231,345732,72.29
20,1187,JBMA,EQ,122812,39503,32.17
20,1188,JCHAC,EQ,49789,19834,39.84
20,1189,JEYYAM,SM,262000,188000,71.76
20,1190,JGCHEM,EQ,131208,48787,37.18
20,1191,JHS,EQ,169661,140870,83.03
20,1192,JINDALPHOT,EQ,9818,4992,50.85
20,1193,JINDALPOLY,EQ,102863,57089,55.50
20,1194,JINDALSAW,EQ,1286973,524508,40.76
20,1195,JINDALSTEL,EQ,2166137,943708,43.57
20,1196,JINDRILL,EQ,11718,6861,58.55
20,1197,JINDWORLD,EQ,151844,86940,57.26
20,1198,JIOFIN,EQ,12692777,4875050,38.41
20,1199,JISLDVREQS,EQ,261358,92131,35.25
20,1200,JISLJALEQS,EQ,1579929,621035,39.31
20,1201,JITFINFRA,EQ,80713,54897,68.02
20,1202,JIWANRAM,SM,18000,18000,100.00
20,1203,J&KBANK,EQ,2562361,986103,38.48
20,1204,JKCEMENT,EQ,86080,40073,46.55
20,1205,JKIL,EQ,83766,49419,59.00
20,1206,JKLAKSHMI,EQ,187565,92927,49.54
20,1207,JKPAPER,EQ,1629092,590729,36.26
20,1208,JKTYRE,EQ,403777,187034,46.32
20,1209,JLHL,EQ,22418,13342,59.51
20,1210,JMA,EQ,23911,10029,41.94
20,1211,JMFINANCIL,EQ,17620796,3021398,17.15
20,1212,JNKINDIA,EQ,342397,321499,93.90
20,1213,JOCIL,EQ,4591,3218,70.09
20,1214,JPOLYINVST,EQ,7467,3948,52.87
20,1215,JPPOWER,EQ,314421886,101491315,32.28
20,1216,JSFB,EQ,82565,40246,48.74
20,1217,JSL,EQ,358491,206218,57.52
20,1218,JSLL,SM,5220,3780,72.41
20,1219,JSWENERGY,EQ,2063258,864577,41.90
20,1220,JSWHL,EQ,5414,1783,32.93
20,1221,JSWINFRA,EQ,1705727,751838,44.08
20,1222,JSWSTEEL,EQ,2138939,937017,43.81
20,1223,JTEKTINDIA,EQ,103728,53694,51.76
20,1224,JTLIND,EQ,710495,305214,42.96
20,1225,JUBLFOOD,EQ,1990973,1127279,56.62
20,1226,JUBLINDS,EQ,10615,4732,44.58
20,1227,JUBLINGREA,EQ,431261,116966,27.12
20,1228,JUBLPHARMA,EQ,222946,108035,48.46
20,1229,JUNIORBEES,EQ,248201,139688,56.28
20,1230,JUNIPER,EQ,49719,31202,62.76
20,1231,JUSTDIAL,EQ,532753,148573,27.89
20,1232,JWL,EQ,630532,284301,45.09
20,1233,JYOTHYLAB,EQ,441983,237675,53.77
20,1234,JYOTICNC,EQ,111122,78122,70.30
20,1235,JYOTISTRUC,EQ,59917609,21549311,35.96
20,1236,K2INFRA,SM,30000,20400,68.00
20,1237,KABRAEXTRU,EQ,48882,26638,54.49
20,1238,KAJARIACER,EQ,186346,148375,79.62
20,1239,KAKATCEM,EQ,4921,3627,73.70
20,1240,KALAMANDIR,EQ,332493,181588,54.61
20,1241,KALANA,ST,308000,228000,74.03
20,1242,KALYANIFRG,EQ,578,419,72.49
20,1243,KALYANKJIL,EQ,5926533,1529583,25.81
20,1244,KAMATHOTEL,EQ,46258,22502,48.64
20,1245,KAMDHENU,EQ,218636,69495,31.79
20,1246,KANANIIND,EQ,532396,274405,51.54
20,1247,KANDARP,ST,8000,8000,100.00
20,1248,KANORICHEM,EQ,87418,38030,43.50
20,1249,KANPRPLA,EQ,2131,665,31.21
20,1250,KANSAINER,EQ,322425,178511,55.37
20,1251,KAPSTON,EQ,4375,2880,65.83
20,1252,KARNIKA,ST,400,400,100.00
20,1253,KARURVYSYA,EQ,1488308,793806,53.34
20,1254,KATARIA,SM,64800,44400,68.52
20,1255,KAYNES,EQ,435921,102405,23.49
20,1256,KBCGLOBAL,EQ,20542832,10421914,50.73
20,1257,KCEIL,SM,25500,22500,88.24
20,1258,KCK,ST,2000,2000,100.00
20,1259,KCP,EQ,243072,121689,50.06
20,1260,KDDL,EQ,21154,14748,69.72
20,1261,KDL,ST,3100,3100,100.00
20,1262,KEC,EQ,473009,196739,41.59
20,1263,KECL,EQ,333465,130537,39.15
20,1264,KEI,EQ,290728,155268,53.41
20,1265,KEL,ST,6000,6000,100.00
20,1266,KELLTONTEC,EQ,2969392,1063988,35.83
20,1267,KERNEX,EQ,134680,75364,55.96
20,1268,KESORAMIND,EQ,274412,187382,68.28
20,1269,KEYFINSERV,EQ,495317,83011,16.76
20,1270,KFINTECH,EQ,1038848,406397,39.12
20,1271,KHADIM,EQ,40534,22438,55.36
20,1272,KHAICHEM,EQ,138925,54027,38.89
20,1273,KHANDSE,EQ,18522,5472,29.54
20,1274,KHFM,SM,3100,3100,100.00
20,1275,KICL,EQ,989,674,68.15
20,1276,KILITCH,EQ,8290,6378,76.94
20,1277,KIMS,EQ,238286,134755,56.55
20,1278,KINGFA,EQ,4417,2213,50.10
20,1279,KIOCL,EQ,310176,44947,14.49
20,1280,KIRIINDUS,EQ,614984,333144,54.17
20,1281,KIRLOSBROS,EQ,60038,25818,43.00
20,1282,KIRLOSENG,EQ,242449,170239,70.22
20,1283,KIRLOSIND,EQ,1612,1102,68.36
20,1284,KIRLPNU,EQ,53218,39754,74.70
20,1285,KITEX,EQ,171173,116521,68.07
20,1286,KKCL,EQ,84345,75170,89.12
20,1287,KLL,SM,12800,12800,100.00
20,1288,KMSUGAR,EQ,147370,78157,53.03
20,1289,KNAGRI,SM,16800,14400,85.71
20,1290,KNRCON,EQ,415631,186634,44.90
20,1291,KODYTECH,SM,7300,4200,57.53
20,1292,KOHINOOR,EQ,186086,76151,40.92
20,1293,KOKUYOCMLN,EQ,78609,44796,56.99
20,1294,KOLTEPATIL,EQ,436810,272295,62.34
20,1295,KONSTELEC,SM,7000,6000,85.71
20,1296,KONTOR,ST,4800,4800,100.00
20,1297,KOPRAN,EQ,417371,201837,48.36
20,1298,KORE,SM,1500,1500,100.00
20,1299,KOTAKBANK,EQ,7078802,3370417,47.61
20,1300,KOTARISUG,EQ,97842,54055,55.25
20,1301,KOTHARIPET,EQ,215046,75104,34.92
20,1302,KOTYARK,SM,19000,15400,81.05
20,1303,KPIL,EQ,178568,92202,51.63
20,1304,KPITTECH,EQ,668805,326339,48.79
20,1305,KPRMILL,EQ,122115,66057,54.09
20,1306,KRBL,EQ,478145,143041,29.92
20,1307,KRIDHANINF,EQ,153542,92172,60.03
20,1308,KRISHANA,EQ,18279,8241,45.08
20,1309,KRISHCA,SM,27000,23500,87.04
20,1310,KRISHIVAL,SM,1500,1500,100.00
20,1311,KRISHNADEF,ST,45000,43000,95.56
20,1312,KRITI,EQ,54802,38728,70.67
20,1313,KRITIKA,EQ,29520531,16570667,56.13
20,1314,KRN,EQ,4803522,899807,18.73
20,1315,KRONOX,EQ,1012175,296297,29.27
20,1316,KROSS,EQ,311405,124066,39.84
20,1317,KRSNAA,EQ,108337,43055,39.74
20,1318,KRYSTAL,EQ,36339,21703,59.72
20,1319,KSB,EQ,103659,71686,69.16
20,1320,KSCL,EQ,155952,92723,59.46
20,1321,KSHITIJPOL,EQ,1180391,967789,81.99
20,1322,KSL,EQ,22167,11615,52.40
20,1323,KSOLVES,EQ,22939,15873,69.20
20,1324,KTKBANK,EQ,1317389,795318,60.37
20,1325,KTL,ST,24000,24000,100.00
20,1326,KUANTUM,EQ,63125,36953,58.54
20,1327,LAGNAM,EQ,12915,4522,35.01
20,1328,LALPATHLAB,EQ,152966,42075,27.51
20,1329,LAMBODHARA,EQ,7670,4056,52.88
20,1330,LANCORHOL,EQ,66652,31080,46.63
20,1331,LANDMARK,EQ,27899,13044,46.75
20,1332,LAOPALA,EQ,92303,39152,42.42
20,1333,LATENTVIEW,EQ,215517,124032,57.55
20,1334,LAURUSLABS,EQ,2253328,1031914,45.80
20,1335,LAWSIKHO,SM,8000,6500,81.25
20,1336,LAXMICOT,EQ,59888,33727,56.32
20,1337,LAXMIMACH,EQ,13700,6629,48.39
20,1338,LEMERITE,ST,32000,25600,80.00
20,1339,LEMONTREE,EQ,3118328,1029178,33.00
20,1340,LEXUS,EQ,112631,40729,36.16
20,1341,LGBBROSLTD,EQ,56100,30168,53.78
20,1342,LIBAS,EQ,42799,25005,58.42
20,1343,LICHSGFIN,EQ,1151776,406475,35.29
20,1344,LICI,EQ,857896,368682,42.98
20,1345,LICMFGOLD,EQ,879,493,56.09
20,1346,LICNETFGSC,EQ,99636,56780,56.99
20,1347,LICNETFN50,EQ,4890,3219,65.83
20,1348,LICNETFSEN,EQ,3091,2244,72.60
20,1349,LICNFNHGP,EQ,1510,1326,87.81
20,1350,LICNMID100,EQ,10636,8602,80.88
20,1351,LIKHITHA,EQ,65268,38096,58.37
20,1352,LINC,EQ,13927,9062,65.07
20,1353,LINCOLN,EQ,71325,35117,49.24
20,1354,LINDEINDIA,EQ,39063,16560,42.39
20,1355,LIQUID,EQ,159135,78715,49.46
20,1356,LIQUID1,EQ,303499,299815,98.79
20,1357,LIQUIDADD,EQ,789697,457408,57.92
20,1358,LIQUIDBEES,EQ,4632763,4180778,90.24
20,1359,LIQUIDBETF,EQ,4604,2335,50.72
20,1360,LIQUIDCASE,EQ,4966075,3202945,64.50
20,1361,LIQUIDETF,EQ,359047,247482,68.93
20,1362,LIQUIDIETF,EQ,1873123,1087348,58.05
20,1363,LIQUIDSBI,EQ,3416,3415,99.97
20,1364,LIQUIDSHRI,EQ,36850,29342,79.63
20,1365,LLOYDS,SM,6000,4000,66.67
20,1366,LLOYDSENGG,EQ,11867459,2819451,23.76
20,1367,LLOYDSME,EQ,1191970,479161,40.20
20,1368,LODHA,EQ,1022086,350987,34.34
20,1369,LOKESHMACH,EQ,55802,31226,55.96
20,1370,LORDSCHLO,EQ,29648,17347,58.51
20,1371,LOWVOL,EQ,752,652,86.70
20,1372,LOWVOL1,EQ,1083391,1065850,98.38
20,1373,LOWVOLIETF,EQ,3651747,3453402,94.57
20,1374,LOYALTEX,EQ,4492,2701,60.13
20,1375,LRRPL,ST,18000,18000,100.00
20,1376,LT,EQ,1645791,1054128,64.05
20,1377,LTF,EQ,9490521,3883560,40.92
20,1378,LTFOODS,EQ,847812,399146,47.08
20,1379,LTGILTBEES,EQ,3920157,2810491,71.69
20,1380,LTIM,EQ,485153,279005,57.51
20,1381,LTTS,EQ,119795,64075,53.49
20,1382,LUMAXIND,EQ,2183,1366,62.57
20,1383,LUMAXTECH,EQ,45352,26877,59.26
20,1384,LUPIN,EQ,1064651,509779,47.88
20,1385,LUXIND,EQ,67033,27669,41.28
20,1386,LXCHEM,EQ,828580,321792,38.84
20,1387,LYKALABS,EQ,105878,60871,57.49
20,1388,MAANALU,EQ,2670219,1044131,39.10
20,1389,MACOBSTECH,SM,12800,11200,87.50
20,1390,MADHAV,EQ,6671,5143,77.09
20,1391,MADHAVBAUG,SM,400,400,100.00
20,1392,MADHUSUDAN,SM,28000,22000,78.57
20,1393,MADRASFERT,EQ,193900,60156,31.02
20,1394,MAFANG,EQ,640619,444342,69.36
20,1395,MAGADSUGAR,EQ,15375,6061,39.42
20,1396,MAGNUM,EQ,1900859,752621,39.59
20,1397,MAGSON,SM,10000,8000,80.00
20,1398,MAHABANK,EQ,39971975,21451145,53.67
20,1399,MAHEPC,EQ,28124,18404,65.44
20,1400,MAHESHWARI,EQ,20249,12027,59.40
20,1401,MAHICKRA,SM,1500,0,0.00
20,1402,MAHKTECH,EQ,8158297,3939928,48.29
20,1403,MAHLIFE,EQ,165789,72188,43.54
20,1404,MAHLOG,EQ,124337,41714,33.55
20,1405,MAHSCOOTER,EQ,7429,3580,48.19
20,1406,MAHSEAMLES,EQ,332029,158051,47.60
20,1407,MAITHANALL,EQ,65998,42007,63.65
20,1408,MAITREYA,ST,17600,16000,90.91
20,1409,MAKEINDIA,EQ,37371,30358,81.23
20,1410,MAL,SM,67200,14400,21.43
20,1411,MALUPAPER,EQ,169641,58181,34.30
20,1412,MANAKALUCO,EQ,30460,22204,72.90
20,1413,MANAKSIA,EQ,72841,33446,45.92
20,1414,MANAKSTEEL,EQ,119357,29561,24.77
20,1415,MANALIPETC,EQ,209777,99557,47.46
20,1416,MANAPPURAM,EQ,7492532,2990606,39.91
20,1417,MANAV,SM,4000,4000,100.00
20,1418,MANCREDIT,EQ,63492,30471,47.99
20,1419,MANDEEP,SM,26000,24000,92.31
20,1420,MANGALAM,EQ,18563,11205,60.36
20,1421,MANGCHEFER,EQ,341322,213754,62.63
20,1422,MANGLMCEM,EQ,61227,27861,45.50
20,1423,MANINDS,EQ,236706,124111,52.43
20,1424,MANINFRA,EQ,432396,228456,52.83
20,1425,MANKIND,EQ,331437,178812,53.95
20,1426,MANORAMA,EQ,168346,103014,61.19
20,1427,MANUGRAPH,EQ,108110,72596,67.15
20,1428,MANYAVAR,EQ,77004,44539,57.84
20,1429,MAPMYINDIA,EQ,68481,21563,31.49
20,1430,MARALOVER,EQ,44611,20684,46.37
20,1431,MARATHON,EQ,259791,243914,93.89
20,1432,MARCO,SM,21000,18000,85.71
20,1433,MARICO,EQ,1272191,769395,60.48
20,1434,MARINE,EQ,149364,96367,64.52
20,1435,MARKSANS,EQ,4596124,1142943,24.87
20,1436,MARSHALL,EQ,128528,11597,9.02
20,1437,MARUTI,EQ,465231,240086,51.61
20,1438,MASFIN,EQ,111770,50881,45.52
20,1439,MASON,SM,52000,36000,69.23
20,1440,MASPTOP50,EQ,622875,569473,91.43
20,1441,MASTEK,EQ,76267,38532,50.52
20,1442,MATRIMONY,EQ,88482,53208,60.13
20,1443,MAWANASUG,EQ,74069,35885,48.45
20,1444,MAXESTATES,EQ,41979,20319,48.40
20,1445,MAXHEALTH,EQ,2113304,1433070,67.81
20,1446,MAXIND,EQ,43181,25397,58.82
20,1447,MAXPOSURE,SM,20000,18000,90.00
20,1448,MAYURUNIQ,EQ,184397,159712,86.61
20,1449,MAZDA,EQ,10884,6358,58.42
20,1450,MAZDOCK,EQ,901678,197109,21.86
20,1451,MBAPL,EQ,17935,7588,42.31
20,1452,MCL,EQ,82267,30262,36.79
20,1453,MCLEODRUSS,EQ,621501,401681,64.63
20,1454,MCON,SM,29000,18000,62.07
20,1455,MCX,EQ,419485,174544,41.61
20,1456,MDL,SM,2000,2000,100.00
20,1457,MEDANTA,EQ,1354742,994391,73.40
20,1458,MEDIASSIST,EQ,222844,112109,50.31
20,1459,MEDICAMEQ,EQ,11847,7221,60.95
20,1460,MEDIORG,ST,20000,20000,100.00
20,1461,MEDPLUS,EQ,236866,127163,53.69
20,1462,MEGAFLEX,ST,9000,9000,100.00
20,1463,MEGASTAR,EQ,28313,14735,52.04
20,1464,MEGATHERM,SM,24800,19600,79.03
20,1465,MENONBE,EQ,219726,163570,74.44
20,1466,METAL,EQ,194811,158689,81.46
20,1467,METALIETF,EQ,5605197,2250348,40.15
20,1468,METROBRAND,EQ,257738,195960,76.03
20,1469,METROPOLIS,EQ,105611,35496,33.61
20,1470,MFSL,EQ,748873,310790,41.50
20,1471,MGL,EQ,238078,114238,47.98
20,1472,MHHL,SM,1500,1500,100.00
20,1473,MHLXMIRU,EQ,6958,4528,65.08
20,1474,MHRIL,EQ,86659,41425,47.80
20,1475,MICROPRO,SM,8000,4800,60.00
20,1476,MID150BEES,EQ,378950,232567,61.37
20,1477,MID150CASE,EQ,443040,361062,81.50
20,1478,MIDCAP,EQ,53115,40444,76.14
20,1479,MIDCAPETF,EQ,2828993,2439246,86.22
20,1480,MIDCAPIETF,EQ,398702,220946,55.42
20,1481,MIDHANI,EQ,338316,111806,33.05
20,1482,MIDQ50ADD,EQ,13681,7263,53.09
20,1483,MIDSELIETF,EQ,239555,148629,62.04
20,1484,MIDSMALL,EQ,452900,288753,63.76
20,1485,MIEL,SM,22000,16000,72.73
20,1486,MILTON,SM,4400,4400,100.00
20,1487,MINDACORP,EQ,405907,117229,28.88
20,1488,MINDPOOL,ST,1000,1000,100.00
20,1489,MINDSPACE,RR,324246,282339,87.08
20,1490,MIRZAINT,EQ,97219,51340,52.81
20,1491,MITCON,EQ,11443,7685,67.16
20,1492,MITCONPP,E1,742,605,81.54
20,1493,MITTAL,EQ,1681657,1233206,73.33
20,1494,M&M,EQ,2432656,1328785,54.62
20,1495,M&MFIN,EQ,8519910,4011452,47.08
20,1496,MMFL,EQ,33416,16425,49.15
20,1497,MMTC,EQ,2340592,746586,31.90
20,1498,MNC,EQ,34669,23364,67.39
20,1499,MODEFENCE,EQ,342752,247535,72.22
20,1500,MOGSEC,EQ,86436,81232,93.98
20,1501,MOHEALTH,EQ,52679,39531,75.04
20,1502,MOHITIND,EQ,17043,8038,47.16
20,1503,MOIL,EQ,939188,396019,42.17
20,1504,MOL,EQ,753598,280701,37.25
20,1505,MOLDTECH,EQ,71335,38098,53.41
20,1506,MOLDTKPAC,EQ,38271,23232,60.70
20,1507,MOLOWVOL,EQ,12768,8387,65.69
20,1508,MOM100,EQ,554318,356902,64.39
20,1509,MOM30IETF,EQ,1682989,957089,56.87
20,1510,MOM50,EQ,7762,7138,91.96
20,1511,MOMENTUM,EQ,99068,74199,74.90
20,1512,MOMENTUM50,EQ,205098,186297,90.83
20,1513,MOMOMENTUM,EQ,157359,111068,70.58
20,1514,MON100,EQ,300752,221489,73.65
20,1515,MONARCH,EQ,164169,79894,48.67
20,1516,MONIFTY500,EQ,225868,171328,75.85
20,1517,MONOPHARMA,SM,2000,2000,100.00
20,1518,MONQ50,EQ,38306,20407,53.27
20,1519,MONTECARLO,EQ,38948,26308,67.55
20,1520,MOQUALITY,EQ,2840,2023,71.23
20,1521,MOREALTY,EQ,114001,85704,75.18
20,1522,MOREPENLAB,EQ,17529359,4107879,23.43
20,1523,MOS,ST,20800,19200,92.31
20,1524,MOSMALL250,EQ,593174,507457,85.55
20,1525,MOTHERSON,EQ,9191001,3394247,36.93
20,1526,MOTILALOFS,EQ,1365124,552972,40.51
20,1527,MOTOGENFIN,EQ,22583,15282,67.67
20,1528,MOVALUE,EQ,108915,75443,69.27
20,1529,MOXSH,SM,3200,3200,100.00
20,1530,MPHASIS,EQ,509427,255996,50.25
20,1531,MPSLTD,EQ,10446,6172,59.08
20,1532,MRF,EQ,4681,1459,31.17
20,1533,MRO-TEK,EQ,197051,181657,92.19
20,1534,MRPL,EQ,711934,252697,35.49
20,1535,MSTCLTD,EQ,2103860,413006,19.63
20,1536,MSUMI,EQ,10862096,8255492,76.00
20,1537,MTARTECH,EQ,214275,105825,49.39
20,1538,MTNL,EQ,3638869,1236656,33.98
20,1539,MUFIN,EQ,78607,52857,67.24
20,1540,MUFTI,EQ,146956,75144,51.13
20,1541,MUKANDLTD,EQ,116142,62337,53.67
20,1542,MUKKA,EQ,4009850,1214455,30.29
20,1543,MULTICAP,EQ,188148,141315,75.11
20,1544,MUNJALAU,EQ,1411053,457821,32.45
20,1545,MUNJALSHOW,EQ,85184,37298,43.79
20,1546,MURUDCERA,EQ,94976,57097,60.12
20,1547,MUTHOOTCAP,EQ,44944,21278,47.34
20,1548,MUTHOOTFIN,EQ,586719,311745,53.13
20,1549,MUTHOOTMF,EQ,108196,59778,55.25
20,1550,MVGJL,EQ,890499,274135,30.78
20,1551,MVKAGRO,SM,15600,14400,92.31
20,1552,MWL,SM,39600,30000,75.76
20,1553,MYMUDRA,SM,32400,27600,85.19
20,1554,NACLIND,EQ,66738,41560,62.27
20,1555,NAGAFERT,EQ,4904986,2607002,53.15
20,1556,NAHARCAP,EQ,4790,2747,57.35
20,1557,NAHARINDUS,EQ,47420,23465,49.48
20,1558,NAHARSPING,EQ,23315,13953,59.85
20,1559,NAMAN,ST,8000,8000,100.00
20,1560,NAM-INDIA,EQ,1496845,1023612,68.38
20,1561,NAMOEWASTE,SM,144000,84800,58.89
20,1562,NARMADA,EQ,69395,58494,84.29
20,1563,NATCOPHARM,EQ,1570069,729564,46.47
20,1564,NATHBIOGEN,EQ,12581,9833,78.16
20,1565,NATIONALUM,EQ,27903259,5797771,20.78
20,1566,NAUKRI,EQ,170590,68780,40.32
20,1567,NAVA,EQ,214028,94204,44.01
20,1568,NAVINFLUOR,EQ,64554,26613,41.23
20,1569,NAVINIFTY,EQ,861,499,57.96
20,1570,NAVKARCORP,EQ,423269,240589,56.84
20,1571,NAVNETEDUL,EQ,214323,105434,49.19
20,1572,NAZARA,EQ,527915,228234,43.23
20,1573,NBCC,EQ,5609715,1997774,35.61
20,1574,NBIFIN,EQ,376,334,88.83
20,1575,NCC,EQ,1259863,642691,51.01
20,1576,NCLIND,EQ,112063,68945,61.52
20,1577,NDGL,EQ,919,633,68.88
20,1578,NDLVENTURE,EQ,32329,14250,44.08
20,1579,NDRAUTO,EQ,74242,31443,42.35
20,1580,NDTV,EQ,140580,66419,47.25
20,1581,NELCAST,EQ,83646,52548,62.82
20,1582,NELCO,EQ,129181,45855,35.50
20,1583,NEOGEN,EQ,62317,29478,47.30
20,1584,NEPHROCARE,ST,12800,12800,100.00
20,1585,NESCO,EQ,52176,31092,59.59
20,1586,NESTLEIND,EQ,2366595,1303233,55.07
20,1587,NETF,EQ,2158,1520,70.44
20,1588,NETWEB,EQ,93487,56125,60.04
20,1589,NETWORK18,EQ,2597720,982838,37.83
20,1590,NEULANDLAB,EQ,33416,19967,59.75
20,1591,NEWGEN,EQ,295215,108300,36.69
20,1592,NEWJAISA,SM,43500,34500,79.31
20,1593,NEXT50,EQ,21136,18788,88.89
20,1594,NEXT50IETF,EQ,548813,381996,69.60
20,1595,NFL,EQ,1424038,379315,26.64
20,1596,NGIL,EQ,27734,10040,36.20
20,1597,NGLFINE,EQ,1664,1271,76.38
20,1598,NH,EQ,141846,73449,51.78
20,1599,NHPC,EQ,38336883,20683755,53.95
20,1600,NIACL,EQ,1399827,432299,30.88
20,1601,NIBL,EQ,17349,9345,53.86
20,1602,NIDAN,SM,8000,6000,75.00
20,1603,NIF100BEES,EQ,34561,19113,55.30
20,1604,NIF100IETF,EQ,186594,119978,64.30
20,1605,NIF10GETF,EQ,548,534,97.45
20,1606,NIF5GETF,EQ,55,29,52.73
20,1607,NIFITETF,EQ,1041,964,92.60
20,1608,NIFMID150,EQ,1949,1685,86.45
20,1609,NIFTY1,EQ,38293,29090,75.97
20,1610,NIFTY50ADD,EQ,10537,8976,85.19
20,1611,NIFTYBEES,EQ,5937406,3490148,58.78
20,1612,NIFTYBETF,EQ,1898,1805,95.10
20,1613,NIFTYETF,EQ,162753,157711,96.90
20,1614,NIFTYIETF,EQ,253490,156475,61.73
20,1615,NIFTYQLITY,EQ,59706,40569,67.95
20,1616,NIITLTD,EQ,726880,263851,36.30
20,1617,NIITMTS,EQ,37298,22745,60.98
20,1618,NILAINFRA,EQ,920229,491306,53.39
20,1619,NILKAMAL,EQ,12073,9000,74.55
20,1620,NINSYS,EQ,37215,21309,57.26
20,1621,NIPPOBATRY,EQ,4629,2749,59.39
20,1622,NIRAJISPAT,EQ,5,5,100.00
20,1623,NIRMAN,ST,20400,18000,88.24
20,1624,NITCO,EQ,549040,466068,84.89
20,1625,NITINSPIN,EQ,113307,61556,54.33
20,1626,NITIRAJ,EQ,2255,1049,46.52
20,1627,NKIND,EQ,1843,995,53.99
20,1628,NLCINDIA,EQ,1386168,472355,34.08
20,1629,NMDC,EQ,24239286,9085130,37.48
20,1630,NOCIL,EQ,384518,186192,48.42
20,1631,NORTHARC,EQ,592286,286526,48.38
20,1632,NPBET,EQ,3661,1973,53.89
20,1633,NPST,SM,8400,6200,73.81
20,1634,NRAIL,EQ,15723,9265,58.93
20,1635,NRBBEARING,EQ,238074,138185,58.04
20,1636,NRL,EQ,3164851,771039,24.36
20,1637,NSIL,EQ,8669,5472,63.12
20,1638,NSLNISP,EQ,2596239,1196476,46.08
20,1639,NTPC,EQ,13916492,8770170,63.02
20,1640,NUCLEUS,EQ,32587,17289,53.05
20,1641,NURECA,EQ,16427,9228,56.18
20,1642,NUVAMA,EQ,95228,45962,48.27
20,1643,NUVOCO,EQ,137698,71411,51.86
20,1644,NV20,EQ,14187,9427,66.45
20,1645,NV20BEES,EQ,28073,19064,67.91
20,1646,NV20IETF,EQ,825717,651288,78.88
20,1647,NXST,RR,5863412,5820754,99.27
20,1648,NYKAA,EQ,11688603,6914897,59.16
20,1649,OAL,EQ,25133,13168,52.39
20,1650,OBCL,EQ,15774,8886,56.33
20,1651,OBEROIRLTY,EQ,902414,468414,51.91
20,1652,OFSS,EQ,181836,74914,41.20
20,1653,OIL,EQ,3379666,1563734,46.27
20,1654,OILIETF,EQ,2432003,1666581,68.53
20,1655,OLAELEC,EQ,57074037,8690421,15.23
20,1656,OLECTRA,EQ,1096718,307448,28.03
20,1657,OLIL,SM,3600,3600,100.00
20,1658,OMAXAUTO,EQ,22870,17362,75.92
20,1659,OMAXE,EQ,249328,176699,70.87
20,1660,OMFURN,SM,7200,7200,100.00
20,1661,OMINFRAL,EQ,276987,183350,66.19
20,1662,ONDOOR,SM,38400,32400,84.38
20,1663,ONEPOINT,EQ,630939,388453,61.57
20,1664,ONGC,EQ,13147475,5399172,41.07
20,1665,ONMOBILE,EQ,459908,113286,24.63
20,1666,ONWARDTEC,EQ,20285,11011,54.28
20,1667,ORBTEXP,EQ,8674,7001,80.71
20,1668,ORCHPHARMA,EQ,106868,69268,64.82
20,1669,ORIANA,SM,38400,23700,61.72
20,1670,ORICONENT,EQ,203013,108775,53.58
20,1671,ORIENTBELL,EQ,5982,3810,63.69
20,1672,ORIENTCEM,EQ,848130,337919,39.84
20,1673,ORIENTCER,EQ,45252,26205,57.91
20,1674,ORIENTELEC,EQ,97510,48746,49.99
20,1675,ORIENTHOT,EQ,219621,113750,51.79
20,1676,ORIENTLTD,EQ,17486,11620,66.45
20,1677,ORIENTPPR,EQ,580559,195931,33.75
20,1678,ORIENTTECH,EQ,526433,197734,37.56
20,1679,ORISSAMINE,EQ,18320,7666,41.84
20,1680,ORTINGLOBE,EQ,13842,10250,74.05
20,1681,OSELDEVICE,SM,81600,63200,77.45
20,1682,OSWALGREEN,EQ,2123552,659705,31.07
20,1683,OSWALSEEDS,EQ,84049,57415,68.31
20,1684,OWAIS,SM,16000,12800,80.00
20,1685,PAGEIND,EQ,49967,28025,56.09
20,1686,PAISALO,EQ,3220081,1954056,60.68
20,1687,PAKKA,EQ,217725,111737,51.32
20,1688,PALASHSECU,EQ,57255,13701,23.93
20,1689,PANAMAPET,EQ,71686,45288,63.18
20,1690,PAR,EQ,37306,14038,37.63
20,1691,PARACABLES,EQ,3604342,1368634,37.97
20,1692,PARADEEP,EQ,3067486,944955,30.81
20,1693,PARAGMILK,EQ,7021769,2283816,32.52
20,1694,PARAGON,SM,26400,10800,40.91
20,1695,PARAMATRIX,SM,2400,1200,50.00
20,1696,PARAMOUNT,ST,66000,62400,94.55
20,1697,PARAS,EQ,160473,92065,57.37
20,1698,PARIN,ST,1000,1000,100.00
20,1699,PARKHOTELS,EQ,72417,40934,56.53
20,1700,PARTYCRUS,SM,24000,16000,66.67
20,1701,PASHUPATI,ST,11200,11200,100.00
20,1702,PATANJALI,EQ,960261,601182,62.61
20,1703,PATELENG,EQ,2949014,1351810,45.84
20,1704,PATINTLOG,EQ,314385,140298,44.63
20,1705,PATTECH,ST,1500,1500,100.00
20,1706,PAVNAIND,EQ,141989,70781,49.85
20,1707,PAYTM,EQ,23836638,2838396,11.91
20,1708,PCBL,EQ,2440182,832097,34.10
20,1709,PCCL,SM,87200,62400,71.56
20,1710,PDMJEPAPER,EQ,3796697,705383,18.58
20,1711,PDSL,EQ,29962,19157,63.94
20,1712,PEARLPOLY,EQ,64156,31275,48.75
20,1713,PEL,EQ,1528652,764310,50.00
20,1714,PELATRO,SM,8400,5400,64.29
20,1715,PENIND,EQ,439974,196116,44.57
20,1716,PENINLAND,EQ,277432,143254,51.64
20,1717,PENTAGON,SM,10000,8000,80.00
20,1718,PERSISTENT,EQ,224194,106540,47.52
20,1719,PETRONET,EQ,1953142,1085991,55.60
20,1720,PFC,EQ,9023720,2900279,32.14
20,1721,PFIZER,EQ,38139,19692,51.63
20,1722,PFOCUS,EQ,119266,88096,73.87
20,1723,PFS,EQ,1286904,660110,51.29
20,1724,PGEL,EQ,890720,453573,50.92
20,1725,PGHH,EQ,4020,2504,62.29
20,1726,PGHL,EQ,5822,2358,40.50
20,1727,PGIL,EQ,46084,18852,40.91
20,1728,PGINVIT,IV,1264661,1232358,97.45
20,1729,PHANTOMFX,SM,13800,11100,80.43
20,1730,PHARMABEES,EQ,14246462,10879553,76.37
20,1731,PHOENIXLTD,EQ,1134548,465765,41.05
20,1732,PHOGLOBAL,ST,1564000,1262000,80.69
20,1733,PIDILITIND,EQ,274804,186738,67.95
20,1734,PIIND,EQ,74766,31628,42.30
20,1735,PILANIINVS,EQ,3271,2016,61.63
20,1736,PILITA,EQ,247245,115048,46.53
20,1737,PIONEEREMB,EQ,51028,40210,78.80
20,1738,PITTIENG,EQ,48626,24860,51.12
20,1739,PIXTRANS,EQ,78773,22761,28.89
20,1740,PKTEA,EQ,3829,2314,60.43
20,1741,PLATIND,EQ,185248,80730,43.58
20,1742,PLAZACABLE,EQ,22318,12672,56.78
20,1743,PNB,EQ,43366313,17547207,40.46
20,1744,PNBGILTS,EQ,518048,147828,28.54
20,1745,PNBHOUSING,EQ,2405110,1500601,62.39
20,1746,PNC,EQ,150829,57494,38.12
20,1747,PNCINFRA,EQ,614712,505144,82.18
20,1748,PNGJL,EQ,684085,290866,42.52
20,1749,POCL,EQ,25481,14737,57.84
20,1750,PODDARMENT,EQ,3705,2485,67.07
20,1751,POKARNA,EQ,75181,37787,50.26
20,1752,POLICYBZR,EQ,763358,477630,62.57
20,1753,POLYCAB,EQ,369028,167444,45.37
20,1754,POLYMED,EQ,33295,14392,43.23
20,1755,POLYPLEX,EQ,58007,24883,42.90
20,1756,POLYSIL,SM,48000,40000,83.33
20,1757,PONNIERODE,EQ,14815,8481,57.25
20,1758,POONAWALLA,EQ,1961176,970792,49.50
20,1759,POSITRON,SM,27000,19200,71.11
20,1760,POWERGRID,EQ,9228363,5153063,55.84
20,1761,POWERINDIA,EQ,114257,41417,36.25
20,1762,POWERMECH,EQ,86104,39790,46.21
20,1763,PPAP,EQ,10347,7113,68.74
20,1764,PPL,EQ,50390,24161,47.95
20,1765,PPLPHARMA,EQ,7506606,4633864,61.73
20,1766,PPSL,SM,138000,90000,65.22
20,1767,PRAJIND,EQ,781501,199001,25.46
20,1768,PRAKASH,EQ,592088,278381,47.02
20,1769,PRAKASHSTL,EQ,583994,347951,59.58
20,1770,PRATHAM,ST,51200,48000,93.75
20,1771,PRECAM,EQ,158783,70374,44.32
20,1772,PRECISION,SM,34000,24000,70.59
20,1773,PRECOT,EQ,1372,1011,73.69
20,1774,PRECWIRE,EQ,4615650,1040165,22.54
20,1775,PREMEXPLN,EQ,154797,100334,64.82
20,1776,PREMIERENE,EQ,4106614,1017223,24.77
20,1777,PREMIERPOL,EQ,31970,18888,59.08
20,1778,PRESSTONIC,SM,20800,14400,69.23
20,1779,PRESTIGE,EQ,840242,529090,62.97
20,1780,PRICOLLTD,EQ,594891,420048,70.61
20,1781,PRIMESECU,EQ,201671,72417,35.91
20,1782,PRINCEPIPE,EQ,98786,60638,61.38
20,1783,PRITI,EQ,12608,6917,54.86
20,1784,PRITIKA,ST,22000,20000,90.91
20,1785,PRITIKAUTO,EQ,1468916,491396,33.45
20,1786,PRIVISCL,EQ,53066,29419,55.44
20,1787,PRIZOR,ST,36800,36800,100.00
20,1788,PRLIND,SM,64000,46000,71.88
20,1789,PROLIFE,SM,3500,3500,100.00
20,1790,PROPEQUITY,SM,6600,6000,90.91
20,1791,PROV,SM,320,320,100.00
20,1792,PROZONER,EQ,253432,165342,65.24
20,1793,PRSMJOHNSN,EQ,3715967,595827,16.03
20,1794,PRUDENT,EQ,38264,21652,56.59
20,1795,PSB,EQ,712610,251065,35.23
20,1796,PSFL,ST,154000,150000,97.40
20,1797,PSPPROJECT,EQ,45501,21895,48.12
20,1798,PSUBANK,EQ,33325,27532,82.62
20,1799,PSUBANKADD,EQ,7408,5452,73.60
20,1800,PSUBNKBEES,EQ,3053024,2025263,66.34
20,1801,PSUBNKIETF,EQ,146208,60984,41.71
20,1802,PTC,EQ,789674,364679,46.18
20,1803,PTCIL,EQ,4693,3147,67.06
20,1804,PTL,EQ,56413,39228,69.54
20,1805,PULZ,ST,15000,13000,86.67
20,1806,PUNJABCHEM,EQ,10986,8033,73.12
20,1807,PURVA,EQ,54774,35204,64.27
20,1808,PURVFLEXI,SM,14400,11200,77.78
20,1809,PVRINOX,EQ,152992,46788,30.58
20,1810,PVSL,EQ,49135,30800,62.68
20,1811,PVTBANIETF,EQ,3383814,2773419,81.96
20,1812,PVTBANKADD,EQ,218101,192412,88.22
20,1813,PYRAMID,EQ,50532,25391,50.25
20,1814,QGOLDHALF,EQ,52199,48835,93.56
20,1815,QMSMEDI,SM,13000,12000,92.31
20,1816,QNIFTY,EQ,1409,873,61.96
20,1817,QUAL30IETF,EQ,610065,507781,83.23
20,1818,QUESS,EQ,342957,198469,57.87
20,1819,QUESTLAB,SM,2400,2400,100.00
20,1820,QUICKHEAL,EQ,337395,68750,20.38
20,1821,QUICKTOUCH,SM,5000,5000,100.00
20,1822,QVCEL,ST,19200,19200,100.00
20,1823,RACE,EQ,54870,12177,22.19
20,1824,RADIANTCMS,EQ,362286,245558,67.78
20,1825,RADICO,EQ,460871,188785,40.96
20,1826,RADIOCITY,EQ,314424,189093,60.14
20,1827,RADIOCITY,P1,415,398,95.90
20,1828,RADIOWALLA,SM,4800,4800,100.00
20,1829,RAILTEL,EQ,2373624,870090,36.66
20,1830,RAIN,EQ,812297,352146,43.35
20,1831,RAINBOW,EQ,53765,27293,50.76
20,1832,RAJESHEXPO,EQ,230905,98211,42.53
20,1833,RAJINDLTD,SM,78000,45000,57.69
20,1834,RAJMET,EQ,2288727,999202,43.66
20,1835,RAJRATAN,EQ,70931,37251,52.52
20,1836,RAJSREESUG,EQ,68240,31017,45.45
20,1837,RALLIS,EQ,129276,44483,34.41
20,1838,RAMANEWS,EQ,167954,89277,53.16
20,1839,RAMAPHO,EQ,17669,12027,68.07
20,1840,RAMASTEEL,EQ,22873125,7910492,34.58
20,1841,RAMCOCEM,EQ,216960,91377,42.12
20,1842,RAMCOIND,EQ,54618,26750,48.98
20,1843,RAMCOSYS,EQ,26135,16077,61.52
20,1844,RAMKY,EQ,30268,17754,58.66
20,1845,RAMRAT,EQ,54987,30250,55.01
20,1846,RANASUG,EQ,366160,160645,43.87
20,1847,RANEHOLDIN,EQ,8556,4910,57.39
20,1848,RAPPID,ST,33600,31200,92.86
20,1849,RATEGAIN,EQ,140058,71333,50.93
20,1850,RATNAMANI,EQ,38210,25502,66.74
20,1851,RAYMOND,EQ,388411,143280,36.89
20,1852,RAYMONDLSL,EQ,67062,43492,64.85
20,1853,RBA,EQ,2767948,1454744,52.56
20,1854,RBLBANK,EQ,3781364,1555301,41.13
20,1855,RBMINFRA,SM,94400,46400,49.15
20,1856,RBS,SM,32000,27200,85.00
20,1857,RCDL,SM,102000,99000,97.06
20,1858,RCF,EQ,1259797,388797,30.86
20,1859,RECLTD,EQ,7063437,2587417,36.63
20,1860,REDINGTON,EQ,917366,591902,64.52
20,1861,REDTAPE,EQ,116993,53678,45.88
20,1862,REFRACTORY,ST,12000,12000,100.00
20,1863,RELAXO,EQ,54554,27201,49.86
20,1864,RELCHEMQ,EQ,5774,1398,24.21
20,1865,RELIANCE,EQ,7155305,4624596,64.63
20,1866,RELIGARE,EQ,801577,422737,52.74
20,1867,REMSONSIND,EQ,59903,31817,53.11
20,1868,REMUS,SM,3400,2100,61.76
20,1869,RENUKA,EQ,24290555,5030347,20.71
20,1870,REPCOHOME,EQ,86210,38111,44.21
20,1871,REPL,EQ,26387,13920,52.75
20,1872,REPRO,EQ,94142,71583,76.04
20,1873,RESPONIND,EQ,374010,29519,7.89
20,1874,RETAIL,EQ,42319,38732,91.52
20,1875,REVATHIEQU,EQ,1237,839,67.83
20,1876,REXPIPES,SM,8000,8000,100.00
20,1877,RGL,EQ,505499,207283,41.01
20,1878,RHIM,EQ,122755,70843,57.71
20,1879,RHL,EQ,1065,852,80.00
20,1880,RICOAUTO,EQ,401895,151821,37.78
20,1881,RIIL,EQ,189759,39390,20.76
20,1882,RILINFRA,ST,19200,18200,94.79
20,1883,RISHABH,EQ,25093,12055,48.04
20,1884,RITCO,EQ,52681,32382,61.47
20,1885,RITES,EQ,25278428,1829038,7.24
20,1886,RITEZONE,SM,1600,1600,100.00
20,1887,RKFORGE,EQ,506314,216794,42.82
20,1888,RKSWAMY,EQ,121982,59377,48.68
20,1889,RMDRIP,ST,23000,23000,100.00
20,1890,RML,EQ,5351,2833,52.94
20,1891,RNFI,SM,19200,15600,81.25
20,1892,ROCKINGDCE,SM,33000,18500,56.06
20,1893,ROHLTD,EQ,32761,20858,63.67
20,1894,ROLEXRINGS,EQ,21834,6831,31.29
20,1895,ROML,EQ,47780,31195,65.29
20,1896,ROSSARI,EQ,51804,25267,48.77
20,1897,ROSSELLIND,EQ,226065,143224,63.36
20,1898,ROTO,EQ,63074,22856,36.24
20,1899,ROUTE,EQ,42733,24118,56.44
20,1900,ROXHITECH,SM,49600,35200,70.97
20,1901,RPEL,EQ,10752,7569,70.40
20,1902,RPGLIFE,EQ,28841,9463,32.81
20,1903,RPPL,EQ,77931,47473,60.92
20,1904,RPSGVENT,EQ,60296,29334,48.65
20,1905,RPTECH,EQ,169745,76615,45.14
20,1906,RRKABEL,EQ,95948,57701,60.14
20,1907,RSWM,EQ,52061,26491,50.88
20,1908,RSYSTEMS,EQ,157509,75888,48.18
20,1909,RTNINDIA,EQ,3667785,1036772,28.27
20,1910,RTNPOWER,EQ,33669968,19569662,58.12
20,1911,RUBFILA,EQ,74061,54445,73.51
20,1912,RUBYMILLS,EQ,24496,13436,54.85
20,1913,RUCHIRA,EQ,25607,12628,49.31
20,1914,RULKA,SM,12600,7800,61.90
20,1915,RUPA,EQ,91908,41946,45.64
20,1916,RUSHIL,EQ,442623,280944,63.47
20,1917,RUSTOMJEE,EQ,36566,19413,53.09
20,1918,RVHL,EQ,15358,9375,61.04
20,1919,RVNL,EQ,7833917,2231127,28.48
20,1920,SAAKSHI,SM,30600,28200,92.16
20,1921,SABAR,SM,45000,25000,55.56
20,1922,SADBHAV,EQ,1417580,911506,64.30
20,1923,SADBHIN,EQ,101577,69474,68.40
20,1924,SADHAV,SM,18000,12000,66.67
20,1925,SADHNANIQ,EQ,187437,119996,64.02
20,1926,SAFARI,EQ,81497,27714,34.01
20,1927,SAGARDEEP,EQ,13029,9810,75.29
20,1928,SAGCEM,EQ,25776,13960,54.16
20,1929,SAH,EQ,140406,74773,53.25
20,1930,SAHAJ,SM,4000,4000,100.00
20,1931,SAHAJSOLAR,ST,24000,22400,93.33
20,1932,SAHANA,SM,13750,10250,74.55
20,1933,SAHASRA,ST,14400,14400,100.00
20,1934,SAHYADRI,EQ,7722,6542,84.72
20,1935,SAIFL,SM,21600,16800,77.78
20,1936,SAIL,EQ,14125865,4219523,29.87
20,1937,SAJHOTELS,ST,104000,86000,82.69
20,1938,SAKAR,EQ,14900,9659,64.83
20,1939,SAKHTISUG,EQ,813848,385898,47.42
20,1940,SAKSOFT,EQ,329672,178881,54.26
20,1941,SALASAR,EQ,7846320,2648518,33.75
20,1942,SALONA,EQ,290,139,47.93
20,1943,SALSTEEL,EQ,149232,99707,66.81
20,1944,SALZERELEC,EQ,422946,166270,39.31
20,1945,SAMBHAAV,EQ,5814038,1884070,32.41
20,1946,SAMHI,EQ,729075,407455,55.89
20,1947,SAMMAANCAP,EQ,4134915,1761057,42.59
20,1948,SANDESH,EQ,3441,1793,52.11
20,1949,SANDHAR,EQ,324727,107912,33.23
20,1950,SANDUMA,EQ,73654,38485,52.25
20,1951,SANGAMIND,EQ,16187,8296,51.25
20,1952,SANGANI,SM,18000,9000,50.00
20,1953,SANGHIIND,EQ,94584,55558,58.74
20,1954,SANGHVIMOV,EQ,327263,145863,44.57
20,1955,SANGINITA,EQ,102142,81991,80.27
20,1956,SANOFI,EQ,13535,8449,62.42
20,1957,SANOFICONR,EQ,8882,5496,61.88
20,1958,SANSERA,EQ,132072,68246,51.67
20,1959,SANSTAR,EQ,1368515,525623,38.41
20,1960,SAPPHIRE,EQ,263931,162867,61.71
20,1961,SARDAEN,EQ,1945026,796438,40.95
20,1962,SAREGAMA,EQ,1241194,359267,28.95
20,1963,SAROJA,SM,4800,3200,66.67
20,1964,SARTELE,SM,615000,183000,29.76
20,1965,SARVESHWAR,EQ,2651836,1636244,61.70
20,1966,SASKEN,EQ,240524,45683,18.99
20,1967,SASTASUNDR,EQ,14277,9161,64.17
20,1968,SATECH,ST,52000,50000,96.15
20,1969,SATIA,EQ,191846,115208,60.05
20,1970,SATIN,EQ,206436,108763,52.69
20,1971,SATINDLTD,EQ,511096,233149,45.62
20,1972,SATIPOLY,SM,1000,1000,100.00
20,1973,SAURASHCEM,EQ,108445,59982,55.31
20,1974,SBC,EQ,2898494,1099836,37.95
20,1975,SBCL,EQ,259953,143497,55.20
20,1976,SBFC,EQ,2497924,933270,37.36
20,1977,SBGLP,EQ,1448503,755280,52.14
20,1978,SBICARD,EQ,919421,421569,45.85
20,1979,SBIETFCON,EQ,12911,7019,54.36
20,1980,SBIETFIT,EQ,8465,6515,76.96
20,1981,SBIETFPB,EQ,39390,32645,82.88
20,1982,SBIETFQLTY,EQ,3154,2286,72.48
20,1983,SBILIFE,EQ,704112,379910,53.96
20,1984,SBIN,EQ,18758697,5293233,28.22
20,1985,SBINEQWETF,EQ,15278,13077,85.59
20,1986,SBISILVER,EQ,1356004,1311333,96.71
20,1987,SCHAEFFLER,EQ,71476,41780,58.45
20,1988,SCHAND,EQ,42491,22655,53.32
20,1989,SCHNEIDER,EQ,442512,199453,45.07
20,1990,SCI,EQ,1062213,441689,41.58
20,1991,SCILAL,EQ,1085026,657163,60.57
20,1992,SCLZC26G,YA,100,100,100.00
20,1993,SCPL,EQ,30454,15458,50.76
20,1994,SDBL,EQ,422671,188748,44.66
20,1995,SDL26BEES,EQ,11122,9408,84.59
20,1996,SDREAMS,ST,186000,174000,93.55
20,1997,SEAMECLTD,EQ,26863,15577,57.99
20,1998,SECL,SM,3081250,1393750,45.23
20,1999,SECMARK,EQ,146522,43883,29.95
20,2000,SECURKLOUD,EQ,630064,225480,35.79
20,2001,SEJALLTD,EQ,5416,4066,75.07
20,2002,SEL,ST,1600,1600,100.00
20,2003,SELAN,EQ,21275,11428,53.72
20,2004,SENCO,EQ,437159,168665,38.58
20,2005,SENSEXADD,EQ,2533,2371,93.60
20,2006,SENSEXETF,EQ,17953,15592,86.85
20,2007,SENSEXIETF,EQ,5606,4142,73.89
20,2008,SEPC,EQ,18098353,7118343,39.33
20,2009,SERVICE,SM,40000,24000,60.00
20,2010,SERVOTECH,EQ,1012624,551952,54.51
20,2011,SESHAPAPER,EQ,15188,8799,57.93
20,2012,SETF10GILT,EQ,21152,11325,53.54
20,2013,SETFGOLD,EQ,3811934,3486148,91.45
20,2014,SETFNIF50,EQ,253800,203605,80.22
20,2015,SETFNIFBK,EQ,35503,18988,53.48
20,2016,SETFNN50,EQ,29084,18596,63.94
20,2017,SFL,EQ,77721,47176,60.70
20,2018,SGBAPR28I,GB,104,70,67.31
20,2019,SGBAUG27,GB,89,74,83.15
20,2020,SGBAUG28V,GB,770,480,62.34
20,2021,SGBAUG29V,GB,197,136,69.04
20,2022,SGBAUG30,GB,414,292,70.53
20,2023,SGBD29VIII,GB,136,106,77.94
20,2024,SGBDE30III,GB,143,76,53.15
20,2025,SGBDE31III,GB,1401,999,71.31
20,2026,SGBDEC25,GB,22,22,100.00
20,2027,SGBDEC26,GB,2,0,0.00
20,2028,SGBFEB28IX,GB,4,4,100.00
20,2029,SGBFEB29XI,GB,87,59,67.82
20,2030,SGBFEB32IV,GB,2381,1530,64.26
20,2031,SGBJAN26,GB,10,10,100.00
20,2032,SGBJAN29IX,GB,83,61,73.49
20,2033,SGBJAN29X,GB,27,23,85.19
20,2034,SGBJAN30IX,GB,103,81,78.64
20,2035,SGBJU29III,GB,250,229,91.60
20,2036,SGBJUL25,GB,51,38,74.51
20,2037,SGBJUL27,GB,38,37,97.37
20,2038,SGBJUL28IV,GB,624,457,73.24
20,2039,SGBJUL29IV,GB,53,48,90.57
20,2040,SGBJUN27,GB,4,4,100.00
20,2041,SGBJUN28,GB,128,128,100.00
20,2042,SGBJUN29II,GB,152,136,89.47
20,2043,SGBJUN30,GB,167,166,99.40
20,2044,SGBJUN31I,GB,354,281,79.38
20,2045,SGBMAR25,GB,109,67,61.47
20,2046,SGBMAR28X,GB,44,33,75.00
20,2047,SGBMAR30X,GB,58,42,72.41
20,2048,SGBMAR31IV,GB,82,81,98.78
20,2049,SGBMAY26,GB,19,15,78.95
20,2050,SGBMAY28,GB,256,246,96.09
20,2051,SGBMAY29I,GB,468,352,75.21
20,2052,SGBMR29XII,GB,488,403,82.58
20,2053,SGBN28VIII,GB,15,13,86.67
20,2054,SGBNOV24,GB,44,41,93.18
20,2055,SGBNOV25,GB,37,36,97.30
20,2056,SGBNOV258,GB,34,34,100.00
20,2057,SGBNOV25IX,GB,18,18,100.00
20,2058,SGBNOV25VI,GB,1,1,100.00
20,2059,SGBNV29VII,GB,376,322,85.64
20,2060,SGBOC28VII,GB,56,54,96.43
20,2061,SGBOCT25,GB,2,2,100.00
20,2062,SGBOCT25IV,GB,13,13,100.00
20,2063,SGBOCT26,GB,2,2,100.00
20,2064,SGBOCT27,GB,21,21,100.00
20,2065,SGBSEP27,GB,4,4,100.00
20,2066,SGBSEP28VI,GB,584,475,81.34
20,2067,SGBSEP29VI,GB,258,219,84.88
20,2068,SGBSEP31II,GB,1063,906,85.23
20,2069,SGIL,EQ,21863,11081,50.68
20,2070,SHAILY,EQ,73366,48708,66.39
20,2071,SHAKTIPUMP,EQ,83312,58622,70.36
20,2072,SHALBY,EQ,47925,21754,45.39
20,2073,SHALPAINTS,EQ,146640,101834,69.44
20,2074,SHANKARA,EQ,63698,38400,60.28
20,2075,SHANTHALA,SM,3600,3600,100.00
20,2076,SHANTI,EQ,13636,7335,53.79
20,2077,SHANTIGEAR,EQ,28873,13430,46.51
20,2078,SHARDACROP,EQ,58253,25888,44.44
20,2079,SHARDAMOTR,EQ,116264,77491,66.65
20,2080,SHAREINDIA,EQ,227215,124263,54.69
20,2081,SHARIABEES,EQ,11802,3302,27.98
20,2082,SHEETAL,SM,26000,26000,100.00
20,2083,SHEMAROO,EQ,101257,32699,32.29
20,2084,SHERA,SM,53000,40000,75.47
20,2085,SHIGAN,SM,40500,27000,66.67
20,2086,SHILPAMED,EQ,126810,54882,43.28
20,2087,SHIVALIK,EQ,12131,5697,46.96
20,2088,SHIVAMILLS,EQ,8780,5318,60.57
20,2089,SHIVATEX,EQ,72786,48396,66.49
20,2090,SHK,EQ,1999649,710110,35.51
20,2091,SHOPERSTOP,EQ,28613,13154,45.97
20,2092,SHREDIGCEM,EQ,214180,123640,57.73
20,2093,SHREECEM,EQ,55676,33666,60.47
20,2094,SHREEKARNI,SM,2400,2400,100.00
20,2095,SHREEOSFM,SM,15000,10000,66.67
20,2096,SHREYANIND,EQ,5748,2647,46.05
20,2097,SHREYAS,EQ,20488,8364,40.82
20,2098,SHRIPISTON,EQ,119605,50085,41.88
20,2099,SHRIRAMFIN,EQ,1313916,569198,43.32
20,2100,SHRIRAMPPS,EQ,1611630,631352,39.17
20,2101,SHRITECH,SM,6000,4000,66.67
20,2102,SHUBHLAXMI,ST,17000,17000,100.00
20,2103,SHUBHSHREE,ST,36000,32400,90.00
20,2104,SHYAMCENT,EQ,392605,214909,54.74
20,2105,SHYAMMETL,EQ,599991,274424,45.74
20,2106,SHYAMTEL,EQ,21507,15897,73.92
20,2107,SIDDHIKA,SM,5000,5000,100.00
20,2108,SIEMENS,EQ,528414,197483,37.37
20,2109,SIGACHI,EQ,1127488,561056,49.76
20,2110,SIGIND,EQ,31034,11716,37.75
20,2111,SIGMA,EQ,4472,2368,52.95
20,2112,SIGNATURE,EQ,843900,320954,38.03
20,2113,SIGNPOST,EQ,98390,63358,64.39
20,2114,SIKKO,EQ,146784,43531,29.66
20,2115,SILGO,EQ,124930,63470,50.80
20,2116,SILINV,EQ,2792,2006,71.85
20,2117,SILKFLEX,ST,2000,2000,100.00
20,2118,SILLYMONKS,EQ,45139,31885,70.64
20,2119,SILVER,EQ,172747,134450,77.83
20,2120,SILVER1,EQ,157269,127340,80.97
20,2121,SILVERADD,EQ,74034,64242,86.77
20,2122,SILVERBEES,EQ,11703683,7605378,64.98
20,2123,SILVERETF,EQ,500279,204935,40.96
20,2124,SILVERIETF,EQ,1594416,1358005,85.17
20,2125,SILVERTUC,EQ,25942,10325,39.80
20,2126,SILVRETF,EQ,74565,72990,97.89
20,2127,SINCLAIR,EQ,44731,25078,56.06
20,2128,SINDHUTRAD,EQ,15230742,5249553,34.47
20,2129,SINTERCOM,EQ,19410,7587,39.09
20,2130,SIRCA,EQ,108050,43935,40.66
20,2131,SIS,EQ,48225,37115,76.96
20,2132,SIYSIL,EQ,655824,202501,30.88
20,2133,SJLOGISTIC,ST,14000,13000,92.86
20,2134,SJS,EQ,126980,74137,58.38
20,2135,SJVN,EQ,6747216,2735558,40.54
20,2136,SKFINDIA,EQ,152718,77665,50.86
20,2137,SKIPPER,EQ,3188608,588221,18.45
20,2138,SKIPPERPP,E1,16057,10234,63.74
20,2139,SKMEGGPROD,EQ,63552,28912,45.49
20,2140,SKP,SM,8500,6000,70.59
20,2141,SLONE,SM,12800,11200,87.50
20,2142,SMALLCAP,EQ,607421,457100,75.25
20,2143,SMCGLOBAL,EQ,169072,81483,48.19
20,2144,SMLISUZU,EQ,11873,5598,47.15
20,2145,SMLT,EQ,17269,8388,48.57
20,2146,SMSPHARMA,EQ,193010,102432,53.07
20,2147,SNOWMAN,EQ,949175,300389,31.65
20,2148,SOBHA,EQ,299042,111307,37.22
20,2149,SOBHAPP,E1,1181,976,82.64
20,2150,SOFTTECH,EQ,7673,1868,24.35
20,2151,SOLARA,EQ,30901,21090,68.25
20,2152,SOLARAPP,E1,1004,841,83.76
20,2153,SOLARINDS,EQ,41842,22395,53.52
20,2154,SOLEX,SM,51500,26500,51.46
20,2155,SOMANYCERA,EQ,25616,18226,71.15
20,2156,SOMATEX,EQ,77527,13887,17.91
20,2157,SONACOMS,EQ,1574020,932176,59.22
20,2158,SONAMAC,SM,25000,17000,68.00
20,2159,SONATSOFTW,EQ,793710,478360,60.27
20,2160,SOTAC,SM,1200,1200,100.00
20,2161,SOTL,EQ,88631,33239,37.50
20,2162,SOUTHBANK,EQ,6445392,2527138,39.21
20,2163,SOUTHWEST,EQ,9630,6445,66.93
20,2164,SPAL,EQ,11136,4631,41.59
20,2165,SPANDANA,EQ,133792,62028,46.36
20,2166,SPARC,EQ,397173,181995,45.82
20,2167,SPCENET,EQ,2897793,1598987,55.18
20,2168,SPCL,SM,259200,175200,67.59
20,2169,SPECIALITY,EQ,47752,40119,84.02
20,2170,SPECTRUM,SM,2750,2125,77.27
20,2171,SPECTSTM,SM,41600,36800,88.46
20,2172,SPENCERS,EQ,285587,128913,45.14
20,2173,SPIC,EQ,484450,185855,38.36
20,2174,SPLIL,EQ,18961,10510,55.43
20,2175,SPLPETRO,EQ,44579,30172,67.68
20,2176,SPORTKING,EQ,492668,209271,42.48
20,2177,SPPPOLY,SM,56000,20000,35.71
20,2178,SPRL,ST,9600,9600,100.00
20,2179,SRD,EQ,145611,65518,45.00
20,2180,SREEL,EQ,6827,4791,70.18
20,2181,SRF,EQ,375497,227340,60.54
20,2182,SRGHFL,EQ,2816,1334,47.37
20,2183,SRHHYPOLTD,EQ,116531,33553,28.79
20,2184,SRIVASAVI,SM,43000,31000,72.09
20,2185,SRPL,EQ,1255740,964117,76.78
20,2186,SSDL,EQ,106484,61984,58.21
20,2187,SSEGL,SM,97000,58000,59.79
20,2188,SSFL,SM,27000,17500,64.81
20,2189,SSWL,EQ,125216,71427,57.04
20,2190,STANLEY,EQ,126111,44641,35.40
20,2191,STAR,EQ,529340,306908,57.98
20,2192,STARCEMENT,EQ,210151,93038,44.27
20,2193,STARHEALTH,EQ,1024863,544535,53.13
20,2194,STARPAPER,EQ,20976,9438,44.99
20,2195,STARTECK,EQ,12694,5170,40.73
20,2196,STCINDIA,EQ,118696,48282,40.68
20,2197,STEELCAS,EQ,12027,6791,56.46
20,2198,STEELCITY,EQ,15151,6134,40.49
20,2199,STEELXIND,EQ,1439183,753402,52.35
20,2200,STERTOOLS,EQ,210936,79041,37.47
20,2201,STLTECH,EQ,2500474,1443698,57.74
20,2202,STOVEKRAFT,EQ,55647,20553,36.93
20,2203,STYLAMIND,EQ,29497,16532,56.05
20,2204,STYLEBAAZA,EQ,405806,138596,34.15
20,2205,STYRENIX,EQ,29915,17205,57.51
20,2206,SUBEXLTD,EQ,3480884,1364327,39.19
20,2207,SUBROS,EQ,64213,27481,42.80
20,2208,SUDARSCHEM,EQ,155419,76419,49.17
20,2209,SUKHJITS,EQ,11880,7655,64.44
20,2210,SULA,EQ,291762,117309,40.21
20,2211,SUMICHEM,EQ,233372,104533,44.79
20,2212,SUMMITSEC,EQ,2794,1363,48.78
20,2213,SUNCLAY,EQ,13072,7534,57.63
20,2214,SUNDARAM,EQ,556383,394405,70.89
20,2215,SUNDARMFIN,EQ,52358,22841,43.62
20,2216,SUNDARMHLD,EQ,131008,64284,49.07
20,2217,SUNDRMFAST,EQ,111523,40951,36.72
20,2218,SUNFLAG,EQ,254621,123292,48.42
20,2219,SUNLITE,SM,26400,22800,86.36
20,2220,SUNPHARMA,EQ,1597182,1076565,67.40
20,2221,SUNTECK,EQ,178963,91073,50.89
20,2222,SUNTV,EQ,272149,80128,29.44
20,2223,SUPERHOUSE,EQ,5522,3124,56.57
20,2224,SUPRAJIT,EQ,45692,21710,47.51
20,2225,SUPREMEIND,EQ,118801,74467,62.68
20,2226,SUPREMEPWR,ST,47000,40000,85.11
20,2227,SUPRIYA,EQ,206533,94134,45.58
20,2228,SURAJEST,EQ,238488,170994,71.70
20,2229,SURANAT&P,EQ,200085,118294,59.12
20,2230,SURANI,SM,3800,1400,36.84
20,2231,SURYALAXMI,EQ,19930,10754,53.96
20,2232,SURYAROSNI,EQ,221809,103825,46.81
20,2233,SURYODAY,EQ,218272,125163,57.34
20,2234,SUTLEJTEX,EQ,155165,71324,45.97
20,2235,SUVEN,EQ,205543,83777,40.76
20,2236,SUVENPHAR,EQ,525579,398298,75.78
20,2237,SUVIDHAA,EQ,135456,64301,47.47
20,2238,SUYOG,EQ,17072,11747,68.81
20,2239,SUZLON,EQ,136134618,44413326,32.62
20,2240,SVLL,EQ,2046,1827,89.30
20,2241,SVPGLOB,EQ,38253,26460,69.17
20,2242,SWANENERGY,EQ,1717936,598489,34.84
20,2243,SWARAJ,SM,14000,10000,71.43
20,2244,SWARAJENG,EQ,7220,3552,49.20
20,2245,SWASTIK,SM,9600,8400,87.50
20,2246,SWELECTES,EQ,47165,16454,34.89
20,2247,SWSOLAR,EQ,1747559,1044929,59.79
20,2248,SYLVANPLY,SM,12000,10000,83.33
20,2249,SYMPHONY,EQ,983423,291761,29.67
20,2250,SYNCOMF,EQ,9462116,3717842,39.29
20,2251,SYNGENE,EQ,525723,320966,61.05
20,2252,SYNOPTICS,SM,7200,7200,100.00
20,2253,SYRMA,EQ,346367,207196,59.82
20,2254,SYSTANGO,SM,10400,8400,80.77
20,2255,TAC,ST,32400,27600,85.19
20,2256,TAINWALCHM,EQ,76137,21832,28.67
20,2257,TAJGVK,EQ,68145,29513,43.31
20,2258,TAKE,EQ,309692,144364,46.62
20,2259,TALBROAUTO,EQ,72767,43662,60.00
20,2260,TANLA,EQ,859984,161314,18.76
20,2261,TARACHAND,EQ,20647,11417,55.30
20,2262,TARC,EQ,227938,129827,56.96
20,2263,TARMAT,EQ,80180,72410,90.31
20,2264,TARSONS,EQ,48199,32379,67.18
20,2265,TASTYBITE,EQ,2650,1128,42.57
20,2266,TATACHEM,EQ,2757842,537408,19.49
20,2267,TATACOMM,EQ,309945,113826,36.72
20,2268,TATACONSUM,EQ,1322027,681529,51.55
20,2269,TATAELXSI,EQ,162611,51883,31.91
20,2270,TATAGOLD,EQ,4593844,3514521,76.51
20,2271,TATAINVEST,EQ,37839,12780,33.77
20,2272,TATAMOTORS,EQ,11557737,4598960,39.79
20,2273,TATAPOWER,EQ,16274750,5254532,32.29
20,2274,TATASTEEL,EQ,42766218,15632110,36.55
20,2275,TATATECH,EQ,1352959,558909,41.31
20,2276,TATSILV,EQ,1775042,1475556,83.13
20,2277,TATVA,EQ,96339,65587,68.08
20,2278,TBI,ST,8400,8400,100.00
20,2279,TBOTEK,EQ,16860,7921,46.98
20,2280,TBZ,EQ,2015845,751982,37.30
20,2281,TCHF30,NB,1,1,100.00
20,2282,TCI,EQ,19695,11729,59.55
20,2283,TCIEXP,EQ,18442,11941,64.75
20,2284,TCL,SM,16800,12800,76.19
20,2285,TCPLPACK,EQ,3100,1681,54.23
20,2286,TCS,EQ,1082504,596826,55.13
20,2287,TDPOWERSYS,EQ,174971,74945,42.83
20,2288,TEAMLEASE,EQ,11844,6389,53.94
20,2289,TECH,EQ,21777,18032,82.80
20,2290,TECHERA,ST,9600,9600,100.00
20,2291,TECHLABS,SM,14000,10000,71.43
20,2292,TECHM,EQ,2177241,1224987,56.26
20,2293,TECHNOE,EQ,160360,94836,59.14
20,2294,TEGA,EQ,36343,16434,45.22
20,2295,TEJASNET,EQ,284098,123131,43.34
20,2296,TERASOFT,EQ,84261,45462,53.95
20,2297,TEXINFRA,EQ,569333,257992,45.31
20,2298,TEXMOPIPES,EQ,63197,37129,58.75
20,2299,TEXRAIL,EQ,2653491,1204535,45.39
20,2300,TFCILTD,EQ,496512,317084,63.86
20,2301,TGBHOTELS,EQ,50011,34201,68.39
20,2302,TGL,ST,194400,172800,88.89
20,2303,THANGAMAYL,EQ,396016,95848,24.20
20,2304,THEINVEST,EQ,20919,17193,82.19
20,2305,THEJO,EQ,11309,6746,59.65
20,2306,THEMISMED,EQ,81077,30820,38.01
20,2307,THERMAX,EQ,44235,16372,37.01
20,2308,THESL,ST,24000,24000,100.00
20,2309,THOMASCOOK,EQ,261023,138677,53.13
20,2310,THOMASCOTT,EQ,111758,66667,59.65
20,2311,THYROCARE,EQ,20739,12987,62.62
20,2312,TI,EQ,602810,219682,36.44
20,2313,TIIL,EQ,6830,3930,57.54
20,2314,TIINDIA,EQ,349776,166267,47.54
20,2315,TIL,EQ,28617,24200,84.57
20,2316,TIMESCAN,SM,4000,4000,100.00
20,2317,TIMESGTY,EQ,16904,4299,25.43
20,2318,TIMETECHNO,EQ,1090830,233408,21.40
20,2319,TIMKEN,EQ,41096,20347,49.51
20,2320,TIPSFILMS,EQ,34345,7895,22.99
20,2321,TIPSMUSIC,EQ,730983,316870,43.35
20,2322,TIRUMALCHM,EQ,121901,54189,44.45
20,2323,TIRUPATI,SM,250,250,100.00
20,2324,TITAGARH,EQ,1256796,537850,42.80
20,2325,TITAN,EQ,1063802,548204,51.53
20,2326,TMB,EQ,83508,42930,51.41
20,2327,TNIDETF,EQ,54085,42278,78.17
20,2328,TNPETRO,EQ,115478,60341,52.25
20,2329,TNPL,EQ,87336,44345,50.78
20,2330,TNTELE,EQ,19675,16331,83.00
20,2331,TOKYOPLAST,EQ,5982,3166,52.93
20,2332,TOLINS,EQ,86001,40095,46.62
20,2333,TOP100CASE,EQ,207947,171493,82.47
20,2334,TOP10ADD,EQ,369999,360646,97.47
20,2335,TORNTPHARM,EQ,463341,215172,46.44
20,2336,TORNTPOWER,EQ,4857383,424046,8.73
20,2337,TOTAL,EQ,5635,4058,72.01
20,2338,TOUCHWOOD,EQ,841,562,66.83
20,2339,TRACXN,EQ,414378,254367,61.39
20,2340,TRANSTEEL,SM,84000,50000,59.52
20,2341,TREL,EQ,146071,78676,53.86
20,2342,TRENT,EQ,1260784,609503,48.34
20,2343,TRF,EQ,9612,6321,65.76
20,2344,TRIDENT,EQ,4086107,1535384,37.58
20,2345,TRIDHYA,SM,12000,6000,50.00
20,2346,TRIGYN,EQ,66350,36266,54.66
20,2347,TRITURBINE,EQ,1628658,417573,25.64
20,2348,TRIVENI,EQ,295910,96422,32.58
20,2349,TROM,SM,43200,21600,50.00
20,2350,TRUST,SM,67200,60000,89.29
20,2351,TTKHLTCARE,EQ,3915,1856,47.41
20,2352,TTKPRESTIG,EQ,73937,21031,28.44
20,2353,TTL,EQ,18947,11922,62.92
20,2354,TTML,EQ,3277280,1117604,34.10
20,2355,TUNWAL,SM,86000,52000,60.47
20,2356,TV18BRDCST,EQ,7829359,4008636,51.20
20,2357,TVSHLTD,EQ,14728,10513,71.38
20,2358,TVSMOTOR,EQ,884279,502520,56.83
20,2359,TVSSCS,EQ,502801,230064,45.76
20,2360,TVSSRICHAK,EQ,11994,6091,50.78
20,2361,TVTODAY,EQ,195824,116011,59.24
20,2362,UBL,EQ,179172,94887,52.96
20,2363,UCAL,EQ,16260,7372,45.34
20,2364,UCL,SM,20000,14000,70.00
20,2365,UCOBANK,EQ,3726064,1016366,27.28
20,2366,UDAICEMENT,EQ,304371,165022,54.22
20,2367,UDS,EQ,394947,204032,51.66
20,2368,UFLEX,EQ,44482,13938,31.33
20,2369,UFO,EQ,114259,41948,36.71
20,2370,UGARSUGAR,EQ,153233,77821,50.79
20,2371,UGROCAP,EQ,162727,95633,58.77
20,2372,UJJIVANSFB,EQ,7082375,4272323,60.32
20,2373,ULTRACEMCO,EQ,286382,199776,69.76
20,2374,UMA,SM,32000,16000,50.00
20,2375,UNICHEMLAB,EQ,10075,4823,47.87
20,2376,UNIDT,EQ,11015,6165,55.97
20,2377,UNIECOM,EQ,1135940,475655,41.87
20,2378,UNIENTER,EQ,7280,3427,47.07
20,2379,UNIHEALTH,SM,26000,14000,53.85
20,2380,UNIINFO,EQ,79857,50099,62.74
20,2381,UNILEX,ST,36800,36800,100.00
20,2382,UNIONBANK,EQ,6626406,2881775,43.49
20,2383,UNIPARTS,EQ,53707,31632,58.90
20,2384,UNITDSPR,EQ,336186,176344,52.45
20,2385,UNITEDTEA,EQ,6694,4823,72.05
20,2386,UNIVASTU,EQ,22322,17301,77.51
20,2387,UNIVCABLES,EQ,33129,19366,58.46
20,2388,UNIVPHOTO,EQ,4932,2064,41.85
20,2389,UNOMINDA,EQ,791894,442967,55.94
20,2390,UPL,EQ,881946,338129,38.34
20,2391,URBAN,ST,3200,3200,100.00
20,2392,URJA,EQ,3319770,1299159,39.13
20,2393,USASEEDS,SM,1500,1200,80.00
20,2394,USHAMART,EQ,382261,175237,45.84
20,2395,UTIAMC,EQ,329039,173954,52.87
20,2396,UTIBANKETF,EQ,46100,37083,80.44
20,2397,UTINEXT50,EQ,80509,62637,77.80
20,2398,UTINIFTETF,EQ,3692008,3671288,99.44
20,2399,UTISENSETF,EQ,1477,1281,86.73
20,2400,UTISXN50,EQ,16205,10456,64.52
20,2401,UTKARSHBNK,EQ,1065621,582522,54.67
20,2402,UTSSAV,ST,55200,55200,100.00
20,2403,UTTAMSUGAR,EQ,157648,57038,36.18
20,2404,UYFINCORP,EQ,1026310,445493,43.41
20,2405,VADILALIND,EQ,14074,8809,62.59
20,2406,VAIBHAVGBL,EQ,260919,135341,51.87
20,2407,VAISHALI,EQ,121390,82477,67.94
20,2408,VAKRANGEE,EQ,2825354,2449153,86.68
20,2409,VALIANTLAB,EQ,47366,11134,23.51
20,2410,VALIANTORG,EQ,24225,12790,52.80
20,2411,VARDHACRLC,EQ,35146,19574,55.69
20,2412,VARROC,EQ,279555,84909,30.37
20,2413,VASCONEQ,EQ,814235,324979,39.91
20,2414,VBL,EQ,6884033,3751499,54.50
20,2415,VDEAL,SM,22800,19200,84.21
20,2416,VEDL,EQ,11444008,3757414,32.83
20,2417,VEEDOL,EQ,10534,6279,59.61
20,2418,VEEKAYEM,ST,2500,2000,80.00
20,2419,VELS,SM,6000,3600,60.00
20,2420,VENKEYS,EQ,32771,16916,51.62
20,2421,VENUSPIPES,EQ,79802,40105,50.26
20,2422,VENUSREM,EQ,30911,17712,57.30
20,2423,VERANDA,EQ,118847,88774,74.70
20,2424,VERITAAS,SM,7200,7200,100.00
20,2425,VERTEXPLUS,SM,600,600,100.00
20,2426,VERTOZ,EQ,38453281,21061620,54.77
20,2427,VESUVIUS,EQ,12192,6157,50.50
20,2428,VGUARD,EQ,199639,88175,44.17
20,2429,VHL,EQ,650,399,61.38
20,2430,VIAZ,SM,16000,14000,87.50
20,2431,VIDHIING,EQ,21826,11039,50.58
20,2432,VIESL,SM,102400,71200,69.53
20,2433,VIJAYA,EQ,508823,151054,29.69
20,2434,VIKASECO,EQ,5289970,3067869,57.99
20,2435,VIKASLIFE,EQ,3158651,1836431,58.14
20,2436,VILAS,SM,38000,30000,78.95
20,2437,VIMTALABS,EQ,30192,18159,60.15
20,2438,VINATIORGA,EQ,68392,56330,82.36
20,2439,VINDHYATEL,EQ,91226,59763,65.51
20,2440,VINEETLAB,EQ,58135,18243,31.38
20,2441,VINSYS,SM,8000,7500,93.75
20,2442,VINYAS,ST,10000,10000,100.00
20,2443,VINYLINDIA,EQ,23698,12185,51.42
20,2444,VIPIND,EQ,906320,340905,37.61
20,2445,VIRINCHI,EQ,297581,173766,58.39
20,2446,VISAKAIND,EQ,194904,74597,38.27
20,2447,VISAMAN,SM,66000,66000,100.00
20,2448,VISHNU,EQ,91992,49612,53.93
20,2449,VISHNUINFR,ST,18500,18000,97.30
20,2450,VISHWARAJ,EQ,2977898,1483824,49.83
20,2451,VISHWAS,SM,4800,3200,66.67
20,2452,VITAL,SM,22800,19200,84.21
20,2453,VIVIANA,ST,3500,3500,100.00
20,2454,VIVIDHA,EQ,568447,334739,58.89
20,2455,VLINFRA,ST,18000,15000,83.33
20,2456,VLSFINANCE,EQ,48745,26829,55.04
20,2457,VMARCIND,ST,11000,10000,90.91
20,2458,VMART,EQ,19271,7387,38.33
20,2459,VOLTAMP,EQ,37978,14310,37.68
20,2460,VOLTAS,EQ,627902,354505,56.46
20,2461,VPRPL,EQ,1521974,568108,37.33
20,2462,VR,ST,1600,1600,100.00
20,2463,VRAJ,EQ,297758,96599,32.44
20,2464,VRLLOG,EQ,43355,18303,42.22
20,2465,VSCL,SM,42000,36000,85.71
20,2466,VSSL,EQ,35639,22048,61.86
20,2467,VSTIND,EQ,694205,308913,44.50
20,2468,VSTL,EQ,55492,33316,60.04
20,2469,VSTTILLERS,EQ,4961,3877,78.15
20,2470,VTL,EQ,79243,39661,50.05
20,2471,WABAG,EQ,370341,206217,55.68
20,2472,WALCHANNAG,EQ,539025,229096,42.50
20,2473,WALPAR,SM,12000,8000,66.67
20,2474,WCIL,EQ,744722,225326,30.26
20,2475,WEBELSOLAR,EQ,198253,82250,41.49
20,2476,WEIZMANIND,EQ,253888,108076,42.57
20,2477,WEL,EQ,67370,8245,12.24
20,2478,WELCORP,EQ,765839,489656,63.94
20,2479,WELENT,EQ,470896,248525,52.78
20,2480,WELINV,EQ,1358,1086,79.97
20,2481,WELSPUNLIV,EQ,5220546,2135877,40.91
20,2482,WENDT,EQ,223,127,56.95
20,2483,WESTLIFE,EQ,46095,13572,29.44
20,2484,WHEELS,EQ,7610,4601,60.46
20,2485,WHIRLPOOL,EQ,96559,51999,53.85
20,2486,WILLAMAGOR,EQ,46653,13211,28.32
20,2487,WINDLAS,EQ,28950,17366,59.99
20,2488,WINDMACHIN,EQ,399658,246277,61.62
20,2489,WINNY,SM,1000,1000,100.00
20,2490,WINSOL,SM,28800,17600,61.11
20,2491,WIPL,EQ,906,459,50.66
20,2492,WIPRO,EQ,4420844,2034478,46.02
20,2493,WOCKPHARMA,EQ,233151,131184,56.27
20,2494,WOL3D,ST,28000,28000,100.00
20,2495,WOMANCART,ST,1600,1600,100.00
20,2496,WONDERLA,EQ,112804,48302,42.82
20,2497,WORTH,EQ,43423,19481,44.86
20,2498,WSI,EQ,95388,49123,51.50
20,2499,WSTCSTPAPR,EQ,97050,44766,46.13
20,2500,WTICAB,SM,18000,12000,66.67
20,2501,XCHANGING,EQ,356996,152652,42.76
20,2502,XELPMOC,EQ,216287,83058,38.40
20,2503,XPROINDIA,EQ,21396,12315,57.56
20,2504,XTGLOBAL,EQ,137050,56357,41.12
20,2505,YAARI,EQ,101737,87611,86.12
20,2506,YASHO,EQ,6361,3900,61.31
20,2507,YASHOPTICS,SM,24000,17600,73.33
20,2508,YATHARTH,EQ,255277,117513,46.03
20,2509,YATRA,EQ,89706,59053,65.83
20,2510,YCCL,SM,51000,48000,94.12
20,2511,YESBANK,EQ,63955298,23760059,37.15
20,2512,YUDIZ,SM,22400,22400,100.00
20,2513,YUKEN,EQ,5276,3293,62.41
20,2514,ZEAL,SM,9000,6600,73.33
20,2515,ZEEL,EQ,19076402,6291756,32.98
20,2516,ZEELEARN,EQ,2528731,1893387,74.87
20,2517,ZENITHDRUG,ST,41600,38400,92.31
20,2518,ZENSARTECH,EQ,403272,175527,43.53
20,2519,ZENTEC,EQ,575629,239320,41.58
20,2520,ZFCVINDIA,EQ,30507,26015,85.28
20,2521,ZIMLAB,EQ,76322,48843,64.00
20,2522,ZODIACLOTH,EQ,11165,6868,61.51
20,2523,ZOMATO,EQ,62967866,29488662,46.83
20,2524,ZOTA,EQ,45568,35229,77.31
20,2525,ZTECH,ST,36000,32400,90.00
20,2526,ZUARI,EQ,95634,47782,49.96
20,2527,ZUARIIND,EQ,66852,35039,52.41
20,2528,ZYDUSLIFE,EQ,1647954,1077555,65.39
20,2529,ZYDUSWELL,EQ,15057,7102,47.17
