Security Wise Delivery Position - Compulsory Rolling Settlement
10,MTO,01102024,1568429436,0002482
Trade Date <01-OCT-2024>,Settlement Type <N>
Record Type,Sr No,Name of Security,Quantity Traded,Deliverable Quantity(gross across client level),% of Deliverable Quantity to Traded Quantity
20,1,0SCL27,YW,45,45,100.00
20,2,1003ISFL28,N4,100,100,100.00
20,3,1015ECL29,NR,20,20,100.00
20,4,1018GS2026,GS,3599,3591,99.78
20,5,1025SCL34,Z8,400,300,75.00
20,6,1025SCL34A,ZT,25,25,100.00
20,7,1035UCL24,N6,353,353,100.00
20,8,1035UCL26,NA,32,31,96.88
20,9,1049DLS25A,Y5,151,100,66.23
20,10,1049DLSL25,NX,80,60,75.00
20,11,1050NFL26,N7,209,200,95.69
20,12,1050UCL25,N7,158,158,100.00
20,13,105IIFL29,N7,40,40,100.00
20,14,1060ECL29,NS,53,53,100.00
20,15,1065NFL27,NC,461,461,100.00
20,16,1075SCL33A,N2,11,11,100.00
20,17,10CAGL27,N5,2098,2000,95.33
20,18,10IIFL28,N4,80,50,62.50
20,19,10IIFL28A,NE,579,579,100.00
20,20,10IIFL29,N6,51,51,100.00
20,21,10NIDO26,N6,137,137,100.00
20,22,10SCL30A,BV,54,40,74.07
20,23,11UCL26,NC,539,250,46.38
20,24,182D011124,TB,100,100,100.00
20,25,182D111024,TB,100,100,100.00
20,26,182D170125,TB,100,100,100.00
20,27,182D261224,TB,100,100,100.00
20,28,20MICRONS,EQ,114961,51970,45.21
20,29,360ONE,EQ,468834,298076,63.58
20,30,364D070825,TB,100,100,100.00
20,31,364D101024,TB,400,400,100.00
20,32,364D121224,TB,700,700,100.00
20,33,364D171024,TB,8200,8200,100.00
20,34,364D260625,TB,100,100,100.00
20,35,364D261224,TB,100,100,100.00
20,36,3IINFOLTD,EQ,1184744,521973,44.06
20,37,3MINDIA,EQ,3731,1863,49.93
20,38,515GS2025,GS,2,2,100.00
20,39,522GS2025,GS,1000,1000,100.00
20,40,563GS2026,GS,1,1,100.00
20,41,574GS2026,GS,80,80,100.00
20,42,585GS2030,GS,3,3,100.00
20,43,5PAISA,EQ,204691,66118,32.30
20,44,610GS2031,GS,17631,17614,99.90
20,45,63MOONS,EQ,529453,294142,55.56
20,46,654GS2032,GS,3501,3501,100.00
20,47,667GS2050,GS,21104,21104,100.00
20,48,676GS2061,GS,999,999,100.00
20,49,689GS2025,GS,101,101,100.00
20,50,68GS2060,GS,15015,15015,100.00
20,51,695GS2061,GS,700,700,100.00
20,52,697GR2034,GS,2,2,100.00
20,53,699GS2026,GS,3100,2100,67.74
20,54,699GS2051,GS,100,100,100.00
20,55,702GS2027,GS,4003,4003,100.00
20,56,702GS2031,GS,807,804,99.63
20,57,704GS2029,GS,21250,21250,100.00
20,58,706GS2028,GS,10949,10949,100.00
20,59,709GS2054,GS,5250,5250,100.00
20,60,710GS2029,GS,41854,41753,99.76
20,61,717GS2030,GS,12010,12010,100.00
20,62,718GS2033,GS,901,901,100.00
20,63,718GS2037,GS,17170,17170,100.00
20,64,723GS2039,GS,801,801,100.00
20,65,725GS2063,GS,194576,194576,100.00
20,66,726GS2032,GS,6461,6461,100.00
20,67,726GS2033,GS,1513,1513,100.00
20,68,727GS2026,GS,4,4,100.00
20,69,729NHAI26,NC,216,205,94.91
20,70,732GS2030,GS,2700,2700,100.00
20,71,732IRFC25,NI,101,100,99.01
20,72,733GS2026,GS,440989,413712,93.81
20,73,734GS2064,GS,32662,32502,99.51
20,74,735IRFC31,NM,68,68,100.00
20,75,736GS2052,GS,9,9,100.00
20,76,736NTPC25D,NB,16,16,100.00
20,77,737GR2054,GS,100,100,100.00
20,78,737GS2028,GS,14550,14550,100.00
20,79,738GS2027,GS,64610,55208,85.45
20,80,738REC27TF,N2,2240,1140,50.89
20,81,739NHAI26,N8,100,100,100.00
20,82,739NHAI31A,ND,30,30,100.00
20,83,73GS2053,GS,23101,16881,73.07
20,84,741GS2036,GS,29477,29477,100.00
20,85,746GS2073,GS,2259,2139,94.69
20,86,753IRFC30,NJ,739,739,100.00
20,87,754GS2036,GS,573737,525674,91.62
20,88,763PN39,SG,200,100,50.00
20,89,764HUDCO31,N8,1343,1343,100.00
20,90,764IRFC31,NO,120,120,100.00
20,91,764NABAR31,N2,719,710,98.75
20,92,769HUDCO31,N9,653,517,79.17
20,93,769NHAI31,NE,3437,3437,100.00
20,94,76NHAI31,NA,2968,2398,80.80
20,95,774IREDA31,N7,1116,1116,100.00
20,96,774TS35,SG,100,100,100.00
20,97,78ABFL33,N4,4,4,100.00
20,98,794TN32,SG,5000,5000,100.00
20,99,79NHIT35,N1,2805,2800,99.82
20,100,79NHIT40,N2,100,100,100.00
20,101,79NHIT47,N3,151,151,100.00
20,102,810IRFC27,N2,10160,9763,96.09
20,103,813GS2045,GS,530,530,100.00
20,104,81TCHF28,N8,207,207,100.00
20,105,824GS2027,GS,801,801,100.00
20,106,828GS2027,GS,1100,1100,100.00
20,107,829LTF24,NL,4,4,100.00
20,108,829PFL29,N6,7,7,100.00
20,109,82HUDCO27,N2,90,90,100.00
20,110,82IGT31,NJ,409,405,99.02
20,111,830NHAI27,N2,6019,5060,84.07
20,112,830PFCL27,N5,1605,1605,100.00
20,113,835SCL23B,YM,1,1,100.00
20,114,83TCHF25,N6,760,750,98.68
20,115,842IIFL26,NL,870,870,100.00
20,116,843IHFL29,NC,162,162,100.00
20,117,849NTPC25,N7,213895,212182,99.20
20,118,850CIFCL26,NE,5,5,100.00
20,119,850NHAI29,N5,450,450,100.00
20,120,855IREDA29,N2,200,200,100.00
20,121,863IRFC29,NC,1,1,100.00
20,122,863NHB29,N2,6,6,100.00
20,123,865IFL28,NZ,121,121,100.00
20,124,865IIFL28,NS,191,191,100.00
20,125,865IRFC29,NA,146,146,100.00
20,126,865LTF26,NN,302,300,99.34
20,127,865TCAPS27,N8,47,37,78.72
20,128,867NHPC33,N3,1233,1233,100.00
20,129,86LTF24,NJ,99,99,100.00
20,130,871REC28,N9,592,492,83.11
20,131,873NTPC28,N5,175,175,100.00
20,132,875NHAI29,N6,447,442,98.88
20,133,875SFL27,ZF,35,35,100.00
20,134,876HUDCO28,ND,2042,1109,54.31
20,135,87LTF27,NH,293,290,98.98
20,136,880IREDA29,N5,20,20,100.00
20,137,880IREDA34,N6,10,10,100.00
20,138,888ERFL28,N5,104,104,100.00
20,139,888IRFC29,NE,1150,1140,99.13
20,140,888REC29,NF,5,5,100.00
20,141,888SCL25E,N4,1,1,100.00
20,142,889SCFL27,YC,85,85,100.00
20,143,891IIFCL34,N4,349,309,88.54
20,144,892NHPC33,N6,6,6,100.00
20,145,892PFCL33,N8,464,464,100.00
20,146,893NHB29,N6,10,10,100.00
20,147,897MOFSL29,N4,1025,1025,100.00
20,148,898LTF29,N7,7920,7402,93.46
20,149,8ABFL26,N0,599,598,99.83
20,150,901HUDCO34,NE,30,20,66.67
20,151,901NHB34,N6,135,135,100.00
20,152,905LTF27,NF,7,7,100.00
20,153,910TCAP28,NA,50,50,100.00
20,154,91D071124,TB,200,200,100.00
20,155,91D101024,TB,1300,1300,100.00
20,156,91D151124,TB,5500,5500,100.00
20,157,91D211124,TB,1800,1800,100.00
20,158,91MOFSL27,N2,205,205,100.00
20,159,925AEL26,N1,7,7,100.00
20,160,925ERFL28,N6,437,437,100.00
20,161,925SCL25,N5,5,5,100.00
20,162,925SCL26F,N1,75,40,53.33
20,163,925SCL27,YR,38,38,100.00
20,164,92GS2030,GS,6906,6906,100.00
20,165,930SFL28,YP,270,270,100.00
20,166,932AEL27,N3,139,139,100.00
20,167,93MOFSL34,N6,5,5,100.00
20,168,943ECL28,NJ,1780,1780,100.00
20,169,948SCL26,N9,45,29,64.44
20,170,94IFCI25,NL,1400,1400,100.00
20,171,94SFL28,YL,130,130,100.00
20,172,950SCL23A,AP,10,10,100.00
20,173,957ISFL26,N2,50,50,100.00
20,174,957NIDO26,N5,1,1,100.00
20,175,960ISFL25,N1,5,5,100.00
20,176,965AEL27,N4,246,246,100.00
20,177,965IHFL25D,N7,28,28,100.00
20,178,965SCL25B,Y1,4,4,100.00
20,179,965SCL26F,N1,100,100,100.00
20,180,96IIFL28,N5,8298,6505,78.39
20,181,96IIFL28A,NF,765,765,100.00
20,182,96SFL24A,NB,31,31,100.00
20,183,970CAGL28,ND,2250,2250,100.00
20,184,971SCL28,AN,332,332,100.00
20,185,971SCL28A,NT,80,80,100.00
20,186,975NFL25,N0,13,13,100.00
20,187,97MOFSL34,N7,1000,1000,100.00
20,188,980SCL33D,YG,2,2,100.00
20,189,985ECL28,NK,92,92,100.00
20,190,990SCL26,N7,7,4,57.14
20,191,99AEL29,N7,1504,1504,100.00
20,192,9IIFL28A,NT,108,107,99.07
20,193,9MMFSML,N2,90,90,100.00
20,194,9PCHFL31A,NA,2,0,0.00
20,195,9SCL26BA,NA,131,131,100.00
20,196,9SFL25A,ZH,8,4,50.00
20,197,AAATECH,EQ,21685,10312,47.55
20,198,AADHARHFC,EQ,1540248,695280,45.14
20,199,AARON,EQ,6393,1550,24.25
20,200,AARTECH,EQ,971404,473793,48.77
20,201,AARTIDRUGS,EQ,183365,68454,37.33
20,202,AARTIIND,EQ,1183148,609609,51.52
20,203,AARTIPHARM,EQ,179320,116989,65.24
20,204,AARTISURF,EQ,17379,7848,45.16
20,205,AARVI,EQ,24103,12439,51.61
20,206,AATMAJ,SM,20000,18000,90.00
20,207,AAVAS,EQ,366508,236523,64.53
20,208,ABAN,EQ,149700,109829,73.37
20,209,ABB,EQ,368953,144838,39.26
20,210,ABBOTINDIA,EQ,5340,1739,32.57
20,211,ABCAPITAL,EQ,7599283,2758229,36.30
20,212,ABCOTS,SM,31500,30500,96.83
20,213,ABDL,EQ,630052,310551,49.29
20,214,ABFL26,N1,10,10,100.00
20,215,ABFRL,EQ,3501076,1357671,38.78
20,216,ABGSEC,EQ,593,579,97.64
20,217,ABINFRA,SM,18000,18000,100.00
20,218,ABSLAMC,EQ,456194,336440,73.75
20,219,ABSLBANETF,EQ,13910,10343,74.36
20,220,ABSLLIQUID,EQ,2203,1598,72.54
20,221,ABSLNN50ET,EQ,28101,15873,56.49
20,222,ABSLPSE,EQ,539452,479827,88.95
20,223,ABSMARINE,SM,32000,22000,68.75
20,224,ACC,EQ,187093,61526,32.89
20,225,ACCELYA,EQ,41727,24207,58.01
20,226,ACCENTMIC,SM,17500,12000,68.57
20,227,ACCORD,SM,10000,8000,80.00
20,228,ACE,EQ,172066,88420,51.39
20,229,ACEINTEG,EQ,94568,59958,63.40
20,230,ACI,EQ,287933,121969,42.36
20,231,ACL,EQ,159024,126623,79.63
20,232,ACLGATI,EQ,594422,305991,51.48
20,233,ACSAL,SM,129000,66000,51.16
20,234,ADANIENSOL,EQ,4058979,1618589,39.88
20,235,ADANIENT,EQ,1367116,528150,38.63
20,236,ADANIGREEN,EQ,798097,289932,36.33
20,237,ADANIPORTS,EQ,1687795,808352,47.89
20,238,ADANIPOWER,EQ,1266464,564078,44.54
20,239,ADFFOODS,EQ,320006,89516,27.97
20,240,ADORWELD,EQ,4668,2277,48.78
20,241,ADROITINFO,EQ,49845,36426,73.08
20,242,ADROITPP1,E1,102302,98479,96.26
20,243,ADSL,EQ,461245,203939,44.21
20,244,ADVANIHOTR,EQ,55393,28434,51.33
20,245,ADVENZYMES,EQ,479952,150485,31.35
20,246,AEGISLOG,EQ,216722,103647,47.82
20,247,AEROFLEX,EQ,3468676,997178,28.75
20,248,AERON,SM,95000,57000,60.00
20,249,AESTHETIK,SM,54000,28000,51.85
20,250,AETHER,EQ,86106,39595,45.98
20,251,AFFLE,EQ,398378,176889,44.40
20,252,AFIL,EQ,306512,169880,55.42
20,253,AGARIND,EQ,50734,29444,58.04
20,254,AGI,EQ,220053,99359,45.15
20,255,AGIIL,EQ,4740,3784,79.83
20,256,AGNI,SM,32500,17500,53.85
20,257,AGRITECH,EQ,15300,9306,60.82
20,258,AGROPHOS,EQ,119762,68875,57.51
20,259,AGSTRA,EQ,596092,257533,43.20
20,260,AGUL,SM,12000,12000,100.00
20,261,AHIMSA,ST,12000,0,0.00
20,262,AHL,EQ,328790,209934,63.85
20,263,AHLADA,EQ,44474,19158,43.08
20,264,AHLEAST,EQ,538530,210364,39.06
20,265,AHLUCONT,EQ,58513,29201,49.91
20,266,AIAENG,EQ,17573,8516,48.46
20,267,AIIL,EQ,128322,62917,49.03
20,268,AILIMITED,ST,6000,6000,100.00
20,269,AIMTRON,ST,24800,23200,93.55
20,270,AIROLAM,EQ,7694,3576,46.48
20,271,AIRTELPP,E1,464800,346509,74.55
20,272,AISL,SM,43200,31200,72.22
20,273,AJANTPHARM,EQ,76680,24962,32.55
20,274,AJMERA,EQ,23085,15438,66.87
20,275,AKANKSHA,ST,26000,26000,100.00
20,276,AKASH,EQ,35711,17057,47.76
20,277,AKG,EQ,229864,183472,79.82
20,278,AKI,EQ,51845,30997,59.79
20,279,AKIKO,SM,206400,190400,92.25
20,280,AKSHARCHEM,EQ,6711,4209,62.72
20,281,AKSHOPTFBR,EQ,1013323,704991,69.57
20,282,AKUMS,EQ,255795,133505,52.19
20,283,AKZOINDIA,EQ,20149,10630,52.76
20,284,ALANKIT,EQ,1088311,650272,59.75
20,285,ALEMBICLTD,EQ,547094,251499,45.97
20,286,ALICON,EQ,12768,5406,42.34
20,287,ALKALI,EQ,13159,8703,66.14
20,288,ALKEM,EQ,110426,52706,47.73
20,289,ALKYLAMINE,EQ,225161,68982,30.64
20,290,ALLCARGO,EQ,2183250,901120,41.27
20,291,ALLDIGI,EQ,22199,11933,53.75
20,292,ALLETEC,SM,12400,8800,70.97
20,293,ALOKINDS,EQ,39939997,8864091,22.19
20,294,ALPA,EQ,675505,245229,36.30
20,295,ALPEXSOLAR,ST,28800,28800,100.00
20,296,ALPHA,EQ,821677,545533,66.39
20,297,ALPHAETF,EQ,419440,324003,77.25
20,298,ALPL30IETF,EQ,2125610,2004217,94.29
20,299,ALUWIND,ST,36000,36000,100.00
20,300,AMBER,EQ,267172,52706,19.73
20,301,AMBEY,SM,12000,10000,83.33
20,302,AMBICAAGAR,EQ,27440,13938,50.79
20,303,AMBIKCO,EQ,12013,7537,62.74
20,304,AMBUJACEM,EQ,1508022,680929,45.15
20,305,AMDIND,EQ,23442,11460,48.89
20,306,AMEYA,SM,6000,6000,100.00
20,307,AMIABLE,SM,1600,1600,100.00
20,308,AMIORG,EQ,221938,103209,46.50
20,309,AMNPLST,EQ,14302,10004,69.95
20,310,AMRUTANJAN,EQ,38987,19313,49.54
20,311,ANANDRATHI,EQ,38240,27238,71.23
20,312,ANANTRAJ,EQ,911726,344354,37.77
20,313,ANDHRAPAP,EQ,158699,82184,51.79
20,314,ANDHRSUGAR,EQ,429862,194806,45.32
20,315,ANGELONE,EQ,5049436,832889,16.49
20,316,ANLON,ST,3200,3200,100.00
20,317,ANNAPURNA,SM,136000,110500,81.25
20,318,ANUP,EQ,40528,17415,42.97
20,319,ANURAS,EQ,368608,92041,24.97
20,320,APARINDS,EQ,130755,76730,58.68
20,321,APCL,EQ,16515,11104,67.24
20,322,APCOTEXIND,EQ,21253,10130,47.66
20,323,APEX,EQ,58063,35319,60.83
20,324,APLAPOLLO,EQ,878640,579906,66.00
20,325,APLLTD,EQ,84308,30086,35.69
20,326,APOLLO,EQ,743109,333641,44.90
20,327,APOLLOHOSP,EQ,310719,206937,66.60
20,328,APOLLOPIPE,EQ,24481,12039,49.18
20,329,APOLLOTYRE,EQ,1285872,526569,40.95
20,330,APOLSINHOT,EQ,3610,2186,60.55
20,331,APS,ST,9000,8000,88.89
20,332,APTECHT,EQ,107200,42759,39.89
20,333,APTUS,EQ,810732,294812,36.36
20,334,ARCHIES,EQ,1750809,466866,26.67
20,335,ARE&M,EQ,805767,322794,40.06
20,336,ARHAM,SM,108000,29000,26.85
20,337,ARIES,EQ,61985,30100,48.56
20,338,ARIHANTACA,SM,8000,8000,100.00
20,339,ARIHANTCAP,EQ,755543,410880,54.38
20,340,ARIHANTSUP,EQ,165837,50773,30.62
20,341,ARISTO,SM,14400,8000,55.56
20,342,ARKADE,EQ,2369378,696893,29.41
20,343,ARMANFIN,EQ,30003,9465,31.55
20,344,AROGRANITE,EQ,15869,11809,74.42
20,345,ARROWGREEN,EQ,13340,8032,60.21
20,346,ARTEMISMED,EQ,62845,44765,71.23
20,347,ARVEE,EQ,415,157,37.83
20,348,ARVIND,EQ,604246,339905,56.25
20,349,ARVINDFASN,EQ,325943,178809,54.86
20,350,ARVSMART,EQ,39770,19688,49.50
20,351,ASAHIINDIA,EQ,385569,84444,21.90
20,352,ASAL,EQ,34202,14875,43.49
20,353,ASALCBR,EQ,54721,24545,44.85
20,354,ASHALOG,SM,18000,18000,100.00
20,355,ASHAPURMIN,EQ,192548,133793,69.49
20,356,ASHIANA,EQ,15117,8657,57.27
20,357,ASHOKA,EQ,1207926,460105,38.09
20,358,ASHOKAMET,EQ,136375,82848,60.75
20,359,ASHOKLEY,EQ,11617306,3754816,32.32
20,360,ASIANENE,EQ,94734,64426,68.01
20,361,ASIANHOTNR,EQ,2105,2105,100.00
20,362,ASIANPAINT,EQ,968660,370510,38.25
20,363,ASIANTILES,EQ,689894,300553,43.57
20,364,ASKAUTOLTD,EQ,387273,179072,46.24
20,365,ASLIND,SM,4000,4000,100.00
20,366,ASMS,EQ,166932,118915,71.24
20,367,ASPINWALL,EQ,5964,3091,51.83
20,368,ASPIRE,SM,62000,42000,67.74
20,369,ASTEC,EQ,10314,6347,61.54
20,370,ASTERDM,EQ,328033,169890,51.79
20,371,ASTRAL,EQ,558479,348539,62.41
20,372,ASTRAMICRO,EQ,159690,85712,53.67
20,373,ASTRAZEN,EQ,152228,10608,6.97
20,374,ASTRON,EQ,49766,37693,75.74
20,375,ATAM,EQ,84254,33729,40.03
20,376,ATFL,EQ,45655,29099,63.74
20,377,ATGL,EQ,422972,173555,41.03
20,378,ATL,EQ,338463,129293,38.20
20,379,ATMASTCO,ST,22400,19200,85.71
20,380,ATUL,EQ,279619,109364,39.11
20,381,AUBANK,EQ,1430628,582044,40.68
20,382,AURDIS,SM,6000,4000,66.67
20,383,AURIONPRO,EQ,44634,30322,67.93
20,384,AUROIMPEX,SM,25600,19200,75.00
20,385,AUROPHARMA,EQ,2603178,1425014,54.74
20,386,AURUMPP1,X1,50291,50137,99.69
20,387,AUSL,SM,38000,34000,89.47
20,388,AUTOAXLES,EQ,5997,4046,67.47
20,389,AUTOBEES,EQ,257319,129354,50.27
20,390,AUTOIETF,EQ,414070,211523,51.08
20,391,AUTOIND,EQ,163051,81998,50.29
20,392,AVADHSUGAR,EQ,310702,101605,32.70
20,393,AVALON,EQ,160470,42046,26.20
20,394,AVANTEL,EQ,695832,304544,43.77
20,395,AVANTIFEED,EQ,298261,94298,31.62
20,396,AVG,EQ,17866,11361,63.59
20,397,AVIANSH,ST,160000,146000,91.25
20,398,AVPINFRA,SM,48000,36800,76.67
20,399,AVTNPL,EQ,406329,125655,30.92
20,400,AWFIS,EQ,136487,60256,44.15
20,401,AWHCL,EQ,205330,126576,61.65
20,402,AWL,EQ,1527163,690921,45.24
20,403,AXISBANK,EQ,11164280,8217970,73.61
20,404,AXISBNKETF,EQ,985,801,81.32
20,405,AXISBPSETF,EQ,37950,24189,63.74
20,406,AXISCADES,EQ,122737,80316,65.44
20,407,AXISCETF,EQ,2131,1587,74.47
20,408,AXISGOLD,EQ,154155,107889,69.99
20,409,AXISHCETF,EQ,4057,3278,80.80
20,410,AXISILVER,EQ,525530,522285,99.38
20,411,AXISNIFTY,EQ,79273,76442,96.43
20,412,AXISTECETF,EQ,3609,3318,91.94
20,413,AXITA,EQ,3305991,1078665,32.63
20,414,AXSENSEX,EQ,2111,2091,99.05
20,415,AZAD,EQ,179247,115483,64.43
20,416,BABAFP,SM,32000,19200,60.00
20,417,BAGFILMS,EQ,2334124,1172229,50.22
20,418,BAHETI,SM,31500,22500,71.43
20,419,BAJAJ-AUTO,EQ,670828,421547,62.84
20,420,BAJAJCON,EQ,261636,158666,60.64
20,421,BAJAJELEC,EQ,25859,9130,35.31
20,422,BAJAJFINSV,EQ,1326900,588046,44.32
20,423,BAJAJHCARE,EQ,70632,35617,50.43
20,424,BAJAJHFL,EQ,14893316,8199931,55.06
20,425,BAJAJHIND,EQ,44873864,12774600,28.47
20,426,BAJAJHLDNG,EQ,28112,13566,48.26
20,427,BAJEL,EQ,654544,330090,50.43
20,428,BAJFINANCE,EQ,788288,345900,43.88
20,429,BALAJEE,EQ,610956,242691,39.72
20,430,BALAMINES,EQ,111809,40765,36.46
20,431,BALAXI,EQ,23156,16800,72.55
20,432,BALCO,SM,10800,6000,55.56
20,433,BALKRISHNA,EQ,71081,38239,53.80
20,434,BALKRISIND,EQ,387160,185576,47.93
20,435,BALMLAWRIE,EQ,320414,123997,38.70
20,436,BALRAMCHIN,EQ,5927802,2442479,41.20
20,437,BALUFORGE,EQ,537393,269690,50.18
20,438,BANARBEADS,EQ,71454,27127,37.96
20,439,BANARISUG,EQ,3832,2500,65.24
20,440,BANCOINDIA,EQ,945932,311872,32.97
20,441,BANDHANBNK,EQ,13472976,5946380,44.14
20,442,BANG,EQ,51048,15993,31.33
20,443,BANKA,EQ,11326,8613,76.05
20,444,BANKBARODA,EQ,8742175,3320935,37.99
20,445,BANKBEES,EQ,619962,376346,60.70
20,446,BANKBETF,EQ,44126,42736,96.85
20,447,BANKETF,EQ,200404,200171,99.88
20,448,BANKETFADD,EQ,40451,34680,85.73
20,449,BANKIETF,EQ,221925,87427,39.39
20,450,BANKINDIA,EQ,3541577,1879599,53.07
20,451,BANKNIFTY1,EQ,8597,6481,75.39
20,452,BANSALWIRE,EQ,350423,133445,38.08
20,453,BANSWRAS,EQ,55752,37143,66.62
20,454,BARBEQUE,EQ,46658,32030,68.65
20,455,BASF,EQ,426550,64262,15.07
20,456,BASILIC,ST,44100,42300,95.92
20,457,BATAINDIA,EQ,113207,45162,39.89
20,458,BAWEJA,SM,15200,9600,63.16
20,459,BAYERCROP,EQ,94078,76999,81.85
20,460,BBETF0432,EQ,12421,12410,99.91
20,461,BBL,EQ,13116,7859,59.92
20,462,BBNPNBETF,EQ,314,202,64.33
20,463,BBNPPGOLD,EQ,854,718,84.07
20,464,BBTC,EQ,347073,71136,20.50
20,465,BBTCL,EQ,1670,549,32.87
20,466,BCLIND,EQ,2256765,794863,35.22
20,467,BCONCEPTS,EQ,9106,5761,63.27
20,468,BDL,EQ,688191,363489,52.82
20,469,BEACON,SM,272000,146000,53.68
20,470,BEARDSELL,EQ,851852,410589,48.20
20,471,BECTORFOOD,EQ,103091,31898,30.94
20,472,BEDMUTHA,EQ,12936,8827,68.24
20,473,BEL,EQ,13883476,6996147,50.39
20,474,BEML,EQ,103776,47551,45.82
20,475,BEPL,EQ,904079,398881,44.12
20,476,BERGEPAINT,EQ,1098938,542060,49.33
20,477,BESTAGRO,EQ,60951,37324,61.24
20,478,BETA,SM,1800,1200,66.67
20,479,BEWLTD,SM,1125,875,77.78
20,480,BFINVEST,EQ,39585,24123,60.94
20,481,BFSI,EQ,317595,256140,80.65
20,482,BFUTILITIE,EQ,290321,141687,48.80
20,483,BHAGCHEM,EQ,65631,43585,66.41
20,484,BHAGERIA,EQ,102811,30106,29.28
20,485,BHAGYANGR,EQ,43947,26885,61.18
20,486,BHANDARI,EQ,386556,250320,64.76
20,487,BHARATFORG,EQ,472946,213768,45.20
20,488,BHARATGEAR,EQ,12686,8404,66.25
20,489,BHARATRAS,EQ,6906,2906,42.08
20,490,BHARATWIRE,EQ,173645,85855,49.44
20,491,BHARTIARTL,EQ,3649090,2559089,70.13
20,492,BHARTIHEXA,EQ,393493,224389,57.02
20,493,BHEL,EQ,13449947,4529106,33.67
20,494,BHINVIT,IV,139508,123678,88.65
20,495,BIGBLOC,EQ,150239,95827,63.78
20,496,BIKAJI,EQ,998468,365379,36.59
20,497,BIKEWO,ST,62000,62000,100.00
20,498,BIL,EQ,8940,2608,29.17
20,499,BIOCON,EQ,2195117,902681,41.12
20,500,BIOFILCHEM,EQ,87848,47380,53.93
20,501,BIRDYS,ST,24000,24000,100.00
20,502,BIRET,RR,211782,190729,90.06
20,503,BIRLACABLE,EQ,22181,13114,59.12
20,504,BIRLACORPN,EQ,129143,82967,64.24
20,505,BLAL,EQ,52014,30791,59.20
20,506,BLISSGVS,EQ,603940,204504,33.86
20,507,BLKASHYAP,EQ,420883,214551,50.98
20,508,BLS,EQ,2362679,848799,35.93
20,509,BLSE,EQ,898783,641605,71.39
20,510,BLUEDART,EQ,427997,37132,8.68
20,511,BLUEJET,EQ,48362,33938,70.17
20,512,BLUEPEBBLE,SM,2400,1600,66.67
20,513,BLUESTARCO,EQ,394845,146404,37.08
20,514,BMETRICS,SM,17600,13600,77.27
20,515,BODALCHEM,EQ,1287865,692816,53.80
20,516,BOMDYEING,EQ,4102717,1098943,26.79
20,517,BOROLTD,EQ,168092,102039,60.70
20,518,BORORENEW,EQ,192535,85863,44.60
20,519,BOROSCI,EQ,103069,53481,51.89
20,520,BOSCHLTD,EQ,21533,7332,34.05
20,521,BOSS,SM,68000,26000,38.24
20,522,BPCL,EQ,9440793,3235356,34.27
20,523,BRACEPORT,SM,94400,65600,69.49
20,524,BRIGADE,EQ,352447,225562,64.00
20,525,BRITANNIA,EQ,416639,269422,64.67
20,526,BRNL,EQ,74277,39029,52.55
20,527,BSE,EQ,3632990,658147,18.12
20,528,BSE500IETF,EQ,143532,110360,76.89
20,529,BSHSL,EQ,41067,17810,43.37
20,530,BSL,EQ,12703,5245,41.29
20,531,BSLGOLDETF,EQ,33099,19577,59.15
20,532,BSLNIFTY,EQ,1607045,1427265,88.81
20,533,BSLSENETFG,EQ,5011,3909,78.01
20,534,BSOFT,EQ,3507352,1504684,42.90
20,535,BULKCORP,SM,200400,73200,36.53
20,536,BUTTERFLY,EQ,11626,4824,41.49
20,537,BVCL,EQ,148169,42612,28.76
20,538,BYKE,EQ,91415,56381,61.68
20,539,CADSYS,SM,7500,4500,60.00
20,540,CAMLINFINE,EQ,473242,221524,46.81
20,541,CAMPUS,EQ,607545,254184,41.84
20,542,CAMS,EQ,359687,124337,34.57
20,543,CANARYS,ST,80000,64000,80.00
20,544,CANBK,EQ,17636415,6687014,37.92
20,545,CANFINHOME,EQ,1572768,393410,25.01
20,546,CANTABIL,EQ,324939,292255,89.94
20,547,CAPACITE,EQ,778563,325682,41.83
20,548,CAPITALSFB,EQ,19173,12028,62.73
20,549,CAPLIPOINT,EQ,2084096,198070,9.50
20,550,CARBORUNIV,EQ,114116,83190,72.90
20,551,CARERATING,EQ,48207,32604,67.63
20,552,CARTRADE,EQ,111354,37065,33.29
20,553,CARYSIL,EQ,38575,17832,46.23
20,554,CASTROLIND,EQ,1416524,565893,39.95
20,555,CCL,EQ,88665,41384,46.67
20,556,CDSL,EQ,1968977,718429,36.49
20,557,CEATLTD,EQ,109779,25797,23.50
20,558,CEIGALL,EQ,510742,198924,38.95
20,559,CELEBRITY,EQ,148012,120479,81.40
20,560,CELLECOR,SM,1572000,1116000,70.99
20,561,CELLO,EQ,126111,65143,51.66
20,562,CELLPOINT,SM,24000,18000,75.00
20,563,CENTENKA,EQ,45879,21770,47.45
20,564,CENTRALBK,EQ,2299657,930664,40.47
20,565,CENTRUM,EQ,390898,213274,54.56
20,566,CENTUM,EQ,9105,4744,52.10
20,567,CENTURYPLY,EQ,121673,49287,40.51
20,568,CENTURYTEX,EQ,506273,124132,24.52
20,569,CERA,EQ,13972,8763,62.72
20,570,CESC,EQ,2540572,703814,27.70
20,571,CGCL,EQ,235652,67110,28.48
20,572,CGPOWER,EQ,1212072,581329,47.96
20,573,CGRAPHICS,SM,17600,8000,45.45
20,574,CHALET,EQ,141845,86335,60.87
20,575,CHAMBLFERT,EQ,8640459,2272208,26.30
20,576,CHAVDA,SM,45000,31000,68.89
20,577,CHEMBOND,EQ,7161,4062,56.72
20,578,CHEMCON,EQ,48991,30692,62.65
20,579,CHEMFAB,EQ,16866,9529,56.50
20,580,CHEMPLASTS,EQ,275774,116047,42.08
20,581,CHENNPETRO,EQ,337014,154044,45.71
20,582,CHETANA,SM,62400,49600,79.49
20,583,CHEVIOT,EQ,2333,1732,74.24
20,584,CHOICEIN,EQ,1037500,211141,20.35
20,585,CHOLAFIN,EQ,924366,541539,58.58
20,586,CHOLAHLDNG,EQ,613703,380114,61.94
20,587,CIEINDIA,EQ,172512,72914,42.27
20,588,CIFCZC25,ND,100,100,100.00
20,589,CIFCZC26A,N3,19,19,100.00
20,590,CIGNITITEC,EQ,62940,47068,74.78
20,591,CINELINE,EQ,39914,23942,59.98
20,592,CIPLA,EQ,945740,465775,49.25
20,593,CLEAN,EQ,528940,323257,61.11
20,594,CLOUD,ST,109000,92000,84.40
20,595,CLSEL,EQ,234559,101731,43.37
20,596,CLSL,SM,42000,36000,85.71
20,597,CMMIPL,ST,54000,51000,94.44
20,598,CMNL,SM,30000,18000,60.00
20,599,CMRSL,SM,2400,2400,100.00
20,600,CMSINFO,EQ,388580,207122,53.30
20,601,COALINDIA,EQ,4743517,2324435,49.00
20,602,COASTCORP,EQ,22815,14539,63.73
20,603,COFORGE,EQ,473715,236566,49.94
20,604,COLPAL,EQ,473188,289914,61.27
20,605,COMMITTED,SM,3200,3200,100.00
20,606,COMMOIETF,EQ,1385626,1349181,97.37
20,607,COMPUSOFT,EQ,159788,95738,59.92
20,608,COMSYN,EQ,261050,102421,39.23
20,609,CONCOR,EQ,1205512,737016,61.14
20,610,CONCORDBIO,EQ,67646,27998,41.39
20,611,CONFIPET,EQ,1418773,839068,59.14
20,612,CONS,EQ,37449,31818,84.96
20,613,CONSOFINVT,EQ,31562,19627,62.19
20,614,CONSUMBEES,EQ,316561,177983,56.22
20,615,CONSUMIETF,EQ,37634,16481,43.79
20,616,CONTI,ST,6666,6666,100.00
20,617,CONTROLPR,EQ,15166,9661,63.70
20,618,COOLCAPS,SM,266500,127000,47.65
20,619,CORDSCABLE,EQ,55284,38283,69.25
20,620,COROMANDEL,EQ,536936,232491,43.30
20,621,COSMOFIRST,EQ,22747,14174,62.31
20,622,CPS,SM,12000,10800,90.00
20,623,CPSEETF,EQ,2038092,1265090,62.07
20,624,CRAFTSMAN,EQ,39436,9203,23.34
20,625,CRAYONS,SM,11000,8000,72.73
20,626,CREATIVE,EQ,7745,4051,52.30
20,627,CREATIVEYE,EQ,50094,47009,93.84
20,628,CREDITACC,EQ,81916,47037,57.42
20,629,CREST,EQ,59386,28452,47.91
20,630,CRISIL,EQ,19767,12943,65.48
20,631,CROMPTON,EQ,8536418,4486945,52.56
20,632,CSBBANK,EQ,192326,108719,56.53
20,633,CSLFINANCE,EQ,15540,10274,66.11
20,634,CUB,EQ,2002516,377179,18.84
20,635,CUBEXTUB,EQ,39987,18537,46.36
20,636,CUMMINSIND,EQ,301686,137687,45.64
20,637,CYBERMEDIA,EQ,122845,46476,37.83
20,638,CYIENT,EQ,248319,144343,58.13
20,639,CYIENTDLM,EQ,617211,230210,37.30
20,640,DABUR,EQ,1095384,522518,47.70
20,641,DALBHARAT,EQ,436878,224525,51.39
20,642,DALMIASUG,EQ,630100,258056,40.95
20,643,DAMODARIND,EQ,32939,9660,29.33
20,644,DANGEE,EQ,851925,199247,23.39
20,645,DATAMATICS,EQ,85055,36311,42.69
20,646,DATAPATTNS,EQ,325120,149417,45.96
20,647,DAVANGERE,EQ,3591322,1832721,51.03
20,648,DBCORP,EQ,180739,97182,53.77
20,649,DBL,EQ,245558,89157,36.31
20,650,DBOL,EQ,320526,183706,57.31
20,651,DBREALTY,EQ,1671986,1070832,64.05
20,652,DBSTOCKBRO,EQ,23998,11632,48.47
20,653,DCAL,EQ,398215,150623,37.82
20,654,DCBBANK,EQ,757508,384678,50.78
20,655,DCG,ST,31200,28800,92.31
20,656,DCMSHRIRAM,EQ,47188,24503,51.93
20,657,DCMSRIND,EQ,124675,84046,67.41
20,658,DCW,EQ,18124972,5548008,30.61
20,659,DECCANCE,EQ,48463,18232,37.62
20,660,DECCANTRAN,ST,660000,556800,84.36
20,661,DEEDEV,EQ,179363,76071,42.41
20,662,DEEM,SM,18000,11000,61.11
20,663,DEEPAKFERT,EQ,3008033,568464,18.90
20,664,DEEPAKNTR,EQ,413474,140056,33.87
20,665,DEEPINDS,EQ,74279,40088,53.97
20,666,DELAPLEX,SM,10800,8400,77.78
20,667,DELHIVERY,EQ,2232403,1793129,80.32
20,668,DELTACORP,EQ,1207227,597933,49.53
20,669,DELTAMAGNT,EQ,8789,4578,52.09
20,670,DEN,EQ,3343647,1422892,42.56
20,671,DENEERS,SM,12000,8400,70.00
20,672,DENORA,EQ,8609,4569,53.07
20,673,DENTALKART,SM,27500,16250,59.09
20,674,DESTINY,ST,291000,252000,86.60
20,675,DEVIT,EQ,790954,346338,43.79
20,676,DEVYANI,EQ,1156194,521755,45.13
20,677,DHAMPURSUG,EQ,1556414,490522,31.52
20,678,DHANBANK,EQ,349520,250706,71.73
20,679,DHANI,EQ,2712062,1097912,40.48
20,680,DHANUKA,EQ,30995,17703,57.12
20,681,DHARIWAL,SM,7200,4800,66.67
20,682,DHARMAJ,EQ,26645,15293,57.40
20,683,DHTL,ST,2400,1600,66.67
20,684,DHUNINV,EQ,4135,2252,54.46
20,685,DIACABS,EQ,14582,13031,89.36
20,686,DIAMINESQ,EQ,8923,3565,39.95
20,687,DIAMONDYD,EQ,544632,153608,28.20
20,688,DIGIKORE,ST,5800,5800,100.00
20,689,DIL,EQ,398348,246462,61.87
20,690,DISHTV,EQ,40192448,14119776,35.13
20,691,DIVGIITTS,EQ,39544,24961,63.12
20,692,DIVISLAB,EQ,686142,462254,67.37
20,693,DIVOPPBEES,EQ,55016,35591,64.69
20,694,DIXON,EQ,404313,90106,22.29
20,695,DLF,EQ,1899090,541914,28.54
20,696,DLINKINDIA,EQ,94710,38507,40.66
20,697,DMART,EQ,562718,376272,66.87
20,698,DMCC,EQ,4542,2933,64.58
20,699,DODLA,EQ,26491,18744,70.76
20,700,DOLATALGO,EQ,690790,366462,53.05
20,701,DOLLAR,EQ,250758,149656,59.68
20,702,DOLLEX,SM,40000,28000,70.00
20,703,DOMS,EQ,32487,12837,39.51
20,704,DPABHUSHAN,EQ,49746,9595,19.29
20,705,DPEL,SM,138000,99000,71.74
20,706,DPSCLTD,EQ,1244495,619109,49.75
20,707,DPWIRES,EQ,23407,9017,38.52
20,708,DREAMFOLKS,EQ,107519,42014,39.08
20,709,DRONE,ST,34000,31000,91.18
20,710,DRREDDY,EQ,347618,222056,63.88
20,711,DRSDILIP,SM,800,800,100.00
20,712,DSSL,EQ,16311,7991,48.99
20,713,DTIL,EQ,189530,61740,32.58
20,714,DTL,SM,19200,15600,81.25
20,715,DUCOL,ST,13600,11200,82.35
20,716,DUGLOBAL,SM,355000,345000,97.18
20,717,DURLAX,SM,74000,66000,89.19
20,718,DVL,EQ,43755,18771,42.90
20,719,DWARKESH,EQ,4868254,2154632,44.26
20,720,DYCL,EQ,17727,9358,52.79
20,721,DYNAMATECH,EQ,18490,5882,31.81
20,722,DYNAMIC,SM,57000,50000,87.72
20,723,EASEMYTRIP,EQ,36576235,9314652,25.47
20,724,EBANKNIFTY,EQ,9713,8665,89.21
20,725,EBBETF0425,EQ,20656,20524,99.36
20,726,EBBETF0430,EQ,88553,87468,98.77
20,727,EBBETF0431,EQ,5798,5064,87.34
20,728,EBBETF0433,EQ,2918,1952,66.90
20,729,ECLERX,EQ,207288,67574,32.60
20,730,ECOSMOBLTY,EQ,600590,121188,20.18
20,731,EDELWEISS,EQ,5709002,2410872,42.23
20,732,EFACTOR,SM,17600,13600,77.27
20,733,EFFWA,SM,49600,32000,64.52
20,734,EFORCE,SM,33600,30000,89.29
20,735,EGOLD,EQ,71357,68025,95.33
20,736,EICHERMOT,EQ,449002,231913,51.65
20,737,EIDPARRY,EQ,700351,260932,37.26
20,738,EIHAHOTELS,EQ,28471,9993,35.10
20,739,EIHOTEL,EQ,565615,237596,42.01
20,740,EKC,EQ,2124850,662909,31.20
20,741,ELDEHSG,EQ,2294,1225,53.40
20,742,ELECON,EQ,608290,189055,31.08
20,743,ELECTCAST,EQ,708368,367171,51.83
20,744,ELGIEQUIP,EQ,124996,44438,35.55
20,745,ELIN,EQ,247482,85543,34.57
20,746,EMAMILTD,EQ,469816,233277,49.65
20,747,EMAMIPAP,EQ,66668,53329,79.99
20,748,EMBASSY,RR,556245,484155,87.04
20,749,EMBDL,EQ,3075691,1203231,39.12
20,750,EMCURE,EQ,91225,60256,66.05
20,751,EMIL,EQ,641587,335726,52.33
20,752,EMKAYTOOLS,SM,900,900,100.00
20,753,EMMBI,EQ,48693,26060,53.52
20,754,EMMIL,SM,6000,4000,66.67
20,755,EMSLIMITED,EQ,175726,105804,60.21
20,756,EMUDHRA,EQ,84571,32457,38.38
20,757,ENDURANCE,EQ,337540,278497,82.51
20,758,ENFUSE,ST,2400,2400,100.00
20,759,ENGINERSIN,EQ,2807881,1207221,42.99
20,760,ENIL,EQ,106530,50361,47.27
20,761,ENSER,SM,26000,20000,76.92
20,762,ENTERO,EQ,130804,89522,68.44
20,763,ENVIRO,ST,478000,444000,92.89
20,764,EPACK,EQ,1953126,897495,45.95
20,765,EPIGRAL,EQ,118768,37243,31.36
20,766,EPL,EQ,5172608,2318804,44.83
20,767,EQUAL50ADD,EQ,5170,4188,81.01
20,768,EQUITASBNK,EQ,5366831,3537924,65.92
20,769,ERIS,EQ,208988,66545,31.84
20,770,EROSMEDIA,EQ,17693919,5450417,30.80
20,771,ESABINDIA,EQ,2200,1439,65.41
20,772,ESAFSFB,EQ,1586127,989128,62.36
20,773,ESCONET,ST,64000,61600,96.25
20,774,ESCORTS,EQ,262102,108248,41.30
20,775,ESFL,SM,517800,229200,44.26
20,776,ESG,EQ,105251,77617,73.74
20,777,ESILVER,EQ,51454,50305,97.77
20,778,ESPRIT,SM,14400,12800,88.89
20,779,ESSENTIA,EQ,4008679,3071273,76.62
20,780,ESTER,EQ,511266,272454,53.29
20,781,ETHOSLTD,EQ,38372,19036,49.61
20,782,EUREKAFORB,EQ,354572,238643,67.30
20,783,EUROBOND,SM,3000,3000,100.00
20,784,EUROTEXIND,EQ,12370,11626,93.99
20,785,EVEREADY,EQ,144626,55522,38.39
20,786,EVERESTIND,EQ,12846,7476,58.20
20,787,EVINDIA,EQ,339297,288130,84.92
20,788,EXCEL,EQ,8199826,3744068,45.66
20,789,EXCELINDUS,EQ,11451,6760,59.03
20,790,EXCELLENT,ST,24000,22400,93.33
20,791,EXIDEIND,EQ,6585977,2186396,33.20
20,792,EXPLEOSOL,EQ,11558,6564,56.79
20,793,EXXARO,EQ,647165,189962,29.35
20,794,FACT,EQ,625152,89819,14.37
20,795,FAIRCHEMOR,EQ,4429,2647,59.77
20,796,FALCONTECH,SM,9600,7200,75.00
20,797,FAZE3Q,EQ,10990,7213,65.63
20,798,FCL,EQ,1801994,493742,27.40
20,799,FCSSOFT,EQ,5216914,2585975,49.57
20,800,FDC,EQ,252446,57081,22.61
20,801,FEDERALBNK,EQ,16206968,6577322,40.58
20,802,FEDFINA,EQ,311609,145921,46.83
20,803,FELIX,SM,348500,156000,44.76
20,804,FIDEL,SM,44000,28000,63.64
20,805,FIEMIND,EQ,207266,97409,47.00
20,806,FILATEX,EQ,1707402,549243,32.17
20,807,FINCABLES,EQ,182323,62481,34.27
20,808,FINEORG,EQ,22081,10291,46.61
20,809,FINIETF,EQ,177135,99743,56.31
20,810,FINOPB,EQ,459672,218182,47.46
20,811,FINPIPE,EQ,760605,423298,55.65
20,812,FIRSTCRY,EQ,1462403,1095794,74.93
20,813,FIVESTAR,EQ,3866302,2453787,63.47
20,814,FLAIR,EQ,78367,44035,56.19
20,815,FLUOROCHEM,EQ,104945,31722,30.23
20,816,FMCGIETF,EQ,428687,340797,79.50
20,817,FMGOETZE,EQ,41426,17042,41.14
20,818,FOCE,SM,3600,3600,100.00
20,819,FONEBOX,SM,1000,1000,100.00
20,820,FOODSIN,EQ,95632,58277,60.94
20,821,FORCAS,SM,198400,155200,78.23
20,822,FORCEMOT,EQ,57920,21978,37.95
20,823,FORTIS,EQ,1345716,726296,53.97
20,824,FOSECOIND,EQ,502,232,46.22
20,825,FROG,SM,14000,9600,68.57
20,826,FSL,EQ,1892861,592380,31.30
20,827,FUSION,EQ,149134,89893,60.28
20,828,GABRIEL,EQ,655042,424346,64.78
20,829,GAEL,EQ,907768,503654,55.48
20,830,GAIL,EQ,14256684,7164687,50.25
20,831,GAJANAND,SM,210000,168000,80.00
20,832,GALAPREC,EQ,49569,28074,56.64
20,833,GALAXYSURF,EQ,10470,5563,53.13
20,834,GANDHAR,EQ,171844,86273,50.20
20,835,GANDHITUBE,EQ,5516,2524,45.76
20,836,GANECOS,EQ,31464,19468,61.87
20,837,GANESHBE,EQ,251923,168699,66.96
20,838,GANESHHOUC,EQ,76045,51084,67.18
20,839,GANGAFORGE,EQ,201222,136468,67.82
20,840,GANGESSECU,EQ,63906,35271,55.19
20,841,GARFIBRES,EQ,31407,11716,37.30
20,842,GATEWAY,EQ,870467,455385,52.32
20,843,GEECEE,EQ,12764,8299,65.02
20,844,GENESYS,EQ,283018,154838,54.71
20,845,GENSOL,EQ,79846,42949,53.79
20,846,GENUSPAPER,EQ,759123,337562,44.47
20,847,GENUSPOWER,EQ,317668,186860,58.82
20,848,GEOJITFSL,EQ,2576130,1192493,46.29
20,849,GESHIP,EQ,166546,79046,47.46
20,850,GFLLIMITED,EQ,639366,358192,56.02
20,851,GGBL,SM,76800,60000,78.13
20,852,GHCL,EQ,242740,71883,29.61
20,853,GHCLTEXTIL,EQ,165141,101522,61.48
20,854,GICHSGFIN,EQ,511117,151840,29.71
20,855,GICL,SM,69000,63000,91.30
20,856,GICRE,EQ,638463,196586,30.79
20,857,GILLANDERS,EQ,21257,18674,87.85
20,858,GILLETTE,EQ,31758,15676,49.36
20,859,GILT5YBEES,EQ,270136,188235,69.68
20,860,GINNIFILA,EQ,61406,45338,73.83
20,861,GIPCL,EQ,369707,246373,66.64
20,862,GIRIRAJ,SM,1000,1000,100.00
20,863,GKWLIMITED,EQ,2570,1582,61.56
20,864,GLAND,EQ,208920,152724,73.10
20,865,GLAXO,EQ,42937,19162,44.63
20,866,GLENMARK,EQ,652450,424350,65.04
20,867,GLOBAL,EQ,29310,20639,70.42
20,868,GLOBALPET,SM,96000,60000,62.50
20,869,GLOBUSSPR,EQ,124040,51360,41.41
20,870,GLOSTERLTD,EQ,1700,1037,61.00
20,871,GLS,EQ,581392,322481,55.47
20,872,GMBREW,EQ,151014,68243,45.19
20,873,GMDCLTD,EQ,664106,236903,35.67
20,874,GMMPFAUDLR,EQ,91816,59757,65.08
20,875,GMRINFRA,EQ,6427524,2719684,42.31
20,876,GMRP&UI,EQ,1656344,1003861,60.61
20,877,GNA,EQ,50036,21890,43.75
20,878,GNFC,EQ,2341150,978793,41.81
20,879,GOACARBON,EQ,96665,37297,38.58
20,880,GOCLCORP,EQ,47528,24822,52.23
20,881,GOCOLORS,EQ,116261,89520,77.00
20,882,GODFRYPHLP,EQ,56736,24367,42.95
20,883,GODIGIT,EQ,461644,166493,36.07
20,884,GODREJAGRO,EQ,561161,250451,44.63
20,885,GODREJCP,EQ,1233644,927029,75.15
20,886,GODREJIND,EQ,198222,86446,43.61
20,887,GODREJPROP,EQ,573089,260985,45.54
20,888,GOKEX,EQ,108974,74440,68.31
20,889,GOKUL,EQ,150495,62623,41.61
20,890,GOKULAGRO,EQ,192477,66675,34.64
20,891,GOLD1,EQ,2443546,1515190,62.01
20,892,GOLDBEES,EQ,12060333,9677349,80.24
20,893,GOLDCASE,EQ,498547,470336,94.34
20,894,GOLDETF,EQ,156369,135253,86.50
20,895,GOLDETFADD,EQ,42918,40961,95.44
20,896,GOLDIAM,EQ,533363,176151,33.03
20,897,GOLDIETF,EQ,4657665,4385007,94.15
20,898,GOLDKART,ST,2500,2500,100.00
20,899,GOLDSHARE,EQ,166583,124471,74.72
20,900,GOLDSTAR,SM,236250,191250,80.95
20,901,GOODLUCK,EQ,59475,35459,59.62
20,902,GOPAL,EQ,414401,200296,48.33
20,903,GOYALALUM,EQ,908608,671690,73.93
20,904,GOYALSALT,SM,25800,21000,81.40
20,905,GPECO,SM,50400,36000,71.43
20,906,GPIL,EQ,786775,388276,49.35
20,907,GPPL,EQ,2748137,2291184,83.37
20,908,GPTHEALTH,EQ,177006,103464,58.45
20,909,GRANULES,EQ,7050057,3093429,43.88
20,910,GRAPHISAD,SM,40800,33600,82.35
20,911,GRAPHITE,EQ,1370141,432185,31.54
20,912,GRASIM,EQ,442630,245133,55.38
20,913,GRASIMPP1,E1,41675,25812,61.94
20,914,GRAVITA,EQ,221326,74036,33.45
20,915,GREAVESCOT,EQ,3047280,1362549,44.71
20,916,GREENCHEF,SM,24000,16000,66.67
20,917,GREENLAM,EQ,25973,11985,46.14
20,918,GREENPANEL,EQ,162499,84895,52.24
20,919,GREENPLY,EQ,175271,63942,36.48
20,920,GREENPOWER,EQ,13167623,5165603,39.23
20,921,GRETEX,ST,3000,3000,100.00
20,922,GRINDWELL,EQ,14592,8939,61.26
20,923,GRINFRA,EQ,51922,25965,50.01
20,924,GRMOVER,EQ,156432,41615,26.60
20,925,GROBTEA,EQ,3096,1973,63.73
20,926,GROWWEV,EQ,985490,842358,85.48
20,927,GROWWLIQID,EQ,53889,32669,60.62
20,928,GRSE,EQ,318718,102923,32.29
20,929,GRWRHITECH,EQ,122801,38194,31.10
20,930,GSEC10ABSL,EQ,545,545,100.00
20,931,GSEC10IETF,EQ,3326,3259,97.99
20,932,GSEC10YEAR,EQ,2862,2073,72.43
20,933,GSEC5IETF,EQ,4064,2623,64.54
20,934,GSFC,EQ,2879380,898774,31.21
20,935,GSLSU,EQ,155251,59859,38.56
20,936,GSMFOILS,ST,24000,24000,100.00
20,937,GSPL,EQ,1526406,646233,42.34
20,938,GSS,EQ,128870,56738,44.03
20,939,GSTL,ST,54000,51000,94.44
20,940,GTL,EQ,573594,312532,54.49
20,941,GTLINFRA,EQ,106667916,36081138,33.83
20,942,GTPL,EQ,41401,22456,54.24
20,943,GUFICBIO,EQ,54338,30218,55.61
20,944,GUJALKALI,EQ,43802,21465,49.00
20,945,GUJGASLTD,EQ,1154310,536969,46.52
20,946,GUJRAFFIA,EQ,1293,1039,80.36
20,947,GULFOILLUB,EQ,57654,23737,41.17
20,948,GULFPETRO,EQ,251702,101018,40.13
20,949,GULPOLY,EQ,134110,60019,44.75
20,950,GVPTECH,EQ,55274,33711,60.99
20,951,HAL,EQ,841972,450523,53.51
20,952,HAPPSTMNDS,EQ,219279,103229,47.08
20,953,HAPPYFORGE,EQ,10456,5731,54.81
20,954,HARDWYN,EQ,321994,193446,60.08
20,955,HARIOMPIPE,EQ,85530,46981,54.93
20,956,HARSHA,EQ,129818,25735,19.82
20,957,HATHWAY,EQ,6652905,2444449,36.74
20,958,HATSUN,EQ,9283,5390,58.06
20,959,HAVELLS,EQ,860908,480731,55.84
20,960,HAVISHA,EQ,41711,29864,71.60
20,961,HBLPOWER,EQ,2229917,809406,36.30
20,962,HCC,EQ,14385532,6835779,47.52
20,963,HCG,EQ,60743,31154,51.29
20,964,HCL-INSYS,EQ,2121250,1196444,56.40
20,965,HCLTECH,EQ,1642542,975309,59.38
20,966,HDFCAMC,EQ,335988,190333,56.65
20,967,HDFCBANK,EQ,12286142,6953201,56.59
20,968,HDFCBSE500,EQ,46399,31573,68.05
20,969,HDFCGOLD,EQ,5046778,4728230,93.69
20,970,HDFCGROWTH,EQ,19951,11639,58.34
20,971,HDFCLIFE,EQ,1987048,928321,46.72
20,972,HDFCLIQUID,EQ,4797,4487,93.54
20,973,HDFCLOWVOL,EQ,20724,15911,76.78
20,974,HDFCMID150,EQ,270975,209801,77.42
20,975,HDFCMOMENT,EQ,243879,134804,55.27
20,976,HDFCNEXT50,EQ,52177,42683,81.80
20,977,HDFCNIF100,EQ,25875,21200,81.93
20,978,HDFCNIFBAN,EQ,19328,17774,91.96
20,979,HDFCNIFIT,EQ,20611,17737,86.06
20,980,HDFCNIFTY,EQ,71448,66676,93.32
20,981,HDFCPSUBK,EQ,21127,18955,89.72
20,982,HDFCPVTBAN,EQ,77213,69565,90.09
20,983,HDFCQUAL,EQ,34839,31573,90.63
20,984,HDFCSENSEX,EQ,31488,27760,88.16
20,985,HDFCSILVER,EQ,232717,215106,92.43
20,986,HDFCSML250,EQ,342103,229228,67.01
20,987,HDFCVALUE,EQ,4836,3251,67.22
20,988,HEADSUP,EQ,95904,40455,42.18
20,989,HEALTHADD,EQ,623,475,76.24
20,990,HEALTHIETF,EQ,50961,25299,49.64
20,991,HEALTHY,EQ,330632,196729,59.50
20,992,HECPROJECT,EQ,3990,2365,59.27
20,993,HEG,EQ,245020,54004,22.04
20,994,HEIDELBERG,EQ,134949,64166,47.55
20,995,HEMIPROP,EQ,398120,206383,51.84
20,996,HERANBA,EQ,88088,46644,52.95
20,997,HERCULES,EQ,2441548,397549,16.28
20,998,HERITGFOOD,EQ,602566,335981,55.76
20,999,HEROMOTOCO,EQ,742940,324603,43.69
20,1000,HESTERBIO,EQ,2265,1363,60.18
20,1001,HEUBACHIND,EQ,144775,84928,58.66
20,1002,HFCL,EQ,18282976,4850323,26.53
20,1003,HGINFRA,EQ,179825,154692,86.02
20,1004,HGS,EQ,38466,16347,42.50
20,1005,HIGREEN,SM,90400,64000,70.80
20,1006,HIKAL,EQ,170627,53333,31.26
20,1007,HIL,EQ,36643,24076,65.70
20,1008,HILTON,EQ,59027,30130,51.04
20,1009,HIMATSEIDE,EQ,985953,424912,43.10
20,1010,HINDALCO,EQ,4402151,1517750,34.48
20,1011,HINDCOMPOS,EQ,17838,8613,48.28
20,1012,HINDCON,EQ,79541,29342,36.89
20,1013,HINDCOPPER,EQ,7394842,2957243,39.99
20,1014,HINDOILEXP,EQ,929585,393537,42.33
20,1015,HINDPETRO,EQ,5525180,3346370,60.57
20,1016,HINDUNILVR,EQ,1184642,698931,59.00
20,1017,HINDWAREAP,EQ,79351,51432,64.82
20,1018,HINDZINC,EQ,1884521,862604,45.77
20,1019,HIRECT,EQ,30580,14263,46.64
20,1020,HISARMETAL,EQ,13273,7783,58.64
20,1021,HITECH,EQ,504793,195533,38.74
20,1022,HITECHCORP,EQ,26912,14999,55.73
20,1023,HLEGLAS,EQ,43050,24810,57.63
20,1024,HLVLTD,EQ,7892955,2982930,37.79
20,1025,HMAAGRO,EQ,233562,115326,49.38
20,1026,HMVL,EQ,352565,151694,43.03
20,1027,HNDFDS,EQ,96044,41454,43.16
20,1028,HNGSNGBEES,EQ,308444,271899,88.15
20,1029,HOACFOODS,SM,15000,9000,60.00
20,1030,HOLMARC,SM,16500,15000,90.91
20,1031,HOMEFIRST,EQ,288589,120167,41.64
20,1032,HONASA,EQ,2123263,1334296,62.84
20,1033,HONAUT,EQ,7278,5157,70.86
20,1034,HONDAPOWER,EQ,40576,12754,31.43
20,1035,HPAL,EQ,132520,75358,56.87
20,1036,HPIL,EQ,2022,1384,68.45
20,1037,HPL,EQ,77969,41353,53.04
20,1038,HRHNEXT,ST,93000,90000,96.77
20,1039,HSCL,EQ,2443321,600390,24.57
20,1040,HTMEDIA,EQ,2746419,987921,35.97
20,1041,HUDCO,EQ,4872035,2022121,41.50
20,1042,HUHTAMAKI,EQ,44927,20605,45.86
20,1043,IBLFL,SM,16000,16000,100.00
20,1044,ICEMAKE,EQ,22337,10980,49.16
20,1045,ICICIB22,EQ,1429124,1290579,90.31
20,1046,ICICIBANK,EQ,10972413,6791453,61.90
20,1047,ICICIGI,EQ,381613,172318,45.16
20,1048,ICICIPRULI,EQ,1138660,627835,55.14
20,1049,ICIL,EQ,790837,317492,40.15
20,1050,ICRA,EQ,7001,4248,60.68
20,1051,IDBI,EQ,3109596,1048967,33.73
20,1052,IDEA,EQ,372735715,139917401,37.54
20,1053,IDEAFORGE,EQ,112103,65280,58.23
20,1054,IDEALTECHO,SM,16000,16000,100.00
20,1055,IDFC,EQ,9416271,5993534,63.65
20,1056,IDFCFIRSTB,EQ,20008192,9059562,45.28
20,1057,IDFNIFTYET,EQ,1945,976,50.18
20,1058,IEML,SM,18000,12000,66.67
20,1059,IEX,EQ,12907273,4728978,36.64
20,1060,IFBIND,EQ,35129,21937,62.45
20,1061,IFCI,EQ,7630821,3287358,43.08
20,1062,IFCIZC25,NM,36,36,100.00
20,1063,IFGLEXPOR,EQ,12115,5304,43.78
20,1064,IGARASHI,EQ,34184,16949,49.58
20,1065,IGL,EQ,3744429,1230877,32.87
20,1066,IGPL,EQ,37765,23868,63.20
20,1067,IIFL,EQ,4041328,1561544,38.64
20,1068,IIFLSEC,EQ,3091076,1298143,42.00
20,1069,IIFLZC26,NN,52,12,23.08
20,1070,IIFLZC26A,NR,300,300,100.00
20,1071,IIFLZC28,NG,44,10,22.73
20,1072,IIFLZC28B,Y1,200,200,100.00
20,1073,IIFLZC28C,N6,199,199,100.00
20,1074,IKIO,EQ,88842,43606,49.08
20,1075,IMAGICAA,EQ,1722051,700301,40.67
20,1076,IMC1,N0,52,52,100.00
20,1077,IMC1,N1,327,327,100.00
20,1078,IMC1,N2,47,47,100.00
20,1079,IMC1,N3,42,42,100.00
20,1080,IMFA,EQ,401219,145775,36.33
20,1081,IMPAL,EQ,3545,1890,53.31
20,1082,INDBANK,EQ,58987,30473,51.66
20,1083,INDGN,EQ,1872053,647540,34.59
20,1084,INDHOTEL,EQ,2326716,1232352,52.97
20,1085,INDIACEM,EQ,466811,207419,44.43
20,1086,INDIAGLYCO,EQ,1916691,244321,12.75
20,1087,INDIAMART,EQ,256779,130929,50.99
20,1088,INDIANB,EQ,448248,165657,36.96
20,1089,INDIANCARD,EQ,10568,6565,62.12
20,1090,INDIANHUME,EQ,88001,43594,49.54
20,1091,INDIASHLTR,EQ,87610,51972,59.32
20,1092,INDIFRA,SM,12000,8000,66.67
20,1093,INDIGO,EQ,806651,359778,44.60
20,1094,INDIGOPNTS,EQ,287576,151706,52.75
20,1095,INDIGRID,IV,990131,945752,95.52
20,1096,INDNIPPON,EQ,9475,4255,44.91
20,1097,INDOAMIN,EQ,653701,206589,31.60
20,1098,INDOBORAX,EQ,233426,109184,46.77
20,1099,INDOCO,EQ,73725,46433,62.98
20,1100,INDORAMA,EQ,300585,181089,60.25
20,1101,INDOSTAR,EQ,111894,51957,46.43
20,1102,INDOTECH,EQ,8554,4837,56.55
20,1103,INDOUS,EQ,19878,5928,29.82
20,1104,INDRAMEDCO,EQ,152697,84579,55.39
20,1105,INDSWFTLTD,EQ,105730,82892,78.40
20,1106,INDTERRAIN,EQ,163734,106881,65.28
20,1107,INDUSINDBK,EQ,3377999,1807312,53.50
20,1108,INDUSTOWER,EQ,7039394,3613098,51.33
20,1109,INFIBEAM,EQ,19029320,7765502,40.81
20,1110,INFINIUM,SM,77000,53500,69.48
20,1111,INFOBEAN,EQ,18977,9013,47.49
20,1112,INFOLLION,ST,800,800,100.00
20,1113,INFRABEES,EQ,16302,9259,56.80
20,1114,INFRAIETF,EQ,85062,40310,47.39
20,1115,INFY,EQ,4029072,2238191,55.55
20,1116,INGERRAND,EQ,4886,3170,64.88
20,1117,INM,SM,7800,7200,92.31
20,1118,INNOMET,ST,106800,87600,82.02
20,1119,INNOVACAP,EQ,47502,25784,54.28
20,1120,INNOVANA,SM,4000,3400,85.00
20,1121,INOXGREEN,EQ,1390339,604738,43.50
20,1122,INOXINDIA,EQ,258686,219020,84.67
20,1123,INOXWIND,EQ,4242580,1745827,41.15
20,1124,INSECTICID,EQ,30543,19028,62.30
20,1125,INSPIRE,SM,8000,6000,75.00
20,1126,INTELLECT,EQ,928198,433783,46.73
20,1127,INTERARCH,EQ,260332,82774,31.80
20,1128,INTLCONV,EQ,570096,209360,36.72
20,1129,INVENTURE,EQ,3803926,2184323,57.42
20,1130,IOB,EQ,4093769,1700574,41.54
20,1131,IOC,EQ,17390545,7337119,42.19
20,1132,IOLCP,EQ,282322,83961,29.74
20,1133,IONEXCHANG,EQ,162283,77953,48.04
20,1134,IPCALAB,EQ,128841,53070,41.19
20,1135,IPHL,SM,292800,189600,64.75
20,1136,IPL,EQ,146365,80163,54.77
20,1137,IRB,EQ,11362022,4321050,38.03
20,1138,IRBINVIT,IV,90162,87291,96.82
20,1139,IRCON,EQ,2398929,970840,40.47
20,1140,IRCTC,EQ,879838,401877,45.68
20,1141,IREDA,EQ,6535085,2844783,43.53
20,1142,IRFC,EQ,17263625,7256547,42.03
20,1143,IRISDOREME,EQ,99765,52344,52.47
20,1144,IRMENERGY,EQ,123353,63338,51.35
20,1145,ISEC,EQ,966022,685547,70.97
20,1146,ISGEC,EQ,62470,18930,30.30
20,1147,ISHAN,ST,672000,672000,100.00
20,1148,IT,EQ,86602,51609,59.59
20,1149,ITALIANE,SM,436000,298000,68.35
20,1150,ITBEES,EQ,4885417,3376949,69.12
20,1151,ITC,EQ,5089315,3179330,62.47
20,1152,ITDC,EQ,30309,15630,51.57
20,1153,ITDCEM,EQ,814896,311320,38.20
20,1154,ITETF,EQ,226081,191568,84.73
20,1155,ITETFADD,EQ,59107,43351,73.34
20,1156,ITI,EQ,2060265,266155,12.92
20,1157,ITIETF,EQ,651962,337613,51.78
20,1158,IVZINGOLD,EQ,353,315,89.24
20,1159,IVZINNIFTY,EQ,201,116,57.71
20,1160,IXIGO,EQ,539659,280513,51.98
20,1161,JAGRAN,EQ,420000,167053,39.77
20,1162,JAGSNPHARM,EQ,48261,33919,70.28
20,1163,JAIBALAJI,EQ,212380,117149,55.16
20,1164,JAICORPLTD,EQ,372931,150733,40.42
20,1165,JAINAM,SM,5000,5000,100.00
20,1166,JAIPURKURT,EQ,138455,53113,38.36
20,1167,JAKHARIA,ST,49600,49600,100.00
20,1168,JALAN,ST,66000,57000,86.36
20,1169,JAMNAAUTO,EQ,1699109,815758,48.01
20,1170,JASH,EQ,22920,15062,65.72
20,1171,JAYAGROGN,EQ,40635,30457,74.95
20,1172,JAYBARMARU,EQ,84268,45426,53.91
20,1173,JAYBEE,SM,142000,118000,83.10
20,1174,JAYNECOIND,EQ,564765,375878,66.55
20,1175,JAYSREETEA,EQ,7747987,1376920,17.77
20,1176,JBCHEPHARM,EQ,140665,87609,62.28
20,1177,JBMA,EQ,271335,70659,26.04
20,1178,JCHAC,EQ,131435,64665,49.20
20,1179,JEYYAM,SM,96000,88000,91.67
20,1180,JFLLIFE,ST,60000,54000,90.00
20,1181,JGCHEM,EQ,177848,101809,57.24
20,1182,JINDALPHOT,EQ,3935,2309,58.68
20,1183,JINDALPOLY,EQ,43492,22583,51.92
20,1184,JINDALSAW,EQ,633896,397414,62.69
20,1185,JINDALSTEL,EQ,2382544,1122625,47.12
20,1186,JINDRILL,EQ,15197,10269,67.57
20,1187,JINDWORLD,EQ,38818,15959,41.11
20,1188,JIOFIN,EQ,16421563,6958849,42.38
20,1189,JISLDVREQS,EQ,24722,14536,58.80
20,1190,JISLJALEQS,EQ,2877171,1189537,41.34
20,1191,JITFINFRA,EQ,17021,12270,72.09
20,1192,JIWANRAM,SM,42000,24000,57.14
20,1193,J&KBANK,EQ,3266429,1884257,57.69
20,1194,JKCEMENT,EQ,36812,13972,37.96
20,1195,JKIL,EQ,107921,50156,46.47
20,1196,JKLAKSHMI,EQ,101349,53351,52.64
20,1197,JKPAPER,EQ,249634,116079,46.50
20,1198,JKTYRE,EQ,365118,139826,38.30
20,1199,JLHL,EQ,13448,6695,49.78
20,1200,JMA,EQ,14020,3766,26.86
20,1201,JMFINANCIL,EQ,36250030,5324780,14.69
20,1202,JOCIL,EQ,9272,6250,67.41
20,1203,JPOLYINVST,EQ,4342,2083,47.97
20,1204,JPPOWER,EQ,34282426,24338830,71.00
20,1205,JSFB,EQ,381466,337006,88.34
20,1206,JSL,EQ,1140106,687135,60.27
20,1207,JSLL,SM,18720,12600,67.31
20,1208,JSWENERGY,EQ,2363253,1041080,44.05
20,1209,JSWHL,EQ,10588,2063,19.48
20,1210,JSWINFRA,EQ,2347413,784648,33.43
20,1211,JSWSTEEL,EQ,1392457,411750,29.57
20,1212,JTEKTINDIA,EQ,173761,87791,50.52
20,1213,JTLIND,EQ,2065107,1077417,52.17
20,1214,JUBLFOOD,EQ,3500039,1794532,51.27
20,1215,JUBLINDS,EQ,2003,1282,64.00
20,1216,JUBLINGREA,EQ,571178,228869,40.07
20,1217,JUBLPHARMA,EQ,204088,64828,31.76
20,1218,JUNIORBEES,EQ,374051,221996,59.35
20,1219,JUNIPER,EQ,36050,18551,51.46
20,1220,JUSTDIAL,EQ,124963,34902,27.93
20,1221,JWL,EQ,520553,262620,50.45
20,1222,JYOTHYLAB,EQ,1454901,374925,25.77
20,1223,JYOTICNC,EQ,157468,98436,62.51
20,1224,JYOTISTRUC,EQ,4730406,3119454,65.94
20,1225,K2INFRA,ST,12000,10800,90.00
20,1226,KABRAEXTRU,EQ,67193,36761,54.71
20,1227,KAJARIACER,EQ,72610,43550,59.98
20,1228,KAKATCEM,EQ,9977,4630,46.41
20,1229,KALAMANDIR,EQ,324449,184305,56.81
20,1230,KALANA,ST,202000,186000,92.08
20,1231,KALYANKJIL,EQ,9072279,2240760,24.70
20,1232,KAMATHOTEL,EQ,18307,12139,66.31
20,1233,KAMDHENU,EQ,311324,116790,37.51
20,1234,KAMOPAINTS,EQ,1516701,1514950,99.88
20,1235,KANANIIND,EQ,462546,340779,73.67
20,1236,KANDARP,SM,56000,12000,21.43
20,1237,KANORICHEM,EQ,464253,201395,43.38
20,1238,KANPRPLA,EQ,45621,9862,21.62
20,1239,KANSAINER,EQ,586888,312840,53.30
20,1240,KAPSTON,EQ,65042,34275,52.70
20,1241,KARNIKA,SM,400,400,100.00
20,1242,KARURVYSYA,EQ,1372956,526746,38.37
20,1243,KATARIA,SM,28800,19200,66.67
20,1244,KAYNES,EQ,353149,77738,22.01
20,1245,KCEIL,ST,22000,18000,81.82
20,1246,KCK,SM,4000,4000,100.00
20,1247,KCP,EQ,571638,226226,39.58
20,1248,KDDL,EQ,17919,9181,51.24
20,1249,KDL,ST,3000,2900,96.67
20,1250,KEC,EQ,657374,197709,30.08
20,1251,KECL,EQ,237852,174401,73.32
20,1252,KEI,EQ,168408,75344,44.74
20,1253,KEL,SM,2400,1200,50.00
20,1254,KELLTONTEC,EQ,2306622,862844,37.41
20,1255,KERNEX,EQ,104363,49245,47.19
20,1256,KESORAMIND,EQ,508646,213298,41.93
20,1257,KEYFINSERV,EQ,42692,17217,40.33
20,1258,KFINTECH,EQ,9315671,986465,10.59
20,1259,KHADIM,EQ,20025,9096,45.42
20,1260,KHAICHEM,EQ,292842,113369,38.71
20,1261,KHANDSE,EQ,10501,7805,74.33
20,1262,KILITCH,EQ,4479,3210,71.67
20,1263,KIMS,EQ,720288,575754,79.93
20,1264,KINGFA,EQ,10164,4471,43.99
20,1265,KIOCL,EQ,70209,31289,44.57
20,1266,KIRIINDUS,EQ,929995,457625,49.21
20,1267,KIRLOSBROS,EQ,233513,84087,36.01
20,1268,KIRLOSENG,EQ,323449,152109,47.03
20,1269,KIRLOSIND,EQ,1571,1141,72.63
20,1270,KIRLPNU,EQ,30426,19308,63.46
20,1271,KITEX,EQ,662137,387444,58.51
20,1272,KKCL,EQ,66238,57653,87.04
20,1273,KLL,SM,9600,8000,83.33
20,1274,KMSUGAR,EQ,878272,481257,54.80
20,1275,KNAGRI,ST,4800,4000,83.33
20,1276,KNRCON,EQ,451965,196259,43.42
20,1277,KODYTECH,SM,10800,10000,92.59
20,1278,KOHINOOR,EQ,2058366,692482,33.64
20,1279,KOKUYOCMLN,EQ,90089,38063,42.25
20,1280,KOLTEPATIL,EQ,84541,30600,36.20
20,1281,KONSTELEC,SM,17000,13000,76.47
20,1282,KONTOR,SM,7200,6000,83.33
20,1283,KOPRAN,EQ,258435,87943,34.03
20,1284,KORE,ST,12500,12500,100.00
20,1285,KOTAKBANK,EQ,4871526,3216307,66.02
20,1286,KOTARISUG,EQ,659169,230377,34.95
20,1287,KOTHARIPET,EQ,286190,105403,36.83
20,1288,KOTYARK,SM,13800,10700,77.54
20,1289,KPIL,EQ,788761,160318,20.33
20,1290,KPITTECH,EQ,581017,310521,53.44
20,1291,KPRMILL,EQ,165947,39851,24.01
20,1292,KRBL,EQ,623333,226841,36.39
20,1293,KRIDHANINF,EQ,87354,44150,50.54
20,1294,KRISHANA,EQ,20160,7336,36.39
20,1295,KRISHCA,ST,26000,25000,96.15
20,1296,KRISHIVAL,SM,42500,42500,100.00
20,1297,KRISHNADEF,ST,8500,8000,94.12
20,1298,KRITI,EQ,82155,54358,66.17
20,1299,KRITIKA,EQ,603149,603149,100.00
20,1300,KRONOX,EQ,255867,93756,36.64
20,1301,KROSS,EQ,444045,139705,31.46
20,1302,KRSNAA,EQ,145726,72950,50.06
20,1303,KRYSTAL,EQ,45837,24999,54.54
20,1304,KSB,EQ,149369,89739,60.08
20,1305,KSCL,EQ,172470,65988,38.26
20,1306,KSL,EQ,29169,13428,46.04
20,1307,KSOLVES,EQ,27678,14120,51.02
20,1308,KTKBANK,EQ,1698025,956430,56.33
20,1309,KTL,SM,24000,18000,75.00
20,1310,KUANTUM,EQ,26530,14136,53.28
20,1311,LAGNAM,EQ,38966,7906,20.29
20,1312,LALPATHLAB,EQ,112120,47234,42.13
20,1313,LAMBODHARA,EQ,17697,10507,59.37
20,1314,LANCORHOL,EQ,77265,28578,36.99
20,1315,LANDMARK,EQ,108255,57572,53.18
20,1316,LAOPALA,EQ,102594,51985,50.67
20,1317,LATENTVIEW,EQ,137654,73268,53.23
20,1318,LATTEYS,EQ,187664,187664,100.00
20,1319,LAURUSLABS,EQ,1219646,606727,49.75
20,1320,LAWSIKHO,SM,90500,60000,66.30
20,1321,LAXMICOT,EQ,91699,46913,51.16
20,1322,LAXMIMACH,EQ,14602,6969,47.73
20,1323,LEMERITE,SM,56000,12800,22.86
20,1324,LEMONTREE,EQ,1392245,763788,54.86
20,1325,LEXUS,EQ,79536,30762,38.68
20,1326,LFIC,EQ,942474,111872,11.87
20,1327,LGBBROSLTD,EQ,45367,29899,65.90
20,1328,LIBAS,EQ,176677,119953,67.89
20,1329,LICHSGFIN,EQ,1014301,387497,38.20
20,1330,LICI,EQ,1146284,684709,59.73
20,1331,LICMFGOLD,EQ,1073,974,90.77
20,1332,LICNETFGSC,EQ,146011,124117,85.01
20,1333,LICNETFN50,EQ,25790,25203,97.72
20,1334,LICNETFSEN,EQ,76,76,100.00
20,1335,LICNFNHGP,EQ,2365,2053,86.81
20,1336,LICNMID100,EQ,11985,8148,67.98
20,1337,LIKHITHA,EQ,83927,52203,62.20
20,1338,LINC,EQ,77437,33461,43.21
20,1339,LINCOLN,EQ,62333,38579,61.89
20,1340,LINDEINDIA,EQ,35522,10924,30.75
20,1341,LIQUID,EQ,1277875,966368,75.62
20,1342,LIQUID1,EQ,234497,180021,76.77
20,1343,LIQUIDADD,EQ,488682,258567,52.91
20,1344,LIQUIDBEES,EQ,5250163,4970721,94.68
20,1345,LIQUIDBETF,EQ,1262,513,40.65
20,1346,LIQUIDCASE,EQ,10662497,9754899,91.49
20,1347,LIQUIDETF,EQ,239897,144995,60.44
20,1348,LIQUIDIETF,EQ,1010694,911343,90.17
20,1349,LIQUIDSBI,EQ,3051,2600,85.22
20,1350,LIQUIDSHRI,EQ,13776,13534,98.24
20,1351,LLOYDS,SM,7000,6000,85.71
20,1352,LLOYDSENGG,EQ,10419167,3303304,31.70
20,1353,LLOYDSME,EQ,660388,294788,44.64
20,1354,LODHA,EQ,1338808,584835,43.68
20,1355,LOKESHMACH,EQ,97971,59762,61.00
20,1356,LORDSCHLO,EQ,20067,8069,40.21
20,1357,LOTUSEYE,EQ,199043,98184,49.33
20,1358,LOWVOL,EQ,676,592,87.57
20,1359,LOWVOL1,EQ,394578,328525,83.26
20,1360,LOWVOLIETF,EQ,3526645,3329914,94.42
20,1361,LOYALTEX,EQ,10251,3729,36.38
20,1362,LRRPL,ST,24000,24000,100.00
20,1363,LT,EQ,1674100,1045848,62.47
20,1364,LTF,EQ,7122957,3395731,47.67
20,1365,LTFOODS,EQ,438095,199635,45.57
20,1366,LTGILTBEES,EQ,4827647,3455671,71.58
20,1367,LTIM,EQ,526014,324193,61.63
20,1368,LTTS,EQ,72956,21064,28.87
20,1369,LUMAXIND,EQ,7312,4054,55.44
20,1370,LUMAXTECH,EQ,61066,33512,54.88
20,1371,LUPIN,EQ,786650,444104,56.46
20,1372,LUXIND,EQ,195817,67629,34.54
20,1373,LXCHEM,EQ,1145086,361978,31.61
20,1374,LYKALABS,EQ,115278,62742,54.43
20,1375,MAANALU,EQ,8749047,1054619,12.05
20,1376,MACOBSTECH,SM,52800,30400,57.58
20,1377,MADHAV,EQ,11673,6444,55.20
20,1378,MADHUSUDAN,SM,21000,15000,71.43
20,1379,MADRASFERT,EQ,588882,153606,26.08
20,1380,MAFANG,EQ,508284,330809,65.08
20,1381,MAGADSUGAR,EQ,76398,38913,50.93
20,1382,MAGNUM,EQ,54738,41858,76.47
20,1383,MAGSON,SM,2000,2000,100.00
20,1384,MAHABANK,EQ,11955842,3596984,30.09
20,1385,MAHEPC,EQ,16551,11469,69.29
20,1386,MAHESHWARI,EQ,20813,14497,69.65
20,1387,MAHKTECH,EQ,10311230,7590724,73.62
20,1388,MAHLIFE,EQ,282818,178932,63.27
20,1389,MAHLOG,EQ,56504,24261,42.94
20,1390,MAHSCOOTER,EQ,4314,1605,37.20
20,1391,MAHSEAMLES,EQ,153389,86176,56.18
20,1392,MAITHANALL,EQ,52709,28091,53.29
20,1393,MAITREYA,ST,36000,31200,86.67
20,1394,MAKEINDIA,EQ,29223,16316,55.83
20,1395,MAKS,ST,10500,10500,100.00
20,1396,MAL,SM,104000,56000,53.85
20,1397,MALUPAPER,EQ,30640,11120,36.29
20,1398,MANAKSIA,EQ,441709,178317,40.37
20,1399,MANAKSTEEL,EQ,129167,62989,48.77
20,1400,MANALIPETC,EQ,259409,158514,61.11
20,1401,MANAPPURAM,EQ,11790409,3762506,31.91
20,1402,MANCREDIT,EQ,35256,12681,35.97
20,1403,MANDEEP,ST,6000,6000,100.00
20,1404,MANGALAM,EQ,49608,28432,57.31
20,1405,MANGCHEFER,EQ,401048,245277,61.16
20,1406,MANGLMCEM,EQ,135321,75688,55.93
20,1407,MANINDS,EQ,345853,208003,60.14
20,1408,MANINFRA,EQ,566123,255571,45.14
20,1409,MANKIND,EQ,442323,191760,43.35
20,1410,MANORAMA,EQ,25698,16758,65.21
20,1411,MANUGRAPH,EQ,42669,27142,63.61
20,1412,MANYAVAR,EQ,84814,34689,40.90
20,1413,MAPMYINDIA,EQ,199486,107290,53.78
20,1414,MARALOVER,EQ,12075,8411,69.66
20,1415,MARATHON,EQ,52303,31853,60.90
20,1416,MARCO,SM,21000,9000,42.86
20,1417,MARICO,EQ,1856288,1035900,55.80
20,1418,MARKSANS,EQ,2514624,679587,27.03
20,1419,MARSHALL,EQ,108590,16590,15.28
20,1420,MARUTI,EQ,388888,205631,52.88
20,1421,MASFIN,EQ,139210,55798,40.08
20,1422,MASON,SM,44000,34000,77.27
20,1423,MASPTOP50,EQ,90475,63091,69.73
20,1424,MASTEK,EQ,150876,71608,47.46
20,1425,MATRIMONY,EQ,60199,41991,69.75
20,1426,MAWANASUG,EQ,382404,175560,45.91
20,1427,MAXESTATES,EQ,221753,74973,33.81
20,1428,MAXHEALTH,EQ,1331140,770369,57.87
20,1429,MAXIND,EQ,43495,28209,64.86
20,1430,MAXPOSURE,SM,76000,54000,71.05
20,1431,MAYURUNIQ,EQ,32704,23838,72.89
20,1432,MAZDA,EQ,3918,2340,59.72
20,1433,MAZDOCK,EQ,453507,96929,21.37
20,1434,MBAPL,EQ,7358,4467,60.71
20,1435,MCL,EQ,56422,35779,63.41
20,1436,MCLEODRUSS,EQ,10867237,4875848,44.87
20,1437,MCON,ST,17000,14000,82.35
20,1438,MCX,EQ,359425,92593,25.76
20,1439,MEDANTA,EQ,2476349,1923242,77.66
20,1440,MEDIASSIST,EQ,175703,68542,39.01
20,1441,MEDICAMEQ,EQ,154220,62865,40.76
20,1442,MEDIORG,SM,16000,12000,75.00
20,1443,MEDPLUS,EQ,119970,68150,56.81
20,1444,MEGAFLEX,SM,87000,54000,62.07
20,1445,MEGASOFT,EQ,292001,183494,62.84
20,1446,MEGASTAR,EQ,8034,4604,57.31
20,1447,MEGATHERM,ST,11600,8800,75.86
20,1448,MENONBE,EQ,33263,16663,50.09
20,1449,METALIETF,EQ,7001487,4859733,69.41
20,1450,METROBRAND,EQ,68341,38225,55.93
20,1451,METROPOLIS,EQ,267624,89308,33.37
20,1452,MFSL,EQ,410506,225222,54.86
20,1453,MGL,EQ,250202,96395,38.53
20,1454,MHLXMIRU,EQ,3549,2215,62.41
20,1455,MHRIL,EQ,164805,99055,60.10
20,1456,MICROPRO,SM,24000,19200,80.00
20,1457,MID150BEES,EQ,267089,187621,70.25
20,1458,MID150CASE,EQ,272905,227610,83.40
20,1459,MIDCAP,EQ,27798,15429,55.50
20,1460,MIDCAPETF,EQ,2141569,1239415,57.87
20,1461,MIDCAPIETF,EQ,453338,239702,52.87
20,1462,MIDHANI,EQ,544931,297547,54.60
20,1463,MIDQ50ADD,EQ,6266,5648,90.14
20,1464,MIDSELIETF,EQ,260863,130213,49.92
20,1465,MIDSMALL,EQ,160734,121603,75.65
20,1466,MIEL,SM,66000,58000,87.88
20,1467,MINDACORP,EQ,435618,140130,32.17
20,1468,MINDSPACE,RR,190472,156670,82.25
20,1469,MIRZAINT,EQ,111789,69990,62.61
20,1470,MITCON,EQ,5000,3829,76.58
20,1471,MITCONPP,E1,11,11,100.00
20,1472,MITTAL,EQ,4899009,3028035,61.81
20,1473,M&M,EQ,4028211,2405334,59.71
20,1474,M&MFIN,EQ,5274521,2960526,56.13
20,1475,MMFL,EQ,32023,19269,60.17
20,1476,MMTC,EQ,1416125,480643,33.94
20,1477,MNC,EQ,51475,40845,79.35
20,1478,MODEFENCE,EQ,257626,241682,93.81
20,1479,MOGSEC,EQ,2626,1817,69.19
20,1480,MOHEALTH,EQ,73749,64057,86.86
20,1481,MOIL,EQ,974016,321917,33.05
20,1482,MOL,EQ,1297586,479391,36.94
20,1483,MOLDTECH,EQ,55395,35710,64.46
20,1484,MOLDTKPAC,EQ,109774,74879,68.21
20,1485,MOLOWVOL,EQ,15047,7290,48.45
20,1486,MOM100,EQ,440324,249949,56.76
20,1487,MOM30IETF,EQ,707156,443435,62.71
20,1488,MOM50,EQ,11584,5830,50.33
20,1489,MOMENTUM,EQ,134026,80903,60.36
20,1490,MOMENTUM50,EQ,234674,211408,90.09
20,1491,MOMOMENTUM,EQ,109081,82688,75.80
20,1492,MON100,EQ,414986,324610,78.22
20,1493,MONARCH,EQ,139058,84955,61.09
20,1494,MONIFTY500,EQ,168320,151265,89.87
20,1495,MONOPHARMA,SM,8000,6000,75.00
20,1496,MONQ50,EQ,102550,88540,86.34
20,1497,MONTECARLO,EQ,19765,11584,58.61
20,1498,MOQUALITY,EQ,6309,4973,78.82
20,1499,MOREALTY,EQ,73298,45332,61.85
20,1500,MOREPENLAB,EQ,9110302,2071138,22.73
20,1501,MOS,SM,520800,326400,62.67
20,1502,MOSMALL250,EQ,327305,267289,81.66
20,1503,MOTHERSON,EQ,10429365,4831032,46.32
20,1504,MOTILALOFS,EQ,1628008,600146,36.86
20,1505,MOTISONS,EQ,3829371,1107505,28.92
20,1506,MOTOGENFIN,EQ,10919,4662,42.70
20,1507,MOVALUE,EQ,100161,76460,76.34
20,1508,MOXSH,ST,9600,9600,100.00
20,1509,MPHASIS,EQ,899959,656596,72.96
20,1510,MPSLTD,EQ,9514,5053,53.11
20,1511,MRF,EQ,3931,1194,30.37
20,1512,MRPL,EQ,2125412,708226,33.32
20,1513,MSTCLTD,EQ,240182,101377,42.21
20,1514,MSUMI,EQ,7624525,5259677,68.98
20,1515,MTARTECH,EQ,60294,27144,45.02
20,1516,MTNL,EQ,3784535,1694504,44.77
20,1517,MUFIN,EQ,34849,21172,60.75
20,1518,MUFTI,EQ,199030,109012,54.77
20,1519,MUKANDLTD,EQ,144273,91549,63.46
20,1520,MUKKA,EQ,940043,525833,55.94
20,1521,MULTICAP,EQ,154821,117335,75.79
20,1522,MUNJALAU,EQ,1153831,342681,29.70
20,1523,MUNJALSHOW,EQ,80511,37425,46.48
20,1524,MURUDCERA,EQ,40930,24043,58.74
20,1525,MUTHOOTCAP,EQ,34459,16507,47.90
20,1526,MUTHOOTFIN,EQ,1481783,540357,36.47
20,1527,MUTHOOTMF,EQ,130687,78087,59.75
20,1528,MVGJL,EQ,882043,245005,27.78
20,1529,MVKAGRO,SM,8400,4800,57.14
20,1530,MWL,SM,2400,2400,100.00
20,1531,MYMUDRA,SM,9600,8400,87.50
20,1532,NACLIND,EQ,58547,29428,50.26
20,1533,NAGAFERT,EQ,1049669,589195,56.13
20,1534,NAHARCAP,EQ,4335,3249,74.95
20,1535,NAHARINDUS,EQ,20277,8972,44.25
20,1536,NAHARSPING,EQ,27881,17931,64.31
20,1537,NAMAN,SM,28800,22400,77.78
20,1538,NAM-INDIA,EQ,1083315,722064,66.65
20,1539,NAMOEWASTE,SM,264000,161600,61.21
20,1540,NATCOPHARM,EQ,400796,209926,52.38
20,1541,NATIONALUM,EQ,70653372,10860822,15.37
20,1542,NAUKRI,EQ,169606,70619,41.64
20,1543,NAVA,EQ,257729,133290,51.72
20,1544,NAVINFLUOR,EQ,403892,133023,32.94
20,1545,NAVINIFTY,EQ,1016,823,81.00
20,1546,NAVKARCORP,EQ,276609,118003,42.66
20,1547,NAVNETEDUL,EQ,80989,52829,65.23
20,1548,NAZARA,EQ,663407,254778,38.40
20,1549,NBCC,EQ,7853551,3256346,41.46
20,1550,NCC,EQ,4657450,1914600,41.11
20,1551,NCLIND,EQ,100506,53833,53.56
20,1552,NDLVENTURE,EQ,19902,12786,64.24
20,1553,NDRAUTO,EQ,29966,13492,45.02
20,1554,NDTV,EQ,249360,159622,64.01
20,1555,NELCAST,EQ,58462,32963,56.38
20,1556,NELCO,EQ,121636,48846,40.16
20,1557,NEOGEN,EQ,259814,94210,36.26
20,1558,NEPHROCARE,SM,14400,14400,100.00
20,1559,NESCO,EQ,53413,21030,39.37
20,1560,NESTLEIND,EQ,552759,348041,62.96
20,1561,NETF,EQ,7848,4883,62.22
20,1562,NETWEB,EQ,129926,69003,53.11
20,1563,NETWORK18,EQ,1967458,730160,37.11
20,1564,NEULANDLAB,EQ,26608,10961,41.19
20,1565,NEWGEN,EQ,258851,71726,27.71
20,1566,NEWJAISA,SM,52500,40500,77.14
20,1567,NEXT50,EQ,12036,10425,86.62
20,1568,NEXT50IETF,EQ,371602,289965,78.03
20,1569,NFL,EQ,3791698,763148,20.13
20,1570,NGIL,EQ,432759,84768,19.59
20,1571,NGLFINE,EQ,3344,2182,65.25
20,1572,NH,EQ,210944,132414,62.77
20,1573,NHPC,EQ,14615288,5752000,39.36
20,1574,NIACL,EQ,589380,177920,30.19
20,1575,NIBL,EQ,20165,6485,32.16
20,1576,NIDAN,SM,7000,5000,71.43
20,1577,NIDOZC26,N7,46,46,100.00
20,1578,NIF100BEES,EQ,30750,16372,53.24
20,1579,NIF100IETF,EQ,244503,148682,60.81
20,1580,NIF10GETF,EQ,380,290,76.32
20,1581,NIF5GETF,EQ,100,100,100.00
20,1582,NIFITETF,EQ,2624,2046,77.97
20,1583,NIFMID150,EQ,555,450,81.08
20,1584,NIFTY1,EQ,71996,60624,84.20
20,1585,NIFTY50ADD,EQ,9256,8661,93.57
20,1586,NIFTYBEES,EQ,5076492,3702063,72.93
20,1587,NIFTYBETF,EQ,5808,5243,90.27
20,1588,NIFTYETF,EQ,296377,291220,98.26
20,1589,NIFTYIETF,EQ,296449,251265,84.76
20,1590,NIFTYQLITY,EQ,73875,45233,61.23
20,1591,NIITLTD,EQ,736334,313353,42.56
20,1592,NIITMTS,EQ,37919,17610,46.44
20,1593,NILAINFRA,EQ,835517,415768,49.76
20,1594,NILKAMAL,EQ,11576,8225,71.05
20,1595,NINSYS,EQ,8098,3822,47.20
20,1596,NIPPOBATRY,EQ,4056,2630,64.84
20,1597,NIRMAN,ST,27600,24600,89.13
20,1598,NITCO,EQ,204161,147558,72.28
20,1599,NITINSPIN,EQ,87002,65705,75.52
20,1600,NITIRAJ,EQ,3937,2395,60.83
20,1601,NKIND,EQ,727,560,77.03
20,1602,NLCINDIA,EQ,4032291,1697033,42.09
20,1603,NMDC,EQ,16310833,5383303,33.00
20,1604,NOCIL,EQ,852062,381840,44.81
20,1605,NORTHARC,EQ,2603744,948670,36.43
20,1606,NPBET,EQ,1783,925,51.88
20,1607,NPST,SM,35400,24200,68.36
20,1608,NRAIL,EQ,12159,10157,83.53
20,1609,NRBBEARING,EQ,105364,67105,63.69
20,1610,NRL,EQ,408344,202707,49.64
20,1611,NSIL,EQ,22719,13578,59.76
20,1612,NSLNISP,EQ,7366893,1888626,25.64
20,1613,NTPC,EQ,15984996,8756678,54.78
20,1614,NUCLEUS,EQ,14409,10366,71.94
20,1615,NURECA,EQ,15147,8556,56.49
20,1616,NUVAMA,EQ,255479,173257,67.82
20,1617,NUVOCO,EQ,227681,126715,55.65
20,1618,NV20,EQ,11022,8596,77.99
20,1619,NV20BEES,EQ,16615,13641,82.10
20,1620,NV20IETF,EQ,611601,421311,68.89
20,1621,NXST,RR,385647,353773,91.73
20,1622,NYKAA,EQ,3439875,1908195,55.47
20,1623,OAL,EQ,27366,15097,55.17
20,1624,OBCL,EQ,12101,6610,54.62
20,1625,OBEROIRLTY,EQ,549915,300377,54.62
20,1626,OFSS,EQ,54125,20641,38.14
20,1627,OIL,EQ,1959496,1094003,55.83
20,1628,OILIETF,EQ,1885364,1218247,64.62
20,1629,OLAELEC,EQ,61227119,12275187,20.05
20,1630,OLECTRA,EQ,2648856,916551,34.60
20,1631,OLIL,ST,7200,4800,66.67
20,1632,OMAXAUTO,EQ,82907,26195,31.60
20,1633,OMFURN,SM,14400,12000,83.33
20,1634,OMINFRAL,EQ,62091,40319,64.94
20,1635,ONDOOR,SM,3000,2400,80.00
20,1636,ONEPOINT,EQ,734465,428488,58.34
20,1637,ONGC,EQ,10919818,5296066,48.50
20,1638,ONMOBILE,EQ,272623,122769,45.03
20,1639,ONWARDTEC,EQ,23772,10292,43.29
20,1640,OPTIEMUS,EQ,391772,252530,64.46
20,1641,ORBTEXP,EQ,1878,1513,80.56
20,1642,ORCHPHARMA,EQ,69562,37892,54.47
20,1643,ORIANA,SM,49200,25050,50.91
20,1644,ORICONENT,EQ,2712461,933942,34.43
20,1645,ORIENTBELL,EQ,15767,12139,76.99
20,1646,ORIENTCEM,EQ,4833770,1461987,30.25
20,1647,ORIENTCER,EQ,77948,47442,60.86
20,1648,ORIENTELEC,EQ,147715,69413,46.99
20,1649,ORIENTHOT,EQ,267654,85375,31.90
20,1650,ORIENTLTD,EQ,10238,6045,59.04
20,1651,ORIENTPPR,EQ,361663,145659,40.27
20,1652,ORIENTTECH,EQ,221325,130811,59.10
20,1653,ORISSAMINE,EQ,26872,7794,29.00
20,1654,ORTINGLOBE,EQ,10945,7144,65.27
20,1655,OSELDEVICE,ST,147200,132000,89.67
20,1656,OSWALGREEN,EQ,1111060,398746,35.89
20,1657,OWAIS,SM,30400,19200,63.16
20,1658,PAGEIND,EQ,16016,8105,50.61
20,1659,PAISALO,EQ,3056300,2588795,84.70
20,1660,PAKKA,EQ,64048,35501,55.43
20,1661,PALASHSECU,EQ,253572,104582,41.24
20,1662,PALREDTEC,EQ,108865,61480,56.47
20,1663,PANACEABIO,EQ,199005,96550,48.52
20,1664,PANAMAPET,EQ,111982,57160,51.04
20,1665,PAR,EQ,10080,4582,45.46
20,1666,PARACABLES,EQ,2756425,1144866,41.53
20,1667,PARADEEP,EQ,7678857,3533418,46.01
20,1668,PARAGMILK,EQ,2589638,1526394,58.94
20,1669,PARAGON,SM,51600,28800,55.81
20,1670,PARAMATRIX,SM,26400,21600,81.82
20,1671,PARIN,SM,1000,1000,100.00
20,1672,PARKHOTELS,EQ,206133,149371,72.46
20,1673,PARTYCRUS,SM,132000,112000,84.85
20,1674,PATANJALI,EQ,300900,152406,50.65
20,1675,PATELENG,EQ,5614252,2869461,51.11
20,1676,PATINTLOG,EQ,409402,190007,46.41
20,1677,PATTECH,SM,3000,3000,100.00
20,1678,PAVNAIND,EQ,25072,17747,70.78
20,1679,PAYTM,EQ,21039195,4707009,22.37
20,1680,PCBL,EQ,2147426,740545,34.49
20,1681,PCCL,SM,148000,136800,92.43
20,1682,PCJEWELLER,EQ,25058868,8436882,33.67
20,1683,PDMJEPAPER,EQ,215152,127167,59.11
20,1684,PDSL,EQ,19908,10375,52.11
20,1685,PEARLPOLY,EQ,111886,34795,31.10
20,1686,PEL,EQ,877203,462802,52.76
20,1687,PELATRO,ST,38400,37200,96.88
20,1688,PENIND,EQ,1986522,795331,40.04
20,1689,PENINLAND,EQ,552064,290698,52.66
20,1690,PENTAGON,SM,4000,4000,100.00
20,1691,PERSISTENT,EQ,148956,68325,45.87
20,1692,PETRONET,EQ,3408665,1854895,54.42
20,1693,PFC,EQ,12786542,3580953,28.01
20,1694,PFIZER,EQ,40228,16758,41.66
20,1695,PFS,EQ,1091922,510358,46.74
20,1696,PGEL,EQ,1158293,610506,52.71
20,1697,PGHH,EQ,3828,1684,43.99
20,1698,PGHL,EQ,13142,6824,51.93
20,1699,PGIL,EQ,59200,36550,61.74
20,1700,PGINVIT,IV,2110852,1959473,92.83
20,1701,PHANTOMFX,SM,26100,17700,67.82
20,1702,PHARMABEES,EQ,3659366,1918746,52.43
20,1703,PHOENIXLTD,EQ,876644,421270,48.05
20,1704,PHOGLOBAL,ST,14000,14000,100.00
20,1705,PIDILITIND,EQ,323455,229232,70.87
20,1706,PIIND,EQ,100017,49046,49.04
20,1707,PILANIINVS,EQ,5290,3550,67.11
20,1708,PILITA,EQ,1774097,1213111,68.38
20,1709,PIONEEREMB,EQ,31490,15295,48.57
20,1710,PITTIENG,EQ,27565,13347,48.42
20,1711,PIXTRANS,EQ,116739,31896,27.32
20,1712,PKTEA,EQ,52996,13570,25.61
20,1713,PLATIND,EQ,164266,60376,36.76
20,1714,PLAZACABLE,EQ,36395,23852,65.54
20,1715,PNB,EQ,120187762,79785521,66.38
20,1716,PNBGILTS,EQ,494019,211433,42.80
20,1717,PNBHOUSING,EQ,569834,233954,41.06
20,1718,PNC,EQ,98382,48453,49.25
20,1719,PNCINFRA,EQ,247286,130620,52.82
20,1720,PNGJL,EQ,1173640,273954,23.34
20,1721,POCL,EQ,95593,71627,74.93
20,1722,PODDARMENT,EQ,7345,4406,59.99
20,1723,POKARNA,EQ,57536,24140,41.96
20,1724,POLICYBZR,EQ,4776243,2228181,46.65
20,1725,POLYCAB,EQ,1221518,547114,44.79
20,1726,POLYMED,EQ,132497,78773,59.45
20,1727,POLYPLEX,EQ,94978,47357,49.86
20,1728,POLYSIL,SM,18000,16000,88.89
20,1729,PONNIERODE,EQ,67021,32132,47.94
20,1730,POONAWALLA,EQ,2133464,896325,42.01
20,1731,POSITRON,SM,33000,17400,52.73
20,1732,POWERGRID,EQ,9856291,5535532,56.16
20,1733,POWERINDIA,EQ,41973,13888,33.09
20,1734,POWERMECH,EQ,33065,15238,46.08
20,1735,PPAP,EQ,87281,49617,56.85
20,1736,PPL,EQ,126104,88052,69.82
20,1737,PPLPHARMA,EQ,4532552,1501077,33.12
20,1738,PPSL,SM,120000,108000,90.00
20,1739,PRAJIND,EQ,1594574,492033,30.86
20,1740,PRAKASH,EQ,761332,408518,53.66
20,1741,PRAKASHSTL,EQ,2451593,1277696,52.12
20,1742,PRAMARA,SM,24000,22000,91.67
20,1743,PRATHAM,SM,43200,41600,96.30
20,1744,PRECAM,EQ,668733,220961,33.04
20,1745,PRECISION,SM,144000,74000,51.39
20,1746,PRECWIRE,EQ,784309,245669,31.32
20,1747,PREMEXPLN,EQ,97394,73345,75.31
20,1748,PREMIERENE,EQ,3881983,1007207,25.95
20,1749,PREMIERPOL,EQ,18721,11128,59.44
20,1750,PRESSTONIC,SM,10400,7200,69.23
20,1751,PRESTIGE,EQ,814457,384509,47.21
20,1752,PRICOLLTD,EQ,313880,145078,46.22
20,1753,PRIMESECU,EQ,19515,10393,53.26
20,1754,PRINCEPIPE,EQ,189398,111217,58.72
20,1755,PRITI,EQ,19047,11637,61.10
20,1756,PRITIKA,SM,82000,26000,31.71
20,1757,PRITIKAUTO,EQ,1611227,500264,31.05
20,1758,PRIVISCL,EQ,13056,7807,59.80
20,1759,PRIZOR,SM,132800,73600,55.42
20,1760,PRLIND,SM,30000,26000,86.67
20,1761,PROLIFE,SM,1500,1500,100.00
20,1762,PROPEQUITY,SM,5400,4200,77.78
20,1763,PROV,SM,480,320,66.67
20,1764,PROZONER,EQ,327753,208625,63.65
20,1765,PRSMJOHNSN,EQ,3762281,503106,13.37
20,1766,PRUDENT,EQ,33087,12009,36.30
20,1767,PSB,EQ,854593,382399,44.75
20,1768,PSFL,ST,636000,592000,93.08
20,1769,PSPPROJECT,EQ,47258,30257,64.03
20,1770,PSUBANK,EQ,228003,223418,97.99
20,1771,PSUBANKADD,EQ,25279,15721,62.19
20,1772,PSUBNKBEES,EQ,754334,393676,52.19
20,1773,PSUBNKIETF,EQ,75320,43760,58.10
20,1774,PTC,EQ,1062170,527079,49.62
20,1775,PTL,EQ,64466,32560,50.51
20,1776,PULZ,SM,54000,46000,85.19
20,1777,PUNJABCHEM,EQ,4820,3050,63.28
20,1778,PURVFLEXI,SM,163200,124800,76.47
20,1779,PVRINOX,EQ,316368,156826,49.57
20,1780,PVSL,EQ,31774,21919,68.98
20,1781,PVTBANIETF,EQ,7291724,6956752,95.41
20,1782,PVTBANKADD,EQ,3852588,3835981,99.57
20,1783,PYRAMID,EQ,62780,34447,54.87
20,1784,QGOLDHALF,EQ,130719,82093,62.80
20,1785,QMSMEDI,SM,6000,3000,50.00
20,1786,QNIFTY,EQ,503,212,42.15
20,1787,QUADPRO,SM,60000,60000,100.00
20,1788,QUAL30IETF,EQ,84034,57726,68.69
20,1789,QUESS,EQ,331887,172558,51.99
20,1790,QUESTLAB,SM,8400,8400,100.00
20,1791,QUICKHEAL,EQ,64938,26725,41.15
20,1792,QUICKTOUCH,SM,18000,13000,72.22
20,1793,QVCEL,SM,142400,115200,80.90
20,1794,RACE,EQ,26243,17643,67.23
20,1795,RADHIKAJWE,EQ,5591598,2062020,36.88
20,1796,RADIANTCMS,EQ,141483,81143,57.35
20,1797,RADICO,EQ,191616,74322,38.79
20,1798,RADIOCITY,EQ,847361,456558,53.88
20,1799,RADIOCITY,P1,2839,2530,89.12
20,1800,RAILTEL,EQ,1343679,552249,41.10
20,1801,RAIN,EQ,2765104,987599,35.72
20,1802,RAINBOW,EQ,211776,67192,31.73
20,1803,RAJESHEXPO,EQ,308439,133668,43.34
20,1804,RAJINDLTD,SM,45000,18000,40.00
20,1805,RAJMET,EQ,7906919,3653051,46.20
20,1806,RAJRATAN,EQ,24446,14746,60.32
20,1807,RAJSREESUG,EQ,211571,115218,54.46
20,1808,RALLIS,EQ,305196,189045,61.94
20,1809,RAMANEWS,EQ,200887,102688,51.12
20,1810,RAMAPHO,EQ,8368,6097,72.86
20,1811,RAMASTEEL,EQ,25374046,7454056,29.38
20,1812,RAMCOCEM,EQ,480399,227279,47.31
20,1813,RAMCOIND,EQ,79095,48610,61.46
20,1814,RAMCOSYS,EQ,45421,21568,47.48
20,1815,RAMKY,EQ,51275,33655,65.64
20,1816,RAMRAT,EQ,129396,42798,33.08
20,1817,RANASUG,EQ,1020400,421306,41.29
20,1818,RANEHOLDIN,EQ,19541,9906,50.69
20,1819,RAPPID,ST,105000,99600,94.86
20,1820,RATEGAIN,EQ,83625,40565,48.51
20,1821,RATNAMANI,EQ,17156,7480,43.60
20,1822,RAYMOND,EQ,181931,92955,51.09
20,1823,RAYMONDLSL,EQ,73290,44625,60.89
20,1824,RBA,EQ,1142445,556145,48.68
20,1825,RBLBANK,EQ,4257081,2031659,47.72
20,1826,RBMINFRA,SM,24600,15800,64.23
20,1827,RBS,SM,105600,96000,90.91
20,1828,RCDL,SM,18000,9000,50.00
20,1829,RCF,EQ,4582503,981845,21.43
20,1830,RECLTD,EQ,8117456,3339233,41.14
20,1831,REDINGTON,EQ,2997709,799041,26.66
20,1832,REDTAPE,EQ,179088,71195,39.75
20,1833,REFEX,EQ,1450903,624639,43.05
20,1834,REFRACTORY,ST,108000,88000,81.48
20,1835,RELAXO,EQ,58338,28510,48.87
20,1836,RELCHEMQ,EQ,4257,2231,52.41
20,1837,RELIANCE,EQ,8215821,5833186,71.00
20,1838,RELIGARE,EQ,1623938,708763,43.64
20,1839,RELINFRA,EQ,11112275,4169390,37.52
20,1840,RELTD,EQ,31225,31225,100.00
20,1841,REMSONSIND,EQ,78731,48130,61.13
20,1842,REMUS,SM,700,500,71.43
20,1843,RENUKA,EQ,130503520,22370912,17.14
20,1844,REPCOHOME,EQ,93644,53473,57.10
20,1845,REPL,EQ,52307,26578,50.81
20,1846,REPRO,EQ,5945,3739,62.89
20,1847,RESPONIND,EQ,267111,104840,39.25
20,1848,REVATHIEQU,EQ,44920,30599,68.12
20,1849,REXPIPES,SM,12000,8000,66.67
20,1850,RGL,EQ,2249310,807911,35.92
20,1851,RHIM,EQ,330869,141455,42.75
20,1852,RICHA,SM,6000,6000,100.00
20,1853,RICOAUTO,EQ,421593,200631,47.59
20,1854,RIIL,EQ,182703,54544,29.85
20,1855,RILINFRA,ST,22600,21200,93.81
20,1856,RISHABH,EQ,98914,48519,49.05
20,1857,RITCO,EQ,80024,40022,50.01
20,1858,RITES,EQ,2142385,973177,45.42
20,1859,RITEZONE,SM,32000,19200,60.00
20,1860,RKFORGE,EQ,269554,103228,38.30
20,1861,RKSWAMY,EQ,54212,33873,62.48
20,1862,RMDRIP,SM,44000,40000,90.91
20,1863,RML,EQ,16604,7114,42.85
20,1864,RNFI,SM,14400,12000,83.33
20,1865,ROCKINGDCE,SM,15500,6750,43.55
20,1866,ROHLTD,EQ,58582,31355,53.52
20,1867,ROLEXRINGS,EQ,11749,4953,42.16
20,1868,ROML,EQ,5689,1900,33.40
20,1869,ROSSARI,EQ,71138,35890,50.45
20,1870,ROTO,EQ,38109,17588,46.15
20,1871,ROUTE,EQ,94322,42922,45.51
20,1872,ROXHITECH,SM,24000,22400,93.33
20,1873,RPEL,EQ,17630,14406,81.71
20,1874,RPGLIFE,EQ,104666,53709,51.31
20,1875,RPOWER,EQ,163084765,62604253,38.39
20,1876,RPPL,EQ,454194,210148,46.27
20,1877,RPSGVENT,EQ,48871,26662,54.56
20,1878,RPTECH,EQ,60241,35064,58.21
20,1879,RRKABEL,EQ,134693,79704,59.17
20,1880,RSWM,EQ,66423,44524,67.03
20,1881,RSYSTEMS,EQ,125335,86018,68.63
20,1882,RTNINDIA,EQ,2250565,1055661,46.91
20,1883,RTNPOWER,EQ,41307791,19514592,47.24
20,1884,RUBFILA,EQ,28430,20893,73.49
20,1885,RUBYMILLS,EQ,58779,22178,37.73
20,1886,RUCHIRA,EQ,38437,28364,73.79
20,1887,RULKA,ST,12000,12000,100.00
20,1888,RUPA,EQ,171641,77290,45.03
20,1889,RUSHIL,EQ,569632,258598,45.40
20,1890,RUSTOMJEE,EQ,25875,18181,70.26
20,1891,RVNL,EQ,2945750,1071434,36.37
20,1892,SAAKSHI,ST,12600,12600,100.00
20,1893,SABAR,SM,135000,115000,85.19
20,1894,SADBHAV,EQ,14199802,6191238,43.60
20,1895,SADHAV,SM,25200,16800,66.67
20,1896,SADHNANIQ,EQ,196248,119638,60.96
20,1897,SAFARI,EQ,77475,35480,45.80
20,1898,SAGCEM,EQ,37040,20191,54.51
20,1899,SAH,EQ,842708,213201,25.30
20,1900,SAHAJ,SM,40000,24000,60.00
20,1901,SAHAJSOLAR,SM,39200,26400,67.35
20,1902,SAHANA,SM,7000,5250,75.00
20,1903,SAHYADRI,EQ,6842,4730,69.13
20,1904,SAIFL,SM,12000,9600,80.00
20,1905,SAIL,EQ,24528692,5966468,24.32
20,1906,SAKAR,EQ,12086,9456,78.24
20,1907,SAKHTISUG,EQ,1255051,644726,51.37
20,1908,SAKSOFT,EQ,259074,126428,48.80
20,1909,SALASAR,EQ,15418475,4598657,29.83
20,1910,SALONA,EQ,1120,939,83.84
20,1911,SALSTEEL,EQ,447204,225866,50.51
20,1912,SALZERELEC,EQ,47025,22405,47.64
20,1913,SAMBHAAV,EQ,137038,76537,55.85
20,1914,SAMHI,EQ,844501,380612,45.07
20,1915,SAMMAANCAP,EQ,3192516,1534265,48.06
20,1916,SANDESH,EQ,2787,1232,44.21
20,1917,SANDHAR,EQ,36023,17541,48.69
20,1918,SANDUMA,EQ,100065,72144,72.10
20,1919,SANGAMIND,EQ,39230,20005,50.99
20,1920,SANGANI,SM,18000,18000,100.00
20,1921,SANGHIIND,EQ,192914,121634,63.05
20,1922,SANGHVIMOV,EQ,252444,155200,61.48
20,1923,SANGINITA,EQ,53148,42920,80.76
20,1924,SANOFI,EQ,13208,5311,40.21
20,1925,SANOFICONR,EQ,10149,6736,66.37
20,1926,SANSERA,EQ,73062,18107,24.78
20,1927,SANSTAR,EQ,821796,314784,38.30
20,1928,SAPPHIRE,EQ,384672,142779,37.12
20,1929,SARDAEN,EQ,796892,193711,24.31
20,1930,SAREGAMA,EQ,9085950,784116,8.63
20,1931,SAROJA,SM,1600,1600,100.00
20,1932,SARTELE,SM,147500,103500,70.17
20,1933,SARVESHWAR,EQ,6030703,3906326,64.77
20,1934,SASKEN,EQ,8533,6605,77.41
20,1935,SASTASUNDR,EQ,10469,6766,64.63
20,1936,SATECH,SM,66000,34000,51.52
20,1937,SATIA,EQ,140281,80794,57.59
20,1938,SATIN,EQ,298433,170466,57.12
20,1939,SATINDLTD,EQ,1071526,422473,39.43
20,1940,SATIPOLY,SM,8000,7000,87.50
20,1941,SAURASHCEM,EQ,68464,42859,62.60
20,1942,SBC,EQ,4541949,1270577,27.97
20,1943,SBCL,EQ,285000,129374,45.39
20,1944,SBFC,EQ,5099967,1581454,31.01
20,1945,SBGLP,EQ,363083,207863,57.25
20,1946,SBICARD,EQ,1653309,1061387,64.20
20,1947,SBIETFCON,EQ,28152,22694,80.61
20,1948,SBIETFIT,EQ,31664,24501,77.38
20,1949,SBIETFPB,EQ,3789,3086,81.45
20,1950,SBIETFQLTY,EQ,22123,21691,98.05
20,1951,SBILIFE,EQ,885515,512771,57.91
20,1952,SBIN,EQ,13280535,5661416,42.63
20,1953,SBINEQWETF,EQ,23448,17404,74.22
20,1954,SBISILVER,EQ,80727,66786,82.73
20,1955,SCHAEFFLER,EQ,107955,82173,76.12
20,1956,SCHAND,EQ,124714,65312,52.37
20,1957,SCHNEIDER,EQ,200762,91115,45.38
20,1958,SCI,EQ,1175241,419945,35.73
20,1959,SCILAL,EQ,529174,307959,58.20
20,1960,SCL25,Y6,20,20,100.00
20,1961,SCML,SM,12000,12000,100.00
20,1962,SCPL,EQ,8216,3700,45.03
20,1963,SDBL,EQ,538404,250986,46.62
20,1964,SDL26BEES,EQ,584,544,93.15
20,1965,SDREAMS,ST,44000,44000,100.00
20,1966,SEAMECLTD,EQ,30220,15698,51.95
20,1967,SECL,SM,12500,12500,100.00
20,1968,SECMARK,EQ,538,288,53.53
20,1969,SECURKLOUD,EQ,31535,18226,57.80
20,1970,SEJALLTD,EQ,8419,6239,74.11
20,1971,SEL,SM,5600,4400,78.57
20,1972,SELAN,EQ,59460,22836,38.41
20,1973,SENCO,EQ,650833,222790,34.23
20,1974,SENSEXADD,EQ,2452,1150,46.90
20,1975,SENSEXETF,EQ,14918,12378,82.97
20,1976,SENSEXIETF,EQ,6504,5009,77.01
20,1977,SEPC,EQ,20962836,9100894,43.41
20,1978,SEQUENT,EQ,12661501,2146712,16.95
20,1979,SERVICE,SM,1030000,554000,53.79
20,1980,SERVOTECH,EQ,906056,627013,69.20
20,1981,SESHAPAPER,EQ,15185,12762,84.04
20,1982,SETF10GILT,EQ,12523,9255,73.90
20,1983,SETFGOLD,EQ,2569799,2139463,83.25
20,1984,SETFNIF50,EQ,389343,354067,90.94
20,1985,SETFNIFBK,EQ,25025,12708,50.78
20,1986,SETFNN50,EQ,27646,21358,77.26
20,1987,SFL,EQ,61739,35501,57.50
20,1988,SFLZC25A,ZK,161,161,100.00
20,1989,SGBAPR28I,GB,160,118,73.75
20,1990,SGBAUG27,GB,15,15,100.00
20,1991,SGBAUG28V,GB,1181,977,82.73
20,1992,SGBAUG29V,GB,146,124,84.93
20,1993,SGBAUG30,GB,124,118,95.16
20,1994,SGBD29VIII,GB,74,68,91.89
20,1995,SGBDC27VII,GB,28,22,78.57
20,1996,SGBDE30III,GB,401,271,67.58
20,1997,SGBDE31III,GB,1621,1212,74.77
20,1998,SGBDEC2513,GB,11,11,100.00
20,1999,SGBDEC25XI,GB,14,10,71.43
20,2000,SGBFEB28IX,GB,8,8,100.00
20,2001,SGBFEB29XI,GB,167,163,97.60
20,2002,SGBFEB32IV,GB,1446,1227,84.85
20,2003,SGBJ28VIII,GB,3,3,100.00
20,2004,SGBJAN26,GB,6,6,100.00
20,2005,SGBJAN27,GB,14,14,100.00
20,2006,SGBJAN29IX,GB,74,53,71.62
20,2007,SGBJAN29X,GB,95,95,100.00
20,2008,SGBJAN30IX,GB,120,120,100.00
20,2009,SGBJU29III,GB,99,92,92.93
20,2010,SGBJUL25,GB,70,64,91.43
20,2011,SGBJUL27,GB,69,42,60.87
20,2012,SGBJUL28IV,GB,138,94,68.12
20,2013,SGBJUL29IV,GB,18,17,94.44
20,2014,SGBJUN27,GB,17,17,100.00
20,2015,SGBJUN28,GB,61,50,81.97
20,2016,SGBJUN29II,GB,211,170,80.57
20,2017,SGBJUN30,GB,190,185,97.37
20,2018,SGBJUN31I,GB,482,340,70.54
20,2019,SGBMAR25,GB,189,134,70.90
20,2020,SGBMAR28X,GB,43,41,95.35
20,2021,SGBMAR30X,GB,81,80,98.77
20,2022,SGBMAR31IV,GB,280,188,67.14
20,2023,SGBMAY25,GB,141,141,100.00
20,2024,SGBMAY26,GB,17,15,88.24
20,2025,SGBMAY28,GB,254,221,87.01
20,2026,SGBMAY29I,GB,309,298,96.44
20,2027,SGBMR29XII,GB,302,295,97.68
20,2028,SGBN28VIII,GB,30,25,83.33
20,2029,SGBNOV24,GB,120,60,50.00
20,2030,SGBNOV258,GB,1,1,100.00
20,2031,SGBNOV25IX,GB,6,6,100.00
20,2032,SGBNOV26,GB,35,35,100.00
20,2033,SGBNV29VII,GB,267,205,76.78
20,2034,SGBOC28VII,GB,637,605,94.98
20,2035,SGBOCT25,GB,32,32,100.00
20,2036,SGBOCT25IV,GB,1,1,100.00
20,2037,SGBOCT27,GB,36,20,55.56
20,2038,SGBOCT27VI,GB,79,78,98.73
20,2039,SGBSEP27,GB,15,12,80.00
20,2040,SGBSEP28VI,GB,191,152,79.58
20,2041,SGBSEP29VI,GB,383,290,75.72
20,2042,SGBSEP31II,GB,1009,728,72.15
20,2043,SGIL,EQ,105903,58441,55.18
20,2044,SHAILY,EQ,69973,39341,56.22
20,2045,SHALBY,EQ,57768,34349,59.46
20,2046,SHALPAINTS,EQ,103958,50186,48.28
20,2047,SHANKARA,EQ,47099,26338,55.92
20,2048,SHANTHALA,SM,28800,27600,95.83
20,2049,SHANTI,EQ,42693,31380,73.50
20,2050,SHANTIGEAR,EQ,21026,9582,45.57
20,2051,SHARDACROP,EQ,525415,372321,70.86
20,2052,SHARDAMOTR,EQ,22392,13942,62.26
20,2053,SHAREINDIA,EQ,737614,306074,41.50
20,2054,SHARIABEES,EQ,6428,4074,63.38
20,2055,SHEETAL,SM,2000,2000,100.00
20,2056,SHEMAROO,EQ,421161,91830,21.80
20,2057,SHERA,SM,43000,36000,83.72
20,2058,SHIGAN,SM,40500,36000,88.89
20,2059,SHILPAMED,EQ,166156,64340,38.72
20,2060,SHIVALIK,EQ,35900,24042,66.97
20,2061,SHIVAMILLS,EQ,10229,5091,49.77
20,2062,SHIVATEX,EQ,30993,7343,23.69
20,2063,SHIVAUM,ST,40000,40000,100.00
20,2064,SHK,EQ,746427,359581,48.17
20,2065,SHOPERSTOP,EQ,167308,57024,34.08
20,2066,SHREDIGCEM,EQ,275911,143279,51.93
20,2067,SHREECEM,EQ,27911,19872,71.20
20,2068,SHREEKARNI,ST,1800,1800,100.00
20,2069,SHREEOSFM,SM,20000,15000,75.00
20,2070,SHREYANIND,EQ,7415,5433,73.27
20,2071,SHREYAS,EQ,220640,56321,25.53
20,2072,SHRIPISTON,EQ,52666,25438,48.30
20,2073,SHRIRAMFIN,EQ,676227,336069,49.70
20,2074,SHRIRAMPPS,EQ,1532563,771760,50.36
20,2075,SHRITECH,SM,6000,6000,100.00
20,2076,SHUBHLAXMI,SM,129000,105000,81.40
20,2077,SHUBHSHREE,SM,109200,62400,57.14
20,2078,SHYAMCENT,EQ,3006871,1425520,47.41
20,2079,SHYAMMETL,EQ,401481,169929,42.33
20,2080,SIEMENS,EQ,516730,215309,41.67
20,2081,SIGACHI,EQ,1185544,676287,57.04
20,2082,SIGIND,EQ,64804,30003,46.30
20,2083,SIGMA,EQ,3281,2066,62.97
20,2084,SIGNATURE,EQ,502747,166963,33.21
20,2085,SIGNPOST,EQ,67130,52324,77.94
20,2086,SIKKO,EQ,87445,32642,37.33
20,2087,SILGO,EQ,142117,94372,66.40
20,2088,SILINV,EQ,7354,4871,66.24
20,2089,SILKFLEX,SM,20000,20000,100.00
20,2090,SILVER,EQ,293682,254279,86.58
20,2091,SILVER1,EQ,169391,167495,98.88
20,2092,SILVERADD,EQ,26716,26442,98.97
20,2093,SILVERBEES,EQ,6719196,5109707,76.05
20,2094,SILVERETF,EQ,81554,64646,79.27
20,2095,SILVERIETF,EQ,673576,589336,87.49
20,2096,SILVERTUC,EQ,24535,7622,31.07
20,2097,SILVRETF,EQ,17653,16737,94.81
20,2098,SINCLAIR,EQ,25367,14258,56.21
20,2099,SINDHUTRAD,EQ,1768011,928834,52.54
20,2100,SINTERCOM,EQ,31150,19496,62.59
20,2101,SIRCA,EQ,64057,34716,54.20
20,2102,SIS,EQ,20387,11935,58.54
20,2103,SIYSIL,EQ,27738,10248,36.95
20,2104,SJLOGISTIC,SM,28000,20500,73.21
20,2105,SJS,EQ,52960,19926,37.62
20,2106,SJVN,EQ,7161741,2573041,35.93
20,2107,SKFINDIA,EQ,21756,11685,53.71
20,2108,SKIPPER,EQ,316728,130073,41.07
20,2109,SKIPPERPP,E1,4337,3254,75.03
20,2110,SKMEGGPROD,EQ,46861,30241,64.53
20,2111,SKP,SM,11000,9500,86.36
20,2112,SLONE,ST,12800,12800,100.00
20,2113,SMALLCAP,EQ,298234,213093,71.45
20,2114,SMARTLINK,EQ,122695,52608,42.88
20,2115,SMCGLOBAL,EQ,294207,167872,57.06
20,2116,SMLISUZU,EQ,70644,29503,41.76
20,2117,SMLT,EQ,133180,54635,41.02
20,2118,SMSPHARMA,EQ,894038,240990,26.96
20,2119,SNOWMAN,EQ,1593539,495119,31.07
20,2120,SOBHA,EQ,182341,74191,40.69
20,2121,SOBHAPP,E1,3177,2859,89.99
20,2122,SOFTTECH,EQ,16444,8412,51.16
20,2123,SOLARAPP,X1,5264,4616,87.69
20,2124,SOLARINDS,EQ,23753,11587,48.78
20,2125,SOLEX,SM,37250,33500,89.93
20,2126,SOMANYCERA,EQ,28583,21418,74.93
20,2127,SOMATEX,EQ,381301,208636,54.72
20,2128,SONACOMS,EQ,1344430,1084730,80.68
20,2129,SONAMAC,SM,12000,9000,75.00
20,2130,SONATSOFTW,EQ,180753,71816,39.73
20,2131,SOTL,EQ,28573,15445,54.05
20,2132,SOUTHBANK,EQ,8553986,3434484,40.15
20,2133,SPAL,EQ,16177,9233,57.07
20,2134,SPANDANA,EQ,90757,48939,53.92
20,2135,SPARC,EQ,211220,112322,53.18
20,2136,SPCENET,EQ,2724701,2381572,87.41
20,2137,SPCL,SM,165600,102000,61.59
20,2138,SPECIALITY,EQ,34782,21200,60.95
20,2139,SPECTRUM,SM,5625,4000,71.11
20,2140,SPECTSTM,SM,428000,340000,79.44
20,2141,SPENCERS,EQ,553935,254756,45.99
20,2142,SPIC,EQ,1337472,442376,33.08
20,2143,SPLIL,EQ,7742,5790,74.79
20,2144,SPLPETRO,EQ,26949,16783,62.28
20,2145,SPORTKING,EQ,653631,358030,54.78
20,2146,SPPPOLY,SM,420000,98000,23.33
20,2147,SPRL,ST,5600,5600,100.00
20,2148,SREEL,EQ,8998,5092,56.59
20,2149,SRF,EQ,724115,361811,49.97
20,2150,SRGHFL,EQ,4047,2533,62.59
20,2151,SRHHYPOLTD,EQ,44762,23538,52.58
20,2152,SRIVASAVI,SM,14000,12000,85.71
20,2153,SRPL,EQ,851221,517973,60.85
20,2154,SSDL,EQ,240924,129867,53.90
20,2155,SSEGL,SM,46000,31000,67.39
20,2156,SSFL,SM,3000,2000,66.67
20,2157,SSWL,EQ,338681,132858,39.23
20,2158,STANLEY,EQ,69548,30858,44.37
20,2159,STAR,EQ,288246,164343,57.01
20,2160,STARCEMENT,EQ,1592761,366390,23.00
20,2161,STARHEALTH,EQ,366410,234763,64.07
20,2162,STARPAPER,EQ,19665,13904,70.70
20,2163,STCINDIA,EQ,54114,26424,48.83
20,2164,STEELCAS,EQ,12615,7536,59.74
20,2165,STEELCITY,EQ,13299,7913,59.50
20,2166,STEELXIND,EQ,2412167,1122071,46.52
20,2167,STERTOOLS,EQ,221894,80072,36.09
20,2168,STLTECH,EQ,7097214,3174070,44.72
20,2169,STOVEKRAFT,EQ,51473,24224,47.06
20,2170,STYLAMIND,EQ,52769,27995,53.05
20,2171,STYLEBAAZA,EQ,1093398,423848,38.76
20,2172,STYRENIX,EQ,71958,40649,56.49
20,2173,SUBEXLTD,EQ,7517593,2805194,37.32
20,2174,SUBROS,EQ,118192,47976,40.59
20,2175,SUDARSCHEM,EQ,196932,53400,27.12
20,2176,SUKHJITS,EQ,11148,6918,62.06
20,2177,SULA,EQ,1272242,882482,69.36
20,2178,SUMICHEM,EQ,728278,281187,38.61
20,2179,SUMMITSEC,EQ,5450,2956,54.24
20,2180,SUNCLAY,EQ,11728,7652,65.25
20,2181,SUNDARMFIN,EQ,69577,37908,54.48
20,2182,SUNDARMHLD,EQ,189965,124447,65.51
20,2183,SUNDRMFAST,EQ,51809,30726,59.31
20,2184,SUNFLAG,EQ,371676,142903,38.45
20,2185,SUNLITE,SM,49200,48000,97.56
20,2186,SUNPHARMA,EQ,1275678,794360,62.27
20,2187,SUNREST,SM,1600,1600,100.00
20,2188,SUNTECK,EQ,158014,67181,42.52
20,2189,SUNTV,EQ,476072,153435,32.23
20,2190,SUPERHOUSE,EQ,5525,2584,46.77
20,2191,SUPRAJIT,EQ,111406,57216,51.36
20,2192,SUPREMEIND,EQ,87884,52173,59.37
20,2193,SUPREMEPWR,ST,61000,55000,90.16
20,2194,SUPRIYA,EQ,459851,182019,39.58
20,2195,SURANASOL,EQ,119623,119623,100.00
20,2196,SURANI,SM,1800,1800,100.00
20,2197,SURYALAXMI,EQ,40329,24580,60.95
20,2198,SURYAROSNI,EQ,645073,311166,48.24
20,2199,SURYODAY,EQ,242041,147667,61.01
20,2200,SUTLEJTEX,EQ,117921,61241,51.93
20,2201,SUVEN,EQ,277360,124737,44.97
20,2202,SUVENPHAR,EQ,205612,83236,40.48
20,2203,SUVIDHAA,EQ,157757,116444,73.81
20,2204,SUYOG,EQ,13232,8021,60.62
20,2205,SUZLON,EQ,27494973,14846826,54.00
20,2206,SVPGLOB,EQ,175084,98810,56.44
20,2207,SWANENERGY,EQ,1068308,545080,51.02
20,2208,SWARAJ,SM,14000,13000,92.86
20,2209,SWARAJENG,EQ,5756,3196,55.52
20,2210,SWASTIK,SM,12000,8400,70.00
20,2211,SWELECTES,EQ,70177,26442,37.68
20,2212,SWSOLAR,EQ,7325755,2835826,38.71
20,2213,SYLVANPLY,SM,18000,18000,100.00
20,2214,SYMPHONY,EQ,203270,63982,31.48
20,2215,SYNCOMF,EQ,6973482,2745982,39.38
20,2216,SYNGENE,EQ,375115,133141,35.49
20,2217,SYNOPTICS,SM,4200,4200,100.00
20,2218,SYRMA,EQ,423669,259662,61.29
20,2219,SYSTANGO,SM,59200,32000,54.05
20,2220,TAC,SM,34800,20400,58.62
20,2221,TAJGVK,EQ,71338,41739,58.51
20,2222,TAKE,EQ,3673010,1747999,47.59
20,2223,TALBROAUTO,EQ,62242,35276,56.68
20,2224,TANLA,EQ,218466,124625,57.05
20,2225,TAPIFRUIT,SM,3000,2250,75.00
20,2226,TARACHAND,EQ,23320,11130,47.73
20,2227,TARSONS,EQ,24589,13631,55.44
20,2228,TASTYBITE,EQ,7066,3416,48.34
20,2229,TATACHEM,EQ,3781132,1523262,40.29
20,2230,TATACOMM,EQ,826483,526033,63.65
20,2231,TATACONSUM,EQ,892381,535819,60.04
20,2232,TATAELXSI,EQ,90103,34026,37.76
20,2233,TATAGOLD,EQ,2846590,2258239,79.33
20,2234,TATAINVEST,EQ,14136,6701,47.40
20,2235,TATAMOTORS,EQ,10085203,4738171,46.98
20,2236,TATAPOWER,EQ,15141589,4396272,29.03
20,2237,TATASTEEL,EQ,50761579,21347351,42.05
20,2238,TATATECH,EQ,993851,480544,48.35
20,2239,TATSILV,EQ,1273435,1176006,92.35
20,2240,TATVA,EQ,67511,39943,59.17
20,2241,TBI,ST,6000,6000,100.00
20,2242,TBOTEK,EQ,22948,10272,44.76
20,2243,TBZ,EQ,1291211,364273,28.21
20,2244,TCI,EQ,23651,11347,47.98
20,2245,TCIEXP,EQ,28299,18581,65.66
20,2246,TCL,SM,62400,44000,70.51
20,2247,TCPLPACK,EQ,2946,1275,43.28
20,2248,TCS,EQ,1823365,1082513,59.37
20,2249,TDPOWERSYS,EQ,303696,155403,51.17
20,2250,TEAMLEASE,EQ,12280,4561,37.14
20,2251,TECH,EQ,30385,25975,85.49
20,2252,TECHLABS,ST,12500,12000,96.00
20,2253,TECHM,EQ,5176596,2356203,45.52
20,2254,TECHNOE,EQ,55254,40813,73.86
20,2255,TEGA,EQ,180012,62606,34.78
20,2256,TEJASNET,EQ,218686,112403,51.40
20,2257,TERASOFT,EQ,223111,153342,68.73
20,2258,TEXINFRA,EQ,578290,405757,70.16
20,2259,TEXMOPIPES,EQ,64002,46792,73.11
20,2260,TEXRAIL,EQ,1270039,443470,34.92
20,2261,TFCILTD,EQ,299635,221310,73.86
20,2262,TGBHOTELS,EQ,27935,23608,84.51
20,2263,TGL,ST,20400,19200,94.12
20,2264,THANGAMAYL,EQ,104120,30058,28.87
20,2265,THEJO,EQ,3599,2424,67.35
20,2266,THEMISMED,EQ,358524,220980,61.64
20,2267,THERMAX,EQ,33435,13866,41.47
20,2268,THOMASCOOK,EQ,310771,223011,71.76
20,2269,THYROCARE,EQ,14865,8891,59.81
20,2270,TI,EQ,891703,293385,32.90
20,2271,TIDEWATER,EQ,14642,7491,51.16
20,2272,TIIL,EQ,28154,8927,31.71
20,2273,TIINDIA,EQ,234612,146798,62.57
20,2274,TIMESCAN,SM,34000,30000,88.24
20,2275,TIMESGTY,EQ,108835,55167,50.69
20,2276,TIMETECHNO,EQ,791867,149715,18.91
20,2277,TIMKEN,EQ,33583,12914,38.45
20,2278,TIPSFILMS,EQ,27391,8975,32.77
20,2279,TIPSMUSIC,EQ,246884,129902,52.62
20,2280,TIRUMALCHM,EQ,375668,173440,46.17
20,2281,TITAGARH,EQ,918082,473136,51.54
20,2282,TITAN,EQ,774221,351958,45.46
20,2283,TMB,EQ,138810,86354,62.21
20,2284,TNIDETF,EQ,277161,260054,93.83
20,2285,TNPETRO,EQ,135825,81420,59.94
20,2286,TNPL,EQ,134719,92556,68.70
20,2287,TOLINS,EQ,141022,93370,66.21
20,2288,TOP100CASE,EQ,173687,136610,78.65
20,2289,TOP10ADD,EQ,95841,88868,92.72
20,2290,TORNTPHARM,EQ,425354,334393,78.62
20,2291,TORNTPOWER,EQ,479862,243252,50.69
20,2292,TRACXN,EQ,263207,147863,56.18
20,2293,TRANSTEEL,SM,42000,28000,66.67
20,2294,TRANSWIND,ST,8000,8000,100.00
20,2295,TREEHOUSE,EQ,134253,87680,65.31
20,2296,TREL,EQ,344290,166302,48.30
20,2297,TRENT,EQ,559721,281640,50.32
20,2298,TRF,EQ,7404,5081,68.63
20,2299,TRIDENT,EQ,13756115,4381056,31.85
20,2300,TRIDHYA,SM,21000,18000,85.71
20,2301,TRIGYN,EQ,733085,328992,44.88
20,2302,TRITURBINE,EQ,1147140,268052,23.37
20,2303,TRIVENI,EQ,813424,203114,24.97
20,2304,TROM,SM,20400,13200,64.71
20,2305,TRUST,ST,103200,94800,91.86
20,2306,TTKHLTCARE,EQ,2751,1859,67.58
20,2307,TTKPRESTIG,EQ,96033,51792,53.93
20,2308,TTL,EQ,8826,4573,51.81
20,2309,TTML,EQ,3728254,1114867,29.90
20,2310,TUNWAL,SM,76000,58000,76.32
20,2311,TV18BRDCST,EQ,7021562,2734159,38.94
20,2312,TVSHLTD,EQ,10243,5922,57.82
20,2313,TVSMOTOR,EQ,853088,421609,49.42
20,2314,TVSSCS,EQ,1056182,525674,49.77
20,2315,TVSSRICHAK,EQ,4959,2257,45.51
20,2316,TVTODAY,EQ,178981,108582,60.67
20,2317,UBL,EQ,138743,78544,56.61
20,2318,UCAL,EQ,21284,10547,49.55
20,2319,UCL,SM,8000,4000,50.00
20,2320,UCOBANK,EQ,2294537,892442,38.89
20,2321,UDAICEMENT,EQ,363436,240828,66.26
20,2322,UDS,EQ,297870,190277,63.88
20,2323,UFLEX,EQ,75123,25431,33.85
20,2324,UFO,EQ,861335,320596,37.22
20,2325,UGARSUGAR,EQ,463565,174178,37.57
20,2326,UGROCAP,EQ,71174,44277,62.21
20,2327,UJJIVANSFB,EQ,16451195,10426296,63.38
20,2328,ULTRACEMCO,EQ,324906,216527,66.64
20,2329,UMA,SM,16000,16000,100.00
20,2330,UNICHEMLAB,EQ,187494,26166,13.96
20,2331,UNIDT,EQ,45675,30561,66.91
20,2332,UNIECOM,EQ,902240,215530,23.89
20,2333,UNIENTER,EQ,11111,7272,65.45
20,2334,UNIHEALTH,SM,6000,4000,66.67
20,2335,UNIINFO,EQ,11245,10003,88.96
20,2336,UNIONBANK,EQ,4801876,2270417,47.28
20,2337,UNIPARTS,EQ,46008,29014,63.06
20,2338,UNITDSPR,EQ,473000,263887,55.79
20,2339,UNITEDTEA,EQ,30760,12967,42.16
20,2340,UNIVASTU,EQ,108194,67864,62.72
20,2341,UNIVCABLES,EQ,28718,16107,56.09
20,2342,UNIVPHOTO,EQ,14783,7724,52.25
20,2343,UNOMINDA,EQ,1298580,918347,70.72
20,2344,UPL,EQ,2317620,1042098,44.96
20,2345,URBAN,SM,7200,4000,55.56
20,2346,URJA,EQ,8171707,3183602,38.96
20,2347,USASEEDS,SM,4500,3900,86.67
20,2348,USHAMART,EQ,1063308,584780,55.00
20,2349,UTIAMC,EQ,353543,222434,62.92
20,2350,UTIBANKETF,EQ,31330,19103,60.97
20,2351,UTINEXT50,EQ,150568,136321,90.54
20,2352,UTINIFTETF,EQ,707042,705321,99.76
20,2353,UTISENSETF,EQ,2153,1750,81.28
20,2354,UTISXN50,EQ,1916,1300,67.85
20,2355,UTKARSHBNK,EQ,1213664,684878,56.43
20,2356,UTSSAV,SM,156000,97200,62.31
20,2357,UTTAMSUGAR,EQ,1020493,491134,48.13
20,2358,VADILALIND,EQ,7102,4681,65.91
20,2359,VAIBHAVGBL,EQ,292422,158198,54.10
20,2360,VAISHALI,EQ,196398,140962,71.77
20,2361,VAKRANGEE,EQ,76515967,21161014,27.66
20,2362,VALIANTLAB,EQ,49567,15575,31.42
20,2363,VALIANTORG,EQ,27106,13133,48.45
20,2364,VARDHACRLC,EQ,33386,22096,66.18
20,2365,VARROC,EQ,302541,94564,31.26
20,2366,VASA,ST,8000,8000,100.00
20,2367,VASCONEQ,EQ,1249922,658206,52.66
20,2368,VASWANI,EQ,2585503,957635,37.04
20,2369,VBL,EQ,5050652,2978026,58.96
20,2370,VDEAL,SM,57600,36000,62.50
20,2371,VEDL,EQ,14071685,5161962,36.68
20,2372,VEEKAYEM,SM,15000,12000,80.00
20,2373,VENKEYS,EQ,83718,38820,46.37
20,2374,VENUSPIPES,EQ,31642,19552,61.79
20,2375,VENUSREM,EQ,16413,7805,47.55
20,2376,VERA,SM,1500,1500,100.00
20,2377,VERITAAS,SM,4800,3600,75.00
20,2378,VERTEXPLUS,ST,1800,1800,100.00
20,2379,VERTOZ,EQ,1053803,1053803,100.00
20,2380,VESUVIUS,EQ,19909,9207,46.25
20,2381,VGUARD,EQ,533685,264942,49.64
20,2382,VHL,EQ,954,569,59.64
20,2383,VIAZ,SM,82000,60000,73.17
20,2384,VIDHIING,EQ,41628,24857,59.71
20,2385,VIESL,SM,83200,52000,62.50
20,2386,VIJAYA,EQ,485577,99608,20.51
20,2387,VIKASECO,EQ,17087773,8190193,47.93
20,2388,VIKASLIFE,EQ,37205482,19124287,51.40
20,2389,VILAS,ST,39000,38000,97.44
20,2390,VILINBIO,SM,8000,4000,50.00
20,2391,VIMTALABS,EQ,35523,22781,64.13
20,2392,VINATIORGA,EQ,75755,42550,56.17
20,2393,VINDHYATEL,EQ,16215,8682,53.54
20,2394,VINEETLAB,EQ,9000,6497,72.19
20,2395,VINSYS,SM,12500,11500,92.00
20,2396,VINYAS,ST,8400,8000,95.24
20,2397,VINYLINDIA,EQ,10430,6106,58.54
20,2398,VIPIND,EQ,746356,298918,40.05
20,2399,VIRINCHI,EQ,310269,216952,69.92
20,2400,VISAKAIND,EQ,344855,131540,38.14
20,2401,VISAMAN,SM,60000,60000,100.00
20,2402,VISHNU,EQ,63782,37107,58.18
20,2403,VISHNUINFR,SM,89000,42500,47.75
20,2404,VISHWARAJ,EQ,5078788,2610409,51.40
20,2405,VISHWAS,SM,27200,27200,100.00
20,2406,VITAL,ST,12000,12000,100.00
20,2407,VIVIANA,ST,3500,3000,85.71
20,2408,VIVIDHA,EQ,590351,292804,49.60
20,2409,VIVO,SM,1600,1600,100.00
20,2410,VLEGOV,EQ,3115156,1168228,37.50
20,2411,VLINFRA,SM,33000,27000,81.82
20,2412,VLSFINANCE,EQ,140694,54685,38.87
20,2413,VMARCIND,SM,30000,28000,93.33
20,2414,VMART,EQ,374344,126035,33.67
20,2415,VOLTAMP,EQ,25155,18397,73.13
20,2416,VOLTAS,EQ,963764,539278,55.96
20,2417,VPRPL,EQ,1807856,851314,47.09
20,2418,VR,SM,1600,1600,100.00
20,2419,VRAJ,EQ,323958,180535,55.73
20,2420,VRLLOG,EQ,40318,20435,50.68
20,2421,VSCL,SM,63000,54000,85.71
20,2422,VSSL,EQ,209546,75392,35.98
20,2423,VSTIND,EQ,455765,188896,41.45
20,2424,VSTL,EQ,30723,16686,54.31
20,2425,VSTTILLERS,EQ,41196,26844,65.16
20,2426,VTL,EQ,94350,41258,43.73
20,2427,WABAG,EQ,433982,169323,39.02
20,2428,WALCHANNAG,EQ,104011,64059,61.59
20,2429,WALPAR,SM,4000,4000,100.00
20,2430,WCIL,EQ,659380,376581,57.11
20,2431,WEIZMANIND,EQ,46481,27838,59.89
20,2432,WEL,EQ,24514,5356,21.85
20,2433,WELCORP,EQ,4101258,1412935,34.45
20,2434,WELENT,EQ,217685,81202,37.30
20,2435,WELINV,EQ,3160,1114,35.25
20,2436,WELSPUNLIV,EQ,22268739,4391713,19.72
20,2437,WENDT,EQ,322,177,54.97
20,2438,WESTLIFE,EQ,269997,76422,28.30
20,2439,WHEELS,EQ,13770,8057,58.51
20,2440,WHIRLPOOL,EQ,452447,293602,64.89
20,2441,WILLAMAGOR,EQ,190615,83581,43.85
20,2442,WINDLAS,EQ,39034,23657,60.61
20,2443,WINDMACHIN,EQ,201343,126397,62.78
20,2444,WINNY,SM,1000,1000,100.00
20,2445,WINSOL,SM,28800,20800,72.22
20,2446,WIPRO,EQ,4705637,1795145,38.15
20,2447,WOL3D,ST,145000,142000,97.93
20,2448,WOMANCART,ST,4800,4800,100.00
20,2449,WONDERLA,EQ,96890,40032,41.32
20,2450,WORTH,EQ,25158,14908,59.26
20,2451,WSI,EQ,48608,33356,68.62
20,2452,WSTCSTPAPR,EQ,104035,46007,44.22
20,2453,WTICAB,SM,42000,30000,71.43
20,2454,XCHANGING,EQ,146666,85209,58.10
20,2455,XELPMOC,EQ,41207,18342,44.51
20,2456,XPROINDIA,EQ,20419,12948,63.41
20,2457,XTGLOBAL,EQ,70573,40558,57.47
20,2458,YASHO,EQ,12540,7768,61.95
20,2459,YASHOPTICS,SM,54400,41600,76.47
20,2460,YATHARTH,EQ,223336,82253,36.83
20,2461,YATRA,EQ,453138,233636,51.56
20,2462,YCCL,SM,21000,21000,100.00
20,2463,YESBANK,EQ,61376374,23286884,37.94
20,2464,YUDIZ,ST,13600,10400,76.47
20,2465,YUKEN,EQ,16460,14234,86.48
20,2466,ZAGGLE,EQ,920728,253056,27.48
20,2467,ZEAL,SM,4800,4800,100.00
20,2468,ZEEL,EQ,28757338,9012666,31.34
20,2469,ZEELEARN,EQ,3785248,2662408,70.34
20,2470,ZEEMEDIA,EQ,63717377,20864445,32.75
20,2471,ZENITHDRUG,SM,193600,137600,71.07
20,2472,ZENSARTECH,EQ,1196173,593823,49.64
20,2473,ZENTEC,EQ,413005,362985,87.89
20,2474,ZFCVINDIA,EQ,3975,1007,25.33
20,2475,ZIMLAB,EQ,56520,25885,45.80
20,2476,ZOMATO,EQ,32110540,14145295,44.05
20,2477,ZOTA,EQ,23391,13181,56.35
20,2478,ZTECH,SM,45600,31200,68.42
20,2479,ZUARI,EQ,267014,107675,40.33
20,2480,ZUARIIND,EQ,136752,76135,55.67
20,2481,ZYDUSLIFE,EQ,1173725,702288,59.83
20,2482,ZYDUSWELL,EQ,78065,43594,55.84
