Security Wise Delivery Position - Compulsory Rolling Settlement
10,MTO,24092024,1824617937,0002493
Trade Date <24-SEP-2024>,Settlement Type <N>
Record Type,Sr No,Name of Security,Quantity Traded,Deliverable Quantity(gross across client level),% of Deliverable Quantity to Traded Quantity
20,1,0MOFSL26,N1,10,10,100.00
20,2,0SCL26,YR,9,9,100.00
20,3,1003ICCL28,NX,53,53,100.00
20,4,1003ISFL28,N4,22,22,100.00
20,5,1015ECL29,NR,695,695,100.00
20,6,1018GS2026,GS,2999,2999,100.00
20,7,1025SCL34,Z8,31,31,100.00
20,8,1035UCL26,NA,446,443,99.33
20,9,1040UCL25,N4,38,38,100.00
20,10,1049DLS25A,Y5,106,79,74.53
20,11,1050IIFL29,ND,100,100,100.00
20,12,1050NFL26,N7,47,47,100.00
20,13,1050UCL25,N7,21,16,76.19
20,14,105IIFL29,N7,100,100,100.00
20,15,105UCL2026,NB,22,22,100.00
20,16,1060ECL29,NS,50,50,100.00
20,17,1065NFL27,NC,1097,1097,100.00
20,18,1075SCL33A,N2,18,18,100.00
20,19,10CAGL27,N5,33,33,100.00
20,20,10IIFL28,N4,339,339,100.00
20,21,10IIFL28A,NE,100,100,100.00
20,22,10NFL25,N9,95,95,100.00
20,23,10NIDO26,N6,548,548,100.00
20,24,10SCL30A,BV,1,1,100.00
20,25,1102NFL26,N8,18,18,100.00
20,26,1190VCCL26,N0,11,11,100.00
20,27,11DLSL25,NV,201,201,100.00
20,28,11DLSL25A,Y3,5,5,100.00
20,29,182D011124,TB,200,200,100.00
20,30,182D031024,TB,500,500,100.00
20,31,182D060225,TB,200,200,100.00
20,32,182D071124,TB,500,500,100.00
20,33,182D111024,TB,100,100,100.00
20,34,182D140225,TB,500,500,100.00
20,35,182D170125,TB,100,100,100.00
20,36,182D181024,TB,100,100,100.00
20,37,182D300125,TB,400,200,50.00
20,38,20MICRONS,EQ,188515,56267,29.85
20,39,360ONE,EQ,288547,199216,69.04
20,40,364D070825,TB,200,200,100.00
20,41,364D080525,TB,18000,18000,100.00
20,42,364D100725,TB,1400,1400,100.00
20,43,364D121224,TB,100,100,100.00
20,44,364D230525,TB,4000,4000,100.00
20,45,364D300125,TB,3200,3200,100.00
20,46,3IINFOLTD,EQ,410829,216466,52.69
20,47,3MINDIA,EQ,2832,1433,50.60
20,48,574GS2026,GS,982,982,100.00
20,49,5PAISA,EQ,78446,38691,49.32
20,50,63MOONS,EQ,240085,119657,49.84
20,51,654GS2032,GS,11,11,100.00
20,52,667GS2035,GS,3000,3000,100.00
20,53,667GS2050,GS,12,12,100.00
20,54,68GS2060,GS,420,420,100.00
20,55,695GS2061,GS,10103,10097,99.94
20,56,697GR2034,GS,2,1,50.00
20,57,699GS2026,GS,100,100,100.00
20,58,699GS2051,GS,957,957,100.00
20,59,702GS2027,GS,361,261,72.30
20,60,702GS2031,GS,7105,7005,98.59
20,61,704GS2029,GS,14241,14241,100.00
20,62,706GS2028,GS,6586,6586,100.00
20,63,709GS2054,GS,1900,1900,100.00
20,64,710GS2029,GS,42730,42730,100.00
20,65,716GS2050,GS,10,10,100.00
20,66,717GS2030,GS,10158,10158,100.00
20,67,718GS2033,GS,200,200,100.00
20,68,718GS2037,GS,24487,24487,100.00
20,69,71GS2034,GS,2800,2800,100.00
20,70,725GS2063,GS,6921,6911,99.86
20,71,726GS2032,GS,49575,49570,99.99
20,72,729IRFC26,NN,350,350,100.00
20,73,729NHAI26,NC,260,260,100.00
20,74,732GS2030,GS,600,600,100.00
20,75,732IRFC25,NI,90,90,100.00
20,76,733GS2026,GS,2550,2450,96.08
20,77,734GS2064,GS,2821,2820,99.96
20,78,735PFCL35,N1,6240,5166,82.79
20,79,736NTPC25D,NB,157,157,100.00
20,80,736PFCL28,N2,944,944,100.00
20,81,737GS2028,GS,700,700,100.00
20,82,738GS2027,GS,125715,98251,78.15
20,83,738REC27TF,N2,100,100,100.00
20,84,739NHAI26,N8,1105,1105,100.00
20,85,739NHAI31A,ND,526,263,50.00
20,86,73GS2053,GS,645599,639999,99.13
20,87,741GS2036,GS,4000,4000,100.00
20,88,746GS2073,GS,31338,31338,100.00
20,89,74GS2062,GS,1,1,100.00
20,90,751HUDCO28,N5,900,900,100.00
20,91,753IRFC30,NJ,1,1,100.00
20,92,754GS2036,GS,521895,502193,96.22
20,93,756TN53A,SG,100,100,100.00
20,94,759GS2026,GS,50001,50001,100.00
20,95,762GS2039,GS,953,953,100.00
20,96,764HUDCO31,N8,1,1,100.00
20,97,764IRFC31,NO,102,102,100.00
20,98,764NABAR31,N2,1952,1800,92.21
20,99,767MP33,SG,100,100,100.00
20,100,769NHAI31,NE,1957,1815,92.74
20,101,76NHAI31,NA,1289,500,38.79
20,102,774IREDA31,N7,225,225,100.00
20,103,78ABFL33,N4,210,210,100.00
20,104,797IGT31,NL,200,200,100.00
20,105,79NHIT35,N1,6950,6750,97.12
20,106,79NHIT40,N2,167,167,100.00
20,107,79NHIT47,N3,300,300,100.00
20,108,801TCH25,N4,1,1,100.00
20,109,810IRFC27,N2,9802,9802,100.00
20,110,812REC27,NI,100,100,100.00
20,111,813GS2045,GS,799,799,100.00
20,112,820IIFL27,N9,10,10,100.00
20,113,824GS2027,GS,364063,364052,100.00
20,114,829LTF24,NL,416,405,97.36
20,115,82HUDCO27,N2,175,175,100.00
20,116,82IGT31,NJ,162,162,100.00
20,117,830NHAI27,N2,2399,1827,76.16
20,118,830PFCL27,N5,750,750,100.00
20,119,83GS2040,GS,1171,1171,100.00
20,120,83TCHF25,N6,450,430,95.56
20,121,840CIFCL28,N4,130,100,76.92
20,122,842IIFL26,NL,648,595,91.82
20,123,846REC28,N6,32,32,100.00
20,124,849NTPC25,N7,162985,162985,100.00
20,125,84TCHF28,NA,103,103,100.00
20,126,850IIFL27,NA,34,34,100.00
20,127,85IIFL24,NJ,45,45,100.00
20,128,860CIFCL28,NG,10,10,100.00
20,129,863IRFC29,NC,1,1,100.00
20,130,863NHB29,N2,18,18,100.00
20,131,865IIFL28,NS,389,388,99.74
20,132,865IRFC29,NA,999,999,100.00
20,133,865LTF26,NN,50,50,100.00
20,134,865TCAPS27,N8,64,63,98.44
20,135,867NHPC33,N3,14,12,85.71
20,136,86LTF24,NJ,111,111,100.00
20,137,871REC28,N9,630,545,86.51
20,138,872MMFSL26,N1,206,205,99.51
20,139,873NTPC28,N5,80,40,50.00
20,140,875IIFL26,NM,19,19,100.00
20,141,875NHAI29,N6,556,556,100.00
20,142,875SFL27,ZF,30,30,100.00
20,143,876HUDCO28,ND,24,24,100.00
20,144,880IREDA34,N6,44,44,100.00
20,145,883GS2041,GS,761,761,100.00
20,146,885TCAPS29,NC,5,5,100.00
20,147,888IRFC29,NE,711,555,78.06
20,148,889SCL26,NS,4,4,100.00
20,149,891IIFCL34,N4,27,27,100.00
20,150,891NTPC33,N6,1075,1075,100.00
20,151,892PFCL33,N8,1165,965,82.83
20,152,894SCL24,ZR,9,9,100.00
20,153,898LTF29,N7,5,5,100.00
20,154,901HUDCO34,NE,247,247,100.00
20,155,905LTF27,NF,60,60,100.00
20,156,905PEL26,N1,50,50,100.00
20,157,905SC24,ZB,20,20,100.00
20,158,905SC24B,Z9,5,5,100.00
20,159,91D031024,TB,2500,2500,100.00
20,160,91D051224,TB,2200,2200,100.00
20,161,91D071124,TB,300,300,100.00
20,162,91D101024,TB,800,800,100.00
20,163,91D151124,TB,200,200,100.00
20,164,91D281124,TB,2600,2600,100.00
20,165,91MOFSL27,N2,121,111,91.74
20,166,921ISFL25,N0,10,10,100.00
20,167,925AEL26,N1,40,40,100.00
20,168,925ICCL24A,NE,5,5,100.00
20,169,925SCFL27,YA,2,2,100.00
20,170,925SCL25C,AR,94,94,100.00
20,171,925SFCL25,AC,8,8,100.00
20,172,92GS2030,GS,1853,1853,100.00
20,173,92ICCL28,ND,10,10,100.00
20,174,930SFL28,YP,38,38,100.00
20,175,932AEL27,N3,61,61,100.00
20,176,93MOFSL34,N6,10,10,100.00
20,177,93SCL24A,ZN,10,0,0.00
20,178,943ECL28,NJ,298,298,100.00
20,179,945IFSL25,N4,31,31,100.00
20,180,948SCL26,N9,154,105,68.18
20,181,948SCL26A,NN,400,400,100.00
20,182,948SCL26I,AX,71,71,100.00
20,183,94SFL28,YL,265,265,100.00
20,184,956AEL29,N6,145,145,100.00
20,185,957ISFL26,N2,62,62,100.00
20,186,957NIDO26,N5,4,2,50.00
20,187,960ISFL25,N1,10,10,100.00
20,188,965AEL27,N4,300,300,100.00
20,189,965IFSL26,N6,23,23,100.00
20,190,965SCL25B,Y1,10,10,100.00
20,191,965SCL25C,N0,1,1,100.00
20,192,965SCL25E,BF,20,20,100.00
20,193,965SCL25F,NZ,1,1,100.00
20,194,965SCL26A,ZB,10,10,100.00
20,195,96IIFL28,N5,236,236,100.00
20,196,96IIFL28A,NF,247,247,100.00
20,197,971SCL28,AN,50,50,100.00
20,198,975NFL25,N0,82,82,100.00
20,199,97SFL29,YZ,50,50,100.00
20,200,985ECL28,NK,130,130,100.00
20,201,985IIFL22,NC,65,65,100.00
20,202,990SCL26,N7,6,0,0.00
20,203,99AEL29,N7,1423,1423,100.00
20,204,99IFCI24,NH,387,386,99.74
20,205,9IIFL28A,NT,222,222,100.00
20,206,9MMFSML,N2,2,2,100.00
20,207,9PCHFL31A,NA,2,1,50.00
20,208,9PEL25,N0,225,200,88.89
20,209,9SCFL25,Y5,20,20,100.00
20,210,9SCL26BA,NA,88,88,100.00
20,211,AAATECH,EQ,75125,44033,58.61
20,212,AADHARHFC,EQ,3160160,1454639,46.03
20,213,AARON,EQ,6782,2014,29.70
20,214,AARTECH,EQ,342276,135396,39.56
20,215,AARTIDRUGS,EQ,206917,92649,44.78
20,216,AARTIIND,EQ,2847427,1316179,46.22
20,217,AARTIPHARM,EQ,356136,159746,44.86
20,218,AARTISURF,EQ,23801,12947,54.40
20,219,AARTISURF,P1,10,10,100.00
20,220,AARVI,EQ,17293,7369,42.61
20,221,AATMAJ,SM,8000,4000,50.00
20,222,AAVAS,EQ,321503,129033,40.13
20,223,ABAN,EQ,334217,245118,73.34
20,224,ABB,EQ,333336,172642,51.79
20,225,ABBOTINDIA,EQ,7831,2857,36.48
20,226,ABCAPITAL,EQ,4047642,1707382,42.18
20,227,ABCOTS,SM,12000,11000,91.67
20,228,ABDL,EQ,1115690,528747,47.39
20,229,ABFRL,EQ,6539028,2417703,36.97
20,230,ABGSEC,EQ,3091,2922,94.53
20,231,ABINFRA,SM,48000,42000,87.50
20,232,ABIN-RE,ST,522500,521500,99.81
20,233,ABSLAMC,EQ,310438,113757,36.64
20,234,ABSLBANETF,EQ,4073495,3373747,82.82
20,235,ABSLLIQUID,EQ,4188,4186,99.95
20,236,ABSLNN50ET,EQ,22305,16962,76.05
20,237,ABSLPSE,EQ,345230,287754,83.35
20,238,ABSMARINE,SM,58000,48000,82.76
20,239,ACC,EQ,425562,265164,62.31
20,240,ACCELYA,EQ,17157,10559,61.54
20,241,ACCENTMIC,SM,88000,65000,73.86
20,242,ACCORD,SM,6000,6000,100.00
20,243,ACE,EQ,324893,134495,41.40
20,244,ACEINTEG,EQ,38915,20313,52.20
20,245,ACI,EQ,270377,138225,51.12
20,246,ACL,EQ,21301,12325,57.86
20,247,ACLGATI,EQ,2724672,1065503,39.11
20,248,ACSAL,SM,12000,12000,100.00
20,249,ADANIENSOL,EQ,4131050,1552695,37.59
20,250,ADANIENT,EQ,1021918,420654,41.16
20,251,ADANIGREEN,EQ,2241165,1236984,55.19
20,252,ADANIPORTS,EQ,1537307,731239,47.57
20,253,ADANIPOWER,EQ,2729439,1144202,41.92
20,254,ADFFOODS,EQ,277956,118793,42.74
20,255,ADORWELD,EQ,11885,6174,51.95
20,256,ADROITINFO,EQ,73653,50100,68.02
20,257,ADROITPP1,E1,11811,7983,67.59
20,258,ADSL,EQ,783931,391286,49.91
20,259,ADVANIHOTR,EQ,280585,110338,39.32
20,260,ADVENZYMES,EQ,214412,68495,31.95
20,261,AEGISLOG,EQ,159705,107298,67.19
20,262,AEL120924,N2,15,15,100.00
20,263,AEROFLEX,EQ,815909,417928,51.22
20,264,AERON,SM,113000,85000,75.22
20,265,AESTHETIK,SM,190000,118000,62.11
20,266,AETHER,EQ,167713,41527,24.76
20,267,AFFLE,EQ,191485,109139,57.00
20,268,AFIL,EQ,90251,39010,43.22
20,269,AGARIND,EQ,31439,16666,53.01
20,270,AGARWALFT,ST,21000,21000,100.00
20,271,AGI,EQ,207128,100178,48.37
20,272,AGIIL,EQ,2307,1618,70.13
20,273,AGNI,SM,72500,50000,68.97
20,274,AGRITECH,EQ,9991,6066,60.71
20,275,AGROPHOS,EQ,65773,33297,50.62
20,276,AGSTRA,EQ,402924,210488,52.24
20,277,AGUL,SM,44000,36000,81.82
20,278,AHL,EQ,473125,238652,50.44
20,279,AHLADA,EQ,35335,14255,40.34
20,280,AHLEAST,EQ,6470,5102,78.86
20,281,AHLUCONT,EQ,60773,27121,44.63
20,282,AIAENG,EQ,51987,19525,37.56
20,283,AIIL,EQ,64835,35425,54.64
20,284,AILIMITED,ST,9000,9000,100.00
20,285,AIMTRON,ST,100000,96800,96.80
20,286,AIROLAM,EQ,9431,3323,35.23
20,287,AIRTELPP,E1,1031160,926850,89.88
20,288,AISL,SM,45600,33600,73.68
20,289,AJANTPHARM,EQ,215614,118503,54.96
20,290,AJMERA,EQ,125015,49153,39.32
20,291,AKANKSHA,ST,42000,42000,100.00
20,292,AKASH,EQ,53493,25125,46.97
20,293,AKG,EQ,93483,75353,80.61
20,294,AKI,EQ,119526,30912,25.86
20,295,AKIKO,SM,6400,4800,75.00
20,296,AKSHARCHEM,EQ,5434,3147,57.91
20,297,AKSHOPTFBR,EQ,183358,136692,74.55
20,298,AKUMS,EQ,180090,131228,72.87
20,299,AKZOINDIA,EQ,4766,2363,49.58
20,300,ALANKIT,EQ,1189824,525203,44.14
20,301,ALEMBICLTD,EQ,696670,354643,50.91
20,302,ALICON,EQ,225494,43975,19.50
20,303,ALKALI,EQ,15391,9953,64.67
20,304,ALKEM,EQ,215635,138426,64.19
20,305,ALKYLAMINE,EQ,182810,59854,32.74
20,306,ALLCARGO,EQ,3794474,1617466,42.63
20,307,ALLETEC,SM,25600,18800,73.44
20,308,ALLSEC,EQ,19530,8450,43.27
20,309,ALOKINDS,EQ,7212923,2226874,30.87
20,310,ALPA,EQ,102044,47293,46.35
20,311,ALPEXSOLAR,ST,38800,34800,89.69
20,312,ALPHA,EQ,3295901,2685853,81.49
20,313,ALPHAETF,EQ,1404007,1147127,81.70
20,314,ALPL30IETF,EQ,985553,547870,55.59
20,315,ALUWIND,ST,24000,21000,87.50
20,316,AMBER,EQ,3055636,379658,12.42
20,317,AMBEY,SM,42000,28000,66.67
20,318,AMBICAAGAR,EQ,44143,20836,47.20
20,319,AMBIKCO,EQ,9774,4729,48.38
20,320,AMBUJACEM,EQ,1309122,734840,56.13
20,321,AMDIND,EQ,22062,14529,65.86
20,322,AMEYA,SM,20000,10000,50.00
20,323,AMIABLE,SM,3200,3200,100.00
20,324,AMIORG,EQ,311726,165231,53.01
20,325,AMJUMBO,SM,24000,8000,33.33
20,326,AMNPLST,EQ,10837,6794,62.69
20,327,AMRUTANJAN,EQ,26073,12060,46.25
20,328,ANANDRATHI,EQ,58780,42396,72.13
20,329,ANANTRAJ,EQ,1178551,597391,50.69
20,330,ANDHRAPAP,EQ,184781,123723,66.96
20,331,ANDHRSUGAR,EQ,119529,52065,43.56
20,332,ANGELONE,EQ,505213,176476,34.93
20,333,ANLON,ST,7600,7600,100.00
20,334,ANNAPURNA,SM,232500,204500,87.96
20,335,ANUP,EQ,19738,10709,54.26
20,336,ANURAS,EQ,60198,30565,50.77
20,337,APARINDS,EQ,66353,24232,36.52
20,338,APCL,EQ,14796,7802,52.73
20,339,APCOTEXIND,EQ,16526,9629,58.27
20,340,APEX,EQ,65630,36016,54.88
20,341,APLAPOLLO,EQ,713409,436978,61.25
20,342,APLLTD,EQ,116870,45615,39.03
20,343,APOLLO,EQ,1115545,559946,50.19
20,344,APOLLOHOSP,EQ,333949,217556,65.15
20,345,APOLLOPIPE,EQ,112628,47884,42.52
20,346,APOLLOTYRE,EQ,1633423,659954,40.40
20,347,APOLSINHOT,EQ,88731,49553,55.85
20,348,APRAMEYA,SM,8000,6000,75.00
20,349,APS,ST,21500,19000,88.37
20,350,APTECHT,EQ,167801,99732,59.43
20,351,APTUS,EQ,1343795,617942,45.98
20,352,ARABIAN,SM,14000,12000,85.71
20,353,ARCHIES,EQ,106968,58566,54.75
20,354,ARE&M,EQ,395231,264486,66.92
20,355,ARHAM,SM,182000,111000,60.99
20,356,ARIES,EQ,55483,29312,52.83
20,357,ARIHANTACA,SM,4000,3200,80.00
20,358,ARIHANTCAP,EQ,603686,290145,48.06
20,359,ARIHANTSUP,EQ,303028,105510,34.82
20,360,ARISTO,SM,195200,153600,78.69
20,361,ARKADE,EQ,48758917,16460390,33.76
20,362,ARMANFIN,EQ,36143,18499,51.18
20,363,AROGRANITE,EQ,62302,32933,52.86
20,364,ARROWGREEN,EQ,63220,36671,58.01
20,365,ARTEMISMED,EQ,162483,124658,76.72
20,366,ARVIND,EQ,178723,81418,45.56
20,367,ARVINDFASN,EQ,731983,379998,51.91
20,368,ARVSMART,EQ,1945120,412130,21.19
20,369,ASAHIINDIA,EQ,600032,110965,18.49
20,370,ASAL,EQ,24287,14068,57.92
20,371,ASALCBR,EQ,45267,24147,53.34
20,372,ASHALOG,SM,17000,16000,94.12
20,373,ASHAPURMIN,EQ,205569,117686,57.25
20,374,ASHIANA,EQ,33027,14434,43.70
20,375,ASHOKA,EQ,2759857,852470,30.89
20,376,ASHOKAMET,EQ,94838,63733,67.20
20,377,ASHOKLEY,EQ,6102544,3235662,53.02
20,378,ASIANENE,EQ,255601,136740,53.50
20,379,ASIANHOTNR,EQ,2801,1686,60.19
20,380,ASIANPAINT,EQ,1057933,704234,66.57
20,381,ASIANTILES,EQ,2483602,1231939,49.60
20,382,ASKAUTOLTD,EQ,433035,172850,39.92
20,383,ASLIND,SM,6000,6000,100.00
20,384,ASMS,EQ,1188492,660817,55.60
20,385,ASPINWALL,EQ,9433,5585,59.21
20,386,ASPIRE,SM,36000,36000,100.00
20,387,ASTEC,EQ,193782,119667,61.75
20,388,ASTERDM,EQ,621913,400606,64.42
20,389,ASTRAL,EQ,1238922,758044,61.19
20,390,ASTRAMICRO,EQ,197708,92092,46.58
20,391,ASTRAZEN,EQ,1598702,54782,3.43
20,392,ASTRON,EQ,76606,52958,69.13
20,393,ATAM,EQ,75327,30460,40.44
20,394,ATFL,EQ,42518,19806,46.58
20,395,ATGL,EQ,1515034,516678,34.10
20,396,ATL,EQ,541700,275947,50.94
20,397,ATMASTCO,ST,36800,32000,86.96
20,398,ATUL,EQ,32742,11854,36.20
20,399,AUBANK,EQ,1678368,788324,46.97
20,400,AURDIS,SM,3000,3000,100.00
20,401,AURIONPRO,EQ,67092,41046,61.18
20,402,AUROIMPEX,SM,52800,38400,72.73
20,403,AUROPHARMA,EQ,1153620,797030,69.09
20,404,AURUMPP1,X1,6924,6125,88.46
20,405,AUSL,ST,98000,86000,87.76
20,406,AUTOAXLES,EQ,10921,6088,55.75
20,407,AUTOBEES,EQ,231575,125856,54.35
20,408,AUTOIETF,EQ,596463,367867,61.67
20,409,AUTOIND,EQ,125580,62610,49.86
20,410,AVADHSUGAR,EQ,88469,25940,29.32
20,411,AVALON,EQ,3157008,621577,19.69
20,412,AVANTEL,EQ,356816,226221,63.40
20,413,AVANTIFEED,EQ,481847,183958,38.18
20,414,AVG,EQ,46132,22675,49.15
20,415,AVPINFRA,SM,60800,48000,78.95
20,416,AVTNPL,EQ,173277,104587,60.36
20,417,AWFIS,EQ,115538,47696,41.28
20,418,AWHCL,EQ,144204,92108,63.87
20,419,AWL,EQ,1027612,560327,54.53
20,420,AXISBANK,EQ,9225946,6263453,67.89
20,421,AXISBNKETF,EQ,2764,1840,66.57
20,422,AXISBPSETF,EQ,71531,48373,67.63
20,423,AXISCADES,EQ,195289,88636,45.39
20,424,AXISCETF,EQ,3346,2115,63.21
20,425,AXISGOLD,EQ,156688,98010,62.55
20,426,AXISHCETF,EQ,2328,2146,92.18
20,427,AXISILVER,EQ,18912,10185,53.85
20,428,AXISNIFTY,EQ,1870,1411,75.45
20,429,AXISTECETF,EQ,5701,4463,78.28
20,430,AXITA,EQ,6548483,1961695,29.96
20,431,AXSENSEX,EQ,971,801,82.49
20,432,AZAD,EQ,103111,47811,46.37
20,433,BABAFP,SM,25600,20800,81.25
20,434,BAGFILMS,EQ,391524,206904,52.85
20,435,BAHETI,SM,27750,23250,83.78
20,436,BAJAJ-AUTO,EQ,503848,231949,46.04
20,437,BAJAJCON,EQ,262729,148347,56.46
20,438,BAJAJELEC,EQ,51860,31161,60.09
20,439,BAJAJFINSV,EQ,1461016,661941,45.31
20,440,BAJAJHCARE,EQ,203848,96789,47.48
20,441,BAJAJHFL,EQ,27382743,13634596,49.79
20,442,BAJAJHIND,EQ,24490957,10263497,41.91
20,443,BAJAJHLDNG,EQ,67183,29869,44.46
20,444,BAJEL,EQ,132850,73354,55.22
20,445,BAJFINANCE,EQ,1069540,489445,45.76
20,446,BALAMINES,EQ,103014,31379,30.46
20,447,BALAXI,EQ,27473,15884,57.82
20,448,BALCO,SM,13200,10800,81.82
20,449,BALKRISHNA,EQ,741174,388523,52.42
20,450,BALKRISIND,EQ,219838,151337,68.84
20,451,BALMLAWRIE,EQ,217721,112095,51.49
20,452,BALRAMCHIN,EQ,1989664,694814,34.92
20,453,BALUFORGE,EQ,3908184,1486187,38.03
20,454,BANARBEADS,EQ,18103,8433,46.58
20,455,BANARISUG,EQ,10429,7358,70.55
20,456,BANCOINDIA,EQ,53194,21695,40.78
20,457,BANDHANBNK,EQ,10255743,4294037,41.87
20,458,BANG,EQ,19465,14606,75.04
20,459,BANKA,EQ,38516,23723,61.59
20,460,BANKBARODA,EQ,10357559,4283115,41.35
20,461,BANKBEES,EQ,1126529,906452,80.46
20,462,BANKBETF,EQ,19559,14431,73.78
20,463,BANKETF,EQ,7974,7441,93.32
20,464,BANKETFADD,EQ,16135,15707,97.35
20,465,BANKIETF,EQ,4721753,3478603,73.67
20,466,BANKINDIA,EQ,4405905,2217959,50.34
20,467,BANKNIFTY1,EQ,368310,345692,93.86
20,468,BANSALWIRE,EQ,435640,208519,47.86
20,469,BANSWRAS,EQ,39515,26314,66.59
20,470,BARBEQUE,EQ,54118,31879,58.91
20,471,BASF,EQ,7613,4303,56.52
20,472,BASILIC,ST,26100,25500,97.70
20,473,BATAINDIA,EQ,217070,126621,58.33
20,474,BAWEJA,SM,9600,8000,83.33
20,475,BAYERCROP,EQ,21984,11763,53.51
20,476,BBETF0432,EQ,509,477,93.71
20,477,BBL,EQ,9556,4953,51.83
20,478,BBNPNBETF,EQ,1723,1090,63.26
20,479,BBNPPGOLD,EQ,630,346,54.92
20,480,BBTC,EQ,266782,45132,16.92
20,481,BBTCL,EQ,6025,3086,51.22
20,482,BCLIND,EQ,4684676,2346724,50.09
20,483,BCONCEPTS,EQ,10450,4956,47.43
20,484,BDL,EQ,720477,379045,52.61
20,485,BEACON,SM,120000,88000,73.33
20,486,BEARDSELL,EQ,130205,35710,27.43
20,487,BECTORFOOD,EQ,311509,130366,41.85
20,488,BEDMUTHA,EQ,20606,11471,55.67
20,489,BEL,EQ,25346532,14185158,55.96
20,490,BEML,EQ,112803,30717,27.23
20,491,BEPL,EQ,1466174,648516,44.23
20,492,BERGEPAINT,EQ,763937,461368,60.39
20,493,BESTAGRO,EQ,36615,21040,57.46
20,494,BETA,SM,3800,3100,81.58
20,495,BEWLTD,SM,500,500,100.00
20,496,BFINVEST,EQ,493771,114114,23.11
20,497,BFSI,EQ,311473,229111,73.56
20,498,BFUTILITIE,EQ,3568745,859507,24.08
20,499,BHAGCHEM,EQ,67103,35191,52.44
20,500,BHAGERIA,EQ,61655,25242,40.94
20,501,BHAGYANGR,EQ,45527,25056,55.04
20,502,BHANDARI,EQ,1005245,547381,54.45
20,503,BHARATFORG,EQ,1095753,650956,59.41
20,504,BHARATGEAR,EQ,14135,10466,74.04
20,505,BHARATRAS,EQ,4467,1601,35.84
20,506,BHARATWIRE,EQ,128919,70207,54.46
20,507,BHARTIARTL,EQ,7579205,5320327,70.20
20,508,BHARTIHEXA,EQ,916990,582095,63.48
20,509,BHEL,EQ,21252167,7943581,37.38
20,510,BHINVIT,IV,61888,44465,71.85
20,511,BIGBLOC,EQ,135069,67680,50.11
20,512,BIKAJI,EQ,628684,157091,24.99
20,513,BIL,EQ,19996,17129,85.66
20,514,BIOCON,EQ,4468287,2070419,46.34
20,515,BIOFILCHEM,EQ,104122,71194,68.38
20,516,BIRDYS,ST,4800,4800,100.00
20,517,BIRET,RR,170539,142857,83.77
20,518,BIRLACABLE,EQ,57094,24842,43.51
20,519,BIRLACORPN,EQ,119248,84968,71.25
20,520,BLAL,EQ,154549,76552,49.53
20,521,BLISSGVS,EQ,2401485,783912,32.64
20,522,BLKASHYAP,EQ,724419,454172,62.69
20,523,BLS,EQ,3803257,1741620,45.79
20,524,BLSE,EQ,548096,332643,60.69
20,525,BLUEDART,EQ,15117,6512,43.08
20,526,BLUEJET,EQ,280977,139515,49.65
20,527,BLUEPEBBLE,SM,36800,21600,58.70
20,528,BLUESTARCO,EQ,422372,199688,47.28
20,529,BMETRICS,SM,31200,22000,70.51
20,530,BODALCHEM,EQ,582316,306083,52.56
20,531,BOMDYEING,EQ,1751164,654261,37.36
20,532,BOROLTD,EQ,132802,67274,50.66
20,533,BORORENEW,EQ,152212,75086,49.33
20,534,BOROSCI,EQ,147288,59985,40.73
20,535,BOSCHLTD,EQ,40922,10735,26.23
20,536,BOSS,SM,160000,64000,40.00
20,537,BPCL,EQ,7068491,3057915,43.26
20,538,BRACEPORT,SM,28800,20800,72.22
20,539,BRIGADE,EQ,431447,355331,82.36
20,540,BRITANNIA,EQ,234706,111709,47.60
20,541,BRNL,EQ,109710,38004,34.64
20,542,BSE,EQ,2446010,522143,21.35
20,543,BSE500IETF,EQ,306121,244969,80.02
20,544,BSHSL,EQ,20767,14802,71.28
20,545,BSL,EQ,29256,16114,55.08
20,546,BSLGOLDETF,EQ,332667,316187,95.05
20,547,BSLNIFTY,EQ,297343,190532,64.08
20,548,BSLSENETFG,EQ,1804,1626,90.13
20,549,BSOFT,EQ,1909097,683995,35.83
20,550,BULKCORP,SM,10800,10800,100.00
20,551,BUTTERFLY,EQ,52356,20210,38.60
20,552,BVCL,EQ,111110,65965,59.37
20,553,CADSYS,SM,5000,4000,80.00
20,554,CAGL24,N2,24,24,100.00
20,555,CAGL25,N8,50,50,100.00
20,556,CAGL27A,N6,27,27,100.00
20,557,CAGL28,NE,100,100,100.00
20,558,CAMLINFINE,EQ,285463,148294,51.95
20,559,CAMPUS,EQ,813807,342550,42.09
20,560,CAMS,EQ,234978,91184,38.81
20,561,CANARYS,ST,44000,40000,90.91
20,562,CANBK,EQ,28379404,13288415,46.82
20,563,CANFINHOME,EQ,490770,198545,40.46
20,564,CANTABIL,EQ,102525,45184,44.07
20,565,CAPACITE,EQ,2107721,615017,29.18
20,566,CAPITALSFB,EQ,142452,88455,62.09
20,567,CAPLIPOINT,EQ,148105,53492,36.12
20,568,CARBORUNIV,EQ,238097,212453,89.23
20,569,CARERATING,EQ,137672,59171,42.98
20,570,CARTRADE,EQ,6542702,4363087,66.69
20,571,CARYSIL,EQ,50210,23140,46.09
20,572,CASTROLIND,EQ,3133536,1120747,35.77
20,573,CBAZAAR,SM,24000,24000,100.00
20,574,CCL,EQ,304031,225589,74.20
20,575,CDSL,EQ,2258903,900903,39.88
20,576,CEATLTD,EQ,203956,91229,44.73
20,577,CEIGALL,EQ,586214,215194,36.71
20,578,CELEBRITY,EQ,224062,109731,48.97
20,579,CELLECOR,SM,2760000,1242000,45.00
20,580,CELLO,EQ,70652,40569,57.42
20,581,CELLPOINT,SM,12000,8400,70.00
20,582,CENTENKA,EQ,37562,21171,56.36
20,583,CENTRALBK,EQ,5114105,2146366,41.97
20,584,CENTRUM,EQ,522874,303442,58.03
20,585,CENTUM,EQ,113156,29722,26.27
20,586,CENTURYPLY,EQ,179573,66572,37.07
20,587,CENTURYTEX,EQ,221379,88285,39.88
20,588,CERA,EQ,14294,6534,45.71
20,589,CESC,EQ,11714046,3494635,29.83
20,590,CGCL,EQ,129674,76411,58.93
20,591,CGPOWER,EQ,3856352,1536890,39.85
20,592,CGRAPHICS,SM,16000,12800,80.00
20,593,CHALET,EQ,669186,157978,23.61
20,594,CHAMBLFERT,EQ,2478889,763712,30.81
20,595,CHAVDA,SM,94000,66000,70.21
20,596,CHEMBOND,EQ,9025,4785,53.02
20,597,CHEMCON,EQ,92692,45066,48.62
20,598,CHEMFAB,EQ,81966,41672,50.84
20,599,CHEMPLASTS,EQ,53576,27156,50.69
20,600,CHENNPETRO,EQ,312745,142693,45.63
20,601,CHETANA,SM,129600,88000,67.90
20,602,CHEVIOT,EQ,2760,1447,52.43
20,603,CHOICEIN,EQ,890977,194578,21.84
20,604,CHOLAFIN,EQ,1041776,512970,49.24
20,605,CHOLAHLDNG,EQ,85147,46050,54.08
20,606,CIEINDIA,EQ,214516,116382,54.25
20,607,CIFCZC25,ND,50,50,100.00
20,608,CIGNITITEC,EQ,67766,52607,77.63
20,609,CINELINE,EQ,12387,7056,56.96
20,610,CIPLA,EQ,1476260,894437,60.59
20,611,CLEAN,EQ,127551,82572,64.74
20,612,CLOUD,ST,115000,98000,85.22
20,613,CLSEL,EQ,3961375,777923,19.64
20,614,CLSL,SM,38000,24000,63.16
20,615,CMMIPL,ST,66000,60000,90.91
20,616,CMNL,SM,79500,61500,77.36
20,617,CMRSL,SM,5600,4800,85.71
20,618,CMSINFO,EQ,295403,154249,52.22
20,619,COALINDIA,EQ,7306001,2996430,41.01
20,620,COASTCORP,EQ,21399,13472,62.96
20,621,COCHINSHIP,EQ,883255,377860,42.78
20,622,COFORGE,EQ,300789,138052,45.90
20,623,COLPAL,EQ,756725,608222,80.38
20,624,COMMITTED,SM,12800,9600,75.00
20,625,COMMOIETF,EQ,139278,118210,84.87
20,626,COMPUSOFT,EQ,380794,140576,36.92
20,627,COMSYN,EQ,45948,26929,58.61
20,628,CONCOR,EQ,1574531,771160,48.98
20,629,CONCORDBIO,EQ,345040,124958,36.22
20,630,CONFIPET,EQ,1521019,816961,53.71
20,631,CONS,EQ,5599,4226,75.48
20,632,CONSOFINVT,EQ,14954,8925,59.68
20,633,CONSUMBEES,EQ,161590,123010,76.12
20,634,CONSUMIETF,EQ,46172,24418,52.88
20,635,CONTI,ST,19998,19998,100.00
20,636,CONTROLPR,EQ,21756,13511,62.10
20,637,COOLCAPS,SM,17250,13250,76.81
20,638,COROMANDEL,EQ,239688,133864,55.85
20,639,COSMOFIRST,EQ,122481,61065,49.86
20,640,CPS,SM,33600,30600,91.07
20,641,CPSEETF,EQ,6073910,5185697,85.38
20,642,CRAFTSMAN,EQ,45093,18339,40.67
20,643,CRAYONS,SM,79000,67000,84.81
20,644,CREATIVE,EQ,26518,16260,61.32
20,645,CREATIVEYE,EQ,35021,20615,58.86
20,646,CREDITACC,EQ,215281,132018,61.32
20,647,CREST,EQ,216592,115357,53.26
20,648,CRISIL,EQ,27453,15689,57.15
20,649,CROMPTON,EQ,3041423,1848420,60.77
20,650,CSBBANK,EQ,218268,156017,71.48
20,651,CSLFINANCE,EQ,16046,11170,69.61
20,652,CUB,EQ,1320450,608249,46.06
20,653,CUBEXTUB,EQ,22507,18682,83.01
20,654,CUMMINSIND,EQ,403762,242885,60.16
20,655,CYBERMEDIA,EQ,474298,194186,40.94
20,656,CYIENT,EQ,359140,218435,60.82
20,657,CYIENTDLM,EQ,180424,97473,54.02
20,658,DABUR,EQ,1881683,973576,51.74
20,659,DALBHARAT,EQ,523938,322429,61.54
20,660,DALMIASUG,EQ,324809,104366,32.13
20,661,DAMODARIND,EQ,18802,14175,75.39
20,662,DANGEE,EQ,734868,265904,36.18
20,663,DATAMATICS,EQ,147933,55151,37.28
20,664,DATAPATTNS,EQ,217362,111936,51.50
20,665,DAVANGERE,EQ,3418430,1529333,44.74
20,666,DBCORP,EQ,421105,196654,46.70
20,667,DBL,EQ,427431,200742,46.96
20,668,DBOL,EQ,308562,135632,43.96
20,669,DBREALTY,EQ,1304463,783612,60.07
20,670,DBSTOCKBRO,EQ,34607,23485,67.86
20,671,DCAL,EQ,486595,255603,52.53
20,672,DCBBANK,EQ,3210315,1870985,58.28
20,673,DCG,ST,66000,62400,94.55
20,674,DCMSHRIRAM,EQ,51257,29479,57.51
20,675,DCMSRIND,EQ,145610,84052,57.72
20,676,DCW,EQ,4048696,1052000,25.98
20,677,DECCANCE,EQ,24188,15666,64.77
20,678,DECCANTRAN,ST,2462400,2460000,99.90
20,679,DEEDEV,EQ,994385,549126,55.22
20,680,DEEM,SM,20000,17000,85.00
20,681,DEEPAKFERT,EQ,1265040,436519,34.51
20,682,DEEPAKNTR,EQ,147717,46302,31.35
20,683,DEEPINDS,EQ,416587,195940,47.03
20,684,DELAPLEX,SM,7800,6000,76.92
20,685,DELHIVERY,EQ,785765,510502,64.97
20,686,DELTACORP,EQ,1465651,764351,52.15
20,687,DELTAMAGNT,EQ,15082,6196,41.08
20,688,DEN,EQ,1646811,765348,46.47
20,689,DENEERS,SM,307800,287400,93.37
20,690,DENORA,EQ,8468,5744,67.83
20,691,DENTALKART,SM,13000,8250,63.46
20,692,DESTINY,ST,27000,27000,100.00
20,693,DEVIT,EQ,25349,13657,53.88
20,694,DEVYANI,EQ,5949763,2614360,43.94
20,695,DHAMPURSUG,EQ,408445,189320,46.35
20,696,DHANBANK,EQ,516223,323105,62.59
20,697,DHANI,EQ,1600667,651620,40.71
20,698,DHANUKA,EQ,108756,44027,40.48
20,699,DHARIWAL,SM,27600,26400,95.65
20,700,DHARMAJ,EQ,60840,39855,65.51
20,701,DHTL,ST,5600,4800,85.71
20,702,DHUNINV,EQ,4550,1927,42.35
20,703,DIAMINESQ,EQ,10545,7029,66.66
20,704,DIAMONDYD,EQ,119024,63600,53.43
20,705,DIGIKORE,ST,24000,24000,100.00
20,706,DIL,EQ,967633,724608,74.88
20,707,DISHTV,EQ,5470992,2297513,41.99
20,708,DIVGIITTS,EQ,14678,9747,66.41
20,709,DIVISLAB,EQ,515534,245412,47.60
20,710,DIVOPPBEES,EQ,48730,34309,70.41
20,711,DIXON,EQ,505840,155295,30.70
20,712,DKEGL,SM,4500,3000,66.67
20,713,DLF,EQ,5638566,2969934,52.67
20,714,DLINKINDIA,EQ,146602,67585,46.10
20,715,DLSL25,NW,1,1,100.00
20,716,DMART,EQ,672936,254727,37.85
20,717,DMCC,EQ,12521,9430,75.31
20,718,DODLA,EQ,15764,8199,52.01
20,719,DOLATALGO,EQ,1057862,570311,53.91
20,720,DOLLAR,EQ,62695,44601,71.14
20,721,DOLLEX,SM,276000,256000,92.75
20,722,DOMS,EQ,47694,23230,48.71
20,723,DPABHUSHAN,EQ,80032,18400,22.99
20,724,DPEL,SM,45000,30000,66.67
20,725,DPSCLTD,EQ,342536,198777,58.03
20,726,DPWIRES,EQ,29666,13526,45.59
20,727,DREAMFOLKS,EQ,191403,109000,56.95
20,728,DRL,SM,6000,6000,100.00
20,729,DRONE,ST,42000,39000,92.86
20,730,DRREDDY,EQ,392420,242145,61.71
20,731,DRSDILIP,SM,84800,83200,98.11
20,732,DSSL,EQ,30308,17834,58.84
20,733,DTIL,EQ,21413,15862,74.08
20,734,DTL,SM,8400,6000,71.43
20,735,DUCOL,ST,23200,15200,65.52
20,736,DUGLOBAL,SM,105000,77500,73.81
20,737,DURLAX,SM,78000,48000,61.54
20,738,DVL,EQ,319088,103797,32.53
20,739,DWARKESH,EQ,857821,328765,38.33
20,740,DYCL,EQ,79567,36799,46.25
20,741,DYNAMATECH,EQ,5499,2601,47.30
20,742,DYNAMIC,SM,24000,19000,79.17
20,743,EASEMYTRIP,EQ,8188900,3405986,41.59
20,744,EBANKNIFTY,EQ,3480,1829,52.56
20,745,EBBETF0425,EQ,6564,5648,86.05
20,746,EBBETF0430,EQ,3695,2388,64.63
20,747,EBBETF0431,EQ,26173,24930,95.25
20,748,EBBETF0433,EQ,3197,2464,77.07
20,749,ECLERX,EQ,71210,27240,38.25
20,750,ECOSMOBLTY,EQ,585324,161841,27.65
20,751,EDELWEISS,EQ,5695350,2042847,35.87
20,752,EFACTOR,SM,8800,6400,72.73
20,753,EFFWA,SM,148800,83200,55.91
20,754,EFORCE,SM,45600,37200,81.58
20,755,EGOLD,EQ,3907,3773,96.57
20,756,EICHERMOT,EQ,481696,318088,66.04
20,757,EIDPARRY,EQ,449855,169852,37.76
20,758,EIHAHOTELS,EQ,22696,11649,51.33
20,759,EIHOTEL,EQ,433381,231408,53.40
20,760,EKC,EQ,743546,325631,43.79
20,761,ELDEHSG,EQ,1091,775,71.04
20,762,ELECON,EQ,432258,227120,52.54
20,763,ELECTCAST,EQ,1306300,712005,54.51
20,764,ELGIEQUIP,EQ,170822,80574,47.17
20,765,ELIN,EQ,236370,104068,44.03
20,766,EMAMILTD,EQ,488122,313532,64.23
20,767,EMAMIPAP,EQ,63289,36562,57.77
20,768,EMBASSY,RR,997798,934570,93.66
20,769,EMBDL,EQ,3526416,1314944,37.29
20,770,EMCURE,EQ,56568,31691,56.02
20,771,EMIL,EQ,335925,164254,48.90
20,772,EMKAYTOOLS,SM,2700,2700,100.00
20,773,EMMBI,EQ,84425,34691,41.09
20,774,EMMIL,SM,13000,11000,84.62
20,775,EMSLIMITED,EQ,174624,75666,43.33
20,776,EMUDHRA,EQ,103064,49113,47.65
20,777,ENDURANCE,EQ,175496,138708,79.04
20,778,ENFUSE,ST,9600,9600,100.00
20,779,ENGINERSIN,EQ,3890263,1356808,34.88
20,780,ENIL,EQ,33828,20199,59.71
20,781,ENSER,SM,12000,12000,100.00
20,782,ENTERO,EQ,60671,34759,57.29
20,783,ENVIRO,ST,976000,976000,100.00
20,784,EPACK,EQ,1392407,625678,44.93
20,785,EPIGRAL,EQ,1259101,195275,15.51
20,786,EPL,EQ,862844,452482,52.44
20,787,EQUAL50ADD,EQ,9349,7530,80.54
20,788,EQUITASBNK,EQ,2294270,1293324,56.37
20,789,ERIS,EQ,278889,200178,71.78
20,790,EROSMEDIA,EQ,107051,70735,66.08
20,791,ESABINDIA,EQ,8213,5417,65.96
20,792,ESAFSFB,EQ,1455512,982862,67.53
20,793,ESCONET,ST,208000,198400,95.38
20,794,ESCORTS,EQ,930475,260100,27.95
20,795,ESFL,SM,248400,162000,65.22
20,796,ESG,EQ,48472,40518,83.59
20,797,ESILVER,EQ,83956,82026,97.70
20,798,ESPRIT,SM,20800,17600,84.62
20,799,ESSENTIA,EQ,5761066,3761939,65.30
20,800,ESTER,EQ,398745,211347,53.00
20,801,ETHOSLTD,EQ,68928,35995,52.22
20,802,EUREKAFORB,EQ,266921,140389,52.60
20,803,EUROBOND,SM,12000,12000,100.00
20,804,EUROTEXIND,EQ,8955,7086,79.13
20,805,EVEREADY,EQ,1709036,396989,23.23
20,806,EVERESTIND,EQ,8561,5337,62.34
20,807,EVINDIA,EQ,466063,385802,82.78
20,808,EXCEL,EQ,10523530,6032698,57.33
20,809,EXCELINDUS,EQ,20880,9299,44.54
20,810,EXCELLENT,ST,248000,238400,96.13
20,811,EXIDEIND,EQ,2211052,1215723,54.98
20,812,EXPLEOSOL,EQ,9448,5266,55.74
20,813,EXXARO,EQ,5200489,1532047,29.46
20,814,FACT,EQ,214980,47844,22.26
20,815,FAIRCHEMOR,EQ,13489,8989,66.64
20,816,FALCONTECH,SM,14400,10800,75.00
20,817,FAZE3Q,EQ,8615,4547,52.78
20,818,FCL,EQ,1359119,392785,28.90
20,819,FCSSOFT,EQ,3835685,2100888,54.77
20,820,FDC,EQ,258130,110200,42.69
20,821,FEDERALBNK,EQ,8541648,3898742,45.64
20,822,FEDFINA,EQ,495679,259749,52.40
20,823,FELIX,SM,159500,85000,53.29
20,824,FIDEL,SM,29000,25000,86.21
20,825,FIEMIND,EQ,34403,19560,56.86
20,826,FILATEX,EQ,2020565,643218,31.83
20,827,FINCABLES,EQ,563248,150671,26.75
20,828,FINEORG,EQ,14373,6441,44.81
20,829,FINIETF,EQ,487278,408208,83.77
20,830,FINOPB,EQ,141959,74046,52.16
20,831,FINPIPE,EQ,539114,313236,58.10
20,832,FIRSTCRY,EQ,647755,384423,59.35
20,833,FIVESTAR,EQ,732819,347848,47.47
20,834,FLAIR,EQ,48720,28560,58.62
20,835,FLUOROCHEM,EQ,180349,95071,52.72
20,836,FMCGIETF,EQ,533027,441004,82.74
20,837,FMGOETZE,EQ,63659,41229,64.77
20,838,FOCE,SM,200,200,100.00
20,839,FONEBOX,SM,2000,2000,100.00
20,840,FOODSIN,EQ,493825,299063,60.56
20,841,FORCAS,SM,76800,62400,81.25
20,842,FORCEMOT,EQ,22363,8922,39.90
20,843,FORTIS,EQ,1568505,1139943,72.68
20,844,FOSECOIND,EQ,4996,2466,49.36
20,845,FROG,SM,31600,18800,59.49
20,846,FSL,EQ,31733865,4520584,14.25
20,847,FUSION,EQ,4096360,1604539,39.17
20,848,GABRIEL,EQ,141399,58736,41.54
20,849,GAEL,EQ,1678699,688348,41.00
20,850,GAIL,EQ,13952725,7595635,54.44
20,851,GAJANAND,ST,672000,666000,99.11
20,852,GALAPREC,EQ,110481,68950,62.41
20,853,GALAXYSURF,EQ,19445,9015,46.36
20,854,GANDHAR,EQ,209828,95936,45.72
20,855,GANDHITUBE,EQ,30525,10164,33.30
20,856,GANECOS,EQ,45886,16591,36.16
20,857,GANESHBE,EQ,65985,40980,62.11
20,858,GANESHHOUC,EQ,125649,69497,55.31
20,859,GANGAFORGE,EQ,474027,285267,60.18
20,860,GANGESSECU,EQ,27178,15693,57.74
20,861,GARFIBRES,EQ,20659,6673,32.30
20,862,GATECH,EQ,15112011,8765048,58.00
20,863,GATEWAY,EQ,1274900,1016630,79.74
20,864,GEECEE,EQ,972301,256667,26.40
20,865,GENESYS,EQ,123728,53361,43.13
20,866,GENSOL,EQ,137232,79339,57.81
20,867,GENUSPAPER,EQ,1096595,467565,42.64
20,868,GENUSPOWER,EQ,617335,378251,61.27
20,869,GEOJITFSL,EQ,915613,352342,38.48
20,870,GESHIP,EQ,354710,227057,64.01
20,871,GFLLIMITED,EQ,110021,57463,52.23
20,872,GGBL,SM,136200,69000,50.66
20,873,GHCL,EQ,244324,128728,52.69
20,874,GHCLTEXTIL,EQ,246237,115294,46.82
20,875,GICHSGFIN,EQ,207077,96140,46.43
20,876,GICL,SM,78000,57000,73.08
20,877,GICRE,EQ,568987,309986,54.48
20,878,GILLANDERS,EQ,10349,8289,80.09
20,879,GILLETTE,EQ,12337,5896,47.79
20,880,GILT5YBEES,EQ,366430,274426,74.89
20,881,GINNIFILA,EQ,35134,24231,68.97
20,882,GIPCL,EQ,468128,240785,51.44
20,883,GIRIRAJ,SM,500,500,100.00
20,884,GKWLIMITED,EQ,945,724,76.61
20,885,GLAND,EQ,169169,114296,67.56
20,886,GLAXO,EQ,38640,23081,59.73
20,887,GLENMARK,EQ,825442,393783,47.71
20,888,GLOBAL,EQ,36662,26271,71.66
20,889,GLOBALPET,SM,105000,81000,77.14
20,890,GLOBUSSPR,EQ,241930,100719,41.63
20,891,GLOSTERLTD,EQ,3765,3153,83.75
20,892,GLS,EQ,154962,59610,38.47
20,893,GMBREW,EQ,105887,36782,34.74
20,894,GMDCLTD,EQ,758420,291355,38.42
20,895,GMMPFAUDLR,EQ,70767,35263,49.83
20,896,GMRINFRA,EQ,23003532,14796213,64.32
20,897,GMRP&UI,EQ,7655665,3026938,39.54
20,898,GNA,EQ,1113491,331338,29.76
20,899,GNFC,EQ,751715,363500,48.36
20,900,GOACARBON,EQ,450674,101497,22.52
20,901,GOCLCORP,EQ,56266,30468,54.15
20,902,GOCOLORS,EQ,89405,57832,64.69
20,903,GODFRYPHLP,EQ,67802,26552,39.16
20,904,GODIGIT,EQ,432499,205209,47.45
20,905,GODREJAGRO,EQ,368662,181833,49.32
20,906,GODREJCP,EQ,1514391,972714,64.23
20,907,GODREJIND,EQ,297560,96793,32.53
20,908,GODREJPROP,EQ,1117548,586133,52.45
20,909,GOKEX,EQ,88161,32794,37.20
20,910,GOKUL,EQ,154050,53288,34.59
20,911,GOKULAGRO,EQ,1033357,257297,24.90
20,912,GOLD1,EQ,2249089,2150402,95.61
20,913,GOLDBEES,EQ,9658635,7633936,79.04
20,914,GOLDCASE,EQ,925610,590065,63.75
20,915,GOLDETF,EQ,154510,124238,80.41
20,916,GOLDETFADD,EQ,16246,11415,70.26
20,917,GOLDIAM,EQ,604481,260758,43.14
20,918,GOLDIETF,EQ,1755432,1532490,87.30
20,919,GOLDKART,ST,3750,3750,100.00
20,920,GOLDSHARE,EQ,325658,314037,96.43
20,921,GOLDSTAR,SM,483750,360000,74.42
20,922,GOLDTECH,EQ,199643,96124,48.15
20,923,GOODLUCK,EQ,154659,86442,55.89
20,924,GOPAL,EQ,286281,130714,45.66
20,925,GOYALALUM,EQ,283560,166444,58.70
20,926,GOYALSALT,SM,61200,51600,84.31
20,927,GPECO,SM,117600,98400,83.67
20,928,GPIL,EQ,3754040,706031,18.81
20,929,GPPL,EQ,1765214,675542,38.27
20,930,GPTHEALTH,EQ,354818,175599,49.49
20,931,GRANULES,EQ,3687431,1721488,46.69
20,932,GRAPHISAD,SM,106800,103200,96.63
20,933,GRAPHITE,EQ,3673136,889073,24.20
20,934,GRASIM,EQ,1457923,991108,67.98
20,935,GRASIMPP1,E1,5704,4128,72.37
20,936,GRAVITA,EQ,399173,124996,31.31
20,937,GRCL,SM,2000,2000,100.00
20,938,GREAVESCOT,EQ,1179631,603324,51.15
20,939,GREENCHEF,SM,56800,49600,87.32
20,940,GREENLAM,EQ,55961,29940,53.50
20,941,GREENPANEL,EQ,228526,135769,59.41
20,942,GREENPLY,EQ,342592,172873,50.46
20,943,GREENPOWER,EQ,5744565,3336488,58.08
20,944,GRINDWELL,EQ,33735,20420,60.53
20,945,GRINFRA,EQ,429775,72348,16.83
20,946,GRMOVER,EQ,192885,67740,35.12
20,947,GROBTEA,EQ,244,164,67.21
20,948,GROWWEV,EQ,592099,392644,66.31
20,949,GRSE,EQ,680934,256141,37.62
20,950,GRWRHITECH,EQ,100012,47134,47.13
20,951,GSEC10ABSL,EQ,166,110,66.27
20,952,GSEC10IETF,EQ,11819,11289,95.52
20,953,GSEC10YEAR,EQ,3220,2531,78.60
20,954,GSEC5IETF,EQ,4180,3546,84.83
20,955,GSFC,EQ,1232376,597393,48.47
20,956,GSLSU,EQ,952110,372951,39.17
20,957,GSPL,EQ,1343519,760704,56.62
20,958,GSS,EQ,27680,9137,33.01
20,959,GSTL,ST,11000,9000,81.82
20,960,GTL,EQ,719948,341099,47.38
20,961,GTLINFRA,EQ,112844199,46139238,40.89
20,962,GTPL,EQ,196108,44679,22.78
20,963,GUFICBIO,EQ,107571,60758,56.48
20,964,GUJALKALI,EQ,31371,10871,34.65
20,965,GUJGASLTD,EQ,708943,268521,37.88
20,966,GUJRAFFIA,EQ,2631,1749,66.48
20,967,GULFOILLUB,EQ,61830,26130,42.26
20,968,GULFPETRO,EQ,385300,138014,35.82
20,969,GULPOLY,EQ,287498,101141,35.18
20,970,GVPTECH,EQ,175947,117461,66.76
20,971,HAL,EQ,1374111,671018,48.83
20,972,HAPPSTMNDS,EQ,454926,245701,54.01
20,973,HAPPYFORGE,EQ,16756,8186,48.85
20,974,HARDWYN,EQ,1180551,461525,39.09
20,975,HARIOMPIPE,EQ,80730,37605,46.58
20,976,HARSHA,EQ,46525,29667,63.77
20,977,HATHWAY,EQ,3304795,1451670,43.93
20,978,HATSUN,EQ,25511,9280,36.38
20,979,HAVELLS,EQ,1097815,735603,67.01
20,980,HAVISHA,EQ,64863,57075,87.99
20,981,HBLPOWER,EQ,666788,324846,48.72
20,982,HCC,EQ,18583685,7895979,42.49
20,983,HCG,EQ,243634,182248,74.80
20,984,HCL-INSYS,EQ,1646952,1229217,74.64
20,985,HCLTECH,EQ,1907389,1130530,59.27
20,986,HDFCAMC,EQ,558134,253923,45.49
20,987,HDFCBANK,EQ,16519518,9425560,57.06
20,988,HDFCBSE500,EQ,58916,44794,76.03
20,989,HDFCGOLD,EQ,2258376,1658761,73.45
20,990,HDFCGROWTH,EQ,17928,10963,61.15
20,991,HDFCLIFE,EQ,3212859,1588572,49.44
20,992,HDFCLIQUID,EQ,5238,5115,97.65
20,993,HDFCLOWVOL,EQ,13843,11147,80.52
20,994,HDFCMID150,EQ,443412,336873,75.97
20,995,HDFCMOMENT,EQ,376702,333701,88.58
20,996,HDFCNEXT50,EQ,83181,67654,81.33
20,997,HDFCNIF100,EQ,22460,15695,69.88
20,998,HDFCNIFBAN,EQ,3977095,3302009,83.03
20,999,HDFCNIFIT,EQ,47570,32298,67.90
20,1000,HDFCNIFTY,EQ,41810,26751,63.98
20,1001,HDFCPSUBK,EQ,26816,20090,74.92
20,1002,HDFCPVTBAN,EQ,192226,174754,90.91
20,1003,HDFCQUAL,EQ,13674,7531,55.08
20,1004,HDFCSENSEX,EQ,22050,18465,83.74
20,1005,HDFCSILVER,EQ,442594,338170,76.41
20,1006,HDFCSML250,EQ,398287,243334,61.10
20,1007,HDFCVALUE,EQ,15593,10777,69.11
20,1008,HEADSUP,EQ,33988,18803,55.32
20,1009,HEALTHADD,EQ,740,645,87.16
20,1010,HEALTHIETF,EQ,58432,34487,59.02
20,1011,HEALTHY,EQ,304714,178553,58.60
20,1012,HECPROJECT,EQ,5051,3484,68.98
20,1013,HEG,EQ,902696,152255,16.87
20,1014,HEIDELBERG,EQ,177688,96401,54.25
20,1015,HEMIPROP,EQ,397766,215009,54.05
20,1016,HERANBA,EQ,81849,41959,51.26
20,1017,HERCULES,EQ,52887,32218,60.92
20,1018,HERITGFOOD,EQ,620030,386470,62.33
20,1019,HEROMOTOCO,EQ,631130,304785,48.29
20,1020,HESTERBIO,EQ,5244,3691,70.39
20,1021,HEUBACHIND,EQ,20874,10238,49.05
20,1022,HFCL,EQ,29258238,10940936,37.39
20,1023,HGINFRA,EQ,84212,52476,62.31
20,1024,HGS,EQ,97002,35639,36.74
20,1025,HIGREEN,SM,27200,16800,61.76
20,1026,HIKAL,EQ,242157,75947,31.36
20,1027,HIL,EQ,93695,38410,40.99
20,1028,HILTON,EQ,363241,141687,39.01
20,1029,HIMATSEIDE,EQ,1409890,680273,48.25
20,1030,HINDALCO,EQ,15201960,7066693,46.49
20,1031,HINDCOMPOS,EQ,7742,4553,58.81
20,1032,HINDCON,EQ,71515,27561,38.54
20,1033,HINDCOPPER,EQ,19664543,8485692,43.15
20,1034,HINDOILEXP,EQ,498933,223770,44.85
20,1035,HINDPETRO,EQ,9274367,4098345,44.19
20,1036,HINDUNILVR,EQ,1929308,1255583,65.08
20,1037,HINDWAREAP,EQ,114422,68675,60.02
20,1038,HINDZINC,EQ,3461449,1896322,54.78
20,1039,HIRECT,EQ,120242,77424,64.39
20,1040,HISARMETAL,EQ,322496,76322,23.67
20,1041,HITECH,EQ,994305,502263,50.51
20,1042,HITECHCORP,EQ,104358,47665,45.67
20,1043,HLEGLAS,EQ,369058,119165,32.29
20,1044,HLVLTD,EQ,4133050,2720698,65.83
20,1045,HMAAGRO,EQ,204530,132449,64.76
20,1046,HMVL,EQ,74187,43503,58.64
20,1047,HNDFDS,EQ,144894,53642,37.02
20,1048,HNGSNGBEES,EQ,417280,301186,72.18
20,1049,HOLMARC,SM,6000,4500,75.00
20,1050,HOMEFIRST,EQ,937661,259247,27.65
20,1051,HOMESFY,SM,900,900,100.00
20,1052,HONASA,EQ,1009182,483936,47.95
20,1053,HONAUT,EQ,3515,1127,32.06
20,1054,HONDAPOWER,EQ,11094,3319,29.92
20,1055,HPAL,EQ,247281,174514,70.57
20,1056,HPIL,EQ,1680,902,53.69
20,1057,HPL,EQ,117665,65624,55.77
20,1058,HRHNEXT,ST,69000,63000,91.30
20,1059,HSCL,EQ,1046939,344972,32.95
20,1060,HTMEDIA,EQ,113064,53290,47.13
20,1061,HUDCO,EQ,4447954,1706530,38.37
20,1062,HUHTAMAKI,EQ,165898,96028,57.88
20,1063,IBLFL,SM,70000,60000,85.71
20,1064,ICEMAKE,EQ,54785,26640,48.63
20,1065,ICICIB22,EQ,23193973,23004397,99.18
20,1066,ICICIBANK,EQ,13886037,8691426,62.59
20,1067,ICICIGI,EQ,714781,353513,49.46
20,1068,ICICIPRULI,EQ,1308591,577823,44.16
20,1069,ICIL,EQ,418673,206673,49.36
20,1070,ICRA,EQ,6104,3166,51.87
20,1071,IDBI,EQ,4259548,1878550,44.10
20,1072,IDEA,EQ,591115783,199271638,33.71
20,1073,IDEAFORGE,EQ,113419,51901,45.76
20,1074,IDEALTECHO,SM,35000,27000,77.14
20,1075,IDFC,EQ,3279369,1521515,46.40
20,1076,IDFCFIRSTB,EQ,20250872,8726895,43.09
20,1077,IDFNIFTYET,EQ,866,645,74.48
20,1078,IEML,SM,20000,14000,70.00
20,1079,IEX,EQ,121892360,31823195,26.11
20,1080,IFBIND,EQ,48757,22686,46.53
20,1081,IFCI,EQ,7909636,3547820,44.85
20,1082,IFCIZC24,NI,59,59,100.00
20,1083,IFCIZC25,NM,8,8,100.00
20,1084,IFGLEXPOR,EQ,10425,6897,66.16
20,1085,IGARASHI,EQ,76427,34491,45.13
20,1086,IGL,EQ,2282741,1565391,68.58
20,1087,IGPL,EQ,86560,58898,68.04
20,1088,IIFL,EQ,5613717,2725323,48.55
20,1089,IIFLSEC,EQ,769856,518173,67.31
20,1090,IIFLZC24,NK,175,175,100.00
20,1091,IIFLZC25A,NP,88,88,100.00
20,1092,IIFLZC26A,NR,25,25,100.00
20,1093,IIFLZC26B,NY,200,200,100.00
20,1094,IIFLZC28,NG,30,30,100.00
20,1095,IIFLZC28B,Y1,90,45,50.00
20,1096,IKIO,EQ,168933,79762,47.22
20,1097,IMAGICAA,EQ,981088,517100,52.71
20,1098,IMC1,N2,573,573,100.00
20,1099,IMC1,N3,1,1,100.00
20,1100,IMFA,EQ,149081,80494,53.99
20,1101,IMPAL,EQ,2790,1945,69.71
20,1102,INDBANK,EQ,70036,40149,57.33
20,1103,INDGN,EQ,436319,213134,48.85
20,1104,INDHOTEL,EQ,2080352,1158738,55.70
20,1105,INDIACEM,EQ,1107009,816947,73.80
20,1106,INDIAGLYCO,EQ,87214,43594,49.99
20,1107,INDIAMART,EQ,243162,125115,51.45
20,1108,INDIANB,EQ,699650,288173,41.19
20,1109,INDIANCARD,EQ,12237,7471,61.05
20,1110,INDIANHUME,EQ,132302,54183,40.95
20,1111,INDIASHLTR,EQ,164762,109072,66.20
20,1112,INDIFRA,SM,12000,8000,66.67
20,1113,INDIGO,EQ,1344873,817584,60.79
20,1114,INDIGOPNTS,EQ,87641,48739,55.61
20,1115,INDIGRID,IV,558491,524003,93.82
20,1116,INDNIPPON,EQ,20434,10317,50.49
20,1117,INDOAMIN,EQ,849690,181352,21.34
20,1118,INDOBORAX,EQ,219483,101253,46.13
20,1119,INDOCO,EQ,58489,31158,53.27
20,1120,INDORAMA,EQ,262723,125569,47.80
20,1121,INDOSTAR,EQ,297907,160962,54.03
20,1122,INDOTECH,EQ,7363,4949,67.21
20,1123,INDRAMEDCO,EQ,296530,133058,44.87
20,1124,INDSWFTLTD,EQ,35215,20334,57.74
20,1125,INDTERRAIN,EQ,76916,40264,52.35
20,1126,INDUSINDBK,EQ,3893140,2610663,67.06
20,1127,INDUSTOWER,EQ,8767855,3484005,39.74
20,1128,INFINIUM,SM,98000,73000,74.49
20,1129,INFOBEAN,EQ,11454,5536,48.33
20,1130,INFOLLION,ST,10400,9600,92.31
20,1131,INFRABEES,EQ,20037,10879,54.29
20,1132,INFRAIETF,EQ,168781,100495,59.54
20,1133,INFY,EQ,7277616,5676045,77.99
20,1134,INGERRAND,EQ,14292,8285,57.97
20,1135,INM,SM,4800,4200,87.50
20,1136,INNOMET,ST,32400,32400,100.00
20,1137,INNOVACAP,EQ,46311,18698,40.37
20,1138,INNOVANA,SM,600,600,100.00
20,1139,INOXGREEN,EQ,1903867,885518,46.51
20,1140,INOXINDIA,EQ,157773,77134,48.89
20,1141,INOXWIND,EQ,9820119,4931403,50.22
20,1142,INSECTICID,EQ,21031,10740,51.07
20,1143,INSPIRE,SM,16000,12000,75.00
20,1144,INTELLECT,EQ,435459,131289,30.15
20,1145,INTERARCH,EQ,329499,181877,55.20
20,1146,INTLCONV,EQ,5748288,1606746,27.95
20,1147,INVENTURE,EQ,3127073,1559563,49.87
20,1148,IOB,EQ,8210080,2801100,34.12
20,1149,IOC,EQ,10027795,5156885,51.43
20,1150,IOLCP,EQ,1022571,267742,26.18
20,1151,IONEXCHANG,EQ,208928,96754,46.31
20,1152,IPCALAB,EQ,1459827,580656,39.78
20,1153,IPHL,SM,86400,61200,70.83
20,1154,IPL,EQ,128767,66660,51.77
20,1155,IRB,EQ,10672161,5569158,52.18
20,1156,IRBINVIT,IV,928002,852642,91.88
20,1157,IRCON,EQ,5653995,2704424,47.83
20,1158,IRCTC,EQ,1174611,498678,42.45
20,1159,IREDA,EQ,3939928,2266134,57.52
20,1160,IRFC,EQ,14786775,6348641,42.93
20,1161,IRISDOREME,EQ,199838,128089,64.10
20,1162,IRMENERGY,EQ,138954,81477,58.64
20,1163,ISEC,EQ,113230,55537,49.05
20,1164,ISGEC,EQ,56262,36294,64.51
20,1165,ISHAN,ST,816000,768000,94.12
20,1166,IT,EQ,151071,125694,83.20
20,1167,ITALIANE,SM,14000,12000,85.71
20,1168,ITBEES,EQ,9215683,6830465,74.12
20,1169,ITC,EQ,6755320,4651571,68.86
20,1170,ITDC,EQ,35829,16251,45.36
20,1171,ITDCEM,EQ,2288736,972719,42.50
20,1172,ITETF,EQ,256986,201700,78.49
20,1173,ITETFADD,EQ,43657,31725,72.67
20,1174,ITI,EQ,193572,82049,42.39
20,1175,ITIETF,EQ,529793,232151,43.82
20,1176,IVZINGOLD,EQ,89,61,68.54
20,1177,IVZINNIFTY,EQ,46,40,86.96
20,1178,IXIGO,EQ,1973913,791434,40.09
20,1179,JAGRAN,EQ,251652,178933,71.10
20,1180,JAGSNPHARM,EQ,41593,26993,64.90
20,1181,JAIBALAJI,EQ,205360,142126,69.21
20,1182,JAICORPLTD,EQ,1754522,453700,25.86
20,1183,JAIPURKURT,EQ,84738,65808,77.66
20,1184,JALAN,ST,279000,240000,86.02
20,1185,JAMNAAUTO,EQ,2403377,1125763,46.84
20,1186,JASH,EQ,21672,11448,52.82
20,1187,JAYAGROGN,EQ,33574,21962,65.41
20,1188,JAYBARMARU,EQ,90431,46769,51.72
20,1189,JAYBEE,SM,95000,65000,68.42
20,1190,JAYNECOIND,EQ,582696,268577,46.09
20,1191,JAYSREETEA,EQ,114821,53950,46.99
20,1192,JBCHEPHARM,EQ,160629,114951,71.56
20,1193,JBMA,EQ,168086,81623,48.56
20,1194,JCHAC,EQ,29410,14169,48.18
20,1195,JEYYAM,SM,314000,252000,80.25
20,1196,JFLLIFE,ST,288000,282000,97.92
20,1197,JGCHEM,EQ,141443,67090,47.43
20,1198,JINDALPHOT,EQ,4965,2688,54.14
20,1199,JINDALPOLY,EQ,106660,74601,69.94
20,1200,JINDALSAW,EQ,2051682,778890,37.96
20,1201,JINDALSTEL,EQ,2777479,917008,33.02
20,1202,JINDRILL,EQ,19699,14186,72.01
20,1203,JINDWORLD,EQ,77681,54784,70.52
20,1204,JIOFIN,EQ,20086102,10396398,51.76
20,1205,JISLDVREQS,EQ,88448,34739,39.28
20,1206,JISLJALEQS,EQ,1205226,643128,53.36
20,1207,JITFINFRA,EQ,12515,7839,62.64
20,1208,JIWANRAM,SM,54000,30000,55.56
20,1209,J&KBANK,EQ,3185978,1696679,53.25
20,1210,JKCEMENT,EQ,147960,75834,51.25
20,1211,JKIL,EQ,136285,86077,63.16
20,1212,JKLAKSHMI,EQ,101880,50937,50.00
20,1213,JKPAPER,EQ,390110,227284,58.26
20,1214,JKTYRE,EQ,708344,343839,48.54
20,1215,JLHL,EQ,86302,34622,40.12
20,1216,JMA,EQ,20181,6891,34.15
20,1217,JMFINANCIL,EQ,69168659,13605263,19.67
20,1218,JOCIL,EQ,23683,19723,83.28
20,1219,JPOLYINVST,EQ,10329,6756,65.41
20,1220,JPPOWER,EQ,27567568,13507860,49.00
20,1221,JSFB,EQ,288229,173892,60.33
20,1222,JSL,EQ,864085,409295,47.37
20,1223,JSLL,SM,35640,34560,96.97
20,1224,JSWENERGY,EQ,2827447,820646,29.02
20,1225,JSWHL,EQ,96665,12832,13.27
20,1226,JSWINFRA,EQ,2957560,1241897,41.99
20,1227,JSWSTEEL,EQ,5545642,2300299,41.48
20,1228,JTEKTINDIA,EQ,1129223,421378,37.32
20,1229,JTLIND,EQ,8593247,2656557,30.91
20,1230,JUBLFOOD,EQ,1506959,910156,60.40
20,1231,JUBLINDS,EQ,4059,2825,69.60
20,1232,JUBLINGREA,EQ,264669,113708,42.96
20,1233,JUBLPHARMA,EQ,251128,115096,45.83
20,1234,JUNIORBEES,EQ,181100,91556,50.56
20,1235,JUNIPER,EQ,179671,156111,86.89
20,1236,JUSTDIAL,EQ,152983,49528,32.37
20,1237,JWL,EQ,721221,467870,64.87
20,1238,JYOTHYLAB,EQ,484861,260699,53.77
20,1239,JYOTICNC,EQ,117316,71530,60.97
20,1240,JYOTISTRUC,EQ,3167880,2029511,64.07
20,1241,K2INFRA,ST,31200,30000,96.15
20,1242,KABRAEXTRU,EQ,86776,36423,41.97
20,1243,KAJARIACER,EQ,556110,237534,42.71
20,1244,KAKATCEM,EQ,18821,14060,74.70
20,1245,KALAMANDIR,EQ,870429,461559,53.03
20,1246,KALYANKJIL,EQ,11461515,3996118,34.87
20,1247,KAMATHOTEL,EQ,26538,19264,72.59
20,1248,KAMDHENU,EQ,237724,80305,33.78
20,1249,KAMOPAINTS,EQ,39786755,6003027,15.09
20,1250,KANANIIND,EQ,1344541,607851,45.21
20,1251,KANDARP,SM,552000,212000,38.41
20,1252,KANORICHEM,EQ,221071,129578,58.61
20,1253,KANPRPLA,EQ,5831,4676,80.19
20,1254,KANSAINER,EQ,584229,324477,55.54
20,1255,KARNIKA,SM,5200,4000,76.92
20,1256,KARURVYSYA,EQ,2239006,1610157,71.91
20,1257,KATARIA,SM,92400,56400,61.04
20,1258,KAYNES,EQ,490224,137246,28.00
20,1259,KCEIL,ST,11500,10500,91.30
20,1260,KCK,SM,2000,2000,100.00
20,1261,KCP,EQ,897020,367742,41.00
20,1262,KDDL,EQ,48316,27849,57.64
20,1263,KDL,ST,3800,3200,84.21
20,1264,KEC,EQ,1783692,666254,37.35
20,1265,KECL,EQ,453657,192281,42.38
20,1266,KEI,EQ,328785,204876,62.31
20,1267,KELLTONTEC,EQ,463725,241257,52.03
20,1268,KERNEX,EQ,85459,42865,50.16
20,1269,KESORAMIND,EQ,312315,150584,48.22
20,1270,KEYFINSERV,EQ,4680,1812,38.72
20,1271,KFINTECH,EQ,974785,338295,34.70
20,1272,KHADIM,EQ,6974,5367,76.96
20,1273,KHAICHEM,EQ,1045825,321488,30.74
20,1274,KHANDSE,EQ,11960,5813,48.60
20,1275,KHFM,SM,9300,6200,66.67
20,1276,KILITCH,EQ,6886,5531,80.32
20,1277,KIMS,EQ,195688,91523,46.77
20,1278,KINGFA,EQ,6706,3032,45.21
20,1279,KIOCL,EQ,80628,32107,39.82
20,1280,KIRIINDUS,EQ,406994,236283,58.06
20,1281,KIRLOSBROS,EQ,53021,27143,51.19
20,1282,KIRLOSENG,EQ,227386,141072,62.04
20,1283,KIRLOSIND,EQ,6557,3686,56.21
20,1284,KIRLPNU,EQ,75743,50937,67.25
20,1285,KITEX,EQ,280946,179462,63.88
20,1286,KKCL,EQ,80598,70934,88.01
20,1287,KLL,SM,16000,14400,90.00
20,1288,KMSUGAR,EQ,285059,222677,78.12
20,1289,KNAGRI,ST,26400,24800,93.94
20,1290,KNRCON,EQ,2210829,945342,42.76
20,1291,KODYTECH,SM,3200,2500,78.13
20,1292,KOHINOOR,EQ,409475,183334,44.77
20,1293,KOKUYOCMLN,EQ,240457,116776,48.56
20,1294,KOLTEPATIL,EQ,167427,119208,71.20
20,1295,KONSTELEC,SM,40000,35000,87.50
20,1296,KONTOR,SM,6000,6000,100.00
20,1297,KOPRAN,EQ,1060380,325090,30.66
20,1298,KOTAKBANK,EQ,3709386,2369509,63.88
20,1299,KOTARISUG,EQ,118379,54979,46.44
20,1300,KOTHARIPET,EQ,278430,144701,51.97
20,1301,KOTYARK,SM,14900,10700,71.81
20,1302,KPIL,EQ,245413,159277,64.90
20,1303,KPITTECH,EQ,2478741,1363220,55.00
20,1304,KPRMILL,EQ,2839009,378889,13.35
20,1305,KRBL,EQ,617563,270362,43.78
20,1306,KRIDHANINF,EQ,111894,71264,63.69
20,1307,KRISHANA,EQ,12796,8719,68.14
20,1308,KRISHCA,ST,15000,14000,93.33
20,1309,KRISHIVAL,SM,4500,3500,77.78
20,1310,KRISHNADEF,ST,23000,19000,82.61
20,1311,KRITI,EQ,33188,18765,56.54
20,1312,KRITIKA,EQ,27383861,18250580,66.65
20,1313,KRONOX,EQ,199184,104088,52.26
20,1314,KROSS,EQ,1297086,346031,26.68
20,1315,KRSNAA,EQ,73610,43085,58.53
20,1316,KRYSTAL,EQ,47730,28421,59.55
20,1317,KSB,EQ,161352,99682,61.78
20,1318,KSCL,EQ,228715,85198,37.25
20,1319,KSL,EQ,114321,50499,44.17
20,1320,KSOLVES,EQ,11544,7512,65.07
20,1321,KTKBANK,EQ,1401289,769855,54.94
20,1322,KTL,SM,15000,9000,60.00
20,1323,KUANTUM,EQ,25793,15984,61.97
20,1324,LAGNAM,EQ,20520,7965,38.82
20,1325,LALPATHLAB,EQ,336890,175748,52.17
20,1326,LAMBODHARA,EQ,22896,14240,62.19
20,1327,LANCORHOL,EQ,307587,148542,48.29
20,1328,LANDMARK,EQ,55705,26159,46.96
20,1329,LAOPALA,EQ,175716,96866,55.13
20,1330,LATENTVIEW,EQ,435091,250370,57.54
20,1331,LATTEYS,EQ,590347,401816,68.06
20,1332,LAURUSLABS,EQ,1226139,535444,43.67
20,1333,LAWSIKHO,SM,25000,18000,72.00
20,1334,LAXMICOT,EQ,171706,101119,58.89
20,1335,LAXMIMACH,EQ,2559,1302,50.88
20,1336,LEMERITE,SM,48000,22400,46.67
20,1337,LEMONTREE,EQ,3535108,2050796,58.01
20,1338,LEXUS,EQ,17032,6418,37.68
20,1339,LFIC,EQ,8079,3976,49.21
20,1340,LGBBROSLTD,EQ,109571,60601,55.31
20,1341,LIBAS,EQ,62783,41979,66.86
20,1342,LICHSGFIN,EQ,2218270,1025398,46.23
20,1343,LICI,EQ,922727,467142,50.63
20,1344,LICMFGOLD,EQ,320,261,81.56
20,1345,LICNETFGSC,EQ,63137,61276,97.05
20,1346,LICNETFN50,EQ,2244,1428,63.64
20,1347,LICNETFSEN,EQ,238,214,89.92
20,1348,LICNFNHGP,EQ,2365,1045,44.19
20,1349,LICNMID100,EQ,13373,10203,76.30
20,1350,LIKHITHA,EQ,69707,32360,46.42
20,1351,LINC,EQ,115654,52796,45.65
20,1352,LINCOLN,EQ,42040,21296,50.66
20,1353,LINDEINDIA,EQ,65488,23178,35.39
20,1354,LIQUID,EQ,418509,410658,98.12
20,1355,LIQUID1,EQ,539043,246296,45.69
20,1356,LIQUIDADD,EQ,789608,678728,85.96
20,1357,LIQUIDBEES,EQ,3257370,2988228,91.74
20,1358,LIQUIDBETF,EQ,13880,6940,50.00
20,1359,LIQUIDCASE,EQ,4040937,3419676,84.63
20,1360,LIQUIDETF,EQ,222650,214438,96.31
20,1361,LIQUIDIETF,EQ,1706051,861287,50.48
20,1362,LIQUIDSBI,EQ,7707,5671,73.58
20,1363,LIQUIDSHRI,EQ,31973,26747,83.65
20,1364,LLOYDS,SM,8000,8000,100.00
20,1365,LLOYDSENGG,EQ,5180093,2029953,39.19
20,1366,LLOYDSME,EQ,733419,367633,50.13
20,1367,LODHA,EQ,1178499,602976,51.16
20,1368,LOKESHMACH,EQ,54111,30718,56.77
20,1369,LORDSCHLO,EQ,16848,10802,64.11
20,1370,LOTUSEYE,EQ,171653,103738,60.43
20,1371,LOWVOL,EQ,1197,829,69.26
20,1372,LOWVOL1,EQ,539027,528332,98.02
20,1373,LOWVOLIETF,EQ,2577268,2291158,88.90
20,1374,LOYALTEX,EQ,2517,1717,68.22
20,1375,LRRPL,ST,174000,165000,94.83
20,1376,LT,EQ,2676546,1964769,73.41
20,1377,LTF,EQ,8839860,4616650,52.23
20,1378,LTFOODS,EQ,581414,252376,43.41
20,1379,LTGILTBEES,EQ,4317040,4080821,94.53
20,1380,LTIM,EQ,627620,345306,55.02
20,1381,LTTS,EQ,108010,45916,42.51
20,1382,LUMAXIND,EQ,2275,1356,59.60
20,1383,LUMAXTECH,EQ,216817,147846,68.19
20,1384,LUPIN,EQ,1092005,653615,59.85
20,1385,LUXIND,EQ,51379,25202,49.05
20,1386,LXCHEM,EQ,4633390,1086168,23.44
20,1387,LYKALABS,EQ,136448,71425,52.35
20,1388,MAANALU,EQ,190179,101246,53.24
20,1389,MACOBSTECH,SM,28800,11200,38.89
20,1390,MADHAV,EQ,16713,7880,47.15
20,1391,MADHAVBAUG,SM,2400,2000,83.33
20,1392,MADHUSUDAN,SM,59000,48000,81.36
20,1393,MADRASFERT,EQ,162819,48156,29.58
20,1394,MAFANG,EQ,186168,128870,69.22
20,1395,MAGADSUGAR,EQ,38453,12271,31.91
20,1396,MAGNUM,EQ,60763,38933,64.07
20,1397,MAGSON,SM,12000,8000,66.67
20,1398,MAHABANK,EQ,17147492,5318708,31.02
20,1399,MAHEPC,EQ,61823,37221,60.21
20,1400,MAHESHWARI,EQ,64360,38138,59.26
20,1401,MAHICKRA,SM,750,750,100.00
20,1402,MAHKTECH,EQ,4595275,3660804,79.66
20,1403,MAHLIFE,EQ,197830,123150,62.25
20,1404,MAHLOG,EQ,59926,28547,47.64
20,1405,MAHSCOOTER,EQ,20845,10819,51.90
20,1406,MAHSEAMLES,EQ,320136,168413,52.61
20,1407,MAITHANALL,EQ,104674,51641,49.34
20,1408,MAITREYA,ST,30400,26400,86.84
20,1409,MAKEINDIA,EQ,65125,61902,95.05
20,1410,MAKS,ST,1500,1500,100.00
20,1411,MAL,SM,116800,65600,56.16
20,1412,MALUPAPER,EQ,19146,9895,51.68
20,1413,MANAKSIA,EQ,544702,276668,50.79
20,1414,MANAKSTEEL,EQ,90007,61516,68.35
20,1415,MANALIPETC,EQ,334225,175728,52.58
20,1416,MANAPPURAM,EQ,4262080,2016439,47.31
20,1417,MANCREDIT,EQ,31998,5442,17.01
20,1418,MANDEEP,ST,10000,10000,100.00
20,1419,MANGALAM,EQ,105904,46246,43.67
20,1420,MANGCHEFER,EQ,93109,46976,50.45
20,1421,MANGLMCEM,EQ,25265,13106,51.87
20,1422,MANINDS,EQ,436003,281961,64.67
20,1423,MANINFRA,EQ,212767,117974,55.45
20,1424,MANKIND,EQ,615130,275784,44.83
20,1425,MANORAMA,EQ,45839,27427,59.83
20,1426,MANUGRAPH,EQ,39967,26388,66.02
20,1427,MANYAVAR,EQ,223081,96530,43.27
20,1428,MAPMYINDIA,EQ,50128,24150,48.18
20,1429,MARALOVER,EQ,16178,8879,54.88
20,1430,MARATHON,EQ,190546,106183,55.73
20,1431,MARCO,SM,102000,66000,64.71
20,1432,MARICO,EQ,1692449,877784,51.86
20,1433,MARKSANS,EQ,3335450,1255112,37.63
20,1434,MARSHALL,EQ,95241,35427,37.20
20,1435,MARUTI,EQ,425916,257432,60.44
20,1436,MASFIN,EQ,214464,125364,58.45
20,1437,MASON,SM,32000,26000,81.25
20,1438,MASPTOP50,EQ,189699,151138,79.67
20,1439,MASTEK,EQ,53729,28242,52.56
20,1440,MASTER,ST,1000,1000,100.00
20,1441,MATRIMONY,EQ,30162,17203,57.04
20,1442,MAWANASUG,EQ,131682,54330,41.26
20,1443,MAXESTATES,EQ,76801,43137,56.17
20,1444,MAXHEALTH,EQ,5117353,2139691,41.81
20,1445,MAXIND,EQ,85481,56977,66.65
20,1446,MAXPOSURE,SM,902000,562000,62.31
20,1447,MAYURUNIQ,EQ,117477,77503,65.97
20,1448,MAZDA,EQ,8893,6017,67.66
20,1449,MAZDOCK,EQ,894527,226844,25.36
20,1450,MBAPL,EQ,19755,7893,39.95
20,1451,MCL,EQ,67997,33562,49.36
20,1452,MCLEODRUSS,EQ,909130,571970,62.91
20,1453,MCON,ST,16000,13000,81.25
20,1454,MCX,EQ,410310,81509,19.87
20,1455,MDL,SM,2000,2000,100.00
20,1456,MEDANTA,EQ,765619,600429,78.42
20,1457,MEDIASSIST,EQ,311113,174774,56.18
20,1458,MEDICAMEQ,EQ,12937,6632,51.26
20,1459,MEDIORG,SM,144000,84000,58.33
20,1460,MEDPLUS,EQ,227397,126725,55.73
20,1461,MEGAFLEX,SM,30000,30000,100.00
20,1462,MEGASOFT,EQ,1855954,915120,49.31
20,1463,MEGASTAR,EQ,6377,5298,83.08
20,1464,MEGATHERM,ST,18400,15600,84.78
20,1465,MENONBE,EQ,84877,38069,44.85
20,1466,METALIETF,EQ,6742881,3914770,58.06
20,1467,METROBRAND,EQ,49158,25502,51.88
20,1468,METROPOLIS,EQ,225697,75685,33.53
20,1469,MFSL,EQ,902692,689173,76.35
20,1470,MGL,EQ,701312,144995,20.67
20,1471,MHHL,SM,7500,7500,100.00
20,1472,MHLXMIRU,EQ,10801,7309,67.67
20,1473,MHRIL,EQ,175920,107514,61.12
20,1474,MICROPRO,SM,6400,6400,100.00
20,1475,MID150BEES,EQ,337828,195187,57.78
20,1476,MID150CASE,EQ,179487,147906,82.40
20,1477,MIDCAP,EQ,40907,25610,62.61
20,1478,MIDCAPETF,EQ,822998,617800,75.07
20,1479,MIDCAPIETF,EQ,487469,345884,70.96
20,1480,MIDHANI,EQ,473054,168875,35.70
20,1481,MIDQ50ADD,EQ,8968,7289,81.28
20,1482,MIDSELIETF,EQ,160714,115760,72.03
20,1483,MIDSMALL,EQ,196953,137190,69.66
20,1484,MIEL,SM,50000,38000,76.00
20,1485,MINDACORP,EQ,1326263,369608,27.87
20,1486,MINDPOOL,ST,1000,1000,100.00
20,1487,MINDSPACE,RR,158991,133815,84.17
20,1488,MIRZAINT,EQ,371775,174751,47.00
20,1489,MITCON,EQ,20549,15080,73.39
20,1490,MITCONPP,E1,7004,6676,95.32
20,1491,MITTAL,EQ,3085148,2095924,67.94
20,1492,M&M,EQ,3697722,1772216,47.93
20,1493,M&MFIN,EQ,1794442,875233,48.77
20,1494,MMFL,EQ,42750,28326,66.26
20,1495,MMTC,EQ,1783928,835124,46.81
20,1496,MNC,EQ,79965,72964,91.24
20,1497,MODEFENCE,EQ,304059,264773,87.08
20,1498,MOGSEC,EQ,748,403,53.88
20,1499,MOHEALTH,EQ,60544,44262,73.11
20,1500,MOIL,EQ,2869918,1240069,43.21
20,1501,MOL,EQ,2331800,677306,29.05
20,1502,MOLDTECH,EQ,39972,24901,62.30
20,1503,MOLDTKPAC,EQ,50099,36517,72.89
20,1504,MOLOWVOL,EQ,45546,45204,99.25
20,1505,MOM100,EQ,338692,195778,57.80
20,1506,MOM30IETF,EQ,1457624,1105518,75.84
20,1507,MOM50,EQ,5386,4519,83.90
20,1508,MOMENTUM,EQ,217236,211978,97.58
20,1509,MOMOMENTUM,EQ,139462,112836,80.91
20,1510,MON100,EQ,513663,417705,81.32
20,1511,MONARCH,EQ,400325,44766,11.18
20,1512,MONIFTY500,EQ,280502,222864,79.45
20,1513,MONOPHARMA,SM,12000,12000,100.00
20,1514,MONQ50,EQ,508666,356762,70.14
20,1515,MONTECARLO,EQ,78204,53000,67.77
20,1516,MOQUALITY,EQ,1898,1528,80.51
20,1517,MOREALTY,EQ,267335,219321,82.04
20,1518,MOREPENLAB,EQ,15789669,4665439,29.55
20,1519,MOS,SM,353600,179200,50.68
20,1520,MOSMALL250,EQ,318328,223822,70.31
20,1521,MOTHERSON,EQ,21533993,13969237,64.87
20,1522,MOTILALOFS,EQ,521536,263318,50.49
20,1523,MOTISONS,EQ,5073154,1954606,38.53
20,1524,MOTOGENFIN,EQ,76029,48608,63.93
20,1525,MOVALUE,EQ,152044,122024,80.26
20,1526,MOXSH,ST,800,800,100.00
20,1527,MPHASIS,EQ,251100,97625,38.88
20,1528,MPSLTD,EQ,13588,8093,59.56
20,1529,MPTODAY,SM,4000,2000,50.00
20,1530,MRF,EQ,5250,2048,39.01
20,1531,MRPL,EQ,1368166,753025,55.04
20,1532,MSPL,EQ,3697133,1929222,52.18
20,1533,MSTCLTD,EQ,183053,108530,59.29
20,1534,MSUMI,EQ,9492325,4424741,46.61
20,1535,MTARTECH,EQ,64612,35387,54.77
20,1536,MTNL,EQ,1759366,842466,47.88
20,1537,MUFIN,EQ,89953,44492,49.46
20,1538,MUFTI,EQ,293636,199470,67.93
20,1539,MUKANDLTD,EQ,630280,212691,33.75
20,1540,MUKKA,EQ,544694,335376,61.57
20,1541,MUKTAARTS,EQ,16510,10710,64.87
20,1542,MULTICAP,EQ,84166,57170,67.93
20,1543,MUNJALAU,EQ,645947,190377,29.47
20,1544,MUNJALSHOW,EQ,125063,66294,53.01
20,1545,MURUDCERA,EQ,105025,57983,55.21
20,1546,MUTHOOTCAP,EQ,693378,187532,27.05
20,1547,MUTHOOTFIN,EQ,504707,235029,46.57
20,1548,MUTHOOTMF,EQ,147264,84314,57.25
20,1549,MVGJL,EQ,707908,182211,25.74
20,1550,MVKAGRO,SM,10800,10800,100.00
20,1551,MWL,SM,16800,13200,78.57
20,1552,MYMUDRA,ST,57600,50400,87.50
20,1553,NACLIND,EQ,206229,116996,56.73
20,1554,NAGAFERT,EQ,1037378,553670,53.37
20,1555,NAHARCAP,EQ,10395,5411,52.05
20,1556,NAHARINDUS,EQ,68684,34605,50.38
20,1557,NAHARSPING,EQ,36875,15195,41.21
20,1558,NAMAN,SM,14400,12800,88.89
20,1559,NAM-INDIA,EQ,493509,318572,64.55
20,1560,NAMOEWASTE,ST,60800,60800,100.00
20,1561,NATCOPHARM,EQ,957539,569293,59.45
20,1562,NATIONALUM,EQ,53129599,21749630,40.94
20,1563,NAUKRI,EQ,187330,113852,60.78
20,1564,NAVA,EQ,572947,286620,50.03
20,1565,NAVINFLUOR,EQ,175787,64850,36.89
20,1566,NAVINIFTY,EQ,1021,433,42.41
20,1567,NAVKARCORP,EQ,570045,345296,60.57
20,1568,NAVNETEDUL,EQ,102960,51962,50.47
20,1569,NAZARA,EQ,486696,189026,38.84
20,1570,NBCC,EQ,5197441,2782294,53.53
20,1571,NCC,EQ,1766946,965577,54.65
20,1572,NCLIND,EQ,74535,39347,52.79
20,1573,NDLVENTURE,EQ,34545,15745,45.58
20,1574,NDRAUTO,EQ,103850,45316,43.64
20,1575,NDTV,EQ,52407,28937,55.22
20,1576,NELCAST,EQ,142689,62470,43.78
20,1577,NELCO,EQ,133705,56911,42.56
20,1578,NEOGEN,EQ,151516,45130,29.79
20,1579,NEPHROCARE,SM,28800,20800,72.22
20,1580,NESCO,EQ,23716,13105,55.26
20,1581,NESTLEIND,EQ,1540033,872936,56.68
20,1582,NETF,EQ,4316,2904,67.28
20,1583,NETWEB,EQ,105753,54004,51.07
20,1584,NETWORK18,EQ,2224136,1204227,54.14
20,1585,NEULANDLAB,EQ,31120,17123,55.02
20,1586,NEWGEN,EQ,341557,266708,78.09
20,1587,NEWJAISA,SM,172500,153000,88.70
20,1588,NEXT50,EQ,3258,1688,51.81
20,1589,NEXT50IETF,EQ,374975,241740,64.47
20,1590,NFL,EQ,1880764,473336,25.17
20,1591,NGIL,EQ,190688,37261,19.54
20,1592,NGLFINE,EQ,2277,950,41.72
20,1593,NH,EQ,277446,149404,53.85
20,1594,NHIT,IV,200000,200000,100.00
20,1595,NHPC,EQ,22723732,14317836,63.01
20,1596,NIACL,EQ,572203,263694,46.08
20,1597,NIBL,EQ,48635,27457,56.46
20,1598,NIDAN,SM,5000,5000,100.00
20,1599,NIF100BEES,EQ,12271,7195,58.63
20,1600,NIF100IETF,EQ,344395,226103,65.65
20,1601,NIF10GETF,EQ,839,453,53.99
20,1602,NIF5GETF,EQ,379,269,70.98
20,1603,NIFITETF,EQ,5166,3880,75.11
20,1604,NIFMID150,EQ,949,806,84.93
20,1605,NIFTY1,EQ,42321,26917,63.60
20,1606,NIFTY50ADD,EQ,4237,3390,80.01
20,1607,NIFTYBEES,EQ,2246891,1474365,65.62
20,1608,NIFTYBETF,EQ,993,900,90.63
20,1609,NIFTYETF,EQ,14362,8691,60.51
20,1610,NIFTYIETF,EQ,131064,78456,59.86
20,1611,NIFTYQLITY,EQ,163531,152083,93.00
20,1612,NIITLTD,EQ,1091125,658204,60.32
20,1613,NIITMTS,EQ,147610,77415,52.45
20,1614,NILAINFRA,EQ,2192004,1029835,46.98
20,1615,NILKAMAL,EQ,16253,7045,43.35
20,1616,NINSYS,EQ,9035,5975,66.13
20,1617,NIPPOBATRY,EQ,22854,12994,56.86
20,1618,NIRMAN,ST,78000,73800,94.62
20,1619,NITCO,EQ,515228,370489,71.91
20,1620,NITINSPIN,EQ,96300,50318,52.25
20,1621,NITIRAJ,EQ,4205,2607,62.00
20,1622,NKIND,EQ,488,241,49.39
20,1623,NLCINDIA,EQ,7915614,3138932,39.65
20,1624,NMDC,EQ,23607013,6656536,28.20
20,1625,NOCIL,EQ,721551,359567,49.83
20,1626,NORTHARC,EQ,34967188,15202054,43.48
20,1627,NPBET,EQ,487,370,75.98
20,1628,NPST,SM,46500,29200,62.80
20,1629,NRAIL,EQ,22084,13513,61.19
20,1630,NRBBEARING,EQ,266760,177291,66.46
20,1631,NRL,EQ,244782,137530,56.18
20,1632,NSIL,EQ,34453,18082,52.48
20,1633,NSLNISP,EQ,9247643,2989696,32.33
20,1634,NTPC,EQ,12539885,7227685,57.64
20,1635,NUCLEUS,EQ,81928,42673,52.09
20,1636,NURECA,EQ,41541,18851,45.38
20,1637,NUVAMA,EQ,106121,47203,44.48
20,1638,NUVOCO,EQ,347660,199904,57.50
20,1639,NV20,EQ,14631,9791,66.92
20,1640,NV20BEES,EQ,12912,7173,55.55
20,1641,NV20IETF,EQ,579992,295841,51.01
20,1642,NXST,RR,1704547,1548620,90.85
20,1643,NYKAA,EQ,7982411,4579630,57.37
20,1644,OAL,EQ,86996,28868,33.18
20,1645,OBCL,EQ,24568,13540,55.11
20,1646,OBEROIRLTY,EQ,830136,449977,54.21
20,1647,OFSS,EQ,256723,127263,49.57
20,1648,OIL,EQ,3796775,1658674,43.69
20,1649,OILIETF,EQ,1364508,932821,68.36
20,1650,OLAELEC,EQ,52943938,28835729,54.46
20,1651,OLECTRA,EQ,514001,180911,35.20
20,1652,OMAXAUTO,EQ,31850,23429,73.56
20,1653,OMFURN,SM,28800,24000,83.33
20,1654,ONDOOR,SM,7200,6000,83.33
20,1655,ONEPOINT,EQ,835793,390616,46.74
20,1656,ONGC,EQ,16986759,7497442,44.14
20,1657,ONMOBILE,EQ,712705,357619,50.18
20,1658,ONWARDTEC,EQ,20212,11842,58.59
20,1659,OPTIEMUS,EQ,517817,231340,44.68
20,1660,ORBTEXP,EQ,8393,3984,47.47
20,1661,ORCHPHARMA,EQ,85196,58373,68.52
20,1662,ORIANA,SM,105450,54750,51.92
20,1663,ORICONENT,EQ,223188,114701,51.39
20,1664,ORIENTBELL,EQ,19564,11131,56.90
20,1665,ORIENTCEM,EQ,489797,278272,56.81
20,1666,ORIENTCER,EQ,211756,86292,40.75
20,1667,ORIENTELEC,EQ,183266,92269,50.35
20,1668,ORIENTHOT,EQ,818385,353094,43.15
20,1669,ORIENTLTD,EQ,26470,16840,63.62
20,1670,ORIENTPPR,EQ,939552,419083,44.60
20,1671,ORIENTTECH,EQ,264579,160417,60.63
20,1672,ORISSAMINE,EQ,46889,16616,35.44
20,1673,ORTINGLOBE,EQ,14747,9953,67.49
20,1674,OSELDEVICE,ST,1958400,1952000,99.67
20,1675,OSWALGREEN,EQ,1936598,672062,34.70
20,1676,OWAIS,SM,8000,4800,60.00
20,1677,PAGEIND,EQ,36371,23010,63.26
20,1678,PAISALO,EQ,3992614,2696411,67.53
20,1679,PAKKA,EQ,77700,41362,53.23
20,1680,PALASHSECU,EQ,4455,1994,44.76
20,1681,PALREDTEC,EQ,874254,248888,28.47
20,1682,PANACEABIO,EQ,513129,258093,50.30
20,1683,PANAMAPET,EQ,65996,38338,58.09
20,1684,PAR,EQ,31725,17073,53.82
20,1685,PARACABLES,EQ,2328814,1390231,59.70
20,1686,PARADEEP,EQ,2049617,772564,37.69
20,1687,PARAGMILK,EQ,571741,235409,41.17
20,1688,PARAGON,SM,28800,25200,87.50
20,1689,PARAMATRIX,SM,8400,8400,100.00
20,1690,PARIN,SM,4000,3000,75.00
20,1691,PARKHOTELS,EQ,221337,153634,69.41
20,1692,PARTYCRUS,SM,39000,34000,87.18
20,1693,PATANJALI,EQ,580199,424915,73.24
20,1694,PATELENG,EQ,5253336,2697172,51.34
20,1695,PATINTLOG,EQ,345960,151578,43.81
20,1696,PATTECH,SM,4500,4500,100.00
20,1697,PAVNAIND,EQ,135160,50766,37.56
20,1698,PAYTM,EQ,11991325,3472118,28.96
20,1699,PCBL,EQ,3153500,1081738,34.30
20,1700,PCCL,SM,69600,58400,83.91
20,1701,PCJEWELLER,EQ,14801150,4958298,33.50
20,1702,PDMJEPAPER,EQ,117535,60500,51.47
20,1703,PDSL,EQ,46063,29017,62.99
20,1704,PEARLPOLY,EQ,240293,111356,46.34
20,1705,PEL,EQ,695651,193875,27.87
20,1706,PELATRO,ST,1094400,1092000,99.78
20,1707,PENIND,EQ,3028420,903663,29.84
20,1708,PENINLAND,EQ,419958,229246,54.59
20,1709,PENTAGON,SM,8000,8000,100.00
20,1710,PERSISTENT,EQ,377128,177038,46.94
20,1711,PETRONET,EQ,2860599,1945050,67.99
20,1712,PFC,EQ,8389458,4012557,47.83
20,1713,PFIZER,EQ,31950,17729,55.49
20,1714,PFS,EQ,843361,439069,52.06
20,1715,PGEL,EQ,798176,491619,61.59
20,1716,PGHH,EQ,15753,10616,67.39
20,1717,PGHL,EQ,20686,13242,64.01
20,1718,PGIL,EQ,57892,32526,56.18
20,1719,PGINVIT,IV,1490687,1426902,95.72
20,1720,PHANTOMFX,SM,32700,22800,69.72
20,1721,PHARMABEES,EQ,2156340,1258073,58.34
20,1722,PHOENIXLTD,EQ,555747,243022,43.73
20,1723,PIDILITIND,EQ,184450,99123,53.74
20,1724,PIIND,EQ,258155,122510,47.46
20,1725,PILANIINVS,EQ,11988,6128,51.12
20,1726,PILITA,EQ,1154936,532323,46.09
20,1727,PIONEEREMB,EQ,86043,48186,56.00
20,1728,PITTIENG,EQ,24128,13349,55.33
20,1729,PIXTRANS,EQ,390874,76052,19.46
20,1730,PLATIND,EQ,828257,285060,34.42
20,1731,PLAZACABLE,EQ,50692,31791,62.71
20,1732,PNB,EQ,79101837,34186258,43.22
20,1733,PNBGILTS,EQ,357526,215266,60.21
20,1734,PNBHOUSING,EQ,1638793,734107,44.80
20,1735,PNC,EQ,34888,14967,42.90
20,1736,PNCINFRA,EQ,389368,208754,53.61
20,1737,PNGJL,EQ,5776033,1372594,23.76
20,1738,POCL,EQ,58781,32430,55.17
20,1739,PODDARMENT,EQ,13406,8849,66.01
20,1740,POKARNA,EQ,89905,48943,54.44
20,1741,POLICYBZR,EQ,1693004,985031,58.18
20,1742,POLYCAB,EQ,416396,294005,70.61
20,1743,POLYMED,EQ,80038,39580,49.45
20,1744,POLYPLEX,EQ,90482,49201,54.38
20,1745,POLYSIL,SM,26000,24000,92.31
20,1746,PONNIERODE,EQ,19521,9426,48.29
20,1747,POONAWALLA,EQ,1043492,553960,53.09
20,1748,POSITRON,SM,33000,23400,70.91
20,1749,POWERGRID,EQ,26145769,15982538,61.13
20,1750,POWERINDIA,EQ,19232,10348,53.81
20,1751,POWERMECH,EQ,75963,34771,45.77
20,1752,PPAP,EQ,13049,9107,69.79
20,1753,PPL,EQ,75866,37786,49.81
20,1754,PPLPHARMA,EQ,2125232,933169,43.91
20,1755,PPSL,SM,306000,270000,88.24
20,1756,PRAJIND,EQ,470209,182434,38.80
20,1757,PRAKASH,EQ,1408619,688742,48.89
20,1758,PRAKASHSTL,EQ,813246,595924,73.28
20,1759,PRAMARA,SM,38000,38000,100.00
20,1760,PRATHAM,SM,59200,33600,56.76
20,1761,PRECAM,EQ,199506,112145,56.21
20,1762,PRECISION,SM,30000,26000,86.67
20,1763,PRECWIRE,EQ,1321514,658480,49.83
20,1764,PREMEXPLN,EQ,105255,66698,63.37
20,1765,PREMIERENE,EQ,1541568,490414,31.81
20,1766,PREMIERPOL,EQ,40818,27427,67.19
20,1767,PRESSTONIC,SM,36000,25600,71.11
20,1768,PRESTIGE,EQ,1149021,674494,58.70
20,1769,PRICOLLTD,EQ,120004,69304,57.75
20,1770,PRIMESECU,EQ,56817,42314,74.47
20,1771,PRINCEPIPE,EQ,87113,48161,55.29
20,1772,PRITI,EQ,32425,18024,55.59
20,1773,PRITIKA,SM,50000,26000,52.00
20,1774,PRITIKAUTO,EQ,319232,184775,57.88
20,1775,PRIVISCL,EQ,30451,20399,66.99
20,1776,PRIZOR,SM,225600,137600,60.99
20,1777,PRLIND,SM,24000,24000,100.00
20,1778,PROLIFE,SM,1000,1000,100.00
20,1779,PROPEQUITY,SM,14400,7200,50.00
20,1780,PROV,SM,7840,7040,89.80
20,1781,PROZONER,EQ,311361,164069,52.69
20,1782,PRSMJOHNSN,EQ,1520715,298165,19.61
20,1783,PRUDENT,EQ,42370,22816,53.85
20,1784,PSB,EQ,1927587,797361,41.37
20,1785,PSPPROJECT,EQ,98238,44018,44.81
20,1786,PSUBANK,EQ,274989,151090,54.94
20,1787,PSUBANKADD,EQ,27837,20235,72.69
20,1788,PSUBNKBEES,EQ,2924608,2160989,73.89
20,1789,PSUBNKIETF,EQ,187752,98488,52.46
20,1790,PTC,EQ,1190665,610103,51.24
20,1791,PTL,EQ,42651,27514,64.51
20,1792,PULZ,SM,32000,25000,78.13
20,1793,PUNJABCHEM,EQ,12079,8447,69.93
20,1794,PURVFLEXI,SM,6400,6400,100.00
20,1795,PVRINOX,EQ,296758,125444,42.27
20,1796,PVSL,EQ,47450,34252,72.19
20,1797,PVTBANIETF,EQ,10994025,10026963,91.20
20,1798,PVTBANKADD,EQ,137852,131001,95.03
20,1799,PYRAMID,EQ,50967,29155,57.20
20,1800,QGOLDHALF,EQ,20518,14704,71.66
20,1801,QMSMEDI,SM,14000,10000,71.43
20,1802,QNIFTY,EQ,250,202,80.80
20,1803,QUADPRO,SM,12000,12000,100.00
20,1804,QUAL30IETF,EQ,246569,164357,66.66
20,1805,QUESS,EQ,311782,177193,56.83
20,1806,QUESTLAB,SM,84000,74400,88.57
20,1807,QUICKHEAL,EQ,81568,37228,45.64
20,1808,QUICKTOUCH,SM,9500,8500,89.47
20,1809,QVCEL,SM,132800,80000,60.24
20,1810,RACE,EQ,71713,21164,29.51
20,1811,RADAAN,EQ,39990,39990,100.00
20,1812,RADHIKAJWE,EQ,4170730,1330229,31.89
20,1813,RADIANTCMS,EQ,405199,297512,73.42
20,1814,RADICO,EQ,128907,64506,50.04
20,1815,RADIOCITY,EQ,139317,65404,46.95
20,1816,RADIOCITY,P1,408,408,100.00
20,1817,RADIOWALLA,SM,6400,4800,75.00
20,1818,RAILTEL,EQ,716941,289238,40.34
20,1819,RAIN,EQ,2906664,843338,29.01
20,1820,RAINBOW,EQ,125905,59041,46.89
20,1821,RAJESHEXPO,EQ,493291,169680,34.40
20,1822,RAJINDLTD,SM,30000,24000,80.00
20,1823,RAJMET,EQ,2933607,1323750,45.12
20,1824,RAJRATAN,EQ,29842,17659,59.17
20,1825,RAJSREESUG,EQ,85382,47466,55.59
20,1826,RALLIS,EQ,182326,85623,46.96
20,1827,RAMANEWS,EQ,81450,46796,57.45
20,1828,RAMAPHO,EQ,85063,51833,60.93
20,1829,RAMASTEEL,EQ,34534960,9354912,27.09
20,1830,RAMCOCEM,EQ,476939,213535,44.77
20,1831,RAMCOIND,EQ,61546,38790,63.03
20,1832,RAMCOSYS,EQ,48561,25192,51.88
20,1833,RAMKY,EQ,77726,49383,63.53
20,1834,RAMRAT,EQ,19208,9133,47.55
20,1835,RANASUG,EQ,443084,157079,35.45
20,1836,RANEHOLDIN,EQ,21599,11389,52.73
20,1837,RATEGAIN,EQ,157354,92908,59.04
20,1838,RATNAMANI,EQ,61580,41391,67.22
20,1839,RAYMOND,EQ,95947,46561,48.53
20,1840,RAYMONDLSL,EQ,109596,72590,66.23
20,1841,RBA,EQ,2558141,1057823,41.35
20,1842,RBLBANK,EQ,10978886,6197005,56.44
20,1843,RBMINFRA,SM,17000,14400,84.71
20,1844,RBS,SM,30400,30400,100.00
20,1845,RCDL,SM,213000,198000,92.96
20,1846,RCF,EQ,1638950,416279,25.40
20,1847,RECLTD,EQ,8069962,4095574,50.75
20,1848,REDINGTON,EQ,760656,440996,57.98
20,1849,REDTAPE,EQ,75979,51833,68.22
20,1850,REFEX,EQ,1526268,601282,39.40
20,1851,REFRACTORY,ST,16000,16000,100.00
20,1852,RELAXO,EQ,80822,62242,77.01
20,1853,RELCHEMQ,EQ,7933,4826,60.83
20,1854,RELIANCE,EQ,8568722,6926041,80.83
20,1855,RELIGARE,EQ,470519,231275,49.15
20,1856,RELINFRA,EQ,31606857,8353685,26.43
20,1857,RELTD,EQ,580192,348065,59.99
20,1858,REMSONSIND,EQ,37784,26773,70.86
20,1859,REMUS,SM,14600,8400,57.53
20,1860,RENUKA,EQ,7732893,2327970,30.10
20,1861,REPCOHOME,EQ,133427,89624,67.17
20,1862,REPL,EQ,69556,32693,47.00
20,1863,REPRO,EQ,42764,33651,78.69
20,1864,RESPONIND,EQ,767973,42580,5.54
20,1865,REXPIPES,SM,6000,4000,66.67
20,1866,RGL,EQ,461701,225766,48.90
20,1867,RHFL,EQ,2753437,2753436,100.00
20,1868,RHIM,EQ,842282,323847,38.45
20,1869,RICHA,SM,2000,2000,100.00
20,1870,RICOAUTO,EQ,692950,301883,43.56
20,1871,RIIL,EQ,1365278,271939,19.92
20,1872,RILINFRA,ST,12700,10900,85.83
20,1873,RISHABH,EQ,47773,27354,57.26
20,1874,RITCO,EQ,23649,15716,66.46
20,1875,RITES,EQ,1161366,330897,28.49
20,1876,RKFORGE,EQ,236498,121883,51.54
20,1877,RKSWAMY,EQ,61325,32236,52.57
20,1878,RMDRIP,SM,9000,8000,88.89
20,1879,RML,EQ,7779,5395,69.35
20,1880,RNFI,SM,28800,24000,83.33
20,1881,ROCKINGDCE,SM,38250,14250,37.25
20,1882,ROHLTD,EQ,55904,35356,63.24
20,1883,ROLEXRINGS,EQ,24877,8505,34.19
20,1884,ROML,EQ,3249,2819,86.77
20,1885,ROSSARI,EQ,219770,101590,46.23
20,1886,ROTO,EQ,41709,20843,49.97
20,1887,ROUTE,EQ,83957,64114,76.37
20,1888,ROXHITECH,SM,59200,41600,70.27
20,1889,RPEL,EQ,4266,2411,56.52
20,1890,RPGLIFE,EQ,16758,5514,32.90
20,1891,RPOWER,EQ,9236911,9236907,100.00
20,1892,RPPL,EQ,208225,135973,65.30
20,1893,RPSGVENT,EQ,140859,58800,41.74
20,1894,RPTECH,EQ,203246,105493,51.90
20,1895,RRKABEL,EQ,53877,26006,48.27
20,1896,RSWM,EQ,48627,26740,54.99
20,1897,RSYSTEMS,EQ,263619,122332,46.40
20,1898,RTNINDIA,EQ,4818345,1735409,36.02
20,1899,RTNPOWER,EQ,23867864,15254380,63.91
20,1900,RUBFILA,EQ,92256,69068,74.87
20,1901,RUBYMILLS,EQ,43992,24834,56.45
20,1902,RUCHIRA,EQ,32449,22221,68.48
20,1903,RULKA,ST,6600,6600,100.00
20,1904,RUPA,EQ,97606,52603,53.89
20,1905,RUSHIL,EQ,675231,350561,51.92
20,1906,RUSTOMJEE,EQ,143505,77490,54.00
20,1907,RVNL,EQ,4043522,1464577,36.22
20,1908,SAAKSHI,ST,14400,13800,95.83
20,1909,SABAR,SM,40000,30000,75.00
20,1910,SADBHAV,EQ,892078,590652,66.21
20,1911,SADHAV,SM,63600,49200,77.36
20,1912,SADHNANIQ,EQ,311767,216066,69.30
20,1913,SAFARI,EQ,146815,119650,81.50
20,1914,SAGCEM,EQ,72655,46907,64.56
20,1915,SAH,EQ,69293,34583,49.91
20,1916,SAHAJ,SM,68000,60000,88.24
20,1917,SAHAJSOLAR,SM,32800,22400,68.29
20,1918,SAHANA,SM,37000,28500,77.03
20,1919,SAHYADRI,EQ,10533,7090,67.31
20,1920,SAIFL,SM,31200,23200,74.36
20,1921,SAIL,EQ,41641928,16895584,40.57
20,1922,SAKAR,EQ,6864,4488,65.38
20,1923,SAKHTISUG,EQ,466892,190999,40.91
20,1924,SAKSOFT,EQ,346573,115817,33.42
20,1925,SALASAR,EQ,14313774,6956904,48.60
20,1926,SALONA,EQ,491,242,49.29
20,1927,SALSTEEL,EQ,716978,415299,57.92
20,1928,SALZERELEC,EQ,103232,32425,31.41
20,1929,SAMBHAAV,EQ,104085,71302,68.50
20,1930,SAMHI,EQ,588124,330161,56.14
20,1931,SAMMAANCAP,EQ,12791569,5989081,46.82
20,1932,SANDESH,EQ,4292,2394,55.78
20,1933,SANDHAR,EQ,84207,44623,52.99
20,1934,SANDUMA,EQ,86405,48433,56.05
20,1935,SANGAMIND,EQ,145423,47862,32.91
20,1936,SANGANI,SM,6000,3000,50.00
20,1937,SANGHIIND,EQ,223025,121816,54.62
20,1938,SANGHVIMOV,EQ,353017,168928,47.85
20,1939,SANGINITA,EQ,45055,24989,55.46
20,1940,SANOFI,EQ,37875,24566,64.86
20,1941,SANSERA,EQ,178609,85869,48.08
20,1942,SANSTAR,EQ,3406603,1318616,38.71
20,1943,SAPPHIRE,EQ,11379551,2119907,18.63
20,1944,SARDAEN,EQ,750627,235407,31.36
20,1945,SAREGAMA,EQ,337848,158988,47.06
20,1946,SAROJA,SM,4800,4800,100.00
20,1947,SARTELE,SM,89000,70500,79.21
20,1948,SARVESHWAR,EQ,3195794,1818522,56.90
20,1949,SASKEN,EQ,7467,4686,62.76
20,1950,SASTASUNDR,EQ,16043,12231,76.24
20,1951,SATECH,SM,100000,60000,60.00
20,1952,SATIA,EQ,347137,197584,56.92
20,1953,SATIN,EQ,273811,201049,73.43
20,1954,SATINDLTD,EQ,410051,206872,50.45
20,1955,SAURASHCEM,EQ,41969,24076,57.37
20,1956,SBC,EQ,5350066,1786932,33.40
20,1957,SBCL,EQ,102950,58009,56.35
20,1958,SBFC,EQ,33719480,6911587,20.50
20,1959,SBGLP,EQ,515953,184904,35.84
20,1960,SBICARD,EQ,1334966,565952,42.39
20,1961,SBIETFCON,EQ,19795,17438,88.09
20,1962,SBIETFIT,EQ,32420,23556,72.66
20,1963,SBIETFPB,EQ,11419,9247,80.98
20,1964,SBIETFQLTY,EQ,4959,3216,64.85
20,1965,SBILIFE,EQ,2608386,1680223,64.42
20,1966,SBIN,EQ,15180653,8566945,56.43
20,1967,SBINEQWETF,EQ,15726,11090,70.52
20,1968,SBISILVER,EQ,76785,60718,79.08
20,1969,SCHAEFFLER,EQ,64583,37194,57.59
20,1970,SCHAND,EQ,197322,121162,61.40
20,1971,SCHNEIDER,EQ,5559888,555085,9.98
20,1972,SCI,EQ,4375896,1653202,37.78
20,1973,SCILAL,EQ,801779,405055,50.52
20,1974,SCLZC25B,AT,50,50,100.00
20,1975,SCLZC25F,Y5,20,10,50.00
20,1976,SCML,SM,2000,2000,100.00
20,1977,SCPL,EQ,11201,4299,38.38
20,1978,SDBL,EQ,1442574,752518,52.16
20,1979,SDL24BEES,EQ,12761,12451,97.57
20,1980,SDL26BEES,EQ,74976,72881,97.21
20,1981,SEAMECLTD,EQ,38970,20799,53.37
20,1982,SECL,SM,112500,93750,83.33
20,1983,SECMARK,EQ,713,377,52.88
20,1984,SECURKLOUD,EQ,20305,11508,56.68
20,1985,SEL,SM,5600,3200,57.14
20,1986,SELAN,EQ,22823,10429,45.70
20,1987,SENCO,EQ,658047,250666,38.09
20,1988,SENSEXADD,EQ,1982,1116,56.31
20,1989,SENSEXETF,EQ,6517,5069,77.78
20,1990,SENSEXIETF,EQ,1706,735,43.08
20,1991,SEPC,EQ,19795702,8017947,40.50
20,1992,SEQUENT,EQ,8430675,3719679,44.12
20,1993,SERVICE,SM,8000,8000,100.00
20,1994,SERVOTECH,EQ,765807,607532,79.33
20,1995,SESHAPAPER,EQ,32356,17154,53.02
20,1996,SETF10GILT,EQ,168357,167907,99.73
20,1997,SETFGOLD,EQ,1820226,1512869,83.11
20,1998,SETFNIF50,EQ,596370,466201,78.17
20,1999,SETFNIFBK,EQ,902093,741474,82.19
20,2000,SETFNN50,EQ,18395,12648,68.76
20,2001,SFL,EQ,248540,222534,89.54
20,2002,SFLZC25A,ZK,10,10,100.00
20,2003,SGBAPR28I,GB,239,205,85.77
20,2004,SGBAUG28V,GB,708,560,79.10
20,2005,SGBAUG29V,GB,82,80,97.56
20,2006,SGBAUG30,GB,191,148,77.49
20,2007,SGBD29VIII,GB,61,57,93.44
20,2008,SGBDC27VII,GB,27,27,100.00
20,2009,SGBDE30III,GB,152,113,74.34
20,2010,SGBDE31III,GB,906,691,76.27
20,2011,SGBDEC25,GB,10,5,50.00
20,2012,SGBDEC2513,GB,2,2,100.00
20,2013,SGBFEB27,GB,14,13,92.86
20,2014,SGBFEB28IX,GB,95,86,90.53
20,2015,SGBFEB29XI,GB,197,190,96.45
20,2016,SGBFEB32IV,GB,1463,1204,82.30
20,2017,SGBJ28VIII,GB,72,65,90.28
20,2018,SGBJAN26,GB,26,26,100.00
20,2019,SGBJAN27,GB,40,22,55.00
20,2020,SGBJAN29IX,GB,72,57,79.17
20,2021,SGBJAN29X,GB,121,113,93.39
20,2022,SGBJAN30IX,GB,166,153,92.17
20,2023,SGBJU29III,GB,294,188,63.95
20,2024,SGBJUL25,GB,175,169,96.57
20,2025,SGBJUL27,GB,44,43,97.73
20,2026,SGBJUL28IV,GB,335,237,70.75
20,2027,SGBJUL29IV,GB,107,106,99.07
20,2028,SGBJUN27,GB,35,35,100.00
20,2029,SGBJUN28,GB,91,82,90.11
20,2030,SGBJUN29II,GB,278,277,99.64
20,2031,SGBJUN30,GB,107,76,71.03
20,2032,SGBJUN31I,GB,388,302,77.84
20,2033,SGBMAR25,GB,56,45,80.36
20,2034,SGBMAR28X,GB,2,2,100.00
20,2035,SGBMAR30X,GB,37,37,100.00
20,2036,SGBMAR31IV,GB,107,77,71.96
20,2037,SGBMAY25,GB,86,75,87.21
20,2038,SGBMAY26,GB,33,33,100.00
20,2039,SGBMAY28,GB,1915,1492,77.91
20,2040,SGBMAY29I,GB,260,253,97.31
20,2041,SGBMR29XII,GB,392,383,97.70
20,2042,SGBN28VIII,GB,89,77,86.52
20,2043,SGBNOV24,GB,80,63,78.75
20,2044,SGBNOV25IX,GB,4,4,100.00
20,2045,SGBNOV25VI,GB,2,2,100.00
20,2046,SGBNV29VII,GB,243,147,60.49
20,2047,SGBOC28VII,GB,91,90,98.90
20,2048,SGBOCT25IV,GB,8,8,100.00
20,2049,SGBOCT26,GB,76,66,86.84
20,2050,SGBOCT27,GB,27,27,100.00
20,2051,SGBOCT27VI,GB,22,22,100.00
20,2052,SGBSEP24,GB,214,214,100.00
20,2053,SGBSEP27,GB,128,119,92.97
20,2054,SGBSEP28VI,GB,77,73,94.81
20,2055,SGBSEP29VI,GB,313,257,82.11
20,2056,SGBSEP31II,GB,1431,1224,85.53
20,2057,SGIL,EQ,54133,26746,49.41
20,2058,SHAHALLOYS,EQ,2352661,438388,18.63
20,2059,SHAILY,EQ,222553,130981,58.85
20,2060,SHAKTIPUMP,EQ,53839,42228,78.43
20,2061,SHALBY,EQ,66316,38574,58.17
20,2062,SHALPAINTS,EQ,201870,147657,73.14
20,2063,SHANKARA,EQ,90936,61797,67.96
20,2064,SHANTHALA,SM,8400,4800,57.14
20,2065,SHANTI,EQ,860232,237861,27.65
20,2066,SHANTIGEAR,EQ,123112,64331,52.25
20,2067,SHARDACROP,EQ,369873,319053,86.26
20,2068,SHARDAMOTR,EQ,24280,13998,57.65
20,2069,SHAREINDIA,EQ,1753576,841667,48.00
20,2070,SHARIABEES,EQ,2992,1312,43.85
20,2071,SHEETAL,SM,10000,10000,100.00
20,2072,SHEMAROO,EQ,105627,38701,36.64
20,2073,SHERA,SM,176000,125000,71.02
20,2074,SHIGAN,SM,18000,18000,100.00
20,2075,SHILPAMED,EQ,157953,76291,48.30
20,2076,SHIVALIK,EQ,10177,6979,68.58
20,2077,SHIVAMILLS,EQ,296659,79428,26.77
20,2078,SHIVATEX,EQ,27358,13118,47.95
20,2079,SHK,EQ,14430060,2882760,19.98
20,2080,SHOPERSTOP,EQ,78799,16776,21.29
20,2081,SHREDIGCEM,EQ,1543955,750547,48.61
20,2082,SHREECEM,EQ,23216,13076,56.32
20,2083,SHREEKARNI,ST,1800,1800,100.00
20,2084,SHREEOSFM,SM,28000,25000,89.29
20,2085,SHREYANIND,EQ,12895,9146,70.93
20,2086,SHREYAS,EQ,206502,80644,39.05
20,2087,SHRIPISTON,EQ,60821,35209,57.89
20,2088,SHRIRAMFIN,EQ,1336373,808818,60.52
20,2089,SHRIRAMPPS,EQ,2136564,1041514,48.75
20,2090,SHRITECH,SM,18000,18000,100.00
20,2091,SHUBHLAXMI,SM,69000,57000,82.61
20,2092,SHUBHSHREE,ST,30000,30000,100.00
20,2093,SHYAMCENT,EQ,275275,210066,76.31
20,2094,SHYAMMETL,EQ,631610,321630,50.92
20,2095,SIDDHIKA,SM,2000,2000,100.00
20,2096,SIEMENS,EQ,388948,182910,47.03
20,2097,SIGACHI,EQ,1394246,732112,52.51
20,2098,SIGIND,EQ,886227,370584,41.82
20,2099,SIGMA,EQ,3956,2786,70.42
20,2100,SIGNATURE,EQ,652106,136946,21.00
20,2101,SIGNORIA,SM,6000,6000,100.00
20,2102,SIGNPOST,EQ,582781,283402,48.63
20,2103,SIKKO,EQ,179286,51390,28.66
20,2104,SILGO,EQ,519742,250083,48.12
20,2105,SILINV,EQ,5675,3570,62.91
20,2106,SILKFLEX,SM,20000,14000,70.00
20,2107,SILVER,EQ,500352,458675,91.67
20,2108,SILVER1,EQ,160462,142252,88.65
20,2109,SILVERADD,EQ,13027,10992,84.38
20,2110,SILVERBEES,EQ,6775175,4093503,60.42
20,2111,SILVERETF,EQ,134327,86494,64.39
20,2112,SILVERIETF,EQ,1262172,941238,74.57
20,2113,SILVERTUC,EQ,16998,2034,11.97
20,2114,SILVRETF,EQ,12510,3422,27.35
20,2115,SINCLAIR,EQ,19957,14465,72.48
20,2116,SINDHUTRAD,EQ,1137516,641875,56.43
20,2117,SINTERCOM,EQ,122994,55848,45.41
20,2118,SIRCA,EQ,88379,49197,55.67
20,2119,SIS,EQ,66069,37247,56.38
20,2120,SIYSIL,EQ,29210,21889,74.94
20,2121,SJLOGISTIC,SM,30500,19500,63.93
20,2122,SJS,EQ,40197,19663,48.92
20,2123,SJVN,EQ,5439398,2293760,42.17
20,2124,SKFINDIA,EQ,255492,230927,90.39
20,2125,SKIPPER,EQ,1800493,528152,29.33
20,2126,SKIPPERPP,E1,13735,11166,81.30
20,2127,SKMEGGPROD,EQ,101172,47135,46.59
20,2128,SKP,SM,26000,23000,88.46
20,2129,SMALLCAP,EQ,390229,244272,62.60
20,2130,SMARTLINK,EQ,53306,40801,76.54
20,2131,SMCGLOBAL,EQ,215130,131662,61.20
20,2132,SMLISUZU,EQ,14102,8319,58.99
20,2133,SMLT,EQ,9868,6400,64.86
20,2134,SMSPHARMA,EQ,811989,295002,36.33
20,2135,SMVD,SM,20200,20200,100.00
20,2136,SNOWMAN,EQ,5408768,1869606,34.57
20,2137,SOBHA,EQ,138192,56147,40.63
20,2138,SOBHAPP,E1,1316,1175,89.29
20,2139,SOFTTECH,EQ,10655,6714,63.01
20,2140,SOLARAPP,X1,5387,5279,98.00
20,2141,SOLARINDS,EQ,76217,46468,60.97
20,2142,SOLEX,SM,24750,15500,62.63
20,2143,SOMANYCERA,EQ,84987,50861,59.85
20,2144,SOMATEX,EQ,49740,15454,31.07
20,2145,SONACOMS,EQ,943870,517107,54.79
20,2146,SONAMAC,SM,17000,12000,70.59
20,2147,SONAMLTD,EQ,3368352,1243684,36.92
20,2148,SONATSOFTW,EQ,249565,119227,47.77
20,2149,SONUINFRA,ST,6000,6000,100.00
20,2150,SOTAC,ST,6000,6000,100.00
20,2151,SOTL,EQ,29332,13260,45.21
20,2152,SOUTHBANK,EQ,10091810,4427492,43.87
20,2153,SPAL,EQ,6869,3679,53.56
20,2154,SPANDANA,EQ,369522,101988,27.60
20,2155,SPARC,EQ,383885,167640,43.67
20,2156,SPCENET,EQ,2480947,1721553,69.39
20,2157,SPCL,SM,128400,84000,65.42
20,2158,SPECIALITY,EQ,36963,23610,63.87
20,2159,SPECTRUM,SM,5375,3500,65.12
20,2160,SPECTSTM,SM,13600,10400,76.47
20,2161,SPENCERS,EQ,606141,207256,34.19
20,2162,SPIC,EQ,875158,335020,38.28
20,2163,SPLIL,EQ,67678,17835,26.35
20,2164,SPLPETRO,EQ,37442,24658,65.86
20,2165,SPORTKING,EQ,539615,314049,58.20
20,2166,SPPPOLY,ST,1122000,1104000,98.40
20,2167,SPRL,ST,1600,1600,100.00
20,2168,SREEL,EQ,9908,6529,65.90
20,2169,SRF,EQ,490479,356390,72.66
20,2170,SRGHFL,EQ,4563,3779,82.82
20,2171,SRHHYPOLTD,EQ,705599,165974,23.52
20,2172,SRIVASAVI,SM,44000,37000,84.09
20,2173,SRPL,EQ,4847126,3115318,64.27
20,2174,SSDL,EQ,798113,275366,34.50
20,2175,SSEGL,SM,197000,115000,58.38
20,2176,SSFL,SM,13000,12000,92.31
20,2177,SSFL-RE,ST,12000,11700,97.50
20,2178,SSWL,EQ,1101241,390636,35.47
20,2179,STANLEY,EQ,260541,193053,74.10
20,2180,STAR,EQ,318897,217709,68.27
20,2181,STARCEMENT,EQ,307889,171680,55.76
20,2182,STARHEALTH,EQ,1302175,1107402,85.04
20,2183,STARPAPER,EQ,9038,4718,52.20
20,2184,STCINDIA,EQ,45029,22934,50.93
20,2185,STEELCAS,EQ,38754,16795,43.34
20,2186,STEELCITY,EQ,27464,12731,46.36
20,2187,STEELXIND,EQ,24444879,9226220,37.74
20,2188,STERTOOLS,EQ,263583,86910,32.97
20,2189,STLTECH,EQ,875256,438228,50.07
20,2190,STOVEKRAFT,EQ,186543,98116,52.60
20,2191,STYLAMIND,EQ,14222,8255,58.04
20,2192,STYLEBAAZA,EQ,1974826,827132,41.88
20,2193,STYRENIX,EQ,30252,18306,60.51
20,2194,SUBEXLTD,EQ,3988439,1543207,38.69
20,2195,SUBROS,EQ,148192,63166,42.62
20,2196,SUDARSCHEM,EQ,124484,62853,50.49
20,2197,SUKHJITS,EQ,23417,15065,64.33
20,2198,SULA,EQ,191784,115037,59.98
20,2199,SUMICHEM,EQ,761250,430260,56.52
20,2200,SUMMITSEC,EQ,11723,4835,41.24
20,2201,SUNCLAY,EQ,8409,6229,74.08
20,2202,SUNDARMFIN,EQ,60434,32498,53.77
20,2203,SUNDARMHLD,EQ,155216,94587,60.94
20,2204,SUNDRMFAST,EQ,83471,43437,52.04
20,2205,SUNFLAG,EQ,1443862,427927,29.64
20,2206,SUNLITE,SM,51600,38400,74.42
20,2207,SUNPHARMA,EQ,2528953,1815550,71.79
20,2208,SUNREST,SM,3200,1600,50.00
20,2209,SUNTECK,EQ,180325,78423,43.49
20,2210,SUNTV,EQ,568376,174140,30.64
20,2211,SUPERHOUSE,EQ,30439,18336,60.24
20,2212,SUPERSPIN,EQ,344840,299880,86.96
20,2213,SUPRAJIT,EQ,195769,124789,63.74
20,2214,SUPREMEIND,EQ,150496,125750,83.56
20,2215,SUPREMEPWR,ST,20000,20000,100.00
20,2216,SUPRIYA,EQ,261941,141576,54.05
20,2217,SURANASOL,EQ,148988,148988,100.00
20,2218,SURANI,SM,6400,5000,78.13
20,2219,SURYALAXMI,EQ,13348,7508,56.25
20,2220,SURYAROSNI,EQ,451003,255817,56.72
20,2221,SURYODAY,EQ,249690,151887,60.83
20,2222,SUTLEJTEX,EQ,246170,103971,42.24
20,2223,SUVEN,EQ,207416,103025,49.67
20,2224,SUVENPHAR,EQ,284524,124227,43.66
20,2225,SUVIDHAA,EQ,208062,124448,59.81
20,2226,SUYOG,EQ,26605,21956,82.53
20,2227,SUZLON,EQ,34414038,18766208,54.53
20,2228,SVPGLOB,EQ,96078,65134,67.79
20,2229,SWANENERGY,EQ,1073456,504152,46.97
20,2230,SWARAJ,SM,13000,12000,92.31
20,2231,SWARAJENG,EQ,7991,4036,50.51
20,2232,SWASTIK,SM,9600,6000,62.50
20,2233,SWELECTES,EQ,50565,21199,41.92
20,2234,SWSOLAR,EQ,1398985,966130,69.06
20,2235,SYLVANPLY,SM,8000,8000,100.00
20,2236,SYMPHONY,EQ,74078,38271,51.66
20,2237,SYNCOMF,EQ,6362811,3315981,52.12
20,2238,SYNGENE,EQ,797874,447378,56.07
20,2239,SYNOPTICS,SM,10800,9600,88.89
20,2240,SYRMA,EQ,168303,79730,47.37
20,2241,SYSTANGO,SM,17600,14800,84.09
20,2242,TAC,SM,38400,25200,65.63
20,2243,TAJGVK,EQ,52747,30794,58.38
20,2244,TAKE,EQ,162450,95058,58.52
20,2245,TALBROAUTO,EQ,128551,62734,48.80
20,2246,TANLA,EQ,276661,174068,62.92
20,2247,TARACHAND,EQ,37013,24218,65.43
20,2248,TARSONS,EQ,43294,13216,30.53
20,2249,TASTYBITE,EQ,3524,2071,58.77
20,2250,TATACHEM,EQ,1082182,429282,39.67
20,2251,TATACOMM,EQ,435601,266122,61.09
20,2252,TATACONSUM,EQ,3393528,2623139,77.30
20,2253,TATAELXSI,EQ,176369,53198,30.16
20,2254,TATAGOLD,EQ,4290506,3396114,79.15
20,2255,TATAINVEST,EQ,50471,25620,50.76
20,2256,TATAMOTORS,EQ,12755422,7588110,59.49
20,2257,TATAPOWER,EQ,40263592,13514414,33.56
20,2258,TATASTEEL,EQ,137414352,57201568,41.63
20,2259,TATATECH,EQ,1205371,612089,50.78
20,2260,TATSILV,EQ,951676,724654,76.15
20,2261,TATVA,EQ,605059,237936,39.32
20,2262,TBI,ST,21600,19200,88.89
20,2263,TBOTEK,EQ,15824,6678,42.20
20,2264,TBZ,EQ,344253,235079,68.29
20,2265,TCHF30,NB,70,70,100.00
20,2266,TCI,EQ,39742,24134,60.73
20,2267,TCIEXP,EQ,41402,25339,61.20
20,2268,TCL,SM,24800,16800,67.74
20,2269,TCPLPACK,EQ,13259,3949,29.78
20,2270,TCS,EQ,3012026,2425914,80.54
20,2271,TDPOWERSYS,EQ,304693,111788,36.69
20,2272,TEAMLEASE,EQ,34470,19961,57.91
20,2273,TECH,EQ,44220,33303,75.31
20,2274,TECHLABS,ST,12500,11500,92.00
20,2275,TECHM,EQ,1781972,1094718,61.43
20,2276,TECHNOE,EQ,234282,205997,87.93
20,2277,TEGA,EQ,8654,3986,46.06
20,2278,TEJASNET,EQ,485231,243821,50.25
20,2279,TEXINFRA,EQ,407384,217623,53.42
20,2280,TEXMOPIPES,EQ,121772,63561,52.20
20,2281,TEXRAIL,EQ,1823511,963818,52.86
20,2282,TFCILTD,EQ,493001,327109,66.35
20,2283,TGBHOTELS,EQ,212264,89768,42.29
20,2284,TGL,ST,14400,13200,91.67
20,2285,THANGAMAYL,EQ,244552,72279,29.56
20,2286,THEJO,EQ,17011,11703,68.80
20,2287,THEMISMED,EQ,326487,209266,64.10
20,2288,THERMAX,EQ,107945,50962,47.21
20,2289,THOMASCOOK,EQ,501951,344567,68.65
20,2290,THYROCARE,EQ,28425,13774,48.46
20,2291,TI,EQ,1024465,347888,33.96
20,2292,TIDEWATER,EQ,25483,9153,35.92
20,2293,TIIL,EQ,13485,5723,42.44
20,2294,TIINDIA,EQ,412068,347307,84.28
20,2295,TIMESCAN,SM,2000,2000,100.00
20,2296,TIMESGTY,EQ,4913,2907,59.17
20,2297,TIMETECHNO,EQ,979073,237605,24.27
20,2298,TIMKEN,EQ,93745,47596,50.77
20,2299,TIPSFILMS,EQ,11251,5637,50.10
20,2300,TIPSINDLTD,EQ,321056,168043,52.34
20,2301,TIRUMALCHM,EQ,240634,104545,43.45
20,2302,TIRUPATI,SM,11250,11250,100.00
20,2303,TITAGARH,EQ,447155,228963,51.20
20,2304,TITAN,EQ,1281513,968055,75.54
20,2305,TMB,EQ,72734,37235,51.19
20,2306,TNIDETF,EQ,81611,71332,87.40
20,2307,TNPETRO,EQ,198713,123225,62.01
20,2308,TNPL,EQ,103596,57802,55.80
20,2309,TOP100CASE,EQ,133410,116313,87.18
20,2310,TOP10ADD,EQ,90089,87298,96.90
20,2311,TORNTPHARM,EQ,171380,98754,57.62
20,2312,TORNTPOWER,EQ,1057400,334706,31.65
20,2313,TRACXN,EQ,584711,273431,46.76
20,2314,TRANSTEEL,SM,134000,86000,64.18
20,2315,TRANSWIND,ST,20000,16000,80.00
20,2316,TREEHOUSE,EQ,32874,25309,76.99
20,2317,TREL,EQ,251084,122898,48.95
20,2318,TRENT,EQ,613798,424720,69.20
20,2319,TRF,EQ,15421,10563,68.50
20,2320,TRIDENT,EQ,4129321,1958811,47.44
20,2321,TRIDHYA,SM,6000,6000,100.00
20,2322,TRITURBINE,EQ,458665,216471,47.20
20,2323,TRIVENI,EQ,466010,145768,31.28
20,2324,TROM,SM,34800,16800,48.28
20,2325,TRU,EQ,6953141,3007630,43.26
20,2326,TRUST,ST,100800,78000,77.38
20,2327,TTKHLTCARE,EQ,3210,2261,70.44
20,2328,TTKPRESTIG,EQ,64969,33261,51.20
20,2329,TTL,EQ,12712,7170,56.40
20,2330,TTML,EQ,3003033,1054044,35.10
20,2331,TUNWAL,SM,114000,90000,78.95
20,2332,TV18BRDCST,EQ,5765098,2577263,44.70
20,2333,TVSHLTD,EQ,34048,14731,43.27
20,2334,TVSMOTOR,EQ,716361,404169,56.42
20,2335,TVSSCS,EQ,1671721,775917,46.41
20,2336,TVSSRICHAK,EQ,2838,1500,52.85
20,2337,TVTODAY,EQ,191621,104283,54.42
20,2338,UBL,EQ,235451,92601,39.33
20,2339,UCAL,EQ,87696,40214,45.86
20,2340,UCOBANK,EQ,5308366,1902373,35.84
20,2341,UDAICEMENT,EQ,401682,200211,49.84
20,2342,UDS,EQ,229668,74933,32.63
20,2343,UFLEX,EQ,90822,76442,84.17
20,2344,UFO,EQ,103612,57624,55.62
20,2345,UGARSUGAR,EQ,701582,302812,43.16
20,2346,UGROCAP,EQ,260608,105798,40.60
20,2347,UJJIVANSFB,EQ,8307792,5285697,63.62
20,2348,ULTRACEMCO,EQ,242038,146608,60.57
20,2349,UMA,SM,24000,16000,66.67
20,2350,UNICHEMLAB,EQ,26555,11193,42.15
20,2351,UNIDT,EQ,20804,12059,57.96
20,2352,UNIECOM,EQ,971343,512138,52.72
20,2353,UNIENTER,EQ,44114,19697,44.65
20,2354,UNIHEALTH,SM,13000,13000,100.00
20,2355,UNIINFO,EQ,32206,18865,58.58
20,2356,UNIONBANK,EQ,10044990,5776369,57.50
20,2357,UNIPARTS,EQ,35233,23232,65.94
20,2358,UNITDSPR,EQ,964946,524451,54.35
20,2359,UNITEDPOLY,EQ,335594,144891,43.17
20,2360,UNITEDTEA,EQ,4919,3204,65.14
20,2361,UNIVASTU,EQ,11569,8382,72.45
20,2362,UNIVCABLES,EQ,48351,23924,49.48
20,2363,UNIVPHOTO,EQ,969,691,71.31
20,2364,UNOMINDA,EQ,728416,416311,57.15
20,2365,UPL,EQ,2301515,1014892,44.10
20,2366,URBAN,SM,6400,5200,81.25
20,2367,URJA,EQ,2010432,1020840,50.78
20,2368,USASEEDS,SM,600,600,100.00
20,2369,USHAMART,EQ,306275,155134,50.65
20,2370,UTIAMC,EQ,156681,71846,45.85
20,2371,UTIBANKETF,EQ,3639747,3545977,97.42
20,2372,UTINEXT50,EQ,88530,62010,70.04
20,2373,UTINIFTETF,EQ,19605,14548,74.21
20,2374,UTISENSETF,EQ,1667,701,42.05
20,2375,UTISXN50,EQ,11340,11001,97.01
20,2376,UTKARSHBNK,EQ,1059462,592876,55.96
20,2377,UTSSAV,SM,202800,115200,56.80
20,2378,UTTAMSUGAR,EQ,125407,54932,43.80
20,2379,VADILALIND,EQ,48287,28785,59.61
20,2380,VAIBHAVGBL,EQ,500367,217451,43.46
20,2381,VAISHALI,EQ,308461,110140,35.71
20,2382,VAKRANGEE,EQ,23322793,5823182,24.97
20,2383,VALIANTLAB,EQ,50167,31760,63.31
20,2384,VALIANTORG,EQ,33407,17804,53.29
20,2385,VARDHACRLC,EQ,98371,59982,60.98
20,2386,VARROC,EQ,1062506,675122,63.54
20,2387,VASCONEQ,EQ,713825,399369,55.95
20,2388,VASWANI,EQ,1743631,657601,37.71
20,2389,VBL,EQ,4960677,2859219,57.64
20,2390,VDEAL,SM,50400,38400,76.19
20,2391,VEDL,EQ,28418267,12682704,44.63
20,2392,VEEKAYEM,SM,7000,7000,100.00
20,2393,VENKEYS,EQ,34752,18721,53.87
20,2394,VENUSPIPES,EQ,34281,19315,56.34
20,2395,VENUSREM,EQ,46457,20699,44.56
20,2396,VERITAAS,SM,6000,3600,60.00
20,2397,VERTOZ,EQ,59097223,31347501,53.04
20,2398,VESUVIUS,EQ,32000,16128,50.40
20,2399,VGUARD,EQ,240922,118024,48.99
20,2400,VHL,EQ,17993,8465,47.05
20,2401,VIAZ,SM,10000,8000,80.00
20,2402,VIDHIING,EQ,349297,130898,37.47
20,2403,VIESL,ST,312000,287200,92.05
20,2404,VIJAYA,EQ,133000,49291,37.06
20,2405,VIKASECO,EQ,6606849,3244178,49.10
20,2406,VIKASLIFE,EQ,10543308,5199547,49.32
20,2407,VILAS,ST,64000,61000,95.31
20,2408,VILINBIO,SM,20000,20000,100.00
20,2409,VIMTALABS,EQ,68519,33880,49.45
20,2410,VINATIORGA,EQ,131263,98624,75.13
20,2411,VINDHYATEL,EQ,22100,13215,59.80
20,2412,VINEETLAB,EQ,10836,6449,59.51
20,2413,VINSYS,SM,42000,34000,80.95
20,2414,VINYAS,ST,14000,13200,94.29
20,2415,VINYLINDIA,EQ,15706,9059,57.68
20,2416,VIPIND,EQ,10512072,2030224,19.31
20,2417,VIRINCHI,EQ,509005,295349,58.02
20,2418,VISAKAIND,EQ,149224,98491,66.00
20,2419,VISHNU,EQ,96872,47452,48.98
20,2420,VISHNUINFR,SM,14000,6500,46.43
20,2421,VISHWARAJ,EQ,4866360,1967008,40.42
20,2422,VISHWAS,SM,9600,9600,100.00
20,2423,VITAL,ST,14400,14400,100.00
20,2424,VIVIANA,ST,5500,5500,100.00
20,2425,VIVIDHA,EQ,1046911,528650,50.50
20,2426,VLEGOV,EQ,4602796,2273933,49.40
20,2427,VLINFRA,SM,69000,39000,56.52
20,2428,VLSFINANCE,EQ,36619,20810,56.83
20,2429,VMARCIND,SM,19000,15000,78.95
20,2430,VMART,EQ,58783,30476,51.84
20,2431,VOLTAMP,EQ,18614,11060,59.42
20,2432,VOLTAS,EQ,1223016,643546,52.62
20,2433,VPRPL,EQ,314581,154990,49.27
20,2434,VRAJ,EQ,3824247,777795,20.34
20,2435,VRLLOG,EQ,58207,21634,37.17
20,2436,VSCL,SM,75000,63000,84.00
20,2437,VSSL,EQ,128070,71639,55.94
20,2438,VSTIND,EQ,2279780,1138924,49.96
20,2439,VSTL,EQ,320843,170646,53.19
20,2440,VSTTILLERS,EQ,10873,4953,45.55
20,2441,VTL,EQ,164707,79191,48.08
20,2442,WABAG,EQ,327793,181054,55.23
20,2443,WALCHANNAG,EQ,226404,140664,62.13
20,2444,WALPAR,SM,4000,4000,100.00
20,2445,WCIL,EQ,16765947,7247874,43.23
20,2446,WEL,EQ,77565,22818,29.42
20,2447,WELCORP,EQ,2352376,812528,34.54
20,2448,WELENT,EQ,180191,117813,65.38
20,2449,WELINV,EQ,218,114,52.29
20,2450,WELSPUNLIV,EQ,2943226,1758519,59.75
20,2451,WENDT,EQ,268,162,60.45
20,2452,WESTLIFE,EQ,160950,48268,29.99
20,2453,WHEELS,EQ,42349,23561,55.64
20,2454,WHIRLPOOL,EQ,81273,35011,43.08
20,2455,WILLAMAGOR,EQ,17797,4559,25.62
20,2456,WINDLAS,EQ,31458,17289,54.96
20,2457,WINDMACHIN,EQ,133826,80494,60.15
20,2458,WINSOL,SM,49600,27200,54.84
20,2459,WIPRO,EQ,6177847,2425112,39.25
20,2460,WOMANCART,ST,8000,8000,100.00
20,2461,WONDERLA,EQ,63170,27828,44.05
20,2462,WORTH,EQ,68793,32584,47.37
20,2463,WSI,EQ,118951,77253,64.95
20,2464,WSTCSTPAPR,EQ,63814,38748,60.72
20,2465,WTICAB,SM,51000,34000,66.67
20,2466,XCHANGING,EQ,381429,207176,54.32
20,2467,XELPMOC,EQ,21494,15214,70.78
20,2468,XPROINDIA,EQ,12466,7902,63.39
20,2469,XTGLOBAL,EQ,391088,191591,48.99
20,2470,YASHO,EQ,29466,21516,73.02
20,2471,YASHOPTICS,SM,52800,48000,90.91
20,2472,YATHARTH,EQ,615908,382340,62.08
20,2473,YATRA,EQ,236758,125623,53.06
20,2474,YCCL,SM,15000,15000,100.00
20,2475,YESBANK,EQ,49409683,24541227,49.67
20,2476,YUDIZ,ST,7200,7200,100.00
20,2477,YUKEN,EQ,17223,15369,89.24
20,2478,ZAGGLE,EQ,1553367,640273,41.22
20,2479,ZEAL,SM,12000,10200,85.00
20,2480,ZEEL,EQ,8295717,4494332,54.18
20,2481,ZEEMEDIA,EQ,8746639,3705678,42.37
20,2482,ZENITHDRUG,SM,110400,76800,69.57
20,2483,ZENSARTECH,EQ,2103532,1137419,54.07
20,2484,ZENTEC,EQ,191742,107721,56.18
20,2485,ZFCVINDIA,EQ,3720,1973,53.04
20,2486,ZIMLAB,EQ,83158,41427,49.82
20,2487,ZOMATO,EQ,40844804,18848233,46.15
20,2488,ZOTA,EQ,19042,12183,63.98
20,2489,ZTECH,SM,117600,110400,93.88
20,2490,ZUARI,EQ,72803,37566,51.60
20,2491,ZUARIIND,EQ,122912,70740,57.55
20,2492,ZYDUSLIFE,EQ,1453214,897934,61.79
20,2493,ZYDUSWELL,EQ,37045,21140,57.07
