Security Wise Delivery Position - Compulsory Rolling Settlement
10,MTO,26092024,2064263952,0002478
Trade Date <26-SEP-2024>,Settlement Type <N>
Record Type,Sr No,Name of Security,Quantity Traded,Deliverable Quantity(gross across client level),% of Deliverable Quantity to Traded Quantity
20,1,1003ISFL28,N4,114,114,100.00
20,2,1015ECL29,NR,323,323,100.00
20,3,1018GS2026,GS,202,202,100.00
20,4,1025SCL34,Z8,67,61,91.04
20,5,1025SCL34A,ZT,6,6,100.00
20,6,1035UCL26,NA,219,219,100.00
20,7,1049DLSL25,NX,49,30,61.22
20,8,1050ISFL28,N5,150,100,66.67
20,9,1050NFL26,N7,192,192,100.00
20,10,1050UCL25,N7,2,2,100.00
20,11,1060ECL29,NS,2,2,100.00
20,12,1065NFL27,NC,101,101,100.00
20,13,1075SCL33A,N2,51,51,100.00
20,14,1075UCL25,N9,4,4,100.00
20,15,10IIFL28A,NE,225,225,100.00
20,16,10IIFL29,N6,50,50,100.00
20,17,10NFL25,N9,45,45,100.00
20,18,10NIDO26,N6,362,362,100.00
20,19,10SCL30A,BV,107,94,87.85
20,20,1119NFL27,ND,80,40,50.00
20,21,182D011124,TB,9300,9300,100.00
20,22,182D111024,TB,300,300,100.00
20,23,182D181024,TB,700,700,100.00
20,24,182D281124,TB,1100,1100,100.00
20,25,20MICRONS,EQ,133716,68759,51.42
20,26,360ONE,EQ,1269390,553503,43.60
20,27,364D020125,TB,1600,1600,100.00
20,28,364D040925,TB,2100,2100,100.00
20,29,364D051224,TB,4200,4200,100.00
20,30,364D080525,TB,13600,13600,100.00
20,31,364D090125,TB,100,100,100.00
20,32,364D110925,TB,100,100,100.00
20,33,364D130225,TB,300,300,100.00
20,34,364D200325,TB,200,200,100.00
20,35,3IINFOLTD,EQ,2343443,714519,30.49
20,36,3MINDIA,EQ,3301,1731,52.44
20,37,574GS2026,GS,11,11,100.00
20,38,5PAISA,EQ,36391,19997,54.95
20,39,610GS2031,GS,1035,1005,97.10
20,40,63MOONS,EQ,62467,43045,68.91
20,41,654GS2032,GS,301,301,100.00
20,42,667GS2035,GS,1,1,100.00
20,43,667GS2050,GS,1000,1000,100.00
20,44,676GS2061,GS,5385,5385,100.00
20,45,689GS2025,GS,192,192,100.00
20,46,695GS2061,GS,500,500,100.00
20,47,699GS2026,GS,1004,1004,100.00
20,48,699GS2051,GS,1002,1002,100.00
20,49,702GS2027,GS,1003,1003,100.00
20,50,702GS2031,GS,123,112,91.06
20,51,704GS2029,GS,1700,1641,96.53
20,52,706GS2028,GS,1465,1465,100.00
20,53,709GS2054,GS,150,150,100.00
20,54,710GS2029,GS,11985,11985,100.00
20,55,717GS2030,GS,3701,3701,100.00
20,56,718GS2033,GS,305,300,98.36
20,57,718GS2037,GS,65100,65100,100.00
20,58,71GS2034,GS,1000,1000,100.00
20,59,723GS2039,GS,400,200,50.00
20,60,726GS2032,GS,19512,19511,99.99
20,61,729IRFC26,NN,3,3,100.00
20,62,729NHAI26,NC,20,10,50.00
20,63,732GS2030,GS,8200,8200,100.00
20,64,732IRFC25,NI,101,101,100.00
20,65,733GS2026,GS,325,225,69.23
20,66,734GS2064,GS,3201,3201,100.00
20,67,736GS2052,GS,200,200,100.00
20,68,736NTPC25D,NB,263,263,100.00
20,69,737GR2054,GS,839,839,100.00
20,70,737GS2028,GS,1300,1200,92.31
20,71,738GS2027,GS,93021,92821,99.78
20,72,738REC27TF,N2,1190,1190,100.00
20,73,739NHAI26,N8,150,150,100.00
20,74,73GS2053,GS,1100,1100,100.00
20,75,741GS2036,GS,39310,39310,100.00
20,76,746GS2073,GS,2652,2652,100.00
20,77,753IRFC30,NJ,381,381,100.00
20,78,754GS2036,GS,306389,303922,99.19
20,79,764HUDCO31,N8,1,1,100.00
20,80,764IRFC31,NO,1867,1867,100.00
20,81,764NABAR31,N2,2137,1828,85.54
20,82,769HUDCO31,N9,230,165,71.74
20,83,769NHAI31,NE,2022,1866,92.28
20,84,76IGT26,ND,1060,1060,100.00
20,85,76NHAI31,NA,4194,2849,67.93
20,86,774IREDA31,N7,25,25,100.00
20,87,79NHIT35,N1,2,2,100.00
20,88,79NHIT40,N2,3,3,100.00
20,89,79NHIT47,N3,50,50,100.00
20,90,812REC27,NI,20,20,100.00
20,91,81ABFL33,N5,100,100,100.00
20,92,81TCHF28,N8,57,57,100.00
20,93,824GS2027,GS,200,200,100.00
20,94,828GS2032,GS,1499,1499,100.00
20,95,829LTF24,NL,334,330,98.80
20,96,82HUDCO27,N2,92,92,100.00
20,97,82IGT31,NJ,261,261,100.00
20,98,830CIFC26,N2,50,50,100.00
20,99,830NHAI27,N2,614,403,65.64
20,100,830PFCL27,N5,703,703,100.00
20,101,835IFL25,NV,166,166,100.00
20,102,83GS2042,GS,502,502,100.00
20,103,83TCHF25,N6,81,72,88.89
20,104,840IRFC29,N8,171,171,100.00
20,105,842IIFL26,NL,363,343,94.49
20,106,846REC28,N6,4,4,100.00
20,107,849NTPC25,N7,108933,103741,95.23
20,108,855IREDA29,N2,190,190,100.00
20,109,85IFL26,NX,115,115,100.00
20,110,85IIFL24,NJ,75,75,100.00
20,111,85IIFL25,NO,23,23,100.00
20,112,865IFL28,NZ,300,300,100.00
20,113,865IIFL28,NS,208,208,100.00
20,114,865IRFC29,NA,160,160,100.00
20,115,865TCAPS27,N8,1271,809,63.65
20,116,866NTPC33,N3,359,252,70.19
20,117,866SFL25,ZE,400,200,50.00
20,118,871REC28,N9,155,150,96.77
20,119,872MMFSL26,N1,110,110,100.00
20,120,873NTPC28,N5,21,21,100.00
20,121,875IIFL26A,NQ,50,50,100.00
20,122,875NHAI29,N6,450,450,100.00
20,123,876HUDCO28,ND,525,457,87.05
20,124,879NHPC28,N5,370,250,67.57
20,125,87LTF27,NH,10,10,100.00
20,126,87SCL24A,ZF,1,1,100.00
20,127,880IREDA29,N5,51,51,100.00
20,128,883GS2041,GS,201,201,100.00
20,129,885TCAPS29,NC,50,50,100.00
20,130,888ERFL28,N5,10,10,100.00
20,131,888IHFL25F,NC,50,50,100.00
20,132,888IRFC29,NE,412,311,75.49
20,133,888REC29,NF,100,100,100.00
20,134,888SCL25E,N4,168,84,50.00
20,135,889SCL26,NS,350,200,57.14
20,136,891NTPC33,N6,518,518,100.00
20,137,892PFCL33,N8,909,909,100.00
20,138,894SCL24,ZR,10,10,100.00
20,139,897MOFSL29,N4,150,150,100.00
20,140,901HUDCO34,NE,272,242,88.97
20,141,901NHB34,N6,31,31,100.00
20,142,903SFL28,YI,27,27,100.00
20,143,915GS2024,GS,2,1,50.00
20,144,915SCL26,NE,207,207,100.00
20,145,91D031024,TB,200,200,100.00
20,146,91D051224,TB,100,100,100.00
20,147,91D071124,TB,4300,4300,100.00
20,148,91D101024,TB,100,100,100.00
20,149,91D281124,TB,2000,2000,100.00
20,150,91MOFSL27,N2,25,25,100.00
20,151,925AEL26,N1,17,17,100.00
20,152,925ERFL28,N6,961,949,98.75
20,153,925IHFL25D,N6,5,5,100.00
20,154,925SCL25C,AR,184,184,100.00
20,155,92GS2030,GS,3038,3038,100.00
20,156,92ICCL28,ND,10,10,100.00
20,157,930SFL28,YP,23,23,100.00
20,158,932AEL27,N3,79,79,100.00
20,159,935PEL33,N3,10,10,100.00
20,160,93MOFSL34,N6,65,65,100.00
20,161,948SCL26,N9,35,33,94.29
20,162,948SCL26A,NN,572,565,98.78
20,163,94IFCI25,NL,495,495,100.00
20,164,94SFL28,YL,260,260,100.00
20,165,950SCL23A,AP,100,100,100.00
20,166,956AEL29,N6,697,697,100.00
20,167,957ISFL26,N2,305,305,100.00
20,168,960CAGL25,N3,200,200,100.00
20,169,960IIFLS26,N9,10,10,100.00
20,170,960ISFL25,N1,10,10,100.00
20,171,965AEL27,N4,503,503,100.00
20,172,965SCL25A,NF,10,10,100.00
20,173,965SCL25B,Y1,48,48,100.00
20,174,965SCL25C,N0,80,70,87.50
20,175,96IIFL28,N5,5237,4821,92.06
20,176,96IIFL28A,NF,1064,1039,97.65
20,177,96SFL24A,NB,22,22,100.00
20,178,971SCL28,AN,5,5,100.00
20,179,971SCL28A,NT,493,473,95.94
20,180,971SCL28I,BC,42,42,100.00
20,181,975NFL25,N0,310,310,100.00
20,182,97MOFSL34,N7,40,40,100.00
20,183,980SCL33C,ND,80,80,100.00
20,184,985ECL28,NK,255,182,71.37
20,185,985ICCL28,NO,61,61,100.00
20,186,985IIFL22,NC,181,181,100.00
20,187,98ICCL26,NU,111,111,100.00
20,188,990SCL26,N7,78,77,98.72
20,189,99AEL29,N7,850,850,100.00
20,190,99IFCI24,NH,186,170,91.40
20,191,9MMFSML,N2,5,5,100.00
20,192,9PCHFL31A,NA,446,446,100.00
20,193,9SCL26BA,NA,470,420,89.36
20,194,AAATECH,EQ,73671,35755,48.53
20,195,AADHARHFC,EQ,1175115,684725,58.27
20,196,AARON,EQ,20097,8375,41.67
20,197,AARTECH,EQ,280992,138187,49.18
20,198,AARTIDRUGS,EQ,244584,109782,44.89
20,199,AARTIIND,EQ,1272151,415208,32.64
20,200,AARTIPHARM,EQ,115252,63190,54.83
20,201,AARTISURF,EQ,18368,10179,55.42
20,202,AARTISURF,P1,165,125,75.76
20,203,AARVI,EQ,11317,4274,37.77
20,204,AATMAJ,SM,14000,14000,100.00
20,205,AAVAS,EQ,94388,52221,55.33
20,206,ABAN,EQ,78095,52254,66.91
20,207,ABB,EQ,231382,85963,37.15
20,208,ABBOTINDIA,EQ,20455,7844,38.35
20,209,ABCAPITAL,EQ,5613396,2977543,53.04
20,210,ABCOTS,SM,4500,4000,88.89
20,211,ABDL,EQ,550303,268083,48.72
20,212,ABFRL,EQ,11031669,4925832,44.65
20,213,ABGSEC,EQ,4045,1085,26.82
20,214,ABINFRA,SM,10000,10000,100.00
20,215,ABIN-RE,ST,96750,95500,98.71
20,216,ABSLAMC,EQ,252807,131488,52.01
20,217,ABSLBANETF,EQ,34609,31133,89.96
20,218,ABSLLIQUID,EQ,933,595,63.77
20,219,ABSLNN50ET,EQ,27916,19141,68.57
20,220,ABSLPSE,EQ,257474,175644,68.22
20,221,ABSMARINE,SM,45000,28000,62.22
20,222,ACC,EQ,397193,236126,59.45
20,223,ACCELYA,EQ,23586,13458,57.06
20,224,ACCENTMIC,SM,26500,18500,69.81
20,225,ACCORD,SM,6000,6000,100.00
20,226,ACE,EQ,230647,99944,43.33
20,227,ACEINTEG,EQ,37629,19070,50.68
20,228,ACI,EQ,272397,173003,63.51
20,229,ACL,EQ,30491,23657,77.59
20,230,ACLGATI,EQ,3453314,1320729,38.25
20,231,ACSAL,SM,810000,474000,58.52
20,232,ADANIENSOL,EQ,641975,288376,44.92
20,233,ADANIENT,EQ,1548019,521126,33.66
20,234,ADANIGREEN,EQ,804165,279405,34.74
20,235,ADANIPORTS,EQ,2066994,1117502,54.06
20,236,ADANIPOWER,EQ,1282999,552199,43.04
20,237,ADFFOODS,EQ,369915,161420,43.64
20,238,ADORWELD,EQ,34990,12107,34.60
20,239,ADROITINFO,EQ,29859,20194,67.63
20,240,ADROITPP1,E1,26064,21036,80.71
20,241,ADSL,EQ,797502,283065,35.49
20,242,ADVANIHOTR,EQ,71756,42737,59.56
20,243,ADVENZYMES,EQ,398999,166861,41.82
20,244,AEGISLOG,EQ,71985,42665,59.27
20,245,AEROFLEX,EQ,764193,361332,47.28
20,246,AERON,SM,540000,338000,62.59
20,247,AESTHETIK,SM,54000,40000,74.07
20,248,AETHER,EQ,104940,62092,59.17
20,249,AFFLE,EQ,195866,101898,52.02
20,250,AFIL,EQ,61409,35416,57.67
20,251,AGARIND,EQ,25755,15785,61.29
20,252,AGARWALFT,ST,24000,18000,75.00
20,253,AGI,EQ,414651,219426,52.92
20,254,AGIIL,EQ,2016,1225,60.76
20,255,AGNI,SM,2500,2500,100.00
20,256,AGRITECH,EQ,7907,5558,70.29
20,257,AGROPHOS,EQ,57844,26556,45.91
20,258,AGSTRA,EQ,471741,221836,47.02
20,259,AGUL,SM,10000,10000,100.00
20,260,AHL,EQ,119694,57713,48.22
20,261,AHLADA,EQ,34027,17997,52.89
20,262,AHLEAST,EQ,10093,7667,75.96
20,263,AHLUCONT,EQ,209281,131860,63.01
20,264,AIAENG,EQ,57308,44718,78.03
20,265,AIIL,EQ,47353,33433,70.60
20,266,AIMTRON,ST,184800,175200,94.81
20,267,AIROLAM,EQ,6077,3170,52.16
20,268,AIRTELPP,E1,432019,381457,88.30
20,269,AISL,SM,1200,1200,100.00
20,270,AJANTPHARM,EQ,142773,70941,49.69
20,271,AJMERA,EQ,41798,27317,65.35
20,272,AKANKSHA,ST,78000,68000,87.18
20,273,AKASH,EQ,72545,20354,28.06
20,274,AKG,EQ,28403,20815,73.28
20,275,AKI,EQ,136031,23811,17.50
20,276,AKIKO,SM,14400,14400,100.00
20,277,AKSHARCHEM,EQ,17479,9859,56.40
20,278,AKSHOPTFBR,EQ,203491,147632,72.55
20,279,AKUMS,EQ,104109,75316,72.34
20,280,AKZOINDIA,EQ,6955,4372,62.86
20,281,ALANKIT,EQ,821967,369128,44.91
20,282,ALEMBICLTD,EQ,765089,336940,44.04
20,283,ALICON,EQ,46429,23111,49.78
20,284,ALKALI,EQ,22417,10394,46.37
20,285,ALKEM,EQ,242297,97209,40.12
20,286,ALKYLAMINE,EQ,58839,29599,50.31
20,287,ALLCARGO,EQ,6038978,1743599,28.87
20,288,ALLETEC,SM,36800,27600,75.00
20,289,ALLSEC,EQ,56078,12400,22.11
20,290,ALOKINDS,EQ,12517223,3616419,28.89
20,291,ALPA,EQ,153327,76676,50.01
20,292,ALPEXSOLAR,ST,30000,27600,92.00
20,293,ALPHA,EQ,1863368,1536370,82.45
20,294,ALPHAETF,EQ,708628,529537,74.73
20,295,ALPL30IETF,EQ,1439737,717003,49.80
20,296,ALUWIND,ST,75000,75000,100.00
20,297,AMBANIORGO,SM,9000,8000,88.89
20,298,AMBER,EQ,350885,74918,21.35
20,299,AMBEY,SM,102000,86000,84.31
20,300,AMBICAAGAR,EQ,17802,9627,54.08
20,301,AMBIKCO,EQ,5600,2720,48.57
20,302,AMBUJACEM,EQ,1936586,1226914,63.35
20,303,AMDIND,EQ,24844,17299,69.63
20,304,AMEYA,SM,22000,14000,63.64
20,305,AMIORG,EQ,375943,134043,35.66
20,306,AMJUMBO,SM,24000,24000,100.00
20,307,AMNPLST,EQ,11160,5267,47.20
20,308,AMRUTANJAN,EQ,1180187,852944,72.27
20,309,ANANDRATHI,EQ,39510,21644,54.78
20,310,ANANTRAJ,EQ,948837,372504,39.26
20,311,ANDHRAPAP,EQ,242545,161023,66.39
20,312,ANDHRSUGAR,EQ,164930,102307,62.03
20,313,ANGELONE,EQ,762878,331879,43.50
20,314,ANLON,ST,9600,9200,95.83
20,315,ANNAPURNA,SM,266500,234000,87.80
20,316,ANUP,EQ,17858,8180,45.81
20,317,ANURAS,EQ,34886,18031,51.69
20,318,APARINDS,EQ,81324,39311,48.34
20,319,APCL,EQ,26530,16386,61.76
20,320,APCOTEXIND,EQ,33239,23032,69.29
20,321,APEX,EQ,270902,111279,41.08
20,322,APLAPOLLO,EQ,725879,573727,79.04
20,323,APLLTD,EQ,290215,88745,30.58
20,324,APOLLO,EQ,1029198,483958,47.02
20,325,APOLLOHOSP,EQ,405696,244299,60.22
20,326,APOLLOPIPE,EQ,39443,24601,62.37
20,327,APOLLOTYRE,EQ,3348655,1332196,39.78
20,328,APOLSINHOT,EQ,17892,11044,61.73
20,329,APRAMEYA,SM,12000,8000,66.67
20,330,APS,ST,35500,28000,78.87
20,331,APTECHT,EQ,147908,67138,45.39
20,332,APTUS,EQ,681414,343871,50.46
20,333,ARABIAN,SM,4000,4000,100.00
20,334,ARCHIES,EQ,2000564,660884,33.03
20,335,ARE&M,EQ,777024,558204,71.84
20,336,ARHAM,SM,45000,31000,68.89
20,337,ARIES,EQ,79001,37595,47.59
20,338,ARIHANTACA,SM,15200,15200,100.00
20,339,ARIHANTCAP,EQ,746225,306718,41.10
20,340,ARIHANTSUP,EQ,308375,99528,32.27
20,341,ARISTO,SM,28800,25600,88.89
20,342,ARKADE,EQ,8926549,1703034,19.08
20,343,ARMANFIN,EQ,41819,20838,49.83
20,344,AROGRANITE,EQ,52493,23675,45.10
20,345,ARROWGREEN,EQ,18930,11207,59.20
20,346,ARTEMISMED,EQ,183650,130746,71.19
20,347,ARVIND,EQ,283780,164717,58.04
20,348,ARVINDFASN,EQ,266705,128114,48.04
20,349,ARVSMART,EQ,93296,46499,49.84
20,350,ASAHIINDIA,EQ,309703,69749,22.52
20,351,ASAL,EQ,15516,7111,45.83
20,352,ASALCBR,EQ,103399,52635,50.90
20,353,ASCOM,ST,500,500,100.00
20,354,ASHALOG,SM,32000,27000,84.38
20,355,ASHAPURMIN,EQ,415403,289127,69.60
20,356,ASHIANA,EQ,44391,18906,42.59
20,357,ASHOKA,EQ,787404,396389,50.34
20,358,ASHOKAMET,EQ,40109,29685,74.01
20,359,ASHOKLEY,EQ,12748640,6559619,51.45
20,360,ASIANENE,EQ,173656,127429,73.38
20,361,ASIANHOTNR,EQ,3327,2562,77.01
20,362,ASIANPAINT,EQ,951080,565871,59.50
20,363,ASIANTILES,EQ,1259166,578582,45.95
20,364,ASKAUTOLTD,EQ,1395141,356793,25.57
20,365,ASLIND,SM,8000,8000,100.00
20,366,ASMS,EQ,939840,409608,43.58
20,367,ASPINWALL,EQ,9167,5785,63.11
20,368,ASPIRE,SM,24000,24000,100.00
20,369,ASTEC,EQ,56193,35677,63.49
20,370,ASTERDM,EQ,637462,461048,72.33
20,371,ASTRAL,EQ,317884,154336,48.55
20,372,ASTRAMICRO,EQ,162179,88008,54.27
20,373,ASTRAZEN,EQ,46228,9137,19.77
20,374,ASTRON,EQ,177046,103758,58.61
20,375,ATAM,EQ,274554,105351,38.37
20,376,ATFL,EQ,42033,30153,71.74
20,377,ATGL,EQ,698506,301623,43.18
20,378,ATL,EQ,480582,227843,47.41
20,379,ATMASTCO,ST,32800,30400,92.68
20,380,ATUL,EQ,142545,114750,80.50
20,381,AUBANK,EQ,2158790,1275057,59.06
20,382,AURDIS,SM,12000,9500,79.17
20,383,AURIONPRO,EQ,43346,25170,58.07
20,384,AUROIMPEX,SM,41600,28800,69.23
20,385,AUROPHARMA,EQ,853880,383338,44.89
20,386,AURUMPP1,X1,22401,19840,88.57
20,387,AUSL,ST,166000,166000,100.00
20,388,AUTOAXLES,EQ,11111,8571,77.14
20,389,AUTOBEES,EQ,312784,184700,59.05
20,390,AUTOIETF,EQ,802997,521322,64.92
20,391,AUTOIND,EQ,146637,72854,49.68
20,392,AVADHSUGAR,EQ,93499,49460,52.90
20,393,AVALON,EQ,242457,68846,28.40
20,394,AVANTEL,EQ,544355,214335,39.37
20,395,AVANTIFEED,EQ,247470,97081,39.23
20,396,AVG,EQ,38869,26175,67.34
20,397,AVPINFRA,SM,105600,70400,66.67
20,398,AVSL,ST,1000,1000,100.00
20,399,AVTNPL,EQ,176758,103342,58.47
20,400,AWFIS,EQ,110688,44995,40.65
20,401,AWHCL,EQ,91439,42852,46.86
20,402,AWL,EQ,903375,417628,46.23
20,403,AXISBANK,EQ,7270078,4437039,61.03
20,404,AXISBNKETF,EQ,990,672,67.88
20,405,AXISBPSETF,EQ,125601,119175,94.88
20,406,AXISCADES,EQ,152743,84572,55.37
20,407,AXISCETF,EQ,8908,6216,69.78
20,408,AXISGOLD,EQ,305833,259317,84.79
20,409,AXISHCETF,EQ,2949,2653,89.96
20,410,AXISILVER,EQ,67098,62822,93.63
20,411,AXISNIFTY,EQ,5178,3924,75.78
20,412,AXISTECETF,EQ,3838,3393,88.41
20,413,AXITA,EQ,5646028,1624805,28.78
20,414,AXSENSEX,EQ,2382,1415,59.40
20,415,AZAD,EQ,63180,35232,55.76
20,416,BABAFP,SM,19200,17600,91.67
20,417,BAGFILMS,EQ,4962797,2173899,43.80
20,418,BAHETI,SM,12000,8250,68.75
20,419,BAJAJ-AUTO,EQ,641805,309890,48.28
20,420,BAJAJCON,EQ,306903,193575,63.07
20,421,BAJAJELEC,EQ,30811,16548,53.71
20,422,BAJAJFINSV,EQ,2541200,885714,34.85
20,423,BAJAJHCARE,EQ,101960,52916,51.90
20,424,BAJAJHFL,EQ,82292061,17033840,20.70
20,425,BAJAJHIND,EQ,8325315,3022616,36.31
20,426,BAJAJHLDNG,EQ,55743,27448,49.24
20,427,BAJEL,EQ,305313,166678,54.59
20,428,BAJFINANCE,EQ,1668165,927432,55.60
20,429,BALAJEE,EQ,710413,337834,47.55
20,430,BALAMINES,EQ,23051,12009,52.10
20,431,BALAXI,EQ,29372,17582,59.86
20,432,BALCO,SM,6000,6000,100.00
20,433,BALKRISHNA,EQ,276778,110254,39.83
20,434,BALKRISIND,EQ,481194,261768,54.40
20,435,BALMLAWRIE,EQ,122811,54986,44.77
20,436,BALRAMCHIN,EQ,1929927,1105587,57.29
20,437,BALUFORGE,EQ,692023,292888,42.32
20,438,BANARBEADS,EQ,1041630,262298,25.18
20,439,BANARISUG,EQ,4166,2413,57.92
20,440,BANCOINDIA,EQ,36469,17425,47.78
20,441,BANDHANBNK,EQ,8620616,3676381,42.65
20,442,BANG,EQ,14997,9075,60.51
20,443,BANKA,EQ,15106,7277,48.17
20,444,BANKBARODA,EQ,7377443,2887496,39.14
20,445,BANKBEES,EQ,652428,419115,64.24
20,446,BANKBETF,EQ,11115,9637,86.70
20,447,BANKETF,EQ,5067,4703,92.82
20,448,BANKETFADD,EQ,59342,57922,97.61
20,449,BANKIETF,EQ,181696,96058,52.87
20,450,BANKINDIA,EQ,4939056,2419934,49.00
20,451,BANKNIFTY1,EQ,13652,8045,58.93
20,452,BANSALWIRE,EQ,440472,163779,37.18
20,453,BANSWRAS,EQ,34447,21784,63.24
20,454,BARBEQUE,EQ,37342,20570,55.09
20,455,BASF,EQ,25437,12898,50.71
20,456,BASILIC,ST,68100,64800,95.15
20,457,BATAINDIA,EQ,194985,101769,52.19
20,458,BAWEJA,SM,13600,10400,76.47
20,459,BAYERCROP,EQ,72127,59696,82.77
20,460,BBETF0432,EQ,1545,1082,70.03
20,461,BBL,EQ,17359,11198,64.51
20,462,BBNPNBETF,EQ,11127,944,8.48
20,463,BBNPPGOLD,EQ,1525,1231,80.72
20,464,BBTC,EQ,47842,19849,41.49
20,465,BBTCL,EQ,6566,4574,69.66
20,466,BCLIND,EQ,6537464,3387985,51.82
20,467,BCONCEPTS,EQ,12954,8896,68.67
20,468,BDL,EQ,516105,184976,35.84
20,469,BEACON,SM,80000,62000,77.50
20,470,BEARDSELL,EQ,105024,50927,48.49
20,471,BECTORFOOD,EQ,184634,59615,32.29
20,472,BEDMUTHA,EQ,5647,2915,51.62
20,473,BEL,EQ,18343882,10765955,58.69
20,474,BEML,EQ,191585,56845,29.67
20,475,BEPL,EQ,836332,374519,44.78
20,476,BERGEPAINT,EQ,1803592,896443,49.70
20,477,BESTAGRO,EQ,261630,175108,66.93
20,478,BETA,SM,1000,1000,100.00
20,479,BEWLTD,SM,2500,1625,65.00
20,480,BFINVEST,EQ,188329,43423,23.06
20,481,BFSI,EQ,704186,669688,95.10
20,482,BFUTILITIE,EQ,1839498,506209,27.52
20,483,BHAGCHEM,EQ,106358,75595,71.08
20,484,BHAGERIA,EQ,94645,47442,50.13
20,485,BHAGYANGR,EQ,49648,21955,44.22
20,486,BHANDARI,EQ,777061,418416,53.85
20,487,BHARATFORG,EQ,1967406,1042573,52.99
20,488,BHARATGEAR,EQ,13840,8189,59.17
20,489,BHARATRAS,EQ,10599,3101,29.26
20,490,BHARATWIRE,EQ,115683,66647,57.61
20,491,BHARTIARTL,EQ,7417423,4766375,64.26
20,492,BHARTIHEXA,EQ,183820,71907,39.12
20,493,BHEL,EQ,8488686,2972473,35.02
20,494,BHINVIT,IV,245176,210805,85.98
20,495,BIGBLOC,EQ,149989,79641,53.10
20,496,BIKAJI,EQ,875030,309918,35.42
20,497,BIL,EQ,27714,12077,43.58
20,498,BIOCON,EQ,3506872,1244584,35.49
20,499,BIOFILCHEM,EQ,116424,65334,56.12
20,500,BIRDYS,ST,10800,10800,100.00
20,501,BIRET,RR,151297,137271,90.73
20,502,BIRLACABLE,EQ,30387,14337,47.18
20,503,BIRLACORPN,EQ,162586,93160,57.30
20,504,BLAL,EQ,236932,133473,56.33
20,505,BLISSGVS,EQ,1982130,749678,37.82
20,506,BLKASHYAP,EQ,964493,636669,66.01
20,507,BLS,EQ,851192,393157,46.19
20,508,BLSE,EQ,252718,156318,61.85
20,509,BLUEDART,EQ,27759,8940,32.21
20,510,BLUEJET,EQ,94918,57263,60.33
20,511,BLUEPEBBLE,SM,2400,2400,100.00
20,512,BLUESTARCO,EQ,1790106,568150,31.74
20,513,BMETRICS,SM,10000,8000,80.00
20,514,BODALCHEM,EQ,560646,282468,50.38
20,515,BOMDYEING,EQ,1408503,690111,49.00
20,516,BOROLTD,EQ,105964,61180,57.74
20,517,BORORENEW,EQ,314271,142199,45.25
20,518,BOROSCI,EQ,594067,138806,23.37
20,519,BOSCHLTD,EQ,37856,15432,40.77
20,520,BOSS,SM,486000,140000,28.81
20,521,BPCL,EQ,9517367,4414779,46.39
20,522,BRACEPORT,SM,30400,14400,47.37
20,523,BRIGADE,EQ,588697,470617,79.94
20,524,BRITANNIA,EQ,327297,166726,50.94
20,525,BRNL,EQ,94159,49079,52.12
20,526,BSE,EQ,1910051,570033,29.84
20,527,BSE500IETF,EQ,85584,69840,81.60
20,528,BSHSL,EQ,46832,32456,69.30
20,529,BSL,EQ,13434,7221,53.75
20,530,BSLGOLDETF,EQ,354211,335081,94.60
20,531,BSLNIFTY,EQ,287429,155949,54.26
20,532,BSLSENETFG,EQ,5339,4900,91.78
20,533,BSOFT,EQ,2049371,700907,34.20
20,534,BULKCORP,SM,7200,4800,66.67
20,535,BUTTERFLY,EQ,25528,12431,48.70
20,536,BVCL,EQ,72362,34980,48.34
20,537,CADSYS,SM,14000,12000,85.71
20,538,CAGL24,N2,10,10,100.00
20,539,CAMLINFINE,EQ,542297,254726,46.97
20,540,CAMPUS,EQ,1480411,646809,43.69
20,541,CAMS,EQ,660105,213479,32.34
20,542,CANARYS,ST,80000,64000,80.00
20,543,CANBK,EQ,33028089,17939622,54.32
20,544,CANFINHOME,EQ,729666,171841,23.55
20,545,CANTABIL,EQ,79901,33972,42.52
20,546,CAPACITE,EQ,2076621,560050,26.97
20,547,CAPITALSFB,EQ,119646,86077,71.94
20,548,CAPLIPOINT,EQ,72758,41326,56.80
20,549,CARBORUNIV,EQ,199496,165429,82.92
20,550,CARERATING,EQ,32281,18967,58.76
20,551,CARTRADE,EQ,368104,131701,35.78
20,552,CARYSIL,EQ,34056,17954,52.72
20,553,CASTROLIND,EQ,2901510,1110510,38.27
20,554,CBAZAAR,SM,8000,8000,100.00
20,555,CCL,EQ,86400,42596,49.30
20,556,CDSL,EQ,2502729,860767,34.39
20,557,CEATLTD,EQ,515645,121091,23.48
20,558,CEIGALL,EQ,268268,161208,60.09
20,559,CELEBRITY,EQ,140696,73546,52.27
20,560,CELLECOR,SM,2514000,1218000,48.45
20,561,CELLO,EQ,285225,263968,92.55
20,562,CELLPOINT,SM,13200,10800,81.82
20,563,CENTENKA,EQ,42217,23281,55.15
20,564,CENTRALBK,EQ,6173426,1873841,30.35
20,565,CENTRUM,EQ,221091,99048,44.80
20,566,CENTUM,EQ,22389,9977,44.56
20,567,CENTURYPLY,EQ,120670,44902,37.21
20,568,CENTURYTEX,EQ,156586,91139,58.20
20,569,CERA,EQ,15167,6260,41.27
20,570,CESC,EQ,10328933,2734525,26.47
20,571,CGCL,EQ,2708326,2566740,94.77
20,572,CGPOWER,EQ,1642171,734960,44.76
20,573,CGRAPHICS,SM,11200,9600,85.71
20,574,CHALET,EQ,335908,179858,53.54
20,575,CHAMBLFERT,EQ,2283980,730598,31.99
20,576,CHAVDA,SM,72000,53000,73.61
20,577,CHEMBOND,EQ,9500,6029,63.46
20,578,CHEMCON,EQ,34943,19457,55.68
20,579,CHEMFAB,EQ,18178,9786,53.83
20,580,CHEMPLASTS,EQ,59793,31929,53.40
20,581,CHENNPETRO,EQ,222741,104936,47.11
20,582,CHETANA,SM,57600,49600,86.11
20,583,CHEVIOT,EQ,1828,1268,69.37
20,584,CHOICEIN,EQ,377845,43793,11.59
20,585,CHOLAFIN,EQ,1063773,636505,59.83
20,586,CHOLAHLDNG,EQ,566852,364149,64.24
20,587,CIEINDIA,EQ,753787,567497,75.29
20,588,CIGNITITEC,EQ,112945,57123,50.58
20,589,CINELINE,EQ,130406,77875,59.72
20,590,CIPLA,EQ,2613098,1301094,49.79
20,591,CLEAN,EQ,142355,82253,57.78
20,592,CLOUD,ST,126000,107000,84.92
20,593,CLSEL,EQ,1988432,373998,18.81
20,594,CLSL,SM,50000,34000,68.00
20,595,CMMIPL,ST,69000,66000,95.65
20,596,CMNL,SM,165000,126000,76.36
20,597,CMRSL,SM,19200,15200,79.17
20,598,CMSINFO,EQ,979360,825102,84.25
20,599,COALINDIA,EQ,6877039,3820347,55.55
20,600,COASTCORP,EQ,19799,13263,66.99
20,601,COFORGE,EQ,641705,415359,64.73
20,602,COLPAL,EQ,428178,283442,66.20
20,603,COMMITTED,SM,14400,12800,88.89
20,604,COMMOIETF,EQ,139596,121869,87.30
20,605,COMPUSOFT,EQ,105296,67536,64.14
20,606,COMSYN,EQ,27285,7168,26.27
20,607,CONCOR,EQ,923418,467525,50.63
20,608,CONCORDBIO,EQ,153149,65679,42.89
20,609,CONFIPET,EQ,1222880,413935,33.85
20,610,CONS,EQ,18556,3424,18.45
20,611,CONSOFINVT,EQ,11394,7374,64.72
20,612,CONSUMBEES,EQ,205563,155389,75.59
20,613,CONSUMIETF,EQ,65619,41449,63.17
20,614,CONTI,ST,13332,9999,75.00
20,615,CONTROLPR,EQ,53999,30862,57.15
20,616,COOLCAPS,SM,259000,149250,57.63
20,617,COROMANDEL,EQ,404820,225121,55.61
20,618,COSMOFIRST,EQ,57734,31393,54.38
20,619,CPS,SM,4200,4200,100.00
20,620,CPSEETF,EQ,9247412,7928154,85.73
20,621,CRAFTSMAN,EQ,123920,27618,22.29
20,622,CRAYONS,SM,108000,64000,59.26
20,623,CREATIVE,EQ,107216,96123,89.65
20,624,CREATIVEYE,EQ,39495,25795,65.31
20,625,CREDITACC,EQ,144521,102038,70.60
20,626,CREST,EQ,465057,109027,23.44
20,627,CRISIL,EQ,14319,6288,43.91
20,628,CROMPTON,EQ,11057819,5420033,49.02
20,629,CSBBANK,EQ,263430,163455,62.05
20,630,CSLFINANCE,EQ,11537,6055,52.48
20,631,CUB,EQ,3491866,2231724,63.91
20,632,CUBEXTUB,EQ,34491,24255,70.32
20,633,CUMMINSIND,EQ,283237,111676,39.43
20,634,CYBERMEDIA,EQ,47826,21954,45.90
20,635,CYIENT,EQ,653148,295684,45.27
20,636,CYIENTDLM,EQ,660178,514517,77.94
20,637,DABUR,EQ,2581456,1734345,67.18
20,638,DALBHARAT,EQ,215198,99257,46.12
20,639,DALMIASUG,EQ,527218,172762,32.77
20,640,DAMODARIND,EQ,4000,2558,63.95
20,641,DANGEE,EQ,374469,202528,54.08
20,642,DATAMATICS,EQ,55229,25842,46.79
20,643,DATAPATTNS,EQ,194847,102506,52.61
20,644,DAVANGERE,EQ,2365718,1282802,54.22
20,645,DBCORP,EQ,515885,211680,41.03
20,646,DBL,EQ,215470,74859,34.74
20,647,DBOL,EQ,487457,260656,53.47
20,648,DBREALTY,EQ,1704959,1034283,60.66
20,649,DBSTOCKBRO,EQ,6005,3022,50.32
20,650,DCAL,EQ,341991,148221,43.34
20,651,DCBBANK,EQ,1525890,807459,52.92
20,652,DCG,ST,26400,22800,86.36
20,653,DCMSHRIRAM,EQ,28300,13642,48.20
20,654,DCMSRIND,EQ,384756,155696,40.47
20,655,DCW,EQ,7109535,1568417,22.06
20,656,DECCANCE,EQ,13471,9139,67.84
20,657,DECCANTRAN,ST,27600,27600,100.00
20,658,DEEDEV,EQ,496974,259627,52.24
20,659,DEEM,SM,6000,5000,83.33
20,660,DEEPAKFERT,EQ,778974,280563,36.02
20,661,DEEPAKNTR,EQ,199666,68071,34.09
20,662,DEEPINDS,EQ,186102,82210,44.17
20,663,DELAPLEX,SM,14400,10200,70.83
20,664,DELHIVERY,EQ,2131875,1552094,72.80
20,665,DELTACORP,EQ,3037647,1309900,43.12
20,666,DELTAMAGNT,EQ,19228,9872,51.34
20,667,DEN,EQ,2302999,697312,30.28
20,668,DENEERS,SM,371400,354600,95.48
20,669,DENORA,EQ,5054,3037,60.09
20,670,DENTALKART,SM,6000,5250,87.50
20,671,DESTINY,ST,54000,54000,100.00
20,672,DEVIT,EQ,1197277,304962,25.47
20,673,DEVYANI,EQ,4859105,2615502,53.83
20,674,DHAMPURSUG,EQ,385510,207973,53.95
20,675,DHANBANK,EQ,405154,187203,46.21
20,676,DHANI,EQ,1685300,757783,44.96
20,677,DHANUKA,EQ,52161,32499,62.31
20,678,DHARIWAL,SM,34800,30000,86.21
20,679,DHARMAJ,EQ,69903,42884,61.35
20,680,DHTL,ST,800,800,100.00
20,681,DHUNINV,EQ,2211,1205,54.50
20,682,DIAMINESQ,EQ,2762,1692,61.26
20,683,DIAMONDYD,EQ,3437314,895516,26.05
20,684,DIGIKORE,ST,5800,5200,89.66
20,685,DIL,EQ,530838,349074,65.76
20,686,DISHTV,EQ,37825352,10925369,28.88
20,687,DIVGIITTS,EQ,19811,9209,46.48
20,688,DIVISLAB,EQ,554676,301145,54.29
20,689,DIVOPPBEES,EQ,54741,40292,73.60
20,690,DIXON,EQ,369801,86503,23.39
20,691,DKEGL,SM,3000,3000,100.00
20,692,DLF,EQ,4276089,1699008,39.73
20,693,DLINKINDIA,EQ,169140,81747,48.33
20,694,DMART,EQ,372440,241040,64.72
20,695,DMCC,EQ,5847,3233,55.29
20,696,DODLA,EQ,49402,27061,54.78
20,697,DOLATALGO,EQ,677444,381898,56.37
20,698,DOLLAR,EQ,83572,61676,73.80
20,699,DOLLEX,SM,152000,128000,84.21
20,700,DOMS,EQ,177865,68775,38.67
20,701,DPABHUSHAN,EQ,54633,12605,23.07
20,702,DPEL,SM,24000,21000,87.50
20,703,DPSCLTD,EQ,4960461,2338010,47.13
20,704,DPWIRES,EQ,11830,7064,59.71
20,705,DREAMFOLKS,EQ,161943,84006,51.87
20,706,DRONE,ST,135000,126000,93.33
20,707,DRREDDY,EQ,568426,371396,65.34
20,708,DRSDILIP,SM,40000,40000,100.00
20,709,DSSL,EQ,14733,8765,59.49
20,710,DTIL,EQ,180652,46081,25.51
20,711,DTL,SM,6000,6000,100.00
20,712,DUCOL,ST,8000,7200,90.00
20,713,DUGLOBAL,SM,47500,45000,94.74
20,714,DURLAX,SM,246000,142000,57.72
20,715,DVL,EQ,53950,30332,56.22
20,716,DWARKESH,EQ,691382,327353,47.35
20,717,DYCL,EQ,22207,10996,49.52
20,718,DYNAMATECH,EQ,11836,9556,80.74
20,719,DYNAMIC,SM,41000,25000,60.98
20,720,EASEMYTRIP,EQ,210671221,33621728,15.96
20,721,EBANKNIFTY,EQ,1299,981,75.52
20,722,EBBETF0425,EQ,869,716,82.39
20,723,EBBETF0430,EQ,10683,7451,69.75
20,724,EBBETF0431,EQ,3980,3300,82.91
20,725,EBBETF0433,EQ,1397,815,58.34
20,726,ECLERX,EQ,664606,166898,25.11
20,727,ECOSMOBLTY,EQ,470282,135617,28.84
20,728,EDELWEISS,EQ,6018549,3247303,53.95
20,729,EFACTOR,SM,20800,16800,80.77
20,730,EFFWA,SM,134400,88000,65.48
20,731,EFORCE,SM,64800,44400,68.52
20,732,EGOLD,EQ,108760,108130,99.42
20,733,EICHERMOT,EQ,790345,438190,55.44
20,734,EIDPARRY,EQ,191201,108386,56.69
20,735,EIHAHOTELS,EQ,33784,12153,35.97
20,736,EIHOTEL,EQ,314079,182246,58.03
20,737,EKC,EQ,641388,182867,28.51
20,738,ELDEHSG,EQ,2264,1364,60.25
20,739,ELECON,EQ,5019535,1074169,21.40
20,740,ELECTCAST,EQ,1072993,588458,54.84
20,741,ELGIEQUIP,EQ,116030,42172,36.35
20,742,ELIN,EQ,182350,98789,54.18
20,743,EMAMILTD,EQ,293359,162033,55.23
20,744,EMAMIPAP,EQ,37556,20229,53.86
20,745,EMBASSY,RR,908946,797815,87.77
20,746,EMBDL,EQ,3156571,1565230,49.59
20,747,EMCURE,EQ,86691,42400,48.91
20,748,EMIL,EQ,1226875,970275,79.09
20,749,EMMBI,EQ,79468,29577,37.22
20,750,EMMIL,SM,24000,17000,70.83
20,751,EMSLIMITED,EQ,108271,50522,46.66
20,752,EMUDHRA,EQ,224724,31580,14.05
20,753,ENDURANCE,EQ,86173,36573,42.44
20,754,ENFUSE,ST,14400,14400,100.00
20,755,ENGINERSIN,EQ,2866418,1358187,47.38
20,756,ENIL,EQ,665484,241607,36.31
20,757,ENSER,SM,46000,38000,82.61
20,758,ENTERO,EQ,62750,34118,54.37
20,759,ENVIRO,ST,2118000,1976000,93.30
20,760,EPACK,EQ,1458803,511155,35.04
20,761,EPIGRAL,EQ,271026,79156,29.21
20,762,EPL,EQ,807451,497047,61.56
20,763,EQUAL50ADD,EQ,22331,21759,97.44
20,764,EQUITASBNK,EQ,1930000,1273890,66.00
20,765,ERIS,EQ,82755,42009,50.76
20,766,EROSMEDIA,EQ,5526027,1780317,32.22
20,767,ESABINDIA,EQ,1757,964,54.87
20,768,ESAFSFB,EQ,2598066,1833222,70.56
20,769,ESCONET,ST,94400,89600,94.92
20,770,ESCORTS,EQ,227760,61107,26.83
20,771,ESFL,SM,698400,505200,72.34
20,772,ESG,EQ,34194,28841,84.35
20,773,ESILVER,EQ,21411,15358,71.73
20,774,ESPRIT,SM,41600,25600,61.54
20,775,ESSENTIA,EQ,6412901,3901064,60.83
20,776,ESTER,EQ,373626,127618,34.16
20,777,ETHOSLTD,EQ,22967,8938,38.92
20,778,EUREKAFORB,EQ,163485,88173,53.93
20,779,EUROBOND,SM,9000,4000,44.44
20,780,EUROTEXIND,EQ,1659,1126,67.87
20,781,EVEREADY,EQ,337927,176569,52.25
20,782,EVERESTIND,EQ,32024,17302,54.03
20,783,EVINDIA,EQ,635595,443684,69.81
20,784,EXCEL,EQ,14087314,4665713,33.12
20,785,EXCELINDUS,EQ,14779,6796,45.98
20,786,EXCELLENT,ST,89600,81600,91.07
20,787,EXIDEIND,EQ,1951999,587786,30.11
20,788,EXPLEOSOL,EQ,11032,6884,62.40
20,789,EXXARO,EQ,647858,253051,39.06
20,790,FACT,EQ,113620,40766,35.88
20,791,FAIRCHEMOR,EQ,51693,31757,61.43
20,792,FALCONTECH,SM,9600,9600,100.00
20,793,FAZE3Q,EQ,7818,5580,71.37
20,794,FCL,EQ,2279312,547909,24.04
20,795,FCSSOFT,EQ,4912719,2845288,57.92
20,796,FDC,EQ,213205,88090,41.32
20,797,FEDERALBNK,EQ,9537810,5051851,52.97
20,798,FEDFINA,EQ,1182750,577224,48.80
20,799,FELIX,SM,149000,73500,49.33
20,800,FIDEL,SM,147000,102000,69.39
20,801,FIEMIND,EQ,35175,18111,51.49
20,802,FILATEX,EQ,1325171,517907,39.08
20,803,FINCABLES,EQ,201991,96011,47.53
20,804,FINEORG,EQ,10722,5314,49.56
20,805,FINIETF,EQ,156352,102345,65.46
20,806,FINOPB,EQ,98437,46902,47.65
20,807,FINPIPE,EQ,516827,316821,61.30
20,808,FIRSTCRY,EQ,502127,339767,67.67
20,809,FIVESTAR,EQ,22433624,10925337,48.70
20,810,FLAIR,EQ,105175,64123,60.97
20,811,FLUOROCHEM,EQ,47614,19474,40.90
20,812,FMCGIETF,EQ,610289,440016,72.10
20,813,FMGOETZE,EQ,126546,43326,34.24
20,814,FOCE,SM,200,200,100.00
20,815,FONEBOX,SM,3000,3000,100.00
20,816,FOODSIN,EQ,131856,65842,49.93
20,817,FORCAS,SM,164800,134400,81.55
20,818,FORCEMOT,EQ,20412,9569,46.88
20,819,FORTIS,EQ,1870728,881973,47.15
20,820,FOSECOIND,EQ,997,476,47.74
20,821,FROG,SM,27600,17600,63.77
20,822,FSL,EQ,5359842,1561561,29.13
20,823,FUSION,EQ,860303,646760,75.18
20,824,GABRIEL,EQ,134170,76399,56.94
20,825,GAEL,EQ,2991411,946371,31.64
20,826,GAIL,EQ,25633119,15846447,61.82
20,827,GAJANAND,ST,24000,24000,100.00
20,828,GALAPREC,EQ,110564,62151,56.21
20,829,GALAXYSURF,EQ,16365,8779,53.64
20,830,GANDHAR,EQ,178684,103173,57.74
20,831,GANDHITUBE,EQ,29061,17960,61.80
20,832,GANECOS,EQ,29478,13021,44.17
20,833,GANESHBE,EQ,172851,117614,68.04
20,834,GANESHHOUC,EQ,62559,34047,54.42
20,835,GANGAFORGE,EQ,158299,105831,66.86
20,836,GANGESSECU,EQ,7630,4439,58.18
20,837,GARFIBRES,EQ,16330,7328,44.87
20,838,GATECH,EQ,55654925,17770769,31.93
20,839,GATEWAY,EQ,576989,353975,61.35
20,840,GEECEE,EQ,96198,33531,34.86
20,841,GENESYS,EQ,441718,159449,36.10
20,842,GENSOL,EQ,491553,166476,33.87
20,843,GENUSPAPER,EQ,1023603,372516,36.39
20,844,GENUSPOWER,EQ,488983,296216,60.58
20,845,GEOJITFSL,EQ,774356,260778,33.68
20,846,GESHIP,EQ,274925,158916,57.80
20,847,GFLLIMITED,EQ,184352,112451,61.00
20,848,GGBL,SM,237000,113400,47.85
20,849,GHCL,EQ,213481,115759,54.22
20,850,GHCLTEXTIL,EQ,377155,235987,62.57
20,851,GICHSGFIN,EQ,158469,84291,53.19
20,852,GICL,SM,36000,33000,91.67
20,853,GICRE,EQ,2315019,1371623,59.25
20,854,GILLANDERS,EQ,6103,5473,89.68
20,855,GILLETTE,EQ,20938,8498,40.59
20,856,GILT5YBEES,EQ,266652,223904,83.97
20,857,GINNIFILA,EQ,111122,79656,71.68
20,858,GIPCL,EQ,342653,164630,48.05
20,859,GKWLIMITED,EQ,1040,420,40.38
20,860,GLAND,EQ,120134,67082,55.84
20,861,GLAXO,EQ,102778,81136,78.94
20,862,GLENMARK,EQ,926471,583141,62.94
20,863,GLOBAL,EQ,28059,17241,61.45
20,864,GLOBALPET,SM,13500,13500,100.00
20,865,GLOBUSSPR,EQ,676573,265288,39.21
20,866,GLOSTERLTD,EQ,2772,1725,62.23
20,867,GLS,EQ,202784,95832,47.26
20,868,GMBREW,EQ,164936,51165,31.02
20,869,GMDCLTD,EQ,688346,258218,37.51
20,870,GMMPFAUDLR,EQ,224305,192042,85.62
20,871,GMRINFRA,EQ,14245128,6143704,43.13
20,872,GMRP&UI,EQ,5092686,2490020,48.89
20,873,GNA,EQ,105500,57116,54.14
20,874,GNFC,EQ,755870,330008,43.66
20,875,GOACARBON,EQ,147918,37003,25.02
20,876,GOCLCORP,EQ,49837,29735,59.66
20,877,GOCOLORS,EQ,78032,63957,81.96
20,878,GODFRYPHLP,EQ,107187,19782,18.46
20,879,GODIGIT,EQ,635418,481018,75.70
20,880,GODREJAGRO,EQ,129548,70856,54.69
20,881,GODREJCP,EQ,540524,296274,54.81
20,882,GODREJIND,EQ,272921,100296,36.75
20,883,GODREJPROP,EQ,1886418,681662,36.14
20,884,GOKEX,EQ,74094,33124,44.71
20,885,GOKUL,EQ,193577,80223,41.44
20,886,GOKULAGRO,EQ,318801,144784,45.42
20,887,GOLD1,EQ,933387,870928,93.31
20,888,GOLDBEES,EQ,9342923,7621762,81.58
20,889,GOLDCASE,EQ,685167,595889,86.97
20,890,GOLDETF,EQ,157906,139994,88.66
20,891,GOLDETFADD,EQ,130558,128263,98.24
20,892,GOLDIAM,EQ,581789,213126,36.63
20,893,GOLDIETF,EQ,1034570,890309,86.06
20,894,GOLDKART,ST,2500,2500,100.00
20,895,GOLDSHARE,EQ,247368,198638,80.30
20,896,GOLDSTAR,SM,191250,135000,70.59
20,897,GOODLUCK,EQ,104198,59241,56.85
20,898,GOPAL,EQ,2161676,804896,37.23
20,899,GOYALALUM,EQ,285731,213641,74.77
20,900,GOYALSALT,SM,9600,7800,81.25
20,901,GPECO,SM,69600,43200,62.07
20,902,GPIL,EQ,491326,200403,40.79
20,903,GPPL,EQ,853193,398791,46.74
20,904,GPTHEALTH,EQ,475297,166751,35.08
20,905,GRANULES,EQ,10670871,5253455,49.23
20,906,GRAPHISAD,SM,140400,115200,82.05
20,907,GRAPHITE,EQ,1392255,377721,27.13
20,908,GRASIM,EQ,1117471,591566,52.94
20,909,GRASIMPP1,E1,41890,31507,75.21
20,910,GRAVITA,EQ,174797,63437,36.29
20,911,GRCL,SM,1000,1000,100.00
20,912,GREAVESCOT,EQ,1341102,810367,60.43
20,913,GREENCHEF,SM,27200,23200,85.29
20,914,GREENLAM,EQ,64763,15774,24.36
20,915,GREENPANEL,EQ,298506,100003,33.50
20,916,GREENPLY,EQ,247835,141340,57.03
20,917,GREENPOWER,EQ,5462077,3031587,55.50
20,918,GRETEX,ST,3000,3000,100.00
20,919,GRINDWELL,EQ,135779,122781,90.43
20,920,GRINFRA,EQ,51968,24491,47.13
20,921,GRMOVER,EQ,165554,69721,42.11
20,922,GROBTEA,EQ,150,81,54.00
20,923,GROWWEV,EQ,785858,530955,67.56
20,924,GROWWLIQID,EQ,729662,698997,95.80
20,925,GRSE,EQ,600097,191642,31.94
20,926,GRWRHITECH,EQ,113225,47663,42.10
20,927,GSEC10ABSL,EQ,170,169,99.41
20,928,GSEC10IETF,EQ,9123,8775,96.19
20,929,GSEC10YEAR,EQ,4072,2938,72.15
20,930,GSEC5IETF,EQ,492,425,86.38
20,931,GSFC,EQ,729518,373274,51.17
20,932,GSLSU,EQ,152475,57980,38.03
20,933,GSPL,EQ,2050884,1258043,61.34
20,934,GSS,EQ,152287,67971,44.63
20,935,GSTL,ST,5000,5000,100.00
20,936,GTL,EQ,1107577,508223,45.89
20,937,GTLINFRA,EQ,91847263,44345626,48.28
20,938,GTPL,EQ,279612,57332,20.50
20,939,GUFICBIO,EQ,71129,36554,51.39
20,940,GUJALKALI,EQ,59864,35710,59.65
20,941,GUJGASLTD,EQ,1483506,706585,47.63
20,942,GUJRAFFIA,EQ,760,514,67.63
20,943,GULFOILLUB,EQ,651506,291873,44.80
20,944,GULFPETRO,EQ,240230,125247,52.14
20,945,GULPOLY,EQ,323501,132780,41.04
20,946,GVPTECH,EQ,60958,49649,81.45
20,947,HAL,EQ,995154,463381,46.56
20,948,HAPPSTMNDS,EQ,330868,181107,54.74
20,949,HAPPYFORGE,EQ,34867,22865,65.58
20,950,HARDWYN,EQ,521355,172850,33.15
20,951,HARIOMPIPE,EQ,108033,47835,44.28
20,952,HARSHA,EQ,53364,32465,60.84
20,953,HATHWAY,EQ,4427300,1156344,26.12
20,954,HATSUN,EQ,15032,7770,51.69
20,955,HAVELLS,EQ,1227890,690437,56.23
20,956,HAVISHA,EQ,109224,69524,63.65
20,957,HBLPOWER,EQ,898932,369157,41.07
20,958,HCC,EQ,11177161,5426605,48.55
20,959,HCG,EQ,77598,48468,62.46
20,960,HCL-INSYS,EQ,4907439,3238792,66.00
20,961,HCLTECH,EQ,4303250,2706660,62.90
20,962,HDFCAMC,EQ,268104,146125,54.50
20,963,HDFCBANK,EQ,15949822,10985707,68.88
20,964,HDFCBSE500,EQ,51718,38427,74.30
20,965,HDFCGOLD,EQ,1617263,1295211,80.09
20,966,HDFCGROWTH,EQ,8600,5031,58.50
20,967,HDFCLIFE,EQ,2797065,1189735,42.54
20,968,HDFCLIQUID,EQ,9474,7852,82.88
20,969,HDFCLOWVOL,EQ,9601,6809,70.92
20,970,HDFCMID150,EQ,495517,403814,81.49
20,971,HDFCMOMENT,EQ,152773,121458,79.50
20,972,HDFCNEXT50,EQ,59191,35538,60.04
20,973,HDFCNIF100,EQ,35933,30186,84.01
20,974,HDFCNIFBAN,EQ,35561,28279,79.52
20,975,HDFCNIFIT,EQ,70849,65824,92.91
20,976,HDFCNIFTY,EQ,40450,24987,61.77
20,977,HDFCPSUBK,EQ,36238,22169,61.18
20,978,HDFCPVTBAN,EQ,188712,169854,90.01
20,979,HDFCQUAL,EQ,7895,4058,51.40
20,980,HDFCSENSEX,EQ,63892,61868,96.83
20,981,HDFCSILVER,EQ,412651,281125,68.13
20,982,HDFCSML250,EQ,350132,221814,63.35
20,983,HDFCVALUE,EQ,7538,6680,88.62
20,984,HEADSUP,EQ,116107,59043,50.85
20,985,HEALTHADD,EQ,2877,2351,81.72
20,986,HEALTHIETF,EQ,197631,73787,37.34
20,987,HEALTHY,EQ,474854,272616,57.41
20,988,HECPROJECT,EQ,9211,7720,83.81
20,989,HEG,EQ,629405,105826,16.81
20,990,HEIDELBERG,EQ,216962,105542,48.65
20,991,HEMIPROP,EQ,1739943,587325,33.76
20,992,HERANBA,EQ,115614,58081,50.24
20,993,HERCULES,EQ,19319,12452,64.45
20,994,HERITGFOOD,EQ,302300,199502,65.99
20,995,HEROMOTOCO,EQ,1255943,499329,39.76
20,996,HESTERBIO,EQ,8412,4200,49.93
20,997,HEUBACHIND,EQ,39388,23150,58.77
20,998,HFCL,EQ,12841726,3908998,30.44
20,999,HGINFRA,EQ,50125,30073,60.00
20,1000,HGS,EQ,90348,25778,28.53
20,1001,HIGREEN,SM,50400,36000,71.43
20,1002,HIKAL,EQ,216517,89436,41.31
20,1003,HIL,EQ,22534,11016,48.89
20,1004,HILTON,EQ,68050,37597,55.25
20,1005,HIMATSEIDE,EQ,683025,300475,43.99
20,1006,HINDALCO,EQ,10573166,4921458,46.55
20,1007,HINDCOMPOS,EQ,3904,2507,64.22
20,1008,HINDCON,EQ,79381,24051,30.30
20,1009,HINDCOPPER,EQ,12072437,4491634,37.21
20,1010,HINDOILEXP,EQ,499993,258863,51.77
20,1011,HINDPETRO,EQ,6065915,2304841,38.00
20,1012,HINDUNILVR,EQ,1902889,1273336,66.92
20,1013,HINDWAREAP,EQ,110640,73291,66.24
20,1014,HINDZINC,EQ,3887216,2050657,52.75
20,1015,HIRECT,EQ,23758,14370,60.48
20,1016,HISARMETAL,EQ,20609,10542,51.15
20,1017,HITECH,EQ,408613,208375,51.00
20,1018,HITECHCORP,EQ,44821,23519,52.47
20,1019,HLEGLAS,EQ,47344,23531,49.70
20,1020,HLVLTD,EQ,3152760,1568127,49.74
20,1021,HMAAGRO,EQ,353511,228263,64.57
20,1022,HMVL,EQ,2175686,498069,22.89
20,1023,HNDFDS,EQ,73015,31832,43.60
20,1024,HNGSNGBEES,EQ,591336,458169,77.48
20,1025,HOACFOODS,SM,6000,6000,100.00
20,1026,HOLMARC,SM,3000,3000,100.00
20,1027,HOMEFIRST,EQ,504629,366196,72.57
20,1028,HOMESFY,SM,3300,2100,63.64
20,1029,HONASA,EQ,657575,312048,47.45
20,1030,HONAUT,EQ,4188,2340,55.87
20,1031,HONDAPOWER,EQ,19375,6265,32.34
20,1032,HPAL,EQ,272401,174548,64.08
20,1033,HPIL,EQ,1226,860,70.15
20,1034,HPL,EQ,73226,44991,61.44
20,1035,HRHNEXT,ST,45000,45000,100.00
20,1036,HSCL,EQ,4856900,1931718,39.77
20,1037,HTMEDIA,EQ,1095181,521810,47.65
20,1038,HUDCO,EQ,5795169,1876214,32.38
20,1039,HUHTAMAKI,EQ,49431,27779,56.20
20,1040,IBLFL,SM,30000,28000,93.33
20,1041,ICCL25,NS,12,12,100.00
20,1042,ICEMAKE,EQ,34042,11241,33.02
20,1043,ICICIB22,EQ,571884,419408,73.34
20,1044,ICICIBANK,EQ,11100869,6623851,59.67
20,1045,ICICIGI,EQ,385086,214590,55.73
20,1046,ICICIPRULI,EQ,1233639,695826,56.40
20,1047,ICIL,EQ,161818,80566,49.79
20,1048,ICRA,EQ,4933,1458,29.56
20,1049,IDBI,EQ,6508705,2634606,40.48
20,1050,IDEA,EQ,947225586,460959765,48.66
20,1051,IDEAFORGE,EQ,97773,54680,55.93
20,1052,IDEALTECHO,SM,9000,6000,66.67
20,1053,IDFC,EQ,18878070,10407103,55.13
20,1054,IDFCFIRSTB,EQ,43007644,17408080,40.48
20,1055,IDFNIFTYET,EQ,633,432,68.25
20,1056,IEML,SM,32000,27000,84.38
20,1057,IEX,EQ,61377352,17720368,28.87
20,1058,IFBIND,EQ,38909,20189,51.89
20,1059,IFCI,EQ,10772099,4760448,44.19
20,1060,IFCIZC24,NI,65,65,100.00
20,1061,IFGLEXPOR,EQ,5033,3151,62.61
20,1062,IGARASHI,EQ,98871,44272,44.78
20,1063,IGL,EQ,1669285,1027102,61.53
20,1064,IGPL,EQ,32326,19002,58.78
20,1065,IIFL,EQ,2518815,1186036,47.09
20,1066,IIFLSEC,EQ,508447,226180,44.48
20,1067,IIFLZC26,NN,18,0,0.00
20,1068,IIFLZC26B,NY,1,1,100.00
20,1069,IIFLZC28B,Y1,50,50,100.00
20,1070,IIFLZC28C,N6,85,85,100.00
20,1071,IKIO,EQ,115693,62843,54.32
20,1072,IMAGICAA,EQ,1422320,735438,51.71
20,1073,IMC1,N0,738,506,68.56
20,1074,IMC1,N1,167,97,58.08
20,1075,IMC1,N2,10,10,100.00
20,1076,IMC1,N3,570,570,100.00
20,1077,IMFA,EQ,64421,39007,60.55
20,1078,IMPAL,EQ,3038,1711,56.32
20,1079,INDBANK,EQ,210624,125878,59.76
20,1080,INDGN,EQ,236310,132385,56.02
20,1081,INDHOTEL,EQ,2008532,1017766,50.67
20,1082,INDIACEM,EQ,513277,319512,62.25
20,1083,INDIAGLYCO,EQ,57569,24817,43.11
20,1084,INDIAMART,EQ,364716,242044,66.37
20,1085,INDIANB,EQ,2898448,1495042,51.58
20,1086,INDIANCARD,EQ,4681,3204,68.45
20,1087,INDIANHUME,EQ,76198,37978,49.84
20,1088,INDIASHLTR,EQ,120668,80234,66.49
20,1089,INDIFRA,SM,28000,24000,85.71
20,1090,INDIGO,EQ,608615,315901,51.90
20,1091,INDIGOPNTS,EQ,118338,76533,64.67
20,1092,INDIGRID,IV,343647,323248,94.06
20,1093,INDNIPPON,EQ,11900,6303,52.97
20,1094,INDOAMIN,EQ,792316,149022,18.81
20,1095,INDOBORAX,EQ,191073,81491,42.65
20,1096,INDOCO,EQ,58109,31838,54.79
20,1097,INDORAMA,EQ,220499,140354,63.65
20,1098,INDOSTAR,EQ,199337,101708,51.02
20,1099,INDOTECH,EQ,19573,11733,59.94
20,1100,INDRAMEDCO,EQ,354988,205312,57.84
20,1101,INDSWFTLTD,EQ,59181,31963,54.01
20,1102,INDTERRAIN,EQ,106629,66006,61.90
20,1103,INDUSINDBK,EQ,3388674,2020909,59.64
20,1104,INDUSTOWER,EQ,10843976,6382090,58.85
20,1105,INFIBEAM,EQ,4017601,2477546,61.67
20,1106,INFINIUM,SM,1000,500,50.00
20,1107,INFOBEAN,EQ,14719,8443,57.36
20,1108,INFOLLION,ST,11200,11200,100.00
20,1109,INFRABEES,EQ,27219,15142,55.63
20,1110,INFRAIETF,EQ,134217,78412,58.42
20,1111,INFY,EQ,8952803,5993852,66.95
20,1112,INGERRAND,EQ,10189,6019,59.07
20,1113,INM,SM,8400,7800,92.86
20,1114,INNOMET,ST,345600,327600,94.79
20,1115,INNOVACAP,EQ,43353,26451,61.01
20,1116,INNOVANA,SM,1200,800,66.67
20,1117,INOXGREEN,EQ,1368435,644043,47.06
20,1118,INOXINDIA,EQ,67212,35666,53.06
20,1119,INOXWIND,EQ,3813710,1228728,32.22
20,1120,INSECTICID,EQ,20309,8847,43.56
20,1121,INSPIRE,SM,96000,72000,75.00
20,1122,INTELLECT,EQ,2118598,315152,14.88
20,1123,INTERARCH,EQ,321349,106340,33.09
20,1124,INTLCONV,EQ,1297138,430040,33.15
20,1125,INVENTURE,EQ,2998820,1856282,61.90
20,1126,IOB,EQ,6131600,1352511,22.06
20,1127,IOC,EQ,11349547,5490198,48.37
20,1128,IOLCP,EQ,487842,129355,26.52
20,1129,IONEXCHANG,EQ,172175,73440,42.65
20,1130,IPCALAB,EQ,267429,106164,39.70
20,1131,IPHL,SM,80400,61200,76.12
20,1132,IPL,EQ,144246,68482,47.48
20,1133,IRB,EQ,10350432,4039642,39.03
20,1134,IRBINVIT,IV,328222,314223,95.73
20,1135,IRCON,EQ,4627250,1454644,31.44
20,1136,IRCTC,EQ,1365404,582865,42.69
20,1137,IREDA,EQ,14222826,3772145,26.52
20,1138,IRFC,EQ,16974098,5259828,30.99
20,1139,IRISDOREME,EQ,98954,38206,38.61
20,1140,IRMENERGY,EQ,76578,53616,70.01
20,1141,ISEC,EQ,174551,70252,40.25
20,1142,ISGEC,EQ,41371,12744,30.80
20,1143,ISHAN,ST,1488000,1440000,96.77
20,1144,IT,EQ,46219,37300,80.70
20,1145,ITALIANE,SM,20000,16000,80.00
20,1146,ITBEES,EQ,3266980,1918090,58.71
20,1147,ITC,EQ,15489991,8326701,53.76
20,1148,ITDC,EQ,18688,9941,53.19
20,1149,ITDCEM,EQ,975756,467998,47.96
20,1150,ITETF,EQ,296079,253111,85.49
20,1151,ITETFADD,EQ,50400,39591,78.55
20,1152,ITI,EQ,272504,101043,37.08
20,1153,ITIETF,EQ,272663,124259,45.57
20,1154,IVZINGOLD,EQ,166,152,91.57
20,1155,IVZINNIFTY,EQ,5,5,100.00
20,1156,IXIGO,EQ,493983,235832,47.74
20,1157,JAGRAN,EQ,574031,249894,43.53
20,1158,JAGSNPHARM,EQ,33125,19328,58.35
20,1159,JAIBALAJI,EQ,156196,101141,64.75
20,1160,JAICORPLTD,EQ,1617929,310091,19.17
20,1161,JAINAM,SM,2000,2000,100.00
20,1162,JAIPURKURT,EQ,109357,47898,43.80
20,1163,JALAN,ST,255000,231000,90.59
20,1164,JAMNAAUTO,EQ,4137275,2660745,64.31
20,1165,JASH,EQ,19377,10324,53.28
20,1166,JAYAGROGN,EQ,47036,25704,54.65
20,1167,JAYBARMARU,EQ,138540,59353,42.84
20,1168,JAYBEE,SM,122000,85000,69.67
20,1169,JAYNECOIND,EQ,402337,216891,53.91
20,1170,JAYSREETEA,EQ,330843,132396,40.02
20,1171,JBCHEPHARM,EQ,215601,135103,62.66
20,1172,JBMA,EQ,173521,67277,38.77
20,1173,JCHAC,EQ,317640,71836,22.62
20,1174,JEYYAM,SM,266000,222000,83.46
20,1175,JFLLIFE,ST,108000,108000,100.00
20,1176,JGCHEM,EQ,217962,98772,45.32
20,1177,JINDALPHOT,EQ,7941,4030,50.75
20,1178,JINDALPOLY,EQ,175551,111404,63.46
20,1179,JINDALSAW,EQ,690248,342262,49.59
20,1180,JINDALSTEL,EQ,1903363,743053,39.04
20,1181,JINDRILL,EQ,18901,10245,54.20
20,1182,JINDWORLD,EQ,276176,203991,73.86
20,1183,JIOFIN,EQ,11584354,5504735,47.52
20,1184,JISLDVREQS,EQ,17505,6215,35.50
20,1185,JISLJALEQS,EQ,1508275,739787,49.05
20,1186,JITFINFRA,EQ,19284,10004,51.88
20,1187,JIWANRAM,SM,18000,12000,66.67
20,1188,J&KBANK,EQ,1927286,895848,46.48
20,1189,JKCEMENT,EQ,250559,181474,72.43
20,1190,JKIL,EQ,164926,83737,50.77
20,1191,JKLAKSHMI,EQ,64836,40282,62.13
20,1192,JKPAPER,EQ,256729,145904,56.83
20,1193,JKTYRE,EQ,716104,230243,32.15
20,1194,JLHL,EQ,32802,14720,44.88
20,1195,JMA,EQ,31239,17953,57.47
20,1196,JMFINANCIL,EQ,24452218,3775777,15.44
20,1197,JOCIL,EQ,38423,23240,60.48
20,1198,JPOLYINVST,EQ,6324,4567,72.22
20,1199,JPPOWER,EQ,11171034,7076121,63.34
20,1200,JSFB,EQ,467990,366987,78.42
20,1201,JSL,EQ,642483,306873,47.76
20,1202,JSLL,SM,17100,11700,68.42
20,1203,JSWENERGY,EQ,1927234,988502,51.29
20,1204,JSWHL,EQ,14346,3314,23.10
20,1205,JSWINFRA,EQ,2262496,1233051,54.50
20,1206,JSWSTEEL,EQ,2706617,1126867,41.63
20,1207,JTEKTINDIA,EQ,261147,118649,45.43
20,1208,JTLIND,EQ,1066452,518257,48.60
20,1209,JUBLFOOD,EQ,3947078,2384936,60.42
20,1210,JUBLINDS,EQ,2066,1333,64.52
20,1211,JUBLINGREA,EQ,1224535,375142,30.64
20,1212,JUBLPHARMA,EQ,290492,104208,35.87
20,1213,JUNIORBEES,EQ,147066,97716,66.44
20,1214,JUNIPER,EQ,144082,91794,63.71
20,1215,JUSTDIAL,EQ,213992,104180,48.68
20,1216,JWL,EQ,589738,320934,54.42
20,1217,JYOTHYLAB,EQ,272199,130856,48.07
20,1218,JYOTICNC,EQ,137530,84476,61.42
20,1219,JYOTISTRUC,EQ,4522033,2869036,63.45
20,1220,K2INFRA,ST,64800,57600,88.89
20,1221,KABRAEXTRU,EQ,214860,126590,58.92
20,1222,KAJARIACER,EQ,90046,55439,61.57
20,1223,KAKATCEM,EQ,8261,3778,45.73
20,1224,KALAMANDIR,EQ,321249,124571,38.78
20,1225,KALANA,ST,508000,502000,98.82
20,1226,KALYANKJIL,EQ,11069317,4412622,39.86
20,1227,KAMATHOTEL,EQ,37800,24929,65.95
20,1228,KAMDHENU,EQ,246131,82372,33.47
20,1229,KAMOPAINTS,EQ,30744013,7456131,24.25
20,1230,KANANIIND,EQ,643229,328931,51.14
20,1231,KANDARP,SM,112000,20000,17.86
20,1232,KANORICHEM,EQ,109561,59416,54.23
20,1233,KANPRPLA,EQ,4072,2133,52.38
20,1234,KANSAINER,EQ,476512,251443,52.77
20,1235,KARNIKA,SM,7200,6800,94.44
20,1236,KARURVYSYA,EQ,1449643,1020717,70.41
20,1237,KATARIA,SM,31200,22800,73.08
20,1238,KAYNES,EQ,234490,96119,40.99
20,1239,KCEIL,ST,49500,46000,92.93
20,1240,KCK,SM,24000,14000,58.33
20,1241,KCP,EQ,337462,152460,45.18
20,1242,KDDL,EQ,71585,25242,35.26
20,1243,KDL,ST,5000,4400,88.00
20,1244,KEC,EQ,1389792,446104,32.10
20,1245,KECL,EQ,114278,66307,58.02
20,1246,KEI,EQ,148166,84457,57.00
20,1247,KEL,SM,2400,1200,50.00
20,1248,KELLTONTEC,EQ,539176,278839,51.72
20,1249,KERNEX,EQ,63705,34621,54.35
20,1250,KESORAMIND,EQ,329207,164427,49.95
20,1251,KEYFINSERV,EQ,7261,3790,52.20
20,1252,KFINTECH,EQ,1251325,760661,60.79
20,1253,KHADIM,EQ,88485,36137,40.84
20,1254,KHAICHEM,EQ,319401,154230,48.29
20,1255,KHANDSE,EQ,11767,5099,43.33
20,1256,KHFM,SM,12400,9300,75.00
20,1257,KILITCH,EQ,7928,4752,59.94
20,1258,KIMS,EQ,117342,75998,64.77
20,1259,KINGFA,EQ,47080,6830,14.51
20,1260,KIOCL,EQ,47739,20304,42.53
20,1261,KIRIINDUS,EQ,240392,146331,60.87
20,1262,KIRLOSBROS,EQ,34713,17047,49.11
20,1263,KIRLOSENG,EQ,298227,179355,60.14
20,1264,KIRLOSIND,EQ,2195,1205,54.90
20,1265,KIRLPNU,EQ,31361,16361,52.17
20,1266,KITEX,EQ,277817,119593,43.05
20,1267,KKCL,EQ,21176,16934,79.97
20,1268,KLL,SM,9600,8000,83.33
20,1269,KMSUGAR,EQ,149673,95431,63.76
20,1270,KNAGRI,ST,15200,15200,100.00
20,1271,KNRCON,EQ,696832,231938,33.28
20,1272,KODYTECH,SM,6500,5400,83.08
20,1273,KOHINOOR,EQ,158897,79335,49.93
20,1274,KOKUYOCMLN,EQ,223018,87484,39.23
20,1275,KOLTEPATIL,EQ,318413,192887,60.58
20,1276,KONSTELEC,SM,27000,22000,81.48
20,1277,KONTOR,SM,8400,7200,85.71
20,1278,KOPRAN,EQ,662187,288277,43.53
20,1279,KORE,ST,17500,17000,97.14
20,1280,KOTAKBANK,EQ,4204513,3108605,73.93
20,1281,KOTARISUG,EQ,350012,253531,72.43
20,1282,KOTHARIPET,EQ,130877,42881,32.76
20,1283,KOTYARK,SM,5000,4200,84.00
20,1284,KPIL,EQ,154543,50696,32.80
20,1285,KPITTECH,EQ,515725,252680,49.00
20,1286,KPRMILL,EQ,847402,214588,25.32
20,1287,KRBL,EQ,395445,195769,49.51
20,1288,KRIDHANINF,EQ,161204,118147,73.29
20,1289,KRISHANA,EQ,14834,10366,69.88
20,1290,KRISHCA,ST,44500,42500,95.51
20,1291,KRISHIVAL,SM,3500,3500,100.00
20,1292,KRISHNADEF,ST,18500,16000,86.49
20,1293,KRITI,EQ,60330,32830,54.42
20,1294,KRITIKA,EQ,5716672,3980278,69.63
20,1295,KRONOX,EQ,317656,170914,53.80
20,1296,KROSS,EQ,649359,276717,42.61
20,1297,KRSNAA,EQ,311847,105341,33.78
20,1298,KRYSTAL,EQ,69087,43704,63.26
20,1299,KSB,EQ,61233,33359,54.48
20,1300,KSCL,EQ,121540,49640,40.84
20,1301,KSL,EQ,29784,9649,32.40
20,1302,KSOLVES,EQ,13536,8684,64.15
20,1303,KTKBANK,EQ,2298151,1162066,50.57
20,1304,KTL,SM,33000,27000,81.82
20,1305,KUANTUM,EQ,64243,37562,58.47
20,1306,LAGNAM,EQ,23110,10904,47.18
20,1307,LALPATHLAB,EQ,174227,78492,45.05
20,1308,LAMBODHARA,EQ,47384,39170,82.67
20,1309,LANCORHOL,EQ,86902,43552,50.12
20,1310,LANDMARK,EQ,117070,77875,66.52
20,1311,LAOPALA,EQ,98281,47779,48.61
20,1312,LATENTVIEW,EQ,146171,98249,67.22
20,1313,LATTEYS,EQ,502151,415263,82.70
20,1314,LAURUSLABS,EQ,1036238,407854,39.36
20,1315,LAWSIKHO,SM,35000,30000,85.71
20,1316,LAXMICOT,EQ,273252,122972,45.00
20,1317,LAXMIMACH,EQ,2381,1216,51.07
20,1318,LEMERITE,SM,25600,19200,75.00
20,1319,LEMONTREE,EQ,1862654,1022400,54.89
20,1320,LEXUS,EQ,31390,16069,51.19
20,1321,LFIC,EQ,6834,4134,60.49
20,1322,LGBBROSLTD,EQ,110040,46902,42.62
20,1323,LIBAS,EQ,132777,66555,50.13
20,1324,LICHSGFIN,EQ,1965881,739401,37.61
20,1325,LICI,EQ,2653652,772183,29.10
20,1326,LICMFGOLD,EQ,525,478,91.05
20,1327,LICNETFGSC,EQ,116857,84870,72.63
20,1328,LICNETFN50,EQ,808,258,31.93
20,1329,LICNETFSEN,EQ,208,161,77.40
20,1330,LICNFNHGP,EQ,1890,1742,92.17
20,1331,LICNMID100,EQ,7940,5017,63.19
20,1332,LIKHITHA,EQ,79071,47736,60.37
20,1333,LINC,EQ,318776,123155,38.63
20,1334,LINCOLN,EQ,56437,31501,55.82
20,1335,LINDEINDIA,EQ,66927,23236,34.72
20,1336,LIQUID,EQ,249261,222382,89.22
20,1337,LIQUID1,EQ,56776,38056,67.03
20,1338,LIQUIDADD,EQ,228555,169618,74.21
20,1339,LIQUIDBEES,EQ,3600482,2578113,71.60
20,1340,LIQUIDBETF,EQ,1916,848,44.26
20,1341,LIQUIDCASE,EQ,2348194,2152846,91.68
20,1342,LIQUIDETF,EQ,486423,383379,78.82
20,1343,LIQUIDIETF,EQ,542237,270289,49.85
20,1344,LIQUIDSBI,EQ,4010,3992,99.55
20,1345,LIQUIDSHRI,EQ,20392,16979,83.26
20,1346,LLOYDS,SM,44000,32000,72.73
20,1347,LLOYDSENGG,EQ,8016594,2528437,31.54
20,1348,LLOYDSME,EQ,1427117,368413,25.82
20,1349,LODHA,EQ,765030,364190,47.60
20,1350,LOKESHMACH,EQ,72793,52546,72.19
20,1351,LORDSCHLO,EQ,17365,8199,47.22
20,1352,LOTUSEYE,EQ,407039,178753,43.92
20,1353,LOWVOL,EQ,38,38,100.00
20,1354,LOWVOL1,EQ,133532,104589,78.33
20,1355,LOWVOLIETF,EQ,2268010,1953689,86.14
20,1356,LOYALTEX,EQ,5785,3234,55.90
20,1357,LRRPL,ST,42000,42000,100.00
20,1358,LT,EQ,2750597,1732018,62.97
20,1359,LTF,EQ,11507289,5446275,47.33
20,1360,LTFOODS,EQ,800222,366066,45.75
20,1361,LTGILTBEES,EQ,3923166,3475443,88.59
20,1362,LTIM,EQ,535600,240729,44.95
20,1363,LTTS,EQ,125111,48472,38.74
20,1364,LUMAXIND,EQ,11960,5906,49.38
20,1365,LUMAXTECH,EQ,92808,59580,64.20
20,1366,LUPIN,EQ,1238171,694640,56.10
20,1367,LUXIND,EQ,77743,42069,54.11
20,1368,LXCHEM,EQ,1179696,528313,44.78
20,1369,LYKALABS,EQ,86457,44486,51.45
20,1370,MAANALU,EQ,65039,32180,49.48
20,1371,MACOBSTECH,SM,19200,1600,8.33
20,1372,MADHAV,EQ,22354,12740,56.99
20,1373,MADHAVBAUG,SM,2400,2000,83.33
20,1374,MADHUSUDAN,SM,46000,38000,82.61
20,1375,MADRASFERT,EQ,98367,49634,50.46
20,1376,MAFANG,EQ,681933,503142,73.78
20,1377,MAGADSUGAR,EQ,23918,8704,36.39
20,1378,MAGNUM,EQ,49254,25551,51.88
20,1379,MAGSON,SM,8000,8000,100.00
20,1380,MAHABANK,EQ,11983212,3182161,26.56
20,1381,MAHEPC,EQ,44344,25704,57.97
20,1382,MAHESHWARI,EQ,17157,10823,63.08
20,1383,MAHICKRA,SM,2250,2250,100.00
20,1384,MAHKTECH,EQ,10606768,7125256,67.18
20,1385,MAHLIFE,EQ,309242,141710,45.82
20,1386,MAHLOG,EQ,58452,25586,43.77
20,1387,MAHSCOOTER,EQ,11977,4914,41.03
20,1388,MAHSEAMLES,EQ,137572,79848,58.04
20,1389,MAITHANALL,EQ,49221,29045,59.01
20,1390,MAITREYA,ST,33600,27200,80.95
20,1391,MAKEINDIA,EQ,121806,82109,67.41
20,1392,MAKS,ST,13500,10500,77.78
20,1393,MAL,SM,115200,62400,54.17
20,1394,MALUPAPER,EQ,45971,13008,28.30
20,1395,MANAKSIA,EQ,141002,56180,39.84
20,1396,MANAKSTEEL,EQ,119812,56275,46.97
20,1397,MANALIPETC,EQ,339876,159151,46.83
20,1398,MANAPPURAM,EQ,10282450,2461977,23.94
20,1399,MANAV,SM,24000,12000,50.00
20,1400,MANCREDIT,EQ,28914,10276,35.54
20,1401,MANDEEP,ST,14000,12000,85.71
20,1402,MANGALAM,EQ,106938,56236,52.59
20,1403,MANGCHEFER,EQ,341300,288548,84.54
20,1404,MANGLMCEM,EQ,32158,18772,58.37
20,1405,MANINDS,EQ,155053,91499,59.01
20,1406,MANINFRA,EQ,1386451,606569,43.75
20,1407,MANKIND,EQ,382118,235676,61.68
20,1408,MANORAMA,EQ,68461,49194,71.86
20,1409,MANUGRAPH,EQ,523325,176543,33.73
20,1410,MANYAVAR,EQ,83650,37403,44.71
20,1411,MAPMYINDIA,EQ,115449,73551,63.71
20,1412,MARALOVER,EQ,31671,10366,32.73
20,1413,MARATHON,EQ,49598,27219,54.88
20,1414,MARCO,SM,51000,27000,52.94
20,1415,MARICO,EQ,3431866,2098200,61.14
20,1416,MARKSANS,EQ,4616310,1154753,25.01
20,1417,MARSHALL,EQ,347920,65158,18.73
20,1418,MARUTI,EQ,1471069,466626,31.72
20,1419,MASFIN,EQ,205183,96360,46.96
20,1420,MASON,SM,26000,22000,84.62
20,1421,MASPTOP50,EQ,559002,423028,75.68
20,1422,MASTEK,EQ,52973,26104,49.28
20,1423,MATRIMONY,EQ,47612,25018,52.55
20,1424,MAWANASUG,EQ,190336,115314,60.58
20,1425,MAXESTATES,EQ,194541,102505,52.69
20,1426,MAXHEALTH,EQ,3734695,3003743,80.43
20,1427,MAXIND,EQ,50710,31085,61.30
20,1428,MAXPOSURE,SM,300000,172000,57.33
20,1429,MAYURUNIQ,EQ,67583,38961,57.65
20,1430,MAZDA,EQ,3680,1734,47.12
20,1431,MAZDOCK,EQ,864013,108666,12.58
20,1432,MBAPL,EQ,10558,5450,51.62
20,1433,MCL,EQ,50745,20648,40.69
20,1434,MCLEODRUSS,EQ,2561047,1689791,65.98
20,1435,MCON,ST,27000,25000,92.59
20,1436,MCX,EQ,387467,121517,31.36
20,1437,MDL,SM,16000,14000,87.50
20,1438,MEDANTA,EQ,210208,139919,66.56
20,1439,MEDIASSIST,EQ,296168,153542,51.84
20,1440,MEDICAMEQ,EQ,280849,74125,26.39
20,1441,MEDIORG,SM,36000,24000,66.67
20,1442,MEDPLUS,EQ,191031,100163,52.43
20,1443,MEGAFLEX,SM,162000,123000,75.93
20,1444,MEGASOFT,EQ,1071961,644704,60.14
20,1445,MEGASTAR,EQ,24383,13120,53.81
20,1446,MEGATHERM,ST,26400,22400,84.85
20,1447,MENONBE,EQ,100260,52450,52.31
20,1448,METALIETF,EQ,7029947,4590566,65.30
20,1449,METROBRAND,EQ,100790,43736,43.39
20,1450,METROPOLIS,EQ,111043,28753,25.89
20,1451,MFSL,EQ,414906,167230,40.31
20,1452,MGL,EQ,860987,303150,35.21
20,1453,MHHL,SM,3000,3000,100.00
20,1454,MHLXMIRU,EQ,20528,10643,51.85
20,1455,MHRIL,EQ,267029,164208,61.49
20,1456,MICROPRO,SM,8000,4800,60.00
20,1457,MID150BEES,EQ,377863,270781,71.66
20,1458,MID150CASE,EQ,408267,269973,66.13
20,1459,MIDCAP,EQ,58207,28839,49.55
20,1460,MIDCAPETF,EQ,1208054,828735,68.60
20,1461,MIDCAPIETF,EQ,597596,437430,73.20
20,1462,MIDHANI,EQ,186806,86220,46.15
20,1463,MIDQ50ADD,EQ,5285,3843,72.72
20,1464,MIDSELIETF,EQ,365799,295408,80.76
20,1465,MIDSMALL,EQ,182802,127858,69.94
20,1466,MIEL,SM,48000,40000,83.33
20,1467,MILTON,SM,22000,17600,80.00
20,1468,MINDACORP,EQ,1559018,467966,30.02
20,1469,MINDSPACE,RR,136783,117617,85.99
20,1470,MIRZAINT,EQ,173450,87845,50.65
20,1471,MITCON,EQ,26024,20227,77.72
20,1472,MITCONPP,E1,5056,5056,100.00
20,1473,MITTAL,EQ,999018,583734,58.43
20,1474,M&M,EQ,4753617,2171030,45.67
20,1475,M&MFIN,EQ,5635581,2528816,44.87
20,1476,MMFL,EQ,26011,14051,54.02
20,1477,MMTC,EQ,1255010,515693,41.09
20,1478,MNC,EQ,110839,94251,85.03
20,1479,MODEFENCE,EQ,204334,184682,90.38
20,1480,MOGSEC,EQ,9552,7909,82.80
20,1481,MOHEALTH,EQ,72900,50564,69.36
20,1482,MOIL,EQ,1020989,428859,42.00
20,1483,MOL,EQ,627359,308144,49.12
20,1484,MOLDTECH,EQ,42980,23130,53.82
20,1485,MOLDTKPAC,EQ,20419,11813,57.85
20,1486,MOLOWVOL,EQ,86296,83417,96.66
20,1487,MOM100,EQ,359940,222772,61.89
20,1488,MOM30IETF,EQ,962023,653222,67.90
20,1489,MOM50,EQ,5781,4726,81.75
20,1490,MOMENTUM,EQ,130707,115745,88.55
20,1491,MOMOMENTUM,EQ,136089,93120,68.43
20,1492,MON100,EQ,1256538,806173,64.16
20,1493,MONARCH,EQ,87477,40624,46.44
20,1494,MONIFTY500,EQ,241099,188735,78.28
20,1495,MONOPHARMA,SM,88000,72000,81.82
20,1496,MONQ50,EQ,571231,498554,87.28
20,1497,MONTECARLO,EQ,37548,18572,49.46
20,1498,MOQUALITY,EQ,4027,3103,77.05
20,1499,MOREALTY,EQ,270893,208466,76.96
20,1500,MOREPENLAB,EQ,4984666,1987594,39.87
20,1501,MOS,SM,3707200,3076000,82.97
20,1502,MOSMALL250,EQ,659780,583233,88.40
20,1503,MOTHERSON,EQ,51609027,25857446,50.10
20,1504,MOTILALOFS,EQ,674520,266656,39.53
20,1505,MOTISONS,EQ,3741362,1207504,32.27
20,1506,MOTOGENFIN,EQ,55166,21239,38.50
20,1507,MOVALUE,EQ,169843,135985,80.07
20,1508,MOXSH,ST,14400,14400,100.00
20,1509,MPHASIS,EQ,274458,96030,34.99
20,1510,MPSLTD,EQ,9407,4697,49.93
20,1511,MRF,EQ,8335,3977,47.71
20,1512,MRPL,EQ,1462081,535924,36.65
20,1513,MSTCLTD,EQ,353630,147553,41.73
20,1514,MSUMI,EQ,6860252,3511652,51.19
20,1515,MTARTECH,EQ,48062,27999,58.26
20,1516,MTNL,EQ,2326186,1135573,48.82
20,1517,MUFIN,EQ,53202,28815,54.16
20,1518,MUFTI,EQ,581891,228551,39.28
20,1519,MUKANDLTD,EQ,237190,132379,55.81
20,1520,MUKKA,EQ,1160135,671434,57.88
20,1521,MUKTAARTS,EQ,5228936,938671,17.95
20,1522,MULTICAP,EQ,448461,383985,85.62
20,1523,MUNJALAU,EQ,443981,147232,33.16
20,1524,MUNJALSHOW,EQ,84381,43329,51.35
20,1525,MURUDCERA,EQ,58882,36696,62.32
20,1526,MUTHOOTCAP,EQ,86450,38182,44.17
20,1527,MUTHOOTFIN,EQ,371331,157630,42.45
20,1528,MUTHOOTMF,EQ,292578,153599,52.50
20,1529,MVGJL,EQ,547267,209026,38.19
20,1530,MVKAGRO,SM,8400,8400,100.00
20,1531,MWL,SM,21600,21600,100.00
20,1532,MYMUDRA,SM,151200,87600,57.94
20,1533,NACLIND,EQ,142297,72288,50.80
20,1534,NAGAFERT,EQ,1750665,1054894,60.26
20,1535,NAHARCAP,EQ,7795,4300,55.16
20,1536,NAHARINDUS,EQ,66356,26687,40.22
20,1537,NAHARSPING,EQ,35609,15619,43.86
20,1538,NAMAN,SM,16000,11200,70.00
20,1539,NAM-INDIA,EQ,691644,418725,60.54
20,1540,NAMOEWASTE,SM,1052800,502400,47.72
20,1541,NATCOPHARM,EQ,842506,473095,56.15
20,1542,NATIONALUM,EQ,34188733,11907382,34.83
20,1543,NAUKRI,EQ,211609,110374,52.16
20,1544,NAVA,EQ,282953,112656,39.81
20,1545,NAVINFLUOR,EQ,75857,23945,31.57
20,1546,NAVINIFTY,EQ,3872,1876,48.45
20,1547,NAVKARCORP,EQ,285552,151148,52.93
20,1548,NAVNETEDUL,EQ,95704,56177,58.70
20,1549,NAZARA,EQ,474121,211023,44.51
20,1550,NBCC,EQ,8307778,3780406,45.50
20,1551,NCC,EQ,3322771,1895570,57.05
20,1552,NCLIND,EQ,48824,31175,63.85
20,1553,NDLVENTURE,EQ,44539,17940,40.28
20,1554,NDRAUTO,EQ,70175,28236,40.24
20,1555,NDTV,EQ,153633,44372,28.88
20,1556,NELCAST,EQ,215035,78324,36.42
20,1557,NELCO,EQ,188102,83936,44.62
20,1558,NEOGEN,EQ,78680,45468,57.79
20,1559,NEPHROCARE,SM,20800,19200,92.31
20,1560,NESCO,EQ,37941,20126,53.05
20,1561,NESTLEIND,EQ,1158606,609311,52.59
20,1562,NETF,EQ,3657,2947,80.59
20,1563,NETWEB,EQ,85667,35304,41.21
20,1564,NETWORK18,EQ,5631339,1611026,28.61
20,1565,NEULANDLAB,EQ,81096,36353,44.83
20,1566,NEWGEN,EQ,3874237,536935,13.86
20,1567,NEWJAISA,SM,151500,139500,92.08
20,1568,NEXT50,EQ,8349,5590,66.95
20,1569,NEXT50IETF,EQ,519660,336835,64.82
20,1570,NFL,EQ,1206899,469148,38.87
20,1571,NGIL,EQ,147798,13234,8.95
20,1572,NGLFINE,EQ,1124,705,62.72
20,1573,NH,EQ,395840,277660,70.14
20,1574,NHPC,EQ,17558678,10027208,57.11
20,1575,NIACL,EQ,1565796,292931,18.71
20,1576,NIBL,EQ,27291,7441,27.27
20,1577,NIDAN,SM,8000,7000,87.50
20,1578,NIF100BEES,EQ,17517,11231,64.11
20,1579,NIF100IETF,EQ,133040,86656,65.14
20,1580,NIF10GETF,EQ,1660,1200,72.29
20,1581,NIF5GETF,EQ,1397,1390,99.50
20,1582,NIFITETF,EQ,3792,3567,94.07
20,1583,NIFMID150,EQ,8982,7317,81.46
20,1584,NIFTY1,EQ,31743,22411,70.60
20,1585,NIFTY50ADD,EQ,8922,6486,72.70
20,1586,NIFTYBEES,EQ,12493484,10418613,83.39
20,1587,NIFTYBETF,EQ,1390,1011,72.73
20,1588,NIFTYETF,EQ,264108,131888,49.94
20,1589,NIFTYIETF,EQ,236507,111993,47.35
20,1590,NIFTYQLITY,EQ,64153,34130,53.20
20,1591,NIITLTD,EQ,772428,347216,44.95
20,1592,NIITMTS,EQ,147874,80436,54.39
20,1593,NILAINFRA,EQ,708845,486472,68.63
20,1594,NILKAMAL,EQ,7174,3813,53.15
20,1595,NINSYS,EQ,11760,8465,71.98
20,1596,NIPPOBATRY,EQ,3763,2273,60.40
20,1597,NIRMAN,ST,96600,86400,89.44
20,1598,NITCO,EQ,360256,276620,76.78
20,1599,NITINSPIN,EQ,65773,42604,64.77
20,1600,NITIRAJ,EQ,12182,6464,53.06
20,1601,NKIND,EQ,3215,1308,40.68
20,1602,NLCINDIA,EQ,2660177,1358342,51.06
20,1603,NMDC,EQ,27222191,13152313,48.31
20,1604,NOCIL,EQ,966918,371019,38.37
20,1605,NORTHARC,EQ,2400444,1095022,45.62
20,1606,NPBET,EQ,2021,1324,65.51
20,1607,NPST,SM,39400,30000,76.14
20,1608,NRAIL,EQ,10469,8104,77.41
20,1609,NRBBEARING,EQ,254705,177416,69.66
20,1610,NRL,EQ,248586,163652,65.83
20,1611,NSIL,EQ,15154,8224,54.27
20,1612,NSLNISP,EQ,6955559,3047734,43.82
20,1613,NTPC,EQ,20041825,10465570,52.22
20,1614,NUCLEUS,EQ,19252,11004,57.16
20,1615,NURECA,EQ,31828,20625,64.80
20,1616,NUVAMA,EQ,96701,52694,54.49
20,1617,NUVOCO,EQ,181061,97857,54.05
20,1618,NV20,EQ,16613,10531,63.39
20,1619,NV20BEES,EQ,24730,20638,83.45
20,1620,NV20IETF,EQ,743282,476712,64.14
20,1621,NXST,RR,1183074,914979,77.34
20,1622,NYKAA,EQ,5011556,2345450,46.80
20,1623,OAL,EQ,20240,11648,57.55
20,1624,OBCL,EQ,182533,36823,20.17
20,1625,OBEROIRLTY,EQ,944208,302370,32.02
20,1626,OFSS,EQ,249828,149746,59.94
20,1627,OIL,EQ,5512784,3137314,56.91
20,1628,OILIETF,EQ,2387908,1763278,73.84
20,1629,OLAELEC,EQ,31139206,10345284,33.22
20,1630,OLECTRA,EQ,205082,80045,39.03
20,1631,OLIL,ST,15600,13200,84.62
20,1632,OMAXAUTO,EQ,59557,14422,24.22
20,1633,OMFURN,SM,33600,33600,100.00
20,1634,ONDOOR,SM,7200,5400,75.00
20,1635,ONEPOINT,EQ,2426089,964570,39.76
20,1636,ONGC,EQ,27812412,15193345,54.63
20,1637,ONMOBILE,EQ,416183,177972,42.76
20,1638,ONWARDTEC,EQ,24973,17950,71.88
20,1639,OPTIEMUS,EQ,956012,335352,35.08
20,1640,ORBTEXP,EQ,12998,8706,66.98
20,1641,ORCHPHARMA,EQ,67334,39529,58.71
20,1642,ORIANA,SM,64050,37650,58.78
20,1643,ORICONENT,EQ,740740,339209,45.79
20,1644,ORIENTBELL,EQ,8254,5182,62.78
20,1645,ORIENTCEM,EQ,1772657,534295,30.14
20,1646,ORIENTCER,EQ,131077,43146,32.92
20,1647,ORIENTELEC,EQ,106062,54285,51.18
20,1648,ORIENTHOT,EQ,281733,109862,39.00
20,1649,ORIENTLTD,EQ,56383,22490,39.89
20,1650,ORIENTPPR,EQ,1009163,419246,41.54
20,1651,ORIENTTECH,EQ,1046391,555255,53.06
20,1652,ORISSAMINE,EQ,24661,7141,28.96
20,1653,ORTINGLOBE,EQ,15548,9795,63.00
20,1654,OSELDEVICE,ST,8800,8800,100.00
20,1655,OSWALGREEN,EQ,1265106,609845,48.21
20,1656,OWAIS,SM,19200,11200,58.33
20,1657,PAGEIND,EQ,15182,7066,46.54
20,1658,PAISALO,EQ,1225310,698629,57.02
20,1659,PAKKA,EQ,123755,64469,52.09
20,1660,PALASHSECU,EQ,4535,2126,46.88
20,1661,PALREDTEC,EQ,70503,40911,58.03
20,1662,PANACEABIO,EQ,376273,219852,58.43
20,1663,PANAMAPET,EQ,147934,93722,63.35
20,1664,PAR,EQ,19620,13421,68.40
20,1665,PARACABLES,EQ,2107830,1012266,48.02
20,1666,PARADEEP,EQ,978127,494666,50.57
20,1667,PARAGMILK,EQ,563975,220397,39.08
20,1668,PARAGON,SM,20400,16800,82.35
20,1669,PARAMATRIX,SM,4800,4800,100.00
20,1670,PARIN,SM,4000,3000,75.00
20,1671,PARKHOTELS,EQ,343248,239880,69.89
20,1672,PARTYCRUS,SM,9000,7000,77.78
20,1673,PASHUPATI,SM,800,800,100.00
20,1674,PATANJALI,EQ,762520,647124,84.87
20,1675,PATELENG,EQ,2868080,1393930,48.60
20,1676,PATINTLOG,EQ,764447,332564,43.50
20,1677,PATTECH,SM,3000,3000,100.00
20,1678,PAVNAIND,EQ,69925,31777,45.44
20,1679,PAYTM,EQ,20458620,7155360,34.97
20,1680,PCBL,EQ,3799856,1469405,38.67
20,1681,PCCL,SM,15200,12000,78.95
20,1682,PCJEWELLER,EQ,12134139,5576655,45.96
20,1683,PDMJEPAPER,EQ,148944,89874,60.34
20,1684,PDSL,EQ,64490,41654,64.59
20,1685,PEARLPOLY,EQ,138768,66681,48.05
20,1686,PEL,EQ,959316,354030,36.90
20,1687,PELATRO,ST,381600,366000,95.91
20,1688,PENIND,EQ,716541,330611,46.14
20,1689,PENINLAND,EQ,638920,306993,48.05
20,1690,PENTAGON,SM,9000,7000,77.78
20,1691,PERSISTENT,EQ,461259,215079,46.63
20,1692,PETRONET,EQ,6658856,4637770,69.65
20,1693,PFC,EQ,8617212,4371792,50.73
20,1694,PFIZER,EQ,19393,12997,67.02
20,1695,PFS,EQ,1123575,578610,51.50
20,1696,PGEL,EQ,1000662,522782,52.24
20,1697,PGHH,EQ,2476,1232,49.76
20,1698,PGHL,EQ,3126,1811,57.93
20,1699,PGIL,EQ,32380,21261,65.66
20,1700,PGINVIT,IV,1392577,1333200,95.74
20,1701,PHANTOMFX,SM,37800,27900,73.81
20,1702,PHARMABEES,EQ,2919788,1607148,55.04
20,1703,PHOENIXLTD,EQ,362455,184829,50.99
20,1704,PIDILITIND,EQ,446470,230065,51.53
20,1705,PIIND,EQ,143490,76921,53.61
20,1706,PILANIINVS,EQ,5197,2642,50.84
20,1707,PILITA,EQ,398055,241878,60.76
20,1708,PIONEEREMB,EQ,71791,41851,58.30
20,1709,PITTIENG,EQ,31151,19250,61.80
20,1710,PIXTRANS,EQ,75384,24027,31.87
20,1711,PLADAINFO,SM,9000,9000,100.00
20,1712,PLATIND,EQ,329499,131169,39.81
20,1713,PLAZACABLE,EQ,93232,42175,45.24
20,1714,PNB,EQ,34719895,12821893,36.93
20,1715,PNBGILTS,EQ,326241,159618,48.93
20,1716,PNBHOUSING,EQ,868476,252227,29.04
20,1717,PNC,EQ,959484,440697,45.93
20,1718,PNCINFRA,EQ,203855,89858,44.08
20,1719,PNGJL,EQ,1120067,288954,25.80
20,1720,POCL,EQ,29857,17574,58.86
20,1721,PODDARMENT,EQ,21172,12914,61.00
20,1722,POKARNA,EQ,111328,33180,29.80
20,1723,POLICYBZR,EQ,10662189,5005196,46.94
20,1724,POLYCAB,EQ,536672,349676,65.16
20,1725,POLYMED,EQ,56946,19544,34.32
20,1726,POLYPLEX,EQ,144798,69062,47.70
20,1727,POLYSIL,SM,14000,10000,71.43
20,1728,PONNIERODE,EQ,31857,14567,45.73
20,1729,POONAWALLA,EQ,1458774,773147,53.00
20,1730,POSITRON,SM,26400,15600,59.09
20,1731,POWERGRID,EQ,18733959,8228850,43.92
20,1732,POWERINDIA,EQ,50749,29372,57.88
20,1733,POWERMECH,EQ,52201,15118,28.96
20,1734,PPAP,EQ,16009,9183,57.36
20,1735,PPL,EQ,122075,61529,50.40
20,1736,PPLPHARMA,EQ,9899653,2551372,25.77
20,1737,PPSL,SM,288000,180000,62.50
20,1738,PRAJIND,EQ,438454,199322,45.46
20,1739,PRAKASH,EQ,942129,498345,52.90
20,1740,PRAKASHSTL,EQ,555375,335766,60.46
20,1741,PRAMARA,SM,36000,34000,94.44
20,1742,PRATHAM,SM,20800,17600,84.62
20,1743,PRECAM,EQ,162164,84042,51.83
20,1744,PRECISION,SM,40000,30000,75.00
20,1745,PRECWIRE,EQ,795127,269996,33.96
20,1746,PREMEXPLN,EQ,43027,34492,80.16
20,1747,PREMIERENE,EQ,3779481,818241,21.65
20,1748,PREMIERPOL,EQ,41600,24437,58.74
20,1749,PRESSTONIC,SM,18400,12800,69.57
20,1750,PRESTIGE,EQ,1608171,628121,39.06
20,1751,PRICOLLTD,EQ,258917,138656,53.55
20,1752,PRIMESECU,EQ,43447,19590,45.09
20,1753,PRINCEPIPE,EQ,109422,68329,62.45
20,1754,PRITI,EQ,83219,35462,42.61
20,1755,PRITIKA,SM,68000,36000,52.94
20,1756,PRITIKAUTO,EQ,761558,240112,31.53
20,1757,PRIVISCL,EQ,16140,10134,62.79
20,1758,PRIZOR,SM,180800,105600,58.41
20,1759,PRLIND,SM,124000,106000,85.48
20,1760,PROLIFE,SM,3500,2500,71.43
20,1761,PROV,SM,800,800,100.00
20,1762,PROZONER,EQ,605064,368275,60.87
20,1763,PRSMJOHNSN,EQ,73607623,3365897,4.57
20,1764,PRUDENT,EQ,107943,81364,75.38
20,1765,PSB,EQ,1627775,368174,22.62
20,1766,PSFL,ST,256000,256000,100.00
20,1767,PSPPROJECT,EQ,33465,20078,60.00
20,1768,PSUBANK,EQ,26233,16509,62.93
20,1769,PSUBANKADD,EQ,19961,18328,91.82
20,1770,PSUBNKBEES,EQ,2268699,1258584,55.48
20,1771,PSUBNKIETF,EQ,84758,44747,52.79
20,1772,PTC,EQ,1548358,1039619,67.14
20,1773,PTL,EQ,61288,43352,70.73
20,1774,PULZ,SM,12000,11000,91.67
20,1775,PUNJABCHEM,EQ,12190,9193,75.41
20,1776,PURVFLEXI,SM,126400,108800,86.08
20,1777,PVRINOX,EQ,496082,208343,42.00
20,1778,PVSL,EQ,49176,33015,67.14
20,1779,PVTBANIETF,EQ,1843389,1498195,81.27
20,1780,PVTBANKADD,EQ,103974,74598,71.75
20,1781,PYRAMID,EQ,120578,79407,65.86
20,1782,QGOLDHALF,EQ,43014,32008,74.41
20,1783,QMSMEDI,SM,18000,17000,94.44
20,1784,QNIFTY,EQ,329,237,72.04
20,1785,QUADPRO,SM,12000,12000,100.00
20,1786,QUAL30IETF,EQ,360561,226265,62.75
20,1787,QUESS,EQ,273754,141084,51.54
20,1788,QUESTLAB,SM,27600,21600,78.26
20,1789,QUICKHEAL,EQ,100227,33681,33.60
20,1790,QUICKTOUCH,SM,30000,22000,73.33
20,1791,QVCEL,SM,49600,40000,80.65
20,1792,RACE,EQ,60898,36832,60.48
20,1793,RADHIKAJWE,EQ,2029119,941016,46.38
20,1794,RADIANTCMS,EQ,1012333,854919,84.45
20,1795,RADICO,EQ,207670,108270,52.14
20,1796,RADIOCITY,EQ,916764,418774,45.68
20,1797,RADIOCITY,P1,20474,20474,100.00
20,1798,RAILTEL,EQ,1492365,346159,23.20
20,1799,RAIN,EQ,2032706,971812,47.81
20,1800,RAINBOW,EQ,3572175,250013,7.00
20,1801,RAJESHEXPO,EQ,210960,87537,41.49
20,1802,RAJINDLTD,SM,30000,24000,80.00
20,1803,RAJMET,EQ,2284404,1210528,52.99
20,1804,RAJRATAN,EQ,37080,24545,66.19
20,1805,RAJSREESUG,EQ,59496,32056,53.88
20,1806,RALLIS,EQ,245657,118121,48.08
20,1807,RAMANEWS,EQ,111644,38805,34.76
20,1808,RAMAPHO,EQ,40852,24360,59.63
20,1809,RAMASTEEL,EQ,90301289,23432235,25.95
20,1810,RAMCOCEM,EQ,514998,204764,39.76
20,1811,RAMCOIND,EQ,692148,249733,36.08
20,1812,RAMCOSYS,EQ,27686,17430,62.96
20,1813,RAMKY,EQ,40715,20960,51.48
20,1814,RAMRAT,EQ,28053,15694,55.94
20,1815,RANASUG,EQ,298710,152294,50.98
20,1816,RANEHOLDIN,EQ,12168,7368,60.55
20,1817,RATEGAIN,EQ,139519,76249,54.65
20,1818,RATNAMANI,EQ,33905,22818,67.30
20,1819,RAYMOND,EQ,122429,61642,50.35
20,1820,RAYMONDLSL,EQ,65850,42853,65.08
20,1821,RBA,EQ,6150081,2819098,45.84
20,1822,RBLBANK,EQ,8422581,3302719,39.21
20,1823,RBMINFRA,SM,35000,26200,74.86
20,1824,RBS,SM,251200,188800,75.16
20,1825,RCDL,SM,15000,12000,80.00
20,1826,RCF,EQ,1678522,754728,44.96
20,1827,RECLTD,EQ,6013480,2988878,49.70
20,1828,REDINGTON,EQ,935670,449906,48.08
20,1829,REDTAPE,EQ,53113,26568,50.02
20,1830,REFEX,EQ,3443055,1075345,31.23
20,1831,REFRACTORY,ST,16000,16000,100.00
20,1832,RELAXO,EQ,42519,23470,55.20
20,1833,RELCHEMQ,EQ,5485,2942,53.64
20,1834,RELIANCE,EQ,9409499,6388610,67.90
20,1835,RELIGARE,EQ,1207007,702323,58.19
20,1836,RELINFRA,EQ,11015248,2579488,23.42
20,1837,RELTD,EQ,1237583,578383,46.73
20,1838,REMSONSIND,EQ,364116,208122,57.16
20,1839,REMUS,SM,3100,1900,61.29
20,1840,RENUKA,EQ,8786853,3145597,35.80
20,1841,REPCOHOME,EQ,71151,40145,56.42
20,1842,REPL,EQ,877880,229995,26.20
20,1843,REPRO,EQ,25305,14120,55.80
20,1844,RESPONIND,EQ,249947,114736,45.90
20,1845,REVATHIEQU,EQ,3244,2222,68.50
20,1846,REXPIPES,SM,8000,8000,100.00
20,1847,RGL,EQ,550409,228145,41.45
20,1848,RHFL,EQ,22003073,13461592,61.18
20,1849,RHIM,EQ,132117,71131,53.84
20,1850,RICHA,SM,23000,13000,56.52
20,1851,RICOAUTO,EQ,642501,288867,44.96
20,1852,RIIL,EQ,728394,104180,14.30
20,1853,RILINFRA,ST,30100,26800,89.04
20,1854,RISHABH,EQ,699819,168312,24.05
20,1855,RITCO,EQ,97505,67365,69.09
20,1856,RITES,EQ,3307983,687524,20.78
20,1857,RKFORGE,EQ,211394,99762,47.19
20,1858,RKSWAMY,EQ,277336,217305,78.35
20,1859,RMDRIP,SM,2000,2000,100.00
20,1860,RML,EQ,9366,4684,50.01
20,1861,RNFI,SM,135600,90000,66.37
20,1862,ROCKINGDCE,SM,28250,19500,69.03
20,1863,ROHLTD,EQ,50157,14349,28.61
20,1864,ROLEXRINGS,EQ,9580,5465,57.05
20,1865,ROML,EQ,11750,8177,69.59
20,1866,ROSSARI,EQ,59706,34859,58.38
20,1867,ROTO,EQ,50619,28793,56.88
20,1868,ROUTE,EQ,90157,31723,35.19
20,1869,ROXHITECH,SM,32000,25600,80.00
20,1870,RPEL,EQ,12200,7222,59.20
20,1871,RPGLIFE,EQ,18033,9714,53.87
20,1872,RPOWER,EQ,158323050,55973794,35.35
20,1873,RPPL,EQ,128074,70877,55.34
20,1874,RPSGVENT,EQ,81864,42618,52.06
20,1875,RPTECH,EQ,218958,124347,56.79
20,1876,RRKABEL,EQ,183952,134586,73.16
20,1877,RSWM,EQ,35066,23392,66.71
20,1878,RSYSTEMS,EQ,150844,95947,63.61
20,1879,RTNINDIA,EQ,1903832,946975,49.74
20,1880,RTNPOWER,EQ,8827458,6545882,74.15
20,1881,RUBFILA,EQ,52469,35532,67.72
20,1882,RUBYMILLS,EQ,22944,12144,52.93
20,1883,RUCHIRA,EQ,46198,30662,66.37
20,1884,RULKA,ST,3000,3000,100.00
20,1885,RUPA,EQ,130620,71753,54.93
20,1886,RUSHIL,EQ,501444,278875,55.61
20,1887,RUSTOMJEE,EQ,22012,10894,49.49
20,1888,RVNL,EQ,4399204,1232854,28.02
20,1889,SAAKSHI,ST,4800,4800,100.00
20,1890,SABAR,SM,25000,25000,100.00
20,1891,SADBHAV,EQ,864082,627907,72.67
20,1892,SADHAV,SM,19200,12000,62.50
20,1893,SADHNANIQ,EQ,285444,152536,53.44
20,1894,SAFARI,EQ,63255,25277,39.96
20,1895,SAGCEM,EQ,109664,74828,68.23
20,1896,SAH,EQ,25956,4064,15.66
20,1897,SAHAJ,SM,16000,16000,100.00
20,1898,SAHAJSOLAR,SM,47200,32000,67.80
20,1899,SAHANA,SM,9750,7000,71.79
20,1900,SAHYADRI,EQ,5531,3047,55.09
20,1901,SAIFL,SM,7200,4800,66.67
20,1902,SAIL,EQ,49823297,17643706,35.41
20,1903,SAKAR,EQ,7866,4335,55.11
20,1904,SAKHTISUG,EQ,282994,167122,59.05
20,1905,SAKSOFT,EQ,136825,67937,49.65
20,1906,SALASAR,EQ,11460276,4815216,42.02
20,1907,SALONA,EQ,1308,998,76.30
20,1908,SALSTEEL,EQ,425215,277113,65.17
20,1909,SALZERELEC,EQ,53268,31236,58.64
20,1910,SAMBHAAV,EQ,774921,445853,57.54
20,1911,SAMHI,EQ,1082352,584196,53.97
20,1912,SAMMAANCAP,EQ,6823424,2992794,43.86
20,1913,SANDESH,EQ,3805,2148,56.45
20,1914,SANDHAR,EQ,36991,17918,48.44
20,1915,SANDUMA,EQ,98332,55310,56.25
20,1916,SANGAMIND,EQ,724447,221518,30.58
20,1917,SANGHIIND,EQ,305072,216783,71.06
20,1918,SANGHVIMOV,EQ,450584,242722,53.87
20,1919,SANGINITA,EQ,71491,55079,77.04
20,1920,SANOFI,EQ,31021,14094,45.43
20,1921,SANSERA,EQ,92860,57953,62.41
20,1922,SANSTAR,EQ,2911770,1515629,52.05
20,1923,SAPPHIRE,EQ,3046595,629500,20.66
20,1924,SARDAEN,EQ,786648,317796,40.40
20,1925,SAREGAMA,EQ,3437916,385339,11.21
20,1926,SAROJA,SM,1600,1600,100.00
20,1927,SARTELE,SM,102500,74000,72.20
20,1928,SARVESHWAR,EQ,3436769,2179334,63.41
20,1929,SASKEN,EQ,4014,2237,55.73
20,1930,SASTASUNDR,EQ,13842,10037,72.51
20,1931,SATECH,SM,58000,44000,75.86
20,1932,SATIA,EQ,705406,394902,55.98
20,1933,SATIN,EQ,172475,119343,69.19
20,1934,SATINDLTD,EQ,607130,309694,51.01
20,1935,SATIPOLY,SM,10000,9000,90.00
20,1936,SAURASHCEM,EQ,181426,89223,49.18
20,1937,SBC,EQ,4615438,2120127,45.94
20,1938,SBCL,EQ,769259,357323,46.45
20,1939,SBFC,EQ,13594572,4991027,36.71
20,1940,SBGLP,EQ,260949,94618,36.26
20,1941,SBICARD,EQ,1205917,674199,55.91
20,1942,SBIETFCON,EQ,16649,12932,77.67
20,1943,SBIETFIT,EQ,9926,6921,69.73
20,1944,SBIETFPB,EQ,24859,20296,81.64
20,1945,SBIETFQLTY,EQ,5964,5452,91.42
20,1946,SBILIFE,EQ,1396821,483798,34.64
20,1947,SBIN,EQ,23198842,14651334,63.16
20,1948,SBINEQWETF,EQ,57414,39020,67.96
20,1949,SBISILVER,EQ,34931,31190,89.29
20,1950,SCHAEFFLER,EQ,42386,18431,43.48
20,1951,SCHAND,EQ,201824,133823,66.31
20,1952,SCHNEIDER,EQ,481789,142113,29.50
20,1953,SCI,EQ,2712605,1037502,38.25
20,1954,SCILAL,EQ,868524,420306,48.39
20,1955,SCL25,Y6,53,53,100.00
20,1956,SCLZC25B,AT,50,50,100.00
20,1957,SCML,SM,6000,4000,66.67
20,1958,SCPL,EQ,11431,6860,60.01
20,1959,SDBL,EQ,652511,312927,47.96
20,1960,SDL26BEES,EQ,882,576,65.31
20,1961,SEAMECLTD,EQ,48696,22628,46.47
20,1962,SECL,SM,806250,781250,96.90
20,1963,SECMARK,EQ,289,132,45.67
20,1964,SECURKLOUD,EQ,32319,21160,65.47
20,1965,SEL,SM,5200,3600,69.23
20,1966,SELAN,EQ,36735,19710,53.65
20,1967,SENCO,EQ,380167,165620,43.57
20,1968,SENSEXADD,EQ,10858,10211,94.04
20,1969,SENSEXETF,EQ,12056,8807,73.05
20,1970,SENSEXIETF,EQ,3274,2054,62.74
20,1971,SEPC,EQ,19553938,11499699,58.81
20,1972,SEQUENT,EQ,10307303,4086417,39.65
20,1973,SERVICE,SM,8000,8000,100.00
20,1974,SERVOTECH,EQ,4029421,2230076,55.34
20,1975,SESHAPAPER,EQ,8668,5464,63.04
20,1976,SETF10GILT,EQ,54900,54245,98.81
20,1977,SETFGOLD,EQ,1972710,1798531,91.17
20,1978,SETFNIF50,EQ,2336588,2157616,92.34
20,1979,SETFNIFBK,EQ,318437,293249,92.09
20,1980,SETFNN50,EQ,42481,23961,56.40
20,1981,SFL,EQ,189530,153274,80.87
20,1982,SFLZC25A,ZK,1,1,100.00
20,1983,SGBAPR28I,GB,144,122,84.72
20,1984,SGBAUG27,GB,135,116,85.93
20,1985,SGBAUG28V,GB,412,312,75.73
20,1986,SGBAUG29V,GB,121,75,61.98
20,1987,SGBAUG30,GB,194,160,82.47
20,1988,SGBD29VIII,GB,89,68,76.40
20,1989,SGBDE30III,GB,257,209,81.32
20,1990,SGBDE31III,GB,1994,1635,82.00
20,1991,SGBDEC25,GB,94,73,77.66
20,1992,SGBDEC26,GB,1,1,100.00
20,1993,SGBFEB27,GB,4,4,100.00
20,1994,SGBFEB29XI,GB,258,136,52.71
20,1995,SGBFEB32IV,GB,1668,1244,74.58
20,1996,SGBJ28VIII,GB,20,15,75.00
20,1997,SGBJAN29IX,GB,311,273,87.78
20,1998,SGBJAN29X,GB,191,171,89.53
20,1999,SGBJAN30IX,GB,50,40,80.00
20,2000,SGBJU29III,GB,225,109,48.44
20,2001,SGBJUL25,GB,178,123,69.10
20,2002,SGBJUL27,GB,13,13,100.00
20,2003,SGBJUL28IV,GB,221,213,96.38
20,2004,SGBJUL29IV,GB,137,84,61.31
20,2005,SGBJUN27,GB,5,5,100.00
20,2006,SGBJUN28,GB,62,57,91.94
20,2007,SGBJUN29II,GB,279,226,81.00
20,2008,SGBJUN30,GB,254,190,74.80
20,2009,SGBJUN31I,GB,439,357,81.32
20,2010,SGBMAR25,GB,59,45,76.27
20,2011,SGBMAR28X,GB,48,37,77.08
20,2012,SGBMAR30X,GB,54,46,85.19
20,2013,SGBMAR31IV,GB,142,107,75.35
20,2014,SGBMAY25,GB,105,65,61.90
20,2015,SGBMAY26,GB,21,12,57.14
20,2016,SGBMAY28,GB,1093,1092,99.91
20,2017,SGBMAY29I,GB,317,217,68.45
20,2018,SGBMR29XII,GB,34,20,58.82
20,2019,SGBN28VIII,GB,193,134,69.43
20,2020,SGBNOV24,GB,440,418,95.00
20,2021,SGBNOV258,GB,19,10,52.63
20,2022,SGBNOV25IX,GB,2,2,100.00
20,2023,SGBNOV25VI,GB,2,2,100.00
20,2024,SGBNOV26,GB,17,16,94.12
20,2025,SGBNV29VII,GB,63,38,60.32
20,2026,SGBOC28VII,GB,365,340,93.15
20,2027,SGBOCT25,GB,18,17,94.44
20,2028,SGBOCT25V,GB,122,83,68.03
20,2029,SGBOCT27,GB,9,8,88.89
20,2030,SGBOCT27VI,GB,4,4,100.00
20,2031,SGBSEP27,GB,104,100,96.15
20,2032,SGBSEP28VI,GB,213,192,90.14
20,2033,SGBSEP29VI,GB,235,198,84.26
20,2034,SGBSEP31II,GB,1252,964,77.00
20,2035,SGIL,EQ,86769,35912,41.39
20,2036,SHAHALLOYS,EQ,632903,192319,30.39
20,2037,SHAILY,EQ,242156,138133,57.04
20,2038,SHALBY,EQ,89501,50660,56.60
20,2039,SHALPAINTS,EQ,227899,125952,55.27
20,2040,SHANKARA,EQ,106435,60272,56.63
20,2041,SHANTHALA,SM,7200,6000,83.33
20,2042,SHANTI,EQ,67344,44108,65.50
20,2043,SHANTIGEAR,EQ,25022,10693,42.73
20,2044,SHARDACROP,EQ,127946,82139,64.20
20,2045,SHARDAMOTR,EQ,10951,6509,59.44
20,2046,SHAREINDIA,EQ,674353,379339,56.25
20,2047,SHARIABEES,EQ,3095,1828,59.06
20,2048,SHEETAL,SM,12000,10000,83.33
20,2049,SHEMAROO,EQ,914064,218105,23.86
20,2050,SHERA,SM,69000,48000,69.57
20,2051,SHIGAN,SM,6000,6000,100.00
20,2052,SHILPAMED,EQ,190450,81545,42.82
20,2053,SHIVALIK,EQ,43090,24288,56.37
20,2054,SHIVAMILLS,EQ,21485,8616,40.10
20,2055,SHIVATEX,EQ,10218,6947,67.99
20,2056,SHK,EQ,1909433,783587,41.04
20,2057,SHOPERSTOP,EQ,158411,36219,22.86
20,2058,SHREDIGCEM,EQ,722715,341343,47.23
20,2059,SHREECEM,EQ,24898,16475,66.17
20,2060,SHREEKARNI,ST,6000,6000,100.00
20,2061,SHREEOSFM,SM,13000,10000,76.92
20,2062,SHREYANIND,EQ,8467,6155,72.69
20,2063,SHREYAS,EQ,28336,17226,60.79
20,2064,SHRIPISTON,EQ,47645,27463,57.64
20,2065,SHRIRAMFIN,EQ,1071878,595735,55.58
20,2066,SHRIRAMPPS,EQ,1564128,803937,51.40
20,2067,SHRITECH,SM,52000,38000,73.08
20,2068,SHUBHLAXMI,SM,60000,56000,93.33
20,2069,SHUBHSHREE,ST,13200,13200,100.00
20,2070,SHYAMCENT,EQ,137532,90930,66.12
20,2071,SHYAMMETL,EQ,611311,249057,40.74
20,2072,SIDDHIKA,SM,4000,4000,100.00
20,2073,SIEMENS,EQ,273622,126493,46.23
20,2074,SIGACHI,EQ,1132686,622737,54.98
20,2075,SIGIND,EQ,131596,73916,56.17
20,2076,SIGMA,EQ,3123,2222,71.15
20,2077,SIGNATURE,EQ,883888,215661,24.40
20,2078,SIGNORIA,SM,10000,4000,40.00
20,2079,SIGNPOST,EQ,251118,117221,46.68
20,2080,SIKKO,EQ,33835,24603,72.71
20,2081,SILGO,EQ,212937,74950,35.20
20,2082,SILINV,EQ,2391,1576,65.91
20,2083,SILKFLEX,SM,10000,6000,60.00
20,2084,SILVER,EQ,718827,680387,94.65
20,2085,SILVER1,EQ,79571,65431,82.23
20,2086,SILVERADD,EQ,21408,18283,85.40
20,2087,SILVERBEES,EQ,8690590,6216863,71.54
20,2088,SILVERETF,EQ,200289,161604,80.69
20,2089,SILVERIETF,EQ,697963,586776,84.07
20,2090,SILVERTUC,EQ,23789,5937,24.96
20,2091,SILVRETF,EQ,35079,24156,68.86
20,2092,SINCLAIR,EQ,34863,20590,59.06
20,2093,SINDHUTRAD,EQ,4459020,2693179,60.40
20,2094,SINTERCOM,EQ,26021,10719,41.19
20,2095,SIRCA,EQ,80094,49442,61.73
20,2096,SIS,EQ,31015,19465,62.76
20,2097,SIYSIL,EQ,19125,13408,70.11
20,2098,SJLOGISTIC,SM,21000,14500,69.05
20,2099,SJS,EQ,190865,124348,65.15
20,2100,SJVN,EQ,5843848,2663568,45.58
20,2101,SKFINDIA,EQ,31392,17242,54.92
20,2102,SKIPPER,EQ,1181393,570591,48.30
20,2103,SKIPPERPP,E1,7889,6419,81.37
20,2104,SKMEGGPROD,EQ,67019,42536,63.47
20,2105,SKP,SM,31000,28000,90.32
20,2106,SLONE,ST,6400,6400,100.00
20,2107,SMALLCAP,EQ,1022276,823089,80.52
20,2108,SMARTLINK,EQ,199283,114106,57.26
20,2109,SMCGLOBAL,EQ,519130,258316,49.76
20,2110,SMLISUZU,EQ,17056,11500,67.42
20,2111,SMLT,EQ,121109,47936,39.58
20,2112,SMSPHARMA,EQ,153725,86678,56.39
20,2113,SNOWMAN,EQ,4050841,1492591,36.85
20,2114,SOBHA,EQ,199342,103827,52.08
20,2115,SOBHAPP,E1,1286,1136,88.34
20,2116,SOFTTECH,EQ,12191,6948,56.99
20,2117,SOLARAPP,X1,1031,1031,100.00
20,2118,SOLARINDS,EQ,48681,26696,54.84
20,2119,SOLEX,SM,5750,3750,65.22
20,2120,SOMANYCERA,EQ,12647,7094,56.09
20,2121,SOMATEX,EQ,27597,18836,68.25
20,2122,SONACOMS,EQ,4039878,2061992,51.04
20,2123,SONAMAC,SM,10000,8000,80.00
20,2124,SONAMLTD,EQ,1125057,385277,34.25
20,2125,SONATSOFTW,EQ,231624,121069,52.27
20,2126,SONUINFRA,ST,3000,3000,100.00
20,2127,SOTAC,ST,1200,1200,100.00
20,2128,SOTL,EQ,55725,23157,41.56
20,2129,SOUTHBANK,EQ,10117713,3400311,33.61
20,2130,SPAL,EQ,20488,10529,51.39
20,2131,SPANDANA,EQ,243819,183224,75.15
20,2132,SPARC,EQ,483746,302797,62.59
20,2133,SPCENET,EQ,3011913,2031272,67.44
20,2134,SPCL,SM,78000,54000,69.23
20,2135,SPECIALITY,EQ,43519,28441,65.35
20,2136,SPECTRUM,SM,3000,2875,95.83
20,2137,SPECTSTM,SM,16000,12000,75.00
20,2138,SPENCERS,EQ,505672,224708,44.44
20,2139,SPIC,EQ,450528,222481,49.38
20,2140,SPLIL,EQ,133016,52127,39.19
20,2141,SPLPETRO,EQ,40427,21722,53.73
20,2142,SPORTKING,EQ,105687,105686,100.00
20,2143,SPPPOLY,ST,140000,136000,97.14
20,2144,SPRL,ST,19200,11200,58.33
20,2145,SREEL,EQ,12523,5756,45.96
20,2146,SRF,EQ,994116,810440,81.52
20,2147,SRGHFL,EQ,17756,10506,59.17
20,2148,SRHHYPOLTD,EQ,1018055,205318,20.17
20,2149,SRIVASAVI,SM,10000,8000,80.00
20,2150,SRPL,EQ,1077111,663794,61.63
20,2151,SSDL,EQ,228162,117806,51.63
20,2152,SSEGL,SM,110000,84000,76.36
20,2153,SSFL,SM,13500,11500,85.19
20,2154,SSFL-RE,ST,79800,77800,97.49
20,2155,SSWL,EQ,267751,176014,65.74
20,2156,STANLEY,EQ,86203,54202,62.88
20,2157,STAR,EQ,294221,205417,69.82
20,2158,STARCEMENT,EQ,235639,154142,65.41
20,2159,STARHEALTH,EQ,763599,584416,76.53
20,2160,STARPAPER,EQ,13467,10481,77.83
20,2161,STCINDIA,EQ,66855,28853,43.16
20,2162,STEELCAS,EQ,11448,6542,57.15
20,2163,STEELCITY,EQ,33164,17023,51.33
20,2164,STEELXIND,EQ,4206610,2096971,49.85
20,2165,STERTOOLS,EQ,180875,68961,38.13
20,2166,STLTECH,EQ,669531,380897,56.89
20,2167,STOVEKRAFT,EQ,95807,48245,50.36
20,2168,STYLAMIND,EQ,59834,44451,74.29
20,2169,STYLEBAAZA,EQ,620343,310324,50.02
20,2170,STYRENIX,EQ,51565,29870,57.93
20,2171,SUBEXLTD,EQ,3694598,1503028,40.68
20,2172,SUBROS,EQ,54769,28289,51.65
20,2173,SUDARSCHEM,EQ,230531,146304,63.46
20,2174,SUKHJITS,EQ,24872,17155,68.97
20,2175,SULA,EQ,724405,618202,85.34
20,2176,SUMICHEM,EQ,232938,119289,51.21
20,2177,SUMMITSEC,EQ,14357,4303,29.97
20,2178,SUNCLAY,EQ,25460,15614,61.33
20,2179,SUNDARMFIN,EQ,173681,91708,52.80
20,2180,SUNDARMHLD,EQ,200996,109315,54.39
20,2181,SUNDRMFAST,EQ,55318,30429,55.01
20,2182,SUNFLAG,EQ,1220705,411502,33.71
20,2183,SUNLITE,SM,93600,85200,91.03
20,2184,SUNPHARMA,EQ,2452807,1507608,61.46
20,2185,SUNREST,SM,9600,4800,50.00
20,2186,SUNTECK,EQ,856894,255089,29.77
20,2187,SUNTV,EQ,926656,274376,29.61
20,2188,SUPERHOUSE,EQ,10946,5782,52.82
20,2189,SUPERSPIN,EQ,1200215,673458,56.11
20,2190,SUPRAJIT,EQ,137632,89788,65.24
20,2191,SUPREMEIND,EQ,108862,72820,66.89
20,2192,SUPREMEPWR,ST,23000,23000,100.00
20,2193,SUPRIYA,EQ,396691,172489,43.48
20,2194,SURANASOL,EQ,1335188,856988,64.18
20,2195,SURANI,SM,3600,2200,61.11
20,2196,SURYALAXMI,EQ,18083,13111,72.50
20,2197,SURYAROSNI,EQ,1316958,424159,32.21
20,2198,SURYODAY,EQ,151449,96436,63.68
20,2199,SUTLEJTEX,EQ,230196,106025,46.06
20,2200,SUVEN,EQ,184465,108101,58.60
20,2201,SUVENPHAR,EQ,90593,38727,42.75
20,2202,SUVIDHAA,EQ,165397,98226,59.39
20,2203,SUYOG,EQ,21665,14125,65.20
20,2204,SUZLON,EQ,24929699,16128903,64.70
20,2205,SVPGLOB,EQ,126809,104731,82.59
20,2206,SWANENERGY,EQ,7411272,1911477,25.79
20,2207,SWARAJ,SM,66000,51000,77.27
20,2208,SWARAJENG,EQ,7625,3377,44.29
20,2209,SWASTIK,SM,10800,9600,88.89
20,2210,SWELECTES,EQ,51609,21154,40.99
20,2211,SWSOLAR,EQ,1945520,1270708,65.31
20,2212,SYLVANPLY,SM,14000,8000,57.14
20,2213,SYMPHONY,EQ,106006,55660,52.51
20,2214,SYNCOMF,EQ,4420845,2016314,45.61
20,2215,SYNGENE,EQ,1275715,934206,73.23
20,2216,SYNOPTICS,SM,9600,9000,93.75
20,2217,SYRMA,EQ,351130,130312,37.11
20,2218,SYSTANGO,SM,14400,11200,77.78
20,2219,TAC,SM,46800,30000,64.10
20,2220,TAJGVK,EQ,105606,57513,54.46
20,2221,TAKE,EQ,247637,140599,56.78
20,2222,TALBROAUTO,EQ,43846,26003,59.31
20,2223,TANLA,EQ,323933,171023,52.80
20,2224,TARACHAND,EQ,18410,12803,69.54
20,2225,TARSONS,EQ,23897,11742,49.14
20,2226,TASTYBITE,EQ,4547,2805,61.69
20,2227,TATACHEM,EQ,481760,145835,30.27
20,2228,TATACOMM,EQ,1742981,682420,39.15
20,2229,TATACONSUM,EQ,2323705,1245879,53.62
20,2230,TATAELXSI,EQ,113372,41234,36.37
20,2231,TATAGOLD,EQ,4989826,4017420,80.51
20,2232,TATAINVEST,EQ,24927,14472,58.06
20,2233,TATAMOTORS,EQ,21640021,9375129,43.32
20,2234,TATAPOWER,EQ,20074440,7349365,36.61
20,2235,TATASTEEL,EQ,88661662,39776172,44.86
20,2236,TATATECH,EQ,1315081,524266,39.87
20,2237,TATSILV,EQ,2103923,1844734,87.68
20,2238,TATVA,EQ,167839,84725,50.48
20,2239,TBI,ST,22800,20400,89.47
20,2240,TBOTEK,EQ,12816,8299,64.75
20,2241,TBZ,EQ,1591424,486420,30.57
20,2242,TCHF30,NB,70,70,100.00
20,2243,TCI,EQ,17310,11497,66.42
20,2244,TCIEXP,EQ,18109,10659,58.86
20,2245,TCL,SM,35200,28000,79.55
20,2246,TCPLPACK,EQ,7749,4780,61.69
20,2247,TCS,EQ,3964251,2744141,69.22
20,2248,TDPOWERSYS,EQ,235672,131141,55.65
20,2249,TEAMLEASE,EQ,9234,4754,51.48
20,2250,TECH,EQ,56114,45573,81.22
20,2251,TECHLABS,ST,9500,9000,94.74
20,2252,TECHM,EQ,2173853,1092215,50.24
20,2253,TECHNOE,EQ,291949,261236,89.48
20,2254,TEGA,EQ,9622,6429,66.82
20,2255,TEJASNET,EQ,255357,194540,76.18
20,2256,TEXINFRA,EQ,1284196,762599,59.38
20,2257,TEXMOPIPES,EQ,53677,33523,62.45
20,2258,TEXRAIL,EQ,1567953,644571,41.11
20,2259,TFCILTD,EQ,571729,361333,63.20
20,2260,TGBHOTELS,EQ,85954,40952,47.64
20,2261,TGL,ST,34800,31200,89.66
20,2262,THANGAMAYL,EQ,76132,30243,39.72
20,2263,THEJO,EQ,5716,2706,47.34
20,2264,THEMISMED,EQ,517790,216651,41.84
20,2265,THERMAX,EQ,80156,45486,56.75
20,2266,THOMASCOOK,EQ,478857,348017,72.68
20,2267,THYROCARE,EQ,39246,25400,64.72
20,2268,TI,EQ,1030012,416847,40.47
20,2269,TIDEWATER,EQ,13045,6136,47.04
20,2270,TIIL,EQ,13039,8795,67.45
20,2271,TIINDIA,EQ,284015,209329,73.70
20,2272,TIMESCAN,SM,4000,4000,100.00
20,2273,TIMESGTY,EQ,21458,15332,71.45
20,2274,TIMETECHNO,EQ,976640,447920,45.86
20,2275,TIMKEN,EQ,36227,20612,56.90
20,2276,TIPSFILMS,EQ,384962,57612,14.97
20,2277,TIPSINDLTD,EQ,624614,247050,39.55
20,2278,TIRUMALCHM,EQ,156519,78290,50.02
20,2279,TIRUPATI,SM,8250,8250,100.00
20,2280,TITAGARH,EQ,609142,271078,44.50
20,2281,TITAN,EQ,1863893,1303270,69.92
20,2282,TMB,EQ,68175,41904,61.47
20,2283,TNIDETF,EQ,132123,115553,87.46
20,2284,TNPETRO,EQ,151313,107555,71.08
20,2285,TNPL,EQ,117845,71838,60.96
20,2286,TOP100CASE,EQ,193402,142293,73.57
20,2287,TOP10ADD,EQ,88578,82287,92.90
20,2288,TORNTPHARM,EQ,261256,172505,66.03
20,2289,TORNTPOWER,EQ,748505,367694,49.12
20,2290,TRACXN,EQ,421921,232232,55.04
20,2291,TRANSTEEL,SM,452000,274000,60.62
20,2292,TRANSWIND,ST,4000,4000,100.00
20,2293,TREEHOUSE,EQ,54692,40286,73.66
20,2294,TREL,EQ,322805,164581,50.98
20,2295,TRENT,EQ,1712253,756236,44.17
20,2296,TRF,EQ,10177,7040,69.18
20,2297,TRIDENT,EQ,3045484,1528356,50.18
20,2298,TRIDHYA,SM,3000,3000,100.00
20,2299,TRITURBINE,EQ,781886,211585,27.06
20,2300,TRIVENI,EQ,459267,213020,46.38
20,2301,TROM,SM,68400,43200,63.16
20,2302,TRU,EQ,1433075,825080,57.57
20,2303,TRUST,ST,93600,87600,93.59
20,2304,TTKHLTCARE,EQ,6243,3419,54.77
20,2305,TTKPRESTIG,EQ,24421,13739,56.26
20,2306,TTL,EQ,24806,16664,67.18
20,2307,TTML,EQ,4290800,1297205,30.23
20,2308,TUNWAL,SM,106000,84000,79.25
20,2309,TV18BRDCST,EQ,11765351,3385700,28.78
20,2310,TVSHLTD,EQ,7930,4829,60.90
20,2311,TVSMOTOR,EQ,717570,423331,59.00
20,2312,TVSSCS,EQ,699351,388419,55.54
20,2313,TVSSRICHAK,EQ,4724,3530,74.72
20,2314,TVTODAY,EQ,502740,274705,54.64
20,2315,UBL,EQ,198480,91172,45.94
20,2316,UCAL,EQ,33839,14714,43.48
20,2317,UCL,SM,16000,16000,100.00
20,2318,UCOBANK,EQ,5184091,1141287,22.02
20,2319,UDAICEMENT,EQ,535427,340977,63.68
20,2320,UDS,EQ,494874,291414,58.89
20,2321,UFLEX,EQ,156397,125962,80.54
20,2322,UFO,EQ,1373006,366761,26.71
20,2323,UGARSUGAR,EQ,251277,130908,52.10
20,2324,UGROCAP,EQ,410695,118196,28.78
20,2325,UJJIVANSFB,EQ,10638239,7728158,72.65
20,2326,ULTRACEMCO,EQ,277079,135005,48.72
20,2327,UMA,SM,12000,12000,100.00
20,2328,UNICHEMLAB,EQ,11298,5399,47.79
20,2329,UNIDT,EQ,23437,12188,52.00
20,2330,UNIECOM,EQ,1418504,433166,30.54
20,2331,UNIENTER,EQ,13401,7302,54.49
20,2332,UNIHEALTH,SM,38000,32000,84.21
20,2333,UNIINFO,EQ,10413,9831,94.41
20,2334,UNIONBANK,EQ,8084395,4171711,51.60
20,2335,UNIPARTS,EQ,51630,34533,66.89
20,2336,UNITDSPR,EQ,774246,418232,54.02
20,2337,UNITEDPOLY,EQ,91418,38490,42.10
20,2338,UNITEDTEA,EQ,10401,7321,70.39
20,2339,UNIVASTU,EQ,70694,45657,64.58
20,2340,UNIVCABLES,EQ,98942,37828,38.23
20,2341,UNIVPHOTO,EQ,114513,33210,29.00
20,2342,UNOMINDA,EQ,744653,248693,33.40
20,2343,UPL,EQ,1948570,1306970,67.07
20,2344,URBAN,SM,9200,6400,69.57
20,2345,URJA,EQ,2119421,1338849,63.17
20,2346,USASEEDS,SM,300,300,100.00
20,2347,USHAMART,EQ,423873,164114,38.72
20,2348,UTIAMC,EQ,260631,116137,44.56
20,2349,UTIBANKETF,EQ,51716,33948,65.64
20,2350,UTINEXT50,EQ,77494,55574,71.71
20,2351,UTINIFTETF,EQ,7822,5887,75.26
20,2352,UTISENSETF,EQ,785,366,46.62
20,2353,UTISXN50,EQ,6852,3905,56.99
20,2354,UTKARSHBNK,EQ,1143768,774260,67.69
20,2355,UTSSAV,SM,170400,118800,69.72
20,2356,UTTAMSUGAR,EQ,61189,29457,48.14
20,2357,UWCSL,SM,2000,2000,100.00
20,2358,VADILALIND,EQ,43557,19448,44.65
20,2359,VAIBHAVGBL,EQ,560463,295373,52.70
20,2360,VAISHALI,EQ,67112,44727,66.65
20,2361,VAKRANGEE,EQ,92566935,21796131,23.55
20,2362,VALIANTLAB,EQ,122201,63730,52.15
20,2363,VALIANTORG,EQ,30047,18898,62.89
20,2364,VARDHACRLC,EQ,38412,27826,72.44
20,2365,VARROC,EQ,431276,169938,39.40
20,2366,VASA,ST,4000,4000,100.00
20,2367,VASCONEQ,EQ,673379,421452,62.59
20,2368,VASWANI,EQ,210165,101906,48.49
20,2369,VBL,EQ,3307212,2084247,63.02
20,2370,VDEAL,SM,20400,15600,76.47
20,2371,VEDL,EQ,42980530,14262543,33.18
20,2372,VEEKAYEM,SM,18500,17500,94.59
20,2373,VELS,SM,1200,1200,100.00
20,2374,VENKEYS,EQ,93391,53083,56.84
20,2375,VENUSPIPES,EQ,25147,10254,40.78
20,2376,VENUSREM,EQ,22697,15242,67.15
20,2377,VERITAAS,SM,12000,9600,80.00
20,2378,VERTEXPLUS,ST,6600,6000,90.91
20,2379,VERTOZ,EQ,58953167,22575560,38.29
20,2380,VESUVIUS,EQ,14947,6098,40.80
20,2381,VGUARD,EQ,284425,108859,38.27
20,2382,VHL,EQ,3663,2183,59.60
20,2383,VIAZ,SM,26000,24000,92.31
20,2384,VIDHIING,EQ,122079,62585,51.27
20,2385,VIESL,ST,221600,194400,87.73
20,2386,VIJAYA,EQ,44619,16998,38.10
20,2387,VIKASECO,EQ,5281638,2723285,51.56
20,2388,VIKASLIFE,EQ,9746946,5264967,54.02
20,2389,VILAS,ST,50000,49000,98.00
20,2390,VILINBIO,SM,16000,16000,100.00
20,2391,VIMTALABS,EQ,78759,26840,34.08
20,2392,VINATIORGA,EQ,19492,9430,48.38
20,2393,VINDHYATEL,EQ,9946,5004,50.31
20,2394,VINEETLAB,EQ,109217,28519,26.11
20,2395,VINSYS,SM,57000,45500,79.82
20,2396,VINYAS,ST,28400,28000,98.59
20,2397,VINYLINDIA,EQ,15813,9161,57.93
20,2398,VIPIND,EQ,1058817,452843,42.77
20,2399,VIRINCHI,EQ,521670,312553,59.91
20,2400,VISAKAIND,EQ,163831,101120,61.72
20,2401,VISAMAN,SM,6000,3000,50.00
20,2402,VISHNU,EQ,159525,83053,52.06
20,2403,VISHNUINFR,SM,203500,73500,36.12
20,2404,VISHWARAJ,EQ,14903986,4851788,32.55
20,2405,VISHWAS,SM,1600,1600,100.00
20,2406,VITAL,ST,14400,14400,100.00
20,2407,VIVIANA,ST,4500,4500,100.00
20,2408,VIVIDHA,EQ,883616,566838,64.15
20,2409,VIVO,SM,6400,6400,100.00
20,2410,VLEGOV,EQ,6780469,3107778,45.83
20,2411,VLINFRA,SM,33000,30000,90.91
20,2412,VLSFINANCE,EQ,34396,21697,63.08
20,2413,VMARCIND,SM,24000,21000,87.50
20,2414,VMART,EQ,8496,2859,33.65
20,2415,VOLTAMP,EQ,11695,4970,42.50
20,2416,VOLTAS,EQ,2756219,1601972,58.12
20,2417,VPRPL,EQ,1310915,702120,53.56
20,2418,VRAJ,EQ,405471,142387,35.12
20,2419,VRLLOG,EQ,29519,15216,51.55
20,2420,VSCL,SM,48000,45000,93.75
20,2421,VSSL,EQ,55661,28933,51.98
20,2422,VSTIND,EQ,745628,342651,45.95
20,2423,VSTL,EQ,76991,55126,71.60
20,2424,VSTTILLERS,EQ,8666,5257,60.66
20,2425,VTL,EQ,257175,80286,31.22
20,2426,WABAG,EQ,346221,195480,56.46
20,2427,WALCHANNAG,EQ,206409,97641,47.30
20,2428,WALPAR,SM,18000,16000,88.89
20,2429,WCIL,EQ,1499196,684481,45.66
20,2430,WEL,EQ,28520,6282,22.03
20,2431,WELCORP,EQ,1020805,475655,46.60
20,2432,WELENT,EQ,271287,161947,59.70
20,2433,WELINV,EQ,227,214,94.27
20,2434,WELSPUNLIV,EQ,4132115,2776312,67.19
20,2435,WENDT,EQ,81,47,58.02
20,2436,WESTLIFE,EQ,41596,15819,38.03
20,2437,WHEELS,EQ,20969,11520,54.94
20,2438,WHIRLPOOL,EQ,305619,231139,75.63
20,2439,WILLAMAGOR,EQ,18059,11133,61.65
20,2440,WINDLAS,EQ,22552,15474,68.61
20,2441,WINDMACHIN,EQ,107776,82458,76.51
20,2442,WINNY,SM,2000,2000,100.00
20,2443,WINSOL,SM,100800,56000,55.56
20,2444,WIPRO,EQ,5701700,2643607,46.37
20,2445,WOMANCART,ST,4800,4800,100.00
20,2446,WONDERLA,EQ,131489,104440,79.43
20,2447,WORTH,EQ,29064,16607,57.14
20,2448,WSI,EQ,138140,89611,64.87
20,2449,WSTCSTPAPR,EQ,198864,78441,39.44
20,2450,WTICAB,SM,142000,121000,85.21
20,2451,XCHANGING,EQ,172648,85804,49.70
20,2452,XELPMOC,EQ,21440,8802,41.05
20,2453,XPROINDIA,EQ,17191,8148,47.40
20,2454,XTGLOBAL,EQ,182090,105192,57.77
20,2455,YASHO,EQ,25907,14895,57.49
20,2456,YASHOPTICS,SM,156800,126400,80.61
20,2457,YATHARTH,EQ,631377,375397,59.46
20,2458,YATRA,EQ,133669,82957,62.06
20,2459,YCCL,SM,15000,12000,80.00
20,2460,YESBANK,EQ,57810804,27104460,46.88
20,2461,YUDIZ,ST,25600,21600,84.38
20,2462,YUKEN,EQ,11351,7906,69.65
20,2463,ZAGGLE,EQ,3326713,1089982,32.76
20,2464,ZEAL,SM,42000,33000,78.57
20,2465,ZEEL,EQ,28395330,7474679,26.32
20,2466,ZEEMEDIA,EQ,114001672,39317637,34.49
20,2467,ZENITHDRUG,SM,496000,212800,42.90
20,2468,ZENSARTECH,EQ,868856,382422,44.01
20,2469,ZENTEC,EQ,420266,170865,40.66
20,2470,ZFCVINDIA,EQ,2380,995,41.81
20,2471,ZIMLAB,EQ,146518,92344,63.03
20,2472,ZOMATO,EQ,39057810,16413330,42.02
20,2473,ZOTA,EQ,15917,10441,65.60
20,2474,ZTECH,SM,94800,73200,77.22
20,2475,ZUARI,EQ,622688,254180,40.82
20,2476,ZUARIIND,EQ,136039,63134,46.41
20,2477,ZYDUSLIFE,EQ,1861553,1270241,68.24
20,2478,ZYDUSWELL,EQ,13874,8540,61.55
