Security Wise Delivery Position - Compulsory Rolling Settlement
10,MTO,25092024,1934712546,0002487
Trade Date <25-SEP-2024>,Settlement Type <N>
Record Type,Sr No,Name of Security,Quantity Traded,Deliverable Quantity(gross across client level),% of Deliverable Quantity to Traded Quantity
20,1,1003ICCL28,NX,124,122,98.39
20,2,1003IIFL29,NC,38,29,76.32
20,3,1003ISFL28,N4,236,236,100.00
20,4,1015ECL29,NR,281,281,100.00
20,5,1018GS2026,GS,2,1,50.00
20,6,1025ICCL26,NT,50,50,100.00
20,7,1025SCL34,Z8,36,34,94.44
20,8,1025UCL25,N8,8,8,100.00
20,9,1035UCL26,NA,135,134,99.26
20,10,1049DLSL25,NX,6,6,100.00
20,11,1050IIFL29,ND,110,110,100.00
20,12,1050ISFL28,N5,50,50,100.00
20,13,1050NFL26,N7,105,105,100.00
20,14,1050UCL25,N7,393,310,78.88
20,15,105IIFL29,N7,100,100,100.00
20,16,105UCL2026,NB,10,10,100.00
20,17,1065NFL27,NC,78,78,100.00
20,18,1075SCL33A,N2,33,33,100.00
20,19,10IIFL28,N4,110,110,100.00
20,20,10IIFL28A,NE,340,265,77.94
20,21,10NIDO26,N6,10,10,100.00
20,22,10SCL30A,BV,20,20,100.00
20,23,1119NFL27,ND,1,1,100.00
20,24,11DLSL25,NV,3,3,100.00
20,25,182D011124,TB,300,300,100.00
20,26,182D031024,TB,500,500,100.00
20,27,182D060225,TB,100,100,100.00
20,28,182D121224,TB,500,500,100.00
20,29,182D140225,TB,200,200,100.00
20,30,182D281124,TB,200,200,100.00
20,31,20MICRONS,EQ,291221,119528,41.04
20,32,360ONE,EQ,314248,203175,64.65
20,33,364D080525,TB,900,900,100.00
20,34,364D100725,TB,300,300,100.00
20,35,364D130225,TB,100,100,100.00
20,36,364D230525,TB,3000,3000,100.00
20,37,3IINFOLTD,EQ,679110,324673,47.81
20,38,3MINDIA,EQ,4275,2533,59.25
20,39,563GS2026,GS,1,1,100.00
20,40,574GS2026,GS,126,125,99.21
20,41,5PAISA,EQ,66364,34264,51.63
20,42,618GS2024,GS,77,77,100.00
20,43,63MOONS,EQ,151274,77855,51.47
20,44,654GS2032,GS,7,7,100.00
20,45,676GS2061,GS,3,2,66.67
20,46,679GS2027,GS,50900,50000,98.23
20,47,68GS2060,GS,3,3,100.00
20,48,695GS2061,GS,197,197,100.00
20,49,699GS2051,GS,27638,27438,99.28
20,50,702GS2027,GS,653,651,99.69
20,51,702GS2031,GS,1317,1304,99.01
20,52,704GS2029,GS,1280,840,65.63
20,53,706GS2028,GS,16101,16101,100.00
20,54,706GS2046,GS,100,100,100.00
20,55,709GS2054,GS,300108,300104,100.00
20,56,710GS2029,GS,39721,29821,75.08
20,57,717GS2030,GS,5238,5237,99.98
20,58,718GS2037,GS,134041,134041,100.00
20,59,725GS2063,GS,506,506,100.00
20,60,726GS2032,GS,30951,29950,96.77
20,61,727GS2026,GS,6,3,50.00
20,62,729IRFC26,NN,15,15,100.00
20,63,729NHAI26,NC,228,228,100.00
20,64,732GS2030,GS,4600,4000,86.96
20,65,733GS2026,GS,612,612,100.00
20,66,734GS2064,GS,1329,1329,100.00
20,67,734IRFC28,N4,26238,16516,62.95
20,68,735IRFC31,NM,10,5,50.00
20,69,735NHAI31,N9,89,89,100.00
20,70,736GS2052,GS,2762,2762,100.00
20,71,736NTPC25D,NB,4,4,100.00
20,72,737GR2054,GS,101,101,100.00
20,73,737GS2028,GS,1300,1300,100.00
20,74,738GS2027,GS,142914,142914,100.00
20,75,738REC27TF,N2,45,45,100.00
20,76,739NHAI26,N8,2631,2631,100.00
20,77,739NHAI31A,ND,1,1,100.00
20,78,73GS2053,GS,9500,9500,100.00
20,79,740IIFCL33,N1,200,200,100.00
20,80,741GS2036,GS,77148,60148,77.96
20,81,746GS2073,GS,30659,30659,100.00
20,82,74GS2062,GS,556,556,100.00
20,83,753IRFC30,NJ,456,456,100.00
20,84,754GS2036,GS,459029,459029,100.00
20,85,759GS2026,GS,20,20,100.00
20,86,762GS2039,GS,2250,1500,66.67
20,87,762NTPC35F,ND,244,244,100.00
20,88,764HUDCO31,N8,3,3,100.00
20,89,764IRFC31,NO,250,250,100.00
20,90,764NABAR31,N2,1674,1324,79.09
20,91,769HUDCO31,N9,85,85,100.00
20,92,769NHAI31,NE,447,447,100.00
20,93,76NHAI31,NA,1800,1050,58.33
20,94,797IGT31,NL,200,200,100.00
20,95,79NHIT35,N1,6226,6226,100.00
20,96,79NHIT40,N2,1324,812,61.33
20,97,79NHIT47,N3,1501,837,55.76
20,98,810IRFC27,N2,6533,5533,84.69
20,99,81ABFL33,N5,588,469,79.76
20,100,824GS2027,GS,5,5,100.00
20,101,829LTF24,NL,106,106,100.00
20,102,82HUDCO27,N2,270,270,100.00
20,103,82IGT31,NJ,2977,2800,94.05
20,104,830NHAI27,N2,2271,1961,86.35
20,105,830PFCL27,N5,770,760,98.70
20,106,837REC33,N7,6,3,50.00
20,107,83GS2040,GS,306,306,100.00
20,108,83TCHF25,N6,855,720,84.21
20,109,842IIFL26,NL,360,359,99.72
20,110,846REC28,N6,72,72,100.00
20,111,849NTPC25,N7,142983,105190,73.57
20,112,84CIFCL28,NA,500,500,100.00
20,113,850IIFL27,NA,230,205,89.13
20,114,855IREDA29,N2,1501,1501,100.00
20,115,85IIFL24,NJ,25,25,100.00
20,116,863NHB29,N2,2,2,100.00
20,117,865IIFL28,NS,44,44,100.00
20,118,865IRFC29,NA,103,103,100.00
20,119,865LTF26,NN,50,50,100.00
20,120,867NHPC33,N3,30,30,100.00
20,121,86LTF24,NJ,5,5,100.00
20,122,871REC28,N9,160,80,50.00
20,123,873NTPC28,N5,100,100,100.00
20,124,875IIFL26,NM,303,303,100.00
20,125,875IIFL26A,NQ,100,100,100.00
20,126,875NHAI29,N6,1064,785,73.78
20,127,875SFL27,ZF,100,100,100.00
20,128,876HUDCO28,ND,1709,1150,67.29
20,129,87LTF27,NH,10,10,100.00
20,130,880IREDA29,N5,1330,1055,79.32
20,131,885TCAPS29,NC,11,11,100.00
20,132,888ERFL28,N5,302,300,99.34
20,133,888IRFC29,NE,1370,1365,99.64
20,134,888REC29,NF,50,50,100.00
20,135,888SCL25E,N4,40,20,50.00
20,136,889SCL26,NS,46,46,100.00
20,137,889SCL27,YT,3,3,100.00
20,138,891IIFCL34,N4,100,100,100.00
20,139,891NTPC33,N6,1335,1333,99.85
20,140,892PFCL33,N8,284,269,94.72
20,141,893NHB29,N6,38,38,100.00
20,142,894SCL25,Z3,4,4,100.00
20,143,897MOFSL29,N4,152,152,100.00
20,144,898LTF29,N7,4,2,50.00
20,145,901HUDCO34,NE,431,430,99.77
20,146,901NHB34,N6,70,69,98.57
20,147,905SC24B,Z9,53,53,100.00
20,148,910TCAP28,NA,46,46,100.00
20,149,915GS2024,GS,150,75,50.00
20,150,91D031024,TB,200,200,100.00
20,151,91D071124,TB,100,100,100.00
20,152,91D101024,TB,200,200,100.00
20,153,91D151124,TB,3800,3800,100.00
20,154,91D211124,TB,100,100,100.00
20,155,91D281124,TB,100,100,100.00
20,156,91MOFSL27,N2,45,45,100.00
20,157,925ERFL28,N6,136,136,100.00
20,158,92GS2030,GS,5331,4916,92.22
20,159,92ICCL28,ND,20,20,100.00
20,160,932AEL27,N3,217,217,100.00
20,161,93MOFSL34,N6,5,5,100.00
20,162,93SCL24,ZP,30,30,100.00
20,163,943ECL28,NJ,100,100,100.00
20,164,948ICCL25A,NG,10,10,100.00
20,165,948SCL26,N9,30,28,93.33
20,166,94IFCI25,NL,335,335,100.00
20,167,950SCL23A,AP,60,30,50.00
20,168,956AEL29,N6,258,258,100.00
20,169,957ISFL26,N2,23,23,100.00
20,170,960ISFL25,N1,982,500,50.92
20,171,965AEL27,N4,306,306,100.00
20,172,965IHFL25D,N7,200,200,100.00
20,173,965SCL25B,Y1,2,2,100.00
20,174,965SCL25C,N0,2,2,100.00
20,175,96IIFL28,N5,678,378,55.75
20,176,96IIFL28A,NF,1380,1235,89.49
20,177,96SFL24A,NB,22,22,100.00
20,178,970CAGL28,ND,200,200,100.00
20,179,971SCL28,AN,25,25,100.00
20,180,971SCL28A,NT,70,70,100.00
20,181,971SCL28I,BC,2,2,100.00
20,182,975NFL25,N0,2,1,50.00
20,183,97MOFSL34,N7,249,249,100.00
20,184,97SFL28,YS,8,8,100.00
20,185,985ECL28,NK,434,352,81.11
20,186,985IIFL22,NC,86,84,97.67
20,187,98ICCL26,NU,122,121,99.18
20,188,990SCL26,N7,15,15,100.00
20,189,99AEL29,N7,1923,1923,100.00
20,190,9IIFL28A,NT,117,117,100.00
20,191,9MMFSML,N2,56,54,96.43
20,192,9PCHFL31A,NA,1335,1220,91.39
20,193,9SCL26BA,NA,1137,1137,100.00
20,194,9SFL25A,ZH,100,100,100.00
20,195,AAATECH,EQ,61629,37571,60.96
20,196,AADHARHFC,EQ,1104931,637833,57.73
20,197,AARON,EQ,8542,3881,45.43
20,198,AARTECH,EQ,566085,235628,41.62
20,199,AARTIDRUGS,EQ,260597,157226,60.33
20,200,AARTIIND,EQ,1620084,707009,43.64
20,201,AARTIPHARM,EQ,158703,75603,47.64
20,202,AARTISURF,EQ,25725,13905,54.05
20,203,AARTISURF,P1,40,0,0.00
20,204,AARVI,EQ,16087,6967,43.31
20,205,AATMAJ,SM,8000,6000,75.00
20,206,AAVAS,EQ,150119,82789,55.15
20,207,ABAN,EQ,197179,103961,52.72
20,208,ABB,EQ,302067,122603,40.59
20,209,ABBOTINDIA,EQ,14877,8779,59.01
20,210,ABCAPITAL,EQ,3169806,1247080,39.34
20,211,ABCOTS,SM,4000,3500,87.50
20,212,ABDL,EQ,594481,319687,53.78
20,213,ABFL26,N1,292,240,82.19
20,214,ABFL28,N3,10,10,100.00
20,215,ABFRL,EQ,5546400,2842096,51.24
20,216,ABGSEC,EQ,308,58,18.83
20,217,ABINFRA,SM,42000,30000,71.43
20,218,ABIN-RE,ST,1635000,1623000,99.27
20,219,ABSLAMC,EQ,171412,113010,65.93
20,220,ABSLBANETF,EQ,737783,712243,96.54
20,221,ABSLLIQUID,EQ,7114,5348,75.18
20,222,ABSLNN50ET,EQ,37667,34444,91.44
20,223,ABSLPSE,EQ,315487,243954,77.33
20,224,ABSMARINE,SM,42000,32000,76.19
20,225,ACC,EQ,205681,67608,32.87
20,226,ACCELYA,EQ,18975,9097,47.94
20,227,ACCENTMIC,SM,50000,39000,78.00
20,228,ACE,EQ,174857,92311,52.79
20,229,ACEINTEG,EQ,38210,12839,33.60
20,230,ACI,EQ,294198,159409,54.18
20,231,ACL,EQ,9297,4744,51.03
20,232,ACLGATI,EQ,1648766,709121,43.01
20,233,ACSAL,SM,45000,45000,100.00
20,234,ADANIENSOL,EQ,1091528,517042,47.37
20,235,ADANIENT,EQ,913008,310706,34.03
20,236,ADANIGREEN,EQ,1112406,361810,32.52
20,237,ADANIPORTS,EQ,1227806,500879,40.79
20,238,ADANIPOWER,EQ,1921900,810194,42.16
20,239,ADFFOODS,EQ,902622,284844,31.56
20,240,ADORWELD,EQ,71957,25341,35.22
20,241,ADROITINFO,EQ,27949,20659,73.92
20,242,ADROITPP1,E1,18525,18160,98.03
20,243,ADSL,EQ,762947,357436,46.85
20,244,ADVANIHOTR,EQ,85639,45442,53.06
20,245,ADVENZYMES,EQ,278523,72242,25.94
20,246,AEGISLOG,EQ,64694,38069,58.84
20,247,AEROFLEX,EQ,826977,366203,44.28
20,248,AERON,SM,57000,37000,64.91
20,249,AESTHETIK,SM,52000,34000,65.38
20,250,AETHER,EQ,83683,52964,63.29
20,251,AFFLE,EQ,195451,135696,69.43
20,252,AFIL,EQ,77407,39076,50.48
20,253,AGARIND,EQ,22665,12787,56.42
20,254,AGARWALFT,ST,33000,33000,100.00
20,255,AGI,EQ,377675,162027,42.90
20,256,AGIIL,EQ,8612,2870,33.33
20,257,AGNI,SM,32500,17500,53.85
20,258,AGRITECH,EQ,13563,10358,76.37
20,259,AGROPHOS,EQ,115089,59494,51.69
20,260,AGSTRA,EQ,563924,234287,41.55
20,261,AHL,EQ,246571,109025,44.22
20,262,AHLADA,EQ,41313,19150,46.35
20,263,AHLEAST,EQ,25565,19296,75.48
20,264,AHLUCONT,EQ,43439,25534,58.78
20,265,AIAENG,EQ,35854,16044,44.75
20,266,AIIL,EQ,23901,14285,59.77
20,267,AIMTRON,ST,165600,160800,97.10
20,268,AIROLAM,EQ,2497,482,19.30
20,269,AIRTELPP,E1,813472,638015,78.43
20,270,AISL,SM,62400,36000,57.69
20,271,AJANTPHARM,EQ,101699,47328,46.54
20,272,AJMERA,EQ,90524,50667,55.97
20,273,AKANKSHA,ST,58000,52000,89.66
20,274,AKASH,EQ,37927,19083,50.32
20,275,AKG,EQ,191285,127665,66.74
20,276,AKI,EQ,143568,62340,43.42
20,277,AKIKO,SM,27200,17600,64.71
20,278,AKSHARCHEM,EQ,5065,2755,54.39
20,279,AKSHOPTFBR,EQ,222545,160707,72.21
20,280,AKUMS,EQ,63676,39524,62.07
20,281,AKZOINDIA,EQ,2967,1173,39.53
20,282,ALANKIT,EQ,1239268,616039,49.71
20,283,ALEMBICLTD,EQ,630901,247420,39.22
20,284,ALICON,EQ,30598,13280,43.40
20,285,ALKALI,EQ,13132,8169,62.21
20,286,ALKEM,EQ,250647,112499,44.88
20,287,ALKYLAMINE,EQ,69565,28983,41.66
20,288,ALLCARGO,EQ,2741908,1227838,44.78
20,289,ALLETEC,SM,13200,11600,87.88
20,290,ALLSEC,EQ,9034,4939,54.67
20,291,ALOKINDS,EQ,7171547,2550498,35.56
20,292,ALPA,EQ,72948,34506,47.30
20,293,ALPEXSOLAR,ST,22400,19200,85.71
20,294,ALPHA,EQ,3991375,3314671,83.05
20,295,ALPHAETF,EQ,1000904,748313,74.76
20,296,ALPL30IETF,EQ,2637519,2000765,75.86
20,297,ALUWIND,ST,27000,27000,100.00
20,298,AMBER,EQ,1189676,121174,10.19
20,299,AMBEY,SM,22000,18000,81.82
20,300,AMBICAAGAR,EQ,37352,20735,55.51
20,301,AMBIKCO,EQ,7173,4229,58.96
20,302,AMBUJACEM,EQ,1456337,798140,54.80
20,303,AMDIND,EQ,13893,8615,62.01
20,304,AMEYA,SM,14000,10000,71.43
20,305,AMIABLE,SM,3200,3200,100.00
20,306,AMIORG,EQ,241172,108735,45.09
20,307,AMJUMBO,SM,8000,8000,100.00
20,308,AMNPLST,EQ,12607,4830,38.31
20,309,AMRUTANJAN,EQ,25068,15068,60.11
20,310,ANANDRATHI,EQ,39187,31155,79.50
20,311,ANANTRAJ,EQ,1175370,288695,24.56
20,312,ANDHRAPAP,EQ,216541,124454,57.47
20,313,ANDHRSUGAR,EQ,438916,172617,39.33
20,314,ANGELONE,EQ,503864,220243,43.71
20,315,ANLON,ST,4400,4400,100.00
20,316,ANNAPURNA,SM,122500,74000,60.41
20,317,ANUP,EQ,16843,10060,59.73
20,318,ANURAS,EQ,54651,27128,49.64
20,319,APARINDS,EQ,37369,16361,43.78
20,320,APCL,EQ,21594,15064,69.76
20,321,APCOTEXIND,EQ,24096,16562,68.73
20,322,APEX,EQ,125882,61384,48.76
20,323,APLAPOLLO,EQ,953679,555979,58.30
20,324,APLLTD,EQ,140687,51421,36.55
20,325,APOLLO,EQ,1293281,511970,39.59
20,326,APOLLOHOSP,EQ,236185,151601,64.19
20,327,APOLLOPIPE,EQ,38776,24407,62.94
20,328,APOLLOTYRE,EQ,7034413,1551622,22.06
20,329,APOLSINHOT,EQ,100805,42802,42.46
20,330,APRAMEYA,SM,26000,22000,84.62
20,331,APS,ST,22000,22000,100.00
20,332,APTECHT,EQ,447787,162495,36.29
20,333,APTUS,EQ,724622,308227,42.54
20,334,ARABIAN,SM,14000,12000,85.71
20,335,ARCHIES,EQ,68966,43057,62.43
20,336,ARE&M,EQ,381364,187161,49.08
20,337,ARHAM,SM,91000,73000,80.22
20,338,ARIES,EQ,38029,21477,56.48
20,339,ARIHANTACA,SM,7200,6400,88.89
20,340,ARIHANTCAP,EQ,1067960,509282,47.69
20,341,ARIHANTSUP,EQ,152218,46548,30.58
20,342,ARISTO,SM,120000,76800,64.00
20,343,ARKADE,EQ,10940014,3266789,29.86
20,344,ARMANFIN,EQ,67341,42782,63.53
20,345,AROGRANITE,EQ,37162,22110,59.50
20,346,ARROWGREEN,EQ,28377,17273,60.87
20,347,ARTEMISMED,EQ,66371,37591,56.64
20,348,ARVIND,EQ,362119,211547,58.42
20,349,ARVINDFASN,EQ,261910,154898,59.14
20,350,ARVSMART,EQ,590350,176685,29.93
20,351,ASAHIINDIA,EQ,255377,89664,35.11
20,352,ASAL,EQ,18962,8909,46.98
20,353,ASALCBR,EQ,47156,25046,53.11
20,354,ASHALOG,SM,14000,13000,92.86
20,355,ASHAPURMIN,EQ,226567,141814,62.59
20,356,ASHIANA,EQ,59818,29768,49.76
20,357,ASHOKA,EQ,1359052,696708,51.26
20,358,ASHOKAMET,EQ,74793,49751,66.52
20,359,ASHOKLEY,EQ,5662642,3232936,57.09
20,360,ASIANENE,EQ,109347,52979,48.45
20,361,ASIANHOTNR,EQ,4265,2413,56.58
20,362,ASIANPAINT,EQ,740636,439969,59.40
20,363,ASIANTILES,EQ,1729921,809646,46.80
20,364,ASKAUTOLTD,EQ,110093,52384,47.58
20,365,ASLIND,SM,20000,20000,100.00
20,366,ASMS,EQ,769343,397748,51.70
20,367,ASPINWALL,EQ,5202,3172,60.98
20,368,ASPIRE,SM,56000,46000,82.14
20,369,ASTEC,EQ,77220,50581,65.50
20,370,ASTERDM,EQ,586003,402889,68.75
20,371,ASTRAL,EQ,661747,317405,47.96
20,372,ASTRAMICRO,EQ,129325,82949,64.14
20,373,ASTRAZEN,EQ,355932,22304,6.27
20,374,ASTRON,EQ,47261,36314,76.84
20,375,ATAM,EQ,103242,27906,27.03
20,376,ATFL,EQ,41552,29716,71.52
20,377,ATGL,EQ,646962,250520,38.72
20,378,ATL,EQ,669037,380550,56.88
20,379,ATMASTCO,ST,30400,24000,78.95
20,380,ATUL,EQ,118319,79878,67.51
20,381,AUBANK,EQ,2597471,1522116,58.60
20,382,AURDIS,SM,7500,4500,60.00
20,383,AURIONPRO,EQ,32907,20993,63.79
20,384,AUROIMPEX,SM,14400,12800,88.89
20,385,AUROPHARMA,EQ,1026040,482744,47.05
20,386,AURUMPP1,X1,1754,1754,100.00
20,387,AUSL,ST,108000,80000,74.07
20,388,AUTOAXLES,EQ,7562,4915,65.00
20,389,AUTOBEES,EQ,216275,86398,39.95
20,390,AUTOIETF,EQ,490519,350493,71.45
20,391,AUTOIND,EQ,206035,109637,53.21
20,392,AVADHSUGAR,EQ,354816,73261,20.65
20,393,AVALON,EQ,1165846,214402,18.39
20,394,AVANTEL,EQ,889036,448523,50.45
20,395,AVANTIFEED,EQ,248912,133647,53.69
20,396,AVG,EQ,34360,24267,70.63
20,397,AVPINFRA,SM,38400,30400,79.17
20,398,AVTNPL,EQ,148799,64304,43.22
20,399,AWFIS,EQ,174129,85556,49.13
20,400,AWHCL,EQ,269823,132845,49.23
20,401,AWL,EQ,1113704,584578,52.49
20,402,AXISBANK,EQ,6853324,3382940,49.36
20,403,AXISBNKETF,EQ,2957,2735,92.49
20,404,AXISBPSETF,EQ,533184,511038,95.85
20,405,AXISCADES,EQ,194525,116342,59.81
20,406,AXISCETF,EQ,34093,27562,80.84
20,407,AXISGOLD,EQ,993399,851998,85.77
20,408,AXISHCETF,EQ,2722,2265,83.21
20,409,AXISILVER,EQ,106770,96593,90.47
20,410,AXISNIFTY,EQ,3925,3654,93.10
20,411,AXISTECETF,EQ,9500,7523,79.19
20,412,AXITA,EQ,7077476,2001348,28.28
20,413,AXSENSEX,EQ,2305,2174,94.32
20,414,AZAD,EQ,143516,58481,40.75
20,415,BABAFP,SM,14400,14400,100.00
20,416,BAGFILMS,EQ,1814537,831594,45.83
20,417,BAHETI,SM,12000,12000,100.00
20,418,BAJAJ-AUTO,EQ,262012,129524,49.43
20,419,BAJAJCON,EQ,125116,75152,60.07
20,420,BAJAJELEC,EQ,22034,8678,39.38
20,421,BAJAJFINSV,EQ,901659,415572,46.09
20,422,BAJAJHCARE,EQ,178945,80008,44.71
20,423,BAJAJHFL,EQ,32117117,14931296,46.49
20,424,BAJAJHIND,EQ,28208341,9339562,33.11
20,425,BAJAJHLDNG,EQ,38803,21174,54.57
20,426,BAJEL,EQ,939949,467034,49.69
20,427,BAJFINANCE,EQ,1272038,778331,61.19
20,428,BALAMINES,EQ,45176,17972,39.78
20,429,BALAXI,EQ,29190,20550,70.40
20,430,BALCO,SM,32400,25200,77.78
20,431,BALKRISHNA,EQ,650051,369729,56.88
20,432,BALKRISIND,EQ,258276,115071,44.55
20,433,BALMLAWRIE,EQ,179273,86686,48.35
20,434,BALRAMCHIN,EQ,1630339,526879,32.32
20,435,BALUFORGE,EQ,1408711,692124,49.13
20,436,BANARBEADS,EQ,16656,6423,38.56
20,437,BANARISUG,EQ,4533,2772,61.15
20,438,BANCOINDIA,EQ,29778,15630,52.49
20,439,BANDHANBNK,EQ,10582008,3919388,37.04
20,440,BANG,EQ,13693,8517,62.20
20,441,BANKA,EQ,15238,9095,59.69
20,442,BANKBARODA,EQ,9323772,4059504,43.54
20,443,BANKBEES,EQ,302460,169237,55.95
20,444,BANKBETF,EQ,11465,8892,77.56
20,445,BANKETF,EQ,11435,10469,91.55
20,446,BANKETFADD,EQ,7577,7000,92.38
20,447,BANKIETF,EQ,708828,555357,78.35
20,448,BANKINDIA,EQ,3870712,2325170,60.07
20,449,BANKNIFTY1,EQ,10223,5682,55.58
20,450,BANSALWIRE,EQ,219613,140794,64.11
20,451,BANSWRAS,EQ,34616,25846,74.66
20,452,BARBEQUE,EQ,164647,87596,53.20
20,453,BASF,EQ,9205,3476,37.76
20,454,BASILIC,ST,56400,54000,95.74
20,455,BATAINDIA,EQ,432778,258046,59.63
20,456,BAWEJA,SM,8000,6400,80.00
20,457,BAYERCROP,EQ,48148,34342,71.33
20,458,BBETF0432,EQ,4745,3940,83.03
20,459,BBL,EQ,18657,10516,56.36
20,460,BBNPNBETF,EQ,781,773,98.98
20,461,BBNPPGOLD,EQ,1078,822,76.25
20,462,BBTC,EQ,131962,34968,26.50
20,463,BBTCL,EQ,7663,4534,59.17
20,464,BCLIND,EQ,4266769,1589703,37.26
20,465,BCONCEPTS,EQ,11942,5491,45.98
20,466,BDL,EQ,908278,446732,49.18
20,467,BEACON,SM,214000,134000,62.62
20,468,BEARDSELL,EQ,87357,37757,43.22
20,469,BECTORFOOD,EQ,333473,80731,24.21
20,470,BEDMUTHA,EQ,28838,16498,57.21
20,471,BEL,EQ,19263084,9929177,51.55
20,472,BEML,EQ,147087,56035,38.10
20,473,BEPL,EQ,831606,423796,50.96
20,474,BERGEPAINT,EQ,959982,350716,36.53
20,475,BESTAGRO,EQ,96120,53866,56.04
20,476,BETA,SM,2200,1900,86.36
20,477,BEWLTD,SM,1375,1125,81.82
20,478,BFINVEST,EQ,102252,37879,37.04
20,479,BFSI,EQ,271710,213977,78.75
20,480,BFUTILITIE,EQ,980659,244896,24.97
20,481,BHAGCHEM,EQ,148629,108647,73.10
20,482,BHAGERIA,EQ,65018,37768,58.09
20,483,BHAGYANGR,EQ,56066,26427,47.14
20,484,BHANDARI,EQ,626390,375518,59.95
20,485,BHARATFORG,EQ,1014215,697673,68.79
20,486,BHARATGEAR,EQ,15531,11721,75.47
20,487,BHARATRAS,EQ,17402,10320,59.30
20,488,BHARATWIRE,EQ,145082,83315,57.43
20,489,BHARTIARTL,EQ,4017103,2905322,72.32
20,490,BHARTIHEXA,EQ,455647,213265,46.80
20,491,BHEL,EQ,12868230,5136733,39.92
20,492,BHINVIT,IV,52714,46667,88.53
20,493,BIGBLOC,EQ,73345,34152,46.56
20,494,BIKAJI,EQ,245916,79575,32.36
20,495,BIL,EQ,32696,17631,53.92
20,496,BIOCON,EQ,5125312,1432880,27.96
20,497,BIOFILCHEM,EQ,133543,85031,63.67
20,498,BIRDYS,ST,7200,7200,100.00
20,499,BIRET,RR,354616,327270,92.29
20,500,BIRLACABLE,EQ,29416,14708,50.00
20,501,BIRLACORPN,EQ,101335,58336,57.57
20,502,BLAL,EQ,180476,99823,55.31
20,503,BLISSGVS,EQ,3106134,766352,24.67
20,504,BLKASHYAP,EQ,917169,602537,65.70
20,505,BLS,EQ,2397841,932265,38.88
20,506,BLSE,EQ,540195,356215,65.94
20,507,BLUEDART,EQ,14845,5684,38.29
20,508,BLUEJET,EQ,157537,68822,43.69
20,509,BLUEPEBBLE,SM,12000,7200,60.00
20,510,BLUESTARCO,EQ,422615,274143,64.87
20,511,BMETRICS,SM,4800,4800,100.00
20,512,BODALCHEM,EQ,943510,414923,43.98
20,513,BOMDYEING,EQ,1768312,780298,44.13
20,514,BOROLTD,EQ,145534,92006,63.22
20,515,BORORENEW,EQ,413244,177294,42.90
20,516,BOROSCI,EQ,217278,106130,48.85
20,517,BOSCHLTD,EQ,41395,10111,24.43
20,518,BOSS,SM,266000,102000,38.35
20,519,BPCL,EQ,6087353,2271438,37.31
20,520,BRACEPORT,SM,25600,20800,81.25
20,521,BRIGADE,EQ,481003,362672,75.40
20,522,BRITANNIA,EQ,357145,211250,59.15
20,523,BRNL,EQ,63987,27411,42.84
20,524,BSE,EQ,1583459,636472,40.20
20,525,BSE500IETF,EQ,187548,156991,83.71
20,526,BSHSL,EQ,43388,31048,71.56
20,527,BSL,EQ,13427,7949,59.20
20,528,BSLGOLDETF,EQ,163818,106533,65.03
20,529,BSLNIFTY,EQ,280059,139503,49.81
20,530,BSLSENETFG,EQ,6208,4846,78.06
20,531,BSOFT,EQ,2686231,1365248,50.82
20,532,BULKCORP,SM,8400,8400,100.00
20,533,BUTTERFLY,EQ,28325,11331,40.00
20,534,BVCL,EQ,515925,127668,24.75
20,535,CADSYS,SM,11500,8000,69.57
20,536,CAGL24,N2,34,34,100.00
20,537,CAMLINFINE,EQ,682167,393710,57.71
20,538,CAMPUS,EQ,3422414,1182562,34.55
20,539,CAMS,EQ,201006,118759,59.08
20,540,CANARYS,ST,80000,76000,95.00
20,541,CANBK,EQ,16444233,7365149,44.79
20,542,CANFINHOME,EQ,360410,77829,21.59
20,543,CANTABIL,EQ,89401,55873,62.50
20,544,CAPACITE,EQ,2614832,734595,28.09
20,545,CAPITALSFB,EQ,172542,126953,73.58
20,546,CAPLIPOINT,EQ,139797,38309,27.40
20,547,CARBORUNIV,EQ,45100,22878,50.73
20,548,CARERATING,EQ,45173,28806,63.77
20,549,CARTRADE,EQ,951728,233521,24.54
20,550,CARYSIL,EQ,46191,19460,42.13
20,551,CASTROLIND,EQ,1744279,628463,36.03
20,552,CCL,EQ,110235,44157,40.06
20,553,CDSL,EQ,2859531,900933,31.51
20,554,CEATLTD,EQ,714534,183494,25.68
20,555,CEIGALL,EQ,354650,156432,44.11
20,556,CELEBRITY,EQ,94540,52185,55.20
20,557,CELLECOR,SM,612000,330000,53.92
20,558,CELLO,EQ,66114,36131,54.65
20,559,CELLPOINT,SM,46800,33600,71.79
20,560,CENTENKA,EQ,37553,21916,58.36
20,561,CENTRALBK,EQ,3311832,1580013,47.71
20,562,CENTRUM,EQ,488361,320696,65.67
20,563,CENTUM,EQ,20728,8478,40.90
20,564,CENTURYPLY,EQ,147665,42422,28.73
20,565,CENTURYTEX,EQ,158458,66142,41.74
20,566,CERA,EQ,9311,4126,44.31
20,567,CESC,EQ,13667372,4000350,29.27
20,568,CGCL,EQ,242711,93999,38.73
20,569,CGPOWER,EQ,6162900,2154153,34.95
20,570,CGRAPHICS,SM,3200,3200,100.00
20,571,CHALET,EQ,296980,70671,23.80
20,572,CHAMBLFERT,EQ,4297291,1094760,25.48
20,573,CHAVDA,SM,90000,61000,67.78
20,574,CHEMBOND,EQ,11439,7110,62.16
20,575,CHEMCON,EQ,61897,30742,49.67
20,576,CHEMFAB,EQ,33531,20361,60.72
20,577,CHEMPLASTS,EQ,96922,57145,58.96
20,578,CHENNPETRO,EQ,352075,176088,50.01
20,579,CHETANA,SM,203200,185600,91.34
20,580,CHEVIOT,EQ,3275,1625,49.62
20,581,CHOICEIN,EQ,393249,96083,24.43
20,582,CHOLAFIN,EQ,893217,519857,58.20
20,583,CHOLAHLDNG,EQ,182794,87438,47.83
20,584,CIEINDIA,EQ,378842,236634,62.46
20,585,CIFC28,NB,15,10,66.67
20,586,CIGNITITEC,EQ,95827,71848,74.98
20,587,CINELINE,EQ,200276,114099,56.97
20,588,CIPLA,EQ,759761,336296,44.26
20,589,CLEAN,EQ,211640,170316,80.47
20,590,CLOUD,ST,134000,122000,91.04
20,591,CLSEL,EQ,880679,229739,26.09
20,592,CLSL,SM,18000,14000,77.78
20,593,CMMIPL,ST,39000,30000,76.92
20,594,CMNL,SM,175500,133500,76.07
20,595,CMRSL,SM,22400,16800,75.00
20,596,CMSINFO,EQ,433439,276588,63.81
20,597,COALINDIA,EQ,5059851,2729287,53.94
20,598,COASTCORP,EQ,23935,14657,61.24
20,599,COFORGE,EQ,256348,76933,30.01
20,600,COLPAL,EQ,310534,159566,51.38
20,601,COMMITTED,SM,19200,12800,66.67
20,602,COMMOIETF,EQ,123838,90552,73.12
20,603,COMPUSOFT,EQ,127434,78884,61.90
20,604,COMSYN,EQ,145914,53428,36.62
20,605,CONCOR,EQ,1043855,568289,54.44
20,606,CONCORDBIO,EQ,278050,56820,20.44
20,607,CONFIPET,EQ,1233916,570880,46.27
20,608,CONS,EQ,2201,1781,80.92
20,609,CONSOFINVT,EQ,8737,5375,61.52
20,610,CONSUMBEES,EQ,190281,134225,70.54
20,611,CONSUMIETF,EQ,32934,15110,45.88
20,612,CONTI,ST,19998,19998,100.00
20,613,CONTROLPR,EQ,22827,16823,73.70
20,614,COOLCAPS,SM,943750,821750,87.07
20,615,COROMANDEL,EQ,497911,319061,64.08
20,616,COSMOFIRST,EQ,130877,65840,50.31
20,617,CPS,SM,3600,3600,100.00
20,618,CPSEETF,EQ,7218750,5793147,80.25
20,619,CRAFTSMAN,EQ,705129,102687,14.56
20,620,CRAYONS,SM,189000,130000,68.78
20,621,CREATIVE,EQ,29810,12524,42.01
20,622,CREATIVEYE,EQ,29148,19655,67.43
20,623,CREDITACC,EQ,102592,51433,50.13
20,624,CREST,EQ,105604,53385,50.55
20,625,CRISIL,EQ,17217,11058,64.23
20,626,CROMPTON,EQ,2775467,1262583,45.49
20,627,CSBBANK,EQ,137316,76038,55.37
20,628,CSLFINANCE,EQ,21049,12700,60.34
20,629,CUB,EQ,1566333,606255,38.71
20,630,CUBEXTUB,EQ,83768,49861,59.52
20,631,CUMMINSIND,EQ,698850,222411,31.83
20,632,CYBERMEDIA,EQ,68669,46190,67.26
20,633,CYIENT,EQ,97951,50177,51.23
20,634,CYIENTDLM,EQ,344072,151809,44.12
20,635,DABUR,EQ,7092888,3682988,51.93
20,636,DALBHARAT,EQ,290182,122436,42.19
20,637,DALMIASUG,EQ,614151,177945,28.97
20,638,DAMODARIND,EQ,23611,15183,64.30
20,639,DANGEE,EQ,531288,171874,32.35
20,640,DATAMATICS,EQ,55345,24277,43.86
20,641,DATAPATTNS,EQ,216942,95739,44.13
20,642,DAVANGERE,EQ,5532579,2137345,38.63
20,643,DBCORP,EQ,826752,294312,35.60
20,644,DBL,EQ,330254,112538,34.08
20,645,DBOL,EQ,994561,387884,39.00
20,646,DBREALTY,EQ,1527746,937860,61.39
20,647,DBSTOCKBRO,EQ,12394,4017,32.41
20,648,DCAL,EQ,329162,141904,43.11
20,649,DCBBANK,EQ,2474652,1246958,50.39
20,650,DCG,ST,45600,42000,92.11
20,651,DCMSHRIRAM,EQ,60240,32140,53.35
20,652,DCMSRIND,EQ,199096,114021,57.27
20,653,DCW,EQ,2461149,563865,22.91
20,654,DECCANCE,EQ,18487,12929,69.94
20,655,DECCANTRAN,ST,44400,44400,100.00
20,656,DEEDEV,EQ,531706,327059,61.51
20,657,DEEM,SM,4000,3000,75.00
20,658,DEEPAKFERT,EQ,776918,244788,31.51
20,659,DEEPAKNTR,EQ,411566,266211,64.68
20,660,DEEPINDS,EQ,575239,255110,44.35
20,661,DELAPLEX,SM,15000,12600,84.00
20,662,DELHIVERY,EQ,4264856,2334933,54.75
20,663,DELTACORP,EQ,22050960,6229470,28.25
20,664,DELTAMAGNT,EQ,18365,5880,32.02
20,665,DEN,EQ,1268065,546136,43.07
20,666,DENEERS,SM,40200,36000,89.55
20,667,DENORA,EQ,9590,4401,45.89
20,668,DENTALKART,SM,15000,9750,65.00
20,669,DESTINY,ST,372000,336000,90.32
20,670,DEVIT,EQ,3227593,643114,19.93
20,671,DEVYANI,EQ,2900153,1220576,42.09
20,672,DHAMPURSUG,EQ,1419151,535485,37.73
20,673,DHANBANK,EQ,375661,229384,61.06
20,674,DHANI,EQ,1681913,634670,37.74
20,675,DHANUKA,EQ,43475,21460,49.36
20,676,DHARIWAL,SM,43200,36000,83.33
20,677,DHARMAJ,EQ,38538,20227,52.49
20,678,DHTL,ST,800,800,100.00
20,679,DHUNINV,EQ,3073,1427,46.44
20,680,DIAMINESQ,EQ,8246,3709,44.98
20,681,DIAMONDYD,EQ,112959,62647,55.46
20,682,DIGIKORE,ST,5800,5200,89.66
20,683,DIL,EQ,480241,291530,60.70
20,684,DISHTV,EQ,19380558,4743217,24.47
20,685,DIVGIITTS,EQ,39227,25398,64.75
20,686,DIVISLAB,EQ,693122,381122,54.99
20,687,DIVOPPBEES,EQ,60905,38813,63.73
20,688,DIXON,EQ,423470,137855,32.55
20,689,DKEGL,SM,1500,1500,100.00
20,690,DLF,EQ,2956612,1077566,36.45
20,691,DLINKINDIA,EQ,283888,86534,30.48
20,692,DLSL25,NW,1,1,100.00
20,693,DMART,EQ,529354,360108,68.03
20,694,DMCC,EQ,6079,3961,65.16
20,695,DODLA,EQ,37599,20407,54.28
20,696,DOLATALGO,EQ,668853,370241,55.35
20,697,DOLLAR,EQ,216921,177672,81.91
20,698,DOLLEX,SM,148000,120000,81.08
20,699,DOMS,EQ,154910,53920,34.81
20,700,DPABHUSHAN,EQ,85389,16162,18.93
20,701,DPEL,SM,63000,51000,80.95
20,702,DPSCLTD,EQ,8367627,3607378,43.11
20,703,DPWIRES,EQ,9733,5699,58.55
20,704,DREAMFOLKS,EQ,305521,171387,56.10
20,705,DRL,SM,6000,6000,100.00
20,706,DRONE,ST,94000,90000,95.74
20,707,DRREDDY,EQ,477656,345063,72.24
20,708,DRSDILIP,SM,36000,35200,97.78
20,709,DSSL,EQ,25694,12608,49.07
20,710,DTIL,EQ,13797,9432,68.36
20,711,DTL,SM,13200,9600,72.73
20,712,DUCOL,ST,5600,5600,100.00
20,713,DUGLOBAL,SM,20000,20000,100.00
20,714,DURLAX,SM,138000,124000,89.86
20,715,DVL,EQ,64526,28608,44.34
20,716,DWARKESH,EQ,3533168,955582,27.05
20,717,DYCL,EQ,31974,19799,61.92
20,718,DYNAMATECH,EQ,6616,3833,57.94
20,719,DYNAMIC,SM,36000,28000,77.78
20,720,EASEMYTRIP,EQ,837150009,259002845,30.94
20,721,EBANKNIFTY,EQ,1853,890,48.03
20,722,EBBETF0425,EQ,27057,26370,97.46
20,723,EBBETF0430,EQ,6805,4949,72.73
20,724,EBBETF0431,EQ,12800,10605,82.85
20,725,EBBETF0433,EQ,3660,3454,94.37
20,726,ECLERX,EQ,2440492,267007,10.94
20,727,ECOSMOBLTY,EQ,1020097,219285,21.50
20,728,EDELWEISS,EQ,5200168,2283890,43.92
20,729,EFACTOR,SM,9600,7200,75.00
20,730,EFFWA,SM,75200,43200,57.45
20,731,EFORCE,SM,34800,27600,79.31
20,732,EGOLD,EQ,64973,55752,85.81
20,733,EICHERMOT,EQ,665986,430229,64.60
20,734,EIDPARRY,EQ,250242,120392,48.11
20,735,EIHAHOTELS,EQ,31732,11081,34.92
20,736,EIHOTEL,EQ,393160,213576,54.32
20,737,EKC,EQ,762257,272207,35.71
20,738,ELDEHSG,EQ,828,557,67.27
20,739,ELECON,EQ,318954,184279,57.78
20,740,ELECTCAST,EQ,1009848,520636,51.56
20,741,ELGIEQUIP,EQ,123535,65294,52.85
20,742,ELIN,EQ,208788,82183,39.36
20,743,EMAMILTD,EQ,599698,384807,64.17
20,744,EMAMIPAP,EQ,64199,35384,55.12
20,745,EMBASSY,RR,1732613,1666773,96.20
20,746,EMBDL,EQ,6153370,2546018,41.38
20,747,EMCURE,EQ,128527,72688,56.55
20,748,EMIL,EQ,665986,391275,58.75
20,749,EMMBI,EQ,51340,27210,53.00
20,750,EMMIL,SM,7000,4000,57.14
20,751,EMSLIMITED,EQ,148658,70927,47.71
20,752,EMUDHRA,EQ,70748,26119,36.92
20,753,ENDURANCE,EQ,790884,620841,78.50
20,754,ENFUSE,ST,4800,4800,100.00
20,755,ENGINERSIN,EQ,3624921,1132751,31.25
20,756,ENIL,EQ,46918,16902,36.02
20,757,ENSER,SM,10000,10000,100.00
20,758,ENTERO,EQ,196987,166036,84.29
20,759,ENVIRO,ST,122000,122000,100.00
20,760,EPACK,EQ,1749402,790739,45.20
20,761,EPIGRAL,EQ,148888,40777,27.39
20,762,EPL,EQ,847763,489819,57.78
20,763,EQUAL50ADD,EQ,4631,2775,59.92
20,764,EQUITASBNK,EQ,1967151,1317058,66.95
20,765,ERIS,EQ,69651,30050,43.14
20,766,EROSMEDIA,EQ,2584188,756146,29.26
20,767,ESABINDIA,EQ,4058,1793,44.18
20,768,ESAFSFB,EQ,2148075,1489993,69.36
20,769,ESCONET,ST,52800,52800,100.00
20,770,ESCORTS,EQ,282970,77931,27.54
20,771,ESFL,SM,99000,99000,100.00
20,772,ESG,EQ,36759,30863,83.96
20,773,ESILVER,EQ,117659,100961,85.81
20,774,ESPRIT,SM,54400,44800,82.35
20,775,ESSENTIA,EQ,5292565,3800909,71.82
20,776,ESTER,EQ,332317,127421,38.34
20,777,ETHOSLTD,EQ,13061,7144,54.70
20,778,EUREKAFORB,EQ,263155,147552,56.07
20,779,EUROBOND,SM,10000,8000,80.00
20,780,EUROTEXIND,EQ,1809,1612,89.11
20,781,EVEREADY,EQ,472392,192629,40.78
20,782,EVERESTIND,EQ,8028,4062,50.60
20,783,EVINDIA,EQ,381405,277949,72.88
20,784,EXCEL,EQ,36508535,9249261,25.33
20,785,EXCELINDUS,EQ,15232,7452,48.92
20,786,EXCELLENT,ST,78400,70400,89.80
20,787,EXIDEIND,EQ,2138128,1019878,47.70
20,788,EXPLEOSOL,EQ,8404,4960,59.02
20,789,EXXARO,EQ,3540896,868602,24.53
20,790,FACT,EQ,115894,39324,33.93
20,791,FAIRCHEMOR,EQ,15790,10628,67.31
20,792,FALCONTECH,SM,22800,15600,68.42
20,793,FAZE3Q,EQ,9810,5989,61.05
20,794,FCL,EQ,607679,245055,40.33
20,795,FCSSOFT,EQ,3947835,2124844,53.82
20,796,FDC,EQ,182024,82679,45.42
20,797,FEDERALBNK,EQ,15026637,7177857,47.77
20,798,FEDFINA,EQ,309873,187315,60.45
20,799,FELIX,SM,167000,97000,58.08
20,800,FIDEL,SM,71000,39000,54.93
20,801,FIEMIND,EQ,26585,15167,57.05
20,802,FILATEX,EQ,1356129,484027,35.69
20,803,FINCABLES,EQ,248537,114814,46.20
20,804,FINEORG,EQ,11238,6301,56.07
20,805,FINIETF,EQ,330370,222577,67.37
20,806,FINOPB,EQ,134658,50770,37.70
20,807,FINPIPE,EQ,569057,365258,64.19
20,808,FIRSTCRY,EQ,391143,237338,60.68
20,809,FIVESTAR,EQ,7394022,1186408,16.05
20,810,FLAIR,EQ,263653,231595,87.84
20,811,FLUOROCHEM,EQ,80514,36022,44.74
20,812,FMCGIETF,EQ,570799,444126,77.81
20,813,FMGOETZE,EQ,45611,32079,70.33
20,814,FOCE,SM,3000,3000,100.00
20,815,FONEBOX,SM,1000,1000,100.00
20,816,FOODSIN,EQ,183677,110509,60.16
20,817,FORCAS,SM,134400,113600,84.52
20,818,FORCEMOT,EQ,18565,8571,46.17
20,819,FORTIS,EQ,459155,252927,55.09
20,820,FOSECOIND,EQ,1913,1163,60.79
20,821,FROG,SM,20000,16000,80.00
20,822,FSL,EQ,11074909,2402730,21.70
20,823,FUSION,EQ,1738268,697845,40.15
20,824,GABRIEL,EQ,165255,58018,35.11
20,825,GAEL,EQ,1314305,710532,54.06
20,826,GAIL,EQ,14897710,8406826,56.43
20,827,GAJANAND,ST,30000,30000,100.00
20,828,GALAPREC,EQ,84062,51879,61.72
20,829,GALAXYSURF,EQ,19750,9714,49.18
20,830,GANDHAR,EQ,288023,124336,43.17
20,831,GANDHITUBE,EQ,5018,3637,72.48
20,832,GANECOS,EQ,28554,10371,36.32
20,833,GANESHBE,EQ,137445,83637,60.85
20,834,GANESHHOUC,EQ,75516,40649,53.83
20,835,GANGAFORGE,EQ,293081,183474,62.60
20,836,GANGESSECU,EQ,18372,11277,61.38
20,837,GARFIBRES,EQ,13542,4446,32.83
20,838,GATECH,EQ,12554686,9916332,78.99
20,839,GATEWAY,EQ,842165,656436,77.95
20,840,GEECEE,EQ,125720,60880,48.43
20,841,GENESYS,EQ,384957,196251,50.98
20,842,GENSOL,EQ,374343,178516,47.69
20,843,GENUSPAPER,EQ,1386002,681476,49.17
20,844,GENUSPOWER,EQ,652318,397772,60.98
20,845,GEOJITFSL,EQ,1848491,733599,39.69
20,846,GESHIP,EQ,346665,241579,69.69
20,847,GFLLIMITED,EQ,172942,83966,48.55
20,848,GGBL,SM,148800,94200,63.31
20,849,GHCL,EQ,154383,81315,52.67
20,850,GHCLTEXTIL,EQ,419600,273944,65.29
20,851,GICHSGFIN,EQ,243124,108886,44.79
20,852,GICL,SM,147000,51000,34.69
20,853,GICRE,EQ,2018952,1022495,50.64
20,854,GILLANDERS,EQ,10623,8309,78.22
20,855,GILLETTE,EQ,46726,15371,32.90
20,856,GILT5YBEES,EQ,303361,219092,72.22
20,857,GINNIFILA,EQ,141912,97527,68.72
20,858,GIPCL,EQ,381102,187611,49.23
20,859,GKWLIMITED,EQ,3669,2107,57.43
20,860,GLAND,EQ,1019358,887840,87.10
20,861,GLAXO,EQ,35874,16508,46.02
20,862,GLENMARK,EQ,804664,453107,56.31
20,863,GLOBAL,EQ,18179,10424,57.34
20,864,GLOBALPET,SM,10500,10500,100.00
20,865,GLOBUSSPR,EQ,303139,138423,45.66
20,866,GLOSTERLTD,EQ,947,510,53.85
20,867,GLS,EQ,362586,179702,49.56
20,868,GMBREW,EQ,825735,128689,15.58
20,869,GMDCLTD,EQ,555053,218878,39.43
20,870,GMMPFAUDLR,EQ,48586,27609,56.83
20,871,GMRINFRA,EQ,9382737,3840069,40.93
20,872,GMRP&UI,EQ,8924467,3693450,41.39
20,873,GNA,EQ,165564,77326,46.70
20,874,GNFC,EQ,1404185,298084,21.23
20,875,GOACARBON,EQ,575149,112798,19.61
20,876,GOCLCORP,EQ,68113,34012,49.93
20,877,GOCOLORS,EQ,57448,42376,73.76
20,878,GODFRYPHLP,EQ,54437,21195,38.93
20,879,GODIGIT,EQ,348523,176760,50.72
20,880,GODREJAGRO,EQ,168659,101274,60.05
20,881,GODREJCP,EQ,1325119,730298,55.11
20,882,GODREJIND,EQ,59225,24290,41.01
20,883,GODREJPROP,EQ,1663667,419537,25.22
20,884,GOKEX,EQ,141370,86339,61.07
20,885,GOKUL,EQ,189557,99867,52.68
20,886,GOKULAGRO,EQ,1556143,982956,63.17
20,887,GOLD1,EQ,11536486,11254681,97.56
20,888,GOLDBEES,EQ,16224523,13308072,82.02
20,889,GOLDCASE,EQ,1035150,915127,88.41
20,890,GOLDETF,EQ,285274,267455,93.75
20,891,GOLDETFADD,EQ,27670,23256,84.05
20,892,GOLDIAM,EQ,394416,146539,37.15
20,893,GOLDIETF,EQ,2176542,1889411,86.81
20,894,GOLDKART,ST,7500,7500,100.00
20,895,GOLDSHARE,EQ,270040,228058,84.45
20,896,GOLDSTAR,SM,90000,67500,75.00
20,897,GOLDTECH,EQ,80506,52020,64.62
20,898,GOODLUCK,EQ,102711,52139,50.76
20,899,GOPAL,EQ,215657,117479,54.47
20,900,GOYALALUM,EQ,214818,153039,71.24
20,901,GOYALSALT,SM,70800,55200,77.97
20,902,GPECO,SM,99600,70800,71.08
20,903,GPIL,EQ,942253,350025,37.15
20,904,GPPL,EQ,694938,306408,44.09
20,905,GPTHEALTH,EQ,643962,258082,40.08
20,906,GRANULES,EQ,2816064,1246572,44.27
20,907,GRAPHISAD,SM,142800,123600,86.55
20,908,GRAPHITE,EQ,9037798,1374455,15.21
20,909,GRASIM,EQ,883336,395225,44.74
20,910,GRASIMPP1,E1,5866,3982,67.88
20,911,GRAVITA,EQ,426814,156753,36.73
20,912,GREAVESCOT,EQ,1415281,626861,44.29
20,913,GREENCHEF,SM,41600,29600,71.15
20,914,GREENLAM,EQ,28442,16056,56.45
20,915,GREENPANEL,EQ,187580,90859,48.44
20,916,GREENPLY,EQ,147304,81473,55.31
20,917,GREENPOWER,EQ,5850107,3370862,57.62
20,918,GRETEX,ST,3000,3000,100.00
20,919,GRINDWELL,EQ,23753,10855,45.70
20,920,GRINFRA,EQ,36464,13824,37.91
20,921,GRMOVER,EQ,210759,104410,49.54
20,922,GROBTEA,EQ,238,90,37.82
20,923,GROWWEV,EQ,790338,536219,67.85
20,924,GRSE,EQ,791630,248188,31.35
20,925,GRWRHITECH,EQ,53203,23553,44.27
20,926,GSEC10ABSL,EQ,837,25,2.99
20,927,GSEC10IETF,EQ,12099,6485,53.60
20,928,GSEC10YEAR,EQ,349,323,92.55
20,929,GSEC5IETF,EQ,14418,11865,82.29
20,930,GSFC,EQ,1017610,455059,44.72
20,931,GSLSU,EQ,646202,242510,37.53
20,932,GSMFOILS,ST,44000,36000,81.82
20,933,GSPL,EQ,2378771,957759,40.26
20,934,GSS,EQ,135293,114697,84.78
20,935,GSTL,ST,18000,16000,88.89
20,936,GTL,EQ,973850,447388,45.94
20,937,GTLINFRA,EQ,131776040,59804922,45.38
20,938,GTPL,EQ,22527,12203,54.17
20,939,GUFICBIO,EQ,99402,42097,42.35
20,940,GUJALKALI,EQ,59115,31320,52.98
20,941,GUJGASLTD,EQ,1207605,699738,57.94
20,942,GUJRAFFIA,EQ,3886,2492,64.13
20,943,GULFOILLUB,EQ,116610,45122,38.69
20,944,GULFPETRO,EQ,466905,152492,32.66
20,945,GULPOLY,EQ,218568,96281,44.05
20,946,GVPTECH,EQ,87052,53153,61.06
20,947,HAL,EQ,1032339,465553,45.10
20,948,HAPPSTMNDS,EQ,414072,294329,71.08
20,949,HAPPYFORGE,EQ,13036,6953,53.34
20,950,HARDWYN,EQ,546913,307375,56.20
20,951,HARIOMPIPE,EQ,239323,98532,41.17
20,952,HARSHA,EQ,51525,30457,59.11
20,953,HATHWAY,EQ,2842394,1392649,49.00
20,954,HATSUN,EQ,17890,9025,50.45
20,955,HAVELLS,EQ,676261,454219,67.17
20,956,HAVISHA,EQ,66692,51029,76.51
20,957,HBLPOWER,EQ,733861,360418,49.11
20,958,HCC,EQ,10861119,6398379,58.91
20,959,HCG,EQ,179195,136534,76.19
20,960,HCL-INSYS,EQ,7280820,3936838,54.07
20,961,HCLTECH,EQ,2240579,1407601,62.82
20,962,HDFCAMC,EQ,261274,154316,59.06
20,963,HDFCBANK,EQ,15982656,9863354,61.71
20,964,HDFCBSE500,EQ,49968,30561,61.16
20,965,HDFCGOLD,EQ,1636026,1242722,75.96
20,966,HDFCGROWTH,EQ,47080,31436,66.77
20,967,HDFCLIFE,EQ,1096265,463852,42.31
20,968,HDFCLIQUID,EQ,2270,2266,99.82
20,969,HDFCLOWVOL,EQ,25223,17808,70.60
20,970,HDFCMID150,EQ,331373,270967,81.77
20,971,HDFCMOMENT,EQ,182090,106269,58.36
20,972,HDFCNEXT50,EQ,78089,67577,86.54
20,973,HDFCNIF100,EQ,40586,36008,88.72
20,974,HDFCNIFBAN,EQ,42659,34669,81.27
20,975,HDFCNIFIT,EQ,93700,84755,90.45
20,976,HDFCNIFTY,EQ,23066,16922,73.36
20,977,HDFCPSUBK,EQ,34713,30667,88.34
20,978,HDFCPVTBAN,EQ,345963,264184,76.36
20,979,HDFCQUAL,EQ,28455,17495,61.48
20,980,HDFCSENSEX,EQ,20551,15548,75.66
20,981,HDFCSILVER,EQ,865427,648654,74.95
20,982,HDFCSML250,EQ,399167,283927,71.13
20,983,HDFCVALUE,EQ,8114,6596,81.29
20,984,HEADSUP,EQ,230657,113296,49.12
20,985,HEALTHADD,EQ,439,323,73.58
20,986,HEALTHIETF,EQ,35670,20162,56.52
20,987,HEALTHY,EQ,376603,272360,72.32
20,988,HECPROJECT,EQ,3781,2114,55.91
20,989,HEG,EQ,5480149,396977,7.24
20,990,HEIDELBERG,EQ,313123,152766,48.79
20,991,HEMIPROP,EQ,381897,223568,58.54
20,992,HERANBA,EQ,81003,45662,56.37
20,993,HERCULES,EQ,26369,12917,48.99
20,994,HERITGFOOD,EQ,479520,333231,69.49
20,995,HEROMOTOCO,EQ,341785,170216,49.80
20,996,HESTERBIO,EQ,21482,11088,51.62
20,997,HEUBACHIND,EQ,39071,22355,57.22
20,998,HFCL,EQ,25582500,5749478,22.47
20,999,HGINFRA,EQ,208746,68852,32.98
20,1000,HGS,EQ,127660,61666,48.30
20,1001,HIGREEN,SM,17600,13600,77.27
20,1002,HIKAL,EQ,230035,99743,43.36
20,1003,HIL,EQ,11299,6144,54.38
20,1004,HILTON,EQ,134942,94212,69.82
20,1005,HIMATSEIDE,EQ,1441188,577109,40.04
20,1006,HINDALCO,EQ,9525319,3530465,37.06
20,1007,HINDCOMPOS,EQ,6078,2125,34.96
20,1008,HINDCON,EQ,79306,38067,48.00
20,1009,HINDCOPPER,EQ,8173719,3168898,38.77
20,1010,HINDOILEXP,EQ,564729,230337,40.79
20,1011,HINDPETRO,EQ,4872324,2094079,42.98
20,1012,HINDUNILVR,EQ,1055354,604839,57.31
20,1013,HINDWAREAP,EQ,188246,121564,64.58
20,1014,HINDZINC,EQ,3997321,2427819,60.74
20,1015,HIRECT,EQ,58242,30947,53.14
20,1016,HISARMETAL,EQ,57504,26480,46.05
20,1017,HITECH,EQ,1163197,446628,38.40
20,1018,HITECHCORP,EQ,38302,22608,59.03
20,1019,HLEGLAS,EQ,129084,55986,43.37
20,1020,HLVLTD,EQ,1727067,1107923,64.15
20,1021,HMAAGRO,EQ,1089834,1019325,93.53
20,1022,HMVL,EQ,90801,47035,51.80
20,1023,HNDFDS,EQ,382829,122920,32.11
20,1024,HNGSNGBEES,EQ,587424,494476,84.18
20,1025,HOACFOODS,SM,6000,6000,100.00
20,1026,HOLMARC,SM,9000,7500,83.33
20,1027,HOMEFIRST,EQ,180955,66491,36.74
20,1028,HONASA,EQ,780981,383420,49.09
20,1029,HONAUT,EQ,7466,6110,81.84
20,1030,HONDAPOWER,EQ,9357,2969,31.73
20,1031,HPAL,EQ,267059,187285,70.13
20,1032,HPIL,EQ,662,265,40.03
20,1033,HPL,EQ,123043,62521,50.81
20,1034,HRHNEXT,ST,51000,45000,88.24
20,1035,HSCL,EQ,3142705,1691390,53.82
20,1036,HTMEDIA,EQ,590941,297277,50.31
20,1037,HUDCO,EQ,3634199,1561452,42.97
20,1038,HUHTAMAKI,EQ,220671,73832,33.46
20,1039,IBLFL,SM,56000,50000,89.29
20,1040,ICCL25,NS,5,5,100.00
20,1041,ICEMAKE,EQ,66144,21727,32.85
20,1042,ICICIB22,EQ,722258,486691,67.38
20,1043,ICICIBANK,EQ,8728019,4283291,49.08
20,1044,ICICIGI,EQ,383695,156617,40.82
20,1045,ICICIPRULI,EQ,1359054,884629,65.09
20,1046,ICIL,EQ,161698,77729,48.07
20,1047,ICRA,EQ,8495,3971,46.75
20,1048,IDBI,EQ,4212822,1731252,41.09
20,1049,IDEA,EQ,386280914,164216480,42.51
20,1050,IDEAFORGE,EQ,105422,51020,48.40
20,1051,IDEALTECHO,SM,10000,8000,80.00
20,1052,IDFC,EQ,4210994,2570542,61.04
20,1053,IDFCFIRSTB,EQ,19453333,8102073,41.65
20,1054,IDFNIFTYET,EQ,3178,2860,89.99
20,1055,IEML,SM,27000,18000,66.67
20,1056,IEX,EQ,71971589,15390708,21.38
20,1057,IFBIND,EQ,31222,17562,56.25
20,1058,IFCI,EQ,8187118,3712343,45.34
20,1059,IFCIZC24,NI,81,81,100.00
20,1060,IFCIZC25,NM,20,20,100.00
20,1061,IFGLEXPOR,EQ,5007,2836,56.64
20,1062,IGARASHI,EQ,114167,61598,53.95
20,1063,IGL,EQ,2055307,827102,40.24
20,1064,IGPL,EQ,57060,27244,47.75
20,1065,IIFL,EQ,3572716,1673811,46.85
20,1066,IIFLSEC,EQ,752558,366776,48.74
20,1067,IIFLZC24,NK,10,10,100.00
20,1068,IIFLZC25A,NP,4,4,100.00
20,1069,IIFLZC25B,NW,21,21,100.00
20,1070,IIFLZC25C,N8,100,100,100.00
20,1071,IIFLZC26B,NY,133,133,100.00
20,1072,IKIO,EQ,179102,107577,60.06
20,1073,IMAGICAA,EQ,3108406,1254107,40.35
20,1074,IMC1,N0,70,70,100.00
20,1075,IMC1,N1,432,424,98.15
20,1076,IMC1,N2,414,414,100.00
20,1077,IMC1,N3,1312,1302,99.24
20,1078,IMFA,EQ,216546,100616,46.46
20,1079,IMPAL,EQ,6332,3475,54.88
20,1080,INDBANK,EQ,191216,65797,34.41
20,1081,INDGN,EQ,357345,202530,56.68
20,1082,INDHOTEL,EQ,2024360,1315666,64.99
20,1083,INDIACEM,EQ,659040,424498,64.41
20,1084,INDIAGLYCO,EQ,83562,35578,42.58
20,1085,INDIAMART,EQ,247661,106999,43.20
20,1086,INDIANB,EQ,918389,450885,49.10
20,1087,INDIANCARD,EQ,3642,1431,39.29
20,1088,INDIANHUME,EQ,85734,38373,44.76
20,1089,INDIASHLTR,EQ,141182,101019,71.55
20,1090,INDIFRA,SM,4000,4000,100.00
20,1091,INDIGO,EQ,766857,508012,66.25
20,1092,INDIGOPNTS,EQ,107122,69303,64.70
20,1093,INDIGRID,IV,860457,818758,95.15
20,1094,INDNIPPON,EQ,13103,7202,54.96
20,1095,INDOAMIN,EQ,335281,98286,29.31
20,1096,INDOBORAX,EQ,300438,107557,35.80
20,1097,INDOCO,EQ,68588,30657,44.70
20,1098,INDORAMA,EQ,303351,156213,51.50
20,1099,INDOSTAR,EQ,322435,202687,62.86
20,1100,INDOTECH,EQ,25144,14533,57.80
20,1101,INDRAMEDCO,EQ,229890,112939,49.13
20,1102,INDSWFTLTD,EQ,59371,43387,73.08
20,1103,INDTERRAIN,EQ,103043,81907,79.49
20,1104,INDUSINDBK,EQ,3012173,1694605,56.26
20,1105,INDUSTOWER,EQ,12185928,6582366,54.02
20,1106,INFIBEAM,EQ,6749115,3925009,58.16
20,1107,INFINIUM,SM,77500,44500,57.42
20,1108,INFOBEAN,EQ,16608,6930,41.73
20,1109,INFOLLION,ST,8000,8000,100.00
20,1110,INFRABEES,EQ,12216,7921,64.84
20,1111,INFRAIETF,EQ,129750,76683,59.10
20,1112,INFY,EQ,4268341,3149517,73.79
20,1113,INGERRAND,EQ,8496,4685,55.14
20,1114,INM,SM,27600,21600,78.26
20,1115,INNOMET,ST,756000,648000,85.71
20,1116,INNOVACAP,EQ,52773,25115,47.59
20,1117,INOXGREEN,EQ,2370668,814833,34.37
20,1118,INOXINDIA,EQ,82773,42168,50.94
20,1119,INOXWIND,EQ,4242762,1612390,38.00
20,1120,INSECTICID,EQ,23278,11648,50.04
20,1121,INSPIRE,SM,32000,22000,68.75
20,1122,INTELLECT,EQ,487770,197988,40.59
20,1123,INTERARCH,EQ,1222626,381115,31.17
20,1124,INTLCONV,EQ,1929579,710398,36.82
20,1125,INVENTURE,EQ,3062464,1762798,57.56
20,1126,IOB,EQ,5515937,2266689,41.09
20,1127,IOC,EQ,8749024,3685583,42.13
20,1128,IOLCP,EQ,417606,183579,43.96
20,1129,IONEXCHANG,EQ,181475,90086,49.64
20,1130,IPCALAB,EQ,540865,171523,31.71
20,1131,IPHL,SM,296400,97200,32.79
20,1132,IPL,EQ,186369,121214,65.04
20,1133,IRB,EQ,8341514,4008600,48.06
20,1134,IRBINVIT,IV,340832,301323,88.41
20,1135,IRCON,EQ,3485987,1172478,33.63
20,1136,IRCTC,EQ,1074569,410473,38.20
20,1137,IREDA,EQ,4842465,2347390,48.48
20,1138,IRFC,EQ,10610463,4185544,39.45
20,1139,IRISDOREME,EQ,195108,124631,63.88
20,1140,IRMENERGY,EQ,119315,57629,48.30
20,1141,ISEC,EQ,173672,88226,50.80
20,1142,ISGEC,EQ,63211,46105,72.94
20,1143,ISHAN,ST,1104000,1056000,95.65
20,1144,IT,EQ,117404,90486,77.07
20,1145,ITALIANE,SM,20000,20000,100.00
20,1146,ITBEES,EQ,6900735,4596260,66.61
20,1147,ITC,EQ,8476223,5490817,64.78
20,1148,ITDC,EQ,20165,10033,49.75
20,1149,ITDCEM,EQ,1793087,712337,39.73
20,1150,ITETF,EQ,678628,638111,94.03
20,1151,ITETFADD,EQ,26233,22758,86.75
20,1152,ITI,EQ,252286,100076,39.67
20,1153,ITIETF,EQ,493096,284866,57.77
20,1154,IVZINGOLD,EQ,176,157,89.20
20,1155,IVZINNIFTY,EQ,22,17,77.27
20,1156,IXIGO,EQ,657486,327066,49.74
20,1157,JAGRAN,EQ,267080,175428,65.68
20,1158,JAGSNPHARM,EQ,54402,29343,53.94
20,1159,JAIBALAJI,EQ,188361,119431,63.41
20,1160,JAICORPLTD,EQ,859421,231962,26.99
20,1161,JAINAM,SM,11000,10000,90.91
20,1162,JAIPURKURT,EQ,114885,40341,35.11
20,1163,JALAN,ST,192000,186000,96.88
20,1164,JAMNAAUTO,EQ,1556471,943325,60.61
20,1165,JASH,EQ,15888,8919,56.14
20,1166,JAYAGROGN,EQ,122874,71341,58.06
20,1167,JAYBARMARU,EQ,83492,49587,59.39
20,1168,JAYBEE,SM,88000,56000,63.64
20,1169,JAYNECOIND,EQ,1035991,483617,46.68
20,1170,JAYSREETEA,EQ,172042,80071,46.54
20,1171,JBCHEPHARM,EQ,446424,223384,50.04
20,1172,JBMA,EQ,111513,59385,53.25
20,1173,JCHAC,EQ,281817,70805,25.12
20,1174,JEYYAM,SM,256000,202000,78.91
20,1175,JFLLIFE,ST,294000,294000,100.00
20,1176,JGCHEM,EQ,180624,72641,40.22
20,1177,JINDALPHOT,EQ,7526,3820,50.76
20,1178,JINDALPOLY,EQ,65267,28731,44.02
20,1179,JINDALSAW,EQ,886366,519688,58.63
20,1180,JINDALSTEL,EQ,2564667,1066796,41.60
20,1181,JINDRILL,EQ,26532,14280,53.82
20,1182,JINDWORLD,EQ,129369,57566,44.50
20,1183,JIOFIN,EQ,13663033,6371080,46.63
20,1184,JISLDVREQS,EQ,72291,47296,65.42
20,1185,JISLJALEQS,EQ,1648839,745407,45.21
20,1186,JITFINFRA,EQ,10961,5469,49.90
20,1187,JIWANRAM,SM,18000,18000,100.00
20,1188,J&KBANK,EQ,2236127,1503665,67.24
20,1189,JKCEMENT,EQ,187759,102414,54.55
20,1190,JKIL,EQ,140755,95878,68.12
20,1191,JKLAKSHMI,EQ,186854,148528,79.49
20,1192,JKPAPER,EQ,591383,211161,35.71
20,1193,JKTYRE,EQ,2090854,589928,28.21
20,1194,JLHL,EQ,16189,7452,46.03
20,1195,JMA,EQ,21964,7067,32.18
20,1196,JMFINANCIL,EQ,32594036,7372562,22.62
20,1197,JOCIL,EQ,13624,8380,61.51
20,1198,JPOLYINVST,EQ,10121,4759,47.02
20,1199,JPPOWER,EQ,12858612,7374781,57.35
20,1200,JSFB,EQ,266777,170375,63.86
20,1201,JSL,EQ,1381221,758669,54.93
20,1202,JSLL,SM,46980,38160,81.23
20,1203,JSWENERGY,EQ,1029003,404502,39.31
20,1204,JSWHL,EQ,26388,4414,16.73
20,1205,JSWINFRA,EQ,1559873,828872,53.14
20,1206,JSWSTEEL,EQ,1309311,450317,34.39
20,1207,JTEKTINDIA,EQ,278062,123257,44.33
20,1208,JTLIND,EQ,2699631,1290745,47.81
20,1209,JUBLFOOD,EQ,870179,435532,50.05
20,1210,JUBLINDS,EQ,5652,3387,59.93
20,1211,JUBLINGREA,EQ,478150,153731,32.15
20,1212,JUBLPHARMA,EQ,305254,117943,38.64
20,1213,JUNIORBEES,EQ,150285,81468,54.21
20,1214,JUNIPER,EQ,258453,187091,72.39
20,1215,JUSTDIAL,EQ,211674,99886,47.19
20,1216,JWL,EQ,906591,371264,40.95
20,1217,JYOTHYLAB,EQ,302386,148259,49.03
20,1218,JYOTICNC,EQ,144800,65450,45.20
20,1219,JYOTISTRUC,EQ,6297822,4120639,65.43
20,1220,K2INFRA,ST,63600,58800,92.45
20,1221,KABRAEXTRU,EQ,116924,42582,36.42
20,1222,KAJARIACER,EQ,202022,126093,62.42
20,1223,KAKATCEM,EQ,11888,5657,47.59
20,1224,KALAMANDIR,EQ,636768,356402,55.97
20,1225,KALYANKJIL,EQ,7681483,2128851,27.71
20,1226,KAMATHOTEL,EQ,33377,19942,59.75
20,1227,KAMDHENU,EQ,402987,125185,31.06
20,1228,KAMOPAINTS,EQ,31910928,7077229,22.18
20,1229,KANANIIND,EQ,434714,299938,69.00
20,1230,KANDARP,SM,268000,148000,55.22
20,1231,KANORICHEM,EQ,184168,88028,47.80
20,1232,KANPRPLA,EQ,6058,4389,72.45
20,1233,KANSAINER,EQ,352066,180877,51.38
20,1234,KARNIKA,SM,4400,3600,81.82
20,1235,KARURVYSYA,EQ,1165518,649805,55.75
20,1236,KATARIA,SM,136800,105600,77.19
20,1237,KAYNES,EQ,192041,64344,33.51
20,1238,KCEIL,ST,48500,46500,95.88
20,1239,KCK,SM,2000,2000,100.00
20,1240,KCP,EQ,1085613,328039,30.22
20,1241,KDDL,EQ,29337,17709,60.36
20,1242,KDL,ST,2600,2300,88.46
20,1243,KEC,EQ,2682353,593007,22.11
20,1244,KECL,EQ,140870,72897,51.75
20,1245,KEI,EQ,140232,74730,53.29
20,1246,KEL,SM,1200,1200,100.00
20,1247,KELLTONTEC,EQ,919194,229238,24.94
20,1248,KERNEX,EQ,80433,51231,63.69
20,1249,KESORAMIND,EQ,252557,119060,47.14
20,1250,KEYFINSERV,EQ,4481,2464,54.99
20,1251,KFINTECH,EQ,408484,205887,50.40
20,1252,KHADIM,EQ,185592,76057,40.98
20,1253,KHAICHEM,EQ,569887,196075,34.41
20,1254,KHANDSE,EQ,31437,15556,49.48
20,1255,KHFM,SM,18600,18600,100.00
20,1256,KILITCH,EQ,6755,4068,60.22
20,1257,KIMS,EQ,131259,64108,48.84
20,1258,KINGFA,EQ,5359,2806,52.36
20,1259,KIOCL,EQ,53490,25771,48.18
20,1260,KIRIINDUS,EQ,290930,165797,56.99
20,1261,KIRLOSBROS,EQ,44521,22701,50.99
20,1262,KIRLOSENG,EQ,323284,237356,73.42
20,1263,KIRLOSIND,EQ,2025,1225,60.49
20,1264,KIRLPNU,EQ,80406,44899,55.84
20,1265,KITEX,EQ,449409,204250,45.45
20,1266,KKCL,EQ,45501,40503,89.02
20,1267,KLL,SM,20800,20800,100.00
20,1268,KMSUGAR,EQ,475573,230235,48.41
20,1269,KNAGRI,ST,11200,10400,92.86
20,1270,KNRCON,EQ,1453777,486627,33.47
20,1271,KODYTECH,SM,900,900,100.00
20,1272,KOHINOOR,EQ,218637,111179,50.85
20,1273,KOKUYOCMLN,EQ,190661,77896,40.86
20,1274,KOLTEPATIL,EQ,373967,239332,64.00
20,1275,KONSTELEC,SM,29000,20000,68.97
20,1276,KONTOR,SM,13200,12000,90.91
20,1277,KOPRAN,EQ,1391184,541314,38.91
20,1278,KORE,ST,8500,8500,100.00
20,1279,KOTAKBANK,EQ,3307467,2114853,63.94
20,1280,KOTARISUG,EQ,351547,125870,35.80
20,1281,KOTHARIPET,EQ,388856,146399,37.65
20,1282,KOTYARK,SM,17700,12300,69.49
20,1283,KPIL,EQ,254218,141363,55.61
20,1284,KPITTECH,EQ,793279,484594,61.09
20,1285,KPRMILL,EQ,1882004,358843,19.07
20,1286,KRBL,EQ,549798,261940,47.64
20,1287,KRIDHANINF,EQ,91719,55953,61.00
20,1288,KRISHANA,EQ,23740,15421,64.96
20,1289,KRISHCA,ST,21000,20500,97.62
20,1290,KRISHNADEF,ST,13000,13000,100.00
20,1291,KRITI,EQ,43639,26959,61.78
20,1292,KRITIKA,EQ,8338884,4789693,57.44
20,1293,KRONOX,EQ,344220,163645,47.54
20,1294,KROSS,EQ,679917,323338,47.56
20,1295,KRSNAA,EQ,106345,41758,39.27
20,1296,KRYSTAL,EQ,60354,35376,58.61
20,1297,KSB,EQ,126170,85364,67.66
20,1298,KSCL,EQ,210143,89539,42.61
20,1299,KSL,EQ,52961,27097,51.16
20,1300,KSOLVES,EQ,24691,11813,47.84
20,1301,KTKBANK,EQ,1247319,786093,63.02
20,1302,KTL,SM,63000,39000,61.90
20,1303,KUANTUM,EQ,28299,16118,56.96
20,1304,LAGNAM,EQ,13157,6915,52.56
20,1305,LALPATHLAB,EQ,85796,18001,20.98
20,1306,LAMBODHARA,EQ,14364,9678,67.38
20,1307,LANCORHOL,EQ,261554,137301,52.49
20,1308,LANDMARK,EQ,166541,74113,44.50
20,1309,LAOPALA,EQ,220022,75356,34.25
20,1310,LATENTVIEW,EQ,210790,138382,65.65
20,1311,LATTEYS,EQ,291948,245249,84.00
20,1312,LAURUSLABS,EQ,1010077,344571,34.11
20,1313,LAWSIKHO,SM,57000,44500,78.07
20,1314,LAXMICOT,EQ,158683,89768,56.57
20,1315,LAXMIMACH,EQ,2848,1461,51.30
20,1316,LEMERITE,SM,76800,67200,87.50
20,1317,LEMONTREE,EQ,4246867,2226896,52.44
20,1318,LEXUS,EQ,50917,14431,28.34
20,1319,LFIC,EQ,7617,3719,48.82
20,1320,LGBBROSLTD,EQ,35831,19500,54.42
20,1321,LIBAS,EQ,70389,41226,58.57
20,1322,LICHSGFIN,EQ,3717511,1408803,37.90
20,1323,LICI,EQ,979782,550877,56.22
20,1324,LICMFGOLD,EQ,1284,1077,83.88
20,1325,LICNETFGSC,EQ,14483,13903,96.00
20,1326,LICNETFN50,EQ,1282,527,41.11
20,1327,LICNETFSEN,EQ,226,215,95.13
20,1328,LICNFNHGP,EQ,3004,2214,73.70
20,1329,LICNMID100,EQ,6935,5373,77.48
20,1330,LIKHITHA,EQ,84942,50998,60.04
20,1331,LINC,EQ,52314,27544,52.65
20,1332,LINCOLN,EQ,44582,23624,52.99
20,1333,LINDEINDIA,EQ,82230,25727,31.29
20,1334,LIQUID,EQ,517643,328099,63.38
20,1335,LIQUID1,EQ,84288,57060,67.70
20,1336,LIQUIDADD,EQ,300003,279778,93.26
20,1337,LIQUIDBEES,EQ,3109280,2723028,87.58
20,1338,LIQUIDBETF,EQ,604,302,50.00
20,1339,LIQUIDCASE,EQ,6523611,5990362,91.83
20,1340,LIQUIDETF,EQ,350861,329003,93.77
20,1341,LIQUIDIETF,EQ,651468,340995,52.34
20,1342,LIQUIDSBI,EQ,1435,934,65.09
20,1343,LIQUIDSHRI,EQ,54936,54481,99.17
20,1344,LLOYDS,SM,37000,26000,70.27
20,1345,LLOYDSENGG,EQ,2484351,1016779,40.93
20,1346,LLOYDSME,EQ,1179982,684216,57.99
20,1347,LODHA,EQ,1075320,364912,33.94
20,1348,LOKESHMACH,EQ,26982,16360,60.63
20,1349,LORDSCHLO,EQ,12580,8165,64.90
20,1350,LOTUSEYE,EQ,87134,49906,57.28
20,1351,LOWVOL,EQ,2224,1880,84.53
20,1352,LOWVOL1,EQ,101315,79943,78.91
20,1353,LOWVOLIETF,EQ,8552962,8149969,95.29
20,1354,LOYALTEX,EQ,1193,690,57.84
20,1355,LRRPL,ST,42000,42000,100.00
20,1356,LT,EQ,2113862,1447695,68.49
20,1357,LTF,EQ,14292747,6955579,48.67
20,1358,LTFOODS,EQ,1513570,845111,55.84
20,1359,LTGILTBEES,EQ,2916639,2832207,97.11
20,1360,LTIM,EQ,617659,278728,45.13
20,1361,LTTS,EQ,93053,30001,32.24
20,1362,LUMAXIND,EQ,6119,3728,60.92
20,1363,LUMAXTECH,EQ,189548,127156,67.08
20,1364,LUPIN,EQ,1298533,947312,72.95
20,1365,LUXIND,EQ,46954,24009,51.13
20,1366,LXCHEM,EQ,1353381,506242,37.41
20,1367,LYKALABS,EQ,120708,56651,46.93
20,1368,MAANALU,EQ,69385,33775,48.68
20,1369,MACOBSTECH,SM,22400,4800,21.43
20,1370,MADHAV,EQ,4199,2248,53.54
20,1371,MADHAVBAUG,SM,800,800,100.00
20,1372,MADHUSUDAN,SM,45000,37000,82.22
20,1373,MADRASFERT,EQ,151139,53461,35.37
20,1374,MAFANG,EQ,326790,218004,66.71
20,1375,MAGADSUGAR,EQ,123832,33906,27.38
20,1376,MAGNUM,EQ,73861,34912,47.27
20,1377,MAGSON,SM,22000,20000,90.91
20,1378,MAHABANK,EQ,7284030,2938546,40.34
20,1379,MAHEPC,EQ,43780,20864,47.66
20,1380,MAHESHWARI,EQ,54895,34576,62.99
20,1381,MAHICKRA,SM,3750,3000,80.00
20,1382,MAHKTECH,EQ,4437615,3657308,82.42
20,1383,MAHLIFE,EQ,1702026,403275,23.69
20,1384,MAHLOG,EQ,124872,51054,40.89
20,1385,MAHSCOOTER,EQ,14995,6062,40.43
20,1386,MAHSEAMLES,EQ,183126,100061,54.64
20,1387,MAITHANALL,EQ,50616,31618,62.47
20,1388,MAITREYA,ST,24800,23200,93.55
20,1389,MAKEINDIA,EQ,29612,18907,63.85
20,1390,MAKS,ST,10500,10500,100.00
20,1391,MAL,SM,57600,8000,13.89
20,1392,MALUPAPER,EQ,75657,9571,12.65
20,1393,MANAKSIA,EQ,324587,134564,41.46
20,1394,MANAKSTEEL,EQ,125133,67600,54.02
20,1395,MANALIPETC,EQ,275013,147637,53.68
20,1396,MANAPPURAM,EQ,7865574,3569419,45.38
20,1397,MANAV,SM,4000,4000,100.00
20,1398,MANCREDIT,EQ,29355,4037,13.75
20,1399,MANDEEP,ST,16000,14000,87.50
20,1400,MANGALAM,EQ,85683,59186,69.08
20,1401,MANGCHEFER,EQ,106773,59855,56.06
20,1402,MANGLMCEM,EQ,20372,11496,56.43
20,1403,MANINDS,EQ,428704,216958,50.61
20,1404,MANINFRA,EQ,2437816,549019,22.52
20,1405,MANKIND,EQ,448051,289453,64.60
20,1406,MANORAMA,EQ,31075,18716,60.23
20,1407,MANUGRAPH,EQ,30053,18763,62.43
20,1408,MANYAVAR,EQ,132648,63470,47.85
20,1409,MAPMYINDIA,EQ,190293,63157,33.19
20,1410,MARALOVER,EQ,26583,17363,65.32
20,1411,MARATHON,EQ,87990,40634,46.18
20,1412,MARCO,SM,99000,78000,78.79
20,1413,MARICO,EQ,1373871,663704,48.31
20,1414,MARKSANS,EQ,3748360,1167924,31.16
20,1415,MARSHALL,EQ,116914,32788,28.04
20,1416,MARUTI,EQ,341172,176364,51.69
20,1417,MASFIN,EQ,221922,120833,54.45
20,1418,MASON,SM,94000,54000,57.45
20,1419,MASPTOP50,EQ,448617,350416,78.11
20,1420,MASTEK,EQ,38315,21516,56.16
20,1421,MATRIMONY,EQ,30717,19233,62.61
20,1422,MAWANASUG,EQ,479420,174938,36.49
20,1423,MAXESTATES,EQ,480414,225381,46.91
20,1424,MAXHEALTH,EQ,4808811,3318758,69.01
20,1425,MAXIND,EQ,58181,29934,51.45
20,1426,MAXPOSURE,SM,726000,416000,57.30
20,1427,MAYURUNIQ,EQ,60495,36637,60.56
20,1428,MAZDA,EQ,8715,4006,45.97
20,1429,MAZDOCK,EQ,1735992,195627,11.27
20,1430,MBAPL,EQ,17902,3629,20.27
20,1431,MCL,EQ,52785,25278,47.89
20,1432,MCLEODRUSS,EQ,801178,489335,61.08
20,1433,MCON,ST,8000,8000,100.00
20,1434,MCX,EQ,865156,152910,17.67
20,1435,MDL,SM,10000,10000,100.00
20,1436,MEDANTA,EQ,942183,779490,82.73
20,1437,MEDIASSIST,EQ,150211,68964,45.91
20,1438,MEDICAMEQ,EQ,1271481,236522,18.60
20,1439,MEDIORG,SM,24000,24000,100.00
20,1440,MEDPLUS,EQ,375507,217606,57.95
20,1441,MEGAFLEX,SM,99000,96000,96.97
20,1442,MEGASOFT,EQ,3021941,1208759,40.00
20,1443,MEGASTAR,EQ,298437,71042,23.80
20,1444,MEGATHERM,ST,14800,12800,86.49
20,1445,MENONBE,EQ,235939,121953,51.69
20,1446,METALIETF,EQ,11142028,7600583,68.22
20,1447,METROBRAND,EQ,77998,39592,50.76
20,1448,METROPOLIS,EQ,159009,43485,27.35
20,1449,MFSL,EQ,966543,668500,69.16
20,1450,MGL,EQ,1281486,323655,25.26
20,1451,MHHL,SM,22500,22500,100.00
20,1452,MHLXMIRU,EQ,6038,3897,64.54
20,1453,MHRIL,EQ,192494,108029,56.12
20,1454,MICROPRO,SM,6400,6400,100.00
20,1455,MID150BEES,EQ,334921,182354,54.45
20,1456,MID150CASE,EQ,223655,199042,89.00
20,1457,MIDCAP,EQ,17518,9567,54.61
20,1458,MIDCAPETF,EQ,1472325,1045807,71.03
20,1459,MIDCAPIETF,EQ,758932,392434,51.71
20,1460,MIDHANI,EQ,362171,145689,40.23
20,1461,MIDQ50ADD,EQ,6977,5656,81.07
20,1462,MIDSELIETF,EQ,485206,413836,85.29
20,1463,MIDSMALL,EQ,219730,143840,65.46
20,1464,MIEL,SM,38000,36000,94.74
20,1465,MINDACORP,EQ,1395374,536054,38.42
20,1466,MINDSPACE,RR,91473,74937,81.92
20,1467,MIRZAINT,EQ,290062,106586,36.75
20,1468,MITCON,EQ,9407,7284,77.43
20,1469,MITCONPP,E1,3126,3126,100.00
20,1470,MITTAL,EQ,1578531,1190953,75.45
20,1471,M&M,EQ,4218815,1992200,47.22
20,1472,M&MFIN,EQ,3559637,1401528,39.37
20,1473,M&MFIN,N3,1,1,100.00
20,1474,MMFL,EQ,57840,34623,59.86
20,1475,MMTC,EQ,1497645,557830,37.25
20,1476,MNC,EQ,72795,62192,85.43
20,1477,MODEFENCE,EQ,194588,152507,78.37
20,1478,MOGSEC,EQ,7059,5071,71.84
20,1479,MOHEALTH,EQ,61745,56971,92.27
20,1480,MOIL,EQ,2577331,938379,36.41
20,1481,MOL,EQ,1030092,411148,39.91
20,1482,MOLDTECH,EQ,70566,41709,59.11
20,1483,MOLDTKPAC,EQ,193901,182889,94.32
20,1484,MOLOWVOL,EQ,27252,15806,58.00
20,1485,MOM100,EQ,387653,280705,72.41
20,1486,MOM30IETF,EQ,1068165,643899,60.28
20,1487,MOM50,EQ,9529,6426,67.44
20,1488,MOMENTUM,EQ,93339,74582,79.90
20,1489,MOMOMENTUM,EQ,110506,81021,73.32
20,1490,MON100,EQ,357870,225108,62.90
20,1491,MONARCH,EQ,57381,24101,42.00
20,1492,MONIFTY500,EQ,200111,170075,84.99
20,1493,MONOPHARMA,SM,102000,94000,92.16
20,1494,MONQ50,EQ,113931,75730,66.47
20,1495,MONTECARLO,EQ,27047,14841,54.87
20,1496,MOQUALITY,EQ,2734,2198,80.40
20,1497,MOREALTY,EQ,203917,160561,78.74
20,1498,MOREPENLAB,EQ,9947252,3064903,30.81
20,1499,MOS,SM,692800,477600,68.94
20,1500,MOSMALL250,EQ,302533,255294,84.39
20,1501,MOTHERSON,EQ,13188960,7777805,58.97
20,1502,MOTILALOFS,EQ,526328,251516,47.79
20,1503,MOTISONS,EQ,2570551,1105201,42.99
20,1504,MOTOGENFIN,EQ,22696,13535,59.64
20,1505,MOVALUE,EQ,87177,58496,67.10
20,1506,MOXSH,ST,800,800,100.00
20,1507,MPHASIS,EQ,387861,167772,43.26
20,1508,MPSLTD,EQ,11281,5679,50.34
20,1509,MPTODAY,SM,2000,2000,100.00
20,1510,MRF,EQ,8665,2763,31.89
20,1511,MRPL,EQ,1533669,710152,46.30
20,1512,MSTCLTD,EQ,356412,243171,68.23
20,1513,MSUMI,EQ,5438688,3156444,58.04
20,1514,MTARTECH,EQ,100643,50892,50.57
20,1515,MTNL,EQ,1814371,1083645,59.73
20,1516,MUFIN,EQ,51925,27475,52.91
20,1517,MUFTI,EQ,1062901,433203,40.76
20,1518,MUKANDLTD,EQ,258723,116547,45.05
20,1519,MUKKA,EQ,905905,529932,58.50
20,1520,MUKTAARTS,EQ,1623478,468453,28.85
20,1521,MULTICAP,EQ,114239,103398,90.51
20,1522,MUNJALAU,EQ,2719344,480624,17.67
20,1523,MUNJALSHOW,EQ,267156,90078,33.72
20,1524,MURUDCERA,EQ,129516,53654,41.43
20,1525,MUTHOOTCAP,EQ,406526,162774,40.04
20,1526,MUTHOOTFIN,EQ,778581,351962,45.21
20,1527,MUTHOOTMF,EQ,510602,283697,55.56
20,1528,MVGJL,EQ,411958,156608,38.02
20,1529,MVKAGRO,SM,13200,9600,72.73
20,1530,MWL,SM,42000,37200,88.57
20,1531,MYMUDRA,ST,55200,52800,95.65
20,1532,NACLIND,EQ,279882,146424,52.32
20,1533,NAGAFERT,EQ,780356,448012,57.41
20,1534,NAHARCAP,EQ,13349,6966,52.18
20,1535,NAHARINDUS,EQ,45328,23412,51.65
20,1536,NAHARSPING,EQ,72897,29670,40.70
20,1537,NAMAN,SM,51200,41600,81.25
20,1538,NAM-INDIA,EQ,608339,378309,62.19
20,1539,NAMOEWASTE,SM,1412800,635200,44.96
20,1540,NATCOPHARM,EQ,637436,297730,46.71
20,1541,NATIONALUM,EQ,40045015,9818644,24.52
20,1542,NAUKRI,EQ,222187,127718,57.48
20,1543,NAVA,EQ,364133,152638,41.92
20,1544,NAVINFLUOR,EQ,94054,33441,35.56
20,1545,NAVINIFTY,EQ,5231,2481,47.43
20,1546,NAVKARCORP,EQ,577734,284847,49.30
20,1547,NAVNETEDUL,EQ,109176,55308,50.66
20,1548,NAZARA,EQ,524999,175470,33.42
20,1549,NBCC,EQ,4810702,2113664,43.94
20,1550,NCC,EQ,2230886,1147860,51.45
20,1551,NCLIND,EQ,103606,73322,70.77
20,1552,NDLVENTURE,EQ,41750,21529,51.57
20,1553,NDRAUTO,EQ,118477,47961,40.48
20,1554,NDTV,EQ,116245,55040,47.35
20,1555,NELCAST,EQ,102400,46209,45.13
20,1556,NELCO,EQ,307423,101025,32.86
20,1557,NEOGEN,EQ,83339,23832,28.60
20,1558,NEPHROCARE,SM,22400,16000,71.43
20,1559,NESCO,EQ,58681,35528,60.54
20,1560,NESTLEIND,EQ,718957,453239,63.04
20,1561,NETF,EQ,7761,2298,29.61
20,1562,NETWEB,EQ,183061,94468,51.60
20,1563,NETWORK18,EQ,2036004,900848,44.25
20,1564,NEULANDLAB,EQ,46563,33592,72.14
20,1565,NEWGEN,EQ,106162,54594,51.43
20,1566,NEWJAISA,SM,87000,64500,74.14
20,1567,NEXT50,EQ,10243,9097,88.81
20,1568,NEXT50IETF,EQ,377068,272051,72.15
20,1569,NFL,EQ,1474567,429806,29.15
20,1570,NGIL,EQ,165711,32384,19.54
20,1571,NGLFINE,EQ,2883,1973,68.44
20,1572,NH,EQ,402868,161673,40.13
20,1573,NHPC,EQ,21576479,13053029,60.50
20,1574,NIACL,EQ,3003857,638687,21.26
20,1575,NIBL,EQ,45159,28933,64.07
20,1576,NIDAN,SM,5000,4000,80.00
20,1577,NIF100BEES,EQ,12531,8301,66.24
20,1578,NIF100IETF,EQ,176289,95113,53.95
20,1579,NIF10GETF,EQ,2481,1105,44.54
20,1580,NIF5GETF,EQ,470,468,99.57
20,1581,NIFITETF,EQ,8218,7961,96.87
20,1582,NIFMID150,EQ,605,566,93.55
20,1583,NIFTY1,EQ,46363,18559,40.03
20,1584,NIFTY50ADD,EQ,7244,6310,87.11
20,1585,NIFTYBEES,EQ,2051116,1355902,66.11
20,1586,NIFTYBETF,EQ,6870,2700,39.30
20,1587,NIFTYETF,EQ,83524,63549,76.08
20,1588,NIFTYIETF,EQ,147537,82558,55.96
20,1589,NIFTYQLITY,EQ,117357,106206,90.50
20,1590,NIITLTD,EQ,968126,382548,39.51
20,1591,NIITMTS,EQ,47711,21722,45.53
20,1592,NILAINFRA,EQ,1366619,430766,31.52
20,1593,NILKAMAL,EQ,12613,7043,55.84
20,1594,NINSYS,EQ,8564,4699,54.87
20,1595,NIPPOBATRY,EQ,11658,6457,55.39
20,1596,NIRMAN,ST,27600,27000,97.83
20,1597,NITCO,EQ,268249,220297,82.12
20,1598,NITINSPIN,EQ,66458,38156,57.41
20,1599,NITIRAJ,EQ,6521,4216,64.65
20,1600,NKIND,EQ,479,292,60.96
20,1601,NLCINDIA,EQ,3761028,1328241,35.32
20,1602,NMDC,EQ,14742106,5080351,34.46
20,1603,NOCIL,EQ,852761,423092,49.61
20,1604,NORTHARC,EQ,6575414,2053069,31.22
20,1605,NPBET,EQ,1833,1697,92.58
20,1606,NPST,SM,58500,41700,71.28
20,1607,NRAIL,EQ,19550,13962,71.42
20,1608,NRBBEARING,EQ,200746,140126,69.80
20,1609,NRL,EQ,422238,198632,47.04
20,1610,NSIL,EQ,61996,27702,44.68
20,1611,NSLNISP,EQ,4805837,2448198,50.94
20,1612,NTPC,EQ,19443168,8477947,43.60
20,1613,NUCLEUS,EQ,67752,30163,44.52
20,1614,NURECA,EQ,32444,19839,61.15
20,1615,NUVAMA,EQ,31752,14865,46.82
20,1616,NUVOCO,EQ,245127,137735,56.19
20,1617,NV20,EQ,17807,10133,56.90
20,1618,NV20BEES,EQ,11317,9497,83.92
20,1619,NV20IETF,EQ,489837,239939,48.98
20,1620,NXST,RR,401341,364821,90.90
20,1621,NYKAA,EQ,5215375,2544656,48.79
20,1622,OAL,EQ,39887,20516,51.44
20,1623,OBCL,EQ,16752,13544,80.85
20,1624,OBEROIRLTY,EQ,917710,411809,44.87
20,1625,OFSS,EQ,327212,128260,39.20
20,1626,OIL,EQ,4262021,1850219,43.41
20,1627,OILIETF,EQ,2365038,1759191,74.38
20,1628,OLAELEC,EQ,54743574,18830877,34.40
20,1629,OLECTRA,EQ,264003,125178,47.42
20,1630,OLIL,ST,7200,7200,100.00
20,1631,OMAXAUTO,EQ,20317,14424,70.99
20,1632,OMFURN,SM,19200,16800,87.50
20,1633,ONDOOR,SM,1800,1200,66.67
20,1634,ONEPOINT,EQ,1234766,641225,51.93
20,1635,ONGC,EQ,10609614,5164743,48.68
20,1636,ONMOBILE,EQ,680207,224442,33.00
20,1637,ONWARDTEC,EQ,24309,11124,45.76
20,1638,OPTIEMUS,EQ,2070279,470441,22.72
20,1639,ORBTEXP,EQ,16073,11034,68.65
20,1640,ORCHPHARMA,EQ,39893,23817,59.70
20,1641,ORIANA,SM,144900,81000,55.90
20,1642,ORICONENT,EQ,821203,384272,46.79
20,1643,ORIENTBELL,EQ,9174,6121,66.72
20,1644,ORIENTCEM,EQ,721729,353559,48.99
20,1645,ORIENTCER,EQ,86796,42678,49.17
20,1646,ORIENTELEC,EQ,569494,400659,70.35
20,1647,ORIENTHOT,EQ,407947,132058,32.37
20,1648,ORIENTLTD,EQ,11821,6591,55.76
20,1649,ORIENTPPR,EQ,1071404,391221,36.51
20,1650,ORIENTTECH,EQ,963963,691247,71.71
20,1651,ORISSAMINE,EQ,29665,7920,26.70
20,1652,ORTINGLOBE,EQ,32985,18019,54.63
20,1653,OSELDEVICE,ST,210400,200000,95.06
20,1654,OSWALGREEN,EQ,977380,526266,53.84
20,1655,OWAIS,SM,3200,3200,100.00
20,1656,PAGEIND,EQ,15582,3805,24.42
20,1657,PAISALO,EQ,1985110,1098395,55.33
20,1658,PAKKA,EQ,233397,122728,52.58
20,1659,PALASHSECU,EQ,2903,476,16.40
20,1660,PALREDTEC,EQ,99111,48793,49.23
20,1661,PANACEABIO,EQ,324111,164327,50.70
20,1662,PANAMAPET,EQ,38527,24361,63.23
20,1663,PAR,EQ,11412,6906,60.52
20,1664,PARACABLES,EQ,2410392,1088273,45.15
20,1665,PARADEEP,EQ,1914118,713151,37.26
20,1666,PARAGMILK,EQ,236916,123198,52.00
20,1667,PARAGON,SM,14400,14400,100.00
20,1668,PARAMATRIX,SM,22800,16800,73.68
20,1669,PARIN,SM,1000,1000,100.00
20,1670,PARKHOTELS,EQ,174378,107698,61.76
20,1671,PARTYCRUS,SM,9000,4000,44.44
20,1672,PASHUPATI,SM,2400,1600,66.67
20,1673,PATANJALI,EQ,430071,218115,50.72
20,1674,PATELENG,EQ,3500082,1694922,48.43
20,1675,PATINTLOG,EQ,2606616,1280612,49.13
20,1676,PATTECH,SM,10500,10500,100.00
20,1677,PAVNAIND,EQ,86075,51459,59.78
20,1678,PAYTM,EQ,7621107,2169522,28.47
20,1679,PCBL,EQ,3848512,1287444,33.45
20,1680,PCCL,SM,50400,45600,90.48
20,1681,PCJEWELLER,EQ,7107628,3545243,49.88
20,1682,PDMJEPAPER,EQ,140399,87361,62.22
20,1683,PDSL,EQ,47934,27402,57.17
20,1684,PEARLPOLY,EQ,339279,96983,28.59
20,1685,PEL,EQ,471299,95129,20.18
20,1686,PELATRO,ST,330600,307800,93.10
20,1687,PENIND,EQ,1092701,372708,34.11
20,1688,PENINLAND,EQ,390673,194099,49.68
20,1689,PENTAGON,SM,7000,6000,85.71
20,1690,PERSISTENT,EQ,230951,124490,53.90
20,1691,PETRONET,EQ,3543916,2388628,67.40
20,1692,PFC,EQ,9526068,5504220,57.78
20,1693,PFIZER,EQ,14591,9032,61.90
20,1694,PFS,EQ,1368997,858807,62.73
20,1695,PGEL,EQ,3166575,1433714,45.28
20,1696,PGHH,EQ,3407,1849,54.27
20,1697,PGHL,EQ,5444,2894,53.16
20,1698,PGIL,EQ,25451,14662,57.61
20,1699,PGINVIT,IV,1171455,1095153,93.49
20,1700,PHANTOMFX,SM,17700,12600,71.19
20,1701,PHARMABEES,EQ,1999691,1126812,56.35
20,1702,PHOENIXLTD,EQ,297607,189940,63.82
20,1703,PIDILITIND,EQ,146118,72007,49.28
20,1704,PIIND,EQ,147428,58394,39.61
20,1705,PILANIINVS,EQ,15815,6578,41.59
20,1706,PILITA,EQ,718545,376763,52.43
20,1707,PIONEEREMB,EQ,291174,114296,39.25
20,1708,PITTIENG,EQ,36644,18775,51.24
20,1709,PIXTRANS,EQ,188881,41680,22.07
20,1710,PLADAINFO,SM,3000,3000,100.00
20,1711,PLATIND,EQ,531832,217939,40.98
20,1712,PLAZACABLE,EQ,38898,23295,59.89
20,1713,PNB,EQ,71227249,32458832,45.57
20,1714,PNBGILTS,EQ,616799,253821,41.15
20,1715,PNBHOUSING,EQ,1266169,338341,26.72
20,1716,PNC,EQ,2097276,767223,36.58
20,1717,PNCINFRA,EQ,616488,198030,32.12
20,1718,PNGJL,EQ,1627625,488281,30.00
20,1719,POCL,EQ,25308,12365,48.86
20,1720,PODDARMENT,EQ,14344,10550,73.55
20,1721,POKARNA,EQ,57920,23599,40.74
20,1722,POLICYBZR,EQ,3892371,2021044,51.92
20,1723,POLYCAB,EQ,289831,171055,59.02
20,1724,POLYMED,EQ,69996,35378,50.54
20,1725,POLYPLEX,EQ,101904,57427,56.35
20,1726,POLYSIL,SM,10000,10000,100.00
20,1727,PONNIERODE,EQ,151165,42712,28.26
20,1728,POONAWALLA,EQ,2406766,1041804,43.29
20,1729,POSITRON,SM,20400,16800,82.35
20,1730,POWERGRID,EQ,40770462,13072462,32.06
20,1731,POWERINDIA,EQ,68954,30381,44.06
20,1732,POWERMECH,EQ,33856,15116,44.65
20,1733,PPAP,EQ,23218,11270,48.54
20,1734,PPL,EQ,64664,32483,50.23
20,1735,PPLPHARMA,EQ,37286547,6019368,16.14
20,1736,PPSL,SM,216000,144000,66.67
20,1737,PRAJIND,EQ,1614444,369993,22.92
20,1738,PRAKASH,EQ,741401,354002,47.75
20,1739,PRAKASHSTL,EQ,610171,400956,65.71
20,1740,PRAMARA,SM,2000,2000,100.00
20,1741,PRATHAM,SM,17600,12800,72.73
20,1742,PRECAM,EQ,201448,107948,53.59
20,1743,PRECISION,SM,50000,36000,72.00
20,1744,PRECWIRE,EQ,6172293,1440217,23.33
20,1745,PREMEXPLN,EQ,80575,64173,79.64
20,1746,PREMIERENE,EQ,2041656,669236,32.78
20,1747,PREMIERPOL,EQ,26922,14271,53.01
20,1748,PRESSTONIC,SM,22400,15200,67.86
20,1749,PRESTIGE,EQ,1475358,693487,47.00
20,1750,PRICOLLTD,EQ,191220,101397,53.03
20,1751,PRIMESECU,EQ,57257,38038,66.43
20,1752,PRINCEPIPE,EQ,86440,55278,63.95
20,1753,PRITI,EQ,22370,14292,63.89
20,1754,PRITIKA,SM,48000,26000,54.17
20,1755,PRITIKAUTO,EQ,794268,383959,48.34
20,1756,PRIVISCL,EQ,30978,23438,75.66
20,1757,PRIZOR,SM,384000,228800,59.58
20,1758,PRLIND,SM,48000,42000,87.50
20,1759,PROLIFE,SM,500,500,100.00
20,1760,PROPEQUITY,SM,4800,4200,87.50
20,1761,PROV,SM,2880,2720,94.44
20,1762,PROZONER,EQ,283198,187059,66.05
20,1763,PRSMJOHNSN,EQ,1391514,196184,14.10
20,1764,PRUDENT,EQ,53553,27621,51.58
20,1765,PSB,EQ,663641,221237,33.34
20,1766,PSFL,ST,2488000,2486000,99.92
20,1767,PSPPROJECT,EQ,64249,32970,51.32
20,1768,PSUBANK,EQ,28312,18499,65.34
20,1769,PSUBANKADD,EQ,23482,13724,58.44
20,1770,PSUBNKBEES,EQ,3198574,2159438,67.51
20,1771,PSUBNKIETF,EQ,189648,107834,56.86
20,1772,PTC,EQ,1135524,694663,61.18
20,1773,PTL,EQ,190228,84516,44.43
20,1774,PULZ,SM,38000,27000,71.05
20,1775,PUNJABCHEM,EQ,5758,3333,57.88
20,1776,PURVFLEXI,SM,83200,80000,96.15
20,1777,PVRINOX,EQ,403120,141969,35.22
20,1778,PVSL,EQ,34918,25430,72.83
20,1779,PVTBANIETF,EQ,1654853,1425022,86.11
20,1780,PVTBANKADD,EQ,135936,78168,57.50
20,1781,PYRAMID,EQ,37610,23791,63.26
20,1782,QFIL,SM,2000,2000,100.00
20,1783,QGOLDHALF,EQ,110728,87418,78.95
20,1784,QMSMEDI,SM,14000,12000,85.71
20,1785,QNIFTY,EQ,291,242,83.16
20,1786,QUADPRO,SM,12000,12000,100.00
20,1787,QUAL30IETF,EQ,1539899,1418596,92.12
20,1788,QUESS,EQ,184933,80251,43.39
20,1789,QUESTLAB,SM,13200,10800,81.82
20,1790,QUICKHEAL,EQ,92831,36850,39.70
20,1791,QUICKTOUCH,SM,33000,24000,72.73
20,1792,QVCEL,SM,51200,35200,68.75
20,1793,RACE,EQ,133742,61573,46.04
20,1794,RADHIKAJWE,EQ,1284773,607768,47.31
20,1795,RADIANTCMS,EQ,329510,183432,55.67
20,1796,RADICO,EQ,243905,114451,46.92
20,1797,RADIOCITY,EQ,771473,345249,44.75
20,1798,RADIOCITY,P1,788,788,100.00
20,1799,RADIOWALLA,SM,1600,1600,100.00
20,1800,RAILTEL,EQ,1162240,480391,41.33
20,1801,RAIN,EQ,4493211,1166000,25.95
20,1802,RAINBOW,EQ,69767,34145,48.94
20,1803,RAJESHEXPO,EQ,312283,163454,52.34
20,1804,RAJINDLTD,SM,30000,21000,70.00
20,1805,RAJMET,EQ,3291336,1356721,41.22
20,1806,RAJRATAN,EQ,29476,16961,57.54
20,1807,RAJSREESUG,EQ,183814,63621,34.61
20,1808,RALLIS,EQ,304140,139425,45.84
20,1809,RAMANEWS,EQ,267600,219293,81.95
20,1810,RAMAPHO,EQ,28179,19245,68.30
20,1811,RAMASTEEL,EQ,36515993,10031800,27.47
20,1812,RAMCOCEM,EQ,1132803,496912,43.87
20,1813,RAMCOIND,EQ,119600,60454,50.55
20,1814,RAMCOSYS,EQ,69695,55565,79.73
20,1815,RAMKY,EQ,50572,32667,64.60
20,1816,RAMRAT,EQ,34469,20755,60.21
20,1817,RANASUG,EQ,1207029,365723,30.30
20,1818,RANEHOLDIN,EQ,34940,21471,61.45
20,1819,RATEGAIN,EQ,166333,100548,60.45
20,1820,RATNAMANI,EQ,14314,6684,46.70
20,1821,RAYMOND,EQ,107113,52774,49.27
20,1822,RAYMONDLSL,EQ,149577,101762,68.03
20,1823,RBA,EQ,4156556,1819041,43.76
20,1824,RBLBANK,EQ,6826482,3236186,47.41
20,1825,RBMINFRA,SM,22000,15400,70.00
20,1826,RBS,SM,192000,174400,90.83
20,1827,RCDL,SM,69000,45000,65.22
20,1828,RCF,EQ,1155987,368588,31.89
20,1829,RECLTD,EQ,5716466,2537573,44.39
20,1830,REDINGTON,EQ,1330117,713010,53.61
20,1831,REDTAPE,EQ,98572,56191,57.01
20,1832,REFEX,EQ,1423407,578457,40.64
20,1833,REFRACTORY,ST,52000,52000,100.00
20,1834,RELAXO,EQ,43346,25618,59.10
20,1835,RELCHEMQ,EQ,5526,3664,66.30
20,1836,RELIANCE,EQ,3534501,2170405,61.41
20,1837,RELIGARE,EQ,310629,154097,49.61
20,1838,RELINFRA,EQ,19390430,4463285,23.02
20,1839,RELTD,EQ,2778375,1419459,51.09
20,1840,REMSONSIND,EQ,161778,109148,67.47
20,1841,REMUS,SM,25900,15700,60.62
20,1842,RENUKA,EQ,35561702,9198146,25.87
20,1843,REPCOHOME,EQ,154654,84660,54.74
20,1844,REPL,EQ,17436,10297,59.06
20,1845,REPRO,EQ,26169,19112,73.03
20,1846,RESPONIND,EQ,201274,34772,17.28
20,1847,REVATHIEQU,EQ,15802,7825,49.52
20,1848,REXPIPES,SM,6000,6000,100.00
20,1849,RGL,EQ,322451,199118,61.75
20,1850,RHFL,EQ,5563208,5091603,91.52
20,1851,RHIM,EQ,253045,122341,48.35
20,1852,RICHA,SM,1000,1000,100.00
20,1853,RICOAUTO,EQ,366438,181683,49.58
20,1854,RIIL,EQ,751922,170798,22.71
20,1855,RILINFRA,ST,32400,28500,87.96
20,1856,RISHABH,EQ,59737,31055,51.99
20,1857,RITCO,EQ,29219,20845,71.34
20,1858,RITES,EQ,652551,233179,35.73
20,1859,RKFORGE,EQ,505928,320607,63.37
20,1860,RKSWAMY,EQ,70112,33104,47.22
20,1861,RMDRIP,SM,11000,11000,100.00
20,1862,RML,EQ,7285,4721,64.80
20,1863,RNFI,SM,57600,43200,75.00
20,1864,ROCKINGDCE,SM,36000,15000,41.67
20,1865,ROHLTD,EQ,56950,32597,57.24
20,1866,ROLEXRINGS,EQ,5914,2952,49.92
20,1867,ROML,EQ,2468,1030,41.73
20,1868,ROSSARI,EQ,98838,48101,48.67
20,1869,ROTO,EQ,28821,17333,60.14
20,1870,ROUTE,EQ,78758,43328,55.01
20,1871,ROXHITECH,SM,36800,25600,69.57
20,1872,RPEL,EQ,12434,7052,56.72
20,1873,RPGLIFE,EQ,19952,10003,50.14
20,1874,RPOWER,EQ,233068621,104001361,44.62
20,1875,RPPL,EQ,157847,102754,65.10
20,1876,RPSGVENT,EQ,61240,29342,47.91
20,1877,RPTECH,EQ,219366,138211,63.00
20,1878,RRKABEL,EQ,37944,22920,60.40
20,1879,RSWM,EQ,59192,39554,66.82
20,1880,RSYSTEMS,EQ,135522,72349,53.39
20,1881,RTNINDIA,EQ,3774573,1478692,39.18
20,1882,RTNPOWER,EQ,12466626,7942853,63.71
20,1883,RUBFILA,EQ,59979,40735,67.92
20,1884,RUBYMILLS,EQ,49150,26184,53.27
20,1885,RUCHIRA,EQ,60698,35096,57.82
20,1886,RULKA,ST,4800,4800,100.00
20,1887,RUPA,EQ,137936,69936,50.70
20,1888,RUSHIL,EQ,527125,239924,45.52
20,1889,RUSTOMJEE,EQ,52696,23459,44.52
20,1890,RVNL,EQ,4430623,1541338,34.79
20,1891,SAAKSHI,ST,11400,8400,73.68
20,1892,SABAR,SM,150000,95000,63.33
20,1893,SADBHAV,EQ,2087039,1683253,80.65
20,1894,SADHAV,SM,91200,61200,67.11
20,1895,SADHNANIQ,EQ,381923,179057,46.88
20,1896,SAFARI,EQ,130068,71774,55.18
20,1897,SAGCEM,EQ,57822,36619,63.33
20,1898,SAH,EQ,50596,18930,37.41
20,1899,SAHAJ,SM,52000,48000,92.31
20,1900,SAHAJSOLAR,SM,58400,33600,57.53
20,1901,SAHANA,SM,22500,17500,77.78
20,1902,SAHYADRI,EQ,2972,2052,69.04
20,1903,SAIFL,SM,25600,17600,68.75
20,1904,SAIL,EQ,35498522,13551813,38.18
20,1905,SAKAR,EQ,20574,9821,47.74
20,1906,SAKHTISUG,EQ,833732,327684,39.30
20,1907,SAKSOFT,EQ,135369,62275,46.00
20,1908,SALASAR,EQ,12851797,4961715,38.61
20,1909,SALONA,EQ,2411,1229,50.97
20,1910,SALSTEEL,EQ,325026,180858,55.64
20,1911,SALZERELEC,EQ,64989,45813,70.49
20,1912,SAMBHAAV,EQ,317648,245341,77.24
20,1913,SAMHI,EQ,367664,194375,52.87
20,1914,SAMMAANCAP,EQ,7968136,4310501,54.10
20,1915,SANDESH,EQ,5230,2341,44.76
20,1916,SANDHAR,EQ,124309,62962,50.65
20,1917,SANDUMA,EQ,86170,41911,48.64
20,1918,SANGAMIND,EQ,241614,136211,56.38
20,1919,SANGHIIND,EQ,326284,197541,60.54
20,1920,SANGHVIMOV,EQ,399310,191363,47.92
20,1921,SANGINITA,EQ,74922,51332,68.51
20,1922,SANOFI,EQ,30368,23440,77.19
20,1923,SANSERA,EQ,156503,101787,65.04
20,1924,SANSTAR,EQ,2459442,1014658,41.26
20,1925,SAPPHIRE,EQ,1117332,373146,33.40
20,1926,SARDAEN,EQ,1442436,400701,27.78
20,1927,SAREGAMA,EQ,14133321,1139639,8.06
20,1928,SAROJA,SM,1600,1600,100.00
20,1929,SARTELE,SM,206000,123500,59.95
20,1930,SARVESHWAR,EQ,2745175,1685856,61.41
20,1931,SASKEN,EQ,5585,2394,42.86
20,1932,SASTASUNDR,EQ,13705,10878,79.37
20,1933,SATECH,SM,104000,66000,63.46
20,1934,SATIA,EQ,435073,206006,47.35
20,1935,SATIN,EQ,204219,125213,61.31
20,1936,SATINDLTD,EQ,323034,135819,42.04
20,1937,SATIPOLY,SM,6000,5000,83.33
20,1938,SAURASHCEM,EQ,300457,150289,50.02
20,1939,SBC,EQ,4484714,1671546,37.27
20,1940,SBCL,EQ,92791,41905,45.16
20,1941,SBFC,EQ,14699835,5376417,36.57
20,1942,SBGLP,EQ,100814,53293,52.86
20,1943,SBICARD,EQ,1032415,440393,42.66
20,1944,SBIETFCON,EQ,39078,35796,91.60
20,1945,SBIETFIT,EQ,15669,13700,87.43
20,1946,SBIETFPB,EQ,4257,3368,79.12
20,1947,SBIETFQLTY,EQ,7316,4479,61.22
20,1948,SBILIFE,EQ,1395256,934792,67.00
20,1949,SBIN,EQ,18465571,10244009,55.48
20,1950,SBINEQWETF,EQ,14544,10326,71.00
20,1951,SBISILVER,EQ,156231,128688,82.37
20,1952,SCHAEFFLER,EQ,30106,16878,56.06
20,1953,SCHAND,EQ,161071,98204,60.97
20,1954,SCHNEIDER,EQ,1223458,256567,20.97
20,1955,SCI,EQ,2095388,814174,38.86
20,1956,SCILAL,EQ,1577129,779182,49.41
20,1957,SCL25,Y6,1000,1000,100.00
20,1958,SCML,SM,12000,12000,100.00
20,1959,SCPL,EQ,8459,4449,52.59
20,1960,SDBL,EQ,756035,308860,40.85
20,1961,SDL24BEES,EQ,5564,5053,90.82
20,1962,SDL26BEES,EQ,932,543,58.26
20,1963,SEAMECLTD,EQ,40526,24112,59.50
20,1964,SECL,SM,50000,37500,75.00
20,1965,SECMARK,EQ,1778,1250,70.30
20,1966,SECURKLOUD,EQ,28871,21937,75.98
20,1967,SEL,SM,2800,2000,71.43
20,1968,SELAN,EQ,29416,15171,51.57
20,1969,SENCO,EQ,1014994,530704,52.29
20,1970,SENSEXADD,EQ,981,562,57.29
20,1971,SENSEXETF,EQ,4067,2807,69.02
20,1972,SENSEXIETF,EQ,2196,1410,64.21
20,1973,SEPC,EQ,16764991,7107033,42.39
20,1974,SEQUENT,EQ,5389101,2509044,46.56
20,1975,SERVICE,SM,50000,18000,36.00
20,1976,SERVOTECH,EQ,842523,539592,64.04
20,1977,SESHAPAPER,EQ,30618,21633,70.65
20,1978,SETF10GILT,EQ,20402,18521,90.78
20,1979,SETFGOLD,EQ,1655149,1406105,84.95
20,1980,SETFNIF50,EQ,241258,187688,77.80
20,1981,SETFNIFBK,EQ,18961,13820,72.89
20,1982,SETFNN50,EQ,40338,30564,75.77
20,1983,SFL,EQ,68945,40229,58.35
20,1984,SFLZC26A,ZC,47,47,100.00
20,1985,SGBAPR28I,GB,736,735,99.86
20,1986,SGBAUG27,GB,69,52,75.36
20,1987,SGBAUG28V,GB,1128,910,80.67
20,1988,SGBAUG29V,GB,162,145,89.51
20,1989,SGBAUG30,GB,301,260,86.38
20,1990,SGBD29VIII,GB,139,110,79.14
20,1991,SGBDC27VII,GB,26,26,100.00
20,1992,SGBDE30III,GB,731,616,84.27
20,1993,SGBDE31III,GB,1193,883,74.02
20,1994,SGBDEC25,GB,2,2,100.00
20,1995,SGBDEC2512,GB,3,2,66.67
20,1996,SGBDEC26,GB,11,10,90.91
20,1997,SGBFEB28IX,GB,121,98,80.99
20,1998,SGBFEB29XI,GB,144,120,83.33
20,1999,SGBFEB32IV,GB,1273,955,75.02
20,2000,SGBJ28VIII,GB,46,44,95.65
20,2001,SGBJAN26,GB,37,37,100.00
20,2002,SGBJAN27,GB,12,12,100.00
20,2003,SGBJAN29IX,GB,208,177,85.10
20,2004,SGBJAN29X,GB,28,28,100.00
20,2005,SGBJAN30IX,GB,56,44,78.57
20,2006,SGBJU29III,GB,70,54,77.14
20,2007,SGBJUL25,GB,34,30,88.24
20,2008,SGBJUL27,GB,26,26,100.00
20,2009,SGBJUL28IV,GB,184,174,94.57
20,2010,SGBJUL29IV,GB,106,86,81.13
20,2011,SGBJUN27,GB,60,60,100.00
20,2012,SGBJUN28,GB,124,96,77.42
20,2013,SGBJUN29II,GB,225,191,84.89
20,2014,SGBJUN30,GB,160,139,86.88
20,2015,SGBJUN31I,GB,512,446,87.11
20,2016,SGBMAR25,GB,90,61,67.78
20,2017,SGBMAR28X,GB,30,30,100.00
20,2018,SGBMAR30X,GB,104,104,100.00
20,2019,SGBMAR31IV,GB,116,99,85.34
20,2020,SGBMAY25,GB,45,36,80.00
20,2021,SGBMAY26,GB,70,67,95.71
20,2022,SGBMAY28,GB,164,164,100.00
20,2023,SGBMAY29I,GB,570,460,80.70
20,2024,SGBMR29XII,GB,446,340,76.23
20,2025,SGBN28VIII,GB,207,184,88.89
20,2026,SGBNOV24,GB,232,173,74.57
20,2027,SGBNOV258,GB,14,14,100.00
20,2028,SGBNOV25IX,GB,1,1,100.00
20,2029,SGBNOV25VI,GB,20,20,100.00
20,2030,SGBNOV26,GB,106,106,100.00
20,2031,SGBNV29VII,GB,296,230,77.70
20,2032,SGBOC28VII,GB,118,111,94.07
20,2033,SGBOCT25,GB,8,7,87.50
20,2034,SGBOCT25IV,GB,15,15,100.00
20,2035,SGBOCT27,GB,2,1,50.00
20,2036,SGBOCT27VI,GB,2,2,100.00
20,2037,SGBSEP24,GB,118,69,58.47
20,2038,SGBSEP27,GB,216,214,99.07
20,2039,SGBSEP28VI,GB,312,242,77.56
20,2040,SGBSEP29VI,GB,178,141,79.21
20,2041,SGBSEP31II,GB,3701,2964,80.09
20,2042,SGIL,EQ,41943,19302,46.02
20,2043,SHAHALLOYS,EQ,1913153,431419,22.55
20,2044,SHAILY,EQ,189259,127344,67.29
20,2045,SHAKTIPUMP,EQ,47576,35759,75.16
20,2046,SHALBY,EQ,186361,82049,44.03
20,2047,SHALPAINTS,EQ,190883,111660,58.50
20,2048,SHANKARA,EQ,144620,95654,66.14
20,2049,SHANTI,EQ,230119,116333,50.55
20,2050,SHANTIGEAR,EQ,122075,44276,36.27
20,2051,SHARDACROP,EQ,136710,86898,63.56
20,2052,SHARDAMOTR,EQ,14667,8822,60.15
20,2053,SHAREINDIA,EQ,1414269,555039,39.25
20,2054,SHARIABEES,EQ,4437,3372,76.00
20,2055,SHEETAL,SM,20000,18000,90.00
20,2056,SHEMAROO,EQ,1716932,350428,20.41
20,2057,SHERA,SM,118000,83000,70.34
20,2058,SHIGAN,SM,28500,27000,94.74
20,2059,SHILPAMED,EQ,307682,132990,43.22
20,2060,SHIVALIK,EQ,152718,67195,44.00
20,2061,SHIVAMILLS,EQ,88033,45512,51.70
20,2062,SHIVATEX,EQ,8680,4138,47.67
20,2063,SHK,EQ,8703697,1828846,21.01
20,2064,SHOPERSTOP,EQ,133765,32674,24.43
20,2065,SHREDIGCEM,EQ,319763,159559,49.90
20,2066,SHREECEM,EQ,22774,14730,64.68
20,2067,SHREEKARNI,ST,7200,7200,100.00
20,2068,SHREEOSFM,SM,3000,3000,100.00
20,2069,SHREYANIND,EQ,6860,4122,60.09
20,2070,SHREYAS,EQ,147728,97920,66.28
20,2071,SHRIPISTON,EQ,62499,34654,55.45
20,2072,SHRIRAMFIN,EQ,760327,435118,57.23
20,2073,SHRIRAMPPS,EQ,4072174,1221824,30.00
20,2074,SHRITECH,SM,36000,26000,72.22
20,2075,SHUBHLAXMI,SM,30000,28000,93.33
20,2076,SHUBHSHREE,ST,15600,15600,100.00
20,2077,SHYAMCENT,EQ,263385,159940,60.72
20,2078,SHYAMMETL,EQ,385558,179889,46.66
20,2079,SIDDHIKA,SM,9000,9000,100.00
20,2080,SIEMENS,EQ,525815,247469,47.06
20,2081,SIGACHI,EQ,1388003,674211,48.57
20,2082,SIGIND,EQ,210204,89532,42.59
20,2083,SIGMA,EQ,7073,3928,55.54
20,2084,SIGNATURE,EQ,518114,68353,13.19
20,2085,SIGNORIA,SM,2000,2000,100.00
20,2086,SIGNPOST,EQ,909732,517204,56.85
20,2087,SIKKO,EQ,67582,18341,27.14
20,2088,SILGO,EQ,412080,222338,53.96
20,2089,SILINV,EQ,14390,8836,61.40
20,2090,SILKFLEX,SM,16000,10000,62.50
20,2091,SILVER,EQ,216388,166054,76.74
20,2092,SILVER1,EQ,178965,122101,68.23
20,2093,SILVERADD,EQ,63338,54949,86.76
20,2094,SILVERBEES,EQ,13022745,8736135,67.08
20,2095,SILVERETF,EQ,334723,274893,82.13
20,2096,SILVERIETF,EQ,1227691,974935,79.41
20,2097,SILVERTUC,EQ,18071,2363,13.08
20,2098,SILVRETF,EQ,45874,41005,89.39
20,2099,SINCLAIR,EQ,28280,15926,56.32
20,2100,SINDHUTRAD,EQ,797631,523501,65.63
20,2101,SINTERCOM,EQ,37591,18567,49.39
20,2102,SIRCA,EQ,125904,54037,42.92
20,2103,SIS,EQ,33869,16877,49.83
20,2104,SIYSIL,EQ,27182,16116,59.29
20,2105,SJLOGISTIC,SM,19500,14000,71.79
20,2106,SJS,EQ,98056,38162,38.92
20,2107,SJVN,EQ,7744852,3344252,43.18
20,2108,SKFINDIA,EQ,41053,19837,48.32
20,2109,SKIPPER,EQ,1829241,517789,28.31
20,2110,SKIPPERPP,E1,149703,136503,91.18
20,2111,SKMEGGPROD,EQ,38737,21530,55.58
20,2112,SKP,SM,13500,13500,100.00
20,2113,SLONE,ST,14400,14400,100.00
20,2114,SMALLCAP,EQ,430458,321247,74.63
20,2115,SMARTLINK,EQ,48435,45104,93.12
20,2116,SMCGLOBAL,EQ,407783,268724,65.90
20,2117,SMLISUZU,EQ,13907,8691,62.49
20,2118,SMLT,EQ,875987,148932,17.00
20,2119,SMSPHARMA,EQ,193729,103833,53.60
20,2120,SNOWMAN,EQ,3463691,1419979,41.00
20,2121,SOBHA,EQ,173547,61520,35.45
20,2122,SOBHAPP,E1,2009,1876,93.38
20,2123,SOFTTECH,EQ,8600,4488,52.19
20,2124,SOLARAPP,X1,14730,14343,97.37
20,2125,SOLARINDS,EQ,56254,30663,54.51
20,2126,SOLEX,SM,7250,4750,65.52
20,2127,SOMANYCERA,EQ,16784,8156,48.59
20,2128,SOMATEX,EQ,26399,13145,49.79
20,2129,SONACOMS,EQ,2492409,1854399,74.40
20,2130,SONAMAC,SM,25000,20000,80.00
20,2131,SONAMLTD,EQ,1864019,623970,33.47
20,2132,SONATSOFTW,EQ,262911,131532,50.03
20,2133,SONUINFRA,ST,3000,3000,100.00
20,2134,SOTAC,ST,2400,2400,100.00
20,2135,SOTL,EQ,29331,15009,51.17
20,2136,SOUTHBANK,EQ,7168773,2948100,41.12
20,2137,SPAL,EQ,7021,2535,36.11
20,2138,SPANDANA,EQ,136297,58619,43.01
20,2139,SPARC,EQ,247530,148540,60.01
20,2140,SPCENET,EQ,710708,410351,57.74
20,2141,SPCL,SM,148800,92400,62.10
20,2142,SPECIALITY,EQ,58517,29294,50.06
20,2143,SPECTRUM,SM,4500,3875,86.11
20,2144,SPECTSTM,SM,68000,47200,69.41
20,2145,SPENCERS,EQ,1420994,418545,29.45
20,2146,SPIC,EQ,643569,204004,31.70
20,2147,SPLIL,EQ,82469,22562,27.36
20,2148,SPLPETRO,EQ,52108,32462,62.30
20,2149,SPORTKING,EQ,215530,149269,69.26
20,2150,SPPPOLY,ST,334000,322000,96.41
20,2151,SPRL,ST,4800,4800,100.00
20,2152,SREEL,EQ,13918,9618,69.10
20,2153,SRF,EQ,1055909,843538,79.89
20,2154,SRGHFL,EQ,2200,999,45.41
20,2155,SRHHYPOLTD,EQ,179093,58620,32.73
20,2156,SRIVASAVI,SM,38000,32000,84.21
20,2157,SRPL,EQ,2285089,1298038,56.80
20,2158,SSDL,EQ,280923,139892,49.80
20,2159,SSEGL,SM,151000,78000,51.66
20,2160,SSFL,SM,19000,14000,73.68
20,2161,SSFL-RE,ST,47000,44100,93.83
20,2162,SSWL,EQ,313358,153528,48.99
20,2163,STANLEY,EQ,69164,42768,61.84
20,2164,STAR,EQ,269007,175901,65.39
20,2165,STARCEMENT,EQ,409790,228760,55.82
20,2166,STARHEALTH,EQ,518022,356067,68.74
20,2167,STARPAPER,EQ,6245,4999,80.05
20,2168,STCINDIA,EQ,46921,21334,45.47
20,2169,STEELCAS,EQ,16220,5065,31.23
20,2170,STEELCITY,EQ,16788,9892,58.92
20,2171,STEELXIND,EQ,7481870,3935902,52.61
20,2172,STERTOOLS,EQ,149004,52191,35.03
20,2173,STLTECH,EQ,656388,348883,53.15
20,2174,STOVEKRAFT,EQ,241168,96477,40.00
20,2175,STYLAMIND,EQ,21593,12631,58.50
20,2176,STYLEBAAZA,EQ,893174,262296,29.37
20,2177,STYRENIX,EQ,28610,16983,59.36
20,2178,SUBEXLTD,EQ,3335486,1495784,44.84
20,2179,SUBROS,EQ,44394,20198,45.50
20,2180,SUDARSCHEM,EQ,553181,212626,38.44
20,2181,SUKHJITS,EQ,31479,20181,64.11
20,2182,SULA,EQ,145668,96432,66.20
20,2183,SUMICHEM,EQ,276483,133190,48.17
20,2184,SUMMITSEC,EQ,109741,25750,23.46
20,2185,SUNCLAY,EQ,16165,8255,51.07
20,2186,SUNDARMFIN,EQ,63723,36277,56.93
20,2187,SUNDARMHLD,EQ,160259,99249,61.93
20,2188,SUNDRMFAST,EQ,32311,20003,61.91
20,2189,SUNFLAG,EQ,1621324,668559,41.24
20,2190,SUNLITE,SM,50400,31200,61.90
20,2191,SUNPHARMA,EQ,956893,687327,71.83
20,2192,SUNREST,SM,3200,3200,100.00
20,2193,SUNTECK,EQ,203508,64510,31.70
20,2194,SUNTV,EQ,411665,146911,35.69
20,2195,SUPERHOUSE,EQ,13517,5923,43.82
20,2196,SUPERSPIN,EQ,239561,206461,86.18
20,2197,SUPRAJIT,EQ,97619,51150,52.40
20,2198,SUPREMEIND,EQ,147623,104851,71.03
20,2199,SUPREMEPWR,ST,29000,29000,100.00
20,2200,SUPRIYA,EQ,365349,210334,57.57
20,2201,SURANASOL,EQ,189189,189189,100.00
20,2202,SURANI,SM,10800,6800,62.96
20,2203,SURYALAXMI,EQ,28485,13491,47.36
20,2204,SURYAROSNI,EQ,686215,294551,42.92
20,2205,SURYODAY,EQ,271444,162690,59.94
20,2206,SUTLEJTEX,EQ,288075,80398,27.91
20,2207,SUVEN,EQ,441497,211736,47.96
20,2208,SUVENPHAR,EQ,185801,48085,25.88
20,2209,SUVIDHAA,EQ,127851,93844,73.40
20,2210,SUYOG,EQ,24121,15706,65.11
20,2211,SUZLON,EQ,27040040,15722718,58.15
20,2212,SVPGLOB,EQ,160577,96859,60.32
20,2213,SWANENERGY,EQ,1150191,578711,50.31
20,2214,SWARAJ,SM,15000,13000,86.67
20,2215,SWARAJENG,EQ,5227,2647,50.64
20,2216,SWASTIK,SM,3600,3600,100.00
20,2217,SWELECTES,EQ,145889,28883,19.80
20,2218,SWSOLAR,EQ,710094,459688,64.74
20,2219,SYLVANPLY,SM,48000,30000,62.50
20,2220,SYMPHONY,EQ,185245,69639,37.59
20,2221,SYNCOMF,EQ,5452442,2429512,44.56
20,2222,SYNGENE,EQ,726125,378138,52.08
20,2223,SYNOPTICS,SM,8400,7800,92.86
20,2224,SYRMA,EQ,2830339,377759,13.35
20,2225,SYSTANGO,SM,22800,16400,71.93
20,2226,TAC,SM,57600,37200,64.58
20,2227,TAJGVK,EQ,43944,25358,57.71
20,2228,TAKE,EQ,158881,106732,67.18
20,2229,TALBROAUTO,EQ,68039,35219,51.76
20,2230,TANLA,EQ,540351,305711,56.58
20,2231,TAPIFRUIT,SM,1500,1500,100.00
20,2232,TARACHAND,EQ,23844,13140,55.11
20,2233,TARSONS,EQ,54190,30154,55.64
20,2234,TASTYBITE,EQ,5538,3939,71.13
20,2235,TATACHEM,EQ,859249,285084,33.18
20,2236,TATACOMM,EQ,2690694,829615,30.83
20,2237,TATACONSUM,EQ,2448744,1512379,61.76
20,2238,TATAELXSI,EQ,114985,45620,39.67
20,2239,TATAGOLD,EQ,5211647,4523516,86.80
20,2240,TATAINVEST,EQ,32667,16000,48.98
20,2241,TATAMOTORS,EQ,12959075,7615593,58.77
20,2242,TATAPOWER,EQ,15948993,5255636,32.95
20,2243,TATASTEEL,EQ,58044967,21014701,36.20
20,2244,TATATECH,EQ,1216881,569812,46.83
20,2245,TATSILV,EQ,1618974,1387627,85.71
20,2246,TATVA,EQ,432200,176765,40.90
20,2247,TBI,ST,20400,16800,82.35
20,2248,TBOTEK,EQ,22487,15292,68.00
20,2249,TBZ,EQ,1426840,623688,43.71
20,2250,TCHF30,NB,50,50,100.00
20,2251,TCI,EQ,20327,11347,55.82
20,2252,TCIEXP,EQ,185734,139572,75.15
20,2253,TCL,SM,24000,16800,70.00
20,2254,TCPLPACK,EQ,5820,1532,26.32
20,2255,TCS,EQ,2713073,2071060,76.34
20,2256,TDPOWERSYS,EQ,304319,156582,51.45
20,2257,TEAMLEASE,EQ,10647,5994,56.30
20,2258,TECH,EQ,42289,38571,91.21
20,2259,TECHLABS,ST,8000,8000,100.00
20,2260,TECHM,EQ,2505756,1354822,54.07
20,2261,TECHNOE,EQ,146593,117434,80.11
20,2262,TEGA,EQ,10294,5130,49.83
20,2263,TEJASNET,EQ,249963,148795,59.53
20,2264,TEXINFRA,EQ,677047,400401,59.14
20,2265,TEXMOPIPES,EQ,162857,88700,54.46
20,2266,TEXRAIL,EQ,2313861,1528652,66.06
20,2267,TFCILTD,EQ,534554,332695,62.24
20,2268,TGBHOTELS,EQ,83401,44264,53.07
20,2269,TGL,ST,33600,32400,96.43
20,2270,THANGAMAYL,EQ,157097,68772,43.78
20,2271,THEJO,EQ,11924,8448,70.85
20,2272,THEMISMED,EQ,2150045,873601,40.63
20,2273,THERMAX,EQ,75186,46962,62.46
20,2274,THOMASCOOK,EQ,391958,249340,63.61
20,2275,THYROCARE,EQ,25502,18176,71.27
20,2276,TI,EQ,862933,415606,48.16
20,2277,TIDEWATER,EQ,14132,7880,55.76
20,2278,TIIL,EQ,21582,10959,50.78
20,2279,TIINDIA,EQ,156165,102130,65.40
20,2280,TIMESCAN,SM,30000,24000,80.00
20,2281,TIMESGTY,EQ,14554,11752,80.75
20,2282,TIMETECHNO,EQ,931605,179253,19.24
20,2283,TIMKEN,EQ,72350,50472,69.76
20,2284,TIPSFILMS,EQ,90857,29554,32.53
20,2285,TIPSINDLTD,EQ,504321,229803,45.57
20,2286,TIRUMALCHM,EQ,227682,99840,43.85
20,2287,TIRUPATI,SM,3500,3500,100.00
20,2288,TITAGARH,EQ,501246,206077,41.11
20,2289,TITAN,EQ,942343,575245,61.04
20,2290,TMB,EQ,103980,59803,57.51
20,2291,TNIDETF,EQ,257093,233841,90.96
20,2292,TNPETRO,EQ,106009,65756,62.03
20,2293,TNPL,EQ,117308,75481,64.34
20,2294,TOP100CASE,EQ,172327,156859,91.02
20,2295,TOP10ADD,EQ,134719,127101,94.35
20,2296,TORNTPHARM,EQ,204828,124677,60.87
20,2297,TORNTPOWER,EQ,564052,232929,41.30
20,2298,TRACXN,EQ,374582,210131,56.10
20,2299,TRANSTEEL,SM,148000,82000,55.41
20,2300,TRANSWIND,ST,16000,16000,100.00
20,2301,TREEHOUSE,EQ,50246,40274,80.15
20,2302,TREL,EQ,302993,179509,59.25
20,2303,TRENT,EQ,576171,352663,61.21
20,2304,TRF,EQ,33442,22927,68.56
20,2305,TRIDENT,EQ,3318314,1696732,51.13
20,2306,TRIDHYA,SM,9000,6000,66.67
20,2307,TRITURBINE,EQ,450520,234170,51.98
20,2308,TRIVENI,EQ,596703,126344,21.17
20,2309,TROM,SM,26400,16800,63.64
20,2310,TRU,EQ,2519988,768621,30.50
20,2311,TRUST,ST,63600,60000,94.34
20,2312,TTKHLTCARE,EQ,31770,5969,18.79
20,2313,TTKPRESTIG,EQ,38463,20721,53.87
20,2314,TTL,EQ,33972,10496,30.90
20,2315,TTML,EQ,4403026,1307003,29.68
20,2316,TUNWAL,SM,126000,106000,84.13
20,2317,TV18BRDCST,EQ,5940810,2924871,49.23
20,2318,TVSHLTD,EQ,10131,3351,33.08
20,2319,TVSMOTOR,EQ,901475,512944,56.90
20,2320,TVSSCS,EQ,1176053,719914,61.21
20,2321,TVSSRICHAK,EQ,5057,2555,50.52
20,2322,TVTODAY,EQ,281590,145660,51.73
20,2323,UBL,EQ,399057,163178,40.89
20,2324,UCAL,EQ,41771,19512,46.71
20,2325,UCL,SM,8000,8000,100.00
20,2326,UCOBANK,EQ,3118518,1225236,39.29
20,2327,UDAICEMENT,EQ,450668,318923,70.77
20,2328,UDS,EQ,382065,174363,45.64
20,2329,UFLEX,EQ,63815,40993,64.24
20,2330,UFO,EQ,1546653,428428,27.70
20,2331,UGARSUGAR,EQ,776559,334688,43.10
20,2332,UGROCAP,EQ,169983,82953,48.80
20,2333,UJJIVANSFB,EQ,5853631,4028023,68.81
20,2334,ULTRACEMCO,EQ,196686,93294,47.43
20,2335,UMA,SM,12000,8000,66.67
20,2336,UNICHEMLAB,EQ,17395,8810,50.65
20,2337,UNIDT,EQ,17579,8576,48.79
20,2338,UNIECOM,EQ,1379691,429558,31.13
20,2339,UNIENTER,EQ,38862,16122,41.49
20,2340,UNIHEALTH,SM,132000,107000,81.06
20,2341,UNIINFO,EQ,6084,3870,63.61
20,2342,UNIONBANK,EQ,9163939,5414013,59.08
20,2343,UNIPARTS,EQ,44419,29022,65.34
20,2344,UNITDSPR,EQ,898849,581341,64.68
20,2345,UNITEDPOLY,EQ,423018,131595,31.11
20,2346,UNITEDTEA,EQ,1526,1113,72.94
20,2347,UNIVASTU,EQ,172276,87205,50.62
20,2348,UNIVCABLES,EQ,34055,16094,47.26
20,2349,UNIVPHOTO,EQ,706,374,52.97
20,2350,UNOMINDA,EQ,542869,243759,44.90
20,2351,UPL,EQ,2193166,1258344,57.38
20,2352,URBAN,SM,9200,8400,91.30
20,2353,URJA,EQ,2110700,1283403,60.80
20,2354,USASEEDS,SM,3300,2700,81.82
20,2355,USHAMART,EQ,748737,519084,69.33
20,2356,UTIAMC,EQ,161649,71822,44.43
20,2357,UTIBANKETF,EQ,2147372,2133389,99.35
20,2358,UTINEXT50,EQ,114334,62156,54.36
20,2359,UTINIFTETF,EQ,195972,185924,94.87
20,2360,UTISENSETF,EQ,2635,2385,90.51
20,2361,UTISXN50,EQ,128473,120051,93.44
20,2362,UTKARSHBNK,EQ,1326063,757468,57.12
20,2363,UTSSAV,SM,110400,72000,65.22
20,2364,UTTAMSUGAR,EQ,282863,109819,38.82
20,2365,UWCSL,SM,2000,2000,100.00
20,2366,VADILALIND,EQ,72883,42701,58.59
20,2367,VAIBHAVGBL,EQ,548330,232069,42.32
20,2368,VAISHALI,EQ,76410,49137,64.31
20,2369,VAKRANGEE,EQ,146301111,30300175,20.71
20,2370,VALIANTLAB,EQ,47149,17652,37.44
20,2371,VALIANTORG,EQ,64255,38666,60.18
20,2372,VARDHACRLC,EQ,53416,33707,63.10
20,2373,VARROC,EQ,198289,81721,41.21
20,2374,VASA,ST,8000,8000,100.00
20,2375,VASCONEQ,EQ,775789,511047,65.87
20,2376,VASWANI,EQ,612152,306378,50.05
20,2377,VBL,EQ,3749146,2538078,67.70
20,2378,VDEAL,SM,33600,20400,60.71
20,2379,VEDL,EQ,24495683,8551894,34.91
20,2380,VEEKAYEM,SM,9500,7000,73.68
20,2381,VELS,SM,6000,6000,100.00
20,2382,VENKEYS,EQ,50350,22545,44.78
20,2383,VENUSPIPES,EQ,27798,16192,58.25
20,2384,VENUSREM,EQ,18538,10818,58.36
20,2385,VERITAAS,SM,6000,4800,80.00
20,2386,VERTEXPLUS,ST,1200,1200,100.00
20,2387,VERTOZ,EQ,81493073,33400137,40.99
20,2388,VESUVIUS,EQ,30199,12872,42.62
20,2389,VGUARD,EQ,298454,109311,36.63
20,2390,VHL,EQ,15472,6040,39.04
20,2391,VIAZ,SM,2000,2000,100.00
20,2392,VIDHIING,EQ,674983,199794,29.60
20,2393,VIESL,ST,206400,196800,95.35
20,2394,VIJAYA,EQ,73650,31213,42.38
20,2395,VIKASECO,EQ,7982822,3909280,48.97
20,2396,VIKASLIFE,EQ,7113016,3147572,44.25
20,2397,VILAS,ST,70000,61000,87.14
20,2398,VILINBIO,SM,20000,12000,60.00
20,2399,VIMTALABS,EQ,48170,22289,46.27
20,2400,VINATIORGA,EQ,24065,14150,58.80
20,2401,VINDHYATEL,EQ,21689,14935,68.86
20,2402,VINEETLAB,EQ,12485,6904,55.30
20,2403,VINSYS,SM,90500,72000,79.56
20,2404,VINYAS,ST,4200,4000,95.24
20,2405,VINYLINDIA,EQ,15122,9661,63.89
20,2406,VIPIND,EQ,1448895,445085,30.72
20,2407,VIRINCHI,EQ,597396,341747,57.21
20,2408,VISAKAIND,EQ,223199,130273,58.37
20,2409,VISAMAN,SM,9000,9000,100.00
20,2410,VISHNU,EQ,205334,127160,61.93
20,2411,VISHNUINFR,SM,103500,50500,48.79
20,2412,VISHWARAJ,EQ,15641398,6529510,41.75
20,2413,VISHWAS,SM,4800,4800,100.00
20,2414,VITAL,ST,9600,8400,87.50
20,2415,VIVIANA,ST,5000,5000,100.00
20,2416,VIVIDHA,EQ,1761379,1074871,61.02
20,2417,VIVO,SM,1600,1600,100.00
20,2418,VLEGOV,EQ,3353883,1314758,39.20
20,2419,VLINFRA,SM,84000,60000,71.43
20,2420,VLSFINANCE,EQ,33209,18795,56.60
20,2421,VMARCIND,SM,109000,108000,99.08
20,2422,VMART,EQ,15254,5990,39.27
20,2423,VOLTAMP,EQ,12692,6910,54.44
20,2424,VOLTAS,EQ,802399,483842,60.30
20,2425,VPRPL,EQ,351006,167713,47.78
20,2426,VR,SM,1600,1600,100.00
20,2427,VRAJ,EQ,1482586,395739,26.69
20,2428,VRLLOG,EQ,50753,22107,43.56
20,2429,VSCL,SM,45000,36000,80.00
20,2430,VSSL,EQ,524620,167163,31.86
20,2431,VSTIND,EQ,1148257,537931,46.85
20,2432,VSTL,EQ,45947,31579,68.73
20,2433,VSTTILLERS,EQ,9088,4205,46.27
20,2434,VTL,EQ,115946,73947,63.78
20,2435,WABAG,EQ,247663,114537,46.25
20,2436,WALCHANNAG,EQ,195082,118973,60.99
20,2437,WALPAR,SM,22000,20000,90.91
20,2438,WCIL,EQ,5714186,2230003,39.03
20,2439,WEL,EQ,35633,9936,27.88
20,2440,WELCORP,EQ,1186919,508769,42.86
20,2441,WELENT,EQ,214641,134180,62.51
20,2442,WELINV,EQ,304,134,44.08
20,2443,WELSPUNLIV,EQ,1801293,1007196,55.92
20,2444,WENDT,EQ,306,194,63.40
20,2445,WESTLIFE,EQ,127446,40379,31.68
20,2446,WHEELS,EQ,35543,26010,73.18
20,2447,WHIRLPOOL,EQ,276491,218651,79.08
20,2448,WILLAMAGOR,EQ,29983,7447,24.84
20,2449,WINDLAS,EQ,35299,20670,58.56
20,2450,WINDMACHIN,EQ,304586,192407,63.17
20,2451,WINNY,SM,11000,6000,54.55
20,2452,WINSOL,SM,33600,20800,61.90
20,2453,WIPRO,EQ,4032598,1598332,39.64
20,2454,WOMANCART,ST,1600,1600,100.00
20,2455,WONDERLA,EQ,30773,14621,47.51
20,2456,WORTH,EQ,33389,14634,43.83
20,2457,WSI,EQ,91144,55503,60.90
20,2458,WSTCSTPAPR,EQ,317235,124113,39.12
20,2459,WTICAB,SM,96000,73000,76.04
20,2460,XCHANGING,EQ,193879,99483,51.31
20,2461,XELPMOC,EQ,35287,12312,34.89
20,2462,XPROINDIA,EQ,17835,10933,61.30
20,2463,XTGLOBAL,EQ,724749,357029,49.26
20,2464,YASHO,EQ,20348,17268,84.86
20,2465,YASHOPTICS,SM,19200,17600,91.67
20,2466,YATHARTH,EQ,392699,210941,53.72
20,2467,YATRA,EQ,246541,125732,51.00
20,2468,YCCL,SM,15000,15000,100.00
20,2469,YESBANK,EQ,56797147,29075482,51.19
20,2470,YUDIZ,ST,13600,13600,100.00
20,2471,YUKEN,EQ,22698,14187,62.50
20,2472,ZAGGLE,EQ,855655,429594,50.21
20,2473,ZEAL,SM,13800,10200,73.91
20,2474,ZEEL,EQ,59580920,16674250,27.99
20,2475,ZEEMEDIA,EQ,74578075,26572489,35.63
20,2476,ZENITHDRUG,SM,148800,99200,66.67
20,2477,ZENSARTECH,EQ,933910,520477,55.73
20,2478,ZENTEC,EQ,161279,88026,54.58
20,2479,ZFCVINDIA,EQ,10355,3900,37.66
20,2480,ZIMLAB,EQ,69321,41148,59.36
20,2481,ZOMATO,EQ,47685746,20276886,42.52
20,2482,ZOTA,EQ,16278,11122,68.33
20,2483,ZTECH,SM,211200,118800,56.25
20,2484,ZUARI,EQ,94060,53667,57.06
20,2485,ZUARIIND,EQ,105101,48240,45.90
20,2486,ZYDUSLIFE,EQ,1540510,745833,48.41
20,2487,ZYDUSWELL,EQ,78731,45894,58.29
