Security Wise Delivery Position - Compulsory Rolling Settlement
10,MTO,28102024,1374066903,0002559
Trade Date <28-OCT-2024>,Settlement Type <N>
Record Type,Sr No,Name of Security,Quantity Traded,Deliverable Quantity(gross across client level),% of Deliverable Quantity to Traded Quantity
20,1,1003ICCL28,NX,7,7,100.00
20,2,1003IIFL29,NC,1,1,100.00
20,3,1003ISFL28,N4,292,292,100.00
20,4,1003SCL30A,NV,3,3,100.00
20,5,1015ECL29,NR,154,134,87.01
20,6,1015SCL28,NR,3,3,100.00
20,7,1018GS2026,GS,1637,1637,100.00
20,8,1035UCL26,NA,138,138,100.00
20,9,1040NFL26,NA,40,20,50.00
20,10,1040UCL27B,N1,89,89,100.00
20,11,1049DLSL25,NX,24,24,100.00
20,12,1050ISFL28,N5,500,500,100.00
20,13,1050NFL26,N7,214,214,100.00
20,14,105IIFL29,N7,19,19,100.00
20,15,1060ECL29,NS,45,30,66.67
20,16,1065NFL27,NC,100,98,98.00
20,17,10CAGL27,N5,81,81,100.00
20,18,10IIFL28,N4,124,124,100.00
20,19,10IIFL28A,NE,90,90,100.00
20,20,10IIFL29,N6,290,290,100.00
20,21,10NIDO26,N6,247,227,91.90
20,22,10SCL30A,BV,302,147,48.68
20,23,1102NFL26,N8,25,25,100.00
20,24,1119NFL27,ND,50,50,100.00
20,25,11DLSL25,NV,58,58,100.00
20,26,182D060225,TB,4500,4500,100.00
20,27,182D060325,TB,1900,1900,100.00
20,28,182D221124,TB,200,200,100.00
20,29,182D281124,TB,21500,17000,79.07
20,30,360ONE,EQ,472382,285541,60.45
20,31,364D030725,TB,300,300,100.00
20,32,364D060325,TB,1500,1500,100.00
20,33,364D100725,TB,200,200,100.00
20,34,364D161025,TB,1600,1600,100.00
20,35,364D240425,TB,6500,6500,100.00
20,36,364D240725,TB,5000,5000,100.00
20,37,364D270225,TB,100,100,100.00
20,38,364D270325,TB,1500,1500,100.00
20,39,364D300125,TB,1000,1000,100.00
20,40,3IINFOLTD,EQ,674228,306253,45.42
20,41,3MINDIA,EQ,2734,595,21.76
20,42,574GS2026,GS,5,3,60.00
20,43,5PAISA,EQ,57949,21356,36.85
20,44,610GS2031,GS,305,299,98.03
20,45,63MOONS,EQ,392527,155509,39.62
20,46,654GS2032,GS,4,4,100.00
20,47,664GS2035,GS,1000,1000,100.00
20,48,667GS2035,GS,400,200,50.00
20,49,667GS2050,GS,2,2,100.00
20,50,679GS2034,GS,200,100,50.00
20,51,689GS2025,GS,800,800,100.00
20,52,68GS2060,GS,10,10,100.00
20,53,699GS2051,GS,1039,1027,98.85
20,54,702GS2027,GS,500,500,100.00
20,55,702GS2031,GS,1600,1600,100.00
20,56,704GS2029,GS,3934,3934,100.00
20,57,706GS2028,GS,6080,6000,98.68
20,58,709GS2054,GS,700,700,100.00
20,59,710GS2029,GS,12671,12272,96.85
20,60,716GS2050,GS,1093,1093,100.00
20,61,717GS2030,GS,301,301,100.00
20,62,718GS2033,GS,13900,13900,100.00
20,63,718GS2037,GS,1500,1500,100.00
20,64,719PN37,SG,1100,1100,100.00
20,65,71GS2034,GS,9174,9164,99.89
20,66,723GS2039,GS,400,400,100.00
20,67,725GS2063,GS,3354,3041,90.67
20,68,726GS2032,GS,14269,14269,100.00
20,69,726GS2033,GS,30201,30201,100.00
20,70,732GS2030,GS,24749,24749,100.00
20,71,732IRFC25,NI,194,194,100.00
20,72,733GS2026,GS,5500,5500,100.00
20,73,734GS2064,GS,2694,2616,97.10
20,74,734IRFC28,N4,500,500,100.00
20,75,735PFCL35,N1,2166,2166,100.00
20,76,736GS2052,GS,200,200,100.00
20,77,737GS2028,GS,34349,34238,99.68
20,78,737NTPC35C,NA,55,55,100.00
20,79,738GS2027,GS,42231,40135,95.04
20,80,738REC27TF,N2,500,500,100.00
20,81,739NHAI26,N8,118,118,100.00
20,82,73GS2053,GS,4302,3201,74.41
20,83,740IIFCL33,N1,200,200,100.00
20,84,741GS2036,GS,2015,2015,100.00
20,85,746GS2073,GS,2379,2345,98.57
20,86,750IRFC35,NK,158,158,100.00
20,87,751HUDCO28,N5,200,200,100.00
20,88,753IRFC30,NJ,262,262,100.00
20,89,754GS2036,GS,892030,851820,95.49
20,90,760PFCL35,N3,30,30,100.00
20,91,762NTPC35F,ND,63,63,100.00
20,92,763KL43,SG,100,100,100.00
20,93,764HUDCO31,N8,60,60,100.00
20,94,764IRFC31,NO,3409,3224,94.57
20,95,764NABAR31,N2,50,50,100.00
20,96,769NHAI31,NE,2,2,100.00
20,97,76NHAI31,NA,1,1,100.00
20,98,774IREDA31,N7,850,850,100.00
20,99,775UP34,SG,100,100,100.00
20,100,797IGT31,NL,11,10,90.91
20,101,79NHIT35,N1,4897,4896,99.98
20,102,79NHIT40,N2,812,812,100.00
20,103,79NHIT47,N3,5356,5356,100.00
20,104,801TCH25,N4,1,1,100.00
20,105,810IRFC27,N2,3342,2896,86.65
20,106,812REC27,NI,900,900,100.00
20,107,81ABFL33,N5,1,1,100.00
20,108,820IIFL27,N9,1,1,100.00
20,109,825IIFL25,N7,9,9,100.00
20,110,826GS2027,GS,502,502,100.00
20,111,828GS2027,GS,500,500,100.00
20,112,829LTF24,NL,5,5,100.00
20,113,82HUDCO27,N2,3589,2100,58.51
20,114,82IGT31,NJ,2192,1902,86.77
20,115,830NHAI27,N2,2201,2201,100.00
20,116,830PFCL27,N5,100,100,100.00
20,117,833GS2036,GS,4436,4436,100.00
20,118,83TCHF25,N6,651,651,100.00
20,119,840CIFCL28,N4,1500,1500,100.00
20,120,842IIFL26,NL,172,100,58.14
20,121,843IHFL29,NC,621,621,100.00
20,122,849NTPC25,N7,82224,78938,96.00
20,123,84CIFCL28,NA,100,100,100.00
20,124,850IIFL27,NA,181,181,100.00
20,125,855IREDA29,N2,200,200,100.00
20,126,85IFL26,NX,563,300,53.29
20,127,85IIFL25,NO,75,75,100.00
20,128,863NHB29,N2,270,145,53.70
20,129,865IIFL28,NS,1694,1394,82.29
20,130,865IRFC29,NA,373,373,100.00
20,131,865TCAPS27,N8,2,2,100.00
20,132,86LTF24,NJ,70,70,100.00
20,133,871REC28,N9,3599,3438,95.53
20,134,875IHFL29,ND,50,50,100.00
20,135,875IIFL26A,NQ,500,500,100.00
20,136,875NHAI29,N6,400,400,100.00
20,137,876HUDCO28,ND,1099,854,77.71
20,138,880IREDA29,N5,530,400,75.47
20,139,885MOFSL26,N0,19,19,100.00
20,140,885TCAPS29,NC,30,30,100.00
20,141,888ERFL28,N5,5,5,100.00
20,142,888IHFL25F,NC,10,10,100.00
20,143,888IRFC29,NE,288,288,100.00
20,144,888REC29,NF,1050,550,52.38
20,145,889SCL27,YT,3,3,100.00
20,146,890ICCL23A,NZ,393,383,97.46
20,147,891IIFCL34,N4,853,853,100.00
20,148,892PFCL33,N8,31,31,100.00
20,149,897GS2030,GS,1201,1201,100.00
20,150,897MOFSL29,N4,174,174,100.00
20,151,898LTF29,N7,125,105,84.00
20,152,901HUDCO34,NE,1596,1165,72.99
20,153,901NHB34,N6,748,524,70.05
20,154,903SFL28,YI,80,80,100.00
20,155,905LTF27,NF,434,425,97.93
20,156,910TCAP28,NA,99,99,100.00
20,157,915GS2024,GS,500,500,100.00
20,158,91D051224,TB,500,500,100.00
20,159,91D090125,TB,600,600,100.00
20,160,91D121224,TB,1800,1800,100.00
20,161,91D211124,TB,400,400,100.00
20,162,91D311024,TB,700,700,100.00
20,163,920IIFLS26,N8,114,114,100.00
20,164,921ISFL25,N0,121,121,100.00
20,165,925AEL26,N1,200,200,100.00
20,166,925CAGL26,N9,50,50,100.00
20,167,925SCFL27,YA,10,10,100.00
20,168,925SCL26B,YQ,10,10,100.00
20,169,925SCL26F,N1,3,3,100.00
20,170,92GS2030,GS,5312,5312,100.00
20,171,92ICCL28,ND,63,49,77.78
20,172,930SFL28,YP,10,10,100.00
20,173,932AEL27,N3,50,50,100.00
20,174,935LTF29,N5,400,400,100.00
20,175,935MOFSL29,N5,100,100,100.00
20,176,935PEL33,N3,10,10,100.00
20,177,93MOFSL34,N6,337,337,100.00
20,178,943ECL28,NJ,100,100,100.00
20,179,945CAGL24,N1,713,610,85.55
20,180,948ICCL25A,NG,10,10,100.00
20,181,948SCL26A,NN,80,76,95.00
20,182,94SFL28,YL,690,690,100.00
20,183,957ICCL25,YW,760,750,98.68
20,184,957ISFL26,N2,50,50,100.00
20,185,965SCFL25,AB,60,60,100.00
20,186,965SCL26A,ZB,502,500,99.60
20,187,965SCL26F,N1,219,219,100.00
20,188,96IIFL28,N5,1891,1766,93.39
20,189,96IIFL28A,NF,648,647,99.85
20,190,96SFL24A,NB,21,21,100.00
20,191,970CAGL28,ND,860,860,100.00
20,192,971SCL28,AN,9,9,100.00
20,193,971SCL28A,NT,3,3,100.00
20,194,97MOFSL34,N7,100,100,100.00
20,195,97SFL28,YS,2,1,50.00
20,196,97SFL29,YZ,275,275,100.00
20,197,990SCL26,N7,9,9,100.00
20,198,99AEL29,N7,1284,1184,92.21
20,199,99IFCI24,NH,135,135,100.00
20,200,9IIFL28,Y0,105,105,100.00
20,201,9IIFL28A,NT,501,501,100.00
20,202,9MMFSML,N2,1096,1060,96.72
20,203,9PCHFL31A,NA,22,21,95.45
20,204,9PEL25,N0,10,10,100.00
20,205,9SCL26BA,NA,10,10,100.00
20,206,A2ZINFRA,EQ,203816,134630,66.05
20,207,AAATECH,EQ,24020,15054,62.67
20,208,AADHARHFC,EQ,534345,209130,39.14
20,209,AAKASH,EQ,140175,97734,69.72
20,210,AARON,EQ,17631,6984,39.61
20,211,AARTECH,EQ,36426,21242,58.32
20,212,AARTIDRUGS,EQ,91954,37216,40.47
20,213,AARTIIND,EQ,1480286,494868,33.43
20,214,AARTIPHARM,EQ,268076,110550,41.24
20,215,AARVI,EQ,19551,8325,42.58
20,216,AATMAJ,SM,26000,20000,76.92
20,217,AAVAS,EQ,201013,152170,75.70
20,218,ABAN,EQ,77891,50297,64.57
20,219,ABB,EQ,497757,260075,52.25
20,220,ABBOTINDIA,EQ,8829,1931,21.87
20,221,ABCAPITAL,EQ,7887550,5965658,75.63
20,222,ABCOTS,ST,4500,4500,100.00
20,223,ABDL,EQ,1112683,616747,55.43
20,224,ABFRL,EQ,2181823,543953,24.93
20,225,ABGSEC,EQ,242,121,50.00
20,226,ABINFRA,ST,64000,62000,96.88
20,227,ABMINTLLTD,EQ,2598,2598,100.00
20,228,ABREL,EQ,1140458,116931,10.25
20,229,ABSLAMC,EQ,330269,139371,42.20
20,230,ABSLBANETF,EQ,258603,255444,98.78
20,231,ABSLLIQUID,EQ,39304,29290,74.52
20,232,ABSLNN50ET,EQ,33853,27248,80.49
20,233,ABSLPSE,EQ,174805,118740,67.93
20,234,ABSMARINE,SM,54000,36000,66.67
20,235,ACC,EQ,361658,112767,31.18
20,236,ACCELYA,EQ,21467,10636,49.55
20,237,ACCENTMIC,SM,17000,12500,73.53
20,238,ACCURACY,EQ,126698,87523,69.08
20,239,ACE,EQ,755668,275333,36.44
20,240,ACEINTEG,EQ,17922,4921,27.46
20,241,ACI,EQ,6447564,524832,8.14
20,242,ACL,EQ,22829,7795,34.15
20,243,ACLGATI,EQ,397858,161916,40.70
20,244,ACSAL,ST,24000,24000,100.00
20,245,ADANIENSOL,EQ,2004705,741126,36.97
20,246,ADANIENT,EQ,1385033,412605,29.79
20,247,ADANIGREEN,EQ,850381,334337,39.32
20,248,ADANIPORTS,EQ,2126411,967684,45.51
20,249,ADANIPOWER,EQ,3684210,1053675,28.60
20,250,ADFFOODS,EQ,401223,100770,25.12
20,251,ADORWELD,EQ,5655,2690,47.57
20,252,ADROITINFO,EQ,53419,31899,59.71
20,253,ADROITPP1,E1,9851,8654,87.85
20,254,ADSL,EQ,604227,182920,30.27
20,255,ADVANIHOTR,EQ,95581,46060,48.19
20,256,ADVENZYMES,EQ,217083,88930,40.97
20,257,AEGISLOG,EQ,738904,684187,92.59
20,258,AEL120924A,N5,368,368,100.00
20,259,AEROFLEX,EQ,820459,212544,25.91
20,260,AERON,SM,17000,11000,64.71
20,261,AESTHETIK,SM,10000,10000,100.00
20,262,AETHER,EQ,65380,27434,41.96
20,263,AFFLE,EQ,174605,76427,43.77
20,264,AFFORDABLE,EQ,20505,11740,57.25
20,265,AFIL,EQ,31514,20151,63.94
20,266,AGARIND,EQ,25418,12796,50.34
20,267,AGARWALFT,SM,3000,3000,100.00
20,268,AGI,EQ,157935,65346,41.38
20,269,AGIIL,EQ,5937,3759,63.31
20,270,AGRITECH,EQ,25176,15161,60.22
20,271,AGROPHOS,EQ,77067,43731,56.74
20,272,AGSTRA,EQ,402274,199072,49.49
20,273,AGUL,SM,2000,2000,100.00
20,274,AHL,EQ,198461,49758,25.07
20,275,AHLADA,EQ,27321,10745,39.33
20,276,AHLEAST,EQ,30222,10898,36.06
20,277,AHLUCONT,EQ,48660,17545,36.06
20,278,AIAENG,EQ,15659,7531,48.09
20,279,AIIL,EQ,49937,13341,26.72
20,280,AILIMITED,ST,6000,6000,100.00
20,281,AIMTRON,ST,23200,22400,96.55
20,282,AIROLAM,EQ,22101,7946,35.95
20,283,AIRTELPP,E1,44946,23921,53.22
20,284,AISL,ST,7200,7200,100.00
20,285,AJANTPHARM,EQ,87987,46680,53.05
20,286,AJMERA,EQ,522242,78004,14.94
20,287,AKANKSHA,SM,26000,22000,84.62
20,288,AKASH,EQ,154474,48813,31.60
20,289,AKG,EQ,68394,46106,67.41
20,290,AKI,EQ,44950,25163,55.98
20,291,AKIKO,SM,9600,8000,83.33
20,292,AKSHARCHEM,EQ,10166,3895,38.31
20,293,AKSHOPTFBR,EQ,649980,339443,52.22
20,294,AKUMS,EQ,71857,28649,39.87
20,295,AKZOINDIA,EQ,9359,4380,46.80
20,296,ALANKIT,EQ,644845,251954,39.07
20,297,ALEMBICLTD,EQ,643685,220077,34.19
20,298,ALICON,EQ,12157,5953,48.97
20,299,ALKALI,EQ,15239,9927,65.14
20,300,ALKEM,EQ,125326,68999,55.06
20,301,ALKYLAMINE,EQ,38674,16117,41.67
20,302,ALLCARGO,EQ,1630155,644625,39.54
20,303,ALLDIGI,EQ,216823,77484,35.74
20,304,ALLETEC,SM,30400,19600,64.47
20,305,ALOKINDS,EQ,10024511,1923581,19.19
20,306,ALPEXSOLAR,SM,99600,59200,59.44
20,307,ALPHA,EQ,1562933,1041550,66.64
20,308,ALPHAETF,EQ,852861,658934,77.26
20,309,ALPHAGEO,EQ,16392,10283,62.73
20,310,ALPL30IETF,EQ,2413389,1927124,79.85
20,311,ALUWIND,ST,48000,36000,75.00
20,312,AMBANIORGO,SM,5000,5000,100.00
20,313,AMBER,EQ,1139748,81199,7.12
20,314,AMBEY,SM,32000,24000,75.00
20,315,AMBICAAGAR,EQ,6638,5107,76.94
20,316,AMBIKCO,EQ,9657,5407,55.99
20,317,AMBUJACEM,EQ,6419282,1849635,28.81
20,318,AMDIND,EQ,14935,9744,65.24
20,319,AMEYA,ST,14000,10000,71.43
20,320,AMIABLE,SM,1600,1600,100.00
20,321,AMIORG,EQ,180652,71971,39.84
20,322,AMJLAND,EQ,39667,23441,59.09
20,323,AMJUMBO,ST,8000,8000,100.00
20,324,AMNPLST,EQ,11152,4125,36.99
20,325,AMRUTANJAN,EQ,13074,5621,42.99
20,326,ANANDRATHI,EQ,48539,21885,45.09
20,327,ANANTRAJ,EQ,1231958,397446,32.26
20,328,ANDHRAPAP,EQ,154689,72268,46.72
20,329,ANDHRSUGAR,EQ,155117,62342,40.19
20,330,ANGELONE,EQ,2045886,236683,11.57
20,331,ANLON,SM,2800,2400,85.71
20,332,ANMOL,EQ,286506,75042,26.19
20,333,ANNAPURNA,SM,109000,72500,66.51
20,334,ANUP,EQ,294722,55650,18.88
20,335,ANURAS,EQ,189462,120450,63.57
20,336,APARINDS,EQ,61514,21376,34.75
20,337,APCL,EQ,13090,6367,48.64
20,338,APCOTEXIND,EQ,21551,11774,54.63
20,339,APEX,EQ,58584,31131,53.14
20,340,APLAPOLLO,EQ,184611,108293,58.66
20,341,APLLTD,EQ,103353,33357,32.27
20,342,APOLLO,EQ,3424480,1101233,32.16
20,343,APOLLOHOSP,EQ,238427,126978,53.26
20,344,APOLLOPIPE,EQ,76257,27416,35.95
20,345,APOLLOTYRE,EQ,611546,173450,28.36
20,346,APOLSINHOT,EQ,1172,725,61.86
20,347,APRAMEYA,SM,26000,26000,100.00
20,348,APS,ST,43500,42500,97.70
20,349,APTECHT,EQ,214110,74067,34.59
20,350,APTUS,EQ,656903,328729,50.04
20,351,ARABIAN,SM,24000,16000,66.67
20,352,ARCHIDPLY,EQ,16588,11475,69.18
20,353,ARE&M,EQ,2940610,444288,15.11
20,354,ARHAM,SM,31000,21000,67.74
20,355,ARIES,EQ,130900,38981,29.78
20,356,ARIHANTACA,ST,800,800,100.00
20,357,ARIHANTCAP,EQ,717981,259348,36.12
20,358,ARIHANTSUP,EQ,187429,74273,39.63
20,359,ARISTO,SM,30400,25600,84.21
20,360,ARKADE,EQ,715239,179226,25.06
20,361,ARMANFIN,EQ,48938,27455,56.10
20,362,AROGRANITE,EQ,21015,13728,65.32
20,363,ARROWGREEN,EQ,193431,87148,45.05
20,364,ARTEMISMED,EQ,166279,84696,50.94
20,365,ARVEE,EQ,12222,6160,50.40
20,366,ARVIND,EQ,3209402,586891,18.29
20,367,ARVINDFASN,EQ,544340,257674,47.34
20,368,ARVSMART,EQ,601165,127594,21.22
20,369,ASAHIINDIA,EQ,81629,20258,24.82
20,370,ASAL,EQ,26871,10292,38.30
20,371,ASALCBR,EQ,79825,41690,52.23
20,372,ASHALOG,SM,5000,5000,100.00
20,373,ASHAPURMIN,EQ,2406098,1207008,50.16
20,374,ASHIANA,EQ,70757,29709,41.99
20,375,ASHOKA,EQ,1457815,408787,28.04
20,376,ASHOKLEY,EQ,8070729,4145815,51.37
20,377,ASIANENE,EQ,129202,77343,59.86
20,378,ASIANHOTNR,EQ,4492,2870,63.89
20,379,ASIANPAINT,EQ,504961,228483,45.25
20,380,ASIANTILES,EQ,670023,174056,25.98
20,381,ASKAUTOLTD,EQ,194828,106079,54.45
20,382,ASLIND,SM,2000,2000,100.00
20,383,ASMS,EQ,396558,163110,41.13
20,384,ASPINWALL,EQ,2311,1420,61.45
20,385,ASPIRE,SM,8000,6000,75.00
20,386,ASTEC,EQ,78243,52733,67.40
20,387,ASTERDM,EQ,1131394,358182,31.66
20,388,ASTRAL,EQ,362060,194068,53.60
20,389,ASTRAMICRO,EQ,188619,73311,38.87
20,390,ASTRAZEN,EQ,8448,2274,26.92
20,391,ASTRON,EQ,77590,29785,38.39
20,392,ATALREAL,EQ,2219607,1334978,60.14
20,393,ATAM,EQ,31851,14728,46.24
20,394,ATFL,EQ,75619,41018,54.24
20,395,ATGL,EQ,768387,166603,21.68
20,396,ATL,EQ,343581,132212,38.48
20,397,ATMASTCO,ST,60800,58400,96.05
20,398,ATUL,EQ,97814,37317,38.15
20,399,ATULAUTO,EQ,130900,74092,56.60
20,400,AUBANK,EQ,3367259,1061026,31.51
20,401,AURDIS,SM,3125,2500,80.00
20,402,AURIONPRO,EQ,48458,25785,53.21
20,403,AUROIMPEX,SM,6400,4800,75.00
20,404,AUROPHARMA,EQ,1258823,704657,55.98
20,405,AURUMPP1,X1,1853,1753,94.60
20,406,AUSL,SM,4000,4000,100.00
20,407,AUSOMENT,EQ,13490,13490,100.00
20,408,AUTOAXLES,EQ,3480,1932,55.52
20,409,AUTOBEES,EQ,209461,102422,48.90
20,410,AUTOIETF,EQ,3297577,2628854,79.72
20,411,AUTOIND,EQ,212059,74387,35.08
20,412,AVADHSUGAR,EQ,71367,23777,33.32
20,413,AVALON,EQ,125447,38648,30.81
20,414,AVANTEL,EQ,709516,281889,39.73
20,415,AVANTIFEED,EQ,229542,67493,29.40
20,416,AVG,EQ,25543,14224,55.69
20,417,AVIANSH,SM,8000,8000,100.00
20,418,AVPINFRA,ST,108800,100800,92.65
20,419,AVTNPL,EQ,188139,70290,37.36
20,420,AWFIS,EQ,73649,19237,26.12
20,421,AWHCL,EQ,169163,55306,32.69
20,422,AWL,EQ,1831305,557194,30.43
20,423,AXISBANK,EQ,8572243,4910550,57.28
20,424,AXISBNKETF,EQ,17297,17226,99.59
20,425,AXISBPSETF,EQ,97425,94861,97.37
20,426,AXISCADES,EQ,42474,15837,37.29
20,427,AXISCETF,EQ,2553,2104,82.41
20,428,AXISGOLD,EQ,1260154,1152305,91.44
20,429,AXISHCETF,EQ,2335,1706,73.06
20,430,AXISILVER,EQ,192433,176551,91.75
20,431,AXISNIFTY,EQ,3737,3316,88.73
20,432,AXISTECETF,EQ,789,539,68.31
20,433,AXITA,EQ,1673248,532466,31.82
20,434,AXSENSEX,EQ,7667,4374,57.05
20,435,AZAD,EQ,70204,27288,38.87
20,436,BABAFP,SM,9600,6400,66.67
20,437,BAGFILMS,EQ,580282,301260,51.92
20,438,BAHETI,SM,9000,4500,50.00
20,439,BAJAJ-AUTO,EQ,340768,146635,43.03
20,440,BAJAJCON,EQ,191008,88309,46.23
20,441,BAJAJELEC,EQ,26775,10482,39.15
20,442,BAJAJFINSV,EQ,653158,298672,45.73
20,443,BAJAJHCARE,EQ,67689,42055,62.13
20,444,BAJAJHFL,EQ,14815998,6265944,42.29
20,445,BAJAJHIND,EQ,10854683,3607686,33.24
20,446,BAJAJHLDNG,EQ,18055,9513,52.69
20,447,BAJEL,EQ,187809,65312,34.78
20,448,BAJFINANCE,EQ,714981,288191,40.31
20,449,BALAJEE,EQ,135603,55197,40.70
20,450,BALAMINES,EQ,37934,14555,38.37
20,451,BALAXI,EQ,79414,10290,12.96
20,452,BALCO,ST,1200,1200,100.00
20,453,BALKRISHNA,EQ,221605,77975,35.19
20,454,BALKRISIND,EQ,210522,74362,35.32
20,455,BALMLAWRIE,EQ,270111,97892,36.24
20,456,BALRAMCHIN,EQ,986628,391087,39.64
20,457,BALUFORGE,EQ,621635,254512,40.94
20,458,BANARBEADS,EQ,82021,24610,30.00
20,459,BANARISUG,EQ,1613,612,37.94
20,460,BANCOINDIA,EQ,76223,23074,30.27
20,461,BANDHANBNK,EQ,43360345,11175750,25.77
20,462,BANG,EQ,9293,5625,60.53
20,463,BANKA,EQ,8599,4390,51.05
20,464,BANKBARODA,EQ,34626442,12593930,36.37
20,465,BANKBEES,EQ,607998,317035,52.14
20,466,BANKBETF,EQ,50382,37936,75.30
20,467,BANKETF,EQ,4804,3404,70.86
20,468,BANKETFADD,EQ,38221,35242,92.21
20,469,BANKIETF,EQ,374908,212797,56.76
20,470,BANKINDIA,EQ,6797633,2763473,40.65
20,471,BANKNIFTY1,EQ,653247,624926,95.66
20,472,BANKPSU,EQ,373954,372449,99.60
20,473,BANSALWIRE,EQ,127200,49325,38.78
20,474,BANSWRAS,EQ,31410,18210,57.98
20,475,BARBEQUE,EQ,92420,38963,42.16
20,476,BASF,EQ,23967,8518,35.54
20,477,BASILIC,SM,43500,30900,71.03
20,478,BATAINDIA,EQ,98764,18558,18.79
20,479,BAWEJA,SM,12800,10400,81.25
20,480,BAYERCROP,EQ,9462,3809,40.26
20,481,BBETF0432,EQ,1463,1283,87.70
20,482,BBL,EQ,18017,9897,54.93
20,483,BBNPNBETF,EQ,4122,1775,43.06
20,484,BBNPPGOLD,EQ,214,130,60.75
20,485,BBOX,EQ,221581,128793,58.12
20,486,BBTC,EQ,145698,32072,22.01
20,487,BBTCL,EQ,4775,2011,42.12
20,488,BCLIND,EQ,1433905,452196,31.54
20,489,BCONCEPTS,EQ,17339,9595,55.34
20,490,BDL,EQ,446068,196431,44.04
20,491,BEACON,SM,12000,10000,83.33
20,492,BEARDSELL,EQ,42287,21392,50.59
20,493,BECTORFOOD,EQ,164722,54756,33.24
20,494,BEDMUTHA,EQ,30554,13650,44.68
20,495,BEL,EQ,24479817,7687909,31.41
20,496,BEML,EQ,146121,34805,23.82
20,497,BEPL,EQ,1261012,454447,36.04
20,498,BERGEPAINT,EQ,427883,108698,25.40
20,499,BESTAGRO,EQ,70981,29943,42.18
20,500,BETA,SM,4800,4000,83.33
20,501,BEWLTD,SM,7000,3500,50.00
20,502,BFINVEST,EQ,78432,31909,40.68
20,503,BFSI,EQ,224561,133133,59.29
20,504,BGRENERGY,EQ,538577,372909,69.24
20,505,BHAGCHEM,EQ,252753,173263,68.55
20,506,BHAGYANGR,EQ,82456,40081,48.61
20,507,BHANDARI,EQ,447045,272771,61.02
20,508,BHARATFORG,EQ,1700514,1045096,61.46
20,509,BHARATGEAR,EQ,16108,8775,54.48
20,510,BHARATRAS,EQ,4177,982,23.51
20,511,BHARATWIRE,EQ,192412,98567,51.23
20,512,BHARTIARTL,EQ,2811651,1643597,58.46
20,513,BHARTIHEXA,EQ,282542,167861,59.41
20,514,BHEL,EQ,57158451,8564637,14.98
20,515,BHINVIT,IV,55856,41150,73.67
20,516,BIGBLOC,EQ,299908,98371,32.80
20,517,BIKAJI,EQ,565515,207395,36.67
20,518,BIKEWO,SM,64000,56000,87.50
20,519,BIOCON,EQ,1994728,773511,38.78
20,520,BIOFILCHEM,EQ,35286,17549,49.73
20,521,BIRDYS,SM,2400,0,0.00
20,522,BIRET,RR,260303,244698,94.01
20,523,BIRLACABLE,EQ,53395,24461,45.81
20,524,BIRLACORPN,EQ,73125,35110,48.01
20,525,BLAL,EQ,105218,60034,57.06
20,526,BLBLIMITED,EQ,41242,22519,54.60
20,527,BLISSGVS,EQ,1027088,398956,38.84
20,528,BLKASHYAP,EQ,357335,164309,45.98
20,529,BLS,EQ,1588197,412204,25.95
20,530,BLSE,EQ,133943,48238,36.01
20,531,BLUEDART,EQ,12470,2466,19.78
20,532,BLUEJET,EQ,41651,19151,45.98
20,533,BLUEPEBBLE,SM,25600,19200,75.00
20,534,BLUESTARCO,EQ,191744,97791,51.00
20,535,BMETRICS,SM,16800,11200,66.67
20,536,BODALCHEM,EQ,294863,124035,42.07
20,537,BOMDYEING,EQ,2160746,676007,31.29
20,538,BOROLTD,EQ,173882,85054,48.91
20,539,BORORENEW,EQ,214929,71509,33.27
20,540,BOROSCI,EQ,70080,32019,45.69
20,541,BOSCHLTD,EQ,9154,2215,24.20
20,542,BOSS,SM,144000,54000,37.50
20,543,BPCL,EQ,13299872,6038860,45.41
20,544,BPL,EQ,79730,35720,44.80
20,545,BRACEPORT,SM,12800,9600,75.00
20,546,BRIGADE,EQ,523820,414210,79.07
20,547,BRIGHT,SZ,15000,15000,100.00
20,548,BRITANNIA,EQ,131887,59330,44.99
20,549,BRNL,EQ,68331,17841,26.11
20,550,BSE,EQ,1776346,275364,15.50
20,551,BSE500IETF,EQ,264125,148630,56.27
20,552,BSHSL,EQ,12315,5385,43.73
20,553,BSL,EQ,41652,21535,51.70
20,554,BSLGOLDETF,EQ,48263,27517,57.01
20,555,BSLNIFTY,EQ,280244,158589,56.59
20,556,BSLSENETFG,EQ,805,507,62.98
20,557,BSOFT,EQ,1080447,393622,36.43
20,558,BTML,EQ,780470,628200,80.49
20,559,BULKCORP,SM,2400,2400,100.00
20,560,BUTTERFLY,EQ,11345,4697,41.40
20,561,BVCL,EQ,64336,26015,40.44
20,562,BYKE,EQ,55491,34494,62.16
20,563,CAGL27A,N6,50,50,100.00
20,564,CAMLINFINE,EQ,389247,111414,28.62
20,565,CAMPUS,EQ,348068,97113,27.90
20,566,CAMS,EQ,386326,97242,25.17
20,567,CANARYS,SM,92000,60000,65.22
20,568,CANBK,EQ,55924681,24024099,42.96
20,569,CANFINHOME,EQ,485963,176744,36.37
20,570,CANTABIL,EQ,116736,42030,36.00
20,571,CAPACITE,EQ,1252745,415431,33.16
20,572,CAPITALSFB,EQ,14978,9771,65.24
20,573,CAPLIPOINT,EQ,66754,24056,36.04
20,574,CARBORUNIV,EQ,88254,53292,60.38
20,575,CARERATING,EQ,328600,88225,26.85
20,576,CARTRADE,EQ,840286,201888,24.03
20,577,CARYSIL,EQ,62363,25039,40.15
20,578,CASTROLIND,EQ,2351996,830437,35.31
20,579,CBAZAAR,SM,8000,8000,100.00
20,580,CCL,EQ,63992,23107,36.11
20,581,CDSL,EQ,7146725,1363337,19.08
20,582,CEATLTD,EQ,103064,26167,25.39
20,583,CEIGALL,EQ,146970,75691,51.50
20,584,CELEBRITY,EQ,46393,31534,67.97
20,585,CELLECOR,ST,918000,798000,86.93
20,586,CELLO,EQ,101953,46741,45.85
20,587,CELLPOINT,SM,8400,4800,57.14
20,588,CENTENKA,EQ,34761,17076,49.12
20,589,CENTRALBK,EQ,8051220,2060863,25.60
20,590,CENTRUM,EQ,324568,146494,45.14
20,591,CENTUM,EQ,6761,2796,41.35
20,592,CENTURYPLY,EQ,48196,16495,34.22
20,593,CERA,EQ,17641,8650,49.03
20,594,CESC,EQ,4221615,2098342,49.70
20,595,CGCL,EQ,121596,32929,27.08
20,596,CGPOWER,EQ,3290963,1722301,52.33
20,597,CGRAPHICS,SM,136000,72000,52.94
20,598,CHALET,EQ,256796,117031,45.57
20,599,CHAMBLFERT,EQ,3387242,1498693,44.25
20,600,CHAVDA,SM,61000,35000,57.38
20,601,CHEMBOND,EQ,14326,6730,46.98
20,602,CHEMCON,EQ,28342,13749,48.51
20,603,CHEMFAB,EQ,10258,5707,55.63
20,604,CHEMPLASTS,EQ,120627,72948,60.47
20,605,CHENNPETRO,EQ,1476734,455011,30.81
20,606,CHETANA,SM,99200,81600,82.26
20,607,CHEVIOT,EQ,18868,4634,24.56
20,608,CHOICEIN,EQ,475799,111354,23.40
20,609,CHOLAFIN,EQ,5699062,3374219,59.21
20,610,CHOLAHLDNG,EQ,288720,184708,63.97
20,611,CIEINDIA,EQ,166190,113232,68.13
20,612,CIFCZC26A,N3,5,5,100.00
20,613,CIGNITITEC,EQ,348736,208035,59.65
20,614,CINELINE,EQ,28020,11696,41.74
20,615,CINEVISTA,EQ,30754,22237,72.31
20,616,CIPLA,EQ,928896,463456,49.89
20,617,CLEAN,EQ,73146,27221,37.21
20,618,CLOUD,ST,148000,128000,86.49
20,619,CLSEL,EQ,178579,86636,48.51
20,620,CLSL,SM,24000,10000,41.67
20,621,CMMIPL,ST,6000,6000,100.00
20,622,CMNL,ST,27000,27000,100.00
20,623,CMRSL,SM,2400,2400,100.00
20,624,CMSINFO,EQ,2695759,1386066,51.42
20,625,COALINDIA,EQ,21378247,6224089,29.11
20,626,COASTCORP,EQ,8178,4979,60.88
20,627,COFORGE,EQ,425352,128343,30.17
20,628,COLPAL,EQ,456926,220934,48.35
20,629,COMMITTED,SM,6400,6400,100.00
20,630,COMMOIETF,EQ,54238,27241,50.22
20,631,COMPUSOFT,EQ,33090,22772,68.82
20,632,COMSYN,EQ,63242,12232,19.34
20,633,CONCOR,EQ,1753958,1025865,58.49
20,634,CONCORDBIO,EQ,53402,21671,40.58
20,635,CONFIPET,EQ,416270,110031,26.43
20,636,CONS,EQ,36070,33043,91.61
20,637,CONSOFINVT,EQ,7347,2998,40.81
20,638,CONSUMBEES,EQ,113684,66611,58.59
20,639,CONSUMIETF,EQ,27044,17385,64.28
20,640,CONTI,ST,3333,3333,100.00
20,641,CONTROLPR,EQ,31268,19014,60.81
20,642,COOLCAPS,ST,16000,14250,89.06
20,643,CORDSCABLE,EQ,20171,9810,48.63
20,644,COROMANDEL,EQ,262830,92121,35.05
20,645,COSMOFIRST,EQ,80362,49178,61.20
20,646,COUNCODOS,EQ,212905,127232,59.76
20,647,CPS,ST,2400,1800,75.00
20,648,CPSEETF,EQ,4873604,3051513,62.61
20,649,CRAFTSMAN,EQ,55330,18412,33.28
20,650,CRAYONS,SM,17000,13000,76.47
20,651,CREATIVE,EQ,29698,18332,61.73
20,652,CREDITACC,EQ,1370303,622574,45.43
20,653,CREST,EQ,32875,13287,40.42
20,654,CRISIL,EQ,119033,40110,33.70
20,655,CROMPTON,EQ,2065494,1190824,57.65
20,656,CSBBANK,EQ,206001,100381,48.73
20,657,CSLFINANCE,EQ,16872,8665,51.36
20,658,CUB,EQ,18024889,7563163,41.96
20,659,CUBEXTUB,EQ,12320,9217,74.81
20,660,CUMMINSIND,EQ,576259,289890,50.31
20,661,CUPID,EQ,162664,120094,73.83
20,662,CYBERMEDIA,EQ,93920,22355,23.80
20,663,CYIENT,EQ,242808,83459,34.37
20,664,CYIENTDLM,EQ,282160,149743,53.07
20,665,DABUR,EQ,1750115,863027,49.31
20,666,DALBHARAT,EQ,121298,59042,48.68
20,667,DALMIASUG,EQ,88676,22872,25.79
20,668,DAMODARIND,EQ,20482,9528,46.52
20,669,DANGEE,EQ,213589,118555,55.51
20,670,DATAMATICS,EQ,52439,23654,45.11
20,671,DATAPATTNS,EQ,158182,50926,32.19
20,672,DAVANGERE,EQ,2268194,897893,39.59
20,673,DBCORP,EQ,245649,93548,38.08
20,674,DBEIL,EQ,7640370,3051600,39.94
20,675,DBL,EQ,130674,37072,28.37
20,676,DBOL,EQ,86354,39701,45.97
20,677,DBREALTY,EQ,2400449,1146919,47.78
20,678,DBSTOCKBRO,EQ,28612,9608,33.58
20,679,DCAL,EQ,221387,80451,36.34
20,680,DCBBANK,EQ,2661828,1025491,38.53
20,681,DCG,SM,52800,25200,47.73
20,682,DCI,EQ,22005,9567,43.48
20,683,DCMNVL,EQ,23246,8027,34.53
20,684,DCMSHRIRAM,EQ,43579,25018,57.41
20,685,DCMSRIND,EQ,163195,91979,56.36
20,686,DCW,EQ,2662796,840581,31.57
20,687,DCXINDIA,EQ,321629,216812,67.41
20,688,DECCANCE,EQ,12269,8648,70.49
20,689,DECCANTRAN,SM,99600,82800,83.13
20,690,DEEDEV,EQ,116895,54773,46.86
20,691,DEEM,SM,25000,23000,92.00
20,692,DEEPAKFERT,EQ,1799972,341746,18.99
20,693,DEEPAKNTR,EQ,126271,41336,32.74
20,694,DEEPINDS,EQ,297324,121233,40.77
20,695,DELAPLEX,SM,7200,6600,91.67
20,696,DELHIVERY,EQ,1648555,1118304,67.84
20,697,DELPHIFX,EQ,8341,4520,54.19
20,698,DELTACORP,EQ,1070369,371161,34.68
20,699,DELTAMAGNT,EQ,16567,11470,69.23
20,700,DEN,EQ,1327764,575512,43.34
20,701,DENEERS,SM,1200,0,0.00
20,702,DENORA,EQ,16341,6802,41.63
20,703,DENTALKART,SM,26000,19000,73.08
20,704,DESTINY,ST,3000,3000,100.00
20,705,DEVIT,EQ,35682,16089,45.09
20,706,DEVYANI,EQ,756491,322507,42.63
20,707,DHAMPURSUG,EQ,241559,67998,28.15
20,708,DHANBANK,EQ,551284,210966,38.27
20,709,DHANI,EQ,2616504,913302,34.91
20,710,DHANUKA,EQ,22320,8513,38.14
20,711,DHARIWAL,SM,13200,8400,63.64
20,712,DHARMAJ,EQ,95807,35566,37.12
20,713,DHRUV,EQ,27841,19735,70.88
20,714,DHUNINV,EQ,6349,2968,46.75
20,715,DIAMINESQ,EQ,3465,2022,58.35
20,716,DIAMONDYD,EQ,42827,18078,42.21
20,717,DIFFNKG,EQ,2149731,862533,40.12
20,718,DIGIDRIVE,EQ,43381,21265,49.02
20,719,DIGIKORE,SM,13800,8000,57.97
20,720,DIL,EQ,462092,246917,53.43
20,721,DISHTV,EQ,8379715,2653574,31.67
20,722,DIVGIITTS,EQ,14839,8085,54.48
20,723,DIVISLAB,EQ,391605,225996,57.71
20,724,DIVOPPBEES,EQ,59749,35582,59.55
20,725,DIVYADHAN,SM,6000,6000,100.00
20,726,DIXON,EQ,1008644,156151,15.48
20,727,DKEGL,SM,3000,3000,100.00
20,728,DLF,EQ,12404776,3671794,29.60
20,729,DLINKINDIA,EQ,234706,76244,32.48
20,730,DMART,EQ,297228,175563,59.07
20,731,DMCC,EQ,208390,69221,33.22
20,732,DODLA,EQ,41645,22934,55.07
20,733,DOLATALGO,EQ,571705,259470,45.39
20,734,DOLLAR,EQ,50674,23296,45.97
20,735,DOLLEX,SM,56000,24000,42.86
20,736,DOMS,EQ,66748,19721,29.55
20,737,DPABHUSHAN,EQ,80985,20538,25.36
20,738,DPEL,SM,21000,15000,71.43
20,739,DPSCLTD,EQ,623278,301933,48.44
20,740,DPWIRES,EQ,147928,68121,46.05
20,741,DRCSYSTEMS,EQ,104864,62187,59.30
20,742,DREAMFOLKS,EQ,69562,36511,52.49
20,743,DREDGECORP,EQ,26137,13088,50.07
20,744,DRONE,ST,116000,116000,100.00
20,745,DRREDDY,EQ,829374,430032,51.85
20,746,DSSL,EQ,39376,17110,43.45
20,747,DTIL,EQ,10200,3497,34.28
20,748,DTL,SM,16800,15600,92.86
20,749,DUCOL,SM,5600,3200,57.14
20,750,DUCON,EQ,281687,196187,69.65
20,751,DUGLOBAL,SM,15000,15000,100.00
20,752,DURLAX,SM,54000,38000,70.37
20,753,DVL,EQ,42757,21566,50.44
20,754,DWARKESH,EQ,3749092,729318,19.45
20,755,DYCL,EQ,1085933,208173,19.17
20,756,DYNAMATECH,EQ,7596,2701,35.56
20,757,DYNAMIC,ST,41000,30000,73.17
20,758,EASEMYTRIP,EQ,15112941,3504176,23.19
20,759,EBANKNIFTY,EQ,1639,997,60.83
20,760,EBBETF0425,EQ,4368,4331,99.15
20,761,EBBETF0430,EQ,8625,8261,95.78
20,762,EBBETF0431,EQ,4479,4005,89.42
20,763,EBBETF0433,EQ,5224,3647,69.81
20,764,ECLERX,EQ,117405,56338,47.99
20,765,ECOSMOBLTY,EQ,314815,104666,33.25
20,766,EDELWEISS,EQ,3421938,1602366,46.83
20,767,EFACTOR,SM,16800,14400,85.71
20,768,EFFWA,ST,286400,257600,89.94
20,769,EFORCE,SM,34800,20400,58.62
20,770,EGOLD,EQ,98382,89085,90.55
20,771,EICHERMOT,EQ,989928,655821,66.25
20,772,EIDPARRY,EQ,229486,103900,45.28
20,773,EIHAHOTELS,EQ,21963,11819,53.81
20,774,EIHOTEL,EQ,1040862,563514,54.14
20,775,EIMCOELECO,EQ,8984,4972,55.34
20,776,EKC,EQ,794230,248297,31.26
20,777,ELDEHSG,EQ,2204,1600,72.60
20,778,ELECON,EQ,851004,450235,52.91
20,779,ELECTCAST,EQ,2379865,1059124,44.50
20,780,ELGIEQUIP,EQ,116885,59993,51.33
20,781,ELGIRUBCO,EQ,50232,22699,45.19
20,782,ELIN,EQ,87639,35635,40.66
20,783,EMAMILTD,EQ,247943,125759,50.72
20,784,EMAMIPAP,EQ,58284,20519,35.21
20,785,EMAMIREAL,EQ,27273,17076,62.61
20,786,EMBASSY,RR,590034,548438,92.95
20,787,EMBDL,EQ,7201642,2705230,37.56
20,788,EMCURE,EQ,62247,34410,55.28
20,789,EMIL,EQ,518392,276142,53.27
20,790,EMMBI,EQ,45405,22323,49.16
20,791,EMMIL,SM,128000,104000,81.25
20,792,EMSLIMITED,EQ,198192,90059,45.44
20,793,EMUDHRA,EQ,95548,27422,28.70
20,794,ENDURANCE,EQ,43605,24077,55.22
20,795,ENERGYDEV,EQ,39893,24571,61.59
20,796,ENFUSE,SM,24000,19200,80.00
20,797,ENGINERSIN,EQ,3155148,1014768,32.16
20,798,ENIL,EQ,32832,16515,50.30
20,799,ENSER,ST,4000,4000,100.00
20,800,ENTERO,EQ,10864,5099,46.93
20,801,ENVIRO,SM,210000,126000,60.00
20,802,EPIGRAL,EQ,82991,26920,32.44
20,803,EPL,EQ,642412,242198,37.70
20,804,EQUAL50ADD,EQ,21664,19174,88.51
20,805,EQUITASBNK,EQ,2329031,1033135,44.36
20,806,ERIS,EQ,63340,33029,52.15
20,807,ESABINDIA,EQ,2281,1098,48.14
20,808,ESAFSFB,EQ,930329,444844,47.82
20,809,ESCONET,ST,20000,20000,100.00
20,810,ESCORTS,EQ,192702,65833,34.16
20,811,ESFL,ST,201000,199800,99.40
20,812,ESG,EQ,8658,4891,56.49
20,813,ESILVER,EQ,162411,161299,99.32
20,814,ESPRIT,SM,107200,86400,80.60
20,815,ESTER,EQ,362303,136446,37.66
20,816,ETHOSLTD,EQ,24114,10515,43.61
20,817,EUREKAFORB,EQ,88532,46511,52.54
20,818,EVEREADY,EQ,183620,69150,37.66
20,819,EVERESTIND,EQ,7847,4234,53.96
20,820,EVINDIA,EQ,575042,431680,75.07
20,821,EXCEL,EQ,8910926,3715121,41.69
20,822,EXCELINDUS,EQ,14237,8371,58.80
20,823,EXCELLENT,SM,3200,3200,100.00
20,824,EXICOM,EQ,329652,194196,58.91
20,825,EXIDEIND,EQ,2920122,746033,25.55
20,826,EXPLEOSOL,EQ,24056,19664,81.74
20,827,EXXARO,EQ,143988,38505,26.74
20,828,FACT,EQ,258480,41487,16.05
20,829,FAIRCHEMOR,EQ,81934,45934,56.06
20,830,FALCONTECH,SM,6000,4800,80.00
20,831,FAZE3Q,EQ,11122,4856,43.66
20,832,FCL,EQ,174764,52112,29.82
20,833,FCSSOFT,EQ,2973514,1389500,46.73
20,834,FDC,EQ,79191,31211,39.41
20,835,FEDERALBNK,EQ,15752834,5658467,35.92
20,836,FEDFINA,EQ,381244,189324,49.66
20,837,FELIX,ST,61000,58000,95.08
20,838,FIDEL,SM,6000,5000,83.33
20,839,FIEMIND,EQ,46870,23744,50.66
20,840,FILATEX,EQ,753253,221249,29.37
20,841,FINCABLES,EQ,116953,44385,37.95
20,842,FINEORG,EQ,16229,5827,35.90
20,843,FINIETF,EQ,91951,57089,62.09
20,844,FINOPB,EQ,103608,37972,36.65
20,845,FINPIPE,EQ,976759,341469,34.96
20,846,FIRSTCRY,EQ,127702,47851,37.47
20,847,FIVESTAR,EQ,1849434,1280124,69.22
20,848,FLAIR,EQ,885616,858508,96.94
20,849,FLUOROCHEM,EQ,124972,49606,39.69
20,850,FMCGIETF,EQ,667675,570260,85.41
20,851,FMGOETZE,EQ,55047,20462,37.17
20,852,FOCE,ST,200,200,100.00
20,853,FOODSIN,EQ,127166,47589,37.42
20,854,FORCAS,SM,6400,6400,100.00
20,855,FORCEMOT,EQ,43073,16630,38.61
20,856,FORGEAUTO,SM,7200,7200,100.00
20,857,FORTIS,EQ,1035581,401069,38.73
20,858,FOSECOIND,EQ,2311,727,31.46
20,859,FRESHARA,ST,597600,585600,97.99
20,860,FROG,SM,31600,22400,70.89
20,861,FSL,EQ,25947633,4280112,16.50
20,862,FUSION,EQ,355127,157924,44.47
20,863,GABRIEL,EQ,210217,69814,33.21
20,864,GAEL,EQ,1224018,384597,31.42
20,865,GAIL,EQ,12266987,6543150,53.34
20,866,GAJANAND,ST,27000,24000,88.89
20,867,GALAPREC,EQ,64107,19989,31.18
20,868,GALAXYSURF,EQ,13319,5570,41.82
20,869,GANDHAR,EQ,518446,167799,32.37
20,870,GANDHITUBE,EQ,3109,2336,75.14
20,871,GANECOS,EQ,73409,34981,47.65
20,872,GANESHBE,EQ,104933,43208,41.18
20,873,GANESHHOUC,EQ,173971,73894,42.47
20,874,GANGAFORGE,EQ,193629,125615,64.87
20,875,GANGESSECU,EQ,15641,6907,44.16
20,876,GARFIBRES,EQ,11222,4101,36.54
20,877,GARUDA,EQ,1131627,438336,38.74
20,878,GATEWAY,EQ,1681763,434479,25.83
20,879,GEECEE,EQ,58299,9980,17.12
20,880,GENCON,EQ,179596,81143,45.18
20,881,GENESYS,EQ,397249,152382,38.36
20,882,GENSOL,EQ,330421,191277,57.89
20,883,GENUSPAPER,EQ,573887,148332,25.85
20,884,GENUSPOWER,EQ,733807,322511,43.95
20,885,GEOJITFSL,EQ,788206,305495,38.76
20,886,GEPIL,EQ,229026,120321,52.54
20,887,GESHIP,EQ,397622,215307,54.15
20,888,GGBL,SM,67200,45000,66.96
20,889,GHCL,EQ,123851,56698,45.78
20,890,GHCLTEXTIL,EQ,253739,119050,46.92
20,891,GICHSGFIN,EQ,142163,37217,26.18
20,892,GICL,SM,21000,15000,71.43
20,893,GICRE,EQ,418226,143682,34.36
20,894,GILLANDERS,EQ,5644,3259,57.74
20,895,GILLETTE,EQ,30254,18093,59.80
20,896,GILT5YBEES,EQ,241277,183924,76.23
20,897,GINNIFILA,EQ,42213,24765,58.67
20,898,GIPCL,EQ,343167,147614,43.02
20,899,GIRIRAJ,SM,1000,1000,100.00
20,900,GKWLIMITED,EQ,3013,2214,73.48
20,901,GLAND,EQ,71528,25687,35.91
20,902,GLAXO,EQ,101172,47573,47.02
20,903,GLENMARK,EQ,519784,246477,47.42
20,904,GLOBAL,EQ,33387,15579,46.66
20,905,GLOBALPET,SM,36000,33000,91.67
20,906,GLOBE,EQ,516873,418196,80.91
20,907,GLOBUSSPR,EQ,87130,27481,31.54
20,908,GLOSTERLTD,EQ,28657,6411,22.37
20,909,GLS,EQ,301709,186767,61.90
20,910,GMBREW,EQ,42280,13750,32.52
20,911,GMDCLTD,EQ,1866843,414219,22.19
20,912,GMMPFAUDLR,EQ,51512,25311,49.14
20,913,GMRINFRA,EQ,23819510,11741444,49.29
20,914,GMRP&UI,EQ,4047300,1967082,48.60
20,915,GNA,EQ,40287,20244,50.25
20,916,GNFC,EQ,529701,190764,36.01
20,917,GOACARBON,EQ,25029,8764,35.02
20,918,GOCLCORP,EQ,31933,16176,50.66
20,919,GOCOLORS,EQ,125700,55326,44.01
20,920,GODFRYPHLP,EQ,54187,14242,26.28
20,921,GODHA,EQ,3276208,2242265,68.44
20,922,GODIGIT,EQ,1096612,668549,60.96
20,923,GODREJAGRO,EQ,379584,184064,48.49
20,924,GODREJCP,EQ,911104,541337,59.42
20,925,GODREJIND,EQ,91037,37887,41.62
20,926,GODREJPROP,EQ,628407,237134,37.74
20,927,GOKEX,EQ,47735,17172,35.97
20,928,GOKUL,EQ,160338,66169,41.27
20,929,GOKULAGRO,EQ,211236,99520,47.11
20,930,GOLD1,EQ,2431343,1761339,72.44
20,931,GOLDBEES,EQ,13640432,8294353,60.81
20,932,GOLDCASE,EQ,1339085,1227594,91.67
20,933,GOLDETF,EQ,654694,578716,88.39
20,934,GOLDETFADD,EQ,73858,71056,96.21
20,935,GOLDIAM,EQ,644744,191285,29.67
20,936,GOLDIETF,EQ,4780413,2865193,59.94
20,937,GOLDKART,ST,1250,1250,100.00
20,938,GOLDSHARE,EQ,1120914,1067594,95.24
20,939,GOLDSTAR,SM,101250,67500,66.67
20,940,GOODLUCK,EQ,264536,139709,52.81
20,941,GOPAL,EQ,276805,82685,29.87
20,942,GOYALALUM,EQ,172139,89736,52.13
20,943,GOYALSALT,SM,34200,27600,80.70
20,944,GPECO,SM,199200,135600,68.07
20,945,GPIL,EQ,3202578,1176305,36.73
20,946,GPPL,EQ,1038687,433216,41.71
20,947,GPTHEALTH,EQ,355868,176437,49.58
20,948,GPTINFRA,EQ,102905,72291,70.25
20,949,GRANULES,EQ,1363935,572702,41.99
20,950,GRAPHISAD,ST,26400,24000,90.91
20,951,GRAPHITE,EQ,469365,107588,22.92
20,952,GRASIM,EQ,763794,497475,65.13
20,953,GRASIMPP1,E1,13117,11975,91.29
20,954,GRAVITA,EQ,377025,223631,59.31
20,955,GREAVESCOT,EQ,1995118,608206,30.48
20,956,GREENCHEF,SM,12000,10400,86.67
20,957,GREENLAM,EQ,13702,5676,41.42
20,958,GREENPANEL,EQ,105097,45128,42.94
20,959,GREENPLY,EQ,469796,144554,30.77
20,960,GREENPOWER,EQ,7654643,2086176,27.25
20,961,GRINDWELL,EQ,69382,39317,56.67
20,962,GRINFRA,EQ,15943,5583,35.02
20,963,GRMOVER,EQ,190177,77996,41.01
20,964,GROWWDEFNC,EQ,179576,146145,81.38
20,965,GROWWEV,EQ,745874,586441,78.62
20,966,GROWWGOLD,EQ,163030,99681,61.14
20,967,GROWWLIQID,EQ,448829,434026,96.70
20,968,GRPLTD,EQ,2009,1542,76.75
20,969,GRSE,EQ,641421,189252,29.51
20,970,GRWRHITECH,EQ,52720,22498,42.67
20,971,GSEC10ABSL,EQ,30,30,100.00
20,972,GSEC10IETF,EQ,69,47,68.12
20,973,GSEC10YEAR,EQ,934,721,77.19
20,974,GSEC5IETF,EQ,21093,20397,96.70
20,975,GSFC,EQ,1072338,354910,33.10
20,976,GSLSU,EQ,67722,22856,33.75
20,977,GSMFOILS,ST,36000,32000,88.89
20,978,GSPL,EQ,609542,230220,37.77
20,979,GSS,EQ,12046,5718,47.47
20,980,GSTL,SM,12000,8000,66.67
20,981,GTL,EQ,960901,420687,43.78
20,982,GTLINFRA,EQ,156303794,53384765,34.15
20,983,GTPL,EQ,29376,17942,61.08
20,984,GUFICBIO,EQ,69463,22209,31.97
20,985,GUJALKALI,EQ,79442,27502,34.62
20,986,GUJGASLTD,EQ,667235,129501,19.41
20,987,GUJRAFFIA,EQ,1477,563,38.12
20,988,GULFOILLUB,EQ,190462,88059,46.23
20,989,GULFPETRO,EQ,268097,103756,38.70
20,990,GULPOLY,EQ,194063,86814,44.73
20,991,GVPTECH,EQ,36516,22102,60.53
20,992,HAL,EQ,1207398,504084,41.75
20,993,HAPPSTMNDS,EQ,341387,221205,64.80
20,994,HAPPYFORGE,EQ,33548,22201,66.18
20,995,HARDWYN,EQ,467305,229979,49.21
20,996,HARIOMPIPE,EQ,176078,61286,34.81
20,997,HARSHA,EQ,32401,15674,48.38
20,998,HATHWAY,EQ,2771899,987501,35.63
20,999,HATSUN,EQ,57504,34546,60.08
20,1000,HAVELLS,EQ,694254,396873,57.17
20,1001,HBLPOWER,EQ,794173,309685,38.99
20,1002,HCC,EQ,13539815,4461838,32.95
20,1003,HCG,EQ,202166,65567,32.43
20,1004,HCLTECH,EQ,2418907,1618138,66.90
20,1005,HDFCAMC,EQ,402585,206795,51.37
20,1006,HDFCBANK,EQ,11006071,6998364,63.59
20,1007,HDFCBSE500,EQ,57993,37841,65.25
20,1008,HDFCGOLD,EQ,5625164,3455108,61.42
20,1009,HDFCGROWTH,EQ,6804,5913,86.90
20,1010,HDFCLIFE,EQ,1448334,679265,46.90
20,1011,HDFCLIQUID,EQ,873,718,82.25
20,1012,HDFCLOWVOL,EQ,20813,14220,68.32
20,1013,HDFCMID150,EQ,317068,226984,71.59
20,1014,HDFCMOMENT,EQ,237881,156908,65.96
20,1015,HDFCNEXT50,EQ,152064,86208,56.69
20,1016,HDFCNIF100,EQ,198621,147043,74.03
20,1017,HDFCNIFBAN,EQ,56146,21720,38.68
20,1018,HDFCNIFIT,EQ,10083,5303,52.59
20,1019,HDFCNIFTY,EQ,46277,32942,71.18
20,1020,HDFCPSUBK,EQ,24835,17328,69.77
20,1021,HDFCPVTBAN,EQ,68923,51585,74.84
20,1022,HDFCQUAL,EQ,24734,17079,69.05
20,1023,HDFCSENSEX,EQ,30750,26273,85.44
20,1024,HDFCSILVER,EQ,1037960,632166,60.90
20,1025,HDFCSML250,EQ,705348,379966,53.87
20,1026,HDFCVALUE,EQ,9691,6895,71.15
20,1027,HEADSUP,EQ,34220,19831,57.95
20,1028,HEALTHADD,EQ,636,530,83.33
20,1029,HEALTHIETF,EQ,56932,29135,51.18
20,1030,HEALTHY,EQ,252467,145384,57.59
20,1031,HECPROJECT,EQ,18062,4310,23.86
20,1032,HEG,EQ,441314,123330,27.95
20,1033,HEIDELBERG,EQ,509677,182660,35.84
20,1034,HEMIPROP,EQ,426299,151124,35.45
20,1035,HERANBA,EQ,65423,28107,42.96
20,1036,HERCULES,EQ,56175,27233,48.48
20,1037,HERITGFOOD,EQ,880978,480394,54.53
20,1038,HEROMOTOCO,EQ,419927,200373,47.72
20,1039,HESTERBIO,EQ,37078,4619,12.46
20,1040,HEUBACHIND,EQ,88399,50731,57.39
20,1041,HFCL,EQ,14625084,3161253,21.62
20,1042,HGINFRA,EQ,117322,66330,56.54
20,1043,HGS,EQ,24420,11357,46.51
20,1044,HIGREEN,ST,31200,27200,87.18
20,1045,HIKAL,EQ,194124,78425,40.40
20,1046,HIL,EQ,8966,4933,55.02
20,1047,HILTON,EQ,297322,134673,45.30
20,1048,HIMATSEIDE,EQ,1950367,719717,36.90
20,1049,HINDALCO,EQ,2587719,1023297,39.54
20,1050,HINDCOMPOS,EQ,7585,3499,46.13
20,1051,HINDCON,EQ,61909,27777,44.87
20,1052,HINDCOPPER,EQ,10524921,2099724,19.95
20,1053,HINDOILEXP,EQ,656709,278337,42.38
20,1054,HINDPETRO,EQ,12990859,5155584,39.69
20,1055,HINDUNILVR,EQ,852829,457418,53.64
20,1056,HINDWAREAP,EQ,233405,125746,53.87
20,1057,HINDZINC,EQ,1853445,1028425,55.49
20,1058,HIRECT,EQ,34640,18270,52.74
20,1059,HISARMETAL,EQ,7776,3580,46.04
20,1060,HITECH,EQ,472070,153663,32.55
20,1061,HITECHCORP,EQ,23126,12558,54.30
20,1062,HLEGLAS,EQ,41555,20920,50.34
20,1063,HLVLTD,EQ,2424458,890864,36.74
20,1064,HMAAGRO,EQ,253774,120163,47.35
20,1065,HMVL,EQ,631895,141029,22.32
20,1066,HNDFDS,EQ,66118,27088,40.97
20,1067,HNGSNGBEES,EQ,130575,87600,67.09
20,1068,HOLMARC,SM,105000,72000,68.57
20,1069,HOMEFIRST,EQ,149144,58075,38.94
20,1070,HOMESFY,SM,300,300,100.00
20,1071,HONASA,EQ,333412,184654,55.38
20,1072,HONAUT,EQ,4034,1705,42.27
20,1073,HONDAPOWER,EQ,7626,1960,25.70
20,1074,HPAL,EQ,94448,49669,52.59
20,1075,HPIL,EQ,408,203,49.75
20,1076,HPL,EQ,466067,204682,43.92
20,1077,HRHNEXT,ST,9000,9000,100.00
20,1078,HSCL,EQ,1634849,542286,33.17
20,1079,HTMEDIA,EQ,426048,120815,28.36
20,1080,HUDCO,EQ,6266692,1976463,31.54
20,1081,HUHTAMAKI,EQ,230265,72099,31.31
20,1082,HVAX,SM,11100,8700,78.38
20,1083,HYUNDAI,EQ,1341337,847317,63.17
20,1084,IBLFL,ST,4000,4000,100.00
20,1085,ICCL25,NS,27,27,100.00
20,1086,ICDSLTD,EQ,2591,1670,64.45
20,1087,ICEMAKE,EQ,37480,18708,49.91
20,1088,ICICIB22,EQ,822547,641713,78.02
20,1089,ICICIBANK,EQ,24096412,14032225,58.23
20,1090,ICICIGI,EQ,691000,440563,63.76
20,1091,ICICIPRULI,EQ,596587,328583,55.08
20,1092,ICIL,EQ,198463,73544,37.06
20,1093,ICRA,EQ,4798,1670,34.81
20,1094,IDBI,EQ,9946295,2844531,28.60
20,1095,IDEA,EQ,687956967,145957281,21.22
20,1096,IDEAFORGE,EQ,169452,88532,52.25
20,1097,IDEALTECHO,SM,6000,4000,66.67
20,1098,IDFCFIRSTB,EQ,195250197,77119706,39.50
20,1099,IDFNIFTYET,EQ,1259,1220,96.90
20,1100,IEL,EQ,164069,125024,76.20
20,1101,IEML,SM,4000,2000,50.00
20,1102,IEX,EQ,10510684,3859375,36.72
20,1103,IFBAGRO,EQ,4125,1998,48.44
20,1104,IFBIND,EQ,199807,71738,35.90
20,1105,IFCI,EQ,10113032,3404831,33.67
20,1106,IFCIZC24,NI,158,158,100.00
20,1107,IFGLEXPOR,EQ,9550,4757,49.81
20,1108,IGARASHI,EQ,105413,44305,42.03
20,1109,IGL,EQ,1764945,691782,39.20
20,1110,IGPL,EQ,37719,13996,37.11
20,1111,IIFL,EQ,1686566,684719,40.60
20,1112,IIFLSEC,EQ,1141012,369351,32.37
20,1113,IIFLZC25A,NP,30,30,100.00
20,1114,IIFLZC25C,N8,25,25,100.00
20,1115,IIFLZC26,NN,115,115,100.00
20,1116,IIFLZC26A,NR,101,50,49.50
20,1117,IIFLZC28,NG,20,20,100.00
20,1118,IIFLZC28A,NU,30,25,83.33
20,1119,IIFLZC28C,N6,841,841,100.00
20,1120,IKIO,EQ,113654,55188,48.56
20,1121,IMAGICAA,EQ,1044717,361323,34.59
20,1122,IMC1,N0,21,10,47.62
20,1123,IMC1,N1,33,32,96.97
20,1124,IMC1,N2,10,10,100.00
20,1125,IMC1,N3,10,10,100.00
20,1126,IMFA,EQ,63758,33533,52.59
20,1127,IMPAL,EQ,3790,2495,65.83
20,1128,INDBANK,EQ,231246,88783,38.39
20,1129,INDGN,EQ,291957,171211,58.64
20,1130,INDHOTEL,EQ,3468888,1528030,44.05
20,1131,INDIACEM,EQ,931921,358463,38.46
20,1132,INDIAGLYCO,EQ,212094,91404,43.10
20,1133,INDIAMART,EQ,351753,149947,42.63
20,1134,INDIANB,EQ,8107810,2087231,25.74
20,1135,INDIANCARD,EQ,3861,2166,56.10
20,1136,INDIANHUME,EQ,50475,20871,41.35
20,1137,INDIASHLTR,EQ,134493,66077,49.13
20,1138,INDIGO,EQ,9138963,3573704,39.10
20,1139,INDIGOPNTS,EQ,253690,65867,25.96
20,1140,INDIGRID,IV,439075,353402,80.49
20,1141,INDNIPPON,EQ,6185,2606,42.13
20,1142,INDOAMIN,EQ,694178,268045,38.61
20,1143,INDOBORAX,EQ,72395,24234,33.47
20,1144,INDOCO,EQ,145159,92068,63.43
20,1145,INDORAMA,EQ,249637,151793,60.81
20,1146,INDOSTAR,EQ,91702,31083,33.90
20,1147,INDOUS,EQ,26189,20343,77.68
20,1148,INDOWIND,EQ,175601,104391,59.45
20,1149,INDRAMEDCO,EQ,220570,112439,50.98
20,1150,INDSWFTLTD,EQ,46950,26616,56.69
20,1151,INDTERRAIN,EQ,35117,17372,49.47
20,1152,INDUSINDBK,EQ,11099823,5088707,45.84
20,1153,INDUSTOWER,EQ,6060360,2299660,37.95
20,1154,INFIBEAM,EQ,8902535,3367941,37.83
20,1155,INFINIUM,ST,1500,1500,100.00
20,1156,INFOBEAN,EQ,274702,49495,18.02
20,1157,INFOLLION,SM,9600,8000,83.33
20,1158,INFRABEES,EQ,17903,9543,53.30
20,1159,INFRAIETF,EQ,123042,60497,49.17
20,1160,INFY,EQ,7018940,5571125,79.37
20,1161,INGERRAND,EQ,7544,3257,43.17
20,1162,INM,SM,1800,1200,66.67
20,1163,INNOMET,SM,43200,24000,55.56
20,1164,INNOVACAP,EQ,41934,20351,48.53
20,1165,INOXGREEN,EQ,2487733,735623,29.57
20,1166,INOXINDIA,EQ,51799,22733,43.89
20,1167,INOXWIND,EQ,21637497,5255122,24.29
20,1168,INSECTICID,EQ,24426,9777,40.03
20,1169,INSPIRE,SM,12000,10000,83.33
20,1170,INTELLECT,EQ,843261,315367,37.40
20,1171,INTERARCH,EQ,276003,97593,35.36
20,1172,INTLCONV,EQ,457319,100238,21.92
20,1173,INVENTURE,EQ,1865280,998623,53.54
20,1174,IOB,EQ,7375360,1704823,23.12
20,1175,IOC,EQ,21349891,8485609,39.75
20,1176,IOLCP,EQ,237002,81066,34.20
20,1177,IONEXCHANG,EQ,191510,76998,40.21
20,1178,IPCALAB,EQ,195920,93007,47.47
20,1179,IPHL,SM,33600,21600,64.29
20,1180,IPL,EQ,146873,72283,49.21
20,1181,IPSL,SM,2000,2000,100.00
20,1182,IRB,EQ,16833405,7400251,43.96
20,1183,IRBINVIT,IV,343677,320686,93.31
20,1184,IRCON,EQ,5883020,1472053,25.02
20,1185,IRCTC,EQ,903462,328223,36.33
20,1186,IREDA,EQ,7754423,2381923,30.72
20,1187,IRFC,EQ,32085342,6174765,19.24
20,1188,IRISDOREME,EQ,45817,28134,61.41
20,1189,IRMENERGY,EQ,81533,38207,46.86
20,1190,ISEC,EQ,1035175,625140,60.39
20,1191,ISGEC,EQ,28236,12621,44.70
20,1192,ISHAN,ST,528000,528000,100.00
20,1193,IT,EQ,30350,23365,76.99
20,1194,ITALIANE,ST,2000,2000,100.00
20,1195,ITBEES,EQ,2571605,1641320,63.82
20,1196,ITC,EQ,8614446,4484756,52.06
20,1197,ITDC,EQ,30952,12033,38.88
20,1198,ITDCEM,EQ,4296237,1469171,34.20
20,1199,ITETF,EQ,220442,180995,82.11
20,1200,ITETFADD,EQ,7953,5650,71.04
20,1201,ITI,EQ,549991,112629,20.48
20,1202,ITIETF,EQ,249027,133703,53.69
20,1203,IVP,EQ,9576,5855,61.14
20,1204,IVZINGOLD,EQ,293,290,98.98
20,1205,IVZINNIFTY,EQ,24,24,100.00
20,1206,IXIGO,EQ,392370,174735,44.53
20,1207,JAGRAN,EQ,236954,136076,57.43
20,1208,JAGSNPHARM,EQ,46726,18139,38.82
20,1209,JAIBALAJI,EQ,147415,99282,67.35
20,1210,JAICORPLTD,EQ,494643,148317,29.98
20,1211,JAINAM,SM,2000,2000,100.00
20,1212,JAIPURKURT,EQ,63730,11976,18.79
20,1213,JALAN,SM,69000,69000,100.00
20,1214,JAMNAAUTO,EQ,1177069,387183,32.89
20,1215,JASH,EQ,67607,29754,44.01
20,1216,JAYAGROGN,EQ,44955,22663,50.41
20,1217,JAYBARMARU,EQ,130269,66930,51.38
20,1218,JAYBEE,SM,256000,153000,59.77
20,1219,JAYNECOIND,EQ,515295,233275,45.27
20,1220,JAYSREETEA,EQ,182440,61588,33.76
20,1221,JBCHEPHARM,EQ,56330,23316,41.39
20,1222,JBMA,EQ,582486,145021,24.90
20,1223,JCHAC,EQ,48305,17628,36.49
20,1224,JEYYAM,SM,46000,38000,82.61
20,1225,JGCHEM,EQ,191934,67020,34.92
20,1226,JHS,EQ,232595,130708,56.20
20,1227,JINDALPHOT,EQ,8982,2204,24.54
20,1228,JINDALPOLY,EQ,27114,10816,39.89
20,1229,JINDALSAW,EQ,1421032,564306,39.71
20,1230,JINDALSTEL,EQ,962918,310484,32.24
20,1231,JINDRILL,EQ,23366,14862,63.61
20,1232,JINDWORLD,EQ,120104,63214,52.63
20,1233,JIOFIN,EQ,9290007,3681001,39.62
20,1234,JISLDVREQS,EQ,68032,13471,19.80
20,1235,JISLJALEQS,EQ,5680064,2267610,39.92
20,1236,JITFINFRA,EQ,76753,39865,51.94
20,1237,J&KBANK,EQ,4126483,991800,24.03
20,1238,JKCEMENT,EQ,203227,72705,35.78
20,1239,JKIL,EQ,103772,44717,43.09
20,1240,JKLAKSHMI,EQ,155251,109182,70.33
20,1241,JKPAPER,EQ,280318,103717,37.00
20,1242,JKTYRE,EQ,496762,166543,33.53
20,1243,JLHL,EQ,17633,9944,56.39
20,1244,JMA,EQ,9932,4714,47.46
20,1245,JMFINANCIL,EQ,16993058,2689267,15.83
20,1246,JNKINDIA,EQ,47227,27984,59.25
20,1247,JOCIL,EQ,10764,6918,64.27
20,1248,JPOLYINVST,EQ,8937,3030,33.90
20,1249,JPPOWER,EQ,75445312,22340696,29.61
20,1250,JSFB,EQ,336376,151868,45.15
20,1251,JSL,EQ,583057,284850,48.85
20,1252,JSLL,SM,3600,2520,70.00
20,1253,JSWENERGY,EQ,1521902,638973,41.99
20,1254,JSWHL,EQ,17876,4615,25.82
20,1255,JSWINFRA,EQ,1929179,789735,40.94
20,1256,JSWSTEEL,EQ,1737402,416750,23.99
20,1257,JTEKTINDIA,EQ,250214,129529,51.77
20,1258,JTLIND,EQ,343622,124309,36.18
20,1259,JUBLFOOD,EQ,1439253,584632,40.62
20,1260,JUBLINGREA,EQ,330531,110270,33.36
20,1261,JUBLPHARMA,EQ,261385,127342,48.72
20,1262,JUNIORBEES,EQ,353822,210480,59.49
20,1263,JUNIPER,EQ,354444,217651,61.41
20,1264,JUSTDIAL,EQ,530365,176605,33.30
20,1265,JWL,EQ,667012,222175,33.31
20,1266,JYOTHYLAB,EQ,654844,286540,43.76
20,1267,JYOTICNC,EQ,88234,41775,47.35
20,1268,JYOTISTRUC,EQ,17829755,9168007,51.42
20,1269,K2INFRA,SM,38400,21600,56.25
20,1270,KABRAEXTRU,EQ,49036,20758,42.33
20,1271,KAJARIACER,EQ,111488,74623,66.93
20,1272,KAKATCEM,EQ,6238,3440,55.15
20,1273,KALAMANDIR,EQ,357957,190920,53.34
20,1274,KALANA,SM,96000,66000,68.75
20,1275,KALYANIFRG,EQ,899,733,81.54
20,1276,KALYANKJIL,EQ,3340348,848039,25.39
20,1277,KAMATHOTEL,EQ,486696,139790,28.72
20,1278,KAMDHENU,EQ,608060,297131,48.87
20,1279,KANANIIND,EQ,530940,325634,61.33
20,1280,KANDARP,ST,4000,4000,100.00
20,1281,KANORICHEM,EQ,70028,19166,27.37
20,1282,KANPRPLA,EQ,8249,6677,80.94
20,1283,KANSAINER,EQ,587872,212817,36.20
20,1284,KAPSTON,EQ,5175,2731,52.77
20,1285,KARMAENG,EQ,3591,2717,75.66
20,1286,KARNIKA,ST,400,400,100.00
20,1287,KARURVYSYA,EQ,1412865,491969,34.82
20,1288,KATARIA,SM,26400,22800,86.36
20,1289,KAUSHALYA,EQ,1167,849,72.75
20,1290,KAYNES,EQ,197896,66990,33.85
20,1291,KBCGLOBAL,EQ,31316179,11818578,37.74
20,1292,KCEIL,SM,29000,21500,74.14
20,1293,KCK,ST,4000,2000,50.00
20,1294,KCP,EQ,473235,253914,53.65
20,1295,KDDL,EQ,15778,5790,36.70
20,1296,KDL,ST,6600,6400,96.97
20,1297,KEC,EQ,124821,50373,40.36
20,1298,KECL,EQ,154742,62851,40.62
20,1299,KEI,EQ,202516,86018,42.47
20,1300,KEL,ST,3600,3600,100.00
20,1301,KELLTONTEC,EQ,734230,210743,28.70
20,1302,KERNEX,EQ,90767,49975,55.06
20,1303,KESORAMIND,EQ,1105011,714863,64.69
20,1304,KFINTECH,EQ,733079,372675,50.84
20,1305,KHADIM,EQ,17885,7838,43.82
20,1306,KHAICHEM,EQ,209482,75829,36.20
20,1307,KHANDSE,EQ,6498,4858,74.76
20,1308,KHFM,SM,9300,9300,100.00
20,1309,KILITCH,EQ,5639,3244,57.53
20,1310,KIMS,EQ,135673,63041,46.47
20,1311,KINGFA,EQ,6590,4068,61.73
20,1312,KIOCL,EQ,114996,22222,19.32
20,1313,KIRIINDUS,EQ,220043,93535,42.51
20,1314,KIRLOSBROS,EQ,162974,42104,25.83
20,1315,KIRLOSENG,EQ,251827,123414,49.01
20,1316,KIRLOSIND,EQ,8899,4596,51.65
20,1317,KIRLPNU,EQ,1365761,462005,33.83
20,1318,KITEX,EQ,629724,258095,40.99
20,1319,KKCL,EQ,246323,67527,27.41
20,1320,KKVAPOW,SM,156,156,100.00
20,1321,KLL,SM,16000,8000,50.00
20,1322,KMSUGAR,EQ,113898,61621,54.10
20,1323,KNAGRI,ST,168800,167200,99.05
20,1324,KNRCON,EQ,695159,215521,31.00
20,1325,KODYTECH,SM,11300,6700,59.29
20,1326,KOHINOOR,EQ,106174,55645,52.41
20,1327,KOKUYOCMLN,EQ,82339,35265,42.83
20,1328,KOLTEPATIL,EQ,170964,64263,37.59
20,1329,KONSTELEC,SM,24000,17000,70.83
20,1330,KONTOR,ST,9600,9600,100.00
20,1331,KOPRAN,EQ,575341,232209,40.36
20,1332,KORE,SM,2500,2500,100.00
20,1333,KOTAKBANK,EQ,3302148,1914081,57.96
20,1334,KOTARISUG,EQ,99655,37715,37.85
20,1335,KOTHARIPET,EQ,84944,33172,39.05
20,1336,KOTYARK,SM,67100,42800,63.79
20,1337,KPIGREEN,EQ,295023,227199,77.01
20,1338,KPIL,EQ,90473,42475,46.95
20,1339,KPITTECH,EQ,1600468,676124,42.25
20,1340,KPRMILL,EQ,132666,40820,30.77
20,1341,KRBL,EQ,375800,155524,41.38
20,1342,KRIDHANINF,EQ,38605,27485,71.20
20,1343,KRISHANA,EQ,9073,5616,61.90
20,1344,KRISHCA,SM,59000,49000,83.05
20,1345,KRISHIVAL,SM,5000,4000,80.00
20,1346,KRISHNADEF,ST,15500,14500,93.55
20,1347,KRN,EQ,451397,149087,33.03
20,1348,KRONOX,EQ,188598,80386,42.62
20,1349,KROSS,EQ,407723,145268,35.63
20,1350,KRSNAA,EQ,258939,85320,32.95
20,1351,KRYSTAL,EQ,55013,26026,47.31
20,1352,KSB,EQ,71866,28253,39.31
20,1353,KSCL,EQ,134620,51516,38.27
20,1354,KSHITIJPOL,EQ,671731,671731,100.00
20,1355,KSL,EQ,97774,17429,17.83
20,1356,KSOLVES,EQ,33668,17257,51.26
20,1357,KTKBANK,EQ,1353734,742057,54.82
20,1358,KTL,ST,12000,12000,100.00
20,1359,KUANTUM,EQ,40689,20631,50.70
20,1360,LAGNAM,EQ,410439,102810,25.05
20,1361,LAKSHYA,ST,4800,4800,100.00
20,1362,LALPATHLAB,EQ,269613,156529,58.06
20,1363,LAMBODHARA,EQ,19858,8913,44.88
20,1364,LANCORHOL,EQ,161064,77168,47.91
20,1365,LANDMARK,EQ,95430,60284,63.17
20,1366,LAOPALA,EQ,121907,54272,44.52
20,1367,LATENTVIEW,EQ,204715,98253,48.00
20,1368,LAURUSLABS,EQ,5504631,1529039,27.78
20,1369,LAWSIKHO,SM,26000,19000,73.08
20,1370,LAXMICOT,EQ,235738,20601,8.74
20,1371,LEMERITE,ST,3200,3200,100.00
20,1372,LEMONTREE,EQ,1551070,677599,43.69
20,1373,LEXUS,EQ,31187,3123,10.01
20,1374,LGBBROSLTD,EQ,51434,37836,73.56
20,1375,LIBAS,EQ,135252,64589,47.75
20,1376,LICHSGFIN,EQ,3084307,852293,27.63
20,1377,LICI,EQ,1060660,503737,47.49
20,1378,LICMFGOLD,EQ,549,373,67.94
20,1379,LICNETFGSC,EQ,64860,40971,63.17
20,1380,LICNETFN50,EQ,1537,1251,81.39
20,1381,LICNETFSEN,EQ,267,161,60.30
20,1382,LICNFNHGP,EQ,327,295,90.21
20,1383,LICNMID100,EQ,8093,5337,65.95
20,1384,LIKHITHA,EQ,65089,28802,44.25
20,1385,LINC,EQ,41069,20594,50.14
20,1386,LINCOLN,EQ,20160,9160,45.44
20,1387,LINDEINDIA,EQ,37608,13462,35.80
20,1388,LIQUID,EQ,185235,141354,76.31
20,1389,LIQUID1,EQ,124782,98563,78.99
20,1390,LIQUIDADD,EQ,488318,293187,60.04
20,1391,LIQUIDBEES,EQ,2795042,1698227,60.76
20,1392,LIQUIDBETF,EQ,3802,1896,49.87
20,1393,LIQUIDCASE,EQ,19594179,16558652,84.51
20,1394,LIQUIDETF,EQ,264407,179924,68.05
20,1395,LIQUIDIETF,EQ,665813,409861,61.56
20,1396,LIQUIDSBI,EQ,1773,1496,84.38
20,1397,LIQUIDSHRI,EQ,13991,10983,78.50
20,1398,LLOYDS,SM,5000,4000,80.00
20,1399,LLOYDSENGG,EQ,5286470,1793387,33.92
20,1400,LLOYDSENT,EQ,1245658,661653,53.12
20,1401,LLOYDSME,EQ,305118,137199,44.97
20,1402,LMW,EQ,8479,3261,38.46
20,1403,LODHA,EQ,1786769,743144,41.59
20,1404,LOKESHMACH,EQ,32584,17542,53.84
20,1405,LORDSCHLO,EQ,17674,8672,49.07
20,1406,LOWVOL,EQ,14266,13952,97.80
20,1407,LOWVOL1,EQ,679729,664620,97.78
20,1408,LOWVOLIETF,EQ,3444016,3077005,89.34
20,1409,LOYALTEX,EQ,847,324,38.25
20,1410,LPDC,EQ,107759,78310,72.67
20,1411,LRRPL,ST,3000,3000,100.00
20,1412,LT,EQ,2991674,1868784,62.47
20,1413,LTF,EQ,13047525,4175171,32.00
20,1414,LTFOODS,EQ,1659922,594405,35.81
20,1415,LTGILTBEES,EQ,2017313,1543296,76.50
20,1416,LTIM,EQ,132878,63134,47.51
20,1417,LTTS,EQ,43851,12278,28.00
20,1418,LUMAXIND,EQ,7890,2871,36.39
20,1419,LUMAXTECH,EQ,214788,136654,63.62
20,1420,LUPIN,EQ,1339084,546855,40.84
20,1421,LUXIND,EQ,53331,22072,41.39
20,1422,LXCHEM,EQ,1280876,504219,39.37
20,1423,LYKALABS,EQ,159402,94013,58.98
20,1424,MAANALU,EQ,731645,203098,27.76
20,1425,MACPOWER,EQ,12125,9424,77.72
20,1426,MADHAV,EQ,5661,3401,60.08
20,1427,MADHAVBAUG,SM,1600,800,50.00
20,1428,MADHUSUDAN,SM,18000,9000,50.00
20,1429,MADRASFERT,EQ,142204,36386,25.59
20,1430,MAFANG,EQ,580728,456098,78.54
20,1431,MAGADSUGAR,EQ,25705,10847,42.20
20,1432,MAGNUM,EQ,157263,75439,47.97
20,1433,MAGSON,SM,88000,70000,79.55
20,1434,MAHABANK,EQ,20826697,8479865,40.72
20,1435,MAHEPC,EQ,18235,8932,48.98
20,1436,MAHESHWARI,EQ,69792,45331,64.95
20,1437,MAHICKRA,SM,59250,53250,89.87
20,1438,MAHKTECH,EQ,2062496,1384467,67.13
20,1439,MAHLIFE,EQ,231229,98985,42.81
20,1440,MAHLOG,EQ,230075,82813,35.99
20,1441,MAHSEAMLES,EQ,1140940,359792,31.53
20,1442,MAITHANALL,EQ,52349,20393,38.96
20,1443,MAITREYA,ST,12800,11200,87.50
20,1444,MAKEINDIA,EQ,53606,38267,71.39
20,1445,MAKS,SM,3000,1500,50.00
20,1446,MAL,SM,56000,3200,5.71
20,1447,MALUPAPER,EQ,31941,6352,19.89
20,1448,MANAKALUCO,EQ,76619,57393,74.91
20,1449,MANAKCOAT,EQ,38751,30327,78.26
20,1450,MANAKSIA,EQ,60853,34595,56.85
20,1451,MANAKSTEEL,EQ,618893,92931,15.02
20,1452,MANALIPETC,EQ,274210,107813,39.32
20,1453,MANAPPURAM,EQ,6922849,2242551,32.39
20,1454,MANBA,EQ,860739,354690,41.21
20,1455,MANCREDIT,EQ,32053,7304,22.79
20,1456,MANDEEP,SM,16000,14000,87.50
20,1457,MANGALAM,EQ,33668,14930,44.34
20,1458,MANGCHEFER,EQ,437555,112112,25.62
20,1459,MANGLMCEM,EQ,229097,128597,56.13
20,1460,MANINDS,EQ,231608,111669,48.21
20,1461,MANINFRA,EQ,354127,126243,35.65
20,1462,MANKIND,EQ,354180,213487,60.28
20,1463,MANORAMA,EQ,45507,25908,56.93
20,1464,MANUGRAPH,EQ,22244,11758,52.86
20,1465,MANYAVAR,EQ,46251,17228,37.25
20,1466,MAPMYINDIA,EQ,108325,50581,46.69
20,1467,MARALOVER,EQ,29707,14984,50.44
20,1468,MARATHON,EQ,22449,7749,34.52
20,1469,MARCO,SM,21000,18000,85.71
20,1470,MARICO,EQ,3375207,1788565,52.99
20,1471,MARINE,EQ,365314,175060,47.92
20,1472,MARINETRAN,SM,16000,12000,75.00
20,1473,MARKSANS,EQ,1437167,423880,29.49
20,1474,MARSHALL,EQ,58515,20401,34.86
20,1475,MARUTI,EQ,613830,413208,67.32
20,1476,MASFIN,EQ,107633,50161,46.60
20,1477,MASON,SM,104000,72000,69.23
20,1478,MASPTOP50,EQ,563424,538833,95.64
20,1479,MASTEK,EQ,87329,35663,40.84
20,1480,MATRIMONY,EQ,29364,16034,54.60
20,1481,MAWANASUG,EQ,656052,375558,57.25
20,1482,MAXESTATES,EQ,175841,95434,54.27
20,1483,MAXHEALTH,EQ,1766407,986949,55.87
20,1484,MAXIND,EQ,58233,30644,52.62
20,1485,MAXPOSURE,SM,44000,26000,59.09
20,1486,MAYURUNIQ,EQ,110102,86582,78.64
20,1487,MAZDA,EQ,2186,1225,56.04
20,1488,MAZDOCK,EQ,1578873,275848,17.47
20,1489,MBAPL,EQ,21690,9026,41.61
20,1490,MCL,EQ,70695,35803,50.64
20,1491,MCLEODRUSS,EQ,332439,210088,63.20
20,1492,MCON,SM,7000,7000,100.00
20,1493,MCX,EQ,376002,110475,29.38
20,1494,MEDANTA,EQ,206433,94552,45.80
20,1495,MEDIASSIST,EQ,425300,156812,36.87
20,1496,MEDICAMEQ,EQ,75440,11666,15.46
20,1497,MEDICO,EQ,1025756,542317,52.87
20,1498,MEDIORG,ST,20000,16000,80.00
20,1499,MEDPLUS,EQ,122155,61611,50.44
20,1500,MEGASTAR,EQ,5984,3738,62.47
20,1501,MEGATHERM,SM,26000,19200,73.85
20,1502,MENONBE,EQ,51166,19849,38.79
20,1503,METAL,EQ,64752,34824,53.78
20,1504,METALIETF,EQ,9049417,7656411,84.61
20,1505,METROBRAND,EQ,138136,76514,55.39
20,1506,METROPOLIS,EQ,110043,38173,34.69
20,1507,MFSL,EQ,550450,268183,48.72
20,1508,MGEL,EQ,125107,87091,69.61
20,1509,MGL,EQ,893927,333851,37.35
20,1510,MHHL,SM,355500,355500,100.00
20,1511,MHLXMIRU,EQ,9267,4467,48.20
20,1512,MHRIL,EQ,125077,46985,37.56
20,1513,MICEL,EQ,430226,232713,54.09
20,1514,MICROPRO,SM,9600,8000,83.33
20,1515,MID150BEES,EQ,548471,304207,55.46
20,1516,MID150CASE,EQ,368707,294203,79.79
20,1517,MIDCAP,EQ,52110,32002,61.41
20,1518,MIDCAPETF,EQ,1933249,1393074,72.06
20,1519,MIDCAPIETF,EQ,658455,373773,56.77
20,1520,MIDHANI,EQ,431815,189019,43.77
20,1521,MIDQ50ADD,EQ,2141,1795,83.84
20,1522,MIDSELIETF,EQ,219345,116329,53.03
20,1523,MIDSMALL,EQ,466609,353817,75.83
20,1524,MIEL,ST,104000,98000,94.23
20,1525,MINDACORP,EQ,459263,158034,34.41
20,1526,MINDSPACE,RR,182706,156206,85.50
20,1527,MIRZAINT,EQ,181312,106846,58.93
20,1528,MITCON,EQ,21369,12785,59.83
20,1529,MITCONPP,E1,352,236,67.05
20,1530,MITTAL,EQ,865622,683626,78.98
20,1531,M&M,EQ,2813985,1517282,53.92
20,1532,M&MFIN,EQ,1061711,230934,21.75
20,1533,MMFL,EQ,59462,30814,51.82
20,1534,MMTC,EQ,1803422,499280,27.69
20,1535,MNC,EQ,402631,391477,97.23
20,1536,MODEFENCE,EQ,617131,565468,91.63
20,1537,MOGSEC,EQ,23101,21710,93.98
20,1538,MOHEALTH,EQ,221174,203981,92.23
20,1539,MOHITIND,EQ,33469,24335,72.71
20,1540,MOIL,EQ,1248313,370539,29.68
20,1541,MOL,EQ,2125057,996840,46.91
20,1542,MOLDTECH,EQ,37034,18162,49.04
20,1543,MOLDTKPAC,EQ,68999,50065,72.56
20,1544,MOLOWVOL,EQ,4363,3905,89.50
20,1545,MOM100,EQ,407452,270520,66.39
20,1546,MOM30IETF,EQ,1109647,558380,50.32
20,1547,MOM50,EQ,5582,4051,72.57
20,1548,MOMENTUM,EQ,108797,89028,81.83
20,1549,MOMENTUM50,EQ,188588,165969,88.01
20,1550,MOMOMENTUM,EQ,218056,137783,63.19
20,1551,MON100,EQ,582177,464482,79.78
20,1552,MONARCH,EQ,153060,93920,61.36
20,1553,MONIFTY500,EQ,471110,378120,80.26
20,1554,MONOPHARMA,SM,4000,4000,100.00
20,1555,MONQ50,EQ,69119,49626,71.80
20,1556,MONTECARLO,EQ,18914,8917,47.14
20,1557,MOQUALITY,EQ,12683,6630,52.27
20,1558,MOREALTY,EQ,105938,72656,68.58
20,1559,MOREPENLAB,EQ,9280326,2381719,25.66
20,1560,MOS,ST,44000,40000,90.91
20,1561,MOSMALL250,EQ,566099,362129,63.97
20,1562,MOTHERSON,EQ,7642588,3017011,39.48
20,1563,MOTILALOFS,EQ,4590360,1242109,27.06
20,1564,MOTOGENFIN,EQ,13048,9147,70.10
20,1565,MOVALUE,EQ,155924,95818,61.45
20,1566,MOXSH,SM,9600,9600,100.00
20,1567,MPHASIS,EQ,423578,206089,48.65
20,1568,MPSLTD,EQ,16814,8775,52.19
20,1569,MRF,EQ,5059,1140,22.53
20,1570,MRO-TEK,EQ,52856,42145,79.74
20,1571,MRPL,EQ,2525796,953725,37.76
20,1572,MSTCLTD,EQ,255485,91110,35.66
20,1573,MSUMI,EQ,5673122,2472120,43.58
20,1574,MTARTECH,EQ,146968,71499,48.65
20,1575,MTNL,EQ,3317674,770188,23.21
20,1576,MUFIN,EQ,73108,26050,35.63
20,1577,MUFTI,EQ,847473,271467,32.03
20,1578,MUKANDLTD,EQ,90124,40429,44.86
20,1579,MUKKA,EQ,1161073,410152,35.33
20,1580,MULTICAP,EQ,146599,78762,53.73
20,1581,MUNJALAU,EQ,615797,206926,33.60
20,1582,MUNJALSHOW,EQ,61306,25238,41.17
20,1583,MURUDCERA,EQ,100696,54162,53.79
20,1584,MUTHOOTCAP,EQ,25605,12081,47.18
20,1585,MUTHOOTFIN,EQ,157044,57706,36.75
20,1586,MUTHOOTMF,EQ,219795,101544,46.20
20,1587,MVGJL,EQ,213020,56216,26.39
20,1588,MVKAGRO,SM,8400,3600,42.86
20,1589,MWL,SM,7200,7200,100.00
20,1590,MYMUDRA,SM,37200,20400,54.84
20,1591,NACLIND,EQ,160432,97898,61.02
20,1592,NAGAFERT,EQ,1085662,527748,48.61
20,1593,NAGREEKCAP,EQ,3053,2724,89.22
20,1594,NAHARCAP,EQ,7755,4671,60.23
20,1595,NAHARINDUS,EQ,39837,20007,50.22
20,1596,NAHARSPING,EQ,13477,8137,60.38
20,1597,NAMAN,ST,9600,6400,66.67
20,1598,NAM-INDIA,EQ,838243,325348,38.81
20,1599,NAMOEWASTE,SM,94400,62400,66.10
20,1600,NARMADA,EQ,1177643,1100593,93.46
20,1601,NATCOPHARM,EQ,404235,185914,45.99
20,1602,NATHBIOGEN,EQ,30933,14336,46.35
20,1603,NATIONALUM,EQ,13777811,3520987,25.56
20,1604,NAUKRI,EQ,126798,60636,47.82
20,1605,NAVA,EQ,273489,139093,50.86
20,1606,NAVINFLUOR,EQ,82763,25180,30.42
20,1607,NAVINIFTY,EQ,752,638,84.84
20,1608,NAVKARCORP,EQ,1115166,483799,43.38
20,1609,NAVNETEDUL,EQ,134004,67413,50.31
20,1610,NAZARA,EQ,686417,434118,63.24
20,1611,NBCC,EQ,17785638,4623507,26.00
20,1612,NBIFIN,EQ,579,409,70.64
20,1613,NCC,EQ,2987089,1096990,36.72
20,1614,NCLIND,EQ,61905,29700,47.98
20,1615,NDLVENTURE,EQ,28765,9132,31.75
20,1616,NDRAUTO,EQ,17167,9025,52.57
20,1617,NDTV,EQ,122343,44979,36.76
20,1618,NECCLTD,EQ,149965,96955,64.65
20,1619,NELCAST,EQ,73043,30714,42.05
20,1620,NELCO,EQ,63970,20988,32.81
20,1621,NEOGEN,EQ,63222,26015,41.15
20,1622,NEPHROCARE,ST,12800,12800,100.00
20,1623,NESCO,EQ,54305,23208,42.74
20,1624,NESTLEIND,EQ,875565,495566,56.60
20,1625,NETF,EQ,3186,2001,62.81
20,1626,NETWEB,EQ,101351,41024,40.48
20,1627,NETWORK18,EQ,1544215,497450,32.21
20,1628,NEULANDLAB,EQ,17158,8858,51.63
20,1629,NEWGEN,EQ,118450,44944,37.94
20,1630,NEWJAISA,SM,15000,10500,70.00
20,1631,NEXT50,EQ,21150,19198,90.77
20,1632,NEXT50IETF,EQ,1674900,1448885,86.51
20,1633,NFL,EQ,2113954,419453,19.84
20,1634,NGIL,EQ,57314,11472,20.02
20,1635,NGLFINE,EQ,1895,1147,60.53
20,1636,NH,EQ,216712,124382,57.40
20,1637,NHPC,EQ,24029278,8839321,36.79
20,1638,NIACL,EQ,1257980,644839,51.26
20,1639,NIBL,EQ,260537,105137,40.35
20,1640,NIDAN,SM,6000,4000,66.67
20,1641,NIF100BEES,EQ,20183,13791,68.33
20,1642,NIF100IETF,EQ,184425,107493,58.29
20,1643,NIF10GETF,EQ,1957,600,30.66
20,1644,NIF5GETF,EQ,326,226,69.33
20,1645,NIFITETF,EQ,1097,1035,94.35
20,1646,NIFMID150,EQ,3682,2029,55.11
20,1647,NIFTY1,EQ,40968,31206,76.17
20,1648,NIFTY50ADD,EQ,9043,7150,79.07
20,1649,NIFTYBEES,EQ,3506121,2155805,61.49
20,1650,NIFTYBETF,EQ,2556,1364,53.36
20,1651,NIFTYETF,EQ,101736,85844,84.38
20,1652,NIFTYIETF,EQ,367600,181696,49.43
20,1653,NIFTYQLITY,EQ,75683,51877,68.55
20,1654,NIITLTD,EQ,1297853,415616,32.02
20,1655,NIITMTS,EQ,207648,135129,65.08
20,1656,NILAINFRA,EQ,1328193,641928,48.33
20,1657,NILKAMAL,EQ,88466,43691,49.39
20,1658,NINSYS,EQ,11767,5302,45.06
20,1659,NIPPOBATRY,EQ,5489,3195,58.21
20,1660,NIRMAN,ST,33600,23400,69.64
20,1661,NITINSPIN,EQ,78231,20349,26.01
20,1662,NITIRAJ,EQ,40329,18239,45.23
20,1663,NKIND,EQ,159,137,86.16
20,1664,NLCINDIA,EQ,1935016,826333,42.70
20,1665,NMDC,EQ,13846751,4783754,34.55
20,1666,NOCIL,EQ,377357,168847,44.74
20,1667,NORTHARC,EQ,557994,216848,38.86
20,1668,NPBET,EQ,922,568,61.61
20,1669,NPST,SM,18400,12000,65.22
20,1670,NRAIL,EQ,15154,8466,55.87
20,1671,NRBBEARING,EQ,132962,68403,51.45
20,1672,NSLNISP,EQ,6225634,1548635,24.88
20,1673,NTPC,EQ,11716022,6696409,57.16
20,1674,NUCLEUS,EQ,18224,9107,49.97
20,1675,NURECA,EQ,13670,7685,56.22
20,1676,NUVAMA,EQ,212108,88455,41.70
20,1677,NUVOCO,EQ,196280,53637,27.33
20,1678,NV20,EQ,10958,4842,44.19
20,1679,NV20BEES,EQ,20527,12932,63.00
20,1680,NV20IETF,EQ,572034,310731,54.32
20,1681,NXST,RR,1578072,1488647,94.33
20,1682,NYKAA,EQ,7221317,3733431,51.70
20,1683,OAL,EQ,103109,27739,26.90
20,1684,OBCL,EQ,22895,17484,76.37
20,1685,OBEROIRLTY,EQ,652414,256571,39.33
20,1686,OCCL,EQ,52372,7483,14.29
20,1687,OFSS,EQ,102138,45239,44.29
20,1688,OIL,EQ,3722104,1531634,41.15
20,1689,OILIETF,EQ,1769132,862640,48.76
20,1690,OLAELEC,EQ,31800879,7763724,24.41
20,1691,OLECTRA,EQ,776069,174996,22.55
20,1692,OLIL,SM,33600,30000,89.29
20,1693,OMAXAUTO,EQ,26910,14312,53.18
20,1694,OMAXE,EQ,228154,191920,84.12
20,1695,OMFURN,SM,2400,2400,100.00
20,1696,OMINFRAL,EQ,341980,192553,56.31
20,1697,ONDOOR,SM,3600,2400,66.67
20,1698,ONEPOINT,EQ,765618,355302,46.41
20,1699,ONGC,EQ,13835091,6005579,43.41
20,1700,ONMOBILE,EQ,719386,152076,21.14
20,1701,ONWARDTEC,EQ,37862,18412,48.63
20,1702,ORBTEXP,EQ,36393,14220,39.07
20,1703,ORCHPHARMA,EQ,22922,11770,51.35
20,1704,ORIANA,SM,52350,29700,56.73
20,1705,ORICONENT,EQ,171572,77789,45.34
20,1706,ORIENTBELL,EQ,37501,16105,42.95
20,1707,ORIENTCEM,EQ,1199018,532356,44.40
20,1708,ORIENTCER,EQ,56224,29734,52.88
20,1709,ORIENTELEC,EQ,2360189,767877,32.53
20,1710,ORIENTHOT,EQ,152435,58321,38.26
20,1711,ORIENTLTD,EQ,32300,11161,34.55
20,1712,ORIENTPPR,EQ,1913869,1086609,56.78
20,1713,ORIENTTECH,EQ,174637,90213,51.66
20,1714,ORISSAMINE,EQ,10275,3099,30.16
20,1715,ORTINGLOBE,EQ,12715,3690,29.02
20,1716,OSELDEVICE,SM,33600,25600,76.19
20,1717,OSWALGREEN,EQ,1666688,536041,32.16
20,1718,OWAIS,SM,19200,12800,66.67
20,1719,PAGEIND,EQ,10711,3070,28.66
20,1720,PAISALO,EQ,3421773,1432770,41.87
20,1721,PAKKA,EQ,57853,30394,52.54
20,1722,PALASHSECU,EQ,22525,6315,28.04
20,1723,PANAMAPET,EQ,31543,12039,38.17
20,1724,PAR,EQ,373595,133999,35.87
20,1725,PARACABLES,EQ,2147660,823095,38.33
20,1726,PARADEEP,EQ,2450378,537918,21.95
20,1727,PARAGMILK,EQ,1015913,303563,29.88
20,1728,PARAGON,SM,22800,15600,68.42
20,1729,PARAMATRIX,SM,3600,2400,66.67
20,1730,PARAMOUNT,SM,12000,9600,80.00
20,1731,PARAS,EQ,233327,94350,40.44
20,1732,PARIN,ST,3000,3000,100.00
20,1733,PARKHOTELS,EQ,207086,163807,79.10
20,1734,PARTYCRUS,SM,8000,6000,75.00
20,1735,PASHUPATI,ST,1600,1600,100.00
20,1736,PATANJALI,EQ,752558,244864,32.54
20,1737,PATELENG,EQ,5921300,2384784,40.27
20,1738,PATINTLOG,EQ,364264,156966,43.09
20,1739,PATTECH,ST,1500,1500,100.00
20,1740,PAYTM,EQ,8629246,1327160,15.38
20,1741,PCBL,EQ,1841500,691824,37.57
20,1742,PCCL,SM,19200,16000,83.33
20,1743,PDMJEPAPER,EQ,200618,90588,45.15
20,1744,PDSL,EQ,24816,10948,44.12
20,1745,PEARLPOLY,EQ,49756,13181,26.49
20,1746,PEL,EQ,1350006,564560,41.82
20,1747,PELATRO,SM,9000,8400,93.33
20,1748,PENIND,EQ,963792,268835,27.89
20,1749,PENINLAND,EQ,471762,189233,40.11
20,1750,PERSISTENT,EQ,332890,117905,35.42
20,1751,PETRONET,EQ,2746224,1045599,38.07
20,1752,PFC,EQ,11251735,4454716,39.59
20,1753,PFIZER,EQ,24309,9168,37.71
20,1754,PFOCUS,EQ,43618,25121,57.59
20,1755,PFS,EQ,885417,401474,45.34
20,1756,PGEL,EQ,643828,306104,47.54
20,1757,PGHH,EQ,14516,5900,40.64
20,1758,PGHL,EQ,3809,1957,51.38
20,1759,PGIL,EQ,19520,10035,51.41
20,1760,PGINVIT,IV,1127536,1057687,93.81
20,1761,PHANTOMFX,SM,27600,18600,67.39
20,1762,PHARMABEES,EQ,6759104,4724040,69.89
20,1763,PHOENIXLTD,EQ,2617068,1161611,44.39
20,1764,PHOGLOBAL,ST,102000,96000,94.12
20,1765,PIDILITIND,EQ,237447,100137,42.17
20,1766,PIIND,EQ,122396,38070,31.10
20,1767,PILITA,EQ,347751,170974,49.17
20,1768,PIONEEREMB,EQ,10685,6944,64.99
20,1769,PITTIENG,EQ,88890,37686,42.40
20,1770,PIXTRANS,EQ,53346,14962,28.05
20,1771,PKTEA,EQ,2658,1021,38.41
20,1772,PLADAINFO,SM,3000,3000,100.00
20,1773,PLATIND,EQ,610494,160228,26.25
20,1774,PLAZACABLE,EQ,62256,32830,52.73
20,1775,PNB,EQ,70816541,18880515,26.66
20,1776,PNBGILTS,EQ,522096,170577,32.67
20,1777,PNBHOUSING,EQ,2550764,1311915,51.43
20,1778,PNC,EQ,26257,14283,54.40
20,1779,PNCINFRA,EQ,589882,236868,40.16
20,1780,PNGJL,EQ,374480,156666,41.84
20,1781,POCL,EQ,196630,91622,46.60
20,1782,PODDARMENT,EQ,8633,4253,49.26
20,1783,POKARNA,EQ,50814,21376,42.07
20,1784,POLICYBZR,EQ,456811,279862,61.26
20,1785,POLYCAB,EQ,318609,134244,42.13
20,1786,POLYMED,EQ,190844,42791,22.42
20,1787,POLYPLEX,EQ,92668,33191,35.82
20,1788,POLYSIL,SM,10000,4000,40.00
20,1789,PONNIERODE,EQ,16590,7890,47.56
20,1790,POONAWALLA,EQ,20132899,4883559,24.26
20,1791,POSITRON,ST,10200,9600,94.12
20,1792,POWERGRID,EQ,9610615,5184675,53.95
20,1793,POWERINDIA,EQ,28939,10307,35.62
20,1794,POWERMECH,EQ,37877,13327,35.18
20,1795,PPAP,EQ,8956,3776,42.16
20,1796,PPL,EQ,142943,63292,44.28
20,1797,PPLPHARMA,EQ,8164710,2779251,34.04
20,1798,PPSL,SM,228000,114000,50.00
20,1799,PRAJIND,EQ,1158302,472825,40.82
20,1800,PRAKASH,EQ,694782,263357,37.90
20,1801,PRAKASHSTL,EQ,313595,172178,54.90
20,1802,PRANIK,ST,64000,59200,92.50
20,1803,PRATHAM,ST,8000,8000,100.00
20,1804,PRECAM,EQ,293768,78449,26.70
20,1805,PRECISION,SM,4000,4000,100.00
20,1806,PRECOT,EQ,2949,2547,86.37
20,1807,PRECWIRE,EQ,428235,120987,28.25
20,1808,PREMEXPLN,EQ,103294,66380,64.26
20,1809,PREMIERENE,EQ,2051338,665582,32.45
20,1810,PREMIUM,ST,1650000,1644000,99.64
20,1811,PRESSTONIC,SM,9600,5600,58.33
20,1812,PRESTIGE,EQ,462706,256972,55.54
20,1813,PRICOLLTD,EQ,211858,101116,47.73
20,1814,PRIMESECU,EQ,242535,114842,47.35
20,1815,PRINCEPIPE,EQ,269505,132267,49.08
20,1816,PRITI,EQ,20757,10459,50.39
20,1817,PRITIKA,ST,8000,4000,50.00
20,1818,PRITIKAUTO,EQ,393956,137304,34.85
20,1819,PRIVISCL,EQ,25765,12403,48.14
20,1820,PRIZOR,ST,70400,67200,95.45
20,1821,PRLIND,SM,26000,18000,69.23
20,1822,PROLIFE,SM,1000,1000,100.00
20,1823,PROPEQUITY,SM,3600,3000,83.33
20,1824,PROV,SM,1600,1440,90.00
20,1825,PROZONER,EQ,237304,125329,52.81
20,1826,PRSMJOHNSN,EQ,396450,182585,46.05
20,1827,PRUDENT,EQ,23109,10881,47.09
20,1828,PSB,EQ,1098963,278027,25.30
20,1829,PSFL,SM,148000,140000,94.59
20,1830,PSPPROJECT,EQ,320642,187033,58.33
20,1831,PSUBANK,EQ,24657,15024,60.93
20,1832,PSUBANKADD,EQ,4063297,4057432,99.86
20,1833,PSUBNKBEES,EQ,2263502,1199488,52.99
20,1834,PSUBNKIETF,EQ,129066,75745,58.69
20,1835,PTC,EQ,1059918,519407,49.00
20,1836,PTCIL,EQ,6954,3942,56.69
20,1837,PTL,EQ,93193,49255,52.85
20,1838,PUNJABCHEM,EQ,13508,4098,30.34
20,1839,PURVA,EQ,69723,28706,41.17
20,1840,PURVFLEXI,SM,16000,11200,70.00
20,1841,PVRINOX,EQ,233014,47883,20.55
20,1842,PVSL,EQ,108628,76206,70.15
20,1843,PVTBANIETF,EQ,3803900,3072202,80.76
20,1844,PVTBANKADD,EQ,146724,123061,83.87
20,1845,PYRAMID,EQ,135138,64073,47.41
20,1846,QFIL,SM,6000,4000,66.67
20,1847,QGOLDHALF,EQ,99813,94818,95.00
20,1848,QMSMEDI,SM,15000,14000,93.33
20,1849,QNIFTY,EQ,1326,1152,86.88
20,1850,QUAL30IETF,EQ,263606,117793,44.69
20,1851,QUESS,EQ,162618,56338,34.64
20,1852,QUESTLAB,SM,10800,10800,100.00
20,1853,QUICKHEAL,EQ,242270,67514,27.87
20,1854,QUICKTOUCH,SM,22000,17000,77.27
20,1855,QVCEL,ST,46400,43200,93.10
20,1856,RACE,EQ,27160,4628,17.04
20,1857,RADIANTCMS,EQ,99292,44770,45.09
20,1858,RADICO,EQ,500520,300951,60.13
20,1859,RADIOCITY,EQ,406984,188365,46.28
20,1860,RADIOCITY,P1,1385,1385,100.00
20,1861,RADIOWALLA,SM,17600,17600,100.00
20,1862,RAILTEL,EQ,2192612,428514,19.54
20,1863,RAIN,EQ,1014447,336507,33.17
20,1864,RAINBOW,EQ,483779,288888,59.71
20,1865,RAJESHEXPO,EQ,561226,148423,26.45
20,1866,RAJINDLTD,SM,12000,9000,75.00
20,1867,RAJMET,EQ,930181,492411,52.94
20,1868,RAJRATAN,EQ,27531,15530,56.41
20,1869,RAJSREESUG,EQ,66881,26841,40.13
20,1870,RALLIS,EQ,451237,123541,27.38
20,1871,RAMANEWS,EQ,51233,35902,70.08
20,1872,RAMAPHO,EQ,7328,3668,50.05
20,1873,RAMASTEEL,EQ,22931544,6626607,28.90
20,1874,RAMCOCEM,EQ,391295,117422,30.01
20,1875,RAMCOIND,EQ,195300,122430,62.69
20,1876,RAMCOSYS,EQ,34704,16948,48.84
20,1877,RAMKY,EQ,71740,37730,52.59
20,1878,RAMRAT,EQ,46827,24726,52.80
20,1879,RANASUG,EQ,242799,119156,49.08
20,1880,RANEHOLDIN,EQ,17479,6983,39.95
20,1881,RAPPID,SM,85800,76800,89.51
20,1882,RATEGAIN,EQ,79969,33718,42.16
20,1883,RATNAMANI,EQ,10881,4202,38.62
20,1884,RAYMOND,EQ,151039,43643,28.90
20,1885,RAYMONDLSL,EQ,58651,32798,55.92
20,1886,RBA,EQ,1259398,445765,35.40
20,1887,RBLBANK,EQ,8575710,3261366,38.03
20,1888,RBMINFRA,ST,19000,17400,91.58
20,1889,RBS,SM,78400,52800,67.35
20,1890,RCDL,SM,27000,21000,77.78
20,1891,RCF,EQ,1887735,497475,26.35
20,1892,RECLTD,EQ,13625032,4383082,32.17
20,1893,REDINGTON,EQ,1360096,638225,46.92
20,1894,REDTAPE,EQ,85042,34961,41.11
20,1895,REFRACTORY,ST,8000,8000,100.00
20,1896,RELAXO,EQ,36568,13602,37.20
20,1897,RELCHEMQ,EQ,2519,1095,43.47
20,1898,RELIABLE,EQ,1447,975,67.38
20,1899,RELIANCE,EQ,10824350,6528553,60.31
20,1900,RELIGARE,EQ,796087,510878,64.17
20,1901,REMSONSIND,EQ,43473,23231,53.44
20,1902,REMUS,SM,2600,1800,69.23
20,1903,RENUKA,EQ,12616785,2861922,22.68
20,1904,REPCOHOME,EQ,285040,137043,48.08
20,1905,REPL,EQ,55019,15143,27.52
20,1906,REPRO,EQ,19840,11298,56.95
20,1907,RESPONIND,EQ,214436,33997,15.85
20,1908,REVATHIEQU,EQ,5889,2841,48.24
20,1909,REXPIPES,SM,2000,2000,100.00
20,1910,RGL,EQ,1029201,357832,34.77
20,1911,RHIM,EQ,96291,38399,39.88
20,1912,RHL,EQ,1376,676,49.13
20,1913,RICOAUTO,EQ,365530,145139,39.71
20,1914,RIIL,EQ,204950,45444,22.17
20,1915,RILINFRA,ST,12700,12400,97.64
20,1916,RISHABH,EQ,32622,17267,52.93
20,1917,RITCO,EQ,111628,54565,48.88
20,1918,RITES,EQ,1313013,338602,25.79
20,1919,RITEZONE,SM,3200,3200,100.00
20,1920,RKEC,EQ,65019,40867,62.85
20,1921,RKFORGE,EQ,343996,148602,43.20
20,1922,RKSWAMY,EQ,152671,106668,69.87
20,1923,RMDRIP,ST,21000,18000,85.71
20,1924,RML,EQ,24792,9529,38.44
20,1925,RNFI,SM,60000,39600,66.00
20,1926,ROCKINGDCE,SM,8250,2500,30.30
20,1927,ROHLTD,EQ,42370,18191,42.93
20,1928,ROLEXRINGS,EQ,9490,4575,48.21
20,1929,ROML,EQ,8853,5001,56.49
20,1930,ROSSARI,EQ,51516,19485,37.82
20,1931,ROTO,EQ,48906,22226,45.45
20,1932,ROUTE,EQ,59987,34306,57.19
20,1933,ROXHITECH,SM,30400,22400,73.68
20,1934,RPEL,EQ,13468,6235,46.29
20,1935,RPGLIFE,EQ,18595,6678,35.91
20,1936,RPPL,EQ,215863,142334,65.94
20,1937,RPSGVENT,EQ,94508,47823,50.60
20,1938,RPTECH,EQ,157012,69784,44.45
20,1939,RRKABEL,EQ,447795,302175,67.48
20,1940,RSWM,EQ,44295,17899,40.41
20,1941,RSYSTEMS,EQ,139645,52141,37.34
20,1942,RTNINDIA,EQ,4791619,1902513,39.71
20,1943,RTNPOWER,EQ,34927121,12785087,36.61
20,1944,RUBFILA,EQ,36384,22367,61.47
20,1945,RUBYMILLS,EQ,26924,11771,43.72
20,1946,RUCHIRA,EQ,19152,13153,68.68
20,1947,RULKA,SM,4200,4200,100.00
20,1948,RUPA,EQ,130129,64385,49.48
20,1949,RUSHIL,EQ,597037,244049,40.88
20,1950,RUSTOMJEE,EQ,32440,13499,41.61
20,1951,RVHL,EQ,47792,12817,26.82
20,1952,RVNL,EQ,6738378,1728597,25.65
20,1953,SAAKSHI,SM,6600,4200,63.64
20,1954,SABAR,SM,50000,50000,100.00
20,1955,SADBHAV,EQ,2479589,1123865,45.32
20,1956,SADBHIN,EQ,53693,51009,95.00
20,1957,SADHAV,SM,21600,13200,61.11
20,1958,SADHNANIQ,EQ,156108,63360,40.59
20,1959,SAFARI,EQ,129297,87202,67.44
20,1960,SAGARDEEP,EQ,16605,9932,59.81
20,1961,SAGCEM,EQ,323293,73615,22.77
20,1962,SAH,EQ,812314,220893,27.19
20,1963,SAHAJSOLAR,ST,44800,36800,82.14
20,1964,SAHANA,SM,7250,6250,86.21
20,1965,SAHASRA,SM,260000,146400,56.31
20,1966,SAHYADRI,EQ,5306,3068,57.82
20,1967,SAIFL,SM,7200,4000,55.56
20,1968,SAIL,EQ,19503346,6592169,33.80
20,1969,SAJHOTELS,SM,50000,46000,92.00
20,1970,SAKAR,EQ,11679,6402,54.82
20,1971,SAKHTISUG,EQ,400838,136615,34.08
20,1972,SAKSOFT,EQ,165705,65927,39.79
20,1973,SALASAR,EQ,7644080,2250309,29.44
20,1974,SALONA,EQ,31302,8932,28.53
20,1975,SALSTEEL,EQ,73125,47853,65.44
20,1976,SALZERELEC,EQ,115421,47229,40.92
20,1977,SAMBHAAV,EQ,1825816,1079929,59.15
20,1978,SAMHI,EQ,448358,197320,44.01
20,1979,SAMMAANCAP,EQ,4659089,1589985,34.13
20,1980,SAMPANN,EQ,27899,14204,50.91
20,1981,SANDESH,EQ,3352,1746,52.09
20,1982,SANDHAR,EQ,66822,30022,44.93
20,1983,SANDUMA,EQ,120791,49569,41.04
20,1984,SANGAMIND,EQ,29269,10821,36.97
20,1985,SANGANI,ST,24000,21000,87.50
20,1986,SANGHIIND,EQ,366507,166932,45.55
20,1987,SANGHVIMOV,EQ,253204,82663,32.65
20,1988,SANGINITA,EQ,44370,23600,53.19
20,1989,SANOFI,EQ,8730,4345,49.77
20,1990,SANOFICONR,EQ,3849,2570,66.77
20,1991,SANSERA,EQ,79447,47311,59.55
20,1992,SANSTAR,EQ,881605,352903,40.03
20,1993,SAPPHIRE,EQ,779996,183368,23.51
20,1994,SARDAEN,EQ,340682,136505,40.07
20,1995,SAREGAMA,EQ,707788,300736,42.49
20,1996,SAROJA,SM,1600,1600,100.00
20,1997,SARTELE,SM,115000,58500,50.87
20,1998,SARVESHWAR,EQ,3522590,1614571,45.83
20,1999,SASKEN,EQ,27119,12040,44.40
20,2000,SASTASUNDR,EQ,11967,6556,54.78
20,2001,SATECH,ST,58000,56000,96.55
20,2002,SATIA,EQ,222100,123266,55.50
20,2003,SATIN,EQ,653869,364934,55.81
20,2004,SATINDLTD,EQ,540772,192794,35.65
20,2005,SATIPOLY,SM,26000,21000,80.77
20,2006,SAURASHCEM,EQ,195244,76105,38.98
20,2007,SBC,EQ,2312631,587901,25.42
20,2008,SBCL,EQ,96547,35030,36.28
20,2009,SBFC,EQ,3873824,1454528,37.55
20,2010,SBGLP,EQ,628531,145167,23.10
20,2011,SBICARD,EQ,2350396,1182904,50.33
20,2012,SBIETFCON,EQ,8913,6370,71.47
20,2013,SBIETFIT,EQ,4428,2583,58.33
20,2014,SBIETFPB,EQ,4942,3805,76.99
20,2015,SBIETFQLTY,EQ,2237,1523,68.08
20,2016,SBILIFE,EQ,2366566,1788331,75.57
20,2017,SBIN,EQ,13757251,5834489,42.41
20,2018,SBINEQWETF,EQ,13298,8609,64.74
20,2019,SBISILVER,EQ,178544,113732,63.70
20,2020,SCHAEFFLER,EQ,188207,147301,78.27
20,2021,SCHAND,EQ,83165,51664,62.12
20,2022,SCHNEIDER,EQ,196809,61682,31.34
20,2023,SCI,EQ,2628638,1013217,38.55
20,2024,SCILAL,EQ,857857,428856,49.99
20,2025,SCL25,Y6,10,10,100.00
20,2026,SCLZC25B,AT,13,5,38.46
20,2027,SCLZC25F,Y5,1,1,100.00
20,2028,SCLZC26C,NB,19,19,100.00
20,2029,SCML,SM,8000,6000,75.00
20,2030,SDBL,EQ,725535,261105,35.99
20,2031,SDL26BEES,EQ,81316,78343,96.34
20,2032,SDREAMS,SM,88000,49000,55.68
20,2033,SEAMECLTD,EQ,31229,18369,58.82
20,2034,SECMARK,EQ,1593,1101,69.11
20,2035,SECURKLOUD,EQ,146820,22776,15.51
20,2036,SEL,ST,400,400,100.00
20,2037,SELAN,EQ,32387,12990,40.11
20,2038,SENCO,EQ,325365,134144,41.23
20,2039,SENSEXADD,EQ,1922,918,47.76
20,2040,SENSEXETF,EQ,18554,13595,73.27
20,2041,SENSEXIETF,EQ,6333,4574,72.22
20,2042,SEPC,EQ,15295057,5451210,35.64
20,2043,SERVICE,SM,6000,6000,100.00
20,2044,SERVOTECH,EQ,658932,327307,49.67
20,2045,SESHAPAPER,EQ,20055,13016,64.90
20,2046,SETCO,EQ,214739,131250,61.12
20,2047,SETF10GILT,EQ,25508,20526,80.47
20,2048,SETFGOLD,EQ,2184432,1704709,78.04
20,2049,SETFNIF50,EQ,691814,452168,65.36
20,2050,SETFNIFBK,EQ,225635,150063,66.51
20,2051,SETFNN50,EQ,43543,30803,70.74
20,2052,SFL,EQ,48541,28617,58.95
20,2053,SGBAPR28I,GB,145,114,78.62
20,2054,SGBAUG27,GB,30,28,93.33
20,2055,SGBAUG28V,GB,903,761,84.27
20,2056,SGBAUG29V,GB,253,143,56.52
20,2057,SGBAUG30,GB,119,73,61.34
20,2058,SGBD29VIII,GB,51,38,74.51
20,2059,SGBDE30III,GB,155,102,65.81
20,2060,SGBDE31III,GB,1309,955,72.96
20,2061,SGBFEB27,GB,1,1,100.00
20,2062,SGBFEB28IX,GB,8,7,87.50
20,2063,SGBFEB29XI,GB,71,60,84.51
20,2064,SGBFEB32IV,GB,897,582,64.88
20,2065,SGBJ28VIII,GB,23,17,73.91
20,2066,SGBJAN27,GB,11,11,100.00
20,2067,SGBJAN29IX,GB,211,153,72.51
20,2068,SGBJAN29X,GB,15,15,100.00
20,2069,SGBJAN30IX,GB,94,59,62.77
20,2070,SGBJU29III,GB,146,104,71.23
20,2071,SGBJUL25,GB,77,55,71.43
20,2072,SGBJUL27,GB,29,16,55.17
20,2073,SGBJUL28IV,GB,338,254,75.15
20,2074,SGBJUL29IV,GB,275,233,84.73
20,2075,SGBJUN27,GB,38,37,97.37
20,2076,SGBJUN28,GB,193,138,71.50
20,2077,SGBJUN29II,GB,83,52,62.65
20,2078,SGBJUN30,GB,89,54,60.67
20,2079,SGBJUN31I,GB,807,642,79.55
20,2080,SGBMAR25,GB,120,101,84.17
20,2081,SGBMAR28X,GB,3,2,66.67
20,2082,SGBMAR30X,GB,181,138,76.24
20,2083,SGBMAR31IV,GB,141,93,65.96
20,2084,SGBMAY25,GB,148,128,86.49
20,2085,SGBMAY26,GB,10,7,70.00
20,2086,SGBMAY28,GB,54,54,100.00
20,2087,SGBMAY29I,GB,631,496,78.61
20,2088,SGBMR29XII,GB,143,120,83.92
20,2089,SGBN28VIII,GB,169,112,66.27
20,2090,SGBNOV24,GB,171,166,97.08
20,2091,SGBNOV25,GB,20,20,100.00
20,2092,SGBNOV258,GB,18,17,94.44
20,2093,SGBNOV26,GB,14,14,100.00
20,2094,SGBNV29VII,GB,106,94,88.68
20,2095,SGBOC28VII,GB,87,63,72.41
20,2096,SGBOCT25,GB,10,10,100.00
20,2097,SGBOCT25IV,GB,228,228,100.00
20,2098,SGBOCT25V,GB,2,2,100.00
20,2099,SGBOCT26,GB,10,10,100.00
20,2100,SGBOCT27,GB,89,76,85.39
20,2101,SGBOCT27VI,GB,22,17,77.27
20,2102,SGBSEP27,GB,68,50,73.53
20,2103,SGBSEP28VI,GB,165,103,62.42
20,2104,SGBSEP29VI,GB,215,149,69.30
20,2105,SGBSEP31II,GB,1064,772,72.56
20,2106,SGIL,EQ,35300,21379,60.56
20,2107,SHAILY,EQ,102395,72292,70.60
20,2108,SHALBY,EQ,173951,66553,38.26
20,2109,SHALPAINTS,EQ,1019902,465945,45.69
20,2110,SHANKARA,EQ,72477,37676,51.98
20,2111,SHANTHALA,SM,1200,1200,100.00
20,2112,SHANTI,EQ,21933,14785,67.41
20,2113,SHANTIGEAR,EQ,28256,13252,46.90
20,2114,SHARDACROP,EQ,1942891,316353,16.28
20,2115,SHARDAMOTR,EQ,17348,7315,42.17
20,2116,SHAREINDIA,EQ,371722,155500,41.83
20,2117,SHARIABEES,EQ,9913,3814,38.47
20,2118,SHEETAL,SM,16000,16000,100.00
20,2119,SHEMAROO,EQ,89240,38356,42.98
20,2120,SHERA,SM,40000,28000,70.00
20,2121,SHIGAN,SM,84000,48000,57.14
20,2122,SHILPAMED,EQ,133851,60107,44.91
20,2123,SHIVALIK,EQ,18517,9099,49.14
20,2124,SHIVAMILLS,EQ,4812,2669,55.47
20,2125,SHIVATEX,EQ,21904,17249,78.75
20,2126,SHK,EQ,684457,341566,49.90
20,2127,SHOPERSTOP,EQ,37639,13109,34.83
20,2128,SHREDIGCEM,EQ,384208,152165,39.60
20,2129,SHREECEM,EQ,15081,6641,44.04
20,2130,SHREEKARNI,SM,10200,6600,64.71
20,2131,SHREEOSFM,SM,7000,5000,71.43
20,2132,SHREYANIND,EQ,6104,3717,60.89
20,2133,SHRIPISTON,EQ,36734,16485,44.88
20,2134,SHRIRAMFIN,EQ,4320596,1463820,33.88
20,2135,SHRIRAMPPS,EQ,1847864,757872,41.01
20,2136,SHRITECH,SM,8000,6000,75.00
20,2137,SHUBHLAXMI,ST,1000,1000,100.00
20,2138,SHUBHSHREE,ST,20400,18000,88.24
20,2139,SHYAMCENT,EQ,236062,119553,50.64
20,2140,SHYAMMETL,EQ,277941,131473,47.30
20,2141,SHYAMTEL,EQ,23133,19773,85.48
20,2142,SIDDHIKA,SM,2000,2000,100.00
20,2143,SIEMENS,EQ,274782,155581,56.62
20,2144,SIGACHI,EQ,1183644,469889,39.70
20,2145,SIGIND,EQ,24516,8426,34.37
20,2146,SIGMA,EQ,8100,4752,58.67
20,2147,SIGNATURE,EQ,358289,61376,17.13
20,2148,SIGNORIA,SM,46000,38000,82.61
20,2149,SIGNPOST,EQ,29565,15690,53.07
20,2150,SIKKO,EQ,407651,113465,27.83
20,2151,SILGO,EQ,105100,38113,36.26
20,2152,SILKFLEX,ST,34000,32000,94.12
20,2153,SILLYMONKS,EQ,927,719,77.56
20,2154,SILVER,EQ,170516,142493,83.57
20,2155,SILVER1,EQ,166905,137678,82.49
20,2156,SILVERADD,EQ,58128,48862,84.06
20,2157,SILVERBEES,EQ,8614427,6508242,75.55
20,2158,SILVERETF,EQ,220200,145664,66.15
20,2159,SILVERIETF,EQ,2796974,2124549,75.96
20,2160,SILVERTUC,EQ,18471,3492,18.91
20,2161,SILVRETF,EQ,55023,53570,97.36
20,2162,SINCLAIR,EQ,30700,14225,46.34
20,2163,SINDHUTRAD,EQ,576510,233003,40.42
20,2164,SINTERCOM,EQ,4702,2390,50.83
20,2165,SIRCA,EQ,109709,32626,29.74
20,2166,SIS,EQ,32879,19937,60.64
20,2167,SIYSIL,EQ,186332,72671,39.00
20,2168,SJLOGISTIC,ST,12500,12500,100.00
20,2169,SJS,EQ,149810,70992,47.39
20,2170,SJVN,EQ,4983337,1465952,29.42
20,2171,SKFINDIA,EQ,98332,78671,80.01
20,2172,SKIPPER,EQ,781196,216987,27.78
20,2173,SKIPPERPP,E1,106488,103548,97.24
20,2174,SKMEGGPROD,EQ,84370,39510,46.83
20,2175,SKP,SM,44000,31500,71.59
20,2176,SLONE,SM,1600,1600,100.00
20,2177,SMALLCAP,EQ,792247,651725,82.26
20,2178,SMCGLOBAL,EQ,1272315,620997,48.81
20,2179,SMLISUZU,EQ,12082,6035,49.95
20,2180,SMLT,EQ,68598,32042,46.71
20,2181,SMSPHARMA,EQ,144717,65393,45.19
20,2182,SNOWMAN,EQ,915530,274460,29.98
20,2183,SOBHA,EQ,416897,251816,60.40
20,2184,SOBHAPP,E1,692,593,85.69
20,2185,SOFTTECH,EQ,2216,777,35.06
20,2186,SOLARA,EQ,181222,110727,61.10
20,2187,SOLARAPP,E1,2600,2309,88.81
20,2188,SOLARINDS,EQ,46883,19166,40.88
20,2189,SOLEX,SM,13250,7250,54.72
20,2190,SOMANYCERA,EQ,17206,7810,45.39
20,2191,SOMATEX,EQ,137486,41626,30.28
20,2192,SONACOMS,EQ,4605722,3394655,73.71
20,2193,SONAMAC,SM,53000,36000,67.92
20,2194,SONATSOFTW,EQ,226078,78358,34.66
20,2195,SONUINFRA,SM,3000,3000,100.00
20,2196,SOTL,EQ,41475,18627,44.91
20,2197,SOUTHBANK,EQ,18418150,6160089,33.45
20,2198,SOUTHWEST,EQ,24762,11581,46.77
20,2199,SPAL,EQ,5225,1611,30.83
20,2200,SPANDANA,EQ,265078,91256,34.43
20,2201,SPARC,EQ,279458,111628,39.94
20,2202,SPCENET,EQ,4406292,2773534,62.94
20,2203,SPCL,SM,74400,52800,70.97
20,2204,SPECIALITY,EQ,33183,17440,52.56
20,2205,SPECTRUM,SM,1250,1250,100.00
20,2206,SPECTSTM,SM,17600,11200,63.64
20,2207,SPENCERS,EQ,218553,125216,57.29
20,2208,SPIC,EQ,633454,257045,40.58
20,2209,SPLIL,EQ,14410,7874,54.64
20,2210,SPLPETRO,EQ,59635,43880,73.58
20,2211,SPORTKING,EQ,295420,160161,54.21
20,2212,SPPPOLY,SM,54000,20000,37.04
20,2213,SRD,EQ,187853,109614,58.35
20,2214,SREEL,EQ,8390,4233,50.45
20,2215,SRF,EQ,405459,170225,41.98
20,2216,SRGHFL,EQ,9744,4598,47.19
20,2217,SRHHYPOLTD,EQ,74492,24210,32.50
20,2218,SRIVASAVI,SM,12000,9000,75.00
20,2219,SSDL,EQ,96870,38104,39.34
20,2220,SSEGL,ST,78000,72000,92.31
20,2221,SSFL,ST,19500,19500,100.00
20,2222,SSWL,EQ,185101,98419,53.17
20,2223,STANLEY,EQ,91689,41667,45.44
20,2224,STAR,EQ,265633,130805,49.24
20,2225,STARCEMENT,EQ,294678,115946,39.35
20,2226,STARHEALTH,EQ,787881,523328,66.42
20,2227,STARPAPER,EQ,21325,9495,44.53
20,2228,STARTECK,EQ,2778,392,14.11
20,2229,STCINDIA,EQ,75834,19605,25.85
20,2230,STEELCAS,EQ,12700,7242,57.02
20,2231,STEELCITY,EQ,26875,18588,69.16
20,2232,STEELXIND,EQ,2592408,692862,26.73
20,2233,STERTOOLS,EQ,181267,68633,37.86
20,2234,STLTECH,EQ,1006517,390542,38.80
20,2235,STOVEKRAFT,EQ,384460,204846,53.28
20,2236,STYLAMIND,EQ,28780,10420,36.21
20,2237,STYLEBAAZA,EQ,238167,90856,38.15
20,2238,STYRENIX,EQ,34234,17639,51.52
20,2239,SUBEXLTD,EQ,8247414,2430386,29.47
20,2240,SUBROS,EQ,48046,21495,44.74
20,2241,SUDARSCHEM,EQ,569732,134818,23.66
20,2242,SUKHJITS,EQ,21856,12205,55.84
20,2243,SULA,EQ,277043,99150,35.79
20,2244,SUMICHEM,EQ,944706,201293,21.31
20,2245,SUMMITSEC,EQ,33561,10290,30.66
20,2246,SUNCLAY,EQ,22557,15610,69.20
20,2247,SUNDARAM,EQ,844696,600613,71.10
20,2248,SUNDARMFIN,EQ,35832,14841,41.42
20,2249,SUNDARMHLD,EQ,141260,47152,33.38
20,2250,SUNDRMFAST,EQ,90755,49815,54.89
20,2251,SUNFLAG,EQ,162833,66307,40.72
20,2252,SUNLITE,SM,25200,21600,85.71
20,2253,SUNPHARMA,EQ,2445724,1139298,46.58
20,2254,SUNTECK,EQ,137792,44459,32.27
20,2255,SUNTV,EQ,169481,41030,24.21
20,2256,SUPERHOUSE,EQ,5906,3133,53.05
20,2257,SUPRAJIT,EQ,69087,27621,39.98
20,2258,SUPREMEIND,EQ,164249,77206,47.01
20,2259,SUPREMEPWR,ST,13000,13000,100.00
20,2260,SUPRIYA,EQ,1142002,405360,35.50
20,2261,SURAJEST,EQ,73740,37460,50.80
20,2262,SURANAT&P,EQ,128731,76251,59.23
20,2263,SURANI,SM,10400,9400,90.38
20,2264,SURYALAXMI,EQ,23633,9323,39.45
20,2265,SURYAROSNI,EQ,189500,69497,36.67
20,2266,SURYODAY,EQ,688910,398219,57.80
20,2267,SUTLEJTEX,EQ,81791,21044,25.73
20,2268,SUVEN,EQ,280455,86431,30.82
20,2269,SUVENPHAR,EQ,265885,131775,49.56
20,2270,SUVIDHAA,EQ,346036,162072,46.84
20,2271,SUYOG,EQ,25124,12432,49.48
20,2272,SUZLON,EQ,81820533,27946254,34.16
20,2273,SVLL,EQ,20910,15774,75.44
20,2274,SVPGLOB,EQ,208624,140096,67.15
20,2275,SWANENERGY,EQ,1201316,437852,36.45
20,2276,SWARAJ,ST,8000,7000,87.50
20,2277,SWARAJENG,EQ,11121,4681,42.09
20,2278,SWASTIK,SM,25200,20400,80.95
20,2279,SWELECTES,EQ,15374,7370,47.94
20,2280,SWSOLAR,EQ,1466186,880124,60.03
20,2281,SYLVANPLY,SM,2000,2000,100.00
20,2282,SYMPHONY,EQ,90303,36932,40.90
20,2283,SYNCOMF,EQ,6362618,1877886,29.51
20,2284,SYNGENE,EQ,1305802,893404,68.42
20,2285,SYNOPTICS,SM,4800,3600,75.00
20,2286,SYRMA,EQ,12240548,1899805,15.52
20,2287,SYSTANGO,SM,15200,10400,68.42
20,2288,TAC,ST,2400,2400,100.00
20,2289,TAINWALCHM,EQ,34266,14818,43.24
20,2290,TAJGVK,EQ,134278,43544,32.43
20,2291,TAKE,EQ,55918,27041,48.36
20,2292,TALBROAUTO,EQ,117918,53942,45.75
20,2293,TANLA,EQ,410321,184709,45.02
20,2294,TARACHAND,EQ,73980,34305,46.37
20,2295,TARC,EQ,400081,197691,49.41
20,2296,TARMAT,EQ,27908,10899,39.05
20,2297,TARSONS,EQ,40658,16967,41.73
20,2298,TASTYBITE,EQ,3124,839,26.86
20,2299,TATACHEM,EQ,1585694,541416,34.14
20,2300,TATACOMM,EQ,213902,58645,27.42
20,2301,TATACONSUM,EQ,2364081,1531085,64.76
20,2302,TATAELXSI,EQ,97684,36400,37.26
20,2303,TATAGOLD,EQ,5729791,4714986,82.29
20,2304,TATAINVEST,EQ,42309,13280,31.39
20,2305,TATAMOTORS,EQ,7106045,2688124,37.83
20,2306,TATAPOWER,EQ,8791214,2399903,27.30
20,2307,TATASTEEL,EQ,28386897,8594846,30.28
20,2308,TATATECH,EQ,1338772,672406,50.23
20,2309,TATSILV,EQ,1989962,1914685,96.22
20,2310,TATVA,EQ,322473,113900,35.32
20,2311,TBI,ST,22800,20400,89.47
20,2312,TBOTEK,EQ,27304,15566,57.01
20,2313,TBZ,EQ,719333,222586,30.94
20,2314,TCHF30,NB,195,195,100.00
20,2315,TCI,EQ,95791,29916,31.23
20,2316,TCIEXP,EQ,28035,17218,61.42
20,2317,TCL,SM,104000,94400,90.77
20,2318,TCPLPACK,EQ,6137,3294,53.67
20,2319,TCS,EQ,1532534,1050314,68.53
20,2320,TDPOWERSYS,EQ,334594,140934,42.12
20,2321,TEAMLEASE,EQ,28596,19126,66.88
20,2322,TECH,EQ,7589,4490,59.16
20,2323,TECHERA,SM,115200,91200,79.17
20,2324,TECHLABS,SM,33000,17000,51.52
20,2325,TECHM,EQ,1271473,680374,53.51
20,2326,TECHNOE,EQ,145340,79351,54.60
20,2327,TEGA,EQ,27077,11114,41.05
20,2328,TEJASNET,EQ,1111472,365053,32.84
20,2329,TERASOFT,EQ,189599,85101,44.88
20,2330,TEXINFRA,EQ,842443,345431,41.00
20,2331,TEXMOPIPES,EQ,58753,28383,48.31
20,2332,TEXRAIL,EQ,6906656,2275849,32.95
20,2333,TFCILTD,EQ,485379,212702,43.82
20,2334,TGBHOTELS,EQ,32806,16697,50.90
20,2335,TGL,ST,40800,36000,88.24
20,2336,THANGAMAYL,EQ,76929,20608,26.79
20,2337,THEINVEST,EQ,60405,31462,52.09
20,2338,THEJO,EQ,11873,6431,54.16
20,2339,THEMISMED,EQ,150481,67030,44.54
20,2340,THERMAX,EQ,223905,40700,18.18
20,2341,THESL,SM,87000,48000,55.17
20,2342,THOMASCOOK,EQ,530495,270430,50.98
20,2343,THOMASCOTT,EQ,41113,27250,66.28
20,2344,THYROCARE,EQ,198362,125294,63.16
20,2345,TI,EQ,466793,162781,34.87
20,2346,TIIL,EQ,11972,5134,42.88
20,2347,TIINDIA,EQ,127536,59970,47.02
20,2348,TIMESGTY,EQ,4470,1997,44.68
20,2349,TIMETECHNO,EQ,1044375,284616,27.25
20,2350,TIMKEN,EQ,47126,18702,39.69
20,2351,TIPSFILMS,EQ,9747,3355,34.42
20,2352,TIPSMUSIC,EQ,416358,205334,49.32
20,2353,TIRUMALCHM,EQ,229762,89486,38.95
20,2354,TIRUPATI,SM,250,250,100.00
20,2355,TITAGARH,EQ,1830148,282916,15.46
20,2356,TITAN,EQ,736462,404038,54.86
20,2357,TMB,EQ,121531,57693,47.47
20,2358,TNIDETF,EQ,31138,22565,72.47
20,2359,TNPETRO,EQ,142600,67887,47.61
20,2360,TNPL,EQ,236954,158192,66.76
20,2361,TNTELE,EQ,17807,9088,51.04
20,2362,TOKYOPLAST,EQ,8609,7701,89.45
20,2363,TOLINS,EQ,180996,98545,54.45
20,2364,TOP100CASE,EQ,121623,87483,71.93
20,2365,TOP10ADD,EQ,35962,27592,76.73
20,2366,TORNTPHARM,EQ,862562,569839,66.06
20,2367,TORNTPOWER,EQ,549193,197681,35.99
20,2368,TOTAL,EQ,4452,3256,73.14
20,2369,TOUCHWOOD,EQ,978,590,60.33
20,2370,TPHQ,EQ,2188987,1454068,66.43
20,2371,TRACXN,EQ,303911,108294,35.63
20,2372,TRANSTEEL,SM,18000,14000,77.78
20,2373,TRANSWORLD,EQ,54041,22425,41.50
20,2374,TREL,EQ,601895,253043,42.04
20,2375,TRENT,EQ,419026,207155,49.44
20,2376,TRF,EQ,15060,10864,72.14
20,2377,TRIDENT,EQ,5101016,1400816,27.46
20,2378,TRIDHYA,SM,576000,144000,25.00
20,2379,TRIGYN,EQ,62733,31052,49.50
20,2380,TRITURBINE,EQ,1001172,551456,55.08
20,2381,TRIVENI,EQ,351385,65426,18.62
20,2382,TROM,SM,43200,32400,75.00
20,2383,TRUST,SM,50400,33600,66.67
20,2384,TTKHLTCARE,EQ,23094,19405,84.03
20,2385,TTKPRESTIG,EQ,43608,22842,52.38
20,2386,TTL,EQ,330471,161364,48.83
20,2387,TTML,EQ,5986234,1127059,18.83
20,2388,TUNWAL,SM,70000,46000,65.71
20,2389,TVSMOTOR,EQ,887553,409934,46.19
20,2390,TVSSCS,EQ,504992,232658,46.07
20,2391,TVSSRICHAK,EQ,2999,1267,42.25
20,2392,TVTODAY,EQ,458131,181447,39.61
20,2393,UBL,EQ,265451,114407,43.10
20,2394,UCAL,EQ,34636,18972,54.78
20,2395,UCOBANK,EQ,6924275,1455331,21.02
20,2396,UDAICEMENT,EQ,361739,184678,51.05
20,2397,UDS,EQ,383655,203127,52.95
20,2398,UFLEX,EQ,121141,39510,32.61
20,2399,UFO,EQ,136015,50820,37.36
20,2400,UGARSUGAR,EQ,455880,209559,45.97
20,2401,UGROCAP,EQ,4236573,4091255,96.57
20,2402,UJJIVANSFB,EQ,11972344,5039264,42.09
20,2403,ULTRACEMCO,EQ,229113,125645,54.84
20,2404,UMA,SM,4000,4000,100.00
20,2405,UMESLTD,EQ,110787,87431,78.92
20,2406,UNICHEMLAB,EQ,152463,29234,19.17
20,2407,UNIDT,EQ,38016,19071,50.17
20,2408,UNIECOM,EQ,598075,158493,26.50
20,2409,UNIENTER,EQ,9055,4271,47.17
20,2410,UNIHEALTH,SM,11000,8000,72.73
20,2411,UNIINFO,EQ,15418,5897,38.25
20,2412,UNILEX,SM,17600,16000,90.91
20,2413,UNIONBANK,EQ,10326648,4552850,44.09
20,2414,UNIPARTS,EQ,38005,21148,55.65
20,2415,UNITDSPR,EQ,322416,176596,54.77
20,2416,UNITEDTEA,EQ,8704,5911,67.91
20,2417,UNIVASTU,EQ,45014,25088,55.73
20,2418,UNIVCABLES,EQ,114010,34530,30.29
20,2419,UNIVPHOTO,EQ,2084,745,35.75
20,2420,UNOMINDA,EQ,364664,186212,51.06
20,2421,UPL,EQ,1080853,277879,25.71
20,2422,URBAN,ST,15200,15200,100.00
20,2423,USASEEDS,SM,300,300,100.00
20,2424,USHAMART,EQ,4417471,667665,15.11
20,2425,UTIAMC,EQ,526585,129208,24.54
20,2426,UTIBANKETF,EQ,219738,207107,94.25
20,2427,UTINEXT50,EQ,133882,76559,57.18
20,2428,UTINIFTETF,EQ,83775,77718,92.77
20,2429,UTISENSETF,EQ,1351,1135,84.01
20,2430,UTISXN50,EQ,7283,5391,74.02
20,2431,UTKARSHBNK,EQ,1850100,847628,45.82
20,2432,UTSSAV,ST,68400,55200,80.70
20,2433,UTTAMSUGAR,EQ,83372,36088,43.29
20,2434,UYFINCORP,EQ,123314,70460,57.14
20,2435,VADILALIND,EQ,6500,3746,57.63
20,2436,VAIBHAVGBL,EQ,387778,150477,38.80
20,2437,VAKRANGEE,EQ,11929950,4599896,38.56
20,2438,VAL30IETF,EQ,131316,92176,70.19
20,2439,VALIANTLAB,EQ,50572,14239,28.16
20,2440,VALIANTORG,EQ,42138,26552,63.01
20,2441,VARDHACRLC,EQ,81028,37269,46.00
20,2442,VARROC,EQ,150050,63603,42.39
20,2443,VASCONEQ,EQ,783587,311609,39.77
20,2444,VBL,EQ,2827494,1629364,57.63
20,2445,VDEAL,SM,49200,31200,63.41
20,2446,VEDL,EQ,6637174,2847854,42.91
20,2447,VEEDOL,EQ,19459,10484,53.88
20,2448,VEEKAYEM,ST,4000,4000,100.00
20,2449,VELS,SM,8400,7200,85.71
20,2450,VENKEYS,EQ,33689,13216,39.23
20,2451,VENUSPIPES,EQ,32626,18782,57.57
20,2452,VENUSREM,EQ,77848,33170,42.61
20,2453,VERA,SM,1500,1500,100.00
20,2454,VERANDA,EQ,233039,56675,24.32
20,2455,VERITAAS,SM,1200,1200,100.00
20,2456,VERTOZ,EQ,11543650,3861480,33.45
20,2457,VESUVIUS,EQ,19866,6879,34.63
20,2458,VGUARD,EQ,237502,85410,35.96
20,2459,VHL,EQ,2063,933,45.23
20,2460,VIAZ,SM,6000,6000,100.00
20,2461,VIDHIING,EQ,8928,4686,52.49
20,2462,VIESL,SM,53600,35200,65.67
20,2463,VIJAYA,EQ,107578,32992,30.67
20,2464,VIJIFIN,EQ,296953,149591,50.38
20,2465,VIKASECO,EQ,10387260,3364687,32.39
20,2466,VIKASLIFE,EQ,3944843,2004177,50.80
20,2467,VILAS,SM,46000,32000,69.57
20,2468,VIMTALABS,EQ,14431,6213,43.05
20,2469,VINATIORGA,EQ,20930,9592,45.83
20,2470,VINCOFE,EQ,532154,253557,47.65
20,2471,VINDHYATEL,EQ,13392,6767,50.53
20,2472,VINEETLAB,EQ,11135,5370,48.23
20,2473,VINSYS,SM,13000,8000,61.54
20,2474,VINYAS,ST,600,400,66.67
20,2475,VINYLINDIA,EQ,11660,5683,48.74
20,2476,VIPIND,EQ,615097,251507,40.89
20,2477,VIRINCHI,EQ,244994,132025,53.89
20,2478,VISAKAIND,EQ,170107,61375,36.08
20,2479,VISAMAN,SM,18000,18000,100.00
20,2480,VISHNU,EQ,498602,204608,41.04
20,2481,VISHNUINFR,ST,3000,3000,100.00
20,2482,VISHWARAJ,EQ,987537,394820,39.98
20,2483,VISHWAS,SM,3200,3200,100.00
20,2484,VITAL,SM,7200,7200,100.00
20,2485,VIVIANA,ST,15500,14500,93.55
20,2486,VIVIDHA,EQ,377621,227302,60.19
20,2487,VIVO,ST,3200,3200,100.00
20,2488,VLINFRA,ST,18000,18000,100.00
20,2489,VLSFINANCE,EQ,80679,34880,43.23
20,2490,VMARCIND,ST,9000,9000,100.00
20,2491,VMART,EQ,34009,16636,48.92
20,2492,VOLTAMP,EQ,178351,86496,48.50
20,2493,VOLTAS,EQ,747662,379514,50.76
20,2494,VPRPL,EQ,1727911,512663,29.67
20,2495,VRAJ,EQ,113169,46726,41.29
20,2496,VRLLOG,EQ,45234,16959,37.49
20,2497,VSSL,EQ,186055,163357,87.80
20,2498,VSTIND,EQ,535046,187811,35.10
20,2499,VSTL,EQ,51981,23287,44.80
20,2500,VSTTILLERS,EQ,4082,2423,59.36
20,2501,VTL,EQ,157881,57164,36.21
20,2502,WAAREEENER,EQ,21535158,10331303,47.97
20,2503,WABAG,EQ,436122,162999,37.37
20,2504,WALCHANNAG,EQ,426671,203177,47.62
20,2505,WCIL,EQ,411316,188425,45.81
20,2506,WEBELSOLAR,EQ,347252,156280,45.00
20,2507,WEIZMANIND,EQ,23143,11601,50.13
20,2508,WEL,EQ,24864,5711,22.97
20,2509,WELCORP,EQ,292289,113257,38.75
20,2510,WELENT,EQ,478673,214944,44.90
20,2511,WELINV,EQ,199,120,60.30
20,2512,WELSPUNLIV,EQ,2882210,884202,30.68
20,2513,WENDT,EQ,131,89,67.94
20,2514,WESTLIFE,EQ,96507,40954,42.44
20,2515,WEWIN,EQ,6085,1257,20.66
20,2516,WHEELS,EQ,145037,56012,38.62
20,2517,WHIRLPOOL,EQ,100639,52351,52.02
20,2518,WILLAMAGOR,EQ,30444,15413,50.63
20,2519,WINDLAS,EQ,43674,26233,60.07
20,2520,WINDMACHIN,EQ,138479,67889,49.02
20,2521,WINSOL,SM,22400,12800,57.14
20,2522,WIPL,EQ,3274,1516,46.30
20,2523,WIPRO,EQ,5592929,2567153,45.90
20,2524,WOCKPHARMA,EQ,338722,196665,58.06
20,2525,WOL3D,SM,15000,13000,86.67
20,2526,WOMANCART,ST,3200,1600,50.00
20,2527,WONDERLA,EQ,34429,18381,53.39
20,2528,WORTH,EQ,23946,11946,49.89
20,2529,WSI,EQ,67941,27655,40.70
20,2530,WSTCSTPAPR,EQ,127025,58245,45.85
20,2531,WTICAB,SM,12000,11000,91.67
20,2532,XCHANGING,EQ,227889,92708,40.68
20,2533,XPROINDIA,EQ,20877,14601,69.94
20,2534,XTGLOBAL,EQ,37410,9550,25.53
20,2535,YAARI,EQ,113579,57724,50.82
20,2536,YASHO,EQ,9090,4273,47.01
20,2537,YASHOPTICS,SM,16000,14400,90.00
20,2538,YATHARTH,EQ,423134,156165,36.91
20,2539,YATRA,EQ,116548,47519,40.77
20,2540,YCCL,SM,3000,3000,100.00
20,2541,YESBANK,EQ,228826923,48119025,21.03
20,2542,YUDIZ,SM,4800,4000,83.33
20,2543,YUKEN,EQ,14876,7167,48.18
20,2544,ZEAL,SM,11400,9000,78.95
20,2545,ZEEL,EQ,9252028,3670812,39.68
20,2546,ZEELEARN,EQ,612767,468355,76.43
20,2547,ZENITHDRUG,ST,54400,48000,88.24
20,2548,ZENSARTECH,EQ,325728,165785,50.90
20,2549,ZENTEC,EQ,260197,89471,34.39
20,2550,ZFCVINDIA,EQ,12647,5059,40.00
20,2551,ZIMLAB,EQ,76774,37996,49.49
20,2552,ZODIACLOTH,EQ,9994,6629,66.33
20,2553,ZOMATO,EQ,41028381,12599945,30.71
20,2554,ZOTA,EQ,17070,11527,67.53
20,2555,ZTECH,ST,27600,27600,100.00
20,2556,ZUARI,EQ,75714,25686,33.93
20,2557,ZUARIIND,EQ,91363,39564,43.30
20,2558,ZYDUSLIFE,EQ,753928,335561,44.51
20,2559,ZYDUSWELL,EQ,231714,219788,94.85
