Security Wise Delivery Position - Compulsory Rolling Settlement
10,MTO,31102024,1233886068,0002510
Trade Date <31-OCT-2024>,Settlement Type <N>
Record Type,Sr No,Name of Security,Quantity Traded,Deliverable Quantity(gross across client level),% of Deliverable Quantity to Traded Quantity
20,1,1003ISFL28,N4,370,370,100.00
20,2,1003SCL30A,NV,12,12,100.00
20,3,1015ECL29,NR,170,170,100.00
20,4,1015SCL28B,AZ,10,10,100.00
20,5,1018GS2026,GS,11193,11193,100.00
20,6,1025NFL25,N5,10,10,100.00
20,7,1025SCL34,Z8,54,54,100.00
20,8,1025SCL34B,N1,63,63,100.00
20,9,1040UCL27B,N1,273,273,100.00
20,10,1050NFL26,N7,158,139,87.97
20,11,1050UCL25,N7,21,21,100.00
20,12,105IIFL29,N7,569,569,100.00
20,13,1060ECL29,NS,291,291,100.00
20,14,1065NFL27,NC,65,65,100.00
20,15,10CAGL27,N5,10,10,100.00
20,16,10IFSL26,N7,65,65,100.00
20,17,10IIFL28,N4,208,208,100.00
20,18,10IIFL28A,NE,469,469,100.00
20,19,10IIFL29,N6,51,51,100.00
20,20,10NFL25,N9,3,3,100.00
20,21,10NIDO26,N6,434,322,74.19
20,22,10SCL30A,BV,239,212,88.70
20,23,1102NFL26,N8,15,15,100.00
20,24,182D170125,TB,500,500,100.00
20,25,182D221124,TB,100,100,100.00
20,26,182D261224,TB,500,500,100.00
20,27,182D281124,TB,700,700,100.00
20,28,182D300125,TB,100,100,100.00
20,29,360ONE,EQ,464670,296612,63.83
20,30,364D040925,TB,6400,6400,100.00
20,31,364D051224,TB,100,100,100.00
20,32,364D080525,TB,100,100,100.00
20,33,364D090125,TB,15000,15000,100.00
20,34,364D110925,TB,13000,13000,100.00
20,35,364D121224,TB,5000,5000,100.00
20,36,364D161025,TB,100,100,100.00
20,37,364D231025,TB,100,100,100.00
20,38,364D261224,TB,5100,5100,100.00
20,39,364D270325,TB,1000,1000,100.00
20,40,3IINFOLTD,EQ,569692,255588,44.86
20,41,3MINDIA,EQ,11265,4224,37.50
20,42,515GS2025,GS,175,175,100.00
20,43,574GS2026,GS,136,136,100.00
20,44,585GS2030,GS,2000,2000,100.00
20,45,5PAISA,EQ,31134,10729,34.46
20,46,610GS2031,GS,182,91,50.00
20,47,63MOONS,EQ,1673079,627321,37.50
20,48,654GS2032,GS,1,1,100.00
20,49,667GS2035,GS,2,1,50.00
20,50,679GS2034,GS,3900,3900,100.00
20,51,689GS2025,GS,1261,1261,100.00
20,52,68GS2060,GS,125,125,100.00
20,53,695GS2061,GS,8,8,100.00
20,54,699GS2026,GS,1100,1100,100.00
20,55,702GS2027,GS,100,100,100.00
20,56,702GS2031,GS,300,300,100.00
20,57,704GS2029,GS,8491,8491,100.00
20,58,706GS2028,GS,4701,4701,100.00
20,59,709GS2054,GS,500,500,100.00
20,60,710GS2029,GS,144950,144950,100.00
20,61,717GS2030,GS,2065,2065,100.00
20,62,718GS2037,GS,78626,78626,100.00
20,63,723GS2039,GS,100,100,100.00
20,64,725GS2063,GS,2,2,100.00
20,65,726GS2032,GS,354877,354876,100.00
20,66,726GS2033,GS,500,500,100.00
20,67,732GS2030,GS,7100,4000,56.34
20,68,732IRFC25,NI,304,304,100.00
20,69,733GS2026,GS,9100,9100,100.00
20,70,734GS2064,GS,501,451,90.02
20,71,736GS2052,GS,8101,8101,100.00
20,72,737GS2028,GS,5400,5400,100.00
20,73,738GS2027,GS,76067,63123,82.98
20,74,739NHAI26,N8,3822,2822,73.84
20,75,73GS2053,GS,3115,3015,96.79
20,76,741GS2036,GS,34548,34448,99.71
20,77,743REC35,NH,4,4,100.00
20,78,746GS2073,GS,199,199,100.00
20,79,74GS2062,GS,60,60,100.00
20,80,750IRFC35,NK,5,5,100.00
20,81,751HUDCO28,N5,200,200,100.00
20,82,753IRFC30,NJ,789,789,100.00
20,83,753NTPC30E,NC,150,150,100.00
20,84,754GS2036,GS,181473,172703,95.17
20,85,760PFCL35,N3,16,16,100.00
20,86,764HUDCO31,N8,1,1,100.00
20,87,764IRFC31,NO,1107,1107,100.00
20,88,769NHAI31,NE,2035,2035,100.00
20,89,76NHAI31,NA,1183,1183,100.00
20,90,797IGT31,NL,31,22,70.97
20,91,79NHIT35,N1,781,744,95.26
20,92,79NHIT40,N2,50,50,100.00
20,93,79NHIT47,N3,31,19,61.29
20,94,802AP38,SG,400,400,100.00
20,95,802WB37,SG,300,300,100.00
20,96,810IRFC27,N2,1181,1170,99.07
20,97,812REC27,NI,378,275,72.75
20,98,81ABFL33,N5,34,34,100.00
20,99,820IIFL27,N9,5,5,100.00
20,100,825IIFL25,N7,100,100,100.00
20,101,828GS2027,GS,1,1,100.00
20,102,829LTF24,NL,4,4,100.00
20,103,82IGT31,NJ,404,395,97.77
20,104,830NHAI27,N2,8438,7307,86.60
20,105,833GS2036,GS,550,550,100.00
20,106,835IFL25,NV,220,220,100.00
20,107,840CIFCL28,N4,10,10,100.00
20,108,842IIFL26,NL,955,780,81.68
20,109,843IHFL29,NC,1349,1349,100.00
20,110,849NTPC25,N7,20005,17076,85.36
20,111,84TCHF28,NA,88,87,98.86
20,112,865IFL28,NZ,4915,2705,55.04
20,113,865IIFL28,NS,2226,1579,70.93
20,114,865IRFC29,NA,1,1,100.00
20,115,865LTF26,NN,455,455,100.00
20,116,865SCL26,N8,20,20,100.00
20,117,866SCFL25,Y8,2,2,100.00
20,118,866SFL25,ZE,28,28,100.00
20,119,86LTF24,NJ,157,116,73.89
20,120,871REC28,N9,600,600,100.00
20,121,872MMFSL26,N1,11,11,100.00
20,122,875NHAI29,N6,1259,1259,100.00
20,123,876HUDCO28,ND,976,976,100.00
20,124,87SCL27A,ZK,5,5,100.00
20,125,880IREDA34,N6,50,50,100.00
20,126,885TCAPS29,NC,241,240,99.59
20,127,888ERFL28,N5,55,55,100.00
20,128,888IRFC29,NE,1695,1535,90.56
20,129,888REC29,NF,15,15,100.00
20,130,890NHB34,N7,100,100,100.00
20,131,891IIFCL34,N4,25,25,100.00
20,132,892NHPC33,N6,508,508,100.00
20,133,893NHB29,N6,29,29,100.00
20,134,894SCL25,Z3,115,115,100.00
20,135,8ABFL26,N0,100,100,100.00
20,136,901HUDCO34,NE,365,356,97.53
20,137,901NHB34,N6,218,181,83.03
20,138,91D051224,TB,600,600,100.00
20,139,91D090125,TB,100,100,100.00
20,140,91D121224,TB,500,500,100.00
20,141,91D211124,TB,100,100,100.00
20,142,91D281124,TB,200,200,100.00
20,143,925IHFL25D,N6,20,20,100.00
20,144,925SCL26F,N1,10,10,100.00
20,145,925SCL27,YR,1,1,100.00
20,146,925SCL29A,ZM,2001,2000,99.95
20,147,92GS2030,GS,18136,17852,98.43
20,148,930SFL28,YP,22,22,100.00
20,149,931SFL26,Z5,10,10,100.00
20,150,932AEL27,N3,22,22,100.00
20,151,935MOFSL29,N5,150,150,100.00
20,152,93MOFSL34,N6,75,75,100.00
20,153,93SCL24A,ZN,6,6,100.00
20,154,943ECL28,NJ,75,75,100.00
20,155,945IFSL25,N4,31,31,100.00
20,156,948SCL26A,NN,6,6,100.00
20,157,94SFL28,YL,605,605,100.00
20,158,957ICCL25,YW,2,0,0.00
20,159,957ISFL26,N2,516,516,100.00
20,160,957NIDO26,N5,5,5,100.00
20,161,960CAGL25,N3,571,571,100.00
20,162,965SCL25B,Y1,173,173,100.00
20,163,96IIFL28,N5,248,244,98.39
20,164,96IIFL28A,NF,367,287,78.20
20,165,96SFL24A,NB,19,19,100.00
20,166,970CAGL28,ND,723,723,100.00
20,167,971SCL28,AN,22,22,100.00
20,168,985IIFL22,NC,17,14,82.35
20,169,990SCL26,N7,229,227,99.13
20,170,99AEL29,N7,759,759,100.00
20,171,99IFCI24,NH,133,133,100.00
20,172,9ICCL23A,N0,5,5,100.00
20,173,9IIFL28,Y0,20,10,50.00
20,174,9MMFSML,N2,20,20,100.00
20,175,A2ZINFRA,EQ,139131,89558,64.37
20,176,AAATECH,EQ,8163,5449,66.75
20,177,AADHARHFC,EQ,308749,122971,39.83
20,178,AAKASH,EQ,206417,142853,69.21
20,179,AARON,EQ,3077,2007,65.23
20,180,AARTECH,EQ,24841,13726,55.26
20,181,AARTIDRUGS,EQ,116131,53095,45.72
20,182,AARTIIND,EQ,1019663,342050,33.55
20,183,AARTIPHARM,EQ,157261,95070,60.45
20,184,AARVI,EQ,10644,3900,36.64
20,185,AATMAJ,SM,10000,8000,80.00
20,186,AAVAS,EQ,76557,42087,54.97
20,187,ABAN,EQ,49766,37941,76.24
20,188,ABB,EQ,520624,255251,49.03
20,189,ABBOTINDIA,EQ,7230,2066,28.58
20,190,ABCAPITAL,EQ,23489246,7365453,31.36
20,191,ABCOTS,ST,2000,1000,50.00
20,192,ABDL,EQ,572765,332092,57.98
20,193,ABFRL,EQ,2634924,1147870,43.56
20,194,ABGSEC,EQ,310,205,66.13
20,195,ABINFRA,ST,4000,4000,100.00
20,196,ABREL,EQ,222352,89756,40.37
20,197,ABSLAMC,EQ,561637,284075,50.58
20,198,ABSLBANETF,EQ,19437,10455,53.79
20,199,ABSLLIQUID,EQ,1913,1068,55.83
20,200,ABSLNN50ET,EQ,48491,21190,43.70
20,201,ABSLPSE,EQ,99718,68409,68.60
20,202,ABSMARINE,SM,46500,31000,66.67
20,203,ACC,EQ,225475,74634,33.10
20,204,ACCELYA,EQ,43247,38685,89.45
20,205,ACCENTMIC,SM,21000,15000,71.43
20,206,ACCURACY,EQ,460057,290323,63.11
20,207,ACE,EQ,441932,137640,31.15
20,208,ACEINTEG,EQ,90770,24227,26.69
20,209,ACI,EQ,212379,83410,39.27
20,210,ACL,EQ,12311,6860,55.72
20,211,ACLGATI,EQ,553087,248121,44.86
20,212,ACSAL,ST,31500,30000,95.24
20,213,ADANIENSOL,EQ,1546658,639714,41.36
20,214,ADANIENT,EQ,1156390,341436,29.53
20,215,ADANIGREEN,EQ,716981,351736,49.06
20,216,ADANIPORTS,EQ,1891761,924441,48.87
20,217,ADANIPOWER,EQ,2434391,695742,28.58
20,218,ADFFOODS,EQ,327997,89677,27.34
20,219,ADORWELD,EQ,15126,12192,80.60
20,220,ADROITINFO,EQ,68008,38584,56.73
20,221,ADROITPP1,E1,14980,12911,86.19
20,222,ADSL,EQ,604040,187244,31.00
20,223,ADVANIHOTR,EQ,37097,20656,55.68
20,224,ADVENZYMES,EQ,188197,97120,51.61
20,225,AEGISLOG,EQ,335187,206908,61.73
20,226,AEL120924B,N8,20,20,100.00
20,227,AEROFLEX,EQ,1302209,399745,30.70
20,228,AERON,SM,23000,22000,95.65
20,229,AESTHETIK,SM,74000,48000,64.86
20,230,AETHER,EQ,52139,28964,55.55
20,231,AFFLE,EQ,224165,139912,62.41
20,232,AFFORDABLE,EQ,24032,13944,58.02
20,233,AFIL,EQ,19543,11494,58.81
20,234,AGARIND,EQ,13001,7478,57.52
20,235,AGARWALFT,SM,1500,1500,100.00
20,236,AGI,EQ,78190,35048,44.82
20,237,AGIIL,EQ,316650,233374,73.70
20,238,AGNI,SM,12500,7500,60.00
20,239,AGRITECH,EQ,10087,5752,57.02
20,240,AGROPHOS,EQ,66702,38486,57.70
20,241,AGSTRA,EQ,715581,345799,48.32
20,242,AHL,EQ,284254,140462,49.41
20,243,AHLADA,EQ,31146,21634,69.46
20,244,AHLEAST,EQ,28780,21322,74.09
20,245,AHLUCONT,EQ,44106,26597,60.30
20,246,AIAENG,EQ,227291,161000,70.83
20,247,AIIL,EQ,55243,24240,43.88
20,248,AIMTRON,ST,54400,52800,97.06
20,249,AIROLAM,EQ,7108,4678,65.81
20,250,AIRTELPP,E1,132744,112261,84.57
20,251,AISL,ST,1200,1200,100.00
20,252,AJANTPHARM,EQ,236230,95706,40.51
20,253,AJMERA,EQ,94331,44540,47.22
20,254,AKANKSHA,SM,42000,26000,61.90
20,255,AKASH,EQ,33399,8495,25.43
20,256,AKG,EQ,26403,15268,57.83
20,257,AKI,EQ,71518,53015,74.13
20,258,AKIKO,SM,3200,3200,100.00
20,259,AKSHARCHEM,EQ,5770,4605,79.81
20,260,AKSHOPTFBR,EQ,254258,157926,62.11
20,261,AKUMS,EQ,431379,243481,56.44
20,262,AKZOINDIA,EQ,437849,50939,11.63
20,263,ALANKIT,EQ,411161,204421,49.72
20,264,ALEMBICLTD,EQ,489575,196988,40.24
20,265,ALICON,EQ,6018,2766,45.96
20,266,ALKALI,EQ,9392,8102,86.26
20,267,ALKEM,EQ,140721,63898,45.41
20,268,ALKYLAMINE,EQ,29426,13057,44.37
20,269,ALLCARGO,EQ,1468382,616165,41.96
20,270,ALLDIGI,EQ,35007,23525,67.20
20,271,ALLETEC,SM,70400,39200,55.68
20,272,ALOKINDS,EQ,5317461,1595445,30.00
20,273,ALPEXSOLAR,SM,107000,55400,51.78
20,274,ALPHA,EQ,652759,361485,55.38
20,275,ALPHAETF,EQ,1037292,872326,84.10
20,276,ALPHAGEO,EQ,5170,3395,65.67
20,277,ALPL30IETF,EQ,774113,581408,75.11
20,278,ALUWIND,ST,15000,15000,100.00
20,279,AMBER,EQ,406218,78584,19.35
20,280,AMBEY,SM,40000,28000,70.00
20,281,AMBICAAGAR,EQ,8593,4313,50.19
20,282,AMBIKCO,EQ,16387,10610,64.75
20,283,AMBUJACEM,EQ,2016146,1025390,50.86
20,284,AMDIND,EQ,15989,7340,45.91
20,285,AMEYA,ST,6000,6000,100.00
20,286,AMIORG,EQ,602173,187644,31.16
20,287,AMJLAND,EQ,111884,36743,32.84
20,288,AMNPLST,EQ,2717,1510,55.58
20,289,AMRUTANJAN,EQ,22284,11353,50.95
20,290,ANANDRATHI,EQ,127026,43677,34.38
20,291,ANANTRAJ,EQ,2365311,732497,30.97
20,292,ANDHRAPAP,EQ,84990,36434,42.87
20,293,ANDHRSUGAR,EQ,439436,208362,47.42
20,294,ANGELONE,EQ,1042831,155760,14.94
20,295,ANLON,SM,4400,3600,81.82
20,296,ANMOL,EQ,87414,60982,69.76
20,297,ANNAPURNA,SM,95750,67500,70.50
20,298,ANUP,EQ,756494,76433,10.10
20,299,ANURAS,EQ,84037,24543,29.20
20,300,APARINDS,EQ,147768,35203,23.82
20,301,APCL,EQ,2396,803,33.51
20,302,APCOTEXIND,EQ,8845,3767,42.59
20,303,APEX,EQ,21972,12379,56.34
20,304,APLAPOLLO,EQ,636928,376582,59.12
20,305,APLLTD,EQ,199071,74566,37.46
20,306,APOLLO,EQ,1328152,566764,42.67
20,307,APOLLOHOSP,EQ,224153,116472,51.96
20,308,APOLLOPIPE,EQ,87594,32640,37.26
20,309,APOLLOTYRE,EQ,1063823,293414,27.58
20,310,APOLSINHOT,EQ,6085,3213,52.80
20,311,APRAMEYA,SM,16000,14000,87.50
20,312,APS,ST,40500,39000,96.30
20,313,APTECHT,EQ,98441,51897,52.72
20,314,APTUS,EQ,593263,299853,50.54
20,315,ARABIAN,SM,10000,8000,80.00
20,316,ARCHIDPLY,EQ,30317,19399,63.99
20,317,ARE&M,EQ,584430,234310,40.09
20,318,ARHAM,SM,32000,23000,71.88
20,319,ARIES,EQ,44756,24898,55.63
20,320,ARIHANTACA,ST,800,800,100.00
20,321,ARIHANTCAP,EQ,269207,86478,32.12
20,322,ARIHANTSUP,EQ,17673,7298,41.29
20,323,ARISTO,SM,6400,4800,75.00
20,324,ARKADE,EQ,535844,220575,41.16
20,325,ARMANFIN,EQ,23229,11909,51.27
20,326,AROGRANITE,EQ,14227,9616,67.59
20,327,ARROWGREEN,EQ,33729,21872,64.85
20,328,ARTEMISMED,EQ,73177,38711,52.90
20,329,ARVEE,EQ,2970,1676,56.43
20,330,ARVIND,EQ,429137,180374,42.03
20,331,ARVINDFASN,EQ,444001,252542,56.88
20,332,ARVSMART,EQ,180070,59883,33.26
20,333,ASAHIINDIA,EQ,573414,104780,18.27
20,334,ASAL,EQ,18062,5536,30.65
20,335,ASALCBR,EQ,25158,11603,46.12
20,336,ASHALOG,SM,99000,37000,37.37
20,337,ASHAPURMIN,EQ,393781,204330,51.89
20,338,ASHIANA,EQ,76328,34342,44.99
20,339,ASHOKA,EQ,3780875,925147,24.47
20,340,ASHOKLEY,EQ,6715740,3492217,52.00
20,341,ASIANENE,EQ,72037,45091,62.59
20,342,ASIANHOTNR,EQ,848,776,91.51
20,343,ASIANPAINT,EQ,1031171,640516,62.12
20,344,ASIANTILES,EQ,402337,246268,61.21
20,345,ASKAUTOLTD,EQ,298650,157737,52.82
20,346,ASLIND,SM,4000,4000,100.00
20,347,ASMS,EQ,362005,180768,49.94
20,348,ASPINWALL,EQ,8827,6365,72.11
20,349,ASPIRE,SM,18000,12000,66.67
20,350,ASTEC,EQ,147735,81886,55.43
20,351,ASTERDM,EQ,858428,449010,52.31
20,352,ASTRAL,EQ,514160,302012,58.74
20,353,ASTRAMICRO,EQ,153272,70599,46.06
20,354,ASTRAZEN,EQ,42952,7655,17.82
20,355,ASTRON,EQ,31406,16646,53.00
20,356,ATAM,EQ,67153,25790,38.40
20,357,ATFL,EQ,22741,12622,55.50
20,358,ATGL,EQ,392901,107071,27.25
20,359,ATL,EQ,172229,87627,50.88
20,360,ATMASTCO,ST,49200,46400,94.31
20,361,ATUL,EQ,96741,51226,52.95
20,362,ATULAUTO,EQ,40527,24753,61.08
20,363,AUBANK,EQ,2134118,1183744,55.47
20,364,AURDIS,SM,1250,1250,100.00
20,365,AURIONPRO,EQ,89723,41492,46.24
20,366,AUROIMPEX,SM,16000,12800,80.00
20,367,AUROPHARMA,EQ,766784,447128,58.31
20,368,AURUMPP1,X1,25,25,100.00
20,369,AUSL,SM,4000,2000,50.00
20,370,AUSOMENT,EQ,63417,32649,51.48
20,371,AUTOAXLES,EQ,32176,7364,22.89
20,372,AUTOBEES,EQ,316667,154432,48.77
20,373,AUTOIETF,EQ,686398,381624,55.60
20,374,AUTOIND,EQ,43080,23255,53.98
20,375,AVADHSUGAR,EQ,51930,15229,29.33
20,376,AVALON,EQ,141521,59300,41.90
20,377,AVANTEL,EQ,708942,272611,38.45
20,378,AVANTIFEED,EQ,150583,54630,36.28
20,379,AVG,EQ,29310,14284,48.73
20,380,AVIANSH,SM,32000,28000,87.50
20,381,AVPINFRA,ST,47200,47200,100.00
20,382,AVTNPL,EQ,57618,28866,50.10
20,383,AWFIS,EQ,97975,49705,50.73
20,384,AWHCL,EQ,172912,77120,44.60
20,385,AWL,EQ,1996743,1011294,50.65
20,386,AXISBANK,EQ,8682294,6278706,72.32
20,387,AXISBNKETF,EQ,256,198,77.34
20,388,AXISBPSETF,EQ,60766,55276,90.97
20,389,AXISCADES,EQ,31544,15554,49.31
20,390,AXISCETF,EQ,1968,1728,87.80
20,391,AXISGOLD,EQ,1285866,1203987,93.63
20,392,AXISHCETF,EQ,7471,5926,79.32
20,393,AXISILVER,EQ,28352,21529,75.93
20,394,AXISNIFTY,EQ,6017,5921,98.40
20,395,AXISTECETF,EQ,3791,3482,91.85
20,396,AXITA,EQ,2328797,988909,42.46
20,397,AXSENSEX,EQ,3151,2174,68.99
20,398,AZAD,EQ,110938,58880,53.07
20,399,BABAFP,SM,12800,8000,62.50
20,400,BAGFILMS,EQ,530539,330455,62.29
20,401,BAHETI,ST,8625,7875,91.30
20,402,BAJAJ-AUTO,EQ,361801,143089,39.55
20,403,BAJAJCON,EQ,139052,57966,41.69
20,404,BAJAJELEC,EQ,17195,7674,44.63
20,405,BAJAJFINSV,EQ,869480,387393,44.55
20,406,BAJAJHCARE,EQ,50846,22500,44.25
20,407,BAJAJHFL,EQ,10985009,3657147,33.29
20,408,BAJAJHIND,EQ,5940552,2435283,40.99
20,409,BAJAJHLDNG,EQ,41264,27446,66.51
20,410,BAJEL,EQ,144989,69446,47.90
20,411,BAJFINANCE,EQ,730153,409319,56.06
20,412,BALAJEE,EQ,102236,47633,46.59
20,413,BALAMINES,EQ,31388,11854,37.77
20,414,BALAXI,EQ,30197,5326,17.64
20,415,BALCO,ST,2400,2400,100.00
20,416,BALKRISHNA,EQ,29813,14986,50.27
20,417,BALKRISIND,EQ,189753,77490,40.84
20,418,BALMLAWRIE,EQ,188062,91697,48.76
20,419,BALRAMCHIN,EQ,3026129,965768,31.91
20,420,BALUFORGE,EQ,391876,140605,35.88
20,421,BANARBEADS,EQ,100790,24163,23.97
20,422,BANARISUG,EQ,730,355,48.63
20,423,BANCOINDIA,EQ,58178,28616,49.19
20,424,BANDHANBNK,EQ,16999003,5493240,32.32
20,425,BANG,EQ,14788,5933,40.12
20,426,BANKA,EQ,15457,13441,86.96
20,427,BANKBARODA,EQ,7738588,2626031,33.93
20,428,BANKBEES,EQ,561082,371304,66.18
20,429,BANKBETF,EQ,85798,84451,98.43
20,430,BANKETF,EQ,8801,8681,98.64
20,431,BANKETFADD,EQ,3245,3201,98.64
20,432,BANKIETF,EQ,500726,351136,70.13
20,433,BANKINDIA,EQ,5828107,2093936,35.93
20,434,BANKNIFTY1,EQ,156568,146362,93.48
20,435,BANKPSU,EQ,3849,2016,52.38
20,436,BANSALWIRE,EQ,55562,31641,56.95
20,437,BANSWRAS,EQ,13075,7109,54.37
20,438,BARBEQUE,EQ,54465,23890,43.86
20,439,BASF,EQ,38438,14045,36.54
20,440,BASILIC,SM,48000,33000,68.75
20,441,BATAINDIA,EQ,242375,71776,29.61
20,442,BAWEJA,SM,8800,8000,90.91
20,443,BAYERCROP,EQ,20599,9344,45.36
20,444,BBETF0432,EQ,2671,2519,94.31
20,445,BBL,EQ,24546,14677,59.79
20,446,BBNPNBETF,EQ,978,904,92.43
20,447,BBNPPGOLD,EQ,11540,10561,91.52
20,448,BBOX,EQ,117557,76661,65.21
20,449,BBTC,EQ,119951,53018,44.20
20,450,BBTCL,EQ,1698,1325,78.03
20,451,BCLIND,EQ,814506,239347,29.39
20,452,BCONCEPTS,EQ,6303,4005,63.54
20,453,BDL,EQ,314525,149338,47.48
20,454,BEACON,SM,24000,20000,83.33
20,455,BEARDSELL,EQ,36175,21402,59.16
20,456,BECTORFOOD,EQ,145932,49336,33.81
20,457,BEDMUTHA,EQ,23111,8641,37.39
20,458,BEL,EQ,18720310,8172304,43.65
20,459,BEML,EQ,234667,66073,28.16
20,460,BEPL,EQ,693061,172452,24.88
20,461,BERGEPAINT,EQ,1514198,776978,51.31
20,462,BESTAGRO,EQ,45336,28033,61.83
20,463,BETA,SM,2400,1700,70.83
20,464,BEWLTD,SM,20500,13000,63.41
20,465,BFINVEST,EQ,138239,43716,31.62
20,466,BFSI,EQ,73567,53893,73.26
20,467,BGRENERGY,EQ,553408,257834,46.59
20,468,BHAGCHEM,EQ,66364,39947,60.19
20,469,BHAGYANGR,EQ,90400,53051,58.68
20,470,BHANDARI,EQ,484558,257856,53.21
20,471,BHARATFORG,EQ,844545,391240,46.33
20,472,BHARATGEAR,EQ,6051,3062,50.60
20,473,BHARATRAS,EQ,2238,844,37.71
20,474,BHARATWIRE,EQ,87099,41601,47.76
20,475,BHARTIARTL,EQ,4921681,2949182,59.92
20,476,BHARTIHEXA,EQ,204404,88543,43.32
20,477,BHEL,EQ,14333246,3118969,21.76
20,478,BHINVIT,IV,160299,158808,99.07
20,479,BIGBLOC,EQ,703206,256914,36.53
20,480,BIKAJI,EQ,175015,99591,56.90
20,481,BIKEWO,SM,36000,22000,61.11
20,482,BIOCON,EQ,13655954,2735148,20.03
20,483,BIOFILCHEM,EQ,39129,23196,59.28
20,484,BIRDYS,SM,2400,2400,100.00
20,485,BIRET,RR,285221,248916,87.27
20,486,BIRLACABLE,EQ,12772,5836,45.69
20,487,BIRLACORPN,EQ,62992,37214,59.08
20,488,BLAL,EQ,37717,17645,46.78
20,489,BLBLIMITED,EQ,89387,48974,54.79
20,490,BLISSGVS,EQ,350220,163473,46.68
20,491,BLKASHYAP,EQ,267625,156442,58.46
20,492,BLS,EQ,5080284,1800553,35.44
20,493,BLSE,EQ,109511,52226,47.69
20,494,BLUEDART,EQ,14752,6355,43.08
20,495,BLUEJET,EQ,93186,60924,65.38
20,496,BLUEPEBBLE,SM,8000,4800,60.00
20,497,BLUESTARCO,EQ,339541,200083,58.93
20,498,BMETRICS,SM,15200,12800,84.21
20,499,BODALCHEM,EQ,152360,69517,45.63
20,500,BOMDYEING,EQ,2973649,661781,22.25
20,501,BOROLTD,EQ,367855,140683,38.24
20,502,BORORENEW,EQ,445577,89890,20.17
20,503,BOROSCI,EQ,484318,101612,20.98
20,504,BOSCHLTD,EQ,36099,9856,27.30
20,505,BOSS,SM,50000,10000,20.00
20,506,BPCL,EQ,11375689,5654555,49.71
20,507,BPL,EQ,48453,24854,51.30
20,508,BRACEPORT,SM,6400,4800,75.00
20,509,BRIGADE,EQ,418924,250337,59.76
20,510,BRITANNIA,EQ,208893,124150,59.43
20,511,BRNL,EQ,61215,16914,27.63
20,512,BSE,EQ,1950878,363698,18.64
20,513,BSE500IETF,EQ,78493,50537,64.38
20,514,BSHSL,EQ,5535,4011,72.47
20,515,BSL,EQ,156581,57997,37.04
20,516,BSLGOLDETF,EQ,2128721,2105067,98.89
20,517,BSLNIFTY,EQ,485803,360319,74.17
20,518,BSLSENETFG,EQ,1375,1317,95.78
20,519,BSOFT,EQ,5427675,1917095,35.32
20,520,BTML,EQ,83227,54182,65.10
20,521,BULKCORP,SM,49200,44400,90.24
20,522,BUTTERFLY,EQ,222577,20910,9.39
20,523,BVCL,EQ,149410,33890,22.68
20,524,BYKE,EQ,505618,292975,57.94
20,525,CAGL27A,N6,30,30,100.00
20,526,CAMLINFINE,EQ,313279,128811,41.12
20,527,CAMPUS,EQ,952056,483267,50.76
20,528,CAMS,EQ,289323,113517,39.24
20,529,CANARYS,SM,208000,168000,80.77
20,530,CANBK,EQ,15415779,5467670,35.47
20,531,CANFINHOME,EQ,465469,180023,38.68
20,532,CANTABIL,EQ,76723,33341,43.46
20,533,CAPACITE,EQ,897724,242984,27.07
20,534,CAPITALSFB,EQ,12408,7466,60.17
20,535,CAPLIPOINT,EQ,182651,59990,32.84
20,536,CARBORUNIV,EQ,81491,43703,53.63
20,537,CARERATING,EQ,72506,41962,57.87
20,538,CARTRADE,EQ,224744,107085,47.65
20,539,CARYSIL,EQ,40874,19832,48.52
20,540,CASTROLIND,EQ,2058316,1161257,56.42
20,541,CBAZAAR,SM,64000,32000,50.00
20,542,CCL,EQ,333772,67652,20.27
20,543,CDSL,EQ,4157987,876424,21.08
20,544,CEATLTD,EQ,62626,26809,42.81
20,545,CEIGALL,EQ,148899,75134,50.46
20,546,CELEBRITY,EQ,74839,40924,54.68
20,547,CELLECOR,ST,471000,471000,100.00
20,548,CELLO,EQ,169906,102889,60.56
20,549,CELLPOINT,SM,24000,15600,65.00
20,550,CENTENKA,EQ,25111,11094,44.18
20,551,CENTRALBK,EQ,10703055,2522155,23.56
20,552,CENTRUM,EQ,489656,193306,39.48
20,553,CENTUM,EQ,22720,10270,45.20
20,554,CENTURYPLY,EQ,46660,23916,51.26
20,555,CERA,EQ,16912,7436,43.97
20,556,CESC,EQ,5739875,1686668,29.39
20,557,CGCL,EQ,3400197,280561,8.25
20,558,CGPOWER,EQ,2093639,1099736,52.53
20,559,CGRAPHICS,SM,20000,16000,80.00
20,560,CHALET,EQ,968740,176765,18.25
20,561,CHAMBLFERT,EQ,1756598,869866,49.52
20,562,CHAVDA,SM,34000,25000,73.53
20,563,CHEMBOND,EQ,9271,6210,66.98
20,564,CHEMCON,EQ,17449,9810,56.22
20,565,CHEMFAB,EQ,8587,4138,48.19
20,566,CHEMPLASTS,EQ,705030,231318,32.81
20,567,CHENNPETRO,EQ,1357828,503648,37.09
20,568,CHETANA,SM,11200,8000,71.43
20,569,CHEVIOT,EQ,4298,2331,54.23
20,570,CHOICEIN,EQ,1739639,520783,29.94
20,571,CHOLAFIN,EQ,1297605,717790,55.32
20,572,CHOLAHLDNG,EQ,131748,89586,68.00
20,573,CIEINDIA,EQ,501135,152408,30.41
20,574,CIFC26A,N9,112,100,89.29
20,575,CIGNITITEC,EQ,150702,89334,59.28
20,576,CINELINE,EQ,17495,12103,69.18
20,577,CINEVISTA,EQ,23215,13370,57.59
20,578,CIPLA,EQ,17447689,5902413,33.83
20,579,CLEAN,EQ,176635,133590,75.63
20,580,CLOUD,ST,72000,67000,93.06
20,581,CLSEL,EQ,68194,31267,45.85
20,582,CLSL,SM,8000,8000,100.00
20,583,CMMIPL,ST,15000,15000,100.00
20,584,CMNL,ST,16500,16500,100.00
20,585,CMRSL,SM,1600,800,50.00
20,586,CMSINFO,EQ,794174,372977,46.96
20,587,COALINDIA,EQ,8475238,4368607,51.55
20,588,COASTCORP,EQ,18521,10243,55.30
20,589,COFORGE,EQ,547690,227906,41.61
20,590,COLPAL,EQ,649666,376182,57.90
20,591,COMMITTED,SM,4800,3200,66.67
20,592,COMMOIETF,EQ,32813,12301,37.49
20,593,COMPUSOFT,EQ,48894,29816,60.98
20,594,COMSYN,EQ,338937,81187,23.95
20,595,CONCOR,EQ,1876152,784808,41.83
20,596,CONCORDBIO,EQ,185703,146218,78.74
20,597,CONFIPET,EQ,707602,365184,51.61
20,598,CONS,EQ,5822,5138,88.25
20,599,CONSOFINVT,EQ,3045,1735,56.98
20,600,CONSUMBEES,EQ,111923,86189,77.01
20,601,CONSUMIETF,EQ,25519,19602,76.81
20,602,CONTI,ST,3333,3333,100.00
20,603,CONTROLPR,EQ,22086,11869,53.74
20,604,COOLCAPS,ST,11750,10250,87.23
20,605,CORDSCABLE,EQ,17651,11080,62.77
20,606,COROMANDEL,EQ,384209,206938,53.86
20,607,COSMOFIRST,EQ,51199,29812,58.23
20,608,COUNCODOS,EQ,48340,33110,68.49
20,609,CPS,ST,10200,9600,94.12
20,610,CPSEETF,EQ,1558300,906533,58.17
20,611,CRAFTSMAN,EQ,31908,14494,45.42
20,612,CRAYONS,SM,27000,22000,81.48
20,613,CREATIVE,EQ,28495,18198,63.86
20,614,CREDITACC,EQ,439264,280982,63.97
20,615,CREST,EQ,26319,14107,53.60
20,616,CRISIL,EQ,77237,26644,34.50
20,617,CROMPTON,EQ,2248972,1183585,52.63
20,618,CSBBANK,EQ,86500,26107,30.18
20,619,CSLFINANCE,EQ,57044,43930,77.01
20,620,CUB,EQ,3771592,1792022,47.51
20,621,CUBEXTUB,EQ,5016,2796,55.74
20,622,CUMMINSIND,EQ,695092,395107,56.84
20,623,CUPID,EQ,183922,92745,50.43
20,624,CYBERMEDIA,EQ,240370,57587,23.96
20,625,CYIENT,EQ,180217,99534,55.23
20,626,CYIENTDLM,EQ,255707,183090,71.60
20,627,DABUR,EQ,3001455,1096447,36.53
20,628,DALBHARAT,EQ,787165,508883,64.65
20,629,DALMIASUG,EQ,84894,26650,31.39
20,630,DAMODARIND,EQ,18696,5231,27.98
20,631,DANGEE,EQ,168214,86253,51.28
20,632,DANISH,ST,26100,26100,100.00
20,633,DATAMATICS,EQ,31035,15576,50.19
20,634,DATAPATTNS,EQ,368497,69888,18.97
20,635,DAVANGERE,EQ,1230030,577013,46.91
20,636,DBCORP,EQ,347492,130930,37.68
20,637,DBEIL,EQ,328820,138487,42.12
20,638,DBL,EQ,162876,62513,38.38
20,639,DBOL,EQ,43162,18701,43.33
20,640,DBREALTY,EQ,1036793,485451,46.82
20,641,DBSTOCKBRO,EQ,67736,21623,31.92
20,642,DCAL,EQ,494798,169171,34.19
20,643,DCBBANK,EQ,2575065,978087,37.98
20,644,DCG,SM,50400,43200,85.71
20,645,DCI,EQ,5711,3625,63.47
20,646,DCMNVL,EQ,14488,8417,58.10
20,647,DCMSHRIRAM,EQ,781008,88600,11.34
20,648,DCMSRIND,EQ,285321,69467,24.35
20,649,DCW,EQ,4141843,1802011,43.51
20,650,DCXINDIA,EQ,856924,485315,56.63
20,651,DECCANCE,EQ,4878,3645,74.72
20,652,DECCANTRAN,SM,12000,9600,80.00
20,653,DEEDEV,EQ,169075,69095,40.87
20,654,DEEM,SM,24000,21000,87.50
20,655,DEEPAKFERT,EQ,843698,222422,26.36
20,656,DEEPAKNTR,EQ,309481,112214,36.26
20,657,DEEPINDS,EQ,347055,122365,35.26
20,658,DELAPLEX,SM,3600,3000,83.33
20,659,DELHIVERY,EQ,681891,411636,60.37
20,660,DELPHIFX,EQ,6838,4450,65.08
20,661,DELTACORP,EQ,363254,138080,38.01
20,662,DELTAMAGNT,EQ,4226,3458,81.83
20,663,DEN,EQ,1084252,384512,35.46
20,664,DENORA,EQ,6672,4805,72.02
20,665,DENTALKART,SM,19500,12500,64.10
20,666,DESTINY,ST,195000,195000,100.00
20,667,DEVIT,EQ,89805,40888,45.53
20,668,DEVYANI,EQ,799912,482498,60.32
20,669,DHAMPURSUG,EQ,163282,54584,33.43
20,670,DHANBANK,EQ,428693,193335,45.10
20,671,DHANI,EQ,1710565,619498,36.22
20,672,DHANUKA,EQ,28438,16115,56.67
20,673,DHARIWAL,SM,6000,4800,80.00
20,674,DHARMAJ,EQ,39986,22895,57.26
20,675,DHRUV,EQ,21448,10732,50.04
20,676,DHTL,ST,8000,7200,90.00
20,677,DHUNINV,EQ,5460,3107,56.90
20,678,DIAMINESQ,EQ,6185,4903,79.27
20,679,DIAMONDYD,EQ,51654,20434,39.56
20,680,DIFFNKG,EQ,199988,110104,55.06
20,681,DIGIDRIVE,EQ,40597,22958,56.55
20,682,DIGIKORE,SM,9800,7000,71.43
20,683,DIL,EQ,267714,184192,68.80
20,684,DISHTV,EQ,4603958,1095647,23.80
20,685,DIVGIITTS,EQ,13607,7603,55.88
20,686,DIVISLAB,EQ,423706,233100,55.01
20,687,DIVOPPBEES,EQ,54797,45533,83.09
20,688,DIVYADHAN,SM,12000,8000,66.67
20,689,DIXON,EQ,648441,174273,26.88
20,690,DLF,EQ,2475258,1283357,51.85
20,691,DLINKINDIA,EQ,421606,178604,42.36
20,692,DMART,EQ,267667,152292,56.90
20,693,DMCC,EQ,17085,14209,83.17
20,694,DODLA,EQ,152805,99296,64.98
20,695,DOLATALGO,EQ,491092,264728,53.91
20,696,DOLLAR,EQ,24344,16486,67.72
20,697,DOLLEX,SM,20000,12000,60.00
20,698,DOMS,EQ,501798,77000,15.34
20,699,DPABHUSHAN,EQ,40429,13210,32.67
20,700,DPEL,SM,27000,18000,66.67
20,701,DPSCLTD,EQ,376948,156178,41.43
20,702,DPWIRES,EQ,16427,7763,47.26
20,703,DRCSYSTEMS,EQ,48837,38882,79.62
20,704,DREAMFOLKS,EQ,34777,18167,52.24
20,705,DREDGECORP,EQ,58262,25368,43.54
20,706,DRONE,ST,461000,443500,96.20
20,707,DRREDDY,EQ,1902206,967617,50.87
20,708,DSSL,EQ,24014,10127,42.17
20,709,DTIL,EQ,48482,26671,55.01
20,710,DTL,SM,7200,4800,66.67
20,711,DUCOL,SM,8000,6400,80.00
20,712,DUCON,EQ,612727,540656,88.24
20,713,DUGLOBAL,SM,40000,32500,81.25
20,714,DURLAX,SM,28000,16000,57.14
20,715,DVL,EQ,13877,7132,51.39
20,716,DWARKESH,EQ,637457,213479,33.49
20,717,DYCL,EQ,265739,69455,26.14
20,718,DYNAMATECH,EQ,18055,7620,42.20
20,719,DYNAMIC,ST,18500,14500,78.38
20,720,EASEMYTRIP,EQ,20268571,6258513,30.88
20,721,EBANKNIFTY,EQ,3758,3550,94.47
20,722,EBBETF0425,EQ,755,705,93.38
20,723,EBBETF0430,EQ,2212,2024,91.50
20,724,EBBETF0431,EQ,3653,3481,95.29
20,725,EBBETF0433,EQ,1206,829,68.74
20,726,ECLERX,EQ,59119,25817,43.67
20,727,ECOSMOBLTY,EQ,110478,23941,21.67
20,728,EDELWEISS,EQ,2482054,1491938,60.11
20,729,EFACTOR,SM,4800,4000,83.33
20,730,EFFWA,ST,107600,104800,97.40
20,731,EFORCE,SM,7200,7200,100.00
20,732,EGOLD,EQ,61815,59378,96.06
20,733,EICHERMOT,EQ,510074,312583,61.28
20,734,EIDPARRY,EQ,690464,275009,39.83
20,735,EIHAHOTELS,EQ,15916,7141,44.87
20,736,EIHOTEL,EQ,546959,266449,48.71
20,737,EIMCOELECO,EQ,3416,2488,72.83
20,738,EKC,EQ,324273,115087,35.49
20,739,ELDEHSG,EQ,233,76,32.62
20,740,ELECON,EQ,534511,228155,42.68
20,741,ELECTCAST,EQ,4875593,2348487,48.17
20,742,ELGIEQUIP,EQ,864864,171327,19.81
20,743,ELGIRUBCO,EQ,35211,19063,54.14
20,744,ELIN,EQ,47447,16960,35.75
20,745,EMAMILTD,EQ,679537,338692,49.84
20,746,EMAMIPAP,EQ,39523,19647,49.71
20,747,EMAMIREAL,EQ,59474,31961,53.74
20,748,EMBASSY,RR,301452,233373,77.42
20,749,EMBDL,EQ,5408448,1883553,34.83
20,750,EMCURE,EQ,60196,31894,52.98
20,751,EMIL,EQ,781630,445694,57.02
20,752,EMKAYTOOLS,SM,5700,4350,76.32
20,753,EMMBI,EQ,83703,35885,42.87
20,754,EMMIL,SM,12000,11000,91.67
20,755,EMSLIMITED,EQ,157812,74035,46.91
20,756,EMUDHRA,EQ,100877,37869,37.54
20,757,ENDURANCE,EQ,74406,38063,51.16
20,758,ENERGYDEV,EQ,96166,63028,65.54
20,759,ENFUSE,SM,28800,18600,64.58
20,760,ENGINERSIN,EQ,4812058,1434964,29.82
20,761,ENIL,EQ,26921,14180,52.67
20,762,ENSER,ST,5000,5000,100.00
20,763,ENTERO,EQ,14217,6312,44.40
20,764,ENVIRO,SM,160000,118000,73.75
20,765,EPIGRAL,EQ,72667,37899,52.15
20,766,EPL,EQ,1412970,741120,52.45
20,767,EQUAL50ADD,EQ,4451,3814,85.69
20,768,EQUITASBNK,EQ,2431588,1147614,47.20
20,769,ERIS,EQ,75830,35710,47.09
20,770,ESABINDIA,EQ,9659,3835,39.70
20,771,ESAFSFB,EQ,472952,266773,56.41
20,772,ESCONET,ST,31600,30000,94.94
20,773,ESCORTS,EQ,350879,73625,20.98
20,774,ESFL,ST,48300,45300,93.79
20,775,ESG,EQ,37315,27065,72.53
20,776,ESILVER,EQ,78492,77750,99.05
20,777,ESPRIT,SM,84800,75200,88.68
20,778,ESTER,EQ,98133,37292,38.00
20,779,ETHOSLTD,EQ,32726,11465,35.03
20,780,EUREKAFORB,EQ,51595,25080,48.61
20,781,EVEREADY,EQ,107004,25366,23.71
20,782,EVERESTIND,EQ,129900,28759,22.14
20,783,EVINDIA,EQ,535717,420545,78.50
20,784,EXCEL,EQ,14849008,8011271,53.95
20,785,EXCELINDUS,EQ,13613,7444,54.68
20,786,EXCELLENT,SM,1600,1600,100.00
20,787,EXICOM,EQ,268994,152598,56.73
20,788,EXIDEIND,EQ,5127992,1901456,37.08
20,789,EXPLEOSOL,EQ,7713,3850,49.92
20,790,EXXARO,EQ,254985,87652,34.38
20,791,FACT,EQ,105496,19463,18.45
20,792,FAIRCHEMOR,EQ,21216,14278,67.30
20,793,FAZE3Q,EQ,12643,10220,80.84
20,794,FCL,EQ,168755,71562,42.41
20,795,FCSSOFT,EQ,3015362,1290620,42.80
20,796,FDC,EQ,277671,123983,44.65
20,797,FEDERALBNK,EQ,13019192,4455615,34.22
20,798,FEDFINA,EQ,200958,85675,42.63
20,799,FELIX,ST,34500,34000,98.55
20,800,FIDEL,SM,2000,1000,50.00
20,801,FIEMIND,EQ,25381,11265,44.38
20,802,FILATEX,EQ,3424535,1249941,36.50
20,803,FINCABLES,EQ,564404,119082,21.10
20,804,FINEORG,EQ,11183,4987,44.59
20,805,FINIETF,EQ,148812,118004,79.30
20,806,FINOPB,EQ,95687,34620,36.18
20,807,FINPIPE,EQ,824305,205039,24.87
20,808,FIRSTCRY,EQ,435207,167729,38.54
20,809,FIVESTAR,EQ,7934474,2614729,32.95
20,810,FLAIR,EQ,50944,32187,63.18
20,811,FLUOROCHEM,EQ,113565,39018,34.36
20,812,FMCGIETF,EQ,1463515,1388568,94.88
20,813,FMGOETZE,EQ,40159,25869,64.42
20,814,FOCE,ST,100,100,100.00
20,815,FONEBOX,SM,241000,192000,79.67
20,816,FOODSIN,EQ,661859,321617,48.59
20,817,FORCAS,SM,4800,4800,100.00
20,818,FORCEMOT,EQ,394098,63646,16.15
20,819,FORGEAUTO,SM,1200,1200,100.00
20,820,FORTIS,EQ,1631278,1005717,61.65
20,821,FOSECOIND,EQ,1492,897,60.12
20,822,FRESHARA,ST,186000,164400,88.39
20,823,FROG,SM,67200,34800,51.79
20,824,FSL,EQ,5407085,1126217,20.83
20,825,FUSION,EQ,302860,161704,53.39
20,826,GABRIEL,EQ,277710,100371,36.14
20,827,GAEL,EQ,1153729,518008,44.90
20,828,GAIL,EQ,12812568,5934806,46.32
20,829,GAJANAND,ST,9000,9000,100.00
20,830,GALAPREC,EQ,614625,100153,16.29
20,831,GALAXYSURF,EQ,4789,2186,45.65
20,832,GANDHAR,EQ,740324,354142,47.84
20,833,GANDHITUBE,EQ,6538,3880,59.35
20,834,GANECOS,EQ,40723,14826,36.41
20,835,GANESHBE,EQ,29558,13703,46.36
20,836,GANESHHOUC,EQ,214430,80219,37.41
20,837,GANGAFORGE,EQ,233052,178213,76.47
20,838,GANGESSECU,EQ,10692,7355,68.79
20,839,GARFIBRES,EQ,12894,6533,50.67
20,840,GARUDA,EQ,295144,98269,33.30
20,841,GATEWAY,EQ,732509,286536,39.12
20,842,GEECEE,EQ,1806,752,41.64
20,843,GENCON,EQ,399640,279856,70.03
20,844,GENESYS,EQ,3883693,1696327,43.68
20,845,GENSOL,EQ,281665,114148,40.53
20,846,GENUSPAPER,EQ,246364,90832,36.87
20,847,GENUSPOWER,EQ,407226,199841,49.07
20,848,GEOJITFSL,EQ,412752,122846,29.76
20,849,GEPIL,EQ,320666,122131,38.09
20,850,GESHIP,EQ,392643,234825,59.81
20,851,GGBL,SM,97800,69900,71.47
20,852,GHCL,EQ,226958,104463,46.03
20,853,GHCLTEXTIL,EQ,1150845,432879,37.61
20,854,GICHSGFIN,EQ,55890,28309,50.65
20,855,GICL,SM,43500,40500,93.10
20,856,GICRE,EQ,317716,133747,42.10
20,857,GILLANDERS,EQ,4050,1804,44.54
20,858,GILLETTE,EQ,120974,22883,18.92
20,859,GILT5YBEES,EQ,69349,63057,90.93
20,860,GINNIFILA,EQ,42346,31567,74.55
20,861,GIPCL,EQ,156262,70359,45.03
20,862,GKWLIMITED,EQ,1559,1168,74.92
20,863,GLAND,EQ,103411,52557,50.82
20,864,GLAXO,EQ,124449,64956,52.19
20,865,GLENMARK,EQ,621962,336538,54.11
20,866,GLOBAL,EQ,32659,18265,55.93
20,867,GLOBALPET,SM,4500,3000,66.67
20,868,GLOBE,EQ,1563749,760846,48.66
20,869,GLOBUSSPR,EQ,81878,36676,44.79
20,870,GLOSTERLTD,EQ,1498,1049,70.03
20,871,GLS,EQ,125090,56063,44.82
20,872,GMBREW,EQ,28544,8823,30.91
20,873,GMDCLTD,EQ,2196953,1133472,51.59
20,874,GMMPFAUDLR,EQ,48394,31302,64.68
20,875,GMRINFRA,EQ,16681311,8768746,52.57
20,876,GMRP&UI,EQ,1383512,834436,60.31
20,877,GNA,EQ,21639,10961,50.65
20,878,GNFC,EQ,497539,203122,40.83
20,879,GOACARBON,EQ,28955,8482,29.29
20,880,GOCLCORP,EQ,23806,12987,54.55
20,881,GOCOLORS,EQ,19099,9247,48.42
20,882,GODAVARIB,EQ,2101742,802137,38.17
20,883,GODFRYPHLP,EQ,37842,13623,36.00
20,884,GODHA,EQ,3658808,2352812,64.31
20,885,GODIGIT,EQ,525948,204931,38.96
20,886,GODREJAGRO,EQ,178580,58868,32.96
20,887,GODREJCP,EQ,858307,506979,59.07
20,888,GODREJIND,EQ,85313,36554,42.85
20,889,GODREJPROP,EQ,406464,167668,41.25
20,890,GOKEX,EQ,60914,29720,48.79
20,891,GOKUL,EQ,102746,52529,51.13
20,892,GOKULAGRO,EQ,204574,101443,49.59
20,893,GOLD1,EQ,911429,808999,88.76
20,894,GOLDBEES,EQ,14358187,10874456,75.74
20,895,GOLDCASE,EQ,737961,603933,81.84
20,896,GOLDETF,EQ,719089,640220,89.03
20,897,GOLDETFADD,EQ,36785,32857,89.32
20,898,GOLDIAM,EQ,221231,84778,38.32
20,899,GOLDIETF,EQ,3206713,2977712,92.86
20,900,GOLDKART,ST,1875,1250,66.67
20,901,GOLDSHARE,EQ,217823,110737,50.84
20,902,GOLDSTAR,SM,56250,45000,80.00
20,903,GOODLUCK,EQ,60260,34212,56.77
20,904,GOPAL,EQ,423547,191015,45.10
20,905,GOYALALUM,EQ,504403,277614,55.04
20,906,GOYALSALT,SM,7200,6000,83.33
20,907,GPECO,SM,76200,45600,59.84
20,908,GPIL,EQ,2968512,1204588,40.58
20,909,GPPL,EQ,761570,352269,46.26
20,910,GPTHEALTH,EQ,121532,58252,47.93
20,911,GPTINFRA,EQ,76667,39898,52.04
20,912,GRANULES,EQ,1743885,805730,46.20
20,913,GRAPHISAD,ST,16800,16800,100.00
20,914,GRAPHITE,EQ,366825,127390,34.73
20,915,GRASIM,EQ,321800,140768,43.74
20,916,GRASIMPP1,E1,2774,2646,95.39
20,917,GRAVITA,EQ,344069,177156,51.49
20,918,GRCL,ST,1750,1750,100.00
20,919,GREAVESCOT,EQ,1619210,434283,26.82
20,920,GREENCHEF,SM,8000,6400,80.00
20,921,GREENLAM,EQ,10533,5603,53.19
20,922,GREENPANEL,EQ,239980,107649,44.86
20,923,GREENPLY,EQ,281874,118366,41.99
20,924,GREENPOWER,EQ,3391218,1241420,36.61
20,925,GRETEX,ST,750,750,100.00
20,926,GRINDWELL,EQ,791588,387165,48.91
20,927,GRINFRA,EQ,268187,35785,13.34
20,928,GRMOVER,EQ,64117,22912,35.73
20,929,GROWWDEFNC,EQ,153614,105152,68.45
20,930,GROWWEV,EQ,537621,468881,87.21
20,931,GROWWGOLD,EQ,150502,101496,67.44
20,932,GROWWLIQID,EQ,46703,32264,69.08
20,933,GRPLTD,EQ,2251,1768,78.54
20,934,GRSE,EQ,380591,114458,30.07
20,935,GRWRHITECH,EQ,98826,47679,48.25
20,936,GSEC10IETF,EQ,131,106,80.92
20,937,GSEC10YEAR,EQ,16605,11405,68.68
20,938,GSEC5IETF,EQ,1852,1765,95.30
20,939,GSFC,EQ,842132,296923,35.26
20,940,GSLSU,EQ,68501,24153,35.26
20,941,GSMFOILS,ST,48000,46000,95.83
20,942,GSPL,EQ,412370,254584,61.74
20,943,GSS,EQ,7352,4533,61.66
20,944,GSTL,SM,77000,72000,93.51
20,945,GTL,EQ,1042685,453167,43.46
20,946,GTLINFRA,EQ,30624019,14803751,48.34
20,947,GTPL,EQ,18076,6760,37.40
20,948,GUFICBIO,EQ,47640,23261,48.83
20,949,GUJALKALI,EQ,105581,54040,51.18
20,950,GUJGASLTD,EQ,631770,299840,47.46
20,951,GUJRAFFIA,EQ,1376,649,47.17
20,952,GULFOILLUB,EQ,93715,46671,49.80
20,953,GULFPETRO,EQ,306772,128400,41.86
20,954,GULPOLY,EQ,136281,55956,41.06
20,955,GVPTECH,EQ,52501,41541,79.12
20,956,HAL,EQ,1137221,494381,43.47
20,957,HAPPSTMNDS,EQ,204207,105513,51.67
20,958,HAPPYFORGE,EQ,9322,4306,46.19
20,959,HARDWYN,EQ,3333383,519610,15.59
20,960,HARIOMPIPE,EQ,46866,23689,50.55
20,961,HARSHA,EQ,30428,15506,50.96
20,962,HATHWAY,EQ,1635809,643855,39.36
20,963,HATSUN,EQ,34648,18234,52.63
20,964,HAVELLS,EQ,1787940,1283303,71.78
20,965,HBLPOWER,EQ,581521,188965,32.49
20,966,HCC,EQ,16783552,5812321,34.63
20,967,HCG,EQ,138819,91257,65.74
20,968,HCLTECH,EQ,3616088,1986870,54.95
20,969,HDFCAMC,EQ,520292,351456,67.55
20,970,HDFCBANK,EQ,11447956,8152758,71.22
20,971,HDFCBSE500,EQ,125107,112979,90.31
20,972,HDFCGOLD,EQ,1807970,1441553,79.73
20,973,HDFCGROWTH,EQ,16979,14102,83.06
20,974,HDFCLIFE,EQ,2028752,751945,37.06
20,975,HDFCLIQUID,EQ,677,676,99.85
20,976,HDFCLOWVOL,EQ,8504,7244,85.18
20,977,HDFCMID150,EQ,248884,202802,81.48
20,978,HDFCMOMENT,EQ,438526,262697,59.90
20,979,HDFCNEXT50,EQ,91711,73479,80.12
20,980,HDFCNIF100,EQ,35437,34199,96.51
20,981,HDFCNIFBAN,EQ,24227,15734,64.94
20,982,HDFCNIFIT,EQ,50919,47215,92.73
20,983,HDFCNIFTY,EQ,29554,26250,88.82
20,984,HDFCPSUBK,EQ,17600,13437,76.35
20,985,HDFCPVTBAN,EQ,324053,242527,74.84
20,986,HDFCQUAL,EQ,48348,46003,95.15
20,987,HDFCSENSEX,EQ,38186,24713,64.72
20,988,HDFCSILVER,EQ,463650,367162,79.19
20,989,HDFCSML250,EQ,352257,200805,57.01
20,990,HDFCVALUE,EQ,4261,3826,89.79
20,991,HEADSUP,EQ,38077,29321,77.00
20,992,HEALTHADD,EQ,1897,1689,89.04
20,993,HEALTHIETF,EQ,47230,30595,64.78
20,994,HEALTHY,EQ,277608,145794,52.52
20,995,HECPROJECT,EQ,187883,71526,38.07
20,996,HEG,EQ,263564,89892,34.11
20,997,HEIDELBERG,EQ,209743,108465,51.71
20,998,HEMIPROP,EQ,461056,166198,36.05
20,999,HERANBA,EQ,80323,34423,42.86
20,1000,HERCULES,EQ,136076,47606,34.98
20,1001,HERITGFOOD,EQ,366049,215851,58.97
20,1002,HEROMOTOCO,EQ,897452,447909,49.91
20,1003,HESTERBIO,EQ,2012,1070,53.18
20,1004,HEUBACHIND,EQ,27798,15762,56.70
20,1005,HFCL,EQ,17196532,3965398,23.06
20,1006,HGINFRA,EQ,174534,68207,39.08
20,1007,HGS,EQ,28511,14927,52.36
20,1008,HIGREEN,ST,11200,11200,100.00
20,1009,HIKAL,EQ,390706,150523,38.53
20,1010,HIL,EQ,2538,1606,63.28
20,1011,HILTON,EQ,356205,217926,61.18
20,1012,HIMATSEIDE,EQ,1538403,463540,30.13
20,1013,HINDALCO,EQ,4478581,2331642,52.06
20,1014,HINDCOMPOS,EQ,6206,3085,49.71
20,1015,HINDCON,EQ,88953,41959,47.17
20,1016,HINDCOPPER,EQ,4191728,1338526,31.93
20,1017,HINDOILEXP,EQ,330329,156489,47.37
20,1018,HINDPETRO,EQ,6864561,2739770,39.91
20,1019,HINDUNILVR,EQ,1901355,1308464,68.82
20,1020,HINDWAREAP,EQ,36945,20060,54.30
20,1021,HINDZINC,EQ,2265460,1230875,54.33
20,1022,HIRECT,EQ,64134,35882,55.95
20,1023,HISARMETAL,EQ,5773,2704,46.84
20,1024,HITECH,EQ,323548,119831,37.04
20,1025,HITECHCORP,EQ,12386,6889,55.62
20,1026,HLEGLAS,EQ,37176,18107,48.71
20,1027,HLVLTD,EQ,841240,287230,34.14
20,1028,HMAAGRO,EQ,129564,55338,42.71
20,1029,HMVL,EQ,117973,35214,29.85
20,1030,HNDFDS,EQ,73909,43957,59.47
20,1031,HNGSNGBEES,EQ,113970,74928,65.74
20,1032,HOACFOODS,SM,2250,1500,66.67
20,1033,HOLMARC,SM,196500,96000,48.85
20,1034,HOMEFIRST,EQ,117483,50797,43.24
20,1035,HOMESFY,SM,2100,1800,85.71
20,1036,HONASA,EQ,970360,555420,57.24
20,1037,HONAUT,EQ,29687,23061,77.68
20,1038,HONDAPOWER,EQ,3918,2186,55.79
20,1039,HPAL,EQ,90797,41309,45.50
20,1040,HPIL,EQ,3622,1583,43.71
20,1041,HPL,EQ,76268,33602,44.06
20,1042,HRHNEXT,ST,6000,6000,100.00
20,1043,HSCL,EQ,570233,193007,33.85
20,1044,HTMEDIA,EQ,187198,96505,51.55
20,1045,HUDCO,EQ,3499425,984925,28.15
20,1046,HUHTAMAKI,EQ,85353,49201,57.64
20,1047,HVAX,SM,4200,2700,64.29
20,1048,HYUNDAI,EQ,522279,296780,56.82
20,1049,IBLFL,ST,6000,6000,100.00
20,1050,ICCL25,NS,20,20,100.00
20,1051,ICDSLTD,EQ,2001,929,46.43
20,1052,ICEMAKE,EQ,45329,19969,44.05
20,1053,ICICIB22,EQ,440235,330318,75.03
20,1054,ICICIBANK,EQ,23497314,17937069,76.34
20,1055,ICICIGI,EQ,992543,713787,71.91
20,1056,ICICIPRULI,EQ,602669,251676,41.76
20,1057,ICIL,EQ,367480,182760,49.73
20,1058,ICRA,EQ,17353,7361,42.42
20,1059,IDBI,EQ,3954849,1062963,26.88
20,1060,IDEA,EQ,647625664,152861425,23.60
20,1061,IDEAFORGE,EQ,208724,76701,36.75
20,1062,IDEALTECHO,SM,5000,5000,100.00
20,1063,IDFCFIRSTB,EQ,123750951,61524601,49.72
20,1064,IDFNIFTYET,EQ,5406,4992,92.34
20,1065,IEL,EQ,19373,19363,99.95
20,1066,IEML,SM,20000,12000,60.00
20,1067,IEX,EQ,8074955,3483559,43.14
20,1068,IFBAGRO,EQ,3907,2183,55.87
20,1069,IFBIND,EQ,170250,62044,36.44
20,1070,IFCI,EQ,8303968,2642308,31.82
20,1071,IFCIZC24,NI,117,117,100.00
20,1072,IFCIZC25,NM,90,90,100.00
20,1073,IFGLEXPOR,EQ,2985,1843,61.74
20,1074,IGARASHI,EQ,473341,104464,22.07
20,1075,IGL,EQ,1993823,1022987,51.31
20,1076,IGPL,EQ,32868,19010,57.84
20,1077,IIFL,EQ,1589964,614990,38.68
20,1078,IIFLSEC,EQ,648140,315984,48.75
20,1079,IIFLZC25,ND,103,103,100.00
20,1080,IIFLZC25A,NP,1130,1130,100.00
20,1081,IIFLZC25B,NW,11,11,100.00
20,1082,IIFLZC28,NG,10,10,100.00
20,1083,IIFLZC28A,NU,25,25,100.00
20,1084,IKIO,EQ,54496,23212,42.59
20,1085,IMAGICAA,EQ,812612,370335,45.57
20,1086,IMC1,N0,10,10,100.00
20,1087,IMC1,N1,10,10,100.00
20,1088,IMC1,N2,51,31,60.78
20,1089,IMC1,N3,51,51,100.00
20,1090,IMFA,EQ,24424,11521,47.17
20,1091,IMPAL,EQ,1057,695,65.75
20,1092,INDBANK,EQ,43667,15864,36.33
20,1093,INDGN,EQ,573622,281022,48.99
20,1094,INDHOTEL,EQ,2760863,1813406,65.68
20,1095,INDIACEM,EQ,623331,460692,73.91
20,1096,INDIAGLYCO,EQ,64496,27389,42.47
20,1097,INDIAMART,EQ,488935,237874,48.65
20,1098,INDIANB,EQ,1575038,453411,28.79
20,1099,INDIANCARD,EQ,2200,1314,59.73
20,1100,INDIANHUME,EQ,19413,10121,52.14
20,1101,INDIASHLTR,EQ,68189,28556,41.88
20,1102,INDIFRA,SM,4000,4000,100.00
20,1103,INDIGO,EQ,866950,495321,57.13
20,1104,INDIGOPNTS,EQ,330590,140937,42.63
20,1105,INDIGRID,IV,594201,517293,87.06
20,1106,INDNIPPON,EQ,2280,1297,56.89
20,1107,INDOAMIN,EQ,128240,41404,32.29
20,1108,INDOBORAX,EQ,33868,14707,43.42
20,1109,INDOCO,EQ,55555,31876,57.38
20,1110,INDORAMA,EQ,91551,39547,43.20
20,1111,INDOSTAR,EQ,91059,70040,76.92
20,1112,INDOUS,EQ,6906,2025,29.32
20,1113,INDOWIND,EQ,140835,102090,72.49
20,1114,INDRAMEDCO,EQ,441357,241265,54.66
20,1115,INDSWFTLTD,EQ,40595,23321,57.45
20,1116,INDTERRAIN,EQ,62548,38720,61.90
20,1117,INDUSINDBK,EQ,4509824,2159886,47.89
20,1118,INDUSTOWER,EQ,6947893,3880701,55.85
20,1119,INFIBEAM,EQ,7449805,2924789,39.26
20,1120,INFINIUM,ST,2500,2500,100.00
20,1121,INFOBEAN,EQ,8669,4693,54.14
20,1122,INFOLLION,SM,42000,32000,76.19
20,1123,INFRABEES,EQ,8200,4534,55.29
20,1124,INFRAIETF,EQ,81774,37951,46.41
20,1125,INFY,EQ,7395236,4822516,65.21
20,1126,INGERRAND,EQ,19758,12944,65.51
20,1127,INM,SM,4200,3000,71.43
20,1128,INNOMET,SM,24000,21600,90.00
20,1129,INNOVACAP,EQ,35614,18290,51.36
20,1130,INNOVANA,SM,400,400,100.00
20,1131,INOXGREEN,EQ,1382689,597378,43.20
20,1132,INOXINDIA,EQ,47943,22770,47.49
20,1133,INOXWIND,EQ,4836288,1533912,31.72
20,1134,INSECTICID,EQ,41508,22243,53.59
20,1135,INSPIRE,SM,10000,8000,80.00
20,1136,INTELLECT,EQ,444930,236448,53.14
20,1137,INTERARCH,EQ,617900,225369,36.47
20,1138,INTLCONV,EQ,151187,68474,45.29
20,1139,INVENTURE,EQ,11568822,7102516,61.39
20,1140,IOB,EQ,7530189,1348979,17.91
20,1141,IOC,EQ,18657930,8762988,46.97
20,1142,IOLCP,EQ,106642,38250,35.87
20,1143,IONEXCHANG,EQ,743526,331069,44.53
20,1144,IPCALAB,EQ,542097,306248,56.49
20,1145,IPHL,ST,31200,28800,92.31
20,1146,IPL,EQ,107446,52971,49.30
20,1147,IPSL,ST,500,500,100.00
20,1148,IRB,EQ,33859399,14807713,43.73
20,1149,IRBINVIT,IV,293195,275995,94.13
20,1150,IRCON,EQ,6622166,1376061,20.78
20,1151,IRCTC,EQ,1241687,491645,39.59
20,1152,IREDA,EQ,5484791,1827862,33.33
20,1153,IRFC,EQ,55531774,7160544,12.89
20,1154,IRISDOREME,EQ,107778,37647,34.93
20,1155,IRMENERGY,EQ,40605,18661,45.96
20,1156,ISEC,EQ,217230,107701,49.58
20,1157,ISGEC,EQ,33082,14144,42.75
20,1158,ISHAN,ST,240000,240000,100.00
20,1159,IT,EQ,150633,134916,89.57
20,1160,ITALIANE,ST,8000,8000,100.00
20,1161,ITBEES,EQ,8912199,6298359,70.67
20,1162,ITC,EQ,7810874,4680175,59.92
20,1163,ITDC,EQ,27134,5767,21.25
20,1164,ITDCEM,EQ,981509,403052,41.06
20,1165,ITETF,EQ,1769474,1697125,95.91
20,1166,ITETFADD,EQ,195909,144875,73.95
20,1167,ITI,EQ,341167,78970,23.15
20,1168,ITIETF,EQ,1019536,626524,61.45
20,1169,IVP,EQ,36139,23618,65.35
20,1170,IVZINGOLD,EQ,158,134,84.81
20,1171,IXIGO,EQ,296999,162071,54.57
20,1172,JAGRAN,EQ,141936,80033,56.39
20,1173,JAGSNPHARM,EQ,561264,141620,25.23
20,1174,JAIBALAJI,EQ,223648,147158,65.80
20,1175,JAICORPLTD,EQ,350139,104247,29.77
20,1176,JAIPURKURT,EQ,36013,18237,50.64
20,1177,JALAN,SM,15000,9000,60.00
20,1178,JAMNAAUTO,EQ,1437750,676155,47.03
20,1179,JASH,EQ,253189,93297,36.85
20,1180,JAYAGROGN,EQ,5984,2918,48.76
20,1181,JAYBARMARU,EQ,182916,79013,43.20
20,1182,JAYBEE,SM,458000,323000,70.52
20,1183,JAYNECOIND,EQ,131221,55852,42.56
20,1184,JAYSREETEA,EQ,430173,166403,38.68
20,1185,JBCHEPHARM,EQ,269031,152126,56.55
20,1186,JBMA,EQ,131637,42098,31.98
20,1187,JCHAC,EQ,31001,13143,42.40
20,1188,JEYYAM,SM,88000,62000,70.45
20,1189,JFLLIFE,SM,48000,24000,50.00
20,1190,JGCHEM,EQ,88042,43732,49.67
20,1191,JHS,EQ,144993,82836,57.13
20,1192,JINDALPHOT,EQ,4601,2600,56.51
20,1193,JINDALPOLY,EQ,19297,8473,43.91
20,1194,JINDALSAW,EQ,1076244,544589,50.60
20,1195,JINDALSTEL,EQ,1116203,299093,26.80
20,1196,JINDRILL,EQ,38009,17375,45.71
20,1197,JINDWORLD,EQ,53759,32331,60.14
20,1198,JIOFIN,EQ,6666478,2904188,43.56
20,1199,JISLDVREQS,EQ,142022,52608,37.04
20,1200,JISLJALEQS,EQ,8077770,2576973,31.90
20,1201,JITFINFRA,EQ,63324,33660,53.16
20,1202,J&KBANK,EQ,2033204,708941,34.87
20,1203,JKCEMENT,EQ,78115,39930,51.12
20,1204,JKIL,EQ,213217,124004,58.16
20,1205,JKLAKSHMI,EQ,240002,108882,45.37
20,1206,JKPAPER,EQ,264367,85904,32.49
20,1207,JKTYRE,EQ,296465,128903,43.48
20,1208,JLHL,EQ,31805,18480,58.10
20,1209,JMA,EQ,5929,3246,54.75
20,1210,JMFINANCIL,EQ,8256496,1658583,20.09
20,1211,JNKINDIA,EQ,14814,7818,52.77
20,1212,JOCIL,EQ,9750,6037,61.92
20,1213,JPOLYINVST,EQ,9788,4292,43.85
20,1214,JPPOWER,EQ,34250555,14056798,41.04
20,1215,JSFB,EQ,45088,20394,45.23
20,1216,JSL,EQ,304839,140791,46.19
20,1217,JSLL,SM,17820,15120,84.85
20,1218,JSWENERGY,EQ,1159460,307547,26.53
20,1219,JSWHL,EQ,5849,1721,29.42
20,1220,JSWINFRA,EQ,2341633,1038379,44.34
20,1221,JSWSTEEL,EQ,1445602,570164,39.44
20,1222,JTEKTINDIA,EQ,55491,32105,57.86
20,1223,JTLIND,EQ,954253,526813,55.21
20,1224,JUBLFOOD,EQ,1832013,1190665,64.99
20,1225,JUBLINGREA,EQ,309041,139122,45.02
20,1226,JUBLPHARMA,EQ,584044,145789,24.96
20,1227,JUNIORBEES,EQ,176289,111831,63.44
20,1228,JUNIPER,EQ,112912,60017,53.15
20,1229,JUSTDIAL,EQ,173436,68783,39.66
20,1230,JWL,EQ,5234731,776323,14.83
20,1231,JYOTHYLAB,EQ,506975,191959,37.86
20,1232,JYOTICNC,EQ,142229,84142,59.16
20,1233,JYOTISTRUC,EQ,24155078,10558474,43.71
20,1234,K2INFRA,SM,9600,5400,56.25
20,1235,KABRAEXTRU,EQ,35196,18527,52.64
20,1236,KAJARIACER,EQ,157569,89134,56.57
20,1237,KAKATCEM,EQ,6866,3901,56.82
20,1238,KALAMANDIR,EQ,212833,103346,48.56
20,1239,KALANA,SM,26000,18000,69.23
20,1240,KALYANIFRG,EQ,1287,928,72.11
20,1241,KALYANKJIL,EQ,3772763,1140523,30.23
20,1242,KAMATHOTEL,EQ,57526,31720,55.14
20,1243,KAMDHENU,EQ,180807,63013,34.85
20,1244,KANANIIND,EQ,493948,381384,77.21
20,1245,KANORICHEM,EQ,46067,24038,52.18
20,1246,KANPRPLA,EQ,9142,4684,51.24
20,1247,KANSAINER,EQ,266436,142201,53.37
20,1248,KAPSTON,EQ,25515,9923,38.89
20,1249,KARMAENG,EQ,6437,5081,78.93
20,1250,KARNIKA,ST,4800,4800,100.00
20,1251,KARURVYSYA,EQ,1775231,891050,50.19
20,1252,KATARIA,SM,19800,13800,69.70
20,1253,KAUSHALYA,EQ,501,285,56.89
20,1254,KAYNES,EQ,769620,114370,14.86
20,1255,KBCGLOBAL,EQ,16705610,3886702,23.27
20,1256,KCEIL,SM,24000,16500,68.75
20,1257,KCK,ST,15000,15000,100.00
20,1258,KCP,EQ,215726,95894,44.45
20,1259,KDDL,EQ,11016,5799,52.64
20,1260,KDL,ST,3300,3250,98.48
20,1261,KEC,EQ,314303,168966,53.76
20,1262,KECL,EQ,471764,194024,41.13
20,1263,KEI,EQ,478520,260957,54.53
20,1264,KEL,ST,1200,1200,100.00
20,1265,KELLTONTEC,EQ,433070,147824,34.13
20,1266,KERNEX,EQ,54756,29118,53.18
20,1267,KESORAMIND,EQ,486301,268065,55.12
20,1268,KFINTECH,EQ,905255,351417,38.82
20,1269,KHADIM,EQ,12452,5767,46.31
20,1270,KHAICHEM,EQ,149519,56971,38.10
20,1271,KHANDSE,EQ,24601,13257,53.89
20,1272,KHFM,SM,57350,43400,75.68
20,1273,KILITCH,EQ,3137,1766,56.30
20,1274,KIMS,EQ,179127,107643,60.09
20,1275,KINGFA,EQ,5486,3445,62.80
20,1276,KIOCL,EQ,101653,22535,22.17
20,1277,KIRIINDUS,EQ,227533,98201,43.16
20,1278,KIRLOSBROS,EQ,309938,98841,31.89
20,1279,KIRLOSENG,EQ,226338,139276,61.53
20,1280,KIRLOSIND,EQ,1141,718,62.93
20,1281,KIRLPNU,EQ,754279,312014,41.37
20,1282,KITEX,EQ,896012,389937,43.52
20,1283,KKCL,EQ,31323,10795,34.46
20,1284,KLL,SM,20800,16000,76.92
20,1285,KMSUGAR,EQ,124747,50015,40.09
20,1286,KNAGRI,ST,3600,3600,100.00
20,1287,KNRCON,EQ,691298,320519,46.36
20,1288,KODYTECH,SM,3450,2300,66.67
20,1289,KOHINOOR,EQ,122937,39859,32.42
20,1290,KOKUYOCMLN,EQ,62131,22555,36.30
20,1291,KOLTEPATIL,EQ,104007,51657,49.67
20,1292,KONSTELEC,SM,9000,7000,77.78
20,1293,KONTOR,ST,4800,4800,100.00
20,1294,KOPRAN,EQ,446422,209529,46.94
20,1295,KORE,SM,750,750,100.00
20,1296,KOTAKBANK,EQ,2944670,1896334,64.40
20,1297,KOTARISUG,EQ,52376,23441,44.76
20,1298,KOTHARIPET,EQ,107043,40638,37.96
20,1299,KOTYARK,SM,110000,61400,55.82
20,1300,KPIGREEN,EQ,504817,233164,46.19
20,1301,KPIL,EQ,173632,112012,64.51
20,1302,KPITTECH,EQ,1490812,667909,44.80
20,1303,KPRMILL,EQ,226012,99793,44.15
20,1304,KRBL,EQ,864056,316766,36.66
20,1305,KRIDHANINF,EQ,112392,65177,57.99
20,1306,KRISHANA,EQ,7368,4264,57.87
20,1307,KRISHCA,SM,23500,20000,85.11
20,1308,KRISHIVAL,SM,2500,2500,100.00
20,1309,KRISHNADEF,ST,47500,46750,98.42
20,1310,KRN,EQ,500464,240422,48.04
20,1311,KRONOX,EQ,203146,84326,41.51
20,1312,KROSS,EQ,174682,77860,44.57
20,1313,KRSNAA,EQ,194609,61653,31.68
20,1314,KRYSTAL,EQ,52328,25521,48.77
20,1315,KSB,EQ,140484,70439,50.14
20,1316,KSCL,EQ,119514,58488,48.94
20,1317,KSHITIJPOL,EQ,5718856,2724852,47.65
20,1318,KSL,EQ,21778,6531,29.99
20,1319,KSOLVES,EQ,19570,11579,59.17
20,1320,KTKBANK,EQ,662368,329338,49.72
20,1321,KUANTUM,EQ,16615,9140,55.01
20,1322,LAGNAM,EQ,83663,35556,42.50
20,1323,LAKSHYA,ST,178400,165600,92.83
20,1324,LALPATHLAB,EQ,399367,200931,50.31
20,1325,LAMBODHARA,EQ,11810,5777,48.92
20,1326,LANCORHOL,EQ,107302,66265,61.76
20,1327,LANDMARK,EQ,16792,9072,54.03
20,1328,LAOPALA,EQ,92087,45459,49.37
20,1329,LATENTVIEW,EQ,114653,62534,54.54
20,1330,LAURUSLABS,EQ,1775265,647419,36.47
20,1331,LAWSIKHO,SM,19500,11500,58.97
20,1332,LAXMICOT,EQ,68318,26998,39.52
20,1333,LEMERITE,ST,70400,62400,88.64
20,1334,LEMONTREE,EQ,1302346,490207,37.64
20,1335,LEXUS,EQ,8307,3176,38.23
20,1336,LGBBROSLTD,EQ,17535,10044,57.28
20,1337,LIBAS,EQ,44370,37665,84.89
20,1338,LICHSGFIN,EQ,1536695,548755,35.71
20,1339,LICI,EQ,634496,387587,61.09
20,1340,LICMFGOLD,EQ,1973,1733,87.84
20,1341,LICNETFGSC,EQ,42598,40256,94.50
20,1342,LICNETFN50,EQ,473,457,96.62
20,1343,LICNETFSEN,EQ,58,40,68.97
20,1344,LICNFNHGP,EQ,2159,1871,86.66
20,1345,LICNMID100,EQ,2465,1653,67.06
20,1346,LIKHITHA,EQ,51190,17253,33.70
20,1347,LINC,EQ,34170,15821,46.30
20,1348,LINCOLN,EQ,17070,10265,60.13
20,1349,LINDEINDIA,EQ,30607,13151,42.97
20,1350,LIQUID,EQ,114834,69934,60.90
20,1351,LIQUID1,EQ,47768,32640,68.33
20,1352,LIQUIDADD,EQ,1593001,1486172,93.29
20,1353,LIQUIDBEES,EQ,4782773,4146311,86.69
20,1354,LIQUIDBETF,EQ,1842,921,50.00
20,1355,LIQUIDCASE,EQ,5591000,4461493,79.80
20,1356,LIQUIDETF,EQ,388448,233986,60.24
20,1357,LIQUIDIETF,EQ,479970,330760,68.91
20,1358,LIQUIDSBI,EQ,2828,2828,100.00
20,1359,LIQUIDSHRI,EQ,75782,73537,97.04
20,1360,LLOYDS,SM,1000,1000,100.00
20,1361,LLOYDSENGG,EQ,2415760,749988,31.05
20,1362,LLOYDSENT,EQ,1803791,989624,54.86
20,1363,LLOYDSME,EQ,154059,70592,45.82
20,1364,LMW,EQ,8585,2738,31.89
20,1365,LODHA,EQ,1440322,681200,47.29
20,1366,LOKESHMACH,EQ,33583,22705,67.61
20,1367,LORDSCHLO,EQ,10123,7551,74.59
20,1368,LOWVOL,EQ,6282,6153,97.95
20,1369,LOWVOL1,EQ,50243,37501,74.64
20,1370,LOWVOLIETF,EQ,2103674,1908914,90.74
20,1371,LOYALTEX,EQ,4300,2879,66.95
20,1372,LPDC,EQ,61461,27423,44.62
20,1373,LT,EQ,7637083,3160810,41.39
20,1374,LTF,EQ,13296222,6130174,46.10
20,1375,LTFOODS,EQ,510928,233719,45.74
20,1376,LTGILTBEES,EQ,1593036,1369021,85.94
20,1377,LTIM,EQ,492437,282670,57.40
20,1378,LTTS,EQ,298124,132224,44.35
20,1379,LUMAXIND,EQ,1928,907,47.04
20,1380,LUMAXTECH,EQ,34772,14410,41.44
20,1381,LUPIN,EQ,1397820,863365,61.77
20,1382,LUXIND,EQ,22523,9851,43.74
20,1383,LXCHEM,EQ,889546,258631,29.07
20,1384,LYKALABS,EQ,38025,21777,57.27
20,1385,MAANALU,EQ,611005,205854,33.69
20,1386,MACOBSTECH,SM,40000,38400,96.00
20,1387,MACPOWER,EQ,11074,8252,74.52
20,1388,MADHAV,EQ,8385,5501,65.61
20,1389,MADHAVBAUG,SM,400,400,100.00
20,1390,MADHUSUDAN,SM,15000,15000,100.00
20,1391,MADRASFERT,EQ,188859,72550,38.41
20,1392,MAFANG,EQ,241305,191486,79.35
20,1393,MAGADSUGAR,EQ,18441,6615,35.87
20,1394,MAGNUM,EQ,116814,91065,77.96
20,1395,MAGSON,SM,12000,12000,100.00
20,1396,MAHABANK,EQ,18758444,5547566,29.57
20,1397,MAHEPC,EQ,14047,6684,47.58
20,1398,MAHESHWARI,EQ,321821,189368,58.84
20,1399,MAHICKRA,SM,3000,2250,75.00
20,1400,MAHKTECH,EQ,1132469,716986,63.31
20,1401,MAHLIFE,EQ,234858,120695,51.39
20,1402,MAHLOG,EQ,125263,59041,47.13
20,1403,MAHSEAMLES,EQ,216863,109724,50.60
20,1404,MAITHANALL,EQ,22263,11941,53.64
20,1405,MAITREYA,ST,11200,10800,96.43
20,1406,MAKEINDIA,EQ,21109,19192,90.92
20,1407,MAL,SM,56000,6400,11.43
20,1408,MALUPAPER,EQ,23294,10447,44.85
20,1409,MANAKALUCO,EQ,16924,8882,52.48
20,1410,MANAKCOAT,EQ,67366,15915,23.62
20,1411,MANAKSIA,EQ,38985,19567,50.19
20,1412,MANAKSTEEL,EQ,130429,45775,35.10
20,1413,MANALIPETC,EQ,233129,98058,42.06
20,1414,MANAPPURAM,EQ,17687107,4242638,23.99
20,1415,MANBA,EQ,207939,110716,53.24
20,1416,MANCREDIT,EQ,24230,2789,11.51
20,1417,MANDEEP,SM,4000,4000,100.00
20,1418,MANGALAM,EQ,8848,5387,60.88
20,1419,MANGCHEFER,EQ,388154,230317,59.34
20,1420,MANGLMCEM,EQ,44174,24552,55.58
20,1421,MANINDS,EQ,195316,91348,46.77
20,1422,MANINFRA,EQ,613997,217092,35.36
20,1423,MANKIND,EQ,386982,148672,38.42
20,1424,MANORAMA,EQ,28648,17960,62.69
20,1425,MANUGRAPH,EQ,9414,4337,46.07
20,1426,MANYAVAR,EQ,508233,240311,47.28
20,1427,MAPMYINDIA,EQ,44932,19641,43.71
20,1428,MARALOVER,EQ,36928,23428,63.44
20,1429,MARATHON,EQ,16854,7066,41.92
20,1430,MARCO,SM,43500,33000,75.86
20,1431,MARICO,EQ,2765889,1502648,54.33
20,1432,MARINE,EQ,247563,133016,53.73
20,1433,MARINETRAN,SM,8000,8000,100.00
20,1434,MARKSANS,EQ,1351282,547135,40.49
20,1435,MARSHALL,EQ,72015,23590,32.76
20,1436,MARUTI,EQ,838211,532340,63.51
20,1437,MASFIN,EQ,405940,227917,56.15
20,1438,MASON,SM,32000,24000,75.00
20,1439,MASPTOP50,EQ,72618,46228,63.66
20,1440,MASTEK,EQ,104022,42690,41.04
20,1441,MASTER,ST,3000,2500,83.33
20,1442,MATRIMONY,EQ,31696,17151,54.11
20,1443,MAWANASUG,EQ,90678,40569,44.74
20,1444,MAXESTATES,EQ,169537,90335,53.28
20,1445,MAXHEALTH,EQ,1763920,1135311,64.36
20,1446,MAXIND,EQ,59462,30524,51.33
20,1447,MAXPOSURE,SM,49000,36000,73.47
20,1448,MAYURUNIQ,EQ,44882,27010,60.18
20,1449,MAZDA,EQ,1298,731,56.32
20,1450,MAZDOCK,EQ,998563,158176,15.84
20,1451,MBAPL,EQ,5191,3471,66.87
20,1452,MCL,EQ,44528,26298,59.06
20,1453,MCLEODRUSS,EQ,421178,224472,53.30
20,1454,MCON,SM,4000,2000,50.00
20,1455,MCX,EQ,658025,271462,41.25
20,1456,MDL,SM,1000,1000,100.00
20,1457,MEDANTA,EQ,171836,90388,52.60
20,1458,MEDIASSIST,EQ,344199,205411,59.68
20,1459,MEDICAMEQ,EQ,83957,23231,27.67
20,1460,MEDICO,EQ,173551,123757,71.31
20,1461,MEDIORG,ST,16000,16000,100.00
20,1462,MEDPLUS,EQ,208257,117574,56.46
20,1463,MEGAFLEX,ST,15000,15000,100.00
20,1464,MEGASTAR,EQ,63109,57760,91.52
20,1465,MEGATHERM,SM,14000,7200,51.43
20,1466,MENONBE,EQ,37923,19554,51.56
20,1467,METAL,EQ,86953,36482,41.96
20,1468,METALIETF,EQ,3317616,1196534,36.07
20,1469,METROBRAND,EQ,53210,24362,45.78
20,1470,METROPOLIS,EQ,150983,52884,35.03
20,1471,MFSL,EQ,994951,597859,60.09
20,1472,MGEL,EQ,98281,74000,75.29
20,1473,MGL,EQ,569772,241034,42.30
20,1474,MHHL,SM,3000,3000,100.00
20,1475,MHLXMIRU,EQ,26678,2992,11.22
20,1476,MHRIL,EQ,80194,34758,43.34
20,1477,MICEL,EQ,344416,248144,72.05
20,1478,MICROPRO,SM,9600,3200,33.33
20,1479,MID150BEES,EQ,343047,275542,80.32
20,1480,MID150CASE,EQ,242967,198594,81.74
20,1481,MIDCAP,EQ,28068,21474,76.51
20,1482,MIDCAPETF,EQ,1582841,1367181,86.38
20,1483,MIDCAPIETF,EQ,563239,275672,48.94
20,1484,MIDHANI,EQ,417161,159070,38.13
20,1485,MIDQ50ADD,EQ,1717,1645,95.81
20,1486,MIDSELIETF,EQ,485997,326985,67.28
20,1487,MIDSMALL,EQ,384379,363079,94.46
20,1488,MIEL,ST,32000,30000,93.75
20,1489,MILTON,SM,4400,4400,100.00
20,1490,MINDACORP,EQ,276416,135046,48.86
20,1491,MINDSPACE,RR,184285,167075,90.66
20,1492,MIRZAINT,EQ,108991,50705,46.52
20,1493,MITCON,EQ,10314,6448,62.52
20,1494,MITCONPP,E1,380,154,40.53
20,1495,MITTAL,EQ,2150138,1664996,77.44
20,1496,M&M,EQ,3833325,2566540,66.95
20,1497,M&MFIN,EQ,2677259,1087330,40.61
20,1498,MMFL,EQ,18708,10139,54.20
20,1499,MMTC,EQ,1208897,344877,28.53
20,1500,MNC,EQ,169502,155378,91.67
20,1501,MODEFENCE,EQ,171018,120293,70.34
20,1502,MOGSEC,EQ,209,204,97.61
20,1503,MOHEALTH,EQ,35859,26922,75.08
20,1504,MOHITIND,EQ,55586,28426,51.14
20,1505,MOIL,EQ,605617,203310,33.57
20,1506,MOL,EQ,1223344,439897,35.96
20,1507,MOLDTECH,EQ,34060,15483,45.46
20,1508,MOLDTKPAC,EQ,23445,14593,62.24
20,1509,MOLOWVOL,EQ,5935,5078,85.56
20,1510,MOM100,EQ,346728,295514,85.23
20,1511,MOM30IETF,EQ,3216614,2363776,73.49
20,1512,MOM50,EQ,3059,2838,92.78
20,1513,MOMENTUM,EQ,218452,167083,76.48
20,1514,MOMENTUM50,EQ,131484,123664,94.05
20,1515,MOMOMENTUM,EQ,68195,51030,74.83
20,1516,MON100,EQ,385991,238228,61.72
20,1517,MONARCH,EQ,140331,48507,34.57
20,1518,MONIFTY500,EQ,153432,121843,79.41
20,1519,MONQ50,EQ,29737,20186,67.88
20,1520,MONTECARLO,EQ,20450,11434,55.91
20,1521,MOQUALITY,EQ,2824,2739,96.99
20,1522,MOREALTY,EQ,43709,29362,67.18
20,1523,MOREPENLAB,EQ,5294670,1335705,25.23
20,1524,MOS,ST,8400,8000,95.24
20,1525,MOSMALL250,EQ,422617,261795,61.95
20,1526,MOTHERSON,EQ,15214446,8365261,54.98
20,1527,MOTILALOFS,EQ,1628309,549128,33.72
20,1528,MOTOGENFIN,EQ,12487,8924,71.47
20,1529,MOVALUE,EQ,62717,52945,84.42
20,1530,MPHASIS,EQ,913642,442423,48.42
20,1531,MPSLTD,EQ,12678,8430,66.49
20,1532,MRF,EQ,4359,1320,30.28
20,1533,MRO-TEK,EQ,25655,9612,37.47
20,1534,MRPL,EQ,1121987,376437,33.55
20,1535,MSTCLTD,EQ,129312,57106,44.16
20,1536,MSUMI,EQ,4235015,2443361,57.69
20,1537,MTARTECH,EQ,125939,53233,42.27
20,1538,MTNL,EQ,1423212,425349,29.89
20,1539,MUFIN,EQ,6268554,1632412,26.04
20,1540,MUFTI,EQ,197459,97537,49.40
20,1541,MUKANDLTD,EQ,54712,18946,34.63
20,1542,MUKKA,EQ,616303,218947,35.53
20,1543,MULTICAP,EQ,86394,77182,89.34
20,1544,MUNJALAU,EQ,258266,83566,32.36
20,1545,MUNJALSHOW,EQ,22831,7383,32.34
20,1546,MURUDCERA,EQ,37699,25305,67.12
20,1547,MUTHOOTCAP,EQ,121835,47550,39.03
20,1548,MUTHOOTFIN,EQ,464639,239428,51.53
20,1549,MUTHOOTMF,EQ,156178,96773,61.96
20,1550,MVGJL,EQ,643367,240693,37.41
20,1551,MVKAGRO,SM,38400,27600,71.88
20,1552,MWL,SM,54000,32400,60.00
20,1553,MYMUDRA,SM,18000,15600,86.67
20,1554,NACLIND,EQ,44632,21320,47.77
20,1555,NAGAFERT,EQ,501586,291363,58.09
20,1556,NAGREEKCAP,EQ,2601,2109,81.08
20,1557,NAHARCAP,EQ,2596,1646,63.41
20,1558,NAHARINDUS,EQ,27613,14389,52.11
20,1559,NAHARSPING,EQ,27662,14515,52.47
20,1560,NAMAN,ST,1600,800,50.00
20,1561,NAM-INDIA,EQ,1310313,722386,55.13
20,1562,NAMOEWASTE,SM,110400,92800,84.06
20,1563,NARMADA,EQ,194750,137648,70.68
20,1564,NATCOPHARM,EQ,343836,143948,41.87
20,1565,NATHBIOGEN,EQ,19990,15922,79.65
20,1566,NATIONALUM,EQ,12980177,3520533,27.12
20,1567,NAUKRI,EQ,298159,199559,66.93
20,1568,NAVA,EQ,168587,93447,55.43
20,1569,NAVINFLUOR,EQ,136983,41651,30.41
20,1570,NAVINIFTY,EQ,90,90,100.00
20,1571,NAVKARCORP,EQ,784187,411539,52.48
20,1572,NAVNETEDUL,EQ,127165,85457,67.20
20,1573,NAZARA,EQ,238507,122377,51.31
20,1574,NBCC,EQ,7115804,2231286,31.36
20,1575,NBIFIN,EQ,123,78,63.41
20,1576,NCC,EQ,4043730,1238465,30.63
20,1577,NCLIND,EQ,30804,17536,56.93
20,1578,NDLVENTURE,EQ,21016,11786,56.08
20,1579,NDRAUTO,EQ,15086,7690,50.97
20,1580,NDTV,EQ,51256,25823,50.38
20,1581,NECCLTD,EQ,111982,76867,68.64
20,1582,NELCAST,EQ,36057,20766,57.59
20,1583,NELCO,EQ,36782,12388,33.68
20,1584,NEOGEN,EQ,65608,19970,30.44
20,1585,NEPHROCARE,ST,10800,10400,96.30
20,1586,NESCO,EQ,186039,91501,49.18
20,1587,NESTLEIND,EQ,659765,450385,68.26
20,1588,NETF,EQ,1442,1309,90.78
20,1589,NETWEB,EQ,81111,35498,43.76
20,1590,NETWORK18,EQ,5325599,1617292,30.37
20,1591,NEULANDLAB,EQ,32585,13031,39.99
20,1592,NEWGEN,EQ,245524,103343,42.09
20,1593,NEWJAISA,SM,15000,10500,70.00
20,1594,NEXT50,EQ,12365,8788,71.07
20,1595,NEXT50IETF,EQ,393181,337571,85.86
20,1596,NFL,EQ,1357862,271036,19.96
20,1597,NGIL,EQ,96880,26219,27.06
20,1598,NGLFINE,EQ,2389,1739,72.79
20,1599,NH,EQ,353155,109140,30.90
20,1600,NHPC,EQ,21878438,9969351,45.57
20,1601,NIACL,EQ,2627311,777581,29.60
20,1602,NIDAN,SM,12000,11000,91.67
20,1603,NIF100BEES,EQ,45185,31290,69.25
20,1604,NIF100IETF,EQ,227407,122442,53.84
20,1605,NIF10GETF,EQ,702,448,63.82
20,1606,NIF5GETF,EQ,69,59,85.51
20,1607,NIFITETF,EQ,1640,1430,87.20
20,1608,NIFMID150,EQ,1432,1182,82.54
20,1609,NIFTY1,EQ,42079,36913,87.72
20,1610,NIFTY50ADD,EQ,9210,7028,76.31
20,1611,NIFTYBEES,EQ,4258360,3028175,71.11
20,1612,NIFTYBETF,EQ,5596,5533,98.87
20,1613,NIFTYETF,EQ,116977,85803,73.35
20,1614,NIFTYIETF,EQ,2261366,1973582,87.27
20,1615,NIFTYQLITY,EQ,159421,139954,87.79
20,1616,NIITLTD,EQ,578768,280601,48.48
20,1617,NIITMTS,EQ,39104,21994,56.24
20,1618,NILAINFRA,EQ,987016,534497,54.15
20,1619,NILKAMAL,EQ,12858,10420,81.04
20,1620,NINSYS,EQ,9443,6103,64.63
20,1621,NIPPOBATRY,EQ,3912,2147,54.88
20,1622,NIRMAN,ST,10500,8100,77.14
20,1623,NITINSPIN,EQ,226968,59606,26.26
20,1624,NITIRAJ,EQ,21695,11998,55.30
20,1625,NKIND,EQ,730,290,39.73
20,1626,NLCINDIA,EQ,894480,322057,36.00
20,1627,NMDC,EQ,10793925,3299188,30.57
20,1628,NOCIL,EQ,337262,159055,47.16
20,1629,NORTHARC,EQ,432718,163156,37.70
20,1630,NPBET,EQ,1179,1003,85.07
20,1631,NPST,SM,24950,18500,74.15
20,1632,NRAIL,EQ,8393,4777,56.92
20,1633,NRBBEARING,EQ,112638,65783,58.40
20,1634,NSLNISP,EQ,3017216,1196227,39.65
20,1635,NTPC,EQ,12204072,6005638,49.21
20,1636,NUCLEUS,EQ,13766,8817,64.05
20,1637,NURECA,EQ,6865,4232,61.65
20,1638,NUVAMA,EQ,116969,50389,43.08
20,1639,NUVOCO,EQ,255885,73313,28.65
20,1640,NV20,EQ,9568,4462,46.63
20,1641,NV20BEES,EQ,15070,11952,79.31
20,1642,NV20IETF,EQ,1063891,557573,52.41
20,1643,NXST,RR,259963,204213,78.55
20,1644,NYKAA,EQ,1834734,875749,47.73
20,1645,OAL,EQ,42521,22422,52.73
20,1646,OBCL,EQ,11951,7902,66.12
20,1647,OBEROIRLTY,EQ,1337339,667908,49.94
20,1648,OBSCP,ST,43200,43200,100.00
20,1649,OCCL,EQ,73278,37449,51.11
20,1650,OFSS,EQ,218143,78342,35.91
20,1651,OIL,EQ,2491383,1217490,48.87
20,1652,OILIETF,EQ,2137414,1181551,55.28
20,1653,OLAELEC,EQ,34098220,6960909,20.41
20,1654,OLECTRA,EQ,296096,96774,32.68
20,1655,OLIL,SM,31200,28800,92.31
20,1656,OMAXAUTO,EQ,73306,46938,64.03
20,1657,OMAXE,EQ,64785,28186,43.51
20,1658,OMFURN,SM,33600,31200,92.86
20,1659,OMINFRAL,EQ,81374,50082,61.55
20,1660,ONDOOR,SM,600,300,50.00
20,1661,ONEPOINT,EQ,232390,93540,40.25
20,1662,ONGC,EQ,16173656,8700858,53.80
20,1663,ONMOBILE,EQ,380925,120609,31.66
20,1664,ONWARDTEC,EQ,77350,49266,63.69
20,1665,ORBTEXP,EQ,6663,3725,55.91
20,1666,ORCHPHARMA,EQ,86817,41488,47.79
20,1667,ORIANA,SM,154050,93000,60.37
20,1668,ORICONENT,EQ,77172,37525,48.63
20,1669,ORIENTBELL,EQ,5842,4064,69.57
20,1670,ORIENTCEM,EQ,1204582,832809,69.14
20,1671,ORIENTCER,EQ,28024,15105,53.90
20,1672,ORIENTELEC,EQ,695731,370310,53.23
20,1673,ORIENTHOT,EQ,472891,126885,26.83
20,1674,ORIENTLTD,EQ,16811,9918,59.00
20,1675,ORIENTPPR,EQ,536028,243109,45.35
20,1676,ORIENTTECH,EQ,230105,146110,63.50
20,1677,ORISSAMINE,EQ,8387,3718,44.33
20,1678,ORTINGLOBE,EQ,27151,16480,60.70
20,1679,OSELDEVICE,SM,25600,18400,71.88
20,1680,OSWALGREEN,EQ,718539,259555,36.12
20,1681,OWAIS,SM,75900,44900,59.16
20,1682,PAGEIND,EQ,18604,8984,48.29
20,1683,PAISALO,EQ,2201532,785525,35.68
20,1684,PAKKA,EQ,28807,16741,58.11
20,1685,PALASHSECU,EQ,183305,66581,36.32
20,1686,PANAMAPET,EQ,25864,15549,60.12
20,1687,PAR,EQ,52429,25991,49.57
20,1688,PARACABLES,EQ,1804582,615555,34.11
20,1689,PARADEEP,EQ,18351297,3632961,19.80
20,1690,PARAGMILK,EQ,1216045,448603,36.89
20,1691,PARAGON,SM,14400,13200,91.67
20,1692,PARAMOUNT,SM,7200,4800,66.67
20,1693,PARAS,EQ,396406,113988,28.76
20,1694,PARKHOTELS,EQ,296621,159197,53.67
20,1695,PASHUPATI,ST,200,200,100.00
20,1696,PATANJALI,EQ,317959,184573,58.05
20,1697,PATELENG,EQ,3299113,1433099,43.44
20,1698,PATINTLOG,EQ,126861,57807,45.57
20,1699,PAYTM,EQ,9492066,1256871,13.24
20,1700,PCBL,EQ,3316624,1977392,59.62
20,1701,PCCL,SM,11600,8800,75.86
20,1702,PDMJEPAPER,EQ,546202,204451,37.43
20,1703,PDSL,EQ,166747,74861,44.89
20,1704,PEARLPOLY,EQ,66715,25287,37.90
20,1705,PEL,EQ,750787,215574,28.71
20,1706,PELATRO,SM,34800,28200,81.03
20,1707,PENIND,EQ,1648176,418272,25.38
20,1708,PENINLAND,EQ,255209,120178,47.09
20,1709,PENTAGON,SM,18000,18000,100.00
20,1710,PERSISTENT,EQ,867619,322225,37.14
20,1711,PETRONET,EQ,2799823,1793798,64.07
20,1712,PFC,EQ,6917895,3133977,45.30
20,1713,PFIZER,EQ,20877,9274,44.42
20,1714,PFOCUS,EQ,11271,5124,45.46
20,1715,PFS,EQ,889134,417140,46.92
20,1716,PGEL,EQ,1237251,674834,54.54
20,1717,PGHH,EQ,7177,3648,50.83
20,1718,PGHL,EQ,6876,3357,48.82
20,1719,PGIL,EQ,24443,13830,56.58
20,1720,PGINVIT,IV,697653,621139,89.03
20,1721,PHANTOMFX,SM,9300,6300,67.74
20,1722,PHARMABEES,EQ,2360246,1135167,48.10
20,1723,PHOENIXLTD,EQ,830897,413427,49.76
20,1724,PHOGLOBAL,ST,34000,26000,76.47
20,1725,PIDILITIND,EQ,289327,162640,56.21
20,1726,PIIND,EQ,152629,78061,51.14
20,1727,PILITA,EQ,775718,451608,58.22
20,1728,PIONEEREMB,EQ,8636,5628,65.17
20,1729,PITTIENG,EQ,43472,16609,38.21
20,1730,PIXTRANS,EQ,122848,59896,48.76
20,1731,PKTEA,EQ,2148,1082,50.37
20,1732,PLATIND,EQ,278739,107413,38.54
20,1733,PLAZACABLE,EQ,41001,22953,55.98
20,1734,PNB,EQ,93367752,55823823,59.79
20,1735,PNBGILTS,EQ,324039,94944,29.30
20,1736,PNBHOUSING,EQ,1342499,657371,48.97
20,1737,PNC,EQ,283149,38897,13.74
20,1738,PNCINFRA,EQ,786974,590889,75.08
20,1739,PNGJL,EQ,358558,207209,57.79
20,1740,POCL,EQ,31658,24210,76.47
20,1741,PODDARMENT,EQ,7029,4822,68.60
20,1742,POKARNA,EQ,27673,9944,35.93
20,1743,POLICYBZR,EQ,614924,288417,46.90
20,1744,POLYCAB,EQ,259567,119714,46.12
20,1745,POLYMED,EQ,858039,204056,23.78
20,1746,POLYPLEX,EQ,38844,20140,51.85
20,1747,PONNIERODE,EQ,13566,8457,62.34
20,1748,POONAWALLA,EQ,6166440,926099,15.02
20,1749,POSITRON,ST,7800,7800,100.00
20,1750,POWERGRID,EQ,9900390,6037222,60.98
20,1751,POWERINDIA,EQ,36829,11865,32.22
20,1752,POWERMECH,EQ,56222,29598,52.64
20,1753,PPAP,EQ,7100,5473,77.08
20,1754,PPL,EQ,49263,22485,45.64
20,1755,PPLPHARMA,EQ,44170710,3706030,8.39
20,1756,PPSL,SM,108000,66000,61.11
20,1757,PRAJIND,EQ,445007,160129,35.98
20,1758,PRAKASH,EQ,299074,138194,46.21
20,1759,PRAKASHSTL,EQ,620857,373006,60.08
20,1760,PRAMARA,SM,6000,5000,83.33
20,1761,PRANIK,SM,43200,25600,59.26
20,1762,PRATHAM,ST,18000,15600,86.67
20,1763,PRECAM,EQ,543813,125714,23.12
20,1764,PRECISION,SM,44000,26000,59.09
20,1765,PRECOT,EQ,16697,13545,81.12
20,1766,PRECWIRE,EQ,190895,42666,22.35
20,1767,PREMEXPLN,EQ,73296,41914,57.18
20,1768,PREMIERENE,EQ,1803848,608883,33.75
20,1769,PREMIUM,ST,441000,438000,99.32
20,1770,PRESSTONIC,SM,29600,24000,81.08
20,1771,PRESTIGE,EQ,558521,282245,50.53
20,1772,PRICOLLTD,EQ,304533,180801,59.37
20,1773,PRIMESECU,EQ,58150,32829,56.46
20,1774,PRINCEPIPE,EQ,500331,311448,62.25
20,1775,PRITI,EQ,220886,68283,30.91
20,1776,PRITIKA,ST,40000,26000,65.00
20,1777,PRITIKAUTO,EQ,1395347,554448,39.74
20,1778,PRIVISCL,EQ,27065,12892,47.63
20,1779,PRIZOR,ST,20000,19200,96.00
20,1780,PRLIND,SM,21000,14000,66.67
20,1781,PROLIFE,SM,2000,2000,100.00
20,1782,PROPEQUITY,SM,9600,9600,100.00
20,1783,PROV,SM,240,240,100.00
20,1784,PROZONER,EQ,123606,67147,54.32
20,1785,PRSMJOHNSN,EQ,844057,221454,26.24
20,1786,PRUDENT,EQ,626807,71684,11.44
20,1787,PSB,EQ,2114889,496070,23.46
20,1788,PSFL,SM,50000,38000,76.00
20,1789,PSPPROJECT,EQ,60320,30592,50.72
20,1790,PSUBANK,EQ,6197,3571,57.62
20,1791,PSUBANKADD,EQ,89224,83896,94.03
20,1792,PSUBNKBEES,EQ,1979970,1077933,54.44
20,1793,PSUBNKIETF,EQ,111630,44628,39.98
20,1794,PTC,EQ,1034105,568079,54.93
20,1795,PTCIL,EQ,40544,37914,93.51
20,1796,PTL,EQ,53156,28461,53.54
20,1797,PULZ,ST,2000,2000,100.00
20,1798,PUNJABCHEM,EQ,12326,8972,72.79
20,1799,PURVA,EQ,37345,22233,59.53
20,1800,PURVFLEXI,SM,10400,8000,76.92
20,1801,PVRINOX,EQ,551110,191071,34.67
20,1802,PVSL,EQ,110958,68396,61.64
20,1803,PVTBANIETF,EQ,1447062,1058261,73.13
20,1804,PVTBANKADD,EQ,2524440,2515566,99.65
20,1805,PYRAMID,EQ,131042,57492,43.87
20,1806,QGOLDHALF,EQ,225830,172363,76.32
20,1807,QMSMEDI,SM,4000,4000,100.00
20,1808,QNIFTY,EQ,225,152,67.56
20,1809,QUADPRO,SM,36000,24000,66.67
20,1810,QUAL30IETF,EQ,366064,131088,35.81
20,1811,QUESS,EQ,560260,202517,36.15
20,1812,QUESTLAB,SM,25200,14400,57.14
20,1813,QUICKHEAL,EQ,76218,23011,30.19
20,1814,QUICKTOUCH,SM,3500,3000,85.71
20,1815,QVCEL,ST,16000,16000,100.00
20,1816,RACE,EQ,15024,6070,40.40
20,1817,RADIANTCMS,EQ,107632,62185,57.78
20,1818,RADICO,EQ,280060,111915,39.96
20,1819,RADIOCITY,EQ,190275,91067,47.86
20,1820,RADIOCITY,P1,2174,2174,100.00
20,1821,RADIOWALLA,SM,19200,16000,83.33
20,1822,RAILTEL,EQ,1503860,313491,20.85
20,1823,RAIN,EQ,944450,424055,44.90
20,1824,RAINBOW,EQ,2450121,173579,7.08
20,1825,RAJESHEXPO,EQ,357423,145819,40.80
20,1826,RAJINDLTD,SM,21000,19500,92.86
20,1827,RAJMET,EQ,1102158,593918,53.89
20,1828,RAJRATAN,EQ,15743,7171,45.55
20,1829,RAJSREESUG,EQ,32316,10035,31.05
20,1830,RALLIS,EQ,914571,382000,41.77
20,1831,RAMANEWS,EQ,68500,39870,58.20
20,1832,RAMAPHO,EQ,4830,3361,69.59
20,1833,RAMASTEEL,EQ,49168325,10389012,21.13
20,1834,RAMCOCEM,EQ,556923,158818,28.52
20,1835,RAMCOIND,EQ,84826,42857,50.52
20,1836,RAMCOSYS,EQ,26009,16592,63.79
20,1837,RAMKY,EQ,144658,53599,37.05
20,1838,RAMRAT,EQ,32373,19068,58.90
20,1839,RANASUG,EQ,197016,91429,46.41
20,1840,RANEHOLDIN,EQ,8751,4553,52.03
20,1841,RAPPID,SM,4200,3600,85.71
20,1842,RATEGAIN,EQ,325294,191644,58.91
20,1843,RATNAMANI,EQ,21015,9958,47.39
20,1844,RAYMOND,EQ,177396,51561,29.07
20,1845,RAYMONDLSL,EQ,147968,80030,54.09
20,1846,RBA,EQ,1734091,1049419,60.52
20,1847,RBLBANK,EQ,20124057,9120812,45.32
20,1848,RBMINFRA,ST,11000,10000,90.91
20,1849,RBS,SM,110400,56000,50.72
20,1850,RCDL,SM,30000,18000,60.00
20,1851,RCF,EQ,1218792,313029,25.68
20,1852,RECLTD,EQ,8005076,3498870,43.71
20,1853,REDINGTON,EQ,16212913,2164419,13.35
20,1854,REDTAPE,EQ,319602,101689,31.82
20,1855,REFRACTORY,ST,12000,12000,100.00
20,1856,RELAXO,EQ,124276,39255,31.59
20,1857,RELCHEMQ,EQ,9528,7829,82.17
20,1858,RELIABLE,EQ,3586,1883,52.51
20,1859,RELIANCE,EQ,9331650,6120942,65.59
20,1860,RELIGARE,EQ,2752570,1686053,61.25
20,1861,REMSONSIND,EQ,92419,59456,64.33
20,1862,REMUS,SM,1900,1350,71.05
20,1863,RENUKA,EQ,12506254,2266535,18.12
20,1864,REPCOHOME,EQ,106793,47266,44.26
20,1865,REPL,EQ,6500,3521,54.17
20,1866,REPRO,EQ,14429,9437,65.40
20,1867,RESPONIND,EQ,280746,19155,6.82
20,1868,REXPIPES,SM,10000,10000,100.00
20,1869,RGL,EQ,812208,234798,28.91
20,1870,RHIM,EQ,142182,56780,39.93
20,1871,RHL,EQ,9347,2263,24.21
20,1872,RICOAUTO,EQ,307392,130072,42.31
20,1873,RIIL,EQ,98555,22869,23.20
20,1874,RILINFRA,ST,10200,10200,100.00
20,1875,RISHABH,EQ,17222,10705,62.16
20,1876,RITCO,EQ,169079,50532,29.89
20,1877,RITES,EQ,799917,173309,21.67
20,1878,RITEZONE,SM,1600,1600,100.00
20,1879,RKEC,EQ,47154,29405,62.36
20,1880,RKFORGE,EQ,258835,99171,38.31
20,1881,RKSWAMY,EQ,36363,19194,52.78
20,1882,RMDRIP,ST,3500,3000,85.71
20,1883,RML,EQ,18834,8810,46.78
20,1884,RNFI,SM,46800,40800,87.18
20,1885,ROCKINGDCE,SM,22500,3750,16.67
20,1886,ROHLTD,EQ,21300,11489,53.94
20,1887,ROLEXRINGS,EQ,9076,4137,45.58
20,1888,ROML,EQ,5329,1027,19.27
20,1889,ROSSARI,EQ,36731,15258,41.54
20,1890,ROTO,EQ,114701,45376,39.56
20,1891,ROUTE,EQ,62295,35619,57.18
20,1892,ROXHITECH,SM,19200,17600,91.67
20,1893,RPEL,EQ,6205,3671,59.16
20,1894,RPGLIFE,EQ,8935,3697,41.38
20,1895,RPPL,EQ,89130,52258,58.63
20,1896,RPSGVENT,EQ,35154,13850,39.40
20,1897,RPTECH,EQ,216559,89225,41.20
20,1898,RRKABEL,EQ,139659,98134,70.27
20,1899,RSWM,EQ,24663,12899,52.30
20,1900,RSYSTEMS,EQ,400075,242752,60.68
20,1901,RTNINDIA,EQ,47269826,3495636,7.40
20,1902,RTNPOWER,EQ,15101268,7058781,46.74
20,1903,RUBFILA,EQ,80359,43021,53.54
20,1904,RUBYMILLS,EQ,9636,3718,38.58
20,1905,RUCHIRA,EQ,8340,3836,46.00
20,1906,RULKA,SM,51300,34500,67.25
20,1907,RUPA,EQ,68032,23557,34.63
20,1908,RUSHIL,EQ,2987179,1217892,40.77
20,1909,RUSTOMJEE,EQ,27610,18819,68.16
20,1910,RVHL,EQ,5727,1582,27.62
20,1911,RVNL,EQ,6608995,1129101,17.08
20,1912,SAAKSHI,SM,8400,6000,71.43
20,1913,SABAR,SM,170000,105000,61.76
20,1914,SADBHAV,EQ,2546830,1322718,51.94
20,1915,SADBHIN,EQ,103508,58484,56.50
20,1916,SADHAV,SM,7800,6600,84.62
20,1917,SADHNANIQ,EQ,134958,70930,52.56
20,1918,SAFARI,EQ,51613,24150,46.79
20,1919,SAGARDEEP,EQ,2024,1338,66.11
20,1920,SAGCEM,EQ,12720,5887,46.28
20,1921,SAH,EQ,1341650,98821,7.37
20,1922,SAHAJ,SM,20000,16000,80.00
20,1923,SAHAJSOLAR,ST,85200,78600,92.25
20,1924,SAHANA,SM,10125,8500,83.95
20,1925,SAHASRA,SM,406800,202800,49.85
20,1926,SAHYADRI,EQ,4658,2912,62.52
20,1927,SAIFL,SM,6400,4800,75.00
20,1928,SAIL,EQ,15887511,4706882,29.63
20,1929,SAJHOTELS,SM,16000,16000,100.00
20,1930,SAKAR,EQ,15054,8718,57.91
20,1931,SAKHTISUG,EQ,276773,119393,43.14
20,1932,SAKSOFT,EQ,88019,42752,48.57
20,1933,SALASAR,EQ,3317917,1288290,38.83
20,1934,SALONA,EQ,6755,3306,48.94
20,1935,SALSTEEL,EQ,45137,31877,70.62
20,1936,SALZERELEC,EQ,34331,13897,40.48
20,1937,SAMBHAAV,EQ,412515,131911,31.98
20,1938,SAMHI,EQ,309189,190938,61.75
20,1939,SAMMAANCAP,EQ,2330188,929815,39.90
20,1940,SAMPANN,EQ,30483,24121,79.13
20,1941,SANDESH,EQ,1438,813,56.54
20,1942,SANDHAR,EQ,48160,27042,56.15
20,1943,SANDUMA,EQ,99290,54602,54.99
20,1944,SANGAMIND,EQ,7686,4651,60.51
20,1945,SANGHIIND,EQ,419180,222342,53.04
20,1946,SANGHVIMOV,EQ,355286,147361,41.48
20,1947,SANGINITA,EQ,34928,22730,65.08
20,1948,SANOFI,EQ,16619,9914,59.65
20,1949,SANOFICONR,EQ,7771,4530,58.29
20,1950,SANSERA,EQ,240512,147497,61.33
20,1951,SANSTAR,EQ,676077,314393,46.50
20,1952,SAPPHIRE,EQ,788260,620782,78.75
20,1953,SARDAEN,EQ,1208992,486817,40.27
20,1954,SAREGAMA,EQ,1815674,427250,23.53
20,1955,SARTELE,SM,196000,114000,58.16
20,1956,SARVESHWAR,EQ,2241000,1038029,46.32
20,1957,SASKEN,EQ,8788,4643,52.83
20,1958,SASTASUNDR,EQ,131005,60376,46.09
20,1959,SATECH,ST,214000,141000,65.89
20,1960,SATIA,EQ,103532,60530,58.47
20,1961,SATIN,EQ,237100,107635,45.40
20,1962,SATINDLTD,EQ,258575,109283,42.26
20,1963,SATIPOLY,SM,14000,10500,75.00
20,1964,SAURASHCEM,EQ,62041,30246,48.75
20,1965,SBC,EQ,2438184,1133654,46.50
20,1966,SBCL,EQ,81471,44315,54.39
20,1967,SBFC,EQ,3338782,1474989,44.18
20,1968,SBGLP,EQ,303755,71575,23.56
20,1969,SBICARD,EQ,2065078,760344,36.82
20,1970,SBIETFCON,EQ,11311,9981,88.24
20,1971,SBIETFIT,EQ,13243,11158,84.26
20,1972,SBIETFPB,EQ,5988,4160,69.47
20,1973,SBIETFQLTY,EQ,4068,3432,84.37
20,1974,SBILIFE,EQ,809110,407691,50.39
20,1975,SBIN,EQ,13402324,6675153,49.81
20,1976,SBINEQWETF,EQ,21679,17355,80.05
20,1977,SBISILVER,EQ,43641,33879,77.63
20,1978,SCHAEFFLER,EQ,76649,48242,62.94
20,1979,SCHAND,EQ,26486,13811,52.14
20,1980,SCHNEIDER,EQ,96058,42119,43.85
20,1981,SCI,EQ,1576081,681918,43.27
20,1982,SCILAL,EQ,487053,299425,61.48
20,1983,SCLZC25B,AT,6,6,100.00
20,1984,SCML,SM,4000,2000,50.00
20,1985,SDBL,EQ,437122,248159,56.77
20,1986,SDL26BEES,EQ,1106,1035,93.58
20,1987,SDREAMS,SM,34000,27000,79.41
20,1988,SEAMECLTD,EQ,21460,14149,65.93
20,1989,SECMARK,EQ,3026,2169,71.68
20,1990,SECURKLOUD,EQ,41818,26612,63.64
20,1991,SEL,ST,400,400,100.00
20,1992,SELAN,EQ,41867,29887,71.39
20,1993,SENCO,EQ,588578,184435,31.34
20,1994,SENSEXADD,EQ,1731,1662,96.01
20,1995,SENSEXETF,EQ,7806,6816,87.32
20,1996,SENSEXIETF,EQ,7015,4104,58.50
20,1997,SEPC,EQ,9146218,3531156,38.61
20,1998,SERVICE,SM,8000,8000,100.00
20,1999,SERVOTECH,EQ,2439675,1080825,44.30
20,2000,SESHAPAPER,EQ,15809,9475,59.93
20,2001,SETCO,EQ,127093,89735,70.61
20,2002,SETF10GILT,EQ,13182,11964,90.76
20,2003,SETFGOLD,EQ,1831316,1597871,87.25
20,2004,SETFNIF50,EQ,222017,178096,80.22
20,2005,SETFNIFBK,EQ,22877,8842,38.65
20,2006,SETFNN50,EQ,25160,20640,82.03
20,2007,SFL,EQ,118561,55648,46.94
20,2008,SGBAPR28I,GB,262,193,73.66
20,2009,SGBAUG27,GB,20,18,90.00
20,2010,SGBAUG28V,GB,518,308,59.46
20,2011,SGBAUG29V,GB,47,28,59.57
20,2012,SGBAUG30,GB,172,123,71.51
20,2013,SGBD29VIII,GB,117,104,88.89
20,2014,SGBDC27VII,GB,3,3,100.00
20,2015,SGBDE30III,GB,173,111,64.16
20,2016,SGBDE31III,GB,1907,1662,87.15
20,2017,SGBDEC2513,GB,2,2,100.00
20,2018,SGBDEC26,GB,22,12,54.55
20,2019,SGBFEB28IX,GB,6,6,100.00
20,2020,SGBFEB29XI,GB,194,180,92.78
20,2021,SGBFEB32IV,GB,1465,678,46.28
20,2022,SGBJAN29IX,GB,274,252,91.97
20,2023,SGBJAN29X,GB,37,31,83.78
20,2024,SGBJAN30IX,GB,48,38,79.17
20,2025,SGBJU29III,GB,38,30,78.95
20,2026,SGBJUL25,GB,113,95,84.07
20,2027,SGBJUL27,GB,20,16,80.00
20,2028,SGBJUL28IV,GB,218,199,91.28
20,2029,SGBJUL29IV,GB,55,46,83.64
20,2030,SGBJUN28,GB,124,103,83.06
20,2031,SGBJUN29II,GB,127,110,86.61
20,2032,SGBJUN30,GB,168,124,73.81
20,2033,SGBJUN31I,GB,576,433,75.17
20,2034,SGBMAR25,GB,63,48,76.19
20,2035,SGBMAR28X,GB,266,121,45.49
20,2036,SGBMAR30X,GB,8,8,100.00
20,2037,SGBMAR31IV,GB,119,102,85.71
20,2038,SGBMAY25,GB,21,17,80.95
20,2039,SGBMAY26,GB,4,4,100.00
20,2040,SGBMAY28,GB,355,351,98.87
20,2041,SGBMAY29I,GB,745,707,94.90
20,2042,SGBMR29XII,GB,190,129,67.89
20,2043,SGBN28VIII,GB,92,88,95.65
20,2044,SGBNOV24,GB,124,103,83.06
20,2045,SGBNOV25VI,GB,9,9,100.00
20,2046,SGBNOV26,GB,3,3,100.00
20,2047,SGBNV29VII,GB,251,201,80.08
20,2048,SGBOC28VII,GB,94,77,81.91
20,2049,SGBOCT25IV,GB,37,28,75.68
20,2050,SGBOCT25V,GB,8,8,100.00
20,2051,SGBOCT26,GB,1,1,100.00
20,2052,SGBOCT27,GB,155,152,98.06
20,2053,SGBOCT27VI,GB,29,29,100.00
20,2054,SGBSEP27,GB,92,60,65.22
20,2055,SGBSEP28VI,GB,175,135,77.14
20,2056,SGBSEP29VI,GB,152,91,59.87
20,2057,SGBSEP31II,GB,1025,728,71.02
20,2058,SGIL,EQ,23509,11232,47.78
20,2059,SHAILY,EQ,173904,112226,64.53
20,2060,SHALBY,EQ,346382,168188,48.56
20,2061,SHALPAINTS,EQ,123145,51225,41.60
20,2062,SHANKARA,EQ,40616,24699,60.81
20,2063,SHANTHALA,SM,3600,3600,100.00
20,2064,SHANTI,EQ,2258,1073,47.52
20,2065,SHANTIGEAR,EQ,12281,6161,50.17
20,2066,SHARDACROP,EQ,731652,197630,27.01
20,2067,SHARDAMOTR,EQ,51376,21116,41.10
20,2068,SHAREINDIA,EQ,237872,124552,52.36
20,2069,SHARIABEES,EQ,4998,3752,75.07
20,2070,SHEETAL,SM,34000,22000,64.71
20,2071,SHEMAROO,EQ,37852,12920,34.13
20,2072,SHERA,SM,26000,18000,69.23
20,2073,SHIGAN,SM,4500,3000,66.67
20,2074,SHILPAMED,EQ,246892,81840,33.15
20,2075,SHIVALIK,EQ,35470,17972,50.67
20,2076,SHIVAMILLS,EQ,23168,15601,67.34
20,2077,SHIVATEX,EQ,6106,3955,64.77
20,2078,SHK,EQ,353684,138914,39.28
20,2079,SHOPERSTOP,EQ,18384,7184,39.08
20,2080,SHREDIGCEM,EQ,136914,61596,44.99
20,2081,SHREECEM,EQ,44337,29954,67.56
20,2082,SHREEKARNI,SM,2700,2550,94.44
20,2083,SHREEOSFM,SM,21000,18000,85.71
20,2084,SHREYANIND,EQ,6514,2919,44.81
20,2085,SHRIPISTON,EQ,57929,29137,50.30
20,2086,SHRIRAMFIN,EQ,1615002,961132,59.51
20,2087,SHRIRAMPPS,EQ,1219302,560734,45.99
20,2088,SHRITECH,SM,106000,102000,96.23
20,2089,SHUBHLAXMI,ST,15000,12000,80.00
20,2090,SHUBHSHREE,ST,46800,44400,94.87
20,2091,SHYAMCENT,EQ,120034,53766,44.79
20,2092,SHYAMMETL,EQ,172308,72076,41.83
20,2093,SIEMENS,EQ,170622,91008,53.34
20,2094,SIGACHI,EQ,1333348,501943,37.65
20,2095,SIGIND,EQ,41723,10257,24.58
20,2096,SIGMA,EQ,4710,2118,44.97
20,2097,SIGNATURE,EQ,416476,100501,24.13
20,2098,SIGNPOST,EQ,21792,7924,36.36
20,2099,SIKKO,EQ,43994,20405,46.38
20,2100,SILGO,EQ,69413,33135,47.74
20,2101,SILKFLEX,ST,2000,2000,100.00
20,2102,SILLYMONKS,EQ,6208,5193,83.65
20,2103,SILVER,EQ,504384,462858,91.77
20,2104,SILVER1,EQ,154150,143170,92.88
20,2105,SILVERADD,EQ,39757,38268,96.25
20,2106,SILVERBEES,EQ,6807029,4741550,69.66
20,2107,SILVERETF,EQ,318155,207012,65.07
20,2108,SILVERIETF,EQ,1295862,1193500,92.10
20,2109,SILVERTUC,EQ,17854,2590,14.51
20,2110,SILVRETF,EQ,18934,13940,73.62
20,2111,SINCLAIR,EQ,37100,27909,75.23
20,2112,SINDHUTRAD,EQ,770108,404719,52.55
20,2113,SINTERCOM,EQ,5415,936,17.29
20,2114,SIRCA,EQ,360112,129623,36.00
20,2115,SIS,EQ,27542,11014,39.99
20,2116,SIYSIL,EQ,141111,78806,55.85
20,2117,SJLOGISTIC,ST,26000,24500,94.23
20,2118,SJS,EQ,266657,101324,38.00
20,2119,SJVN,EQ,3453974,1077242,31.19
20,2120,SKFINDIA,EQ,75687,62469,82.54
20,2121,SKIPPER,EQ,551109,131772,23.91
20,2122,SKIPPERPP,E1,55780,53916,96.66
20,2123,SKMEGGPROD,EQ,39145,21756,55.58
20,2124,SKP,SM,6000,5000,83.33
20,2125,SLONE,SM,28000,26400,94.29
20,2126,SMALLCAP,EQ,542996,331564,61.06
20,2127,SMCGLOBAL,EQ,298518,128042,42.89
20,2128,SMLISUZU,EQ,21747,9751,44.84
20,2129,SMLT,EQ,36071,12966,35.95
20,2130,SMSPHARMA,EQ,100034,41490,41.48
20,2131,SNOWMAN,EQ,466642,144377,30.94
20,2132,SOBHA,EQ,230895,104951,45.45
20,2133,SOBHAPP,E1,1867,1807,96.79
20,2134,SOFTTECH,EQ,9698,7070,72.90
20,2135,SOLARA,EQ,162104,132422,81.69
20,2136,SOLARAPP,E1,5980,5630,94.15
20,2137,SOLARINDS,EQ,66012,36097,54.68
20,2138,SOLEX,SM,38875,20875,53.70
20,2139,SOMANYCERA,EQ,44279,30898,69.78
20,2140,SOMATEX,EQ,152046,60006,39.47
20,2141,SONACOMS,EQ,984886,593336,60.24
20,2142,SONAMAC,SM,30000,25000,83.33
20,2143,SONATSOFTW,EQ,365766,143033,39.11
20,2144,SONUINFRA,SM,3000,3000,100.00
20,2145,SOTAC,SM,1200,1200,100.00
20,2146,SOTL,EQ,18298,8339,45.57
20,2147,SOUTHBANK,EQ,10312793,4699561,45.57
20,2148,SOUTHWEST,EQ,121565,104522,85.98
20,2149,SPAL,EQ,6556,2484,37.89
20,2150,SPANDANA,EQ,368147,92781,25.20
20,2151,SPARC,EQ,314354,165169,52.54
20,2152,SPCENET,EQ,3398252,1666686,49.05
20,2153,SPCL,SM,22200,16800,75.68
20,2154,SPECIALITY,EQ,27670,20978,75.81
20,2155,SPECTRUM,SM,6625,4750,71.70
20,2156,SPECTSTM,SM,224000,122400,54.64
20,2157,SPENCERS,EQ,134717,47108,34.97
20,2158,SPIC,EQ,472667,148850,31.49
20,2159,SPLIL,EQ,5957,3786,63.56
20,2160,SPLPETRO,EQ,17654,7831,44.36
20,2161,SPORTKING,EQ,154330,70826,45.89
20,2162,SPPPOLY,SM,34000,12000,35.29
20,2163,SRD,EQ,1069021,464652,43.47
20,2164,SREEL,EQ,11863,4316,36.38
20,2165,SRF,EQ,402886,227256,56.41
20,2166,SRGHFL,EQ,1201,788,65.61
20,2167,SRHHYPOLTD,EQ,40119,14008,34.92
20,2168,SRIVASAVI,SM,7000,6000,85.71
20,2169,SSDL,EQ,59023,32734,55.46
20,2170,SSEGL,ST,68600,66200,96.50
20,2171,SSFL,ST,43000,41000,95.35
20,2172,SSWL,EQ,95696,47545,49.68
20,2173,STANLEY,EQ,135452,66707,49.25
20,2174,STAR,EQ,249603,161937,64.88
20,2175,STARCEMENT,EQ,172237,95422,55.40
20,2176,STARHEALTH,EQ,1559909,826712,53.00
20,2177,STARPAPER,EQ,3393,2244,66.14
20,2178,STARTECK,EQ,2501,167,6.68
20,2179,STCINDIA,EQ,35507,10170,28.64
20,2180,STEELCAS,EQ,13150,8314,63.22
20,2181,STEELCITY,EQ,248655,118086,47.49
20,2182,STEELXIND,EQ,1244563,634797,51.01
20,2183,STERTOOLS,EQ,112066,33321,29.73
20,2184,STLTECH,EQ,1070998,465041,43.42
20,2185,STOVEKRAFT,EQ,68075,26158,38.43
20,2186,STYLAMIND,EQ,17499,8902,50.87
20,2187,STYLEBAAZA,EQ,124921,54970,44.00
20,2188,STYRENIX,EQ,34370,17299,50.33
20,2189,SUBEXLTD,EQ,2460613,836986,34.02
20,2190,SUBROS,EQ,53302,20157,37.82
20,2191,SUDARSCHEM,EQ,284140,102530,36.08
20,2192,SUKHJITS,EQ,7674,4494,58.56
20,2193,SULA,EQ,259912,120525,46.37
20,2194,SUMICHEM,EQ,1048673,396753,37.83
20,2195,SUMMITSEC,EQ,10008,4993,49.89
20,2196,SUNCLAY,EQ,7533,3757,49.87
20,2197,SUNDARAM,EQ,553989,396140,71.51
20,2198,SUNDARMFIN,EQ,87348,26705,30.57
20,2199,SUNDARMHLD,EQ,80371,43194,53.74
20,2200,SUNDRMFAST,EQ,40416,22479,55.62
20,2201,SUNFLAG,EQ,72057,41706,57.88
20,2202,SUNLITE,SM,14400,13200,91.67
20,2203,SUNPHARMA,EQ,2572932,1571190,61.07
20,2204,SUNREST,SM,1600,1600,100.00
20,2205,SUNTECK,EQ,80757,27357,33.88
20,2206,SUNTV,EQ,767801,185504,24.16
20,2207,SUPERHOUSE,EQ,5742,4131,71.94
20,2208,SUPRAJIT,EQ,142465,55703,39.10
20,2209,SUPREMEIND,EQ,194224,122587,63.12
20,2210,SUPREMEPWR,ST,181000,152500,84.25
20,2211,SUPRIYA,EQ,455950,170266,37.34
20,2212,SURAJEST,EQ,27945,11759,42.08
20,2213,SURANAT&P,EQ,130341,82152,63.03
20,2214,SURANI,SM,4000,3600,90.00
20,2215,SURYALAXMI,EQ,17309,11923,68.88
20,2216,SURYAROSNI,EQ,177855,78056,43.89
20,2217,SURYODAY,EQ,956245,510875,53.43
20,2218,SUTLEJTEX,EQ,61063,31947,52.32
20,2219,SUVEN,EQ,276738,113908,41.16
20,2220,SUVENPHAR,EQ,421938,244453,57.94
20,2221,SUVIDHAA,EQ,87067,60162,69.10
20,2222,SUYOG,EQ,24046,12105,50.34
20,2223,SUZLON,EQ,41454018,19188755,46.29
20,2224,SVLL,EQ,51760,32751,63.27
20,2225,SVPGLOB,EQ,140905,131392,93.25
20,2226,SWANENERGY,EQ,1155175,475744,41.18
20,2227,SWARAJ,ST,16500,16500,100.00
20,2228,SWARAJENG,EQ,13685,7057,51.57
20,2229,SWASTIK,SM,4800,3600,75.00
20,2230,SWELECTES,EQ,16603,5832,35.13
20,2231,SWSOLAR,EQ,533013,216279,40.58
20,2232,SYMPHONY,EQ,396267,102961,25.98
20,2233,SYNCOMF,EQ,3434269,1605051,46.74
20,2234,SYNGENE,EQ,949921,587221,61.82
20,2235,SYNOPTICS,SM,7800,7200,92.31
20,2236,SYRMA,EQ,2424766,760653,31.37
20,2237,SYSTANGO,SM,3600,2400,66.67
20,2238,TAC,ST,3800,3800,100.00
20,2239,TAINWALCHM,EQ,29267,8875,30.32
20,2240,TAJGVK,EQ,52564,18386,34.98
20,2241,TAKE,EQ,76086,55997,73.60
20,2242,TALBROAUTO,EQ,41071,19674,47.90
20,2243,TANLA,EQ,270041,120234,44.52
20,2244,TARACHAND,EQ,30129,18243,60.55
20,2245,TARC,EQ,901107,383485,42.56
20,2246,TARMAT,EQ,22797,14243,62.48
20,2247,TARSONS,EQ,23421,12293,52.49
20,2248,TASTYBITE,EQ,2258,1024,45.35
20,2249,TATACHEM,EQ,1792719,658466,36.73
20,2250,TATACOMM,EQ,556947,323383,58.06
20,2251,TATACONSUM,EQ,1381633,771896,55.87
20,2252,TATAELXSI,EQ,52624,21700,41.24
20,2253,TATAGOLD,EQ,7691020,5544553,72.09
20,2254,TATAINVEST,EQ,62726,18496,29.49
20,2255,TATAMOTORS,EQ,11904413,7558032,63.49
20,2256,TATAPOWER,EQ,29693039,5353885,18.03
20,2257,TATASTEEL,EQ,26383702,12275028,46.53
20,2258,TATATECH,EQ,458842,191807,41.80
20,2259,TATSILV,EQ,1655834,1481542,89.47
20,2260,TATVA,EQ,60762,23226,38.22
20,2261,TBI,ST,39600,36000,90.91
20,2262,TBOTEK,EQ,36055,18810,52.17
20,2263,TBZ,EQ,275409,103668,37.64
20,2264,TCHF30,NB,23,23,100.00
20,2265,TCI,EQ,49308,31161,63.20
20,2266,TCIEXP,EQ,50148,21366,42.61
20,2267,TCL,SM,16800,9600,57.14
20,2268,TCPLPACK,EQ,2931,1448,49.40
20,2269,TCS,EQ,3740372,2448263,65.46
20,2270,TDPOWERSYS,EQ,1218309,618710,50.78
20,2271,TEAMLEASE,EQ,25549,16885,66.09
20,2272,TECH,EQ,39333,28267,71.87
20,2273,TECHERA,SM,86400,64000,74.07
20,2274,TECHLABS,SM,24875,17500,70.35
20,2275,TECHM,EQ,3638913,1845411,50.71
20,2276,TECHNOE,EQ,154049,89728,58.25
20,2277,TEGA,EQ,31648,14941,47.21
20,2278,TEJASNET,EQ,1890864,526719,27.86
20,2279,TERASOFT,EQ,31273,17855,57.09
20,2280,TEXINFRA,EQ,365608,115911,31.70
20,2281,TEXMOPIPES,EQ,50628,27727,54.77
20,2282,TEXRAIL,EQ,5160721,1798533,34.85
20,2283,TFCILTD,EQ,679151,454797,66.97
20,2284,TGBHOTELS,EQ,147498,75798,51.39
20,2285,TGL,ST,11000,11000,100.00
20,2286,THANGAMAYL,EQ,43493,14919,34.30
20,2287,THEINVEST,EQ,24225,8077,33.34
20,2288,THEJO,EQ,1843,935,50.73
20,2289,THEMISMED,EQ,36215,17844,49.27
20,2290,THERMAX,EQ,109781,47654,43.41
20,2291,THESL,SM,81000,51000,62.96
20,2292,THOMASCOOK,EQ,637297,398631,62.55
20,2293,THOMASCOTT,EQ,56132,37954,67.62
20,2294,THYROCARE,EQ,183045,94088,51.40
20,2295,TI,EQ,354533,129471,36.52
20,2296,TIIL,EQ,12806,7497,58.54
20,2297,TIINDIA,EQ,118786,63978,53.86
20,2298,TIMESCAN,SM,12000,10000,83.33
20,2299,TIMESGTY,EQ,45894,12835,27.97
20,2300,TIMETECHNO,EQ,1077754,237598,22.05
20,2301,TIMKEN,EQ,31279,17122,54.74
20,2302,TIPSFILMS,EQ,10312,5486,53.20
20,2303,TIPSMUSIC,EQ,319476,144366,45.19
20,2304,TIRUMALCHM,EQ,135588,49189,36.28
20,2305,TIRUPATI,SM,250,250,100.00
20,2306,TITAGARH,EQ,1962872,343685,17.51
20,2307,TITAN,EQ,1170306,705762,60.31
20,2308,TMB,EQ,183049,86492,47.25
20,2309,TNIDETF,EQ,158532,144161,90.93
20,2310,TNPETRO,EQ,65603,30398,46.34
20,2311,TNPL,EQ,145178,95849,66.02
20,2312,TNTELE,EQ,15472,13214,85.41
20,2313,TOKYOPLAST,EQ,28770,6871,23.88
20,2314,TOLINS,EQ,69971,38350,54.81
20,2315,TOP100CASE,EQ,148786,130453,87.68
20,2316,TOP10ADD,EQ,18342,16766,91.41
20,2317,TORNTPHARM,EQ,861329,453149,52.61
20,2318,TORNTPOWER,EQ,259920,114446,44.03
20,2319,TOTAL,EQ,6308,3711,58.83
20,2320,TOUCHWOOD,EQ,554,514,92.78
20,2321,TPHQ,EQ,3426725,2180609,63.64
20,2322,TRACXN,EQ,221596,100949,45.56
20,2323,TRANSTEEL,SM,28000,22000,78.57
20,2324,TRANSWORLD,EQ,73156,44102,60.28
20,2325,TREL,EQ,281160,167577,59.60
20,2326,TRENT,EQ,742508,469168,63.19
20,2327,TRF,EQ,18692,10289,55.04
20,2328,TRIDENT,EQ,5627478,1729829,30.74
20,2329,TRIDHYA,SM,567000,135000,23.81
20,2330,TRIGYN,EQ,26242,13884,52.91
20,2331,TRITURBINE,EQ,1005417,331183,32.94
20,2332,TRIVENI,EQ,259825,76581,29.47
20,2333,TROM,SM,62400,40800,65.38
20,2334,TRUST,SM,75600,53400,70.63
20,2335,TTKHLTCARE,EQ,1874,730,38.95
20,2336,TTKPRESTIG,EQ,167443,56312,33.63
20,2337,TTL,EQ,553375,212242,38.35
20,2338,TTML,EQ,2999472,724142,24.14
20,2339,TUNWAL,SM,78000,44000,56.41
20,2340,TVSMOTOR,EQ,1006395,599487,59.57
20,2341,TVSSCS,EQ,401358,197870,49.30
20,2342,TVSSRICHAK,EQ,2431,967,39.78
20,2343,TVTODAY,EQ,129517,61318,47.34
20,2344,UBL,EQ,279005,150638,53.99
20,2345,UCAL,EQ,14300,8375,58.57
20,2346,UCL,SM,10000,6000,60.00
20,2347,UCOBANK,EQ,5409076,1421088,26.27
20,2348,UDAICEMENT,EQ,332015,171426,51.63
20,2349,UDS,EQ,1867950,636488,34.07
20,2350,UFLEX,EQ,37966,18708,49.28
20,2351,UFO,EQ,115192,49635,43.09
20,2352,UGARSUGAR,EQ,343092,143132,41.72
20,2353,UGROCAP,EQ,98905,57816,58.46
20,2354,UHTL,ST,530000,498000,93.96
20,2355,UJJIVANSFB,EQ,7989777,3216737,40.26
20,2356,ULTRACEMCO,EQ,423687,286548,67.63
20,2357,UMA,SM,12000,8000,66.67
20,2358,UMESLTD,EQ,42624,38734,90.87
20,2359,UNICHEMLAB,EQ,65803,19292,29.32
20,2360,UNIDT,EQ,8589,4494,52.32
20,2361,UNIECOM,EQ,508017,227718,44.82
20,2362,UNIENTER,EQ,7309,3333,45.60
20,2363,UNIHEALTH,SM,37000,25000,67.57
20,2364,UNIINFO,EQ,15809,7543,47.71
20,2365,UNILEX,SM,92800,81600,87.93
20,2366,UNIONBANK,EQ,5161468,2438635,47.25
20,2367,UNIPARTS,EQ,24934,13146,52.72
20,2368,UNITDSPR,EQ,522184,277129,53.07
20,2369,UNITEDTEA,EQ,30817,18483,59.98
20,2370,UNIVASTU,EQ,13441,4521,33.64
20,2371,UNIVCABLES,EQ,18581,10885,58.58
20,2372,UNIVPHOTO,EQ,2413,595,24.66
20,2373,UNOMINDA,EQ,204017,111459,54.63
20,2374,UPL,EQ,1171233,476640,40.70
20,2375,URBAN,ST,7600,7600,100.00
20,2376,USASEEDS,SM,300,300,100.00
20,2377,USHAFIN,ST,1393600,1382400,99.20
20,2378,USHAMART,EQ,819923,234723,28.63
20,2379,UTIAMC,EQ,1200236,296835,24.73
20,2380,UTIBANKETF,EQ,43969,30525,69.42
20,2381,UTINEXT50,EQ,182311,107326,58.87
20,2382,UTINIFTETF,EQ,65789,63286,96.20
20,2383,UTISENSETF,EQ,2013,1277,63.44
20,2384,UTISXN50,EQ,4824,3893,80.70
20,2385,UTKARSHBNK,EQ,974789,403663,41.41
20,2386,UTSSAV,ST,126600,121200,95.73
20,2387,UTTAMSUGAR,EQ,43764,14372,32.84
20,2388,UYFINCORP,EQ,65100,34798,53.45
20,2389,VADILALIND,EQ,7706,3954,51.31
20,2390,VAIBHAVGBL,EQ,332895,148488,44.61
20,2391,VAKRANGEE,EQ,3858536,1857066,48.13
20,2392,VAL30IETF,EQ,65253,33359,51.12
20,2393,VALIANTLAB,EQ,57278,19822,34.61
20,2394,VALIANTORG,EQ,46261,21260,45.96
20,2395,VARDHACRLC,EQ,42680,32031,75.05
20,2396,VARROC,EQ,138039,62740,45.45
20,2397,VASCONEQ,EQ,453457,198873,43.86
20,2398,VBL,EQ,5151305,2866165,55.64
20,2399,VDEAL,SM,16800,9600,57.14
20,2400,VEDL,EQ,6616282,3168541,47.89
20,2401,VEEDOL,EQ,7324,2803,38.27
20,2402,VEEKAYEM,ST,4500,3500,77.78
20,2403,VENKEYS,EQ,27048,11534,42.64
20,2404,VENUSPIPES,EQ,17434,8013,45.96
20,2405,VENUSREM,EQ,29275,13845,47.29
20,2406,VERA,SM,1500,1500,100.00
20,2407,VERANDA,EQ,129516,61667,47.61
20,2408,VERITAAS,SM,4800,3600,75.00
20,2409,VERTOZ,EQ,2465554,2145089,87.00
20,2410,VESUVIUS,EQ,26048,13410,51.48
20,2411,VGUARD,EQ,486443,327377,67.30
20,2412,VHL,EQ,2892,947,32.75
20,2413,VIDHIING,EQ,6399,4820,75.32
20,2414,VIESL,SM,200000,98400,49.20
20,2415,VIJAYA,EQ,276954,81938,29.59
20,2416,VIJIFIN,EQ,129788,97136,74.84
20,2417,VIKASECO,EQ,10610846,3839108,36.18
20,2418,VIKASLIFE,EQ,3110433,1743047,56.04
20,2419,VILAS,ST,135250,135250,100.00
20,2420,VIMTALABS,EQ,13773,8435,61.24
20,2421,VINATIORGA,EQ,47318,25016,52.87
20,2422,VINCOFE,EQ,273135,158288,57.95
20,2423,VINDHYATEL,EQ,6796,3522,51.82
20,2424,VINEETLAB,EQ,16654,14090,84.60
20,2425,VINSYS,SM,7000,4500,64.29
20,2426,VINYAS,ST,37000,37000,100.00
20,2427,VINYLINDIA,EQ,11139,6008,53.94
20,2428,VIPIND,EQ,191084,69055,36.14
20,2429,VIRINCHI,EQ,142741,78374,54.91
20,2430,VISAKAIND,EQ,111763,44011,39.38
20,2431,VISHNU,EQ,137304,61934,45.11
20,2432,VISHNUINFR,ST,3000,3000,100.00
20,2433,VISHWARAJ,EQ,1198674,548698,45.78
20,2434,VISHWAS,SM,1600,1600,100.00
20,2435,VITAL,SM,4800,4800,100.00
20,2436,VIVIANA,ST,7500,7500,100.00
20,2437,VIVIDHA,EQ,390772,307146,78.60
20,2438,VLINFRA,ST,45000,45000,100.00
20,2439,VLSFINANCE,EQ,59909,25545,42.64
20,2440,VMARCIND,ST,21250,21250,100.00
20,2441,VMART,EQ,111481,49683,44.57
20,2442,VOLTAMP,EQ,44976,22603,50.26
20,2443,VOLTAS,EQ,2529685,875628,34.61
20,2444,VPRPL,EQ,1339113,514211,38.40
20,2445,VRAJ,EQ,426307,203577,47.75
20,2446,VRLLOG,EQ,29919,14018,46.85
20,2447,VSCL,SM,39000,30000,76.92
20,2448,VSSL,EQ,19000,8649,45.52
20,2449,VSTIND,EQ,907725,408212,44.97
20,2450,VSTL,EQ,20471,9704,47.40
20,2451,VSTTILLERS,EQ,1229,523,42.55
20,2452,VTL,EQ,341441,146633,42.95
20,2453,WAAREEENER,EQ,12359372,2195897,17.77
20,2454,WABAG,EQ,373412,175630,47.03
20,2455,WALCHANNAG,EQ,229583,105956,46.15
20,2456,WALPAR,SM,6000,6000,100.00
20,2457,WCIL,EQ,304568,112003,36.77
20,2458,WEBELSOLAR,EQ,35079,35079,100.00
20,2459,WEIZMANIND,EQ,12931,7462,57.71
20,2460,WEL,EQ,38131,17837,46.78
20,2461,WELCORP,EQ,406871,208794,51.32
20,2462,WELENT,EQ,466370,243622,52.24
20,2463,WELINV,EQ,312,265,84.94
20,2464,WELSPUNLIV,EQ,2243620,1033634,46.07
20,2465,WENDT,EQ,222,115,51.80
20,2466,WESTLIFE,EQ,37015,16952,45.80
20,2467,WEWIN,EQ,4294,1804,42.01
20,2468,WHEELS,EQ,37317,18264,48.94
20,2469,WHIRLPOOL,EQ,218041,135767,62.27
20,2470,WILLAMAGOR,EQ,9980,6960,69.74
20,2471,WINDLAS,EQ,124909,61773,49.45
20,2472,WINDMACHIN,EQ,114264,68108,59.61
20,2473,WINSOL,SM,52000,24000,46.15
20,2474,WIPL,EQ,2550,1343,52.67
20,2475,WIPRO,EQ,7840047,2985191,38.08
20,2476,WOCKPHARMA,EQ,1114954,371431,33.31
20,2477,WOL3D,SM,13000,13000,100.00
20,2478,WOMANCART,ST,4000,4000,100.00
20,2479,WONDERLA,EQ,27364,18491,67.57
20,2480,WORTH,EQ,54737,15608,28.51
20,2481,WSI,EQ,68244,32479,47.59
20,2482,WSTCSTPAPR,EQ,73000,33262,45.56
20,2483,WTICAB,SM,13000,9500,73.08
20,2484,XCHANGING,EQ,290888,143182,49.22
20,2485,XPROINDIA,EQ,17340,11763,67.84
20,2486,XTGLOBAL,EQ,86956,27571,31.71
20,2487,YAARI,EQ,136642,90920,66.54
20,2488,YASHO,EQ,3731,2239,60.01
20,2489,YASHOPTICS,SM,19200,17600,91.67
20,2490,YATHARTH,EQ,517235,227858,44.05
20,2491,YATRA,EQ,79060,39848,50.40
20,2492,YESBANK,EQ,60815651,24871151,40.90
20,2493,YUDIZ,SM,48800,45600,93.44
20,2494,YUKEN,EQ,2378,1367,57.49
20,2495,ZEAL,SM,3000,3000,100.00
20,2496,ZEEL,EQ,5920918,2180512,36.83
20,2497,ZEELEARN,EQ,1060867,838642,79.05
20,2498,ZENITHDRUG,ST,32000,28800,90.00
20,2499,ZENSARTECH,EQ,575179,417609,72.61
20,2500,ZENTEC,EQ,386483,142503,36.87
20,2501,ZFCVINDIA,EQ,5155,1204,23.36
20,2502,ZIMLAB,EQ,20008,10528,52.62
20,2503,ZODIACLOTH,EQ,3806,2385,62.66
20,2504,ZOMATO,EQ,36737366,18751374,51.04
20,2505,ZOTA,EQ,4767,3013,63.21
20,2506,ZTECH,ST,28200,26400,93.62
20,2507,ZUARI,EQ,86625,46706,53.92
20,2508,ZUARIIND,EQ,78811,38825,49.26
20,2509,ZYDUSLIFE,EQ,732810,356713,48.68
20,2510,ZYDUSWELL,EQ,35314,12965,36.71
