Security Wise Delivery Position - Compulsory Rolling Settlement
10,MTO,25102024,1535793611,0002564
Trade Date <25-OCT-2024>,Settlement Type <N>
Record Type,Sr No,Name of Security,Quantity Traded,Deliverable Quantity(gross across client level),% of Deliverable Quantity to Traded Quantity
20,1,1003ICCL28,NX,10,10,100.00
20,2,1003ISFL28,N4,355,355,100.00
20,3,1003SCL30A,NV,19,15,78.95
20,4,1015ECL29,NR,152,152,100.00
20,5,1015SCL28,NR,100,100,100.00
20,6,1018GS2026,GS,3030,3020,99.67
20,7,1025NFL25,N5,281,281,100.00
20,8,1035UCL26,NA,10,10,100.00
20,9,1040NFL26,NA,2,2,100.00
20,10,1049DLSL25,NX,12,12,100.00
20,11,1050NFL26,N7,604,588,97.35
20,12,105IIFL29,N7,81,81,100.00
20,13,1065NFL27,NC,99,99,100.00
20,14,1075UCL25,N9,8,8,100.00
20,15,10CAGL27,N5,60,60,100.00
20,16,10IIFL28,N4,200,200,100.00
20,17,10IIFL29,N6,77,77,100.00
20,18,10ISFL26,N3,20,20,100.00
20,19,10NFL25,N9,14,14,100.00
20,20,10NIDO26,N6,205,205,100.00
20,21,10SCL30A,BV,5,5,100.00
20,22,1119NFL27,ND,15,10,66.67
20,23,182D011124,TB,2300,2300,100.00
20,24,182D060225,TB,500,500,100.00
20,25,182D060325,TB,200,200,100.00
20,26,182D071124,TB,1500,1500,100.00
20,27,182D261224,TB,100,100,100.00
20,28,360ONE,EQ,699929,312981,44.72
20,29,364D080525,TB,4000,4000,100.00
20,30,364D100725,TB,100,100,100.00
20,31,364D130325,TB,600,600,100.00
20,32,364D150525,TB,8100,8100,100.00
20,33,364D190625,TB,10900,10900,100.00
20,34,364D200225,TB,100,100,100.00
20,35,364D200325,TB,200,200,100.00
20,36,364D230525,TB,5000,5000,100.00
20,37,364D240725,TB,100,100,100.00
20,38,364D270225,TB,1000,1000,100.00
20,39,364D311024,TB,100000,100000,100.00
20,40,3IINFOLTD,EQ,854853,410002,47.96
20,41,3MINDIA,EQ,3457,848,24.53
20,42,574GS2026,GS,1415,1389,98.16
20,43,585GS2030,GS,100,100,100.00
20,44,5PAISA,EQ,90090,35286,39.17
20,45,618GS2024,GS,497,497,100.00
20,46,63MOONS,EQ,349380,165080,47.25
20,47,645GS2029,GS,8,4,50.00
20,48,676GS2061,GS,152,152,100.00
20,49,679GS2027,GS,250000,250000,100.00
20,50,679GS2034,GS,2,1,50.00
20,51,689GS2025,GS,1250,1250,100.00
20,52,68GS2060,GS,200,200,100.00
20,53,695GS2061,GS,1874,1874,100.00
20,54,697GR2034,GS,100,100,100.00
20,55,699GS2026,GS,1670,1670,100.00
20,56,699GS2051,GS,2586,2386,92.27
20,57,702GS2027,GS,3201,3200,99.97
20,58,702GS2031,GS,201,201,100.00
20,59,704GS2029,GS,500,500,100.00
20,60,706GS2028,GS,3000,3000,100.00
20,61,710GS2029,GS,12301,12001,97.56
20,62,717GS2028,GS,1,1,100.00
20,63,717GS2030,GS,5911,5911,100.00
20,64,718GS2033,GS,28001,28000,100.00
20,65,718GS2037,GS,8300,8300,100.00
20,66,719GS2060,GS,1000,1000,100.00
20,67,719HUDCO28,N7,233,133,57.08
20,68,71GS2034,GS,5001,4802,96.02
20,69,723GS2039,GS,100,100,100.00
20,70,725GS2063,GS,40465,40465,100.00
20,71,726GS2032,GS,22000,22000,100.00
20,72,726GS2033,GS,6000,6000,100.00
20,73,729IRFC26,NN,718,673,93.73
20,74,729NHAI26,NC,45,45,100.00
20,75,732GS2030,GS,15501,15401,99.35
20,76,733GS2026,GS,20800,20800,100.00
20,77,734GS2064,GS,25891,25579,98.79
20,78,735IRFC31,NM,98,49,50.00
20,79,735NABAR31,N1,1,1,100.00
20,80,736GS2052,GS,251,250,99.60
20,81,736NTPC25D,NB,89,89,100.00
20,82,737GS2028,GS,23235,23235,100.00
20,83,737NTPC35C,NA,55,55,100.00
20,84,738GS2027,GS,175788,163607,93.07
20,85,739NHAI26,N8,216,215,99.54
20,86,739NHAI31A,ND,1064,557,52.35
20,87,73GS2053,GS,19250,19250,100.00
20,88,740IIFCL33,N1,101,101,100.00
20,89,741GS2036,GS,9295,9295,100.00
20,90,743REC35,NH,10,10,100.00
20,91,746GS2073,GS,7,7,100.00
20,92,74GS2062,GS,1402,1402,100.00
20,93,753IRFC30,NJ,125,125,100.00
20,94,753NTPC30E,NC,45,45,100.00
20,95,754GS2036,GS,491421,487918,99.29
20,96,759GS2026,GS,500005,500005,100.00
20,97,761GS2030,GS,500000,500000,100.00
20,98,762NTPC35F,ND,305,305,100.00
20,99,764HUDCO31,N8,250,250,100.00
20,100,764IRFC31,NO,1554,1270,81.72
20,101,764NABAR31,N2,490,490,100.00
20,102,769HUDCO31,N9,46,31,67.39
20,103,769NHAI31,NE,466,400,85.84
20,104,76NHAI31,NA,1536,1511,98.37
20,105,773KA35,SG,100,100,100.00
20,106,774IREDA31,N7,105,105,100.00
20,107,79NHIT35,N1,579,579,100.00
20,108,79NHIT40,N2,2939,2899,98.64
20,109,79NHIT47,N3,1363,1363,100.00
20,110,801TCH25,N4,229,229,100.00
20,111,810IRFC27,N2,60,60,100.00
20,112,812REC27,NI,1120,1120,100.00
20,113,81ABFL33,N5,200,200,100.00
20,114,820IIFL27,N9,2,2,100.00
20,115,824GS2027,GS,500000,500000,100.00
20,116,825IIFL25,N7,168,168,100.00
20,117,82HUDCO27,N2,728,437,60.03
20,118,82IGT31,NJ,2626,2475,94.25
20,119,830NHAI27,N2,43,43,100.00
20,120,833GS2036,GS,436,436,100.00
20,121,83TCHF25,N6,85,75,88.24
20,122,840CIFCL28,N4,10,10,100.00
20,123,842IIFL26,NL,390,315,80.77
20,124,849NTPC25,N7,69536,69536,100.00
20,125,84TCHF28,NA,100,100,100.00
20,126,855IREDA29,N2,5,5,100.00
20,127,85IFL26,NX,75,50,66.67
20,128,860CIFCL28,NG,66,66,100.00
20,129,863NHB29,N2,10,10,100.00
20,130,865IFL28,NZ,75,75,100.00
20,131,865IIFL28,NS,799,799,100.00
20,132,865IRFC29,NA,660,490,74.24
20,133,865LTF26,NN,516,416,80.62
20,134,86LTF24,NJ,30,30,100.00
20,135,871REC28,N9,451,366,81.15
20,136,872MMFSL26,N1,100,100,100.00
20,137,875IIFL26,NM,25,25,100.00
20,138,875NHAI29,N6,664,664,100.00
20,139,875PCHFL26,N8,5,5,100.00
20,140,876HUDCO28,ND,4072,3010,73.92
20,141,880IREDA29,N5,5,5,100.00
20,142,880IREDA34,N6,10,10,100.00
20,143,883GS2041,GS,1,1,100.00
20,144,885TCAPS29,NC,70,70,100.00
20,145,888ERFL28,N5,861,741,86.06
20,146,888IRFC29,NE,557,501,89.95
20,147,888REC29,NF,800,600,75.00
20,148,890NHB34,N7,200,134,67.00
20,149,891IIFCL34,N4,15,15,100.00
20,150,891NTPC33,N6,100,100,100.00
20,151,892PFCL33,N8,216,108,50.00
20,152,893NHB29,N6,20,20,100.00
20,153,897MOFSL29,N4,576,576,100.00
20,154,898LTF29,N7,10,10,100.00
20,155,8ABFL26,N0,9,9,100.00
20,156,901HUDCO34,NE,122,121,99.18
20,157,901NHB34,N6,541,444,82.07
20,158,905LTF27,NF,257,115,44.75
20,159,910TCAP28,NA,560,460,82.14
20,160,915GS2024,GS,1150000,1150000,100.00
20,161,91D051224,TB,100,100,100.00
20,162,91D071124,TB,2000,2000,100.00
20,163,91D121224,TB,3300,3300,100.00
20,164,91D160125,TB,600,600,100.00
20,165,91D211124,TB,2800,2800,100.00
20,166,91D311024,TB,200,200,100.00
20,167,920IIFLS26,N8,10,10,100.00
20,168,925AEL26,N1,54,54,100.00
20,169,925IHFL25D,N6,1,1,100.00
20,170,925SCL25C,AR,30,30,100.00
20,171,92GS2030,GS,5957,5957,100.00
20,172,930SFL28,YP,44,44,100.00
20,173,935LTF29,N5,501,301,60.08
20,174,935MOFSL29,N5,100,100,100.00
20,175,935PEL33,N3,25,25,100.00
20,176,93MOFSL34,N6,1036,1036,100.00
20,177,943ECL28,NJ,103,103,100.00
20,178,945CAGL24,N1,3539,2202,62.22
20,179,945IFSL25,N4,20,20,100.00
20,180,948SCL26,N9,40,40,100.00
20,181,948SCL26A,NN,196,102,52.04
20,182,948SCL26I,AX,81,81,100.00
20,183,94IFCI25,NL,2,2,100.00
20,184,94SFL28,YL,40,40,100.00
20,185,950SCL23A,AP,1,1,100.00
20,186,956AEL29,N6,428,408,95.33
20,187,960CAGL25,N3,508,508,100.00
20,188,965AEL27,N4,310,310,100.00
20,189,965IHFL25D,N7,100,100,100.00
20,190,965SCFL25,AB,3,3,100.00
20,191,965SCL26F,N1,10,10,100.00
20,192,96IIFL28,N5,878,878,100.00
20,193,96IIFL28A,NF,1187,1187,100.00
20,194,96SFL24A,NB,11,11,100.00
20,195,970CAGL28,ND,264,264,100.00
20,196,971SCL28A,NT,26,22,84.62
20,197,971SCL29A,ZN,112,50,44.64
20,198,975NFL25,N0,23,23,100.00
20,199,97MOFSL34,N7,100,100,100.00
20,200,97SFL29,YZ,150,150,100.00
20,201,980IFSL25,N5,1,1,100.00
20,202,985ICCL28,NO,4,4,100.00
20,203,990SCL26,N7,984,782,79.47
20,204,990SCL26A,NL,366,364,99.45
20,205,99AEL29,N7,118,118,100.00
20,206,99IFCI24,NH,150,150,100.00
20,207,9IIFL28A,NT,510,500,98.04
20,208,9MMFSML,N2,309,278,89.97
20,209,9PCHFL31A,NA,90,70,77.78
20,210,A2ZINFRA,EQ,202110,115830,57.31
20,211,AAATECH,EQ,50013,19198,38.39
20,212,AADHARHFC,EQ,1505479,639585,42.48
20,213,AAKASH,EQ,162773,106450,65.40
20,214,AARON,EQ,14560,5942,40.81
20,215,AARTECH,EQ,38617,23724,61.43
20,216,AARTIDRUGS,EQ,207221,68705,33.16
20,217,AARTIIND,EQ,1281829,416181,32.47
20,218,AARTIPHARM,EQ,154311,67608,43.81
20,219,AARVI,EQ,29817,16608,55.70
20,220,AATMAJ,SM,14000,8000,57.14
20,221,AAVAS,EQ,182721,78161,42.78
20,222,ABAN,EQ,71977,46500,64.60
20,223,ABB,EQ,287311,103227,35.93
20,224,ABBOTINDIA,EQ,6710,2761,41.15
20,225,ABCAPITAL,EQ,7653343,4911428,64.17
20,226,ABCOTS,ST,2500,2500,100.00
20,227,ABDL,EQ,783810,456108,58.19
20,228,ABFRL,EQ,4079477,1404428,34.43
20,229,ABGSEC,EQ,168,145,86.31
20,230,ABINFRA,ST,18000,16000,88.89
20,231,ABMINTLLTD,EQ,7006,7004,99.97
20,232,ABREL,EQ,229456,88549,38.59
20,233,ABSLAMC,EQ,486000,253605,52.18
20,234,ABSLBANETF,EQ,60020,38667,64.42
20,235,ABSLLIQUID,EQ,3399,2391,70.34
20,236,ABSLNN50ET,EQ,51237,35627,69.53
20,237,ABSLPSE,EQ,358484,320462,89.39
20,238,ABSMARINE,SM,117000,77000,65.81
20,239,ACC,EQ,339791,97639,28.74
20,240,ACCELYA,EQ,11005,6580,59.79
20,241,ACCENTMIC,SM,59000,41000,69.49
20,242,ACCURACY,EQ,258567,218466,84.49
20,243,ACE,EQ,261131,127369,48.78
20,244,ACEINTEG,EQ,20121,6694,33.27
20,245,ACI,EQ,269300,139996,51.99
20,246,ACL,EQ,92740,40520,43.69
20,247,ACLGATI,EQ,608491,260466,42.81
20,248,ACSAL,ST,21000,21000,100.00
20,249,ADANIENSOL,EQ,1689777,676824,40.05
20,250,ADANIENT,EQ,1954174,642077,32.86
20,251,ADANIGREEN,EQ,707626,304553,43.04
20,252,ADANIPORTS,EQ,2078274,934327,44.96
20,253,ADANIPOWER,EQ,2432785,665926,27.37
20,254,ADFFOODS,EQ,278002,97482,35.07
20,255,ADORWELD,EQ,14149,10033,70.91
20,256,ADROITINFO,EQ,223405,75735,33.90
20,257,ADROITPP1,E1,18501,17196,92.95
20,258,ADSL,EQ,560106,232918,41.58
20,259,ADVANIHOTR,EQ,74493,38796,52.08
20,260,ADVENZYMES,EQ,371458,185478,49.93
20,261,AEGISLOG,EQ,199123,84400,42.39
20,262,AEL120924B,N8,100,100,100.00
20,263,AEROFLEX,EQ,1590682,471356,29.63
20,264,AERON,SM,12000,9000,75.00
20,265,AESTHETIK,SM,20000,12000,60.00
20,266,AETHER,EQ,84614,47425,56.05
20,267,AFFLE,EQ,262936,139186,52.94
20,268,AFFORDABLE,EQ,30662,20777,67.76
20,269,AFIL,EQ,48924,27715,56.65
20,270,AGARIND,EQ,46516,24930,53.59
20,271,AGARWALFT,SM,21000,15000,71.43
20,272,AGI,EQ,188425,75074,39.84
20,273,AGIIL,EQ,51404,30639,59.60
20,274,AGNI,SM,22500,15000,66.67
20,275,AGRITECH,EQ,22117,11933,53.95
20,276,AGROPHOS,EQ,168257,94893,56.40
20,277,AGSTRA,EQ,738362,340024,46.05
20,278,AGUL,SM,6000,6000,100.00
20,279,AHL,EQ,187110,53142,28.40
20,280,AHLADA,EQ,37840,22473,59.39
20,281,AHLEAST,EQ,28716,14322,49.87
20,282,AHLUCONT,EQ,62772,30857,49.16
20,283,AIAENG,EQ,20344,8674,42.64
20,284,AIIL,EQ,114598,56527,49.33
20,285,AILIMITED,ST,6000,6000,100.00
20,286,AIMTRON,ST,44000,40800,92.73
20,287,AIROLAM,EQ,17423,4209,24.16
20,288,AIRTELPP,E1,91106,41947,46.04
20,289,AISL,ST,64800,62400,96.30
20,290,AJANTPHARM,EQ,67582,27435,40.60
20,291,AJMERA,EQ,262599,148359,56.50
20,292,AKANKSHA,SM,66000,28000,42.42
20,293,AKASH,EQ,20128,9608,47.73
20,294,AKG,EQ,45197,27754,61.41
20,295,AKI,EQ,30518,17170,56.26
20,296,AKIKO,SM,17600,12800,72.73
20,297,AKSHARCHEM,EQ,6987,4342,62.14
20,298,AKSHOPTFBR,EQ,817669,543944,66.52
20,299,AKUMS,EQ,51178,25590,50.00
20,300,AKZOINDIA,EQ,13468,8172,60.68
20,301,ALANKIT,EQ,1501417,527834,35.16
20,302,ALEMBICLTD,EQ,691223,321568,46.52
20,303,ALICON,EQ,15929,8627,54.16
20,304,ALKALI,EQ,18621,11276,60.56
20,305,ALKEM,EQ,93169,33026,35.45
20,306,ALKYLAMINE,EQ,55555,28113,50.60
20,307,ALLCARGO,EQ,2233243,1031972,46.21
20,308,ALLDIGI,EQ,62271,31856,51.16
20,309,ALLETEC,SM,74400,47600,63.98
20,310,ALOKINDS,EQ,10875421,3050090,28.05
20,311,ALPEXSOLAR,SM,173600,116400,67.05
20,312,ALPHA,EQ,3776895,2904210,76.89
20,313,ALPHAETF,EQ,1600359,1122459,70.14
20,314,ALPL30IETF,EQ,3519913,3354947,95.31
20,315,ALUWIND,ST,18000,15000,83.33
20,316,AMBANIORGO,SM,6000,6000,100.00
20,317,AMBER,EQ,2317963,282355,12.18
20,318,AMBEY,SM,36000,30000,83.33
20,319,AMBICAAGAR,EQ,13534,5222,38.58
20,320,AMBIKCO,EQ,11203,5547,49.51
20,321,AMBUJACEM,EQ,1607719,645266,40.14
20,322,AMDIND,EQ,34561,21282,61.58
20,323,AMEYA,ST,22000,20000,90.91
20,324,AMIABLE,SM,1600,1600,100.00
20,325,AMIORG,EQ,187938,114537,60.94
20,326,AMJLAND,EQ,137303,55705,40.57
20,327,AMNPLST,EQ,16314,8502,52.11
20,328,AMRUTANJAN,EQ,32458,17043,52.51
20,329,ANANDRATHI,EQ,49123,22142,45.07
20,330,ANANTRAJ,EQ,1445881,671707,46.46
20,331,ANDHRAPAP,EQ,344898,202934,58.84
20,332,ANDHRSUGAR,EQ,258349,134618,52.11
20,333,ANGELONE,EQ,1417751,293574,20.71
20,334,ANLON,SM,6400,6000,93.75
20,335,ANMOL,EQ,222526,71153,31.98
20,336,ANNAPURNA,SM,55500,41500,74.77
20,337,ANUP,EQ,52529,21317,40.58
20,338,ANURAS,EQ,71225,35999,50.54
20,339,APARINDS,EQ,190910,143802,75.32
20,340,APCL,EQ,7921,5052,63.78
20,341,APCOTEXIND,EQ,46404,20082,43.28
20,342,APEX,EQ,43432,25756,59.30
20,343,APLAPOLLO,EQ,250738,106047,42.29
20,344,APLLTD,EQ,105830,43196,40.82
20,345,APOLLO,EQ,14255848,2945522,20.66
20,346,APOLLOHOSP,EQ,175261,99611,56.84
20,347,APOLLOPIPE,EQ,154667,28724,18.57
20,348,APOLLOTYRE,EQ,1156896,293537,25.37
20,349,APOLSINHOT,EQ,2100,1117,53.19
20,350,APRAMEYA,SM,66000,44000,66.67
20,351,APS,ST,4500,4500,100.00
20,352,APTECHT,EQ,299076,131821,44.08
20,353,APTUS,EQ,787629,420188,53.35
20,354,ARABIAN,SM,20000,12000,60.00
20,355,ARCHIDPLY,EQ,24933,17188,68.94
20,356,ARE&M,EQ,594983,303793,51.06
20,357,ARHAM,SM,22000,11000,50.00
20,358,ARIES,EQ,38536,21723,56.37
20,359,ARIHANTACA,ST,5600,4800,85.71
20,360,ARIHANTCAP,EQ,694551,285054,41.04
20,361,ARIHANTSUP,EQ,42150,17650,41.87
20,362,ARISTO,SM,38400,35200,91.67
20,363,ARKADE,EQ,753527,281403,37.34
20,364,ARMANFIN,EQ,119676,88652,74.08
20,365,AROGRANITE,EQ,17590,12245,69.61
20,366,ARROWGREEN,EQ,156113,93782,60.07
20,367,ARTEMISMED,EQ,87379,50683,58.00
20,368,ARVEE,EQ,5128,3139,61.21
20,369,ARVIND,EQ,601292,262515,43.66
20,370,ARVINDFASN,EQ,374605,177429,47.36
20,371,ARVSMART,EQ,318398,65928,20.71
20,372,ASAHIINDIA,EQ,153411,55944,36.47
20,373,ASAL,EQ,25972,17415,67.05
20,374,ASALCBR,EQ,147256,88221,59.91
20,375,ASCOM,ST,500,500,100.00
20,376,ASHALOG,SM,38000,26000,68.42
20,377,ASHAPURMIN,EQ,268016,153805,57.39
20,378,ASHIANA,EQ,91724,40782,44.46
20,379,ASHOKA,EQ,1649897,615597,37.31
20,380,ASHOKLEY,EQ,10306514,5134141,49.81
20,381,ASIANENE,EQ,220177,134470,61.07
20,382,ASIANHOTNR,EQ,2336,1410,60.36
20,383,ASIANPAINT,EQ,1047769,550282,52.52
20,384,ASIANTILES,EQ,772885,304234,39.36
20,385,ASKAUTOLTD,EQ,264975,133618,50.43
20,386,ASMS,EQ,439866,251067,57.08
20,387,ASPINWALL,EQ,5131,2699,52.60
20,388,ASPIRE,SM,10000,10000,100.00
20,389,ASTEC,EQ,124590,107973,86.66
20,390,ASTERDM,EQ,6627286,1061769,16.02
20,391,ASTRAL,EQ,993364,591470,59.54
20,392,ASTRAMICRO,EQ,238307,123841,51.97
20,393,ASTRAZEN,EQ,22294,4796,21.51
20,394,ASTRON,EQ,220304,105213,47.76
20,395,ATALREAL,EQ,2990222,1353183,45.25
20,396,ATAM,EQ,101971,48651,47.71
20,397,ATFL,EQ,69047,28486,41.26
20,398,ATGL,EQ,1428938,276883,19.38
20,399,ATL,EQ,449755,266673,59.29
20,400,ATMASTCO,ST,97600,92000,94.26
20,401,ATUL,EQ,363596,133170,36.63
20,402,ATULAUTO,EQ,115183,62502,54.26
20,403,AUBANK,EQ,6950865,2660770,38.28
20,404,AURDIS,SM,8750,7500,85.71
20,405,AURIONPRO,EQ,52264,33948,64.95
20,406,AUROIMPEX,SM,24000,22400,93.33
20,407,AUROPHARMA,EQ,470066,193673,41.20
20,408,AURUMPP1,X1,2688,2687,99.96
20,409,AUSL,SM,26000,16000,61.54
20,410,AUSOMENT,EQ,106361,35725,33.59
20,411,AUTOAXLES,EQ,6577,4480,68.12
20,412,AUTOBEES,EQ,421151,314436,74.66
20,413,AUTOIETF,EQ,1099331,846648,77.01
20,414,AUTOIND,EQ,173151,101428,58.58
20,415,AVADHSUGAR,EQ,105870,40369,38.13
20,416,AVALON,EQ,340270,117799,34.62
20,417,AVANTEL,EQ,710056,317701,44.74
20,418,AVANTIFEED,EQ,347184,148703,42.83
20,419,AVG,EQ,40046,23663,59.09
20,420,AVIANSH,SM,50000,46000,92.00
20,421,AVPINFRA,ST,102400,91200,89.06
20,422,AVTNPL,EQ,129420,70182,54.23
20,423,AWFIS,EQ,112381,39833,35.44
20,424,AWHCL,EQ,148906,74162,49.80
20,425,AWL,EQ,3190430,990077,31.03
20,426,AXISBANK,EQ,12798716,7190862,56.18
20,427,AXISBNKETF,EQ,988,808,81.78
20,428,AXISBPSETF,EQ,64568,55806,86.43
20,429,AXISCADES,EQ,80484,35558,44.18
20,430,AXISCETF,EQ,3501,2963,84.63
20,431,AXISGOLD,EQ,353725,266520,75.35
20,432,AXISHCETF,EQ,4066,3529,86.79
20,433,AXISILVER,EQ,134451,45505,33.85
20,434,AXISNIFTY,EQ,15997,14693,91.85
20,435,AXISTECETF,EQ,2593,2018,77.82
20,436,AXITA,EQ,2575484,1070954,41.58
20,437,AXSENSEX,EQ,19760,17375,87.93
20,438,AZAD,EQ,104723,54194,51.75
20,439,BABAFP,SM,36800,24000,65.22
20,440,BAGFILMS,EQ,470980,238967,50.74
20,441,BAHETI,SM,9750,9750,100.00
20,442,BAJAJ-AUTO,EQ,644769,277280,43.00
20,443,BAJAJCON,EQ,336760,175433,52.09
20,444,BAJAJELEC,EQ,17328,8591,49.58
20,445,BAJAJFINSV,EQ,875973,302199,34.50
20,446,BAJAJHCARE,EQ,168762,87152,51.64
20,447,BAJAJHFL,EQ,24904712,8574426,34.43
20,448,BAJAJHIND,EQ,12191538,4679729,38.39
20,449,BAJAJHLDNG,EQ,23577,11293,47.90
20,450,BAJEL,EQ,284671,173649,61.00
20,451,BAJFINANCE,EQ,1022324,476965,46.65
20,452,BALAJEE,EQ,194636,85910,44.14
20,453,BALAMINES,EQ,51528,24778,48.09
20,454,BALAXI,EQ,15234,9452,62.05
20,455,BALCO,ST,13200,12000,90.91
20,456,BALKRISHNA,EQ,200729,75490,37.61
20,457,BALKRISIND,EQ,199209,113452,56.95
20,458,BALMLAWRIE,EQ,295620,133181,45.05
20,459,BALRAMCHIN,EQ,780587,316858,40.59
20,460,BALUFORGE,EQ,787780,364624,46.29
20,461,BANARBEADS,EQ,883167,140599,15.92
20,462,BANARISUG,EQ,6691,3689,55.13
20,463,BANCOINDIA,EQ,166366,77015,46.29
20,464,BANDHANBNK,EQ,21112594,9497508,44.99
20,465,BANG,EQ,14732,9568,64.95
20,466,BANKA,EQ,8175,5125,62.69
20,467,BANKBARODA,EQ,13124438,4216574,32.13
20,468,BANKBEES,EQ,1014692,654761,64.53
20,469,BANKBETF,EQ,37660,25590,67.95
20,470,BANKETF,EQ,14152,12807,90.50
20,471,BANKETFADD,EQ,16085,12645,78.61
20,472,BANKIETF,EQ,360076,205486,57.07
20,473,BANKINDIA,EQ,6505468,3568575,54.86
20,474,BANKNIFTY1,EQ,402775,340920,84.64
20,475,BANKPSU,EQ,7616,7024,92.23
20,476,BANSALWIRE,EQ,189246,94050,49.70
20,477,BANSWRAS,EQ,36695,23239,63.33
20,478,BARBEQUE,EQ,239179,141742,59.26
20,479,BASF,EQ,32870,15126,46.02
20,480,BASILIC,SM,54900,35700,65.03
20,481,BATAINDIA,EQ,137411,37607,27.37
20,482,BAWEJA,SM,15200,9600,63.16
20,483,BAYERCROP,EQ,24180,9513,39.34
20,484,BBETF0432,EQ,486,407,83.74
20,485,BBL,EQ,24071,13048,54.21
20,486,BBNPNBETF,EQ,4260,3234,75.92
20,487,BBNPPGOLD,EQ,2674,604,22.59
20,488,BBOX,EQ,168424,89792,53.31
20,489,BBTC,EQ,276719,64012,23.13
20,490,BBTCL,EQ,4927,3038,61.66
20,491,BCLIND,EQ,1375518,550457,40.02
20,492,BCONCEPTS,EQ,13407,7629,56.90
20,493,BDL,EQ,794222,342795,43.16
20,494,BEACON,SM,32000,24000,75.00
20,495,BEARDSELL,EQ,106474,61371,57.64
20,496,BECTORFOOD,EQ,179816,84799,47.16
20,497,BEDMUTHA,EQ,46466,22734,48.93
20,498,BEL,EQ,40406841,12431628,30.77
20,499,BEML,EQ,209118,67305,32.19
20,500,BEPL,EQ,1628688,627436,38.52
20,501,BERGEPAINT,EQ,1092908,491158,44.94
20,502,BESTAGRO,EQ,109160,59209,54.24
20,503,BETA,SM,4400,3000,68.18
20,504,BEWLTD,SM,13000,8000,61.54
20,505,BFINVEST,EQ,116792,45485,38.95
20,506,BFSI,EQ,273269,178703,65.39
20,507,BHAGCHEM,EQ,82253,45460,55.27
20,508,BHAGYANGR,EQ,135289,74504,55.07
20,509,BHANDARI,EQ,974292,553947,56.86
20,510,BHARATFORG,EQ,591131,271901,46.00
20,511,BHARATGEAR,EQ,33537,20133,60.03
20,512,BHARATRAS,EQ,2969,1384,46.62
20,513,BHARATWIRE,EQ,151883,97795,64.39
20,514,BHARTIARTL,EQ,3434386,1613056,46.97
20,515,BHARTIHEXA,EQ,306147,205291,67.06
20,516,BHEL,EQ,38742027,14107669,36.41
20,517,BHINVIT,IV,41628,37629,90.39
20,518,BIGBLOC,EQ,454155,172757,38.04
20,519,BIKAJI,EQ,1899218,338414,17.82
20,520,BIKEWO,SM,50000,32000,64.00
20,521,BIOCON,EQ,3282892,1225654,37.33
20,522,BIOFILCHEM,EQ,91964,46423,50.48
20,523,BIRDYS,SM,2400,2400,100.00
20,524,BIRET,RR,401718,387333,96.42
20,525,BIRLACABLE,EQ,58138,21996,37.83
20,526,BIRLACORPN,EQ,101383,50428,49.74
20,527,BLAL,EQ,128361,70901,55.24
20,528,BLBLIMITED,EQ,96542,58885,60.99
20,529,BLISSGVS,EQ,2341213,809206,34.56
20,530,BLKASHYAP,EQ,1300259,687778,52.90
20,531,BLS,EQ,2204422,637504,28.92
20,532,BLSE,EQ,288125,123130,42.73
20,533,BLUEDART,EQ,20727,2953,14.25
20,534,BLUEJET,EQ,80929,45996,56.84
20,535,BLUEPEBBLE,SM,20800,11200,53.85
20,536,BLUESTARCO,EQ,182120,85587,46.99
20,537,BMETRICS,SM,8800,6400,72.73
20,538,BODALCHEM,EQ,594061,249702,42.03
20,539,BOMDYEING,EQ,3272589,1011111,30.90
20,540,BOROLTD,EQ,139531,57031,40.87
20,541,BORORENEW,EQ,392228,166497,42.45
20,542,BOROSCI,EQ,100974,42823,42.41
20,543,BOSCHLTD,EQ,16693,4740,28.40
20,544,BOSS,SM,62000,12000,19.35
20,545,BPCL,EQ,11583887,4776655,41.24
20,546,BPL,EQ,110735,65344,59.01
20,547,BRACEPORT,SM,19200,14400,75.00
20,548,BRIGADE,EQ,270796,173453,64.05
20,549,BRITANNIA,EQ,176680,71297,40.35
20,550,BRNL,EQ,128008,33628,26.27
20,551,BSE,EQ,2378853,608434,25.58
20,552,BSE500IETF,EQ,282465,132526,46.92
20,553,BSHSL,EQ,9609,5011,52.15
20,554,BSL,EQ,18781,10293,54.81
20,555,BSLGOLDETF,EQ,958534,935863,97.63
20,556,BSLNIFTY,EQ,820043,731462,89.20
20,557,BSLSENETFG,EQ,16645,14947,89.80
20,558,BSOFT,EQ,3811297,1395150,36.61
20,559,BTML,EQ,153136,86010,56.17
20,560,BULKCORP,SM,4800,3600,75.00
20,561,BUTTERFLY,EQ,22902,8521,37.21
20,562,BVCL,EQ,658392,115850,17.60
20,563,BYKE,EQ,57926,41321,71.33
20,564,CADSYS,ST,9000,9000,100.00
20,565,CAGL28,NE,10,10,100.00
20,566,CAMLINFINE,EQ,840091,443948,52.85
20,567,CAMPUS,EQ,653503,240826,36.85
20,568,CAMS,EQ,233780,97683,41.78
20,569,CANARYS,SM,40000,32000,80.00
20,570,CANBK,EQ,30977098,11961668,38.61
20,571,CANFINHOME,EQ,752327,211877,28.16
20,572,CANTABIL,EQ,107369,56965,53.06
20,573,CAPACITE,EQ,2093299,784744,37.49
20,574,CAPITALSFB,EQ,126771,90958,71.75
20,575,CAPLIPOINT,EQ,88353,32353,36.62
20,576,CARBORUNIV,EQ,42095,21063,50.04
20,577,CARERATING,EQ,1101611,188194,17.08
20,578,CARTRADE,EQ,224229,121560,54.21
20,579,CARYSIL,EQ,76203,37588,49.33
20,580,CASTROLIND,EQ,2864924,1191003,41.57
20,581,CBAZAAR,SM,48000,48000,100.00
20,582,CCL,EQ,157514,60253,38.25
20,583,CDSL,EQ,4023814,1248034,31.02
20,584,CEATLTD,EQ,133807,46869,35.03
20,585,CEIGALL,EQ,231830,130246,56.18
20,586,CELEBRITY,EQ,98928,63443,64.13
20,587,CELLECOR,ST,768000,654000,85.16
20,588,CELLO,EQ,221745,68905,31.07
20,589,CELLPOINT,SM,14400,10800,75.00
20,590,CENTENKA,EQ,47714,27426,57.48
20,591,CENTRALBK,EQ,7487547,2090388,27.92
20,592,CENTRUM,EQ,837762,499755,59.65
20,593,CENTUM,EQ,9627,5085,52.82
20,594,CENTURYPLY,EQ,110675,50872,45.97
20,595,CERA,EQ,20857,9779,46.89
20,596,CESC,EQ,3056417,1036862,33.92
20,597,CGCL,EQ,232306,74667,32.14
20,598,CGPOWER,EQ,3594228,1533845,42.68
20,599,CGRAPHICS,SM,24000,16000,66.67
20,600,CHALET,EQ,2752083,173948,6.32
20,601,CHAMBLFERT,EQ,1292155,452660,35.03
20,602,CHAVDA,SM,76000,49000,64.47
20,603,CHEMBOND,EQ,23718,10946,46.15
20,604,CHEMCON,EQ,47189,27305,57.86
20,605,CHEMFAB,EQ,15266,6402,41.94
20,606,CHEMPLASTS,EQ,151292,71248,47.09
20,607,CHENNPETRO,EQ,2299227,495992,21.57
20,608,CHETANA,SM,33600,25600,76.19
20,609,CHEVIOT,EQ,3669,2572,70.10
20,610,CHOICEIN,EQ,458090,208436,45.50
20,611,CHOLAFIN,EQ,1708841,764812,44.76
20,612,CHOLAHLDNG,EQ,95877,50436,52.60
20,613,CIEINDIA,EQ,201453,85209,42.30
20,614,CIGNITITEC,EQ,995618,722279,72.55
20,615,CINELINE,EQ,17666,10464,59.23
20,616,CINEVISTA,EQ,48298,33696,69.77
20,617,CIPLA,EQ,1175088,690519,58.76
20,618,CLEAN,EQ,330199,244359,74.00
20,619,CLOUD,ST,91000,87000,95.60
20,620,CLSEL,EQ,88258,46503,52.69
20,621,CLSL,SM,4000,4000,100.00
20,622,CMMIPL,ST,18000,18000,100.00
20,623,CMNL,ST,120000,120000,100.00
20,624,CMSINFO,EQ,691221,371861,53.80
20,625,COALINDIA,EQ,10330954,5410662,52.37
20,626,COASTCORP,EQ,24979,10949,43.83
20,627,COFORGE,EQ,510982,153349,30.01
20,628,COLPAL,EQ,1485834,798190,53.72
20,629,COMMITTED,SM,6400,6400,100.00
20,630,COMMOIETF,EQ,113920,85974,75.47
20,631,COMPUSOFT,EQ,62205,36268,58.30
20,632,COMSYN,EQ,59950,11415,19.04
20,633,CONCOR,EQ,1043417,406296,38.94
20,634,CONCORDBIO,EQ,97504,43943,45.07
20,635,CONFIPET,EQ,1174816,622522,52.99
20,636,CONS,EQ,7050,6062,85.99
20,637,CONSOFINVT,EQ,23172,11626,50.17
20,638,CONSUMBEES,EQ,218555,174616,79.90
20,639,CONSUMIETF,EQ,22708,13771,60.64
20,640,CONTI,ST,6666,6666,100.00
20,641,CONTROLPR,EQ,41064,25922,63.13
20,642,COOLCAPS,ST,55250,50500,91.40
20,643,CORDSCABLE,EQ,38297,24061,62.83
20,644,COROMANDEL,EQ,807723,203372,25.18
20,645,COSMOFIRST,EQ,80330,51687,64.34
20,646,COUNCODOS,EQ,83067,55194,66.45
20,647,CPS,ST,10800,9600,88.89
20,648,CPSEETF,EQ,3917203,2024437,51.68
20,649,CRAFTSMAN,EQ,46989,16084,34.23
20,650,CRAYONS,SM,28000,24000,85.71
20,651,CREATIVE,EQ,11217,4439,39.57
20,652,CREDITACC,EQ,360140,93282,25.90
20,653,CREST,EQ,82056,28180,34.34
20,654,CRISIL,EQ,71234,36483,51.22
20,655,CROMPTON,EQ,1946954,1040050,53.42
20,656,CSBBANK,EQ,336464,121369,36.07
20,657,CSLFINANCE,EQ,88198,47632,54.01
20,658,CUB,EQ,5029668,1615660,32.12
20,659,CUBEXTUB,EQ,33938,19168,56.48
20,660,CUMMINSIND,EQ,267615,107567,40.19
20,661,CYBERMEDIA,EQ,104190,36768,35.29
20,662,CYIENT,EQ,2126024,295268,13.89
20,663,CYIENTDLM,EQ,210090,107520,51.18
20,664,DABUR,EQ,1506493,658594,43.72
20,665,DALBHARAT,EQ,181265,51571,28.45
20,666,DALMIASUG,EQ,130167,45149,34.69
20,667,DAMODARIND,EQ,47569,11669,24.53
20,668,DANGEE,EQ,831666,328778,39.53
20,669,DATAMATICS,EQ,61386,28950,47.16
20,670,DATAPATTNS,EQ,238554,98669,41.36
20,671,DAVANGERE,EQ,2822439,1443825,51.16
20,672,DBCORP,EQ,161063,81132,50.37
20,673,DBL,EQ,356642,160907,45.12
20,674,DBOL,EQ,151121,92352,61.11
20,675,DBREALTY,EQ,2086871,1045112,50.08
20,676,DBSTOCKBRO,EQ,111860,27606,24.68
20,677,DCAL,EQ,343359,160382,46.71
20,678,DCBBANK,EQ,9687748,2598171,26.82
20,679,DCG,SM,37200,24000,64.52
20,680,DCI,EQ,16590,9867,59.48
20,681,DCMNVL,EQ,21339,17719,83.04
20,682,DCMSHRIRAM,EQ,51906,29486,56.81
20,683,DCMSRIND,EQ,136324,80651,59.16
20,684,DCW,EQ,6619705,2487984,37.58
20,685,DCXINDIA,EQ,307504,207679,67.54
20,686,DECCANCE,EQ,18398,10999,59.78
20,687,DECCANTRAN,SM,31200,21600,69.23
20,688,DEEDEV,EQ,135973,53682,39.48
20,689,DEEM,SM,13000,12000,92.31
20,690,DEEPAKFERT,EQ,1738877,433264,24.92
20,691,DEEPAKNTR,EQ,182605,54686,29.95
20,692,DEEPINDS,EQ,271569,141980,52.28
20,693,DELAPLEX,SM,21000,18600,88.57
20,694,DELHIVERY,EQ,3091512,2393893,77.43
20,695,DELPHIFX,EQ,50352,27820,55.25
20,696,DELTACORP,EQ,1243538,525982,42.30
20,697,DELTAMAGNT,EQ,13887,8743,62.96
20,698,DEN,EQ,1335218,643011,48.16
20,699,DENEERS,SM,16800,16800,100.00
20,700,DENORA,EQ,31085,20417,65.68
20,701,DENTALKART,SM,41250,29250,70.91
20,702,DEVIT,EQ,61258,27503,44.90
20,703,DEVYANI,EQ,1822955,1290388,70.79
20,704,DHAMPURSUG,EQ,441673,211603,47.91
20,705,DHANBANK,EQ,591770,312357,52.78
20,706,DHANI,EQ,5179143,2123290,41.00
20,707,DHANUKA,EQ,29564,12598,42.61
20,708,DHARIWAL,SM,14400,10800,75.00
20,709,DHARMAJ,EQ,91767,53239,58.02
20,710,DHRUV,EQ,59587,30279,50.81
20,711,DHTL,ST,4000,4000,100.00
20,712,DHUNINV,EQ,9053,5128,56.64
20,713,DIAMINESQ,EQ,14850,9094,61.24
20,714,DIAMONDYD,EQ,131933,74060,56.13
20,715,DIFFNKG,EQ,18568,18568,100.00
20,716,DIGIDRIVE,EQ,135177,84027,62.16
20,717,DIGIKORE,SM,27400,20000,72.99
20,718,DIL,EQ,521579,277051,53.12
20,719,DISHTV,EQ,10292194,4018569,39.04
20,720,DIVGIITTS,EQ,26452,14941,56.48
20,721,DIVISLAB,EQ,1007972,659807,65.46
20,722,DIVOPPBEES,EQ,102533,63886,62.31
20,723,DIVYADHAN,SM,20000,16000,80.00
20,724,DIXON,EQ,4173607,816259,19.56
20,725,DKEGL,SM,4500,3000,66.67
20,726,DLF,EQ,3787373,1260476,33.28
20,727,DLINKINDIA,EQ,177020,84426,47.69
20,728,DMART,EQ,423224,190343,44.97
20,729,DMCC,EQ,28639,9105,31.79
20,730,DODLA,EQ,139738,59824,42.81
20,731,DOLATALGO,EQ,610937,299322,48.99
20,732,DOLLAR,EQ,81938,46202,56.39
20,733,DOLLEX,SM,40000,28000,70.00
20,734,DOMS,EQ,102337,58452,57.12
20,735,DPABHUSHAN,EQ,77834,26988,34.67
20,736,DPEL,SM,111000,75000,67.57
20,737,DPSCLTD,EQ,490948,225643,45.96
20,738,DPWIRES,EQ,486334,145908,30.00
20,739,DRCSYSTEMS,EQ,72046,45377,62.98
20,740,DREAMFOLKS,EQ,102324,52075,50.89
20,741,DREDGECORP,EQ,49636,36097,72.72
20,742,DRL,SM,6000,6000,100.00
20,743,DRONE,ST,52000,43000,82.69
20,744,DRREDDY,EQ,257166,144063,56.02
20,745,DRSDILIP,ST,800,800,100.00
20,746,DSSL,EQ,41829,20674,49.43
20,747,DTIL,EQ,15355,9292,60.51
20,748,DTL,SM,4800,4800,100.00
20,749,DUCOL,SM,7200,5600,77.78
20,750,DUCON,EQ,843642,550948,65.31
20,751,DUGLOBAL,SM,10000,7500,75.00
20,752,DURLAX,SM,66000,48000,72.73
20,753,DVL,EQ,43368,22118,51.00
20,754,DWARKESH,EQ,1124624,434069,38.60
20,755,DYCL,EQ,544002,142021,26.11
20,756,DYNAMATECH,EQ,15937,6730,42.23
20,757,DYNAMIC,ST,19000,19000,100.00
20,758,EASEMYTRIP,EQ,15973395,4952357,31.00
20,759,EBANKNIFTY,EQ,391316,389318,99.49
20,760,EBBETF0425,EQ,18454,17311,93.81
20,761,EBBETF0430,EQ,19662,17617,89.60
20,762,EBBETF0431,EQ,13426,9858,73.42
20,763,EBBETF0433,EQ,2085,1206,57.84
20,764,ECLERX,EQ,84830,44441,52.39
20,765,ECOSMOBLTY,EQ,504291,154196,30.58
20,766,EDELWEISS,EQ,3583895,1728208,48.22
20,767,EFACTOR,SM,19200,12800,66.67
20,768,EFFWA,ST,35200,35200,100.00
20,769,EFORCE,SM,19200,14400,75.00
20,770,EGOLD,EQ,47897,46175,96.40
20,771,EICHERMOT,EQ,446738,284902,63.77
20,772,EIDPARRY,EQ,308141,156956,50.94
20,773,EIHAHOTELS,EQ,36119,19834,54.91
20,774,EIHOTEL,EQ,375219,190468,50.76
20,775,EIMCOELECO,EQ,10573,7675,72.59
20,776,EKC,EQ,734187,281546,38.35
20,777,ELDEHSG,EQ,3370,2333,69.23
20,778,ELECON,EQ,1583593,759475,47.96
20,779,ELECTCAST,EQ,2679174,1290108,48.15
20,780,ELGIEQUIP,EQ,159258,61591,38.67
20,781,ELIN,EQ,158978,72096,45.35
20,782,EMAMILTD,EQ,528436,239333,45.29
20,783,EMAMIPAP,EQ,58689,46979,80.05
20,784,EMAMIREAL,EQ,59054,31417,53.20
20,785,EMBASSY,RR,1875519,1804867,96.23
20,786,EMBDL,EQ,8443576,2849854,33.75
20,787,EMCURE,EQ,184652,120185,65.09
20,788,EMIL,EQ,704770,346745,49.20
20,789,EMKAYTOOLS,SM,2100,1800,85.71
20,790,EMMBI,EQ,70011,33703,48.14
20,791,EMMIL,SM,8000,4000,50.00
20,792,EMSLIMITED,EQ,311961,163686,52.47
20,793,EMUDHRA,EQ,151703,45095,29.73
20,794,ENDURANCE,EQ,210107,174210,82.91
20,795,ENERGYDEV,EQ,56652,31305,55.26
20,796,ENFUSE,SM,39600,25200,63.64
20,797,ENGINERSIN,EQ,3452783,1251724,36.25
20,798,ENIL,EQ,39498,22925,58.04
20,799,ENSER,ST,4000,4000,100.00
20,800,ENTERO,EQ,59051,29043,49.18
20,801,ENVIRO,SM,32000,24000,75.00
20,802,EPIGRAL,EQ,137431,59610,43.37
20,803,EPL,EQ,836961,346469,41.40
20,804,EQUAL50ADD,EQ,10779,8429,78.20
20,805,EQUITASBNK,EQ,2780041,1260912,45.36
20,806,ERIS,EQ,309507,80085,25.88
20,807,ESABINDIA,EQ,2728,1492,54.69
20,808,ESAFSFB,EQ,864831,539358,62.37
20,809,ESCONET,ST,16000,16000,100.00
20,810,ESCORTS,EQ,381990,131396,34.40
20,811,ESFL,ST,18000,18000,100.00
20,812,ESG,EQ,10174,7187,70.64
20,813,ESILVER,EQ,20409,17951,87.96
20,814,ESPRIT,SM,33600,30400,90.48
20,815,ESTER,EQ,190483,91081,47.82
20,816,ETHOSLTD,EQ,110396,81418,73.75
20,817,EUREKAFORB,EQ,216622,132286,61.07
20,818,EUROBOND,SM,13000,12000,92.31
20,819,EVEREADY,EQ,201729,87581,43.42
20,820,EVERESTIND,EQ,28523,12856,45.07
20,821,EVINDIA,EQ,752314,575903,76.55
20,822,EXCEL,EQ,9375944,4826166,51.47
20,823,EXCELINDUS,EQ,23665,12175,51.45
20,824,EXCELLENT,SM,1600,1600,100.00
20,825,EXICOM,EQ,274878,163887,59.62
20,826,EXIDEIND,EQ,4267695,1607836,37.67
20,827,EXPLEOSOL,EQ,27164,21143,77.83
20,828,EXXARO,EQ,210669,76570,36.35
20,829,FACT,EQ,155152,47798,30.81
20,830,FAIRCHEMOR,EQ,13975,6896,49.35
20,831,FALCONTECH,SM,9600,8400,87.50
20,832,FAZE3Q,EQ,21956,11927,54.32
20,833,FCL,EQ,409645,195863,47.81
20,834,FCSSOFT,EQ,3864385,2004817,51.88
20,835,FDC,EQ,215110,93339,43.39
20,836,FEDERALBNK,EQ,7802725,3576393,45.84
20,837,FEDFINA,EQ,608651,270273,44.41
20,838,FELIX,ST,83000,74500,89.76
20,839,FIDEL,SM,10000,9000,90.00
20,840,FIEMIND,EQ,78977,46101,58.37
20,841,FILATEX,EQ,1243298,484986,39.01
20,842,FINCABLES,EQ,248536,110100,44.30
20,843,FINEORG,EQ,36154,17975,49.72
20,844,FINIETF,EQ,182059,129683,71.23
20,845,FINOPB,EQ,143095,71147,49.72
20,846,FINPIPE,EQ,2997619,842373,28.10
20,847,FIRSTCRY,EQ,295427,157514,53.32
20,848,FIVESTAR,EQ,3616706,2206815,61.02
20,849,FLAIR,EQ,710183,682942,96.16
20,850,FLUOROCHEM,EQ,154822,55728,35.99
20,851,FMCGIETF,EQ,641438,306743,47.82
20,852,FMGOETZE,EQ,60424,34565,57.20
20,853,FOCE,ST,200,200,100.00
20,854,FONEBOX,SM,5000,4000,80.00
20,855,FOODSIN,EQ,178574,85700,47.99
20,856,FORCAS,SM,44800,43200,96.43
20,857,FORCEMOT,EQ,25834,10716,41.48
20,858,FORGEAUTO,SM,3600,3600,100.00
20,859,FORTIS,EQ,729129,344673,47.27
20,860,FOSECOIND,EQ,2122,1145,53.96
20,861,FRESHARA,ST,146400,145200,99.18
20,862,FROG,SM,46800,31200,66.67
20,863,FSL,EQ,5285693,927985,17.56
20,864,FUSION,EQ,363348,228459,62.88
20,865,GABRIEL,EQ,317670,119150,37.51
20,866,GAEL,EQ,876066,364558,41.61
20,867,GAIL,EQ,10268644,3928585,38.26
20,868,GAJANAND,ST,39000,30000,76.92
20,869,GALAPREC,EQ,105858,54117,51.12
20,870,GALAXYSURF,EQ,15781,9102,57.68
20,871,GANDHAR,EQ,746921,252031,33.74
20,872,GANDHITUBE,EQ,5222,3766,72.12
20,873,GANECOS,EQ,47204,22759,48.21
20,874,GANESHBE,EQ,154539,94120,60.90
20,875,GANESHHOUC,EQ,192715,69960,36.30
20,876,GANGAFORGE,EQ,308400,177204,57.46
20,877,GANGESSECU,EQ,23659,12862,54.36
20,878,GARFIBRES,EQ,32732,14626,44.68
20,879,GARUDA,EQ,995097,381477,38.34
20,880,GATEWAY,EQ,7182402,1715049,23.88
20,881,GEECEE,EQ,30609,9618,31.42
20,882,GENCON,EQ,123563,35193,28.48
20,883,GENESYS,EQ,291700,156640,53.70
20,884,GENSOL,EQ,152257,83060,54.55
20,885,GENUSPAPER,EQ,716416,352330,49.18
20,886,GENUSPOWER,EQ,569957,313915,55.08
20,887,GEOJITFSL,EQ,895066,298023,33.30
20,888,GEPIL,EQ,154448,98248,63.61
20,889,GESHIP,EQ,494684,209602,42.37
20,890,GFLLIMITED,EQ,537331,229150,42.65
20,891,GGBL,SM,103200,63000,61.05
20,892,GHCL,EQ,162528,84494,51.99
20,893,GHCLTEXTIL,EQ,332441,161350,48.53
20,894,GICHSGFIN,EQ,186919,96816,51.80
20,895,GICL,SM,84000,48000,57.14
20,896,GICRE,EQ,712402,327000,45.90
20,897,GILLANDERS,EQ,4189,3443,82.19
20,898,GILLETTE,EQ,16908,7308,43.22
20,899,GILT5YBEES,EQ,258482,203053,78.56
20,900,GINNIFILA,EQ,84454,39022,46.21
20,901,GIPCL,EQ,566865,279477,49.30
20,902,GKWLIMITED,EQ,4179,3537,84.64
20,903,GLAND,EQ,106396,46633,43.83
20,904,GLAXO,EQ,132162,67164,50.82
20,905,GLENMARK,EQ,541728,250337,46.21
20,906,GLOBAL,EQ,82210,40336,49.06
20,907,GLOBALPET,SM,13500,9000,66.67
20,908,GLOBE,EQ,1582393,1341524,84.78
20,909,GLOBUSSPR,EQ,107067,50836,47.48
20,910,GLOSTERLTD,EQ,7321,3805,51.97
20,911,GLS,EQ,566294,348939,61.62
20,912,GMBREW,EQ,58507,17577,30.04
20,913,GMDCLTD,EQ,1907335,455410,23.88
20,914,GMMPFAUDLR,EQ,72550,40032,55.18
20,915,GMRINFRA,EQ,26995746,9450661,35.01
20,916,GMRP&UI,EQ,1723737,795572,46.15
20,917,GNA,EQ,53022,26781,50.51
20,918,GNFC,EQ,1840264,820393,44.58
20,919,GOACARBON,EQ,40836,18471,45.23
20,920,GOCLCORP,EQ,55132,32306,58.60
20,921,GOCOLORS,EQ,108728,46253,42.54
20,922,GODFRYPHLP,EQ,54903,12513,22.79
20,923,GODHA,EQ,5637508,3520534,62.45
20,924,GODIGIT,EQ,2865660,1940956,67.73
20,925,GODREJAGRO,EQ,158461,69253,43.70
20,926,GODREJCP,EQ,3223478,1357368,42.11
20,927,GODREJIND,EQ,353851,161442,45.62
20,928,GODREJPROP,EQ,514251,135700,26.39
20,929,GOKEX,EQ,78959,37631,47.66
20,930,GOKUL,EQ,166470,85520,51.37
20,931,GOKULAGRO,EQ,307131,159086,51.80
20,932,GOLD1,EQ,859303,771728,89.81
20,933,GOLDBEES,EQ,11753965,8451681,71.90
20,934,GOLDCASE,EQ,540875,486142,89.88
20,935,GOLDETF,EQ,2700768,2653942,98.27
20,936,GOLDETFADD,EQ,167766,153728,91.63
20,937,GOLDIAM,EQ,529090,216063,40.84
20,938,GOLDIETF,EQ,3449727,3195221,92.62
20,939,GOLDSHARE,EQ,231338,134084,57.96
20,940,GOLDSTAR,SM,90000,56250,62.50
20,941,GOODLUCK,EQ,125029,51789,41.42
20,942,GOPAL,EQ,520396,303094,58.24
20,943,GOYALALUM,EQ,227140,141518,62.30
20,944,GOYALSALT,SM,12000,12000,100.00
20,945,GPECO,SM,63600,34800,54.72
20,946,GPIL,EQ,1652339,710736,43.01
20,947,GPPL,EQ,1544871,678861,43.94
20,948,GPTHEALTH,EQ,429373,258744,60.26
20,949,GPTINFRA,EQ,97764,74814,76.53
20,950,GRANULES,EQ,2072052,787216,37.99
20,951,GRAPHISAD,ST,10800,8400,77.78
20,952,GRAPHITE,EQ,634092,218917,34.52
20,953,GRASIM,EQ,656546,389863,59.38
20,954,GRASIMPP1,E1,14554,13522,92.91
20,955,GRAVITA,EQ,315219,151143,47.95
20,956,GRCL,ST,500,500,100.00
20,957,GREAVESCOT,EQ,2467295,906259,36.73
20,958,GREENCHEF,SM,13600,12000,88.24
20,959,GREENLAM,EQ,212972,205657,96.57
20,960,GREENPANEL,EQ,281510,106323,37.77
20,961,GREENPLY,EQ,334336,167141,49.99
20,962,GREENPOWER,EQ,7741534,3019774,39.01
20,963,GRINDWELL,EQ,34335,18336,53.40
20,964,GRINFRA,EQ,24681,11355,46.01
20,965,GRMOVER,EQ,252784,99867,39.51
20,966,GROWWDEFNC,EQ,192173,151392,78.78
20,967,GROWWEV,EQ,832278,659205,79.20
20,968,GROWWGOLD,EQ,174075,108048,62.07
20,969,GROWWLIQID,EQ,191162,158300,82.81
20,970,GRSE,EQ,951494,332812,34.98
20,971,GRWRHITECH,EQ,72797,30200,41.49
20,972,GSEC10IETF,EQ,108,108,100.00
20,973,GSEC10YEAR,EQ,2444,1358,55.56
20,974,GSEC5IETF,EQ,514,294,57.20
20,975,GSFC,EQ,1417780,606121,42.75
20,976,GSLSU,EQ,96340,52161,54.14
20,977,GSMFOILS,ST,52000,44000,84.62
20,978,GSPL,EQ,722615,356753,49.37
20,979,GSS,EQ,22015,9654,43.85
20,980,GSTL,SM,15000,15000,100.00
20,981,GTL,EQ,1991664,1132468,56.86
20,982,GTLINFRA,EQ,135387656,53043990,39.18
20,983,GTPL,EQ,46661,28754,61.62
20,984,GUFICBIO,EQ,112297,59429,52.92
20,985,GUJALKALI,EQ,186085,90030,48.38
20,986,GUJGASLTD,EQ,736182,260033,35.32
20,987,GUJRAFFIA,EQ,3127,1839,58.81
20,988,GULFOILLUB,EQ,211295,125617,59.45
20,989,GULFPETRO,EQ,235952,107611,45.61
20,990,GULPOLY,EQ,306878,117548,38.30
20,991,GVPTECH,EQ,41432,23833,57.52
20,992,HAL,EQ,1520490,650086,42.76
20,993,HAPPSTMNDS,EQ,478173,246492,51.55
20,994,HAPPYFORGE,EQ,26978,13811,51.19
20,995,HARDWYN,EQ,400733,167392,41.77
20,996,HARIOMPIPE,EQ,128484,60909,47.41
20,997,HARSHA,EQ,44274,18923,42.74
20,998,HATHWAY,EQ,3393135,1472001,43.38
20,999,HATSUN,EQ,18984,11580,61.00
20,1000,HAVELLS,EQ,720139,394211,54.74
20,1001,HBLPOWER,EQ,1173752,499813,42.58
20,1002,HCC,EQ,21525365,7183306,33.37
20,1003,HCG,EQ,155198,92863,59.84
20,1004,HCLTECH,EQ,4078295,2649137,64.96
20,1005,HDFCAMC,EQ,566207,269967,47.68
20,1006,HDFCBANK,EQ,13065239,7865650,60.20
20,1007,HDFCBSE500,EQ,36120,23430,64.87
20,1008,HDFCGOLD,EQ,3059969,2470641,80.74
20,1009,HDFCGROWTH,EQ,8186,5707,69.72
20,1010,HDFCLIFE,EQ,2852838,1630478,57.15
20,1011,HDFCLIQUID,EQ,19789,16477,83.26
20,1012,HDFCLOWVOL,EQ,74068,58462,78.93
20,1013,HDFCMID150,EQ,515664,377057,73.12
20,1014,HDFCMOMENT,EQ,530826,391354,73.73
20,1015,HDFCNEXT50,EQ,209076,155008,74.14
20,1016,HDFCNIF100,EQ,88427,68466,77.43
20,1017,HDFCNIFBAN,EQ,47787,44326,92.76
20,1018,HDFCNIFIT,EQ,31216,29399,94.18
20,1019,HDFCNIFTY,EQ,115465,96048,83.18
20,1020,HDFCPSUBK,EQ,53438,45281,84.74
20,1021,HDFCPVTBAN,EQ,556473,471322,84.70
20,1022,HDFCQUAL,EQ,39869,18595,46.64
20,1023,HDFCSENSEX,EQ,57409,46413,80.85
20,1024,HDFCSILVER,EQ,1101886,804359,73.00
20,1025,HDFCSML250,EQ,1280899,1060576,82.80
20,1026,HDFCVALUE,EQ,8693,6914,79.54
20,1027,HEADSUP,EQ,46108,18940,41.08
20,1028,HEALTHADD,EQ,1023,896,87.59
20,1029,HEALTHIETF,EQ,29584,14862,50.24
20,1030,HEALTHY,EQ,600387,282058,46.98
20,1031,HECPROJECT,EQ,20722,4749,22.92
20,1032,HEG,EQ,632734,278487,44.01
20,1033,HEIDELBERG,EQ,381853,173134,45.34
20,1034,HEMIPROP,EQ,632669,287858,45.50
20,1035,HERANBA,EQ,74572,42769,57.35
20,1036,HERCULES,EQ,216174,80990,37.47
20,1037,HERITGFOOD,EQ,1365913,650368,47.61
20,1038,HEROMOTOCO,EQ,709797,352658,49.68
20,1039,HESTERBIO,EQ,3190,2095,65.67
20,1040,HEUBACHIND,EQ,117311,76887,65.54
20,1041,HFCL,EQ,20175998,5268486,26.11
20,1042,HGINFRA,EQ,139022,50952,36.65
20,1043,HGS,EQ,20897,11829,56.61
20,1044,HIGREEN,ST,38400,36000,93.75
20,1045,HIKAL,EQ,271661,116577,42.91
20,1046,HIL,EQ,11696,7604,65.01
20,1047,HILTON,EQ,70719,45467,64.29
20,1048,HIMATSEIDE,EQ,2943837,1021288,34.69
20,1049,HINDALCO,EQ,4091651,1598801,39.07
20,1050,HINDCOMPOS,EQ,12421,6874,55.34
20,1051,HINDCON,EQ,113727,64113,56.37
20,1052,HINDCOPPER,EQ,8562532,2931958,34.24
20,1053,HINDOILEXP,EQ,878702,409964,46.66
20,1054,HINDPETRO,EQ,8522829,2765103,32.44
20,1055,HINDUNILVR,EQ,2761166,1710209,61.94
20,1056,HINDWAREAP,EQ,559405,246707,44.10
20,1057,HINDZINC,EQ,3661702,1828763,49.94
20,1058,HIRECT,EQ,41831,26839,64.16
20,1059,HISARMETAL,EQ,15581,3300,21.18
20,1060,HITECH,EQ,924634,392257,42.42
20,1061,HITECHCORP,EQ,28379,16677,58.77
20,1062,HLEGLAS,EQ,55177,28761,52.12
20,1063,HLVLTD,EQ,2070177,888554,42.92
20,1064,HMAAGRO,EQ,514553,322380,62.65
20,1065,HMVL,EQ,90455,51210,56.61
20,1066,HNDFDS,EQ,91590,43250,47.22
20,1067,HNGSNGBEES,EQ,277132,175481,63.32
20,1068,HOACFOODS,SM,3000,3000,100.00
20,1069,HOMEFIRST,EQ,3519918,423369,12.03
20,1070,HOMESFY,SM,600,600,100.00
20,1071,HONASA,EQ,1238040,709675,57.32
20,1072,HONAUT,EQ,6407,3364,52.51
20,1073,HONDAPOWER,EQ,4488,1812,40.37
20,1074,HPAL,EQ,146940,83802,57.03
20,1075,HPIL,EQ,31227,27745,88.85
20,1076,HPL,EQ,185711,101238,54.51
20,1077,HRHNEXT,ST,3000,3000,100.00
20,1078,HSCL,EQ,2356297,752831,31.95
20,1079,HTMEDIA,EQ,267533,136693,51.09
20,1080,HUDCO,EQ,5587616,2444324,43.75
20,1081,HUHTAMAKI,EQ,370369,154307,41.66
20,1082,HVAX,SM,27900,19200,68.82
20,1083,HYUNDAI,EQ,3219776,1904583,59.15
20,1084,IBLFL,ST,10000,10000,100.00
20,1085,ICDSLTD,EQ,3411,2313,67.81
20,1086,ICEMAKE,EQ,64946,23374,35.99
20,1087,ICICIB22,EQ,611939,330567,54.02
20,1088,ICICIBANK,EQ,13546055,7506753,55.42
20,1089,ICICIGI,EQ,468694,273932,58.45
20,1090,ICICIPRULI,EQ,1761993,705812,40.06
20,1091,ICIL,EQ,227117,100250,44.14
20,1092,ICRA,EQ,50580,46734,92.40
20,1093,IDBI,EQ,25657637,5328767,20.77
20,1094,IDEA,EQ,601382237,205507447,34.17
20,1095,IDEAFORGE,EQ,201663,115773,57.41
20,1096,IDEALTECHO,SM,19000,13000,68.42
20,1097,IDFCFIRSTB,EQ,64232367,31043672,48.33
20,1098,IDFNIFTYET,EQ,289,271,93.77
20,1099,IEL,EQ,167697,96439,57.51
20,1100,IEML,SM,30000,21000,70.00
20,1101,IEX,EQ,14268725,3520817,24.68
20,1102,IFBAGRO,EQ,4476,3186,71.18
20,1103,IFBIND,EQ,137835,73945,53.65
20,1104,IFCI,EQ,10190886,4370529,42.89
20,1105,IFCIZC24,NI,70,70,100.00
20,1106,IFCIZC25,NM,22,22,100.00
20,1107,IFGLEXPOR,EQ,7261,4321,59.51
20,1108,IGARASHI,EQ,70832,33250,46.94
20,1109,IGL,EQ,1808138,645542,35.70
20,1110,IGPL,EQ,41187,25646,62.27
20,1111,IIFL,EQ,2754288,1051673,38.18
20,1112,IIFLHFZC27,NB,10,10,100.00
20,1113,IIFLSEC,EQ,1460820,580716,39.75
20,1114,IIFLZC25A,NP,89,89,100.00
20,1115,IIFLZC26,NN,50,50,100.00
20,1116,IIFLZC28,NG,37,37,100.00
20,1117,IIFLZC28A,NU,200,200,100.00
20,1118,IIFLZC28B,Y1,350,350,100.00
20,1119,IIFLZC28C,N6,1,1,100.00
20,1120,IKIO,EQ,162118,88803,54.78
20,1121,IMAGICAA,EQ,824733,313997,38.07
20,1122,IMC1,N0,59,30,50.85
20,1123,IMC1,N1,27,27,100.00
20,1124,IMC1,N2,17,17,100.00
20,1125,IMC1,N3,17,17,100.00
20,1126,IMFA,EQ,95139,44676,46.96
20,1127,IMPAL,EQ,6849,4096,59.80
20,1128,INDBANK,EQ,53913,30510,56.59
20,1129,INDGN,EQ,517897,302792,58.47
20,1130,INDHOTEL,EQ,5954183,2714608,45.59
20,1131,INDIACEM,EQ,2210445,1286502,58.20
20,1132,INDIAGLYCO,EQ,187799,80740,42.99
20,1133,INDIAMART,EQ,278182,104331,37.50
20,1134,INDIANB,EQ,655297,260331,39.73
20,1135,INDIANCARD,EQ,2468,1576,63.86
20,1136,INDIANHUME,EQ,71512,30377,42.48
20,1137,INDIASHLTR,EQ,182040,64386,35.37
20,1138,INDIFRA,SM,2000,2000,100.00
20,1139,INDIGO,EQ,1328953,803582,60.47
20,1140,INDIGOPNTS,EQ,334265,148895,44.54
20,1141,INDIGRID,IV,222336,182483,82.08
20,1142,INDNIPPON,EQ,10292,5675,55.14
20,1143,INDOAMIN,EQ,376459,169511,45.03
20,1144,INDOBORAX,EQ,62000,29325,47.30
20,1145,INDOCO,EQ,279809,194126,69.38
20,1146,INDORAMA,EQ,257438,128753,50.01
20,1147,INDOSTAR,EQ,223488,150489,67.34
20,1148,INDOUS,EQ,8248,1949,23.63
20,1149,INDOWIND,EQ,185721,116535,62.75
20,1150,INDRAMEDCO,EQ,336111,193403,57.54
20,1151,INDSWFTLTD,EQ,37912,16138,42.57
20,1152,INDTERRAIN,EQ,140436,110832,78.92
20,1153,INDUSINDBK,EQ,56935420,21006000,36.89
20,1154,INDUSTOWER,EQ,14093116,6689311,47.47
20,1155,INFIBEAM,EQ,7450488,3453317,46.35
20,1156,INFINIUM,ST,2000,2000,100.00
20,1157,INFOBEAN,EQ,18513,12973,70.08
20,1158,INFOLLION,SM,18400,14400,78.26
20,1159,INFRABEES,EQ,21370,12943,60.57
20,1160,INFRAIETF,EQ,135464,89722,66.23
20,1161,INFY,EQ,4689120,2597591,55.40
20,1162,INGERRAND,EQ,15619,7276,46.58
20,1163,INM,SM,1200,1200,100.00
20,1164,INNOMET,SM,20400,14400,70.59
20,1165,INNOVACAP,EQ,128700,35077,27.25
20,1166,INNOVANA,SM,600,600,100.00
20,1167,INOXGREEN,EQ,1955109,854509,43.71
20,1168,INOXINDIA,EQ,125743,54906,43.67
20,1169,INOXWIND,EQ,7416302,2562186,34.55
20,1170,INSECTICID,EQ,49449,29699,60.06
20,1171,INSPIRE,SM,2000,2000,100.00
20,1172,INTELLECT,EQ,246935,130310,52.77
20,1173,INTERARCH,EQ,270399,101481,37.53
20,1174,INTLCONV,EQ,253174,101036,39.91
20,1175,INVENTURE,EQ,2967957,1655194,55.77
20,1176,IOB,EQ,7301659,1624573,22.25
20,1177,IOC,EQ,20505003,9381656,45.75
20,1178,IOLCP,EQ,322967,145915,45.18
20,1179,IONEXCHANG,EQ,262762,114723,43.66
20,1180,IPCALAB,EQ,197761,73887,37.36
20,1181,IPHL,SM,62400,44400,71.15
20,1182,IPL,EQ,557954,346504,62.10
20,1183,IPSL,SM,2000,2000,100.00
20,1184,IRB,EQ,18409330,8163424,44.34
20,1185,IRBINVIT,IV,363869,342881,94.23
20,1186,IRCON,EQ,5780057,1957210,33.86
20,1187,IRCTC,EQ,1429801,550757,38.52
20,1188,IREDA,EQ,8488645,3672869,43.27
20,1189,IRFC,EQ,18714548,6392001,34.16
20,1190,IRISDOREME,EQ,77628,28047,36.13
20,1191,IRMENERGY,EQ,162831,100803,61.91
20,1192,ISEC,EQ,275439,127354,46.24
20,1193,ISGEC,EQ,48121,24558,51.03
20,1194,ISHAN,ST,960000,912000,95.00
20,1195,IT,EQ,105349,90101,85.53
20,1196,ITALIANE,ST,16000,16000,100.00
20,1197,ITBEES,EQ,3425258,2507156,73.20
20,1198,ITC,EQ,30961625,11584087,37.41
20,1199,ITDC,EQ,28472,11974,42.06
20,1200,ITDCEM,EQ,1765399,711766,40.32
20,1201,ITETF,EQ,151930,71514,47.07
20,1202,ITETFADD,EQ,30894,30273,97.99
20,1203,ITI,EQ,336261,113529,33.76
20,1204,ITIETF,EQ,436970,281006,64.31
20,1205,IVP,EQ,16917,13443,79.46
20,1206,IVZINGOLD,EQ,1136,1094,96.30
20,1207,IVZINNIFTY,EQ,563,523,92.90
20,1208,IXIGO,EQ,800786,360872,45.06
20,1209,JAGRAN,EQ,323768,194552,60.09
20,1210,JAGSNPHARM,EQ,106791,50345,47.14
20,1211,JAIBALAJI,EQ,99540,52605,52.85
20,1212,JAICORPLTD,EQ,460635,170762,37.07
20,1213,JAINAM,SM,1000,1000,100.00
20,1214,JAIPURKURT,EQ,82811,20126,24.30
20,1215,JAKHARIA,ST,42400,42400,100.00
20,1216,JALAN,SM,54000,33000,61.11
20,1217,JAMNAAUTO,EQ,2158569,883819,40.94
20,1218,JASH,EQ,38516,23647,61.40
20,1219,JAYAGROGN,EQ,40695,28447,69.90
20,1220,JAYBARMARU,EQ,104939,54610,52.04
20,1221,JAYBEE,SM,864000,446000,51.62
20,1222,JAYNECOIND,EQ,242092,115426,47.68
20,1223,JAYSREETEA,EQ,256383,112477,43.87
20,1224,JBCHEPHARM,EQ,138312,95201,68.83
20,1225,JBMA,EQ,139283,65046,46.70
20,1226,JCHAC,EQ,111855,42117,37.65
20,1227,JEYYAM,SM,74000,54000,72.97
20,1228,JFLLIFE,SM,12000,6000,50.00
20,1229,JGCHEM,EQ,374310,191319,51.11
20,1230,JHS,EQ,325653,265348,81.48
20,1231,JINDALPHOT,EQ,6915,2558,36.99
20,1232,JINDALPOLY,EQ,54545,30343,55.63
20,1233,JINDALSAW,EQ,2833783,1414723,49.92
20,1234,JINDALSTEL,EQ,2311184,1125904,48.72
20,1235,JINDRILL,EQ,23053,11145,48.35
20,1236,JINDWORLD,EQ,55930,35902,64.19
20,1237,JIOFIN,EQ,12405373,5311320,42.81
20,1238,JISLDVREQS,EQ,34933,17812,50.99
20,1239,JISLJALEQS,EQ,2967896,1385700,46.69
20,1240,JITFINFRA,EQ,73610,45120,61.30
20,1241,JIWANRAM,SM,12000,12000,100.00
20,1242,J&KBANK,EQ,12421947,2417101,19.46
20,1243,JKCEMENT,EQ,170414,114115,66.96
20,1244,JKIL,EQ,198607,100304,50.50
20,1245,JKLAKSHMI,EQ,136707,85127,62.27
20,1246,JKPAPER,EQ,626257,298222,47.62
20,1247,JKTYRE,EQ,626074,264977,42.32
20,1248,JLHL,EQ,34424,21299,61.87
20,1249,JMA,EQ,26758,17891,66.86
20,1250,JMFINANCIL,EQ,29728566,5349464,17.99
20,1251,JNKINDIA,EQ,83226,64568,77.58
20,1252,JOCIL,EQ,9441,5719,60.58
20,1253,JPOLYINVST,EQ,6132,3398,55.41
20,1254,JPPOWER,EQ,59167425,19695360,33.29
20,1255,JSFB,EQ,576154,292635,50.79
20,1256,JSL,EQ,692052,352781,50.98
20,1257,JSLL,SM,8820,7380,83.67
20,1258,JSWENERGY,EQ,2918783,984533,33.73
20,1259,JSWHL,EQ,29999,5587,18.62
20,1260,JSWINFRA,EQ,3385558,2023714,59.77
20,1261,JSWSTEEL,EQ,2541293,689637,27.14
20,1262,JTEKTINDIA,EQ,123867,35642,28.77
20,1263,JTLIND,EQ,616395,302809,49.13
20,1264,JUBLFOOD,EQ,3319865,2302515,69.36
20,1265,JUBLINDS,EQ,27211,19479,71.59
20,1266,JUBLINGREA,EQ,541950,233854,43.15
20,1267,JUBLPHARMA,EQ,589246,168748,28.64
20,1268,JUNIORBEES,EQ,535364,349708,65.32
20,1269,JUNIPER,EQ,127386,81871,64.27
20,1270,JUSTDIAL,EQ,300121,113005,37.65
20,1271,JWL,EQ,984927,391458,39.74
20,1272,JYOTHYLAB,EQ,594198,357723,60.20
20,1273,JYOTICNC,EQ,164166,92234,56.18
20,1274,JYOTISTRUC,EQ,17881194,8441445,47.21
20,1275,K2INFRA,SM,51600,32400,62.79
20,1276,KABRAEXTRU,EQ,83143,41460,49.87
20,1277,KAJARIACER,EQ,384475,289880,75.40
20,1278,KAKATCEM,EQ,21601,10327,47.81
20,1279,KALAMANDIR,EQ,208386,104286,50.04
20,1280,KALANA,SM,42000,32000,76.19
20,1281,KALYANIFRG,EQ,1870,1197,64.01
20,1282,KALYANKJIL,EQ,4954602,1397715,28.21
20,1283,KAMATHOTEL,EQ,708570,250652,35.37
20,1284,KAMDHENU,EQ,184056,79192,43.03
20,1285,KANANIIND,EQ,344065,230638,67.03
20,1286,KANDARP,ST,16000,16000,100.00
20,1287,KANORICHEM,EQ,91772,49739,54.20
20,1288,KANPRPLA,EQ,18589,12230,65.79
20,1289,KANSAINER,EQ,1211377,474849,39.20
20,1290,KAPSTON,EQ,29712,15701,52.84
20,1291,KARNIKA,ST,800,800,100.00
20,1292,KARURVYSYA,EQ,2053075,602513,29.35
20,1293,KATARIA,SM,44400,30000,67.57
20,1294,KAUSHALYA,EQ,513,275,53.61
20,1295,KAYNES,EQ,345285,129131,37.40
20,1296,KBCGLOBAL,EQ,8675832,4555120,52.50
20,1297,KCEIL,SM,34000,27000,79.41
20,1298,KCP,EQ,701938,337319,48.06
20,1299,KDDL,EQ,22206,11468,51.64
20,1300,KDL,ST,3500,3400,97.14
20,1301,KEC,EQ,273195,91993,33.67
20,1302,KECL,EQ,223198,94802,42.47
20,1303,KEI,EQ,291453,118968,40.82
20,1304,KEL,ST,3600,3600,100.00
20,1305,KELLTONTEC,EQ,1122488,416221,37.08
20,1306,KERNEX,EQ,94427,59500,63.01
20,1307,KESORAMIND,EQ,829611,519554,62.63
20,1308,KFINTECH,EQ,918380,443502,48.29
20,1309,KHADIM,EQ,60831,47700,78.41
20,1310,KHAICHEM,EQ,311953,99848,32.01
20,1311,KHANDSE,EQ,8936,3499,39.16
20,1312,KHFM,SM,15500,9300,60.00
20,1313,KICL,EQ,8225,5778,70.25
20,1314,KILITCH,EQ,7861,3311,42.12
20,1315,KIMS,EQ,170673,88242,51.70
20,1316,KINGFA,EQ,6863,3805,55.44
20,1317,KIOCL,EQ,118655,29336,24.72
20,1318,KIRIINDUS,EQ,303749,130998,43.13
20,1319,KIRLOSBROS,EQ,93622,39300,41.98
20,1320,KIRLOSENG,EQ,504546,284253,56.34
20,1321,KIRLOSIND,EQ,3765,1527,40.56
20,1322,KIRLPNU,EQ,1028342,350750,34.11
20,1323,KITEX,EQ,1052313,497559,47.28
20,1324,KKCL,EQ,36938,22827,61.80
20,1325,KLL,SM,43200,36800,85.19
20,1326,KMSUGAR,EQ,168729,75209,44.57
20,1327,KNAGRI,ST,29600,25600,86.49
20,1328,KNRCON,EQ,761391,370200,48.62
20,1329,KODYTECH,SM,26800,17000,63.43
20,1330,KOHINOOR,EQ,139505,58935,42.25
20,1331,KOKUYOCMLN,EQ,126212,74072,58.69
20,1332,KOLTEPATIL,EQ,327418,115363,35.23
20,1333,KONSTELEC,SM,23000,18000,78.26
20,1334,KONTOR,ST,38400,32400,84.38
20,1335,KOPRAN,EQ,873615,269636,30.86
20,1336,KORE,SM,3000,2000,66.67
20,1337,KOTAKBANK,EQ,2829227,1593924,56.34
20,1338,KOTARISUG,EQ,132400,65259,49.29
20,1339,KOTHARIPET,EQ,377609,260021,68.86
20,1340,KOTYARK,SM,45900,30200,65.80
20,1341,KPIL,EQ,114915,52717,45.87
20,1342,KPITTECH,EQ,4221806,1764260,41.79
20,1343,KPRMILL,EQ,161533,54103,33.49
20,1344,KRBL,EQ,507241,223569,44.08
20,1345,KRIDHANINF,EQ,55053,35288,64.10
20,1346,KRISHANA,EQ,16876,10271,60.86
20,1347,KRISHCA,SM,66000,57500,87.12
20,1348,KRISHNADEF,ST,28500,25500,89.47
20,1349,KRN,EQ,810397,364354,44.96
20,1350,KRONOX,EQ,171877,73324,42.66
20,1351,KROSS,EQ,454884,236237,51.93
20,1352,KRSNAA,EQ,71336,31045,43.52
20,1353,KRYSTAL,EQ,88018,49531,56.27
20,1354,KSB,EQ,120018,72425,60.35
20,1355,KSCL,EQ,85116,40748,47.87
20,1356,KSHITIJPOL,EQ,4375920,1954943,44.68
20,1357,KSL,EQ,29995,15845,52.83
20,1358,KSOLVES,EQ,52033,27409,52.68
20,1359,KTKBANK,EQ,1628417,912971,56.06
20,1360,KTL,ST,3000,3000,100.00
20,1361,KUANTUM,EQ,68902,34567,50.17
20,1362,LAGNAM,EQ,38777,12303,31.73
20,1363,LAKSHYA,ST,12800,12800,100.00
20,1364,LALPATHLAB,EQ,323785,52308,16.16
20,1365,LAMBODHARA,EQ,24825,13582,54.71
20,1366,LANCORHOL,EQ,129532,60445,46.66
20,1367,LANDMARK,EQ,38125,24529,64.34
20,1368,LAOPALA,EQ,185882,103729,55.80
20,1369,LATENTVIEW,EQ,313913,142959,45.54
20,1370,LAURUSLABS,EQ,19881092,4584517,23.06
20,1371,LAWSIKHO,SM,23000,15500,67.39
20,1372,LAXMICOT,EQ,76657,33618,43.86
20,1373,LEMERITE,ST,62400,56000,89.74
20,1374,LEMONTREE,EQ,2327085,1130781,48.59
20,1375,LEXUS,EQ,39656,10835,27.32
20,1376,LGBBROSLTD,EQ,40840,24607,60.25
20,1377,LIBAS,EQ,63640,37679,59.21
20,1378,LICHSGFIN,EQ,2102682,882074,41.95
20,1379,LICI,EQ,1268810,654278,51.57
20,1380,LICMFGOLD,EQ,1285,986,76.73
20,1381,LICNETFGSC,EQ,48490,28301,58.36
20,1382,LICNETFN50,EQ,2908,2006,68.98
20,1383,LICNETFSEN,EQ,655,112,17.10
20,1384,LICNFNHGP,EQ,780,632,81.03
20,1385,LICNMID100,EQ,18529,15149,81.76
20,1386,LIKHITHA,EQ,68378,37916,55.45
20,1387,LINC,EQ,35919,16991,47.30
20,1388,LINCOLN,EQ,35986,24032,66.78
20,1389,LINDEINDIA,EQ,44310,21787,49.17
20,1390,LIQUID,EQ,71347,37696,52.83
20,1391,LIQUID1,EQ,851290,679856,79.86
20,1392,LIQUIDADD,EQ,613818,343544,55.97
20,1393,LIQUIDBEES,EQ,4020262,3484048,86.66
20,1394,LIQUIDBETF,EQ,60515,30240,49.97
20,1395,LIQUIDCASE,EQ,7170536,6423809,89.59
20,1396,LIQUIDETF,EQ,297162,232325,78.18
20,1397,LIQUIDIETF,EQ,450063,287735,63.93
20,1398,LIQUIDSBI,EQ,23682,23397,98.80
20,1399,LIQUIDSHRI,EQ,4893,4109,83.98
20,1400,LLOYDS,SM,11000,9000,81.82
20,1401,LLOYDSENGG,EQ,4606583,1767019,38.36
20,1402,LLOYDSENT,EQ,1653326,1240585,75.04
20,1403,LLOYDSME,EQ,440521,193018,43.82
20,1404,LMW,EQ,2794,1286,46.03
20,1405,LODHA,EQ,898227,472764,52.63
20,1406,LOKESHMACH,EQ,38684,25151,65.02
20,1407,LORDSCHLO,EQ,15357,4996,32.53
20,1408,LOWVOL,EQ,253,246,97.23
20,1409,LOWVOL1,EQ,101845,96455,94.71
20,1410,LOWVOLIETF,EQ,1485075,1352521,91.07
20,1411,LOYALTEX,EQ,1291,667,51.67
20,1412,LPDC,EQ,80496,52076,64.69
20,1413,LRRPL,ST,6000,6000,100.00
20,1414,LT,EQ,3236774,1828655,56.50
20,1415,LTF,EQ,12615138,4585016,36.35
20,1416,LTFOODS,EQ,2608941,701362,26.88
20,1417,LTGILTBEES,EQ,3805820,3419182,89.84
20,1418,LTIM,EQ,191734,90460,47.18
20,1419,LTTS,EQ,108890,55258,50.75
20,1420,LUMAXIND,EQ,23018,21441,93.15
20,1421,LUMAXTECH,EQ,97398,61319,62.96
20,1422,LUPIN,EQ,1043035,477337,45.76
20,1423,LUXIND,EQ,63814,26550,41.61
20,1424,LXCHEM,EQ,1135473,495161,43.61
20,1425,LYKALABS,EQ,102042,66656,65.32
20,1426,MAANALU,EQ,393047,163605,41.62
20,1427,MACOBSTECH,SM,32000,32000,100.00
20,1428,MADHAV,EQ,8770,6977,79.56
20,1429,MADHAVBAUG,SM,2000,2000,100.00
20,1430,MADHUSUDAN,SM,16000,12000,75.00
20,1431,MADRASFERT,EQ,147048,70919,48.23
20,1432,MAFANG,EQ,713651,582625,81.64
20,1433,MAGADSUGAR,EQ,16782,7445,44.36
20,1434,MAGNUM,EQ,143336,107744,75.17
20,1435,MAGSON,SM,8000,8000,100.00
20,1436,MAHABANK,EQ,17506896,6102480,34.86
20,1437,MAHEPC,EQ,24086,16692,69.30
20,1438,MAHESHWARI,EQ,89953,76418,84.95
20,1439,MAHICKRA,SM,6000,3000,50.00
20,1440,MAHKTECH,EQ,1846535,1070935,58.00
20,1441,MAHLIFE,EQ,180268,97474,54.07
20,1442,MAHLOG,EQ,220051,112499,51.12
20,1443,MAHSCOOTER,EQ,8401,3217,38.29
20,1444,MAHSEAMLES,EQ,444389,291080,65.50
20,1445,MAITHANALL,EQ,53999,31625,58.57
20,1446,MAITREYA,ST,19200,14400,75.00
20,1447,MAKEINDIA,EQ,126176,116567,92.38
20,1448,MAKS,SM,6000,4500,75.00
20,1449,MAL,SM,64000,12800,20.00
20,1450,MALUPAPER,EQ,54312,19543,35.98
20,1451,MANAKALUCO,EQ,32284,24659,76.38
20,1452,MANAKSIA,EQ,107146,53688,50.11
20,1453,MANAKSTEEL,EQ,246926,74575,30.20
20,1454,MANALIPETC,EQ,527055,278105,52.77
20,1455,MANAPPURAM,EQ,8647660,2819034,32.60
20,1456,MANBA,EQ,775300,401836,51.83
20,1457,MANCREDIT,EQ,59042,28828,48.83
20,1458,MANDEEP,SM,6000,6000,100.00
20,1459,MANGALAM,EQ,35726,22756,63.70
20,1460,MANGCHEFER,EQ,252290,184493,73.13
20,1461,MANGLMCEM,EQ,52840,25585,48.42
20,1462,MANINDS,EQ,247278,120770,48.84
20,1463,MANINFRA,EQ,785352,367656,46.81
20,1464,MANKIND,EQ,229545,118603,51.67
20,1465,MANORAMA,EQ,136911,92330,67.44
20,1466,MANUGRAPH,EQ,23127,13418,58.02
20,1467,MANYAVAR,EQ,114847,72313,62.96
20,1468,MAPMYINDIA,EQ,105372,57743,54.80
20,1469,MARALOVER,EQ,51763,29852,57.67
20,1470,MARATHON,EQ,82154,41348,50.33
20,1471,MARCO,SM,30000,21000,70.00
20,1472,MARICO,EQ,1594085,817360,51.27
20,1473,MARINE,EQ,464705,352342,75.82
20,1474,MARINETRAN,SM,16000,16000,100.00
20,1475,MARKSANS,EQ,1684297,574735,34.12
20,1476,MARSHALL,EQ,56957,25875,45.43
20,1477,MARUTI,EQ,624582,355332,56.89
20,1478,MASFIN,EQ,408559,238943,58.48
20,1479,MASON,SM,122000,66000,54.10
20,1480,MASPTOP50,EQ,383629,371169,96.75
20,1481,MASTEK,EQ,136370,65560,48.08
20,1482,MASTER,ST,4000,4000,100.00
20,1483,MATRIMONY,EQ,82101,40401,49.21
20,1484,MAWANASUG,EQ,108409,54713,50.47
20,1485,MAXESTATES,EQ,223991,127518,56.93
20,1486,MAXHEALTH,EQ,1472612,623645,42.35
20,1487,MAXIND,EQ,120713,57528,47.66
20,1488,MAXPOSURE,SM,82000,58000,70.73
20,1489,MAYURUNIQ,EQ,83554,60476,72.38
20,1490,MAZDA,EQ,2143,1072,50.02
20,1491,MAZDOCK,EQ,1996300,377278,18.90
20,1492,MBAPL,EQ,24897,14359,57.67
20,1493,MCL,EQ,52183,36686,70.30
20,1494,MCLEODRUSS,EQ,608003,390690,64.26
20,1495,MCON,SM,24000,17000,70.83
20,1496,MCX,EQ,536368,185454,34.58
20,1497,MDL,SM,2000,2000,100.00
20,1498,MEDANTA,EQ,259278,155104,59.82
20,1499,MEDIASSIST,EQ,240788,120154,49.90
20,1500,MEDICAMEQ,EQ,545395,68600,12.58
20,1501,MEDIORG,ST,20000,20000,100.00
20,1502,MEDPLUS,EQ,199114,108174,54.33
20,1503,MEGAFLEX,ST,6000,6000,100.00
20,1504,MEGASTAR,EQ,22111,12878,58.24
20,1505,MEGATHERM,SM,23200,15600,67.24
20,1506,MENONBE,EQ,38877,23547,60.57
20,1507,METAL,EQ,777166,747012,96.12
20,1508,METALIETF,EQ,4709469,3809086,80.88
20,1509,METROBRAND,EQ,148846,56387,37.88
20,1510,METROPOLIS,EQ,162134,79160,48.82
20,1511,MFSL,EQ,1950590,1371688,70.32
20,1512,MGEL,EQ,265061,175519,66.22
20,1513,MGL,EQ,793535,226545,28.55
20,1514,MHHL,SM,166500,159000,95.50
20,1515,MHLXMIRU,EQ,14831,8541,57.59
20,1516,MHRIL,EQ,334585,63683,19.03
20,1517,MICEL,EQ,667088,387960,58.16
20,1518,MICROPRO,SM,8000,8000,100.00
20,1519,MID150BEES,EQ,1194354,907777,76.01
20,1520,MID150CASE,EQ,649911,580531,89.32
20,1521,MIDCAP,EQ,74352,48701,65.50
20,1522,MIDCAPETF,EQ,6302501,3914401,62.11
20,1523,MIDCAPIETF,EQ,775049,568248,73.32
20,1524,MIDHANI,EQ,585479,293693,50.16
20,1525,MIDQ50ADD,EQ,3126,3087,98.75
20,1526,MIDSELIETF,EQ,410900,274947,66.91
20,1527,MIDSMALL,EQ,2466424,1819169,73.76
20,1528,MIEL,ST,26000,24000,92.31
20,1529,MILTON,SM,4400,4400,100.00
20,1530,MINDACORP,EQ,459898,224875,48.90
20,1531,MINDSPACE,RR,177971,145048,81.50
20,1532,MIRZAINT,EQ,188139,111319,59.17
20,1533,MITCON,EQ,36660,16208,44.21
20,1534,MITCONPP,E1,82,51,62.20
20,1535,MITTAL,EQ,1712961,1234263,72.05
20,1536,M&M,EQ,4532596,2590414,57.15
20,1537,M&MFIN,EQ,3770241,2061048,54.67
20,1538,MMFL,EQ,37714,23061,61.15
20,1539,MMTC,EQ,1986150,542867,27.33
20,1540,MNC,EQ,169537,111133,65.55
20,1541,MODEFENCE,EQ,1091761,919594,84.23
20,1542,MOGSEC,EQ,479,353,73.70
20,1543,MOHEALTH,EQ,169371,159381,94.10
20,1544,MOHITIND,EQ,30595,15596,50.98
20,1545,MOIL,EQ,1258620,401626,31.91
20,1546,MOL,EQ,2664816,1186155,44.51
20,1547,MOLDTECH,EQ,49854,29462,59.10
20,1548,MOLDTKPAC,EQ,72841,56622,77.73
20,1549,MOLOWVOL,EQ,9799,5920,60.41
20,1550,MOM100,EQ,1874078,1361409,72.64
20,1551,MOM30IETF,EQ,2103503,1811181,86.10
20,1552,MOM50,EQ,11081,9989,90.15
20,1553,MOMENTUM,EQ,501716,341190,68.00
20,1554,MOMENTUM50,EQ,723491,661055,91.37
20,1555,MOMOMENTUM,EQ,488135,396261,81.18
20,1556,MON100,EQ,577948,405001,70.08
20,1557,MONARCH,EQ,83469,39645,47.50
20,1558,MONIFTY500,EQ,673478,581412,86.33
20,1559,MONOPHARMA,SM,8000,6000,75.00
20,1560,MONQ50,EQ,74285,51956,69.94
20,1561,MONTECARLO,EQ,33439,14062,42.05
20,1562,MOQUALITY,EQ,13900,10607,76.31
20,1563,MOREALTY,EQ,217641,178683,82.10
20,1564,MOREPENLAB,EQ,10669706,2963499,27.77
20,1565,MOS,ST,255200,248800,97.49
20,1566,MOSMALL250,EQ,4114865,3429950,83.36
20,1567,MOTHERSON,EQ,12704844,5932593,46.70
20,1568,MOTILALOFS,EQ,2697556,938547,34.79
20,1569,MOTOGENFIN,EQ,10161,6721,66.15
20,1570,MOVALUE,EQ,325708,243857,74.87
20,1571,MOXSH,SM,3200,3200,100.00
20,1572,MPHASIS,EQ,371508,130441,35.11
20,1573,MPSLTD,EQ,15448,7644,49.48
20,1574,MRF,EQ,6300,1947,30.90
20,1575,MRO-TEK,EQ,40091,19777,49.33
20,1576,MRPL,EQ,2639413,757379,28.69
20,1577,MSTCLTD,EQ,253646,67832,26.74
20,1578,MSUMI,EQ,4316475,1882386,43.61
20,1579,MTARTECH,EQ,135139,61274,45.34
20,1580,MTNL,EQ,3426507,1277246,37.28
20,1581,MUFIN,EQ,61282,24174,39.45
20,1582,MUFTI,EQ,317262,156624,49.37
20,1583,MUKANDLTD,EQ,116679,63894,54.76
20,1584,MUKKA,EQ,1450031,573529,39.55
20,1585,MULTICAP,EQ,687613,627353,91.24
20,1586,MUNJALAU,EQ,389769,136541,35.03
20,1587,MUNJALSHOW,EQ,59619,29845,50.06
20,1588,MURUDCERA,EQ,52244,31547,60.38
20,1589,MUTHOOTCAP,EQ,63205,29900,47.31
20,1590,MUTHOOTFIN,EQ,452701,263355,58.17
20,1591,MUTHOOTMF,EQ,203735,122796,60.27
20,1592,MVGJL,EQ,247388,75949,30.70
20,1593,MVKAGRO,SM,14400,10800,75.00
20,1594,MWL,SM,28800,20400,70.83
20,1595,MYMUDRA,SM,13200,10800,81.82
20,1596,NACLIND,EQ,391080,161257,41.23
20,1597,NAGAFERT,EQ,1149598,655581,57.03
20,1598,NAGREEKCAP,EQ,8288,4411,53.22
20,1599,NAHARCAP,EQ,19742,8937,45.27
20,1600,NAHARINDUS,EQ,42293,26549,62.77
20,1601,NAHARSPING,EQ,23337,13446,57.62
20,1602,NAMAN,ST,17600,17600,100.00
20,1603,NAM-INDIA,EQ,4598214,1318709,28.68
20,1604,NAMOEWASTE,SM,158400,105600,66.67
20,1605,NARMADA,EQ,1849005,1550725,83.87
20,1606,NATCOPHARM,EQ,510970,255150,49.93
20,1607,NATHBIOGEN,EQ,76786,64431,83.91
20,1608,NATIONALUM,EQ,27911705,7133402,25.56
20,1609,NAUKRI,EQ,367115,226272,61.64
20,1610,NAVA,EQ,262613,132403,50.42
20,1611,NAVINFLUOR,EQ,234141,97529,41.65
20,1612,NAVINIFTY,EQ,89,89,100.00
20,1613,NAVKARCORP,EQ,1193107,545457,45.72
20,1614,NAVNETEDUL,EQ,198373,95278,48.03
20,1615,NAZARA,EQ,402771,172104,42.73
20,1616,NBCC,EQ,12734279,5556170,43.63
20,1617,NBIFIN,EQ,270,207,76.67
20,1618,NCC,EQ,3456637,1585057,45.86
20,1619,NCLIND,EQ,116238,73586,63.31
20,1620,NDLVENTURE,EQ,47769,24277,50.82
20,1621,NDRAUTO,EQ,23295,13544,58.14
20,1622,NDTV,EQ,184195,104329,56.64
20,1623,NELCAST,EQ,114025,60785,53.31
20,1624,NELCO,EQ,99151,43821,44.20
20,1625,NEOGEN,EQ,50051,27071,54.09
20,1626,NEPHROCARE,ST,11200,11200,100.00
20,1627,NESCO,EQ,70136,33480,47.74
20,1628,NESTLEIND,EQ,1341509,932658,69.52
20,1629,NETF,EQ,26155,24931,95.32
20,1630,NETWEB,EQ,142523,63410,44.49
20,1631,NETWORK18,EQ,1923746,545097,28.34
20,1632,NEULANDLAB,EQ,35638,24546,68.88
20,1633,NEWGEN,EQ,196591,79898,40.64
20,1634,NEWJAISA,SM,52500,42000,80.00
20,1635,NEXT50,EQ,33403,26697,79.92
20,1636,NEXT50IETF,EQ,1021320,759208,74.34
20,1637,NFL,EQ,2147930,631638,29.41
20,1638,NGIL,EQ,48323,13102,27.11
20,1639,NGLFINE,EQ,1728,918,53.13
20,1640,NH,EQ,194209,117521,60.51
20,1641,NHPC,EQ,31980972,11235271,35.13
20,1642,NIACL,EQ,896127,353402,39.44
20,1643,NIBL,EQ,377291,243352,64.50
20,1644,NIDAN,SM,15000,13000,86.67
20,1645,NIF100BEES,EQ,101358,86532,85.37
20,1646,NIF100IETF,EQ,164465,128318,78.02
20,1647,NIF10GETF,EQ,1045,594,56.84
20,1648,NIF5GETF,EQ,476,294,61.76
20,1649,NIFITETF,EQ,1770,943,53.28
20,1650,NIFMID150,EQ,5244,5001,95.37
20,1651,NIFTY1,EQ,356710,297746,83.47
20,1652,NIFTY50ADD,EQ,24346,21082,86.59
20,1653,NIFTYBEES,EQ,7731361,5981826,77.37
20,1654,NIFTYBETF,EQ,8019,5841,72.84
20,1655,NIFTYETF,EQ,2645792,2611434,98.70
20,1656,NIFTYIETF,EQ,4461886,4184365,93.78
20,1657,NIFTYQLITY,EQ,59043,35713,60.49
20,1658,NIITLTD,EQ,1863987,412856,22.15
20,1659,NIITMTS,EQ,127363,58732,46.11
20,1660,NILAINFRA,EQ,700711,354039,50.53
20,1661,NILKAMAL,EQ,5437,4460,82.03
20,1662,NINSYS,EQ,22391,10345,46.20
20,1663,NIPPOBATRY,EQ,6829,3398,49.76
20,1664,NIRMAN,ST,28800,25800,89.58
20,1665,NITINSPIN,EQ,51726,23939,46.28
20,1666,NITIRAJ,EQ,13494,6243,46.27
20,1667,NKIND,EQ,223,102,45.74
20,1668,NLCINDIA,EQ,2880298,1081485,37.55
20,1669,NMDC,EQ,17076134,7845259,45.94
20,1670,NOCIL,EQ,433493,199533,46.03
20,1671,NORTHARC,EQ,581309,279755,48.13
20,1672,NPBET,EQ,6059,5147,84.95
20,1673,NPST,SM,25800,15100,58.53
20,1674,NRAIL,EQ,27742,18751,67.59
20,1675,NRBBEARING,EQ,221387,127488,57.59
20,1676,NSIL,EQ,56361,27099,48.08
20,1677,NSLNISP,EQ,4886791,1907762,39.04
20,1678,NTPC,EQ,19642277,7628972,38.84
20,1679,NUCLEUS,EQ,21879,13396,61.23
20,1680,NURECA,EQ,35970,19141,53.21
20,1681,NUVAMA,EQ,190603,86794,45.54
20,1682,NUVOCO,EQ,193237,79130,40.95
20,1683,NV20,EQ,20161,11048,54.80
20,1684,NV20BEES,EQ,132340,126682,95.72
20,1685,NV20IETF,EQ,1069142,730296,68.31
20,1686,NXST,RR,2311570,2256791,97.63
20,1687,NYKAA,EQ,4789874,2608739,54.46
20,1688,OAL,EQ,148390,59630,40.18
20,1689,OBCL,EQ,37096,26542,71.55
20,1690,OBEROIRLTY,EQ,548279,188236,34.33
20,1691,OCCL,EQ,22675,11143,49.14
20,1692,OFSS,EQ,432097,144356,33.41
20,1693,OIL,EQ,3417307,1615140,47.26
20,1694,OILIETF,EQ,2055875,1829010,88.97
20,1695,OLAELEC,EQ,22420692,7360585,32.83
20,1696,OLECTRA,EQ,1031461,297866,28.88
20,1697,OLIL,SM,19200,16800,87.50
20,1698,OMAXAUTO,EQ,32349,18936,58.54
20,1699,OMAXE,EQ,304512,255107,83.78
20,1700,OMFURN,SM,14400,14400,100.00
20,1701,OMINFRAL,EQ,140289,106170,75.68
20,1702,ONDOOR,SM,4800,3000,62.50
20,1703,ONEPOINT,EQ,729142,328944,45.11
20,1704,ONGC,EQ,12961181,6779140,52.30
20,1705,ONMOBILE,EQ,690303,212870,30.84
20,1706,ONWARDTEC,EQ,77008,34639,44.98
20,1707,ORBTEXP,EQ,50815,25959,51.09
20,1708,ORCHPHARMA,EQ,67097,31467,46.90
20,1709,ORIANA,SM,82200,41700,50.73
20,1710,ORICONENT,EQ,287720,147850,51.39
20,1711,ORIENTBELL,EQ,18010,10783,59.87
20,1712,ORIENTCEM,EQ,3348851,2062844,61.60
20,1713,ORIENTCER,EQ,92403,50686,54.85
20,1714,ORIENTELEC,EQ,360176,87978,24.43
20,1715,ORIENTHOT,EQ,661831,410765,62.06
20,1716,ORIENTLTD,EQ,49575,15807,31.89
20,1717,ORIENTPPR,EQ,1495505,730165,48.82
20,1718,ORIENTTECH,EQ,166089,82063,49.41
20,1719,ORISSAMINE,EQ,18960,7331,38.67
20,1720,ORTINGLOBE,EQ,46753,28880,61.77
20,1721,OSELDEVICE,SM,86400,51200,59.26
20,1722,OSWALGREEN,EQ,860351,279785,32.52
20,1723,OWAIS,SM,16000,9600,60.00
20,1724,PAGEIND,EQ,17424,6938,39.82
20,1725,PAISALO,EQ,6397583,2922700,45.68
20,1726,PAKKA,EQ,100439,59125,58.87
20,1727,PALASHSECU,EQ,25740,9701,37.69
20,1728,PANAMAPET,EQ,63683,35629,55.95
20,1729,PAR,EQ,236339,90837,38.44
20,1730,PARACABLES,EQ,1498202,718267,47.94
20,1731,PARADEEP,EQ,2988998,1043226,34.90
20,1732,PARAGMILK,EQ,1266857,363144,28.66
20,1733,PARAGON,SM,18000,15600,86.67
20,1734,PARAMATRIX,SM,8400,8400,100.00
20,1735,PARAMOUNT,SM,7200,4800,66.67
20,1736,PARAS,EQ,120035,80380,66.96
20,1737,PARIN,ST,2000,2000,100.00
20,1738,PARKHOTELS,EQ,143960,95330,66.22
20,1739,PARTYCRUS,SM,10000,9000,90.00
20,1740,PASHUPATI,ST,2400,2400,100.00
20,1741,PATANJALI,EQ,708872,383434,54.09
20,1742,PATELENG,EQ,6669995,3158081,47.35
20,1743,PATINTLOG,EQ,338928,156140,46.07
20,1744,PATTECH,ST,1500,1500,100.00
20,1745,PAYTM,EQ,18746220,3455013,18.43
20,1746,PCBL,EQ,2095568,940708,44.89
20,1747,PCCL,SM,82400,74400,90.29
20,1748,PDMJEPAPER,EQ,291385,159102,54.60
20,1749,PDSL,EQ,51392,26390,51.35
20,1750,PEARLPOLY,EQ,35531,20100,56.57
20,1751,PEL,EQ,2175771,1264773,58.13
20,1752,PELATRO,SM,123000,108000,87.80
20,1753,PENIND,EQ,1666044,500990,30.07
20,1754,PENINLAND,EQ,611799,330581,54.03
20,1755,PENTAGON,SM,4000,4000,100.00
20,1756,PERSISTENT,EQ,518325,176976,34.14
20,1757,PETRONET,EQ,4261478,1288526,30.24
20,1758,PFC,EQ,8904455,2868481,32.21
20,1759,PFIZER,EQ,24382,12865,52.76
20,1760,PFOCUS,EQ,62289,30039,48.23
20,1761,PFS,EQ,937284,418850,44.69
20,1762,PGEL,EQ,1219256,621875,51.00
20,1763,PGHH,EQ,7792,2937,37.69
20,1764,PGHL,EQ,6655,3256,48.93
20,1765,PGIL,EQ,31727,16412,51.73
20,1766,PGINVIT,IV,746376,618255,82.83
20,1767,PHANTOMFX,SM,48900,35100,71.78
20,1768,PHARMABEES,EQ,2616234,1699952,64.98
20,1769,PHOENIXLTD,EQ,828963,509971,61.52
20,1770,PHOGLOBAL,ST,46000,46000,100.00
20,1771,PIDILITIND,EQ,480075,164330,34.23
20,1772,PIIND,EQ,74395,35605,47.86
20,1773,PILANIINVS,EQ,19940,8686,43.56
20,1774,PILITA,EQ,628122,374331,59.60
20,1775,PIONEEREMB,EQ,8334,5373,64.47
20,1776,PITTIENG,EQ,61846,24588,39.76
20,1777,PIXTRANS,EQ,63687,26694,41.91
20,1778,PKTEA,EQ,546,382,69.96
20,1779,PLADAINFO,SM,39000,24000,61.54
20,1780,PLATIND,EQ,2049503,672121,32.79
20,1781,PLAZACABLE,EQ,90093,41111,45.63
20,1782,PNB,EQ,39756124,12281783,30.89
20,1783,PNBGILTS,EQ,1186107,370656,31.25
20,1784,PNBHOUSING,EQ,8267621,1579995,19.11
20,1785,PNC,EQ,88143,35079,39.80
20,1786,PNCINFRA,EQ,1041173,337459,32.41
20,1787,PNGJL,EQ,320208,156996,49.03
20,1788,POCL,EQ,123516,78236,63.34
20,1789,PODDARMENT,EQ,12932,8831,68.29
20,1790,POKARNA,EQ,197967,154940,78.27
20,1791,POLICYBZR,EQ,756828,585142,77.32
20,1792,POLYCAB,EQ,324913,163632,50.36
20,1793,POLYMED,EQ,159551,65909,41.31
20,1794,POLYPLEX,EQ,174015,82377,47.34
20,1795,PONNIERODE,EQ,37187,21931,58.97
20,1796,POONAWALLA,EQ,12657285,3827694,30.24
20,1797,POSITRON,SM,42600,25800,60.56
20,1798,POWERGRID,EQ,12979410,8256256,63.61
20,1799,POWERINDIA,EQ,53113,24118,45.41
20,1800,POWERMECH,EQ,92938,42680,45.92
20,1801,PPAP,EQ,13476,8193,60.80
20,1802,PPL,EQ,98107,40934,41.72
20,1803,PPLPHARMA,EQ,19515319,3970017,20.34
20,1804,PPSL,SM,30000,12000,40.00
20,1805,PRAJIND,EQ,562136,267679,47.62
20,1806,PRAKASH,EQ,1136040,684035,60.21
20,1807,PRAKASHSTL,EQ,555317,341773,61.55
20,1808,PRAMARA,SM,6000,4000,66.67
20,1809,PRANIK,ST,78400,75200,95.92
20,1810,PRATHAM,ST,9600,8000,83.33
20,1811,PRECAM,EQ,422855,167400,39.59
20,1812,PRECISION,SM,6000,2000,33.33
20,1813,PRECOT,EQ,2776,2061,74.24
20,1814,PRECWIRE,EQ,694418,234719,33.80
20,1815,PREMEXPLN,EQ,204119,162371,79.55
20,1816,PREMIERENE,EQ,2223957,847058,38.09
20,1817,PRESSTONIC,SM,16000,12800,80.00
20,1818,PRESTIGE,EQ,296904,114839,38.68
20,1819,PRICOLLTD,EQ,243647,145215,59.60
20,1820,PRIMESECU,EQ,164081,92882,56.61
20,1821,PRINCEPIPE,EQ,151502,87181,57.54
20,1822,PRITI,EQ,38780,23029,59.38
20,1823,PRITIKA,ST,24000,14000,58.33
20,1824,PRITIKAUTO,EQ,405586,160200,39.50
20,1825,PRIVISCL,EQ,129234,57466,44.47
20,1826,PRIZOR,ST,44800,38400,85.71
20,1827,PRLIND,SM,96000,52000,54.17
20,1828,PROLIFE,SM,2000,2000,100.00
20,1829,PROPEQUITY,SM,600,600,100.00
20,1830,PROV,SM,800,800,100.00
20,1831,PROZONER,EQ,448473,227586,50.75
20,1832,PRSMJOHNSN,EQ,1050552,428194,40.76
20,1833,PRUDENT,EQ,23336,10696,45.83
20,1834,PSB,EQ,1247080,395944,31.75
20,1835,PSFL,SM,46000,28000,60.87
20,1836,PSPPROJECT,EQ,702966,258688,36.80
20,1837,PSUBANK,EQ,11624,6393,55.00
20,1838,PSUBANKADD,EQ,42970,23989,55.83
20,1839,PSUBNKBEES,EQ,2156066,1429813,66.32
20,1840,PSUBNKIETF,EQ,184857,109898,59.45
20,1841,PTC,EQ,1318997,602385,45.67
20,1842,PTCIL,EQ,21003,15211,72.42
20,1843,PTL,EQ,73807,49189,66.65
20,1844,PULZ,ST,10000,10000,100.00
20,1845,PUNJABCHEM,EQ,11409,7724,67.70
20,1846,PURVA,EQ,42912,27582,64.28
20,1847,PURVFLEXI,SM,30400,16000,52.63
20,1848,PVRINOX,EQ,329277,113722,34.54
20,1849,PVSL,EQ,108769,72340,66.51
20,1850,PVTBANIETF,EQ,3307169,2804156,84.79
20,1851,PVTBANKADD,EQ,6023303,5950909,98.80
20,1852,PYRAMID,EQ,216903,95124,43.86
20,1853,QFIL,SM,11000,10000,90.91
20,1854,QGOLDHALF,EQ,124486,109057,87.61
20,1855,QMSMEDI,SM,13000,12000,92.31
20,1856,QNIFTY,EQ,1123,867,77.20
20,1857,QUADPRO,SM,24000,24000,100.00
20,1858,QUAL30IETF,EQ,1068746,1026754,96.07
20,1859,QUESS,EQ,198022,86800,43.83
20,1860,QUESTLAB,SM,8400,8400,100.00
20,1861,QUICKHEAL,EQ,227415,60622,26.66
20,1862,QUICKTOUCH,SM,20000,15000,75.00
20,1863,QVCEL,ST,25600,22400,87.50
20,1864,RACE,EQ,35496,8033,22.63
20,1865,RADIANTCMS,EQ,291899,167953,57.54
20,1866,RADICO,EQ,3052806,355654,11.65
20,1867,RADIOCITY,EQ,845971,392918,46.45
20,1868,RADIOCITY,P1,4609,4606,99.93
20,1869,RADIOWALLA,SM,16000,16000,100.00
20,1870,RAILTEL,EQ,2583414,704967,27.29
20,1871,RAIN,EQ,2352519,986217,41.92
20,1872,RAINBOW,EQ,114820,40612,35.37
20,1873,RAJESHEXPO,EQ,820325,295518,36.02
20,1874,RAJINDLTD,SM,30000,27000,90.00
20,1875,RAJMET,EQ,772100,400961,51.93
20,1876,RAJRATAN,EQ,36071,20050,55.58
20,1877,RAJSREESUG,EQ,95359,50229,52.67
20,1878,RALLIS,EQ,957326,395699,41.33
20,1879,RAMANEWS,EQ,49865,33410,67.00
20,1880,RAMAPHO,EQ,11110,8088,72.80
20,1881,RAMASTEEL,EQ,22046646,7242983,32.85
20,1882,RAMCOCEM,EQ,410967,185050,45.03
20,1883,RAMCOIND,EQ,219715,123742,56.32
20,1884,RAMCOSYS,EQ,53254,36809,69.12
20,1885,RAMKY,EQ,94721,57258,60.45
20,1886,RAMRAT,EQ,107876,68585,63.58
20,1887,RANASUG,EQ,378566,192619,50.88
20,1888,RANEHOLDIN,EQ,28777,15162,52.69
20,1889,RAPPID,SM,15000,13200,88.00
20,1890,RATEGAIN,EQ,126156,60042,47.59
20,1891,RATNAMANI,EQ,24259,13508,55.68
20,1892,RAYMOND,EQ,146652,59109,40.31
20,1893,RAYMONDLSL,EQ,84912,39206,46.17
20,1894,RBA,EQ,1013939,548838,54.13
20,1895,RBLBANK,EQ,8565356,3277978,38.27
20,1896,RBMINFRA,ST,24000,20800,86.67
20,1897,RBS,SM,156800,107200,68.37
20,1898,RCDL,SM,36000,24000,66.67
20,1899,RCF,EQ,2426670,810147,33.39
20,1900,RECLTD,EQ,8410014,2778021,33.03
20,1901,REDINGTON,EQ,1221689,657887,53.85
20,1902,REDTAPE,EQ,169487,78937,46.57
20,1903,RELAXO,EQ,69798,35996,51.57
20,1904,RELCHEMQ,EQ,5169,2999,58.02
20,1905,RELIANCE,EQ,9298748,5955260,64.04
20,1906,RELIGARE,EQ,2207849,1266833,57.38
20,1907,REMSONSIND,EQ,79982,45840,57.31
20,1908,REMUS,SM,4500,3200,71.11
20,1909,RENUKA,EQ,13147736,3885964,29.56
20,1910,REPCOHOME,EQ,177364,102152,57.59
20,1911,REPL,EQ,14879,7951,53.44
20,1912,REPRO,EQ,46479,31633,68.06
20,1913,RESPONIND,EQ,156132,21898,14.03
20,1914,REVATHIEQU,EQ,4591,3203,69.77
20,1915,REXPIPES,SM,14000,14000,100.00
20,1916,RGL,EQ,868037,330165,38.04
20,1917,RHIM,EQ,123779,56591,45.72
20,1918,RHL,EQ,11929,3728,31.25
20,1919,RICOAUTO,EQ,661004,297887,45.07
20,1920,RIIL,EQ,222836,68801,30.88
20,1921,RILINFRA,ST,16600,15600,93.98
20,1922,RISHABH,EQ,51683,29563,57.20
20,1923,RITCO,EQ,130372,58677,45.01
20,1924,RITES,EQ,1826765,675630,36.99
20,1925,RITEZONE,SM,30400,16000,52.63
20,1926,RKEC,EQ,90670,58276,64.27
20,1927,RKFORGE,EQ,437248,145683,33.32
20,1928,RKSWAMY,EQ,68632,39942,58.20
20,1929,RMDRIP,ST,40000,33000,82.50
20,1930,RML,EQ,66646,25572,38.37
20,1931,RNFI,SM,140400,117600,83.76
20,1932,ROCKINGDCE,SM,10750,3250,30.23
20,1933,ROHLTD,EQ,135841,32154,23.67
20,1934,ROLEXRINGS,EQ,12295,6869,55.87
20,1935,ROML,EQ,108768,29173,26.82
20,1936,ROSSARI,EQ,101609,47540,46.79
20,1937,ROTO,EQ,73911,40719,55.09
20,1938,ROUTE,EQ,94976,50463,53.13
20,1939,ROXHITECH,SM,99200,62400,62.90
20,1940,RPEL,EQ,22697,11801,51.99
20,1941,RPGLIFE,EQ,39262,23141,58.94
20,1942,RPPL,EQ,223173,147705,66.18
20,1943,RPSGVENT,EQ,78504,43628,55.57
20,1944,RPTECH,EQ,256277,161679,63.09
20,1945,RRKABEL,EQ,491303,275008,55.98
20,1946,RSWM,EQ,50218,29097,57.94
20,1947,RSYSTEMS,EQ,216578,132937,61.38
20,1948,RTNINDIA,EQ,5333291,2285653,42.86
20,1949,RTNPOWER,EQ,24635058,12220855,49.61
20,1950,RUBFILA,EQ,52576,34384,65.40
20,1951,RUBYMILLS,EQ,34395,18555,53.95
20,1952,RUCHIRA,EQ,15772,9206,58.37
20,1953,RULKA,SM,11400,5400,47.37
20,1954,RUPA,EQ,178007,76037,42.72
20,1955,RUSHIL,EQ,459711,294918,64.15
20,1956,RUSTOMJEE,EQ,30520,15962,52.30
20,1957,RVHL,EQ,46439,18274,39.35
20,1958,RVNL,EQ,5291153,1958105,37.01
20,1959,SAAKSHI,SM,18000,15600,86.67
20,1960,SABAR,SM,50000,30000,60.00
20,1961,SADBHAV,EQ,2029508,1415294,69.74
20,1962,SADBHIN,EQ,168672,121868,72.25
20,1963,SADHAV,SM,21600,19200,88.89
20,1964,SADHNANIQ,EQ,404825,206719,51.06
20,1965,SAFARI,EQ,46874,24370,51.99
20,1966,SAGARDEEP,EQ,6875,2324,33.80
20,1967,SAGCEM,EQ,102431,54274,52.99
20,1968,SAH,EQ,192674,88350,45.85
20,1969,SAHAJ,SM,4000,4000,100.00
20,1970,SAHAJSOLAR,ST,138400,132800,95.95
20,1971,SAHANA,SM,15000,11000,73.33
20,1972,SAHASRA,SM,291600,175600,60.22
20,1973,SAHYADRI,EQ,7851,5554,70.74
20,1974,SAIFL,SM,17600,14400,81.82
20,1975,SAIL,EQ,30812614,9976547,32.38
20,1976,SAJHOTELS,SM,18000,14000,77.78
20,1977,SAKAR,EQ,79203,59688,75.36
20,1978,SAKHTISUG,EQ,622123,263922,42.42
20,1979,SAKSOFT,EQ,243714,102842,42.20
20,1980,SALASAR,EQ,8607686,3522753,40.93
20,1981,SALONA,EQ,150208,23288,15.50
20,1982,SALSTEEL,EQ,133981,89077,66.48
20,1983,SALZERELEC,EQ,120735,63050,52.22
20,1984,SAMBHAAV,EQ,168759,84111,49.84
20,1985,SAMHI,EQ,1153733,594572,51.53
20,1986,SAMMAANCAP,EQ,4942431,1905253,38.55
20,1987,SAMPANN,EQ,122599,55809,45.52
20,1988,SANDESH,EQ,2574,1426,55.40
20,1989,SANDHAR,EQ,93123,43188,46.38
20,1990,SANDUMA,EQ,96387,51520,53.45
20,1991,SANGAMIND,EQ,17997,7486,41.60
20,1992,SANGANI,ST,27000,24000,88.89
20,1993,SANGHIIND,EQ,337211,174494,51.75
20,1994,SANGHVIMOV,EQ,330837,119827,36.22
20,1995,SANGINITA,EQ,54131,31309,57.84
20,1996,SANOFI,EQ,8377,3823,45.64
20,1997,SANOFICONR,EQ,12574,7184,57.13
20,1998,SANSERA,EQ,126621,59466,46.96
20,1999,SANSTAR,EQ,1025475,356640,34.78
20,2000,SAPPHIRE,EQ,379515,212443,55.98
20,2001,SARDAEN,EQ,581339,265228,45.62
20,2002,SAREGAMA,EQ,778468,333209,42.80
20,2003,SARTELE,SM,190000,95500,50.26
20,2004,SARVESHWAR,EQ,3945923,2167481,54.93
20,2005,SASKEN,EQ,19788,11931,60.29
20,2006,SASTASUNDR,EQ,49266,28900,58.66
20,2007,SATECH,ST,44000,38000,86.36
20,2008,SATIA,EQ,256530,168451,65.67
20,2009,SATIN,EQ,437590,241101,55.10
20,2010,SATINDLTD,EQ,961750,446388,46.41
20,2011,SATIPOLY,SM,10000,10000,100.00
20,2012,SAURASHCEM,EQ,544388,260858,47.92
20,2013,SBC,EQ,2161497,961782,44.50
20,2014,SBCL,EQ,154844,80030,51.68
20,2015,SBFC,EQ,2453234,1000229,40.77
20,2016,SBGLP,EQ,626549,297276,47.45
20,2017,SBICARD,EQ,4472250,2855815,63.86
20,2018,SBIETFCON,EQ,12033,8293,68.92
20,2019,SBIETFIT,EQ,10706,6869,64.16
20,2020,SBIETFPB,EQ,12571,7410,58.95
20,2021,SBIETFQLTY,EQ,9418,6291,66.80
20,2022,SBILIFE,EQ,1639581,1127746,68.78
20,2023,SBIN,EQ,9717125,2942126,30.28
20,2024,SBINEQWETF,EQ,49200,45968,93.43
20,2025,SBISILVER,EQ,335408,182974,54.55
20,2026,SCHAEFFLER,EQ,116568,71818,61.61
20,2027,SCHAND,EQ,88204,51812,58.74
20,2028,SCHNEIDER,EQ,248979,112346,45.12
20,2029,SCI,EQ,2568773,1019125,39.67
20,2030,SCILAL,EQ,882543,517103,58.59
20,2031,SCL25,Y6,1,1,100.00
20,2032,SCLZC25B,AT,10,10,100.00
20,2033,SCLZC25D,NJ,10,10,100.00
20,2034,SCML,SM,2000,2000,100.00
20,2035,SDBL,EQ,1411242,917508,65.01
20,2036,SDL26BEES,EQ,3589,3131,87.24
20,2037,SDREAMS,SM,72000,57000,79.17
20,2038,SEAMECLTD,EQ,37282,29269,78.51
20,2039,SECMARK,EQ,6643,2892,43.53
20,2040,SECURKLOUD,EQ,31787,10415,32.76
20,2041,SELAN,EQ,39054,27997,71.69
20,2042,SENCO,EQ,380690,204107,53.62
20,2043,SENSEXADD,EQ,2474,2474,100.00
20,2044,SENSEXETF,EQ,20557,14011,68.16
20,2045,SENSEXIETF,EQ,8794,6490,73.80
20,2046,SEPC,EQ,15061649,5982883,39.72
20,2047,SERVICE,SM,26000,16000,61.54
20,2048,SERVOTECH,EQ,1190282,589225,49.50
20,2049,SESHAPAPER,EQ,18838,12038,63.90
20,2050,SETCO,EQ,169005,91735,54.28
20,2051,SETF10GILT,EQ,18157,13017,71.69
20,2052,SETFGOLD,EQ,2985783,2319507,77.69
20,2053,SETFNIF50,EQ,1138220,931215,81.81
20,2054,SETFNIFBK,EQ,415001,355165,85.58
20,2055,SETFNN50,EQ,114108,66647,58.41
20,2056,SFL,EQ,101370,62271,61.43
20,2057,SFLZC26A,ZC,100,100,100.00
20,2058,SGBAPR28I,GB,256,200,78.13
20,2059,SGBAUG27,GB,171,119,69.59
20,2060,SGBAUG28V,GB,1268,1170,92.27
20,2061,SGBAUG29V,GB,197,177,89.85
20,2062,SGBAUG30,GB,191,168,87.96
20,2063,SGBD29VIII,GB,56,53,94.64
20,2064,SGBDC27VII,GB,7,6,85.71
20,2065,SGBDE30III,GB,240,156,65.00
20,2066,SGBDE31III,GB,1700,1234,72.59
20,2067,SGBFEB27,GB,1,1,100.00
20,2068,SGBFEB28IX,GB,31,3,9.68
20,2069,SGBFEB29XI,GB,119,117,98.32
20,2070,SGBFEB32IV,GB,2566,2080,81.06
20,2071,SGBJ28VIII,GB,16,11,68.75
20,2072,SGBJAN26,GB,27,27,100.00
20,2073,SGBJAN27,GB,55,55,100.00
20,2074,SGBJAN29IX,GB,289,230,79.58
20,2075,SGBJAN29X,GB,42,42,100.00
20,2076,SGBJAN30IX,GB,55,34,61.82
20,2077,SGBJU29III,GB,225,200,88.89
20,2078,SGBJUL25,GB,35,30,85.71
20,2079,SGBJUL27,GB,31,20,64.52
20,2080,SGBJUL28IV,GB,42,41,97.62
20,2081,SGBJUL29IV,GB,206,205,99.51
20,2082,SGBJUN27,GB,4,4,100.00
20,2083,SGBJUN28,GB,255,203,79.61
20,2084,SGBJUN29II,GB,198,198,100.00
20,2085,SGBJUN30,GB,84,67,79.76
20,2086,SGBJUN31I,GB,621,489,78.74
20,2087,SGBMAR25,GB,92,76,82.61
20,2088,SGBMAR28X,GB,23,23,100.00
20,2089,SGBMAR30X,GB,204,113,55.39
20,2090,SGBMAR31IV,GB,107,92,85.98
20,2091,SGBMAY25,GB,90,70,77.78
20,2092,SGBMAY26,GB,17,15,88.24
20,2093,SGBMAY28,GB,202,159,78.71
20,2094,SGBMAY29I,GB,756,638,84.39
20,2095,SGBMR29XII,GB,808,593,73.39
20,2096,SGBN28VIII,GB,192,141,73.44
20,2097,SGBNOV24,GB,213,144,67.61
20,2098,SGBNOV26,GB,207,196,94.69
20,2099,SGBNV29VII,GB,62,51,82.26
20,2100,SGBOC28VII,GB,259,244,94.21
20,2101,SGBOCT25,GB,11,11,100.00
20,2102,SGBOCT25IV,GB,39,39,100.00
20,2103,SGBOCT26,GB,48,24,50.00
20,2104,SGBOCT27VI,GB,28,28,100.00
20,2105,SGBSEP27,GB,40,40,100.00
20,2106,SGBSEP28VI,GB,227,202,88.99
20,2107,SGBSEP29VI,GB,190,167,87.89
20,2108,SGBSEP31II,GB,1912,1519,79.45
20,2109,SGIL,EQ,37871,23173,61.19
20,2110,SHAILY,EQ,115813,66225,57.18
20,2111,SHALBY,EQ,116262,54318,46.72
20,2112,SHALPAINTS,EQ,111679,58264,52.17
20,2113,SHANKARA,EQ,83894,57822,68.92
20,2114,SHANTHALA,SM,4800,3600,75.00
20,2115,SHANTI,EQ,44122,28255,64.04
20,2116,SHANTIGEAR,EQ,67752,36914,54.48
20,2117,SHARDACROP,EQ,510666,197280,38.63
20,2118,SHARDAMOTR,EQ,17407,8781,50.45
20,2119,SHAREINDIA,EQ,384890,207798,53.99
20,2120,SHARIABEES,EQ,5108,3659,71.63
20,2121,SHEETAL,SM,62000,60000,96.77
20,2122,SHEMAROO,EQ,71193,25204,35.40
20,2123,SHERA,SM,79000,48000,60.76
20,2124,SHIGAN,SM,19500,16500,84.62
20,2125,SHILPAMED,EQ,324680,177636,54.71
20,2126,SHIVALIK,EQ,38515,20254,52.59
20,2127,SHIVAMILLS,EQ,8119,5266,64.86
20,2128,SHIVATEX,EQ,38576,30768,79.76
20,2129,SHK,EQ,597161,298449,49.98
20,2130,SHOPERSTOP,EQ,80008,47965,59.95
20,2131,SHREDIGCEM,EQ,418770,227291,54.28
20,2132,SHREECEM,EQ,34088,17076,50.09
20,2133,SHREEKARNI,SM,1800,1200,66.67
20,2134,SHREEOSFM,SM,21000,19000,90.48
20,2135,SHREYANIND,EQ,14133,8104,57.34
20,2136,SHRIPISTON,EQ,53449,25147,47.05
20,2137,SHRIRAMFIN,EQ,3050378,1899162,62.26
20,2138,SHRIRAMPPS,EQ,4328706,1851054,42.76
20,2139,SHRITECH,SM,38000,36000,94.74
20,2140,SHUBHLAXMI,ST,4000,4000,100.00
20,2141,SHUBHSHREE,ST,24000,21600,90.00
20,2142,SHYAMCENT,EQ,430667,294016,68.27
20,2143,SHYAMMETL,EQ,646106,326759,50.57
20,2144,SHYAMTEL,EQ,8511,8511,100.00
20,2145,SIEMENS,EQ,314825,161358,51.25
20,2146,SIGACHI,EQ,1816716,1017389,56.00
20,2147,SIGIND,EQ,198091,177178,89.44
20,2148,SIGMA,EQ,6170,3632,58.87
20,2149,SIGNATURE,EQ,402746,91351,22.68
20,2150,SIGNPOST,EQ,40245,27119,67.38
20,2151,SIKKO,EQ,49724,25040,50.36
20,2152,SILGO,EQ,154785,77442,50.03
20,2153,SILKFLEX,ST,22000,18000,81.82
20,2154,SILLYMONKS,EQ,17791,10682,60.04
20,2155,SILVER,EQ,163745,104712,63.95
20,2156,SILVER1,EQ,223343,194428,87.05
20,2157,SILVERADD,EQ,57688,16842,29.19
20,2158,SILVERBEES,EQ,10060342,7147990,71.05
20,2159,SILVERETF,EQ,336006,214179,63.74
20,2160,SILVERIETF,EQ,1005146,878199,87.37
20,2161,SILVERTUC,EQ,18128,2740,15.11
20,2162,SILVRETF,EQ,42082,35432,84.20
20,2163,SINCLAIR,EQ,47149,38044,80.69
20,2164,SINDHUTRAD,EQ,686077,363227,52.94
20,2165,SINTERCOM,EQ,33729,24520,72.70
20,2166,SIRCA,EQ,93517,56853,60.79
20,2167,SIS,EQ,41723,26032,62.39
20,2168,SIYSIL,EQ,188276,69105,36.70
20,2169,SJLOGISTIC,ST,17500,17000,97.14
20,2170,SJS,EQ,105865,52268,49.37
20,2171,SJVN,EQ,6877354,2283506,33.20
20,2172,SKFINDIA,EQ,27343,14984,54.80
20,2173,SKIPPER,EQ,785254,336583,42.86
20,2174,SKIPPERPP,E1,1337,851,63.65
20,2175,SKMEGGPROD,EQ,58984,32636,55.33
20,2176,SKP,SM,11000,8000,72.73
20,2177,SLONE,SM,19200,16000,83.33
20,2178,SMALLCAP,EQ,2346922,1824470,77.74
20,2179,SMCGLOBAL,EQ,751298,308315,41.04
20,2180,SMLISUZU,EQ,16188,9874,61.00
20,2181,SMLT,EQ,38717,15656,40.44
20,2182,SMSPHARMA,EQ,160473,64682,40.31
20,2183,SNOWMAN,EQ,1356156,528175,38.95
20,2184,SOBHA,EQ,183149,87579,47.82
20,2185,SOBHAPP,E1,1808,1708,94.47
20,2186,SOFTTECH,EQ,4287,2925,68.23
20,2187,SOLARA,EQ,145406,108984,74.95
20,2188,SOLARAPP,E1,36491,36245,99.33
20,2189,SOLARINDS,EQ,55998,24042,42.93
20,2190,SOLEX,SM,29750,18500,62.18
20,2191,SOMANYCERA,EQ,42000,24754,58.94
20,2192,SOMATEX,EQ,308416,100952,32.73
20,2193,SONACOMS,EQ,2648854,800196,30.21
20,2194,SONAMAC,SM,45000,32000,71.11
20,2195,SONATSOFTW,EQ,233465,99521,42.63
20,2196,SONUINFRA,SM,3000,3000,100.00
20,2197,SOTAC,SM,2400,1200,50.00
20,2198,SOTL,EQ,127631,80040,62.71
20,2199,SOUTHBANK,EQ,28029868,15797189,56.36
20,2200,SOUTHWEST,EQ,66456,37602,56.58
20,2201,SPAL,EQ,8050,5339,66.32
20,2202,SPANDANA,EQ,172307,74293,43.12
20,2203,SPARC,EQ,368544,132193,35.87
20,2204,SPCENET,EQ,5006438,4007615,80.05
20,2205,SPCL,SM,60000,40800,68.00
20,2206,SPECIALITY,EQ,48206,29438,61.07
20,2207,SPECTRUM,SM,1125,875,77.78
20,2208,SPECTSTM,SM,20000,12800,64.00
20,2209,SPENCERS,EQ,369614,159189,43.07
20,2210,SPIC,EQ,599513,261079,43.55
20,2211,SPLIL,EQ,19138,9017,47.12
20,2212,SPLPETRO,EQ,42770,22158,51.81
20,2213,SPORTKING,EQ,186311,95875,51.46
20,2214,SPPPOLY,SM,76000,28000,36.84
20,2215,SRD,EQ,315757,193154,61.17
20,2216,SREEL,EQ,8141,5592,68.69
20,2217,SRF,EQ,720087,438677,60.92
20,2218,SRGHFL,EQ,17653,9863,55.87
20,2219,SRHHYPOLTD,EQ,93898,42102,44.84
20,2220,SRIVASAVI,SM,30000,24000,80.00
20,2221,SSDL,EQ,156433,78723,50.32
20,2222,SSEGL,ST,67000,61000,91.04
20,2223,SSFL,ST,187500,173500,92.53
20,2224,SSWL,EQ,200595,100514,50.11
20,2225,STANLEY,EQ,89900,40469,45.02
20,2226,STAR,EQ,860238,636562,74.00
20,2227,STARCEMENT,EQ,310748,113727,36.60
20,2228,STARHEALTH,EQ,1129480,698480,61.84
20,2229,STARPAPER,EQ,18240,13242,72.60
20,2230,STARTECK,EQ,3488,1099,31.51
20,2231,STCINDIA,EQ,65760,25998,39.53
20,2232,STEELCAS,EQ,12258,7323,59.74
20,2233,STEELCITY,EQ,63162,15948,25.25
20,2234,STEELXIND,EQ,2934172,1512123,51.53
20,2235,STERTOOLS,EQ,211624,86897,41.06
20,2236,STLTECH,EQ,1067491,461702,43.25
20,2237,STOVEKRAFT,EQ,102917,56574,54.97
20,2238,STYLAMIND,EQ,38969,20259,51.99
20,2239,STYLEBAAZA,EQ,199478,76823,38.51
20,2240,STYRENIX,EQ,54389,33867,62.27
20,2241,SUBEXLTD,EQ,4134891,1534622,37.11
20,2242,SUBROS,EQ,57862,30577,52.84
20,2243,SUDARSCHEM,EQ,205183,80375,39.17
20,2244,SUKHJITS,EQ,35589,23573,66.24
20,2245,SULA,EQ,332550,163090,49.04
20,2246,SUMICHEM,EQ,400819,192569,48.04
20,2247,SUMMITSEC,EQ,25116,13529,53.87
20,2248,SUNCLAY,EQ,12836,6855,53.40
20,2249,SUNDARAM,EQ,842111,562426,66.79
20,2250,SUNDARMFIN,EQ,74645,21055,28.21
20,2251,SUNDARMHLD,EQ,107702,51601,47.91
20,2252,SUNDRMFAST,EQ,42926,20640,48.08
20,2253,SUNFLAG,EQ,231445,147303,63.64
20,2254,SUNLITE,SM,43200,42000,97.22
20,2255,SUNPHARMA,EQ,2148004,1273931,59.31
20,2256,SUNTECK,EQ,138571,55591,40.12
20,2257,SUNTV,EQ,188126,38613,20.53
20,2258,SUPERHOUSE,EQ,9996,7393,73.96
20,2259,SUPRAJIT,EQ,76845,38974,50.72
20,2260,SUPREMEIND,EQ,218791,121449,55.51
20,2261,SUPREMEPWR,ST,241000,230000,95.44
20,2262,SUPRIYA,EQ,442249,185410,41.92
20,2263,SURAJEST,EQ,304405,182088,59.82
20,2264,SURANAT&P,EQ,178626,105426,59.02
20,2265,SURANI,SM,16200,15200,93.83
20,2266,SURYALAXMI,EQ,33205,19942,60.06
20,2267,SURYAROSNI,EQ,258539,111519,43.13
20,2268,SURYODAY,EQ,2997645,1106035,36.90
20,2269,SUTLEJTEX,EQ,127362,49689,39.01
20,2270,SUVEN,EQ,379998,196325,51.66
20,2271,SUVENPHAR,EQ,270850,197980,73.10
20,2272,SUVIDHAA,EQ,187762,101813,54.22
20,2273,SUYOG,EQ,71104,45414,63.87
20,2274,SUZLON,EQ,49452859,23581587,47.68
20,2275,SVLL,EQ,289596,280284,96.78
20,2276,SVPGLOB,EQ,60367,49559,82.10
20,2277,SWANENERGY,EQ,1564982,676528,43.23
20,2278,SWARAJ,ST,30000,30000,100.00
20,2279,SWARAJENG,EQ,17130,8037,46.92
20,2280,SWASTIK,SM,16800,12000,71.43
20,2281,SWELECTES,EQ,21920,11226,51.21
20,2282,SWSOLAR,EQ,1675414,926889,55.32
20,2283,SYLVANPLY,SM,18000,14000,77.78
20,2284,SYMPHONY,EQ,135938,63230,46.51
20,2285,SYNCOMF,EQ,4779409,2427952,50.80
20,2286,SYNGENE,EQ,1367156,446413,32.65
20,2287,SYNOPTICS,SM,6600,6000,90.91
20,2288,SYRMA,EQ,795599,324101,40.74
20,2289,SYSTANGO,SM,48400,32400,66.94
20,2290,TAC,ST,2400,2400,100.00
20,2291,TAINWALCHM,EQ,283198,40091,14.16
20,2292,TAJGVK,EQ,88018,62238,70.71
20,2293,TAKE,EQ,208963,128213,61.36
20,2294,TALBROAUTO,EQ,109061,55760,51.13
20,2295,TANLA,EQ,373214,166804,44.69
20,2296,TARACHAND,EQ,219554,95567,43.53
20,2297,TARC,EQ,495685,380084,76.68
20,2298,TARMAT,EQ,187945,159736,84.99
20,2299,TARSONS,EQ,65333,37501,57.40
20,2300,TASTYBITE,EQ,6653,2850,42.84
20,2301,TATACHEM,EQ,1915919,713607,37.25
20,2302,TATACOMM,EQ,405214,148985,36.77
20,2303,TATACONSUM,EQ,2258366,1461813,64.73
20,2304,TATAELXSI,EQ,142390,44247,31.07
20,2305,TATAGOLD,EQ,5310955,3514306,66.17
20,2306,TATAINVEST,EQ,55164,18616,33.75
20,2307,TATAMOTORS,EQ,10873022,5522352,50.79
20,2308,TATAPOWER,EQ,16754459,5789647,34.56
20,2309,TATASTEEL,EQ,39730802,16069565,40.45
20,2310,TATATECH,EQ,1207440,575844,47.69
20,2311,TATSILV,EQ,1395010,983890,70.53
20,2312,TATVA,EQ,53113,21846,41.13
20,2313,TBI,ST,19200,16800,87.50
20,2314,TBOTEK,EQ,33550,19493,58.10
20,2315,TBZ,EQ,643849,237264,36.85
20,2316,TCHF30,NB,40,30,75.00
20,2317,TCI,EQ,211943,63431,29.93
20,2318,TCIEXP,EQ,22931,14649,63.88
20,2319,TCL,SM,37600,28000,74.47
20,2320,TCPLPACK,EQ,12500,7230,57.84
20,2321,TCS,EQ,1759676,964642,54.82
20,2322,TDPOWERSYS,EQ,453084,200090,44.16
20,2323,TEAMLEASE,EQ,25001,14785,59.14
20,2324,TECH,EQ,18510,13698,74.00
20,2325,TECHERA,SM,377600,176000,46.61
20,2326,TECHLABS,SM,32500,23500,72.31
20,2327,TECHM,EQ,1743714,1041796,59.75
20,2328,TECHNOE,EQ,139712,83359,59.66
20,2329,TEGA,EQ,22440,7647,34.08
20,2330,TEJASNET,EQ,1173813,342785,29.20
20,2331,TERASOFT,EQ,79655,30965,38.87
20,2332,TEXINFRA,EQ,1144915,393781,34.39
20,2333,TEXMOPIPES,EQ,94606,54331,57.43
20,2334,TEXRAIL,EQ,3206268,1265841,39.48
20,2335,TFCILTD,EQ,602327,339945,56.44
20,2336,TGBHOTELS,EQ,53295,30659,57.53
20,2337,TGL,ST,28800,25200,87.50
20,2338,THANGAMAYL,EQ,48666,20160,41.43
20,2339,THEINVEST,EQ,203704,149818,73.55
20,2340,THEJO,EQ,15793,9729,61.60
20,2341,THEMISMED,EQ,341489,169586,49.66
20,2342,THERMAX,EQ,290808,66679,22.93
20,2343,THESL,SM,33000,27000,81.82
20,2344,THOMASCOOK,EQ,550335,303105,55.08
20,2345,THOMASCOTT,EQ,11827,9599,81.16
20,2346,THYROCARE,EQ,125332,58518,46.69
20,2347,TI,EQ,616234,201754,32.74
20,2348,TIIL,EQ,11039,6215,56.30
20,2349,TIINDIA,EQ,99429,34556,34.75
20,2350,TIMESCAN,SM,10000,8000,80.00
20,2351,TIMESGTY,EQ,15741,9216,58.55
20,2352,TIMETECHNO,EQ,772407,260587,33.74
20,2353,TIMKEN,EQ,42028,22344,53.16
20,2354,TIPSFILMS,EQ,9501,3255,34.26
20,2355,TIPSMUSIC,EQ,680956,452756,66.49
20,2356,TIRUMALCHM,EQ,338641,175113,51.71
20,2357,TIRUPATI,SM,9500,9250,97.37
20,2358,TITAGARH,EQ,1695638,396691,23.39
20,2359,TITAN,EQ,805013,361999,44.97
20,2360,TMB,EQ,164404,92242,56.11
20,2361,TNIDETF,EQ,145241,116693,80.34
20,2362,TNPETRO,EQ,244486,140757,57.57
20,2363,TNPL,EQ,342962,208721,60.86
20,2364,TNTELE,EQ,15195,11061,72.79
20,2365,TOKYOPLAST,EQ,23629,16389,69.36
20,2366,TOLINS,EQ,85780,47599,55.49
20,2367,TOP100CASE,EQ,440046,362780,82.44
20,2368,TOP10ADD,EQ,997645,979970,98.23
20,2369,TORNTPHARM,EQ,551899,198336,35.94
20,2370,TORNTPOWER,EQ,355939,124992,35.12
20,2371,TOTAL,EQ,5582,3236,57.97
20,2372,TOUCHWOOD,EQ,2540,1760,69.29
20,2373,TPHQ,EQ,2826052,1677807,59.37
20,2374,TRACXN,EQ,418264,193808,46.34
20,2375,TRANSTEEL,SM,50000,42000,84.00
20,2376,TRANSWORLD,EQ,37639,22079,58.66
20,2377,TREL,EQ,538604,187645,34.84
20,2378,TRENT,EQ,590268,265401,44.96
20,2379,TRF,EQ,31460,19578,62.23
20,2380,TRIDENT,EQ,6962439,2942494,42.26
20,2381,TRIDHYA,SM,549000,117000,21.31
20,2382,TRIGYN,EQ,100936,58091,57.55
20,2383,TRITURBINE,EQ,1331744,461462,34.65
20,2384,TRIVENI,EQ,305967,115141,37.63
20,2385,TROM,SM,32400,18000,55.56
20,2386,TRUST,SM,79200,52800,66.67
20,2387,TTKHLTCARE,EQ,24419,11035,45.19
20,2388,TTKPRESTIG,EQ,30646,14685,47.92
20,2389,TTL,EQ,87111,43711,50.18
20,2390,TTML,EQ,6049160,1870318,30.92
20,2391,TUNWAL,SM,268000,170000,63.43
20,2392,TVSHLTD,EQ,6276,3020,48.12
20,2393,TVSMOTOR,EQ,2013642,1052067,52.25
20,2394,TVSSCS,EQ,771895,382012,49.49
20,2395,TVSSRICHAK,EQ,5087,2856,56.14
20,2396,TVTODAY,EQ,143328,72180,50.36
20,2397,UBL,EQ,693861,238391,34.36
20,2398,UCAL,EQ,22697,13694,60.33
20,2399,UCOBANK,EQ,5891822,1564699,26.56
20,2400,UDAICEMENT,EQ,807830,627469,77.67
20,2401,UDS,EQ,260199,129821,49.89
20,2402,UFLEX,EQ,558900,292383,52.31
20,2403,UFO,EQ,174036,78743,45.25
20,2404,UGARSUGAR,EQ,226859,100922,44.49
20,2405,UGROCAP,EQ,334886,217750,65.02
20,2406,UJJIVANSFB,EQ,25027768,12227111,48.85
20,2407,ULTRACEMCO,EQ,519646,330397,63.58
20,2408,UMA,SM,28000,20000,71.43
20,2409,UMESLTD,EQ,82849,73510,88.73
20,2410,UNICHEMLAB,EQ,78407,29694,37.87
20,2411,UNIDT,EQ,66373,41299,62.22
20,2412,UNIECOM,EQ,535060,196216,36.67
20,2413,UNIENTER,EQ,21648,15871,73.31
20,2414,UNIHEALTH,SM,9000,7000,77.78
20,2415,UNIINFO,EQ,24455,8360,34.19
20,2416,UNILEX,SM,19200,19200,100.00
20,2417,UNIONBANK,EQ,8890099,3300266,37.12
20,2418,UNIPARTS,EQ,66243,44450,67.10
20,2419,UNITDSPR,EQ,1101554,485964,44.12
20,2420,UNITEDTEA,EQ,11516,6787,58.94
20,2421,UNIVASTU,EQ,37040,25135,67.86
20,2422,UNIVCABLES,EQ,16911,9697,57.34
20,2423,UNIVPHOTO,EQ,3089,1329,43.02
20,2424,UNOMINDA,EQ,535175,328607,61.40
20,2425,UPL,EQ,1390234,557458,40.10
20,2426,URBAN,ST,20400,19200,94.12
20,2427,USASEEDS,SM,300,300,100.00
20,2428,USHAMART,EQ,914074,324149,35.46
20,2429,UTIAMC,EQ,267552,109668,40.99
20,2430,UTIBANKETF,EQ,4243376,4192340,98.80
20,2431,UTINEXT50,EQ,169377,127090,75.03
20,2432,UTINIFTETF,EQ,366851,358416,97.70
20,2433,UTISENSETF,EQ,2481,1574,63.44
20,2434,UTISXN50,EQ,8538,6219,72.84
20,2435,UTKARSHBNK,EQ,3105943,1774237,57.12
20,2436,UTSSAV,ST,86400,67200,77.78
20,2437,UTTAMSUGAR,EQ,97518,45502,46.66
20,2438,UYFINCORP,EQ,148205,85789,57.89
20,2439,VADILALIND,EQ,6915,4526,65.45
20,2440,VAIBHAVGBL,EQ,335744,156869,46.72
20,2441,VAKRANGEE,EQ,8099253,4114948,50.81
20,2442,VAL30IETF,EQ,84956,75623,89.01
20,2443,VALIANTLAB,EQ,49151,14905,30.32
20,2444,VALIANTORG,EQ,55750,31929,57.27
20,2445,VARDHACRLC,EQ,160718,35708,22.22
20,2446,VARROC,EQ,329453,133785,40.61
20,2447,VASCONEQ,EQ,1765371,911789,51.65
20,2448,VBL,EQ,4545839,2315452,50.94
20,2449,VDEAL,SM,21600,19200,88.89
20,2450,VEDL,EQ,11660475,4351003,37.31
20,2451,VEEDOL,EQ,19485,10604,54.42
20,2452,VEEKAYEM,ST,1500,1500,100.00
20,2453,VELS,SM,1200,1200,100.00
20,2454,VENKEYS,EQ,79956,41222,51.56
20,2455,VENUSPIPES,EQ,45839,21881,47.73
20,2456,VENUSREM,EQ,82043,46625,56.83
20,2457,VERANDA,EQ,139284,85655,61.50
20,2458,VERITAAS,SM,2400,2400,100.00
20,2459,VERTOZ,EQ,3828273,2264789,59.16
20,2460,VESUVIUS,EQ,12718,5655,44.46
20,2461,VGUARD,EQ,247869,115552,46.62
20,2462,VHL,EQ,3448,1949,56.53
20,2463,VIAZ,SM,24000,22000,91.67
20,2464,VIDHIING,EQ,23336,12318,52.79
20,2465,VIESL,SM,150400,111200,73.94
20,2466,VIJAYA,EQ,224865,173908,77.34
20,2467,VIJIFIN,EQ,257941,155415,60.25
20,2468,VIKASECO,EQ,10379134,3942475,37.98
20,2469,VIKASLIFE,EQ,8261738,4855879,58.78
20,2470,VILAS,SM,58000,35000,60.34
20,2471,VILINBIO,SM,16000,12000,75.00
20,2472,VIMTALABS,EQ,54377,30365,55.84
20,2473,VINATIORGA,EQ,54569,27428,50.26
20,2474,VINCOFE,EQ,657735,370316,56.30
20,2475,VINDHYATEL,EQ,39123,25276,64.61
20,2476,VINEETLAB,EQ,23421,8100,34.58
20,2477,VINSYS,SM,11000,10500,95.45
20,2478,VINYAS,ST,10400,10400,100.00
20,2479,VINYLINDIA,EQ,19171,10127,52.82
20,2480,VIPIND,EQ,921690,306898,33.30
20,2481,VIRINCHI,EQ,282375,186980,66.22
20,2482,VISAKAIND,EQ,227911,123861,54.35
20,2483,VISAMAN,SM,6000,6000,100.00
20,2484,VISHNU,EQ,669256,226235,33.80
20,2485,VISHNUINFR,ST,12500,12500,100.00
20,2486,VISHWARAJ,EQ,1119847,648729,57.93
20,2487,VISHWAS,SM,12800,12800,100.00
20,2488,VITAL,SM,20400,18000,88.24
20,2489,VIVIANA,ST,20500,20000,97.56
20,2490,VIVIDHA,EQ,420660,288069,68.48
20,2491,VIVO,ST,1600,1600,100.00
20,2492,VLINFRA,ST,48000,42000,87.50
20,2493,VLSFINANCE,EQ,88031,44096,50.09
20,2494,VMARCIND,ST,19000,18000,94.74
20,2495,VMART,EQ,19412,8692,44.78
20,2496,VOLTAMP,EQ,42041,17461,41.53
20,2497,VOLTAS,EQ,1313219,710551,54.11
20,2498,VPRPL,EQ,1294815,454622,35.11
20,2499,VR,ST,6400,4800,75.00
20,2500,VRAJ,EQ,110326,41458,37.58
20,2501,VRLLOG,EQ,99778,62074,62.21
20,2502,VSSL,EQ,51524,27266,52.92
20,2503,VSTIND,EQ,1475395,480661,32.58
20,2504,VSTL,EQ,36590,23068,63.04
20,2505,VSTTILLERS,EQ,12004,9759,81.30
20,2506,VTL,EQ,165380,93168,56.34
20,2507,WABAG,EQ,667139,283964,42.56
20,2508,WALCHANNAG,EQ,414933,210684,50.78
20,2509,WALPAR,SM,8000,6000,75.00
20,2510,WCIL,EQ,318929,154578,48.47
20,2511,WEBELSOLAR,EQ,387314,203693,52.59
20,2512,WEIZMANIND,EQ,26549,18499,69.68
20,2513,WEL,EQ,12746,3790,29.73
20,2514,WELCORP,EQ,1303805,876502,67.23
20,2515,WELENT,EQ,614200,165833,27.00
20,2516,WELINV,EQ,2428,1550,63.84
20,2517,WELSPUNLIV,EQ,5811278,2833049,48.75
20,2518,WENDT,EQ,297,173,58.25
20,2519,WESTLIFE,EQ,531118,400474,75.40
20,2520,WEWIN,EQ,34316,23669,68.97
20,2521,WHEELS,EQ,70242,38968,55.48
20,2522,WHIRLPOOL,EQ,94897,42631,44.92
20,2523,WILLAMAGOR,EQ,18277,13855,75.81
20,2524,WINDLAS,EQ,31505,22230,70.56
20,2525,WINDMACHIN,EQ,399993,235999,59.00
20,2526,WINSOL,SM,64000,43200,67.50
20,2527,WIPL,EQ,3264,1643,50.34
20,2528,WIPRO,EQ,5062270,2288800,45.21
20,2529,WOCKPHARMA,EQ,701397,357570,50.98
20,2530,WOL3D,SM,21000,11000,52.38
20,2531,WOMANCART,ST,1600,1600,100.00
20,2532,WONDERLA,EQ,47053,24548,52.17
20,2533,WORTH,EQ,65660,29317,44.65
20,2534,WSI,EQ,94294,49374,52.36
20,2535,WSTCSTPAPR,EQ,113000,59340,52.51
20,2536,WTICAB,SM,26000,21000,80.77
20,2537,XCHANGING,EQ,324020,166891,51.51
20,2538,XPROINDIA,EQ,45886,31752,69.20
20,2539,XTGLOBAL,EQ,24090,11270,46.78
20,2540,YAARI,EQ,135506,68382,50.46
20,2541,YASHO,EQ,24715,15769,63.80
20,2542,YASHOPTICS,SM,16000,12800,80.00
20,2543,YATHARTH,EQ,944311,405166,42.91
20,2544,YATRA,EQ,337295,148935,44.16
20,2545,YCCL,SM,18000,15000,83.33
20,2546,YESBANK,EQ,97874666,43628711,44.58
20,2547,YUDIZ,SM,11200,8800,78.57
20,2548,YUKEN,EQ,7739,3931,50.79
20,2549,ZEAL,SM,15000,7200,48.00
20,2550,ZEEL,EQ,12774732,4802865,37.60
20,2551,ZEELEARN,EQ,1560755,1200061,76.89
20,2552,ZENITHDRUG,ST,41600,36800,88.46
20,2553,ZENSARTECH,EQ,569848,331610,58.19
20,2554,ZENTEC,EQ,277673,142885,51.46
20,2555,ZFCVINDIA,EQ,12594,5179,41.12
20,2556,ZIMLAB,EQ,123391,72284,58.58
20,2557,ZODIACLOTH,EQ,8431,5973,70.85
20,2558,ZOMATO,EQ,66829144,23728027,35.51
20,2559,ZOTA,EQ,30965,22397,72.33
20,2560,ZTECH,ST,24000,21600,90.00
20,2561,ZUARI,EQ,102605,55166,53.77
20,2562,ZUARIIND,EQ,134505,72654,54.02
20,2563,ZYDUSLIFE,EQ,531860,181537,34.13
20,2564,ZYDUSWELL,EQ,21524,10943,50.84
