Security Wise Delivery Position - Compulsory Rolling Settlement
10,MTO,21102024,1259563575,0002555
Trade Date <21-OCT-2024>,Settlement Type <N>
Record Type,Sr No,Name of Security,Quantity Traded,Deliverable Quantity(gross across client level),% of Deliverable Quantity to Traded Quantity
20,1,1003ICCL28,NX,21,21,100.00
20,2,1003ISFL28,N4,100,100,100.00
20,3,1015ECL29,NR,200,200,100.00
20,4,1018GS2026,GS,1015,1015,100.00
20,5,1025NFL25,N5,325,221,68.00
20,6,1025SCL34,Z8,13,13,100.00
20,7,1025UCL25,N8,5,5,100.00
20,8,1030ICC26,NJ,92,46,50.00
20,9,1040UCL25,N4,125,125,100.00
20,10,1049DLSL25,NX,50,50,100.00
20,11,1050IIFL29,ND,19,19,100.00
20,12,1050ISFL28,N5,170,160,94.12
20,13,1050NFL26,N7,1133,1131,99.82
20,14,1060ECL29,NS,1,1,100.00
20,15,1065NFL27,NC,139,114,82.01
20,16,1090NFL26,NB,231,200,86.58
20,17,10CAGL27,N5,53,53,100.00
20,18,10IIFL28,N4,290,290,100.00
20,19,10IIFL28A,NE,75,75,100.00
20,20,10ISFL26,N3,358,358,100.00
20,21,10NFL25,N9,605,585,96.69
20,22,10NIDO26,N6,50,50,100.00
20,23,10SCL30A,BV,12,12,100.00
20,24,1102NFL26,N8,770,718,93.25
20,25,1119NFL27,ND,199,100,50.25
20,26,1190VCCL26,N0,2,2,100.00
20,27,11DLSL25,NV,28,27,96.43
20,28,182D071124,TB,100,100,100.00
20,29,182D130325,TB,100,100,100.00
20,30,182D141124,TB,500,500,100.00
20,31,182D230125,TB,300,300,100.00
20,32,360ONE,EQ,1266626,658498,51.99
20,33,364D020525,TB,100,100,100.00
20,34,364D040925,TB,1400,1300,92.86
20,35,364D080525,TB,100,100,100.00
20,36,364D190625,TB,18000,18000,100.00
20,37,364D311024,TB,1200,1200,100.00
20,38,3IINFOLTD,EQ,683779,389614,56.98
20,39,3MINDIA,EQ,1237,580,46.89
20,40,3RDROCK,IT,5200,5200,100.00
20,41,563GS2026,GS,8,8,100.00
20,42,585GS2030,GS,2000,1000,50.00
20,43,5PAISA,EQ,226733,86217,38.03
20,44,63MOONS,EQ,358628,194010,54.10
20,45,654GS2032,GS,9951,9951,100.00
20,46,689GS2025,GS,904,900,99.56
20,47,695GS2061,GS,7,7,100.00
20,48,697GR2034,GS,400,400,100.00
20,49,699GS2026,GS,8100,4000,49.38
20,50,702GS2027,GS,201,200,99.50
20,51,702GS2031,GS,1266,1266,100.00
20,52,704GS2029,GS,19845,17194,86.64
20,53,704IRFC28,N6,351,117,33.33
20,54,704REC28,N4,400,400,100.00
20,55,706GS2028,GS,28100,28100,100.00
20,56,709GS2054,GS,4500,4500,100.00
20,57,710GS2029,GS,9191,7951,86.51
20,58,716GS2050,GS,3,3,100.00
20,59,717GS2030,GS,85731,85727,100.00
20,60,718GS2033,GS,11500,11500,100.00
20,61,718GS2037,GS,117331,117331,100.00
20,62,71GS2034,GS,3100,3100,100.00
20,63,723GS2039,GS,700,700,100.00
20,64,725GS2063,GS,4186,4183,99.93
20,65,726GS2029,GS,1,1,100.00
20,66,726GS2032,GS,2801,2801,100.00
20,67,726GS2033,GS,3445,3445,100.00
20,68,727GS2026,GS,8,8,100.00
20,69,729NHAI26,NC,44,44,100.00
20,70,732IRFC25,NI,292,267,91.44
20,71,733GS2026,GS,7990,7990,100.00
20,72,734GS2064,GS,30963,30963,100.00
20,73,735NABAR31,N1,506,406,80.24
20,74,735NHAI31,N9,500,500,100.00
20,75,736NTPC25D,NB,235,235,100.00
20,76,737GS2028,GS,1700,1700,100.00
20,77,738GS2027,GS,126596,126584,99.99
20,78,739NHAI26,N8,50,50,100.00
20,79,73GS2053,GS,23990,23940,99.79
20,80,741GS2036,GS,1202,1202,100.00
20,81,746GS2073,GS,291,291,100.00
20,82,74GS2062,GS,6000,3500,58.33
20,83,750IRFC35,NK,439,431,98.18
20,84,753IRFC30,NJ,1071,1071,100.00
20,85,754GS2036,GS,360154,295662,82.09
20,86,760PFCL35,N3,76,76,100.00
20,87,762NTPC35F,ND,36,20,55.56
20,88,763GS2059,GS,210,210,100.00
20,89,763ML25,SG,300,300,100.00
20,90,764HUDCO31,N8,268,268,100.00
20,91,764IRFC31,NO,1207,1202,99.59
20,92,764NABAR31,N2,1557,1210,77.71
20,93,767KA36,SG,100,100,100.00
20,94,769HUDCO31,N9,452,301,66.59
20,95,769NHAI31,NE,458,458,100.00
20,96,76NHAI31,NA,757,737,97.36
20,97,773KA34,SG,100,100,100.00
20,98,774IREDA31,N7,500,500,100.00
20,99,77UP33,SG,1000,1000,100.00
20,100,784TN52,SG,100,100,100.00
20,101,78ABFL33,N4,36,36,100.00
20,102,797IGT31,NL,1389,1001,72.07
20,103,79NHIT35,N1,1201,1201,100.00
20,104,79NHIT40,N2,1328,1123,84.56
20,105,79NHIT47,N3,1244,1019,81.91
20,106,810IRFC27,N2,1783,1498,84.02
20,107,81TCHF28,N8,3,3,100.00
20,108,824GS2027,GS,310,310,100.00
20,109,825IIFL25,N7,1,1,100.00
20,110,829LTF24,NL,10,10,100.00
20,111,82HUDCO27,N2,2090,389,18.61
20,112,82IGT31,NJ,2066,2066,100.00
20,113,830NHAI27,N2,3784,3201,84.59
20,114,830PFCL27,N5,1331,1330,99.92
20,115,833GS2036,GS,1806,1806,100.00
20,116,83TCHF25,N6,64,64,100.00
20,117,842IIFL26,NL,191,191,100.00
20,118,846REC28,N6,197,197,100.00
20,119,849NTPC25,N7,7841,7821,99.74
20,120,84TCHF28,NA,100,100,100.00
20,121,850NHAI29,N5,3,3,100.00
20,122,855IREDA29,N2,1,1,100.00
20,123,85IFL26,NX,50,50,100.00
20,124,860CIFCL28,NG,18,9,50.00
20,125,865IFL28,NZ,1255,655,52.19
20,126,865IIFL28,NS,247,218,88.26
20,127,865IRFC29,NA,135,131,97.04
20,128,865LTF26,NN,64,64,100.00
20,129,865TCAPS27,N8,1205,1105,91.70
20,130,866SCFL25,Y8,20,20,100.00
20,131,866SFL25,ZE,2,2,100.00
20,132,868NHB29,N3,20,20,100.00
20,133,871REC28,N9,854,669,78.34
20,134,875IHFL29,ND,450,450,100.00
20,135,875NHAI29,N6,620,610,98.39
20,136,876HUDCO28,ND,2210,2196,99.37
20,137,879NHPC28,N5,150,150,100.00
20,138,87SCL27A,ZK,5,5,100.00
20,139,880IREDA29,N5,100,100,100.00
20,140,880IREDA34,N6,200,200,100.00
20,141,883GS2041,GS,20,10,50.00
20,142,885MOFSL26,N0,100,50,50.00
20,143,888ERFL28,N5,17,17,100.00
20,144,888IHFL25F,NC,50,25,50.00
20,145,888IRFC29,NE,875,625,71.43
20,146,888NHB29,N5,17,17,100.00
20,147,888REC29,NF,108,108,100.00
20,148,889SCL27,YT,5,5,100.00
20,149,891IIFCL34,N4,55,55,100.00
20,150,891NTPC33,N6,20,20,100.00
20,151,901NHB34,N6,106,104,98.11
20,152,905PEL26,N1,5,5,100.00
20,153,910CAGL25,N7,38,38,100.00
20,154,910TCAP28,NA,350,350,100.00
20,155,91D051224,TB,1200,1200,100.00
20,156,91D121224,TB,200,200,100.00
20,157,91D160125,TB,100,100,100.00
20,158,91D211124,TB,5200,5200,100.00
20,159,91MOFSL27,N2,85,85,100.00
20,160,920PEL28,N2,100,100,100.00
20,161,925SCL25,N5,30,30,100.00
20,162,92GS2030,GS,5707,5707,100.00
20,163,93MOFSL34,N6,122,122,100.00
20,164,943ECL28,NJ,1,1,100.00
20,165,945IFSL25,N4,3,3,100.00
20,166,948ICCL25A,NG,5,5,100.00
20,167,948SCL26A,NN,240,240,100.00
20,168,948SCL26I,AX,31,31,100.00
20,169,94IFCI25,NL,510,510,100.00
20,170,94SFL28,YL,350,300,85.71
20,171,955ICCL25A,NH,100,100,100.00
20,172,956AEL29,N6,85,84,98.82
20,173,957ISFL26,N2,190,190,100.00
20,174,957NIDO26,N5,179,179,100.00
20,175,960ISFL25,N1,42,42,100.00
20,176,965SCL25A,NF,1,1,100.00
20,177,965SCL25B,Y1,21,21,100.00
20,178,965SCL26A,ZB,22,11,50.00
20,179,965SCL26F,N1,10,10,100.00
20,180,96IIFL28,N5,654,654,100.00
20,181,96IIFL28A,NF,346,346,100.00
20,182,96SFL24A,NB,40,40,100.00
20,183,971SCL28,AN,10,10,100.00
20,184,975NFL25,N0,816,816,100.00
20,185,97SFL29,YZ,50,50,100.00
20,186,980IFSL25,N5,50,50,100.00
20,187,985ECL28,NK,90,90,100.00
20,188,98ICCL26,NU,1,1,100.00
20,189,990SCL26,N7,313,299,95.53
20,190,99AEL29,N7,1326,1326,100.00
20,191,99IFCI24,NH,575,531,92.35
20,192,99SCL27,ZH,20,10,50.00
20,193,9IIFL28,Y0,136,136,100.00
20,194,9IIFL28A,NT,50,50,100.00
20,195,9MMFSML,N2,1,1,100.00
20,196,9PCHFL31A,NA,36,36,100.00
20,197,9PEL25,N0,42,42,100.00
20,198,9SCL26BA,NA,98,98,100.00
20,199,9SFL25A,ZH,1,1,100.00
20,200,A2ZINFRA,EQ,319122,153695,48.16
20,201,AAATECH,EQ,14826,8094,54.59
20,202,AADHARHFC,EQ,615050,347830,56.55
20,203,AAKASH,EQ,123944,85023,68.60
20,204,AARON,EQ,8831,3513,39.78
20,205,AARTECH,EQ,44307,26699,60.26
20,206,AARTIDRUGS,EQ,111914,65460,58.49
20,207,AARTIIND,EQ,887540,403484,45.46
20,208,AARTIPHARM,EQ,60876,38312,62.93
20,209,AARVI,EQ,21058,12862,61.08
20,210,AATMAJ,SM,2000,2000,100.00
20,211,AAVAS,EQ,99663,49020,49.19
20,212,ABAN,EQ,75778,53124,70.10
20,213,ABB,EQ,337458,89433,26.50
20,214,ABBOTINDIA,EQ,7010,2063,29.43
20,215,ABCAPITAL,EQ,2115783,690907,32.65
20,216,ABCOTS,ST,6500,6500,100.00
20,217,ABDL,EQ,454518,251097,55.24
20,218,ABFRL,EQ,1662083,733672,44.14
20,219,ABGSEC,EQ,176,174,98.86
20,220,ABINFRA,ST,324000,324000,100.00
20,221,ABMINTLLTD,EQ,8911,8027,90.08
20,222,ABREL,EQ,455543,155068,34.04
20,223,ABSLAMC,EQ,355806,126133,35.45
20,224,ABSLBANETF,EQ,177986,171634,96.43
20,225,ABSLLIQUID,EQ,570,378,66.32
20,226,ABSLNN50ET,EQ,22833,19501,85.41
20,227,ABSLPSE,EQ,98805,73898,74.79
20,228,ABSMARINE,SM,39000,33000,84.62
20,229,ACC,EQ,196371,61059,31.09
20,230,ACCELYA,EQ,18414,11950,64.90
20,231,ACCENTMIC,SM,32500,26500,81.54
20,232,ACCORD,SM,2000,2000,100.00
20,233,ACCURACY,EQ,360707,245339,68.02
20,234,ACE,EQ,293699,116682,39.73
20,235,ACEINTEG,EQ,16266,4556,28.01
20,236,ACI,EQ,214816,110614,51.49
20,237,ACL,EQ,25763,11630,45.14
20,238,ACLGATI,EQ,505142,214717,42.51
20,239,ACSAL,ST,30000,30000,100.00
20,240,ADANIENSOL,EQ,799922,338236,42.28
20,241,ADANIENT,EQ,1051690,431494,41.03
20,242,ADANIGREEN,EQ,298218,156945,52.63
20,243,ADANIPORTS,EQ,1644382,864215,52.56
20,244,ADANIPOWER,EQ,1324561,530175,40.03
20,245,ADFFOODS,EQ,242115,83316,34.41
20,246,ADORWELD,EQ,8529,4316,50.60
20,247,ADROITINFO,EQ,121918,46365,38.03
20,248,ADROITPP1,E1,21451,16356,76.25
20,249,ADSL,EQ,2595060,840680,32.40
20,250,ADVANIHOTR,EQ,88443,49753,56.25
20,251,ADVENZYMES,EQ,200690,89539,44.62
20,252,AEGISLOG,EQ,645079,213997,33.17
20,253,AEROFLEX,EQ,1069395,443359,41.46
20,254,AERON,SM,14000,12000,85.71
20,255,AESTHETIK,SM,54000,50000,92.59
20,256,AETHER,EQ,245370,126315,51.48
20,257,AFFLE,EQ,293121,166881,56.93
20,258,AFIL,EQ,57707,43065,74.63
20,259,AGARIND,EQ,14716,9510,64.62
20,260,AGARWALFT,SM,18000,9000,50.00
20,261,AGI,EQ,179883,84064,46.73
20,262,AGIIL,EQ,1000,683,68.30
20,263,AGNI,SM,22500,15000,66.67
20,264,AGRITECH,EQ,9048,6999,77.35
20,265,AGROPHOS,EQ,472201,230521,48.82
20,266,AGSTRA,EQ,599927,317793,52.97
20,267,AHL,EQ,2663320,415467,15.60
20,268,AHLADA,EQ,27655,17431,63.03
20,269,AHLEAST,EQ,52519,32733,62.33
20,270,AHLUCONT,EQ,63200,32463,51.37
20,271,AIAENG,EQ,18194,7116,39.11
20,272,AIIL,EQ,148841,62400,41.92
20,273,AIMTRON,ST,48800,46400,95.08
20,274,AIROLAM,EQ,30822,10840,35.17
20,275,AIRTELPP,E1,222508,118674,53.33
20,276,AISL,ST,6000,4800,80.00
20,277,AJANTPHARM,EQ,43713,19403,44.39
20,278,AJMERA,EQ,820980,270144,32.91
20,279,AKANKSHA,SM,38000,26000,68.42
20,280,AKASH,EQ,11912,1989,16.70
20,281,AKG,EQ,85930,54326,63.22
20,282,AKI,EQ,72135,46527,64.50
20,283,AKIKO,SM,33600,27200,80.95
20,284,AKSHAR,EQ,3431408,3431408,100.00
20,285,AKSHARCHEM,EQ,5604,3287,58.65
20,286,AKSHOPTFBR,EQ,4636121,2634035,56.82
20,287,AKUMS,EQ,80373,49279,61.31
20,288,AKZOINDIA,EQ,10043,4207,41.89
20,289,ALANKIT,EQ,925646,438462,47.37
20,290,ALEMBICLTD,EQ,753735,407781,54.10
20,291,ALICON,EQ,8068,5038,62.44
20,292,ALKALI,EQ,11880,6345,53.41
20,293,ALKEM,EQ,260236,79236,30.45
20,294,ALKYLAMINE,EQ,52692,22419,42.55
20,295,ALLCARGO,EQ,1137656,619194,54.43
20,296,ALLDIGI,EQ,22108,10540,47.68
20,297,ALLETEC,SM,45600,26800,58.77
20,298,ALOKINDS,EQ,10358733,3734456,36.05
20,299,ALPEXSOLAR,SM,78000,55200,70.77
20,300,ALPHA,EQ,1813845,987404,54.44
20,301,ALPHAETF,EQ,801800,667167,83.21
20,302,ALPL30IETF,EQ,3313844,2995552,90.40
20,303,ALUWIND,ST,15000,15000,100.00
20,304,AMBER,EQ,4610496,268511,5.82
20,305,AMBEY,SM,22000,20000,90.91
20,306,AMBICAAGAR,EQ,14522,10540,72.58
20,307,AMBIKCO,EQ,10955,6208,56.67
20,308,AMBUJACEM,EQ,3650658,2037526,55.81
20,309,AMDIND,EQ,10628,5770,54.29
20,310,AMEYA,ST,6000,6000,100.00
20,311,AMIABLE,SM,11200,6400,57.14
20,312,AMIORG,EQ,97476,37272,38.24
20,313,AMJLAND,EQ,273733,144134,52.65
20,314,AMNPLST,EQ,31515,10566,33.53
20,315,AMRUTANJAN,EQ,19611,9497,48.43
20,316,ANANDRATHI,EQ,122489,47866,39.08
20,317,ANANTRAJ,EQ,576162,269531,46.78
20,318,ANDHRAPAP,EQ,132073,84124,63.70
20,319,ANDHRSUGAR,EQ,230602,132093,57.28
20,320,ANGELONE,EQ,2039293,372074,18.25
20,321,ANLON,SM,26000,24000,92.31
20,322,ANMOL,EQ,93119,52465,56.34
20,323,ANNAPURNA,SM,77000,52500,68.18
20,324,ANUP,EQ,106582,33710,31.63
20,325,ANURAS,EQ,42668,15212,35.65
20,326,APARINDS,EQ,81913,35356,43.16
20,327,APCL,EQ,7776,5366,69.01
20,328,APCOTEXIND,EQ,15963,7335,45.95
20,329,APEX,EQ,118549,52166,44.00
20,330,APLAPOLLO,EQ,296727,179325,60.43
20,331,APLLTD,EQ,144409,38186,26.44
20,332,APOLLO,EQ,1049688,631326,60.14
20,333,APOLLOHOSP,EQ,222611,125650,56.44
20,334,APOLLOPIPE,EQ,54738,34888,63.74
20,335,APOLLOTYRE,EQ,1264960,332076,26.25
20,336,APOLSINHOT,EQ,2694,1489,55.27
20,337,APRAMEYA,SM,24000,22000,91.67
20,338,APS,ST,4500,4500,100.00
20,339,APTECHT,EQ,268548,152775,56.89
20,340,APTUS,EQ,1276364,522583,40.94
20,341,ARABIAN,SM,6000,4000,66.67
20,342,ARCHIDPLY,EQ,25364,14275,56.28
20,343,ARE&M,EQ,234822,132987,56.63
20,344,ARHAM,SM,11000,6000,54.55
20,345,ARIES,EQ,17340,9099,52.47
20,346,ARIHANTACA,ST,2400,2400,100.00
20,347,ARIHANTCAP,EQ,2003832,419585,20.94
20,348,ARIHANTSUP,EQ,34768,17058,49.06
20,349,ARISTO,SM,16000,9600,60.00
20,350,ARKADE,EQ,1473686,829599,56.29
20,351,ARMANFIN,EQ,62316,38296,61.45
20,352,AROGRANITE,EQ,15849,11556,72.91
20,353,ARROWGREEN,EQ,69938,34131,48.80
20,354,ARTEMISMED,EQ,89875,46669,51.93
20,355,ARVEE,EQ,61006,17657,28.94
20,356,ARVIND,EQ,367769,165092,44.89
20,357,ARVINDFASN,EQ,350223,166918,47.66
20,358,ARVSMART,EQ,50825,21316,41.94
20,359,ASAHIINDIA,EQ,288089,59570,20.68
20,360,ASAL,EQ,22621,10987,48.57
20,361,ASALCBR,EQ,30022,13662,45.51
20,362,ASHALOG,SM,12000,11000,91.67
20,363,ASHAPURMIN,EQ,401607,185848,46.28
20,364,ASHIANA,EQ,53369,30716,57.55
20,365,ASHOKA,EQ,1014905,422131,41.59
20,366,ASHOKLEY,EQ,5599876,1938732,34.62
20,367,ASIANENE,EQ,43189,22592,52.31
20,368,ASIANHOTNR,EQ,4954,3635,73.38
20,369,ASIANPAINT,EQ,806970,343131,42.52
20,370,ASIANTILES,EQ,1202191,607277,50.51
20,371,ASKAUTOLTD,EQ,210975,93361,44.25
20,372,ASLIND,SM,8000,8000,100.00
20,373,ASMS,EQ,325203,173228,53.27
20,374,ASPINWALL,EQ,5049,2877,56.98
20,375,ASPIRE,SM,20000,14000,70.00
20,376,ASTEC,EQ,30043,22468,74.79
20,377,ASTERDM,EQ,662798,274856,41.47
20,378,ASTRAL,EQ,639520,317689,49.68
20,379,ASTRAMICRO,EQ,580492,313399,53.99
20,380,ASTRAZEN,EQ,20250,6090,30.07
20,381,ASTRON,EQ,15642,10540,67.38
20,382,ATALREAL,EQ,4517120,2249547,49.80
20,383,ATAM,EQ,24881,14976,60.19
20,384,ATFL,EQ,56935,32653,57.35
20,385,ATGL,EQ,319720,128817,40.29
20,386,ATL,EQ,417618,256059,61.31
20,387,ATMASTCO,ST,62400,57600,92.31
20,388,ATUL,EQ,36753,10823,29.45
20,389,ATULAUTO,EQ,37687,22075,58.57
20,390,AUBANK,EQ,2161816,775916,35.89
20,391,AURIONPRO,EQ,51767,31878,61.58
20,392,AUROIMPEX,SM,12800,9600,75.00
20,393,AUROPHARMA,EQ,874694,215986,24.69
20,394,AURUMPP1,X1,9599,8220,85.63
20,395,AUSL,SM,8000,8000,100.00
20,396,AUSOMENT,EQ,43941,22224,50.58
20,397,AUTOAXLES,EQ,4514,2643,58.55
20,398,AUTOBEES,EQ,406987,201029,49.39
20,399,AUTOIETF,EQ,831442,321413,38.66
20,400,AUTOIND,EQ,110301,50864,46.11
20,401,AVADHSUGAR,EQ,122284,62142,50.82
20,402,AVALON,EQ,222822,96923,43.50
20,403,AVANTEL,EQ,1538645,559379,36.36
20,404,AVANTIFEED,EQ,146407,55249,37.74
20,405,AVG,EQ,36104,19824,54.91
20,406,AVIANSH,SM,100000,80000,80.00
20,407,AVPINFRA,ST,44800,41600,92.86
20,408,AVTNPL,EQ,71035,38495,54.19
20,409,AWFIS,EQ,115769,44999,38.87
20,410,AWHCL,EQ,121648,62164,51.10
20,411,AWL,EQ,1002742,514167,51.28
20,412,AXISBANK,EQ,7456038,3936978,52.80
20,413,AXISBNKETF,EQ,3086,3021,97.89
20,414,AXISBPSETF,EQ,15924,14212,89.25
20,415,AXISCADES,EQ,51717,26751,51.73
20,416,AXISCETF,EQ,8663,3884,44.83
20,417,AXISGOLD,EQ,323553,256794,79.37
20,418,AXISHCETF,EQ,7375,6091,82.59
20,419,AXISILVER,EQ,149046,107549,72.16
20,420,AXISNIFTY,EQ,6161,5440,88.30
20,421,AXISTECETF,EQ,538,339,63.01
20,422,AXITA,EQ,3114166,1201474,38.58
20,423,AXSENSEX,EQ,2552,1597,62.58
20,424,AZAD,EQ,83923,39028,46.50
20,425,BABAFP,SM,14400,11200,77.78
20,426,BAGFILMS,EQ,445125,258864,58.16
20,427,BAHETI,SM,8250,7500,90.91
20,428,BAJAJ-AUTO,EQ,2110278,546633,25.90
20,429,BAJAJCON,EQ,239076,123478,51.65
20,430,BAJAJELEC,EQ,50101,27739,55.37
20,431,BAJAJFINSV,EQ,1663903,954570,57.37
20,432,BAJAJHCARE,EQ,98458,45272,45.98
20,433,BAJAJHFL,EQ,15522983,7297375,47.01
20,434,BAJAJHIND,EQ,7788764,3234307,41.53
20,435,BAJAJHLDNG,EQ,57230,15797,27.60
20,436,BAJEL,EQ,227501,114465,50.31
20,437,BAJFINANCE,EQ,2209966,1498759,67.82
20,438,BALAJEE,EQ,315270,150874,47.86
20,439,BALAMINES,EQ,30178,13791,45.70
20,440,BALAXI,EQ,10578,6287,59.43
20,441,BALCO,ST,7200,7200,100.00
20,442,BALKRISHNA,EQ,117531,75679,64.39
20,443,BALKRISIND,EQ,66257,22715,34.28
20,444,BALMLAWRIE,EQ,212103,99011,46.68
20,445,BALRAMCHIN,EQ,1394687,638619,45.79
20,446,BALUFORGE,EQ,957919,410783,42.88
20,447,BANARBEADS,EQ,340102,102848,30.24
20,448,BANARISUG,EQ,1486,950,63.93
20,449,BANCOINDIA,EQ,61045,28790,47.16
20,450,BANDHANBNK,EQ,14428385,7405042,51.32
20,451,BANG,EQ,34629,11044,31.89
20,452,BANKA,EQ,38010,19292,50.76
20,453,BANKBARODA,EQ,7677386,2616235,34.08
20,454,BANKBEES,EQ,854874,493510,57.73
20,455,BANKBETF,EQ,32933,26641,80.89
20,456,BANKETF,EQ,13075,8536,65.28
20,457,BANKETFADD,EQ,24295,23449,96.52
20,458,BANKIETF,EQ,227245,175626,77.28
20,459,BANKINDIA,EQ,3539723,1636328,46.23
20,460,BANKNIFTY1,EQ,21596,15408,71.35
20,461,BANKPSU,EQ,994,633,63.68
20,462,BANSALWIRE,EQ,213248,85513,40.10
20,463,BANSWRAS,EQ,21590,15164,70.24
20,464,BARBEQUE,EQ,88605,43837,49.47
20,465,BASF,EQ,24270,11169,46.02
20,466,BASILIC,SM,73200,69300,94.67
20,467,BATAINDIA,EQ,311450,101029,32.44
20,468,BAWEJA,SM,6400,5600,87.50
20,469,BAYERCROP,EQ,16861,6021,35.71
20,470,BBETF0432,EQ,11066,6889,62.25
20,471,BBL,EQ,15384,8154,53.00
20,472,BBNPNBETF,EQ,2161,1865,86.30
20,473,BBNPPGOLD,EQ,798,480,60.15
20,474,BBOX,EQ,295926,175971,59.46
20,475,BBTC,EQ,709320,96837,13.65
20,476,BBTCL,EQ,3243,1999,61.64
20,477,BCLIND,EQ,785216,333022,42.41
20,478,BCONCEPTS,EQ,8977,5211,58.05
20,479,BDL,EQ,368863,181655,49.25
20,480,BEACON,SM,36000,32000,88.89
20,481,BEARDSELL,EQ,117637,57792,49.13
20,482,BECTORFOOD,EQ,58844,34134,58.01
20,483,BEDMUTHA,EQ,41105,21577,52.49
20,484,BEL,EQ,8393942,4145497,49.39
20,485,BEML,EQ,412948,106985,25.91
20,486,BEPL,EQ,929145,383909,41.32
20,487,BERGEPAINT,EQ,775279,376133,48.52
20,488,BESTAGRO,EQ,226507,102452,45.23
20,489,BETA,SM,9300,5800,62.37
20,490,BEWLTD,SM,4000,3875,96.88
20,491,BFINVEST,EQ,1720282,257524,14.97
20,492,BFSI,EQ,267251,180464,67.53
20,493,BFUTILITIE,EQ,610502,141195,23.13
20,494,BHAGCHEM,EQ,108591,63777,58.73
20,495,BHAGYANGR,EQ,102185,53724,52.58
20,496,BHANDARI,EQ,543381,260813,48.00
20,497,BHARATFORG,EQ,1263428,505942,40.05
20,498,BHARATGEAR,EQ,40434,20499,50.70
20,499,BHARATRAS,EQ,1581,718,45.41
20,500,BHARATWIRE,EQ,151091,55171,36.52
20,501,BHARTIARTL,EQ,3836168,2301851,60.00
20,502,BHARTIHEXA,EQ,142587,54131,37.96
20,503,BHEL,EQ,12966258,5297890,40.86
20,504,BHINVIT,IV,253285,247211,97.60
20,505,BIGBLOC,EQ,372691,136935,36.74
20,506,BIKAJI,EQ,279224,120577,43.18
20,507,BIKEWO,SM,54000,38000,70.37
20,508,BIOCON,EQ,2490409,1007608,40.46
20,509,BIOFILCHEM,EQ,70505,38691,54.88
20,510,BIRDYS,SM,3600,3600,100.00
20,511,BIRET,RR,473958,459765,97.01
20,512,BIRLACABLE,EQ,19871,12072,60.75
20,513,BIRLACORPN,EQ,43310,22342,51.59
20,514,BLAL,EQ,113705,64383,56.62
20,515,BLBLIMITED,EQ,190330,150844,79.25
20,516,BLISSGVS,EQ,2075184,644524,31.06
20,517,BLKASHYAP,EQ,625792,369463,59.04
20,518,BLS,EQ,1635583,790427,48.33
20,519,BLSE,EQ,244306,108365,44.36
20,520,BLUEDART,EQ,8318,3018,36.28
20,521,BLUEJET,EQ,67523,46875,69.42
20,522,BLUEPEBBLE,SM,182400,84000,46.05
20,523,BLUESTARCO,EQ,320957,229841,71.61
20,524,BMETRICS,SM,16000,12000,75.00
20,525,BODALCHEM,EQ,578001,234152,40.51
20,526,BOMDYEING,EQ,5941652,1598891,26.91
20,527,BOROLTD,EQ,114419,49814,43.54
20,528,BORORENEW,EQ,191830,74153,38.66
20,529,BOROSCI,EQ,91804,59772,65.11
20,530,BOSCHLTD,EQ,18769,4049,21.57
20,531,BOSS,SM,48000,16000,33.33
20,532,BPCL,EQ,8609636,2680173,31.13
20,533,BPL,EQ,135418,87307,64.47
20,534,BRACEPORT,SM,25600,20800,81.25
20,535,BRIGADE,EQ,104927,43803,41.75
20,536,BRIGHT,SZ,42000,42000,100.00
20,537,BRITANNIA,EQ,296733,179286,60.42
20,538,BRNL,EQ,30045,11457,38.13
20,539,BSE,EQ,2799692,554650,19.81
20,540,BSE500IETF,EQ,66545,41269,62.02
20,541,BSHSL,EQ,19220,9891,51.46
20,542,BSL,EQ,24107,11452,47.50
20,543,BSLGOLDETF,EQ,918263,873428,95.12
20,544,BSLNIFTY,EQ,258641,154390,59.69
20,545,BSLSENETFG,EQ,3996,2364,59.16
20,546,BSOFT,EQ,2197519,895345,40.74
20,547,BTML,EQ,595390,217405,36.51
20,548,BULKCORP,SM,2400,1200,50.00
20,549,BUTTERFLY,EQ,8241,5401,65.54
20,550,BVCL,EQ,42497,22713,53.45
20,551,BYKE,EQ,81500,45353,55.65
20,552,CADSYS,ST,500,500,100.00
20,553,CAMLINFINE,EQ,599494,220532,36.79
20,554,CAMPUS,EQ,424466,184008,43.35
20,555,CAMS,EQ,355443,157638,44.35
20,556,CANARYS,SM,80000,52000,65.00
20,557,CANBK,EQ,13874672,6347879,45.75
20,558,CANFINHOME,EQ,279871,48614,17.37
20,559,CANTABIL,EQ,128195,66005,51.49
20,560,CAPACITE,EQ,690506,297563,43.09
20,561,CAPITALSFB,EQ,26803,19368,72.26
20,562,CAPLIPOINT,EQ,137594,46588,33.86
20,563,CARBORUNIV,EQ,41529,20452,49.25
20,564,CARERATING,EQ,91612,52917,57.76
20,565,CARTRADE,EQ,136188,66996,49.19
20,566,CARYSIL,EQ,53506,36097,67.46
20,567,CASTROLIND,EQ,1982519,974849,49.17
20,568,CBAZAAR,SM,16000,16000,100.00
20,569,CCL,EQ,121165,54835,45.26
20,570,CDSL,EQ,3300832,1119065,33.90
20,571,CEATLTD,EQ,227292,79847,35.13
20,572,CEIGALL,EQ,117748,73455,62.38
20,573,CELEBRITY,EQ,137755,90461,65.67
20,574,CELLECOR,ST,1524000,1398000,91.73
20,575,CELLO,EQ,94215,50780,53.90
20,576,CELLPOINT,SM,12000,7200,60.00
20,577,CENTENKA,EQ,143488,79608,55.48
20,578,CENTRALBK,EQ,3706993,1326196,35.78
20,579,CENTRUM,EQ,184006,73107,39.73
20,580,CENTUM,EQ,11895,5778,48.58
20,581,CENTURYPLY,EQ,118610,72058,60.75
20,582,CERA,EQ,7280,3698,50.80
20,583,CESC,EQ,3629663,1051400,28.97
20,584,CGCL,EQ,56341,24031,42.65
20,585,CGPOWER,EQ,10109948,3674875,36.35
20,586,CGRAPHICS,SM,17600,16000,90.91
20,587,CHALET,EQ,39330,15109,38.42
20,588,CHAMBLFERT,EQ,856848,348260,40.64
20,589,CHAVDA,SM,88000,63000,71.59
20,590,CHEMBOND,EQ,6861,4279,62.37
20,591,CHEMCON,EQ,35516,19122,53.84
20,592,CHEMFAB,EQ,14351,5776,40.25
20,593,CHEMPLASTS,EQ,94461,45450,48.12
20,594,CHENNPETRO,EQ,640481,233005,36.38
20,595,CHETANA,SM,297600,254400,85.48
20,596,CHEVIOT,EQ,2528,1616,63.92
20,597,CHOICEIN,EQ,293665,138846,47.28
20,598,CHOLAFIN,EQ,547781,247346,45.15
20,599,CHOLAHLDNG,EQ,61167,25838,42.24
20,600,CIEINDIA,EQ,146340,81739,55.86
20,601,CIFCZC25,ND,25,25,100.00
20,602,CIGNITITEC,EQ,54252,38700,71.33
20,603,CINELINE,EQ,12850,10269,79.91
20,604,CINEVISTA,EQ,58917,38496,65.34
20,605,CIPLA,EQ,1297970,760785,58.61
20,606,CLEAN,EQ,194562,78817,40.51
20,607,CLOUD,ST,117000,106000,90.60
20,608,CLSEL,EQ,127098,67962,53.47
20,609,CLSL,SM,4000,4000,100.00
20,610,CMMIPL,ST,9000,6000,66.67
20,611,CMNL,ST,49500,42000,84.85
20,612,CMRSL,SM,11200,8800,78.57
20,613,CMSINFO,EQ,248487,126862,51.05
20,614,COALINDIA,EQ,4737527,2450402,51.72
20,615,COASTCORP,EQ,13898,9018,64.89
20,616,COFORGE,EQ,936927,482099,51.46
20,617,COLPAL,EQ,212268,86606,40.80
20,618,COMMITTED,SM,8000,6400,80.00
20,619,COMMOIETF,EQ,53910,42363,78.58
20,620,COMPUSOFT,EQ,88228,58661,66.49
20,621,COMSYN,EQ,55262,14233,25.76
20,622,CONCOR,EQ,1116638,426254,38.17
20,623,CONCORDBIO,EQ,46320,18870,40.74
20,624,CONFIPET,EQ,347374,156940,45.18
20,625,CONS,EQ,4858,3226,66.41
20,626,CONSOFINVT,EQ,57015,32436,56.89
20,627,CONSUMBEES,EQ,249844,206530,82.66
20,628,CONSUMIETF,EQ,74012,37226,50.30
20,629,CONTI,ST,13332,13332,100.00
20,630,CONTROLPR,EQ,19088,11852,62.09
20,631,COOLCAPS,ST,23000,22250,96.74
20,632,CORDSCABLE,EQ,21962,13114,59.71
20,633,COROMANDEL,EQ,557751,369036,66.17
20,634,COSMOFIRST,EQ,34608,22892,66.15
20,635,COUNCODOS,EQ,33564,20881,62.21
20,636,CPS,ST,3600,3600,100.00
20,637,CPSEETF,EQ,3338751,2313262,69.29
20,638,CRAFTSMAN,EQ,60495,47308,78.20
20,639,CRAYONS,SM,10000,7000,70.00
20,640,CREATIVE,EQ,14809,8018,54.14
20,641,CREATIVEYE,EQ,273087,146587,53.68
20,642,CREDITACC,EQ,275475,123365,44.78
20,643,CREST,EQ,53068,24906,46.93
20,644,CRISIL,EQ,363730,65837,18.10
20,645,CROMPTON,EQ,1621722,746157,46.01
20,646,CSBBANK,EQ,304492,170018,55.84
20,647,CSLFINANCE,EQ,46757,31054,66.42
20,648,CUB,EQ,4029954,1974168,48.99
20,649,CUBEXTUB,EQ,61431,43906,71.47
20,650,CUMMINSIND,EQ,470459,125619,26.70
20,651,CYBERMEDIA,EQ,161382,57664,35.73
20,652,CYIENT,EQ,219980,157680,71.68
20,653,CYIENTDLM,EQ,473487,220939,46.66
20,654,DABUR,EQ,1511359,906931,60.01
20,655,DALBHARAT,EQ,1093603,398622,36.45
20,656,DALMIASUG,EQ,132214,49940,37.77
20,657,DAMODARIND,EQ,110775,38487,34.74
20,658,DANGEE,EQ,350949,122728,34.97
20,659,DATAMATICS,EQ,96601,47974,49.66
20,660,DATAPATTNS,EQ,122293,47195,38.59
20,661,DAVANGERE,EQ,1430820,810653,56.66
20,662,DBCORP,EQ,300836,113986,37.89
20,663,DBL,EQ,151634,51309,33.84
20,664,DBOL,EQ,131137,75350,57.46
20,665,DBREALTY,EQ,1458320,755260,51.79
20,666,DBSTOCKBRO,EQ,1206058,236467,19.61
20,667,DCAL,EQ,395196,192504,48.71
20,668,DCBBANK,EQ,979750,575155,58.70
20,669,DCG,SM,16800,12000,71.43
20,670,DCI,EQ,23078,13436,58.22
20,671,DCMNVL,EQ,45354,18036,39.77
20,672,DCMSHRIRAM,EQ,67336,23877,35.46
20,673,DCMSRIND,EQ,77350,47756,61.74
20,674,DCW,EQ,9446171,2411714,25.53
20,675,DCXINDIA,EQ,210677,128609,61.05
20,676,DECCANCE,EQ,3335,2476,74.24
20,677,DECCANTRAN,SM,74400,51600,69.35
20,678,DEEDEV,EQ,127050,68314,53.77
20,679,DEEM,SM,17000,14000,82.35
20,680,DEEPAKFERT,EQ,365915,124291,33.97
20,681,DEEPAKNTR,EQ,158632,39386,24.83
20,682,DEEPINDS,EQ,119054,52639,44.21
20,683,DELAPLEX,SM,10200,9000,88.24
20,684,DELHIVERY,EQ,1406868,949523,67.49
20,685,DELPHIFX,EQ,353331,207386,58.69
20,686,DELTACORP,EQ,803369,400754,49.88
20,687,DELTAMAGNT,EQ,24882,15028,60.40
20,688,DEN,EQ,1220050,610601,50.05
20,689,DENEERS,SM,5400,2400,44.44
20,690,DENORA,EQ,9602,2823,29.40
20,691,DENTALKART,SM,10500,8750,83.33
20,692,DESTINY,ST,39000,39000,100.00
20,693,DEVIT,EQ,192653,107569,55.84
20,694,DEVYANI,EQ,2156391,1498268,69.48
20,695,DHAMPURSUG,EQ,331755,165559,49.90
20,696,DHANBANK,EQ,800371,299853,37.46
20,697,DHANI,EQ,4023416,1597761,39.71
20,698,DHANUKA,EQ,13959,5643,40.43
20,699,DHARMAJ,EQ,74567,41877,56.16
20,700,DHRUV,EQ,14589,11924,81.73
20,701,DHTL,ST,5600,5600,100.00
20,702,DHUNINV,EQ,16788,7459,44.43
20,703,DIAMINESQ,EQ,4503,3358,74.57
20,704,DIAMONDYD,EQ,115652,57872,50.04
20,705,DIFFNKG,EQ,3362282,712760,21.20
20,706,DIGIDRIVE,EQ,38545,29100,75.50
20,707,DIGIKORE,SM,12000,9200,76.67
20,708,DIL,EQ,535277,342151,63.92
20,709,DISHTV,EQ,13102046,5509583,42.05
20,710,DIVGIITTS,EQ,13778,8520,61.84
20,711,DIVISLAB,EQ,566368,364087,64.28
20,712,DIVOPPBEES,EQ,73417,57826,78.76
20,713,DIVYADHAN,SM,44000,30000,68.18
20,714,DIXON,EQ,254268,55269,21.74
20,715,DKEGL,SM,34500,24000,69.57
20,716,DLF,EQ,1786182,426360,23.87
20,717,DLINKINDIA,EQ,170726,83493,48.90
20,718,DLSL25,NW,8,8,100.00
20,719,DMART,EQ,494815,269686,54.50
20,720,DMCC,EQ,10548,6530,61.91
20,721,DODLA,EQ,58053,25019,43.10
20,722,DOLATALGO,EQ,579460,281347,48.55
20,723,DOLLAR,EQ,53818,28007,52.04
20,724,DOLLEX,SM,8000,8000,100.00
20,725,DOMS,EQ,140695,69550,49.43
20,726,DPABHUSHAN,EQ,77091,20096,26.07
20,727,DPEL,SM,186000,123000,66.13
20,728,DPSCLTD,EQ,455580,253503,55.64
20,729,DPWIRES,EQ,11500,7509,65.30
20,730,DRCSYSTEMS,EQ,66875,44771,66.95
20,731,DREAMFOLKS,EQ,107649,51090,47.46
20,732,DREDGECORP,EQ,28633,17134,59.84
20,733,DRONE,ST,75000,73000,97.33
20,734,DRREDDY,EQ,235055,142511,60.63
20,735,DRSDILIP,ST,72000,69600,96.67
20,736,DSSL,EQ,23298,14053,60.32
20,737,DTIL,EQ,21624,9298,43.00
20,738,DTL,SM,13200,12000,90.91
20,739,DUCON,EQ,1706524,1079010,63.23
20,740,DUGLOBAL,SM,5000,5000,100.00
20,741,DURLAX,SM,66000,44000,66.67
20,742,DVL,EQ,107396,33722,31.40
20,743,DWARKESH,EQ,952607,441438,46.34
20,744,DYCL,EQ,98833,55324,55.98
20,745,DYNAMATECH,EQ,10973,4332,39.48
20,746,DYNAMIC,ST,28000,28000,100.00
20,747,EASEMYTRIP,EQ,16243101,3994416,24.59
20,748,EBANKNIFTY,EQ,1597,1348,84.41
20,749,EBBETF0425,EQ,4787,3895,81.37
20,750,EBBETF0430,EQ,91009,90184,99.09
20,751,EBBETF0431,EQ,5784,4552,78.70
20,752,EBBETF0433,EQ,6247,6160,98.61
20,753,ECLERX,EQ,27355,11777,43.05
20,754,ECOSMOBLTY,EQ,143601,73769,51.37
20,755,EDELWEISS,EQ,3133370,1679292,53.59
20,756,EFACTOR,SM,33600,24000,71.43
20,757,EFFWA,ST,33600,33600,100.00
20,758,EFORCE,SM,14400,13200,91.67
20,759,EGOLD,EQ,113637,111828,98.41
20,760,EICHERMOT,EQ,745473,430019,57.68
20,761,EIDPARRY,EQ,268116,160254,59.77
20,762,EIHAHOTELS,EQ,31361,17395,55.47
20,763,EIHOTEL,EQ,254806,109281,42.89
20,764,EIMCOELECO,EQ,7045,4557,64.68
20,765,EKC,EQ,556002,252703,45.45
20,766,ELDEHSG,EQ,1095,661,60.37
20,767,ELECON,EQ,2365271,1255862,53.10
20,768,ELECTCAST,EQ,1443073,756713,52.44
20,769,ELGIEQUIP,EQ,51227,25958,50.67
20,770,ELIN,EQ,177044,90140,50.91
20,771,EMAMILTD,EQ,335377,155880,46.48
20,772,EMAMIPAP,EQ,20510,12155,59.26
20,773,EMAMIREAL,EQ,23315,15753,67.57
20,774,EMBASSY,RR,638226,577341,90.46
20,775,EMBDL,EQ,5754295,2324105,40.39
20,776,EMCURE,EQ,77848,35001,44.96
20,777,EMIL,EQ,663521,348229,52.48
20,778,EMKAYTOOLS,SM,1800,1500,83.33
20,779,EMMBI,EQ,673216,98272,14.60
20,780,EMMIL,SM,4000,4000,100.00
20,781,EMSLIMITED,EQ,448493,209530,46.72
20,782,EMUDHRA,EQ,153418,63346,41.29
20,783,ENDURANCE,EQ,325065,282555,86.92
20,784,ENERGYDEV,EQ,41809,26873,64.28
20,785,ENFUSE,SM,3600,3600,100.00
20,786,ENGINERSIN,EQ,3231623,1287283,39.83
20,787,ENIL,EQ,33583,17707,52.73
20,788,ENTERO,EQ,22527,13313,59.10
20,789,ENVIRO,SM,212000,136000,64.15
20,790,EPIGRAL,EQ,54671,22700,41.52
20,791,EPL,EQ,1775324,792985,44.67
20,792,EQUAL50ADD,EQ,8843,8036,90.87
20,793,EQUITASBNK,EQ,2667961,1573515,58.98
20,794,ERIS,EQ,62538,25627,40.98
20,795,EROSMEDIA,EQ,431504,246942,57.23
20,796,ESABINDIA,EQ,2666,1502,56.34
20,797,ESAFSFB,EQ,559876,280957,50.18
20,798,ESCONET,ST,31200,27200,87.18
20,799,ESCORTS,EQ,104074,33495,32.18
20,800,ESFL,ST,122400,120600,98.53
20,801,ESG,EQ,10771,9473,87.95
20,802,ESILVER,EQ,128734,71055,55.20
20,803,ESPRIT,SM,27200,25600,94.12
20,804,ESSENTIA,EQ,9883504,5093417,51.53
20,805,ESTER,EQ,129061,57619,44.64
20,806,ETHOSLTD,EQ,118267,67004,56.65
20,807,EUREKAFORB,EQ,147802,78717,53.26
20,808,EUROBOND,SM,9000,8000,88.89
20,809,EVEREADY,EQ,149466,73333,49.06
20,810,EVERESTIND,EQ,10938,6120,55.95
20,811,EVINDIA,EQ,653398,368943,56.47
20,812,EXCEL,EQ,9192484,4232708,46.05
20,813,EXCELINDUS,EQ,18207,11154,61.26
20,814,EXCELLENT,SM,4800,4800,100.00
20,815,EXICOM,EQ,268880,163744,60.90
20,816,EXIDEIND,EQ,2242367,630311,28.11
20,817,EXPLEOSOL,EQ,9910,7552,76.21
20,818,EXXARO,EQ,336641,136394,40.52
20,819,FACT,EQ,123910,40473,32.66
20,820,FAIRCHEMOR,EQ,9702,5805,59.83
20,821,FAZE3Q,EQ,11922,7693,64.53
20,822,FCL,EQ,726004,207063,28.52
20,823,FCSSOFT,EQ,2724383,1649329,60.54
20,824,FDC,EQ,101765,50696,49.82
20,825,FEDERALBNK,EQ,9532877,2788800,29.25
20,826,FEDFINA,EQ,283855,147873,52.09
20,827,FELIX,ST,66000,60500,91.67
20,828,FIDEL,SM,5000,5000,100.00
20,829,FIEMIND,EQ,71344,34935,48.97
20,830,FILATEX,EQ,823341,399802,48.56
20,831,FINCABLES,EQ,80458,42694,53.06
20,832,FINEORG,EQ,18713,9824,52.50
20,833,FINIETF,EQ,129189,93458,72.34
20,834,FINOPB,EQ,148977,66937,44.93
20,835,FINPIPE,EQ,2126953,584838,27.50
20,836,FIRSTCRY,EQ,304865,139265,45.68
20,837,FIVESTAR,EQ,1178576,581067,49.30
20,838,FLAIR,EQ,24106,12022,49.87
20,839,FLUOROCHEM,EQ,312760,150097,47.99
20,840,FMCGIETF,EQ,2155033,1286665,59.71
20,841,FMGOETZE,EQ,53382,29688,55.61
20,842,FOCE,ST,200,200,100.00
20,843,FOODSIN,EQ,74741,48711,65.17
20,844,FORCAS,SM,12800,11200,87.50
20,845,FORCEMOT,EQ,18568,9036,48.66
20,846,FORGEAUTO,SM,34800,34800,100.00
20,847,FORTIS,EQ,508325,200708,39.48
20,848,FOSECOIND,EQ,1382,895,64.76
20,849,FROG,SM,230400,144000,62.50
20,850,FSL,EQ,2458773,672598,27.36
20,851,FUSION,EQ,424719,256354,60.36
20,852,GABRIEL,EQ,127438,56126,44.04
20,853,GAEL,EQ,833525,349658,41.95
20,854,GAIL,EQ,8211751,4160745,50.67
20,855,GAJANAND,ST,30000,27000,90.00
20,856,GALAPREC,EQ,57727,21533,37.30
20,857,GALAXYSURF,EQ,13869,4066,29.32
20,858,GANDHAR,EQ,938967,390799,41.62
20,859,GANDHITUBE,EQ,1916,1021,53.29
20,860,GANECOS,EQ,53762,20241,37.65
20,861,GANESHBE,EQ,75335,41730,55.39
20,862,GANESHHOUC,EQ,599272,330684,55.18
20,863,GANGAFORGE,EQ,760919,305235,40.11
20,864,GANGESSECU,EQ,546759,150655,27.55
20,865,GARFIBRES,EQ,70321,21933,31.19
20,866,GARUDA,EQ,1623284,723805,44.59
20,867,GATEWAY,EQ,504510,272044,53.92
20,868,GEECEE,EQ,13846,8403,60.69
20,869,GENCON,EQ,146380,81364,55.58
20,870,GENESYS,EQ,182496,88287,48.38
20,871,GENSOL,EQ,124551,68783,55.22
20,872,GENUSPAPER,EQ,478910,224690,46.92
20,873,GENUSPOWER,EQ,597945,334040,55.86
20,874,GEOJITFSL,EQ,1033689,396126,38.32
20,875,GEPIL,EQ,271760,143216,52.70
20,876,GESHIP,EQ,262354,131197,50.01
20,877,GFLLIMITED,EQ,6109681,1849994,30.28
20,878,GGBL,SM,57600,42600,73.96
20,879,GHCL,EQ,105374,49556,47.03
20,880,GHCLTEXTIL,EQ,246956,136371,55.22
20,881,GICHSGFIN,EQ,161720,85413,52.82
20,882,GICL,SM,162000,162000,100.00
20,883,GICRE,EQ,324610,143035,44.06
20,884,GILLANDERS,EQ,7729,5015,64.89
20,885,GILLETTE,EQ,11950,4332,36.25
20,886,GILT5YBEES,EQ,180559,153442,84.98
20,887,GINNIFILA,EQ,120250,76399,63.53
20,888,GIPCL,EQ,238090,135454,56.89
20,889,GIRIRAJ,SM,250,250,100.00
20,890,GKWLIMITED,EQ,331,155,46.83
20,891,GLAND,EQ,323911,156963,48.46
20,892,GLAXO,EQ,100002,49199,49.20
20,893,GLENMARK,EQ,444549,191401,43.06
20,894,GLOBAL,EQ,52912,28071,53.05
20,895,GLOBALPET,SM,37500,33000,88.00
20,896,GLOBE,EQ,1976961,721835,36.51
20,897,GLOBUSSPR,EQ,126004,59492,47.21
20,898,GLOSTERLTD,EQ,1741,1462,83.97
20,899,GLS,EQ,55960,23858,42.63
20,900,GMBREW,EQ,46415,18501,39.86
20,901,GMDCLTD,EQ,679081,238985,35.19
20,902,GMMPFAUDLR,EQ,80130,52341,65.32
20,903,GMRINFRA,EQ,15886550,5743336,36.15
20,904,GMRP&UI,EQ,1634954,1007952,61.65
20,905,GNA,EQ,78164,27203,34.80
20,906,GNFC,EQ,477001,185037,38.79
20,907,GOACARBON,EQ,34563,16203,46.88
20,908,GOCLCORP,EQ,34646,20418,58.93
20,909,GOCOLORS,EQ,37877,31086,82.07
20,910,GODFRYPHLP,EQ,30178,9007,29.85
20,911,GODHA,EQ,6362073,3762785,59.14
20,912,GODIGIT,EQ,540049,385294,71.34
20,913,GODREJAGRO,EQ,114578,50807,44.34
20,914,GODREJCP,EQ,413489,202009,48.85
20,915,GODREJIND,EQ,109943,53833,48.96
20,916,GODREJPROP,EQ,692787,192117,27.73
20,917,GOKEX,EQ,33263,15533,46.70
20,918,GOKUL,EQ,49967,30206,60.45
20,919,GOKULAGRO,EQ,145404,55282,38.02
20,920,GOLD1,EQ,1118662,1030891,92.15
20,921,GOLDBEES,EQ,15559770,12749912,81.94
20,922,GOLDCASE,EQ,658545,531261,80.67
20,923,GOLDETF,EQ,429601,353121,82.20
20,924,GOLDETFADD,EQ,65816,47662,72.42
20,925,GOLDIAM,EQ,575668,242746,42.17
20,926,GOLDIETF,EQ,2616525,2065019,78.92
20,927,GOLDSHARE,EQ,302385,263850,87.26
20,928,GOLDSTAR,SM,123750,78750,63.64
20,929,GOODLUCK,EQ,57721,27895,48.33
20,930,GOPAL,EQ,611048,283266,46.36
20,931,GOYALALUM,EQ,378099,177215,46.87
20,932,GOYALSALT,SM,15600,13800,88.46
20,933,GPECO,SM,62400,33600,53.85
20,934,GPIL,EQ,4203245,1395042,33.19
20,935,GPPL,EQ,1773168,937213,52.86
20,936,GPTHEALTH,EQ,127658,87678,68.68
20,937,GPTINFRA,EQ,113861,86386,75.87
20,938,GRANULES,EQ,1336685,446173,33.38
20,939,GRAPHISAD,ST,3600,3600,100.00
20,940,GRAPHITE,EQ,535177,181253,33.87
20,941,GRASIM,EQ,322456,162127,50.28
20,942,GRASIMPP1,E1,6127,3165,51.66
20,943,GRAVITA,EQ,343745,106518,30.99
20,944,GRCL,ST,500,500,100.00
20,945,GREAVESCOT,EQ,4600557,1632096,35.48
20,946,GREENCHEF,SM,56800,47200,83.10
20,947,GREENLAM,EQ,25635,13288,51.84
20,948,GREENPANEL,EQ,240274,128685,53.56
20,949,GREENPLY,EQ,293045,104010,35.49
20,950,GREENPOWER,EQ,6724210,3253691,48.39
20,951,GRETEX,ST,6000,6000,100.00
20,952,GRINDWELL,EQ,14005,5387,38.46
20,953,GRINFRA,EQ,25316,10099,39.89
20,954,GRMOVER,EQ,68320,29526,43.22
20,955,GROWWDEFNC,EQ,192239,112267,58.40
20,956,GROWWEV,EQ,602199,424059,70.42
20,957,GROWWLIQID,EQ,134892,114349,84.77
20,958,GRSE,EQ,2590482,429896,16.60
20,959,GRWRHITECH,EQ,56180,27500,48.95
20,960,GSEC10ABSL,EQ,1,1,100.00
20,961,GSEC10IETF,EQ,1771,1765,99.66
20,962,GSEC10YEAR,EQ,317,190,59.94
20,963,GSEC5IETF,EQ,481,247,51.35
20,964,GSFC,EQ,1252305,615481,49.15
20,965,GSLSU,EQ,434800,51615,11.87
20,966,GSMFOILS,ST,8000,8000,100.00
20,967,GSPL,EQ,847507,472349,55.73
20,968,GSS,EQ,13222,10104,76.42
20,969,GSTL,SM,82000,75000,91.46
20,970,GTECJAINX,EQ,1253,716,57.14
20,971,GTL,EQ,1563350,758129,48.49
20,972,GTLINFRA,EQ,61897961,29706235,47.99
20,973,GTPL,EQ,37749,24032,63.66
20,974,GUFICBIO,EQ,328823,176207,53.59
20,975,GUJALKALI,EQ,133458,43423,32.54
20,976,GUJGASLTD,EQ,585272,152170,26.00
20,977,GUJRAFFIA,EQ,3283,2236,68.11
20,978,GULFOILLUB,EQ,43868,19546,44.56
20,979,GULFPETRO,EQ,198725,93925,47.26
20,980,GULPOLY,EQ,158860,70381,44.30
20,981,GVPTECH,EQ,49254,35199,71.46
20,982,HAL,EQ,1095298,464617,42.42
20,983,HAPPSTMNDS,EQ,422301,320973,76.01
20,984,HAPPYFORGE,EQ,38195,28319,74.14
20,985,HARDWYN,EQ,472631,142850,30.22
20,986,HARIOMPIPE,EQ,81865,39391,48.12
20,987,HARSHA,EQ,76247,46848,61.44
20,988,HATHWAY,EQ,1909990,934442,48.92
20,989,HATSUN,EQ,46563,24585,52.80
20,990,HAVELLS,EQ,920339,537957,58.45
20,991,HBLPOWER,EQ,630637,304580,48.30
20,992,HCC,EQ,15276768,4897909,32.06
20,993,HCG,EQ,149984,80001,53.34
20,994,HCLTECH,EQ,1284980,676824,52.67
20,995,HDFCAMC,EQ,607174,212466,34.99
20,996,HDFCBANK,EQ,23274177,12767823,54.86
20,997,HDFCBSE500,EQ,51325,35354,68.88
20,998,HDFCGOLD,EQ,3555391,2579458,72.55
20,999,HDFCGROWTH,EQ,7592,4603,60.63
20,1000,HDFCLIFE,EQ,4508689,2210832,49.03
20,1001,HDFCLIQUID,EQ,1846,1540,83.42
20,1002,HDFCLOWVOL,EQ,29412,22040,74.94
20,1003,HDFCMID150,EQ,392257,340167,86.72
20,1004,HDFCMOMENT,EQ,208176,149878,72.00
20,1005,HDFCNEXT50,EQ,88786,70976,79.94
20,1006,HDFCNIF100,EQ,56986,45520,79.88
20,1007,HDFCNIFBAN,EQ,173323,150451,86.80
20,1008,HDFCNIFIT,EQ,9597,7437,77.49
20,1009,HDFCNIFTY,EQ,78543,59412,75.64
20,1010,HDFCPSUBK,EQ,52467,36957,70.44
20,1011,HDFCPVTBAN,EQ,149266,135539,90.80
20,1012,HDFCQUAL,EQ,11161,6836,61.25
20,1013,HDFCSENSEX,EQ,30575,22412,73.30
20,1014,HDFCSILVER,EQ,1464106,948706,64.80
20,1015,HDFCSML250,EQ,524535,420777,80.22
20,1016,HDFCVALUE,EQ,3444,2751,79.88
20,1017,HEADSUP,EQ,27510,16344,59.41
20,1018,HEALTHADD,EQ,1148,690,60.10
20,1019,HEALTHIETF,EQ,92845,69557,74.92
20,1020,HEALTHY,EQ,191044,135920,71.15
20,1021,HECPROJECT,EQ,24296,6692,27.54
20,1022,HEG,EQ,984424,354205,35.98
20,1023,HEIDELBERG,EQ,760269,361158,47.50
20,1024,HEMIPROP,EQ,586509,258983,44.16
20,1025,HERANBA,EQ,126247,54723,43.35
20,1026,HERITGFOOD,EQ,516997,313266,60.59
20,1027,HEROMOTOCO,EQ,740720,326233,44.04
20,1028,HESTERBIO,EQ,1459,696,47.70
20,1029,HEUBACHIND,EQ,196989,116314,59.05
20,1030,HFCL,EQ,17190104,6301821,36.66
20,1031,HGINFRA,EQ,82659,44338,53.64
20,1032,HGS,EQ,19773,10466,52.93
20,1033,HIGREEN,ST,62400,59200,94.87
20,1034,HIKAL,EQ,624595,181610,29.08
20,1035,HIL,EQ,11119,6243,56.15
20,1036,HILTON,EQ,197781,134817,68.16
20,1037,HIMATSEIDE,EQ,931882,449258,48.21
20,1038,HINDALCO,EQ,2981749,1053531,35.33
20,1039,HINDCOMPOS,EQ,10099,5808,57.51
20,1040,HINDCON,EQ,71520,19948,27.89
20,1041,HINDCOPPER,EQ,2881120,1198438,41.60
20,1042,HINDOILEXP,EQ,442930,212083,47.88
20,1043,HINDPETRO,EQ,9263679,4118832,44.46
20,1044,HINDUNILVR,EQ,792345,489818,61.82
20,1045,HINDWAREAP,EQ,310759,210626,67.78
20,1046,HINDZINC,EQ,2266446,1271366,56.10
20,1047,HIRECT,EQ,176906,64946,36.71
20,1048,HISARMETAL,EQ,24956,3236,12.97
20,1049,HITECH,EQ,1333975,749497,56.19
20,1050,HITECHCORP,EQ,61434,38099,62.02
20,1051,HLEGLAS,EQ,87556,58419,66.72
20,1052,HLVLTD,EQ,2832796,919199,32.45
20,1053,HMAAGRO,EQ,116573,65947,56.57
20,1054,HMVL,EQ,108844,68429,62.87
20,1055,HNDFDS,EQ,84141,43695,51.93
20,1056,HNGSNGBEES,EQ,397104,295274,74.36
20,1057,HOACFOODS,SM,3000,3000,100.00
20,1058,HOMEFIRST,EQ,196465,94082,47.89
20,1059,HOMESFY,SM,300,300,100.00
20,1060,HONASA,EQ,166816,62873,37.69
20,1061,HONAUT,EQ,3439,1663,48.36
20,1062,HONDAPOWER,EQ,8697,2843,32.69
20,1063,HPAL,EQ,110186,56487,51.27
20,1064,HPIL,EQ,3330,1316,39.52
20,1065,HPL,EQ,83507,41328,49.49
20,1066,HRHNEXT,ST,12000,12000,100.00
20,1067,HSCL,EQ,1793274,531793,29.65
20,1068,HTMEDIA,EQ,483164,216503,44.81
20,1069,HUDCO,EQ,2496700,1202658,48.17
20,1070,HUHTAMAKI,EQ,92790,46526,50.14
20,1071,HVAX,SM,104700,75900,72.49
20,1072,IBLFL,ST,20000,20000,100.00
20,1073,ICCL25,NS,26,26,100.00
20,1074,ICDSLTD,EQ,1191,819,68.77
20,1075,ICEMAKE,EQ,42036,15953,37.95
20,1076,ICICIB22,EQ,436698,299574,68.60
20,1077,ICICIBANK,EQ,7742775,4567006,58.98
20,1078,ICICIGI,EQ,1651160,985693,59.70
20,1079,ICICIPRULI,EQ,588290,238830,40.60
20,1080,ICIL,EQ,162122,79927,49.30
20,1081,ICRA,EQ,3040,1422,46.78
20,1082,IDBI,EQ,3661608,1305231,35.65
20,1083,IDEA,EQ,484398463,171299004,35.36
20,1084,IDEAFORGE,EQ,399815,158651,39.68
20,1085,IDEALTECHO,SM,8000,6000,75.00
20,1086,IDFCFIRSTB,EQ,27168829,9490173,34.93
20,1087,IDFNIFTYET,EQ,1656,1277,77.11
20,1088,IEL,EQ,186888,141064,75.48
20,1089,IEML,SM,11000,8000,72.73
20,1090,IEX,EQ,4088919,1396804,34.16
20,1091,IFBAGRO,EQ,3654,1485,40.64
20,1092,IFBIND,EQ,155132,50375,32.47
20,1093,IFCI,EQ,7869534,3420388,43.46
20,1094,IFCIZC24,NI,42,42,100.00
20,1095,IFGLEXPOR,EQ,5803,3667,63.19
20,1096,IGARASHI,EQ,72066,44778,62.13
20,1097,IGL,EQ,2411406,730627,30.30
20,1098,IGPL,EQ,44003,28486,64.74
20,1099,IIFL,EQ,1346254,700563,52.04
20,1100,IIFLSEC,EQ,799362,402234,50.32
20,1101,IIFLZC25,ND,35,35,100.00
20,1102,IIFLZC25A,NP,179,179,100.00
20,1103,IIFLZC25B,NW,28,28,100.00
20,1104,IIFLZC25C,N8,1,1,100.00
20,1105,IIFLZC26,NN,435,435,100.00
20,1106,IIFLZC28B,Y1,109,109,100.00
20,1107,IIFLZC28C,N6,103,53,51.46
20,1108,IKIO,EQ,113241,67289,59.42
20,1109,IMAGICAA,EQ,745391,390823,52.43
20,1110,IMC1,N0,139,139,100.00
20,1111,IMC1,N1,214,132,61.68
20,1112,IMC1,N2,32,32,100.00
20,1113,IMC1,N3,74,74,100.00
20,1114,IMFA,EQ,61961,34474,55.64
20,1115,IMPAL,EQ,3317,2438,73.50
20,1116,INDBANK,EQ,77177,37630,48.76
20,1117,INDGN,EQ,549429,291680,53.09
20,1118,INDHOTEL,EQ,7839775,2292687,29.24
20,1119,INDIACEM,EQ,624894,386847,61.91
20,1120,INDIAGLYCO,EQ,104650,47361,45.26
20,1121,INDIAMART,EQ,5190298,1478055,28.48
20,1122,INDIANB,EQ,752975,435077,57.78
20,1123,INDIANCARD,EQ,13799,7541,54.65
20,1124,INDIANHUME,EQ,78669,44417,56.46
20,1125,INDIASHLTR,EQ,40258,14863,36.92
20,1126,INDIFRA,SM,4000,4000,100.00
20,1127,INDIGO,EQ,848568,485596,57.23
20,1128,INDIGOPNTS,EQ,1106709,325431,29.41
20,1129,INDIGRID,IV,379599,315164,83.03
20,1130,INDNIPPON,EQ,7791,5111,65.60
20,1131,INDOAMIN,EQ,278333,125675,45.15
20,1132,INDOBORAX,EQ,60103,34803,57.91
20,1133,INDOCO,EQ,43459,21579,49.65
20,1134,INDORAMA,EQ,125402,78348,62.48
20,1135,INDOSTAR,EQ,775467,399837,51.56
20,1136,INDOUS,EQ,2808,2305,82.09
20,1137,INDOWIND,EQ,291704,196551,67.38
20,1138,INDRAMEDCO,EQ,157512,73494,46.66
20,1139,INDSWFTLTD,EQ,33901,11974,35.32
20,1140,INDTERRAIN,EQ,49070,24037,48.99
20,1141,INDUSINDBK,EQ,5862686,3389549,57.82
20,1142,INDUSTOWER,EQ,8530940,4168491,48.86
20,1143,INFIBEAM,EQ,5999595,2516863,41.95
20,1144,INFINIUM,ST,12000,11500,95.83
20,1145,INFOBEAN,EQ,17902,9268,51.77
20,1146,INFOLLION,SM,42400,37600,88.68
20,1147,INFRABEES,EQ,7932,4050,51.06
20,1148,INFRAIETF,EQ,99075,44247,44.66
20,1149,INFY,EQ,4654601,2343503,50.35
20,1150,INGERRAND,EQ,6760,3346,49.50
20,1151,INM,SM,1200,1200,100.00
20,1152,INNOMET,SM,50400,38400,76.19
20,1153,INNOVACAP,EQ,25440,14814,58.23
20,1154,INNOVANA,SM,400,400,100.00
20,1155,INOXGREEN,EQ,1199628,490084,40.85
20,1156,INOXINDIA,EQ,78591,47750,60.76
20,1157,INOXWIND,EQ,5845556,1985616,33.97
20,1158,INSECTICID,EQ,105118,73506,69.93
20,1159,INSPIRE,SM,4000,4000,100.00
20,1160,INTELLECT,EQ,164530,66043,40.14
20,1161,INTERARCH,EQ,448642,156605,34.91
20,1162,INTLCONV,EQ,348494,154538,44.34
20,1163,INVENTURE,EQ,3877019,1881836,48.54
20,1164,IOB,EQ,5655908,1690039,29.88
20,1165,IOC,EQ,20627025,9329466,45.23
20,1166,IOLCP,EQ,280198,119458,42.63
20,1167,IONEXCHANG,EQ,338664,137392,40.57
20,1168,IPCALAB,EQ,644123,369052,57.30
20,1169,IPHL,SM,16800,12000,71.43
20,1170,IPL,EQ,116821,69038,59.10
20,1171,IRB,EQ,11713948,5533462,47.24
20,1172,IRBINVIT,IV,180726,156330,86.50
20,1173,IRCON,EQ,2698786,988314,36.62
20,1174,IRCTC,EQ,964444,448651,46.52
20,1175,IREDA,EQ,4784083,2400405,50.17
20,1176,IRFC,EQ,10148561,4034464,39.75
20,1177,IRISDOREME,EQ,103421,35696,34.52
20,1178,IRMENERGY,EQ,103261,56034,54.26
20,1179,ISEC,EQ,152497,79451,52.10
20,1180,ISGEC,EQ,35075,16520,47.10
20,1181,ISHAN,ST,672000,576000,85.71
20,1182,IT,EQ,42041,30731,73.10
20,1183,ITALIANE,ST,24000,24000,100.00
20,1184,ITBEES,EQ,3299389,1910019,57.89
20,1185,ITC,EQ,7395274,4129781,55.84
20,1186,ITDC,EQ,16471,8054,48.90
20,1187,ITDCEM,EQ,689514,380528,55.19
20,1188,ITETF,EQ,273622,249333,91.12
20,1189,ITETFADD,EQ,4692,4237,90.30
20,1190,ITI,EQ,876976,153372,17.49
20,1191,ITIETF,EQ,520307,338781,65.11
20,1192,IVP,EQ,10036,6969,69.44
20,1193,IVZINGOLD,EQ,1396,1274,91.26
20,1194,IVZINNIFTY,EQ,16,16,100.00
20,1195,IXIGO,EQ,467098,216261,46.30
20,1196,JAGRAN,EQ,196102,125150,63.82
20,1197,JAGSNPHARM,EQ,324228,112008,34.55
20,1198,JAIBALAJI,EQ,167028,127830,76.53
20,1199,JAICORPLTD,EQ,603942,160142,26.52
20,1200,JAIPURKURT,EQ,36592,17173,46.93
20,1201,JALAN,SM,21000,18000,85.71
20,1202,JAMNAAUTO,EQ,1679498,800722,47.68
20,1203,JASH,EQ,42624,24580,57.67
20,1204,JAYAGROGN,EQ,28944,20629,71.27
20,1205,JAYBARMARU,EQ,56340,31782,56.41
20,1206,JAYBEE,SM,211000,139000,65.88
20,1207,JAYNECOIND,EQ,270649,150627,55.65
20,1208,JAYSREETEA,EQ,179653,77608,43.20
20,1209,JBCHEPHARM,EQ,122152,88159,72.17
20,1210,JBMA,EQ,203369,41959,20.63
20,1211,JCHAC,EQ,70841,38312,54.08
20,1212,JEYYAM,SM,182000,172000,94.51
20,1213,JFLLIFE,SM,6000,6000,100.00
20,1214,JGCHEM,EQ,149743,68699,45.88
20,1215,JHS,EQ,114504,67104,58.60
20,1216,JINDALPHOT,EQ,73689,37809,51.31
20,1217,JINDALPOLY,EQ,49753,13161,26.45
20,1218,JINDALSAW,EQ,6327201,2284667,36.11
20,1219,JINDALSTEL,EQ,1659103,840276,50.65
20,1220,JINDRILL,EQ,91395,43169,47.23
20,1221,JINDWORLD,EQ,140801,98422,69.90
20,1222,JIOFIN,EQ,8404918,3886257,46.24
20,1223,JISLDVREQS,EQ,171869,64558,37.56
20,1224,JISLJALEQS,EQ,1955863,1080898,55.26
20,1225,JITFINFRA,EQ,35224,17684,50.20
20,1226,JIWANRAM,SM,6000,6000,100.00
20,1227,J&KBANK,EQ,1401684,687415,49.04
20,1228,JKCEMENT,EQ,32634,9395,28.79
20,1229,JKIL,EQ,129712,65551,50.54
20,1230,JKLAKSHMI,EQ,77550,30980,39.95
20,1231,JKPAPER,EQ,340624,128560,37.74
20,1232,JKTYRE,EQ,951536,347003,36.47
20,1233,JLHL,EQ,11070,5392,48.71
20,1234,JMA,EQ,20775,9528,45.86
20,1235,JMFINANCIL,EQ,55839326,10132834,18.15
20,1236,JNKINDIA,EQ,21488,11972,55.71
20,1237,JOCIL,EQ,7486,5397,72.09
20,1238,JPOLYINVST,EQ,192445,61800,32.11
20,1239,JPPOWER,EQ,53036585,21189605,39.95
20,1240,JSFB,EQ,156995,101262,64.50
20,1241,JSL,EQ,1893671,1261083,66.59
20,1242,JSLL,SM,14940,11700,78.31
20,1243,JSWENERGY,EQ,1609539,454606,28.24
20,1244,JSWHL,EQ,99244,13443,13.55
20,1245,JSWINFRA,EQ,1602658,930350,58.05
20,1246,JSWSTEEL,EQ,953143,369426,38.76
20,1247,JTEKTINDIA,EQ,173721,98681,56.80
20,1248,JTLIND,EQ,331894,167468,50.46
20,1249,JUBLFOOD,EQ,2317481,553814,23.90
20,1250,JUBLINDS,EQ,4074,2891,70.96
20,1251,JUBLINGREA,EQ,497830,232504,46.70
20,1252,JUBLPHARMA,EQ,140604,55196,39.26
20,1253,JUNIORBEES,EQ,325284,244457,75.15
20,1254,JUNIPER,EQ,86936,51820,59.61
20,1255,JUSTDIAL,EQ,179838,76876,42.75
20,1256,JWL,EQ,583254,246507,42.26
20,1257,JYOTHYLAB,EQ,225132,89205,39.62
20,1258,JYOTICNC,EQ,59358,33014,55.62
20,1259,JYOTISTRUC,EQ,7043015,4090621,58.08
20,1260,K2INFRA,SM,57600,36000,62.50
20,1261,KABRAEXTRU,EQ,123981,81053,65.38
20,1262,KAJARIACER,EQ,59623,33102,55.52
20,1263,KAKATCEM,EQ,4795,2522,52.60
20,1264,KALAMANDIR,EQ,136591,75829,55.52
20,1265,KALANA,SM,36000,26000,72.22
20,1266,KALYANIFRG,EQ,1133,676,59.66
20,1267,KALYANKJIL,EQ,5844773,2183282,37.35
20,1268,KAMATHOTEL,EQ,37509,28033,74.74
20,1269,KAMDHENU,EQ,245123,163166,66.56
20,1270,KANANIIND,EQ,337188,254811,75.57
20,1271,KANDARP,ST,4000,4000,100.00
20,1272,KANORICHEM,EQ,76162,32180,42.25
20,1273,KANPRPLA,EQ,22970,10299,44.84
20,1274,KANSAINER,EQ,356230,212348,59.61
20,1275,KAPSTON,EQ,7004,4355,62.18
20,1276,KARNIKA,ST,3200,3200,100.00
20,1277,KARURVYSYA,EQ,6149173,1841143,29.94
20,1278,KATARIA,SM,175200,136800,78.08
20,1279,KAUSHALYA,EQ,454,352,77.53
20,1280,KAYNES,EQ,205547,66708,32.45
20,1281,KBCGLOBAL,EQ,37232623,9629996,25.86
20,1282,KCEIL,SM,41500,32500,78.31
20,1283,KCK,ST,12000,10000,83.33
20,1284,KCP,EQ,175820,82531,46.94
20,1285,KDDL,EQ,15284,7976,52.19
20,1286,KDL,ST,3700,3500,94.59
20,1287,KEC,EQ,189717,84979,44.79
20,1288,KECL,EQ,263740,114198,43.30
20,1289,KEI,EQ,306633,124859,40.72
20,1290,KEL,ST,2400,2400,100.00
20,1291,KELLTONTEC,EQ,1203328,453731,37.71
20,1292,KERNEX,EQ,96567,54546,56.49
20,1293,KESORAMIND,EQ,1410754,673039,47.71
20,1294,KFINTECH,EQ,283836,116324,40.98
20,1295,KHADIM,EQ,24334,9756,40.09
20,1296,KHAICHEM,EQ,148460,73352,49.41
20,1297,KHANDSE,EQ,17071,9031,52.90
20,1298,KHFM,SM,34100,34100,100.00
20,1299,KICL,EQ,3610,3610,100.00
20,1300,KILITCH,EQ,4469,3027,67.73
20,1301,KIMS,EQ,197204,94348,47.84
20,1302,KINGFA,EQ,6645,3885,58.47
20,1303,KIOCL,EQ,22165,12029,54.27
20,1304,KIRIINDUS,EQ,632212,379404,60.01
20,1305,KIRLOSBROS,EQ,149238,60133,40.29
20,1306,KIRLOSENG,EQ,164464,101046,61.44
20,1307,KIRLOSIND,EQ,5728,3294,57.51
20,1308,KIRLPNU,EQ,124378,51873,41.71
20,1309,KITEX,EQ,290644,149838,51.55
20,1310,KKCL,EQ,12384,8237,66.51
20,1311,KKVAPOW,SM,156,156,100.00
20,1312,KLL,SM,22400,20800,92.86
20,1313,KMSUGAR,EQ,198550,96858,48.78
20,1314,KNAGRI,ST,62400,58400,93.59
20,1315,KNRCON,EQ,466220,222408,47.70
20,1316,KODYTECH,SM,8800,5300,60.23
20,1317,KOHINOOR,EQ,127072,70600,55.56
20,1318,KOKUYOCMLN,EQ,89391,48013,53.71
20,1319,KOLTEPATIL,EQ,477227,146380,30.67
20,1320,KONSTELEC,SM,25000,16000,64.00
20,1321,KONTOR,ST,20400,15600,76.47
20,1322,KOPRAN,EQ,937947,439458,46.85
20,1323,KORE,SM,4500,4000,88.89
20,1324,KOTAKBANK,EQ,13178137,7787912,59.10
20,1325,KOTARISUG,EQ,93076,38816,41.70
20,1326,KOTHARIPET,EQ,92238,45207,49.01
20,1327,KOTYARK,SM,247100,153200,62.00
20,1328,KPIL,EQ,76839,49517,64.44
20,1329,KPITTECH,EQ,512449,219433,42.82
20,1330,KPRMILL,EQ,206466,158293,76.67
20,1331,KRBL,EQ,353608,132106,37.36
20,1332,KRIDHANINF,EQ,171085,160980,94.09
20,1333,KRISHANA,EQ,15674,12041,76.82
20,1334,KRISHCA,SM,20000,16500,82.50
20,1335,KRISHIVAL,SM,1000,1000,100.00
20,1336,KRISHNADEF,ST,19000,18000,94.74
20,1337,KRITI,EQ,19537,14227,72.82
20,1338,KRN,EQ,413276,151130,36.57
20,1339,KRONOX,EQ,107363,54071,50.36
20,1340,KROSS,EQ,427136,246765,57.77
20,1341,KRSNAA,EQ,107948,47520,44.02
20,1342,KRYSTAL,EQ,67765,38598,56.96
20,1343,KSB,EQ,110866,74142,66.88
20,1344,KSCL,EQ,69302,36960,53.33
20,1345,KSHITIJPOL,EQ,12180727,4996280,41.02
20,1346,KSL,EQ,33368,17841,53.47
20,1347,KSOLVES,EQ,63840,41804,65.48
20,1348,KTKBANK,EQ,2337715,1747199,74.74
20,1349,KTL,ST,12000,12000,100.00
20,1350,KUANTUM,EQ,66815,38885,58.20
20,1351,LAGNAM,EQ,10616,2222,20.93
20,1352,LALPATHLAB,EQ,108212,30020,27.74
20,1353,LAMBODHARA,EQ,15903,8856,55.69
20,1354,LANCORHOL,EQ,39988,27151,67.90
20,1355,LANDMARK,EQ,37337,21904,58.67
20,1356,LAOPALA,EQ,83524,43506,52.09
20,1357,LATENTVIEW,EQ,247892,135260,54.56
20,1358,LAURUSLABS,EQ,1396466,689964,49.41
20,1359,LAWSIKHO,SM,25500,21000,82.35
20,1360,LAXMICOT,EQ,76421,31572,41.31
20,1361,LEMERITE,ST,28800,22400,77.78
20,1362,LEMONTREE,EQ,2091218,947987,45.33
20,1363,LEXUS,EQ,31614,12548,39.69
20,1364,LGBBROSLTD,EQ,48371,26394,54.57
20,1365,LIBAS,EQ,128967,73160,56.73
20,1366,LICHSGFIN,EQ,1393400,661625,47.48
20,1367,LICI,EQ,767516,364863,47.54
20,1368,LICMFGOLD,EQ,1063,941,88.52
20,1369,LICNETFGSC,EQ,14926,12723,85.24
20,1370,LICNETFN50,EQ,2490,1229,49.36
20,1371,LICNETFSEN,EQ,225,158,70.22
20,1372,LICNFNHGP,EQ,1053,413,39.22
20,1373,LICNMID100,EQ,11140,9770,87.70
20,1374,LIKHITHA,EQ,51561,29024,56.29
20,1375,LINC,EQ,22141,13789,62.28
20,1376,LINCOLN,EQ,36159,21931,60.65
20,1377,LINDEINDIA,EQ,26973,12115,44.92
20,1378,LIQUID,EQ,304487,46661,15.32
20,1379,LIQUID1,EQ,65096,43530,66.87
20,1380,LIQUIDADD,EQ,552013,277303,50.23
20,1381,LIQUIDBEES,EQ,4415085,3623956,82.08
20,1382,LIQUIDBETF,EQ,1269,567,44.68
20,1383,LIQUIDCASE,EQ,5854537,3698883,63.18
20,1384,LIQUIDETF,EQ,381953,307642,80.54
20,1385,LIQUIDIETF,EQ,608653,404392,66.44
20,1386,LIQUIDSBI,EQ,4039,2532,62.69
20,1387,LIQUIDSHRI,EQ,21511,19929,92.65
20,1388,LLOYDS,SM,5000,4000,80.00
20,1389,LLOYDSENGG,EQ,7136365,2068330,28.98
20,1390,LLOYDSENT,EQ,713173,472825,66.30
20,1391,LLOYDSME,EQ,639332,318590,49.83
20,1392,LMW,EQ,8371,4574,54.64
20,1393,LODHA,EQ,509391,235933,46.32
20,1394,LOKESHMACH,EQ,41028,24588,59.93
20,1395,LORDSCHLO,EQ,9054,5570,61.52
20,1396,LOWVOL,EQ,760,496,65.26
20,1397,LOWVOL1,EQ,51200,32113,62.72
20,1398,LOWVOLIETF,EQ,2712287,2294040,84.58
20,1399,LOYALTEX,EQ,996,616,61.85
20,1400,LPDC,EQ,172963,93146,53.85
20,1401,LRRPL,ST,9000,9000,100.00
20,1402,LT,EQ,1750549,1133452,64.75
20,1403,LTF,EQ,15051766,7575627,50.33
20,1404,LTFOODS,EQ,1333871,1014447,76.05
20,1405,LTGILTBEES,EQ,2794376,1963311,70.26
20,1406,LTIM,EQ,307418,141266,45.95
20,1407,LTTS,EQ,263006,99369,37.78
20,1408,LUMAXIND,EQ,7834,5218,66.61
20,1409,LUMAXTECH,EQ,72017,44205,61.38
20,1410,LUPIN,EQ,931913,316897,34.00
20,1411,LUXIND,EQ,62419,31246,50.06
20,1412,LXCHEM,EQ,862549,363065,42.09
20,1413,LYKALABS,EQ,70630,39434,55.83
20,1414,MAANALU,EQ,384818,178173,46.30
20,1415,MACOBSTECH,SM,108800,104000,95.59
20,1416,MADHAV,EQ,4956,3339,67.37
20,1417,MADHUSUDAN,SM,35000,25000,71.43
20,1418,MADRASFERT,EQ,110769,42384,38.26
20,1419,MAFANG,EQ,434287,299276,68.91
20,1420,MAGADSUGAR,EQ,17090,8699,50.90
20,1421,MAGNUM,EQ,101332,54678,53.96
20,1422,MAGSON,SM,6000,6000,100.00
20,1423,MAHABANK,EQ,10078192,4161289,41.29
20,1424,MAHEPC,EQ,29613,19541,65.99
20,1425,MAHESHWARI,EQ,24188,11273,46.61
20,1426,MAHICKRA,SM,6750,4500,66.67
20,1427,MAHKTECH,EQ,1440375,1206754,83.78
20,1428,MAHLIFE,EQ,318424,261042,81.98
20,1429,MAHLOG,EQ,143315,55032,38.40
20,1430,MAHSCOOTER,EQ,106083,35799,33.75
20,1431,MAHSEAMLES,EQ,250693,141304,56.37
20,1432,MAITHANALL,EQ,39736,23811,59.92
20,1433,MAITREYA,ST,8800,8000,90.91
20,1434,MAKEINDIA,EQ,28363,16834,59.35
20,1435,MAKS,SM,3000,1500,50.00
20,1436,MAL,SM,57600,8000,13.89
20,1437,MALUPAPER,EQ,25960,17361,66.88
20,1438,MANAKALUCO,EQ,34630,26693,77.08
20,1439,MANAKSIA,EQ,76941,51553,67.00
20,1440,MANAKSTEEL,EQ,91784,55097,60.03
20,1441,MANALIPETC,EQ,148361,81798,55.13
20,1442,MANAPPURAM,EQ,30509998,8514028,27.91
20,1443,MANBA,EQ,763717,390294,51.10
20,1444,MANCREDIT,EQ,34097,10260,30.09
20,1445,MANDEEP,SM,10000,8000,80.00
20,1446,MANGALAM,EQ,14123,6981,49.43
20,1447,MANGCHEFER,EQ,191553,115719,60.41
20,1448,MANGLMCEM,EQ,59788,36857,61.65
20,1449,MANINDS,EQ,329039,188051,57.15
20,1450,MANINFRA,EQ,657458,340638,51.81
20,1451,MANKIND,EQ,135965,67899,49.94
20,1452,MANORAMA,EQ,135798,75506,55.60
20,1453,MANUGRAPH,EQ,44028,27431,62.30
20,1454,MANYAVAR,EQ,101152,48148,47.60
20,1455,MAPMYINDIA,EQ,58293,28217,48.41
20,1456,MARALOVER,EQ,31118,9697,31.16
20,1457,MARATHON,EQ,43018,24855,57.78
20,1458,MARCO,SM,9000,6000,66.67
20,1459,MARICO,EQ,1528718,770705,50.42
20,1460,MARINE,EQ,219194,143907,65.65
20,1461,MARINETRAN,SM,8000,8000,100.00
20,1462,MARKSANS,EQ,1997473,858260,42.97
20,1463,MARSHALL,EQ,194392,60207,30.97
20,1464,MARUTI,EQ,375275,178587,47.59
20,1465,MASFIN,EQ,595133,472615,79.41
20,1466,MASON,SM,12000,12000,100.00
20,1467,MASPTOP50,EQ,116900,89526,76.58
20,1468,MASTEK,EQ,522985,194124,37.12
20,1469,MATRIMONY,EQ,123599,65755,53.20
20,1470,MAWANASUG,EQ,83459,54908,65.79
20,1471,MAXESTATES,EQ,149661,94327,63.03
20,1472,MAXHEALTH,EQ,1750064,1347812,77.02
20,1473,MAXIND,EQ,45697,19883,43.51
20,1474,MAXPOSURE,SM,22000,18000,81.82
20,1475,MAYURUNIQ,EQ,58359,26722,45.79
20,1476,MAZDA,EQ,2856,1606,56.23
20,1477,MAZDOCK,EQ,4921316,622696,12.65
20,1478,MBAPL,EQ,24790,14851,59.91
20,1479,MCL,EQ,56263,24245,43.09
20,1480,MCLEODRUSS,EQ,968995,599899,61.91
20,1481,MCON,SM,7000,6000,85.71
20,1482,MCX,EQ,958948,213049,22.22
20,1483,MDL,SM,4000,4000,100.00
20,1484,MEDANTA,EQ,661686,433909,65.58
20,1485,MEDIASSIST,EQ,207672,138181,66.54
20,1486,MEDICAMEQ,EQ,29807,14886,49.94
20,1487,MEDIORG,ST,12000,12000,100.00
20,1488,MEDPLUS,EQ,113811,77121,67.76
20,1489,MEGAFLEX,ST,21000,21000,100.00
20,1490,MEGASTAR,EQ,8689,6930,79.76
20,1491,MEGATHERM,SM,25600,18800,73.44
20,1492,MENONBE,EQ,33241,16087,48.40
20,1493,METAL,EQ,90475,82005,90.64
20,1494,METALIETF,EQ,3142713,1407161,44.78
20,1495,METROBRAND,EQ,53470,18753,35.07
20,1496,METROPOLIS,EQ,27455,5884,21.43
20,1497,MFSL,EQ,1301701,1038664,79.79
20,1498,MGEL,EQ,528134,289614,54.84
20,1499,MGL,EQ,579705,131455,22.68
20,1500,MHHL,SM,37500,13500,36.00
20,1501,MHLXMIRU,EQ,4403,2264,51.42
20,1502,MHRIL,EQ,144042,57690,40.05
20,1503,MICEL,EQ,449136,276142,61.48
20,1504,MICROPRO,SM,9600,8000,83.33
20,1505,MID150BEES,EQ,514677,399480,77.62
20,1506,MID150CASE,EQ,552308,471802,85.42
20,1507,MIDCAP,EQ,50631,33435,66.04
20,1508,MIDCAPETF,EQ,1992536,1658221,83.22
20,1509,MIDCAPIETF,EQ,1279507,596973,46.66
20,1510,MIDHANI,EQ,213303,101810,47.73
20,1511,MIDQ50ADD,EQ,7609,5575,73.27
20,1512,MIDSELIETF,EQ,511804,370886,72.47
20,1513,MIDSMALL,EQ,404459,274768,67.93
20,1514,MIEL,ST,14000,12000,85.71
20,1515,MINDACORP,EQ,307163,126251,41.10
20,1516,MINDSPACE,RR,210368,180736,85.91
20,1517,MIRZAINT,EQ,100304,59289,59.11
20,1518,MITCON,EQ,38818,17282,44.52
20,1519,MITCONPP,E1,60,32,53.33
20,1520,MITTAL,EQ,1491768,1148413,76.98
20,1521,M&M,EQ,5059952,3421790,67.62
20,1522,M&MFIN,EQ,4688838,2779550,59.28
20,1523,MMFL,EQ,36469,22208,60.90
20,1524,MMTC,EQ,1689713,631639,37.38
20,1525,MNC,EQ,108106,89149,82.46
20,1526,MODEFENCE,EQ,134241,88013,65.56
20,1527,MOGSEC,EQ,26812,24274,90.53
20,1528,MOHEALTH,EQ,68599,58386,85.11
20,1529,MOHITIND,EQ,64111,31631,49.34
20,1530,MOIL,EQ,404505,180572,44.64
20,1531,MOL,EQ,4075788,1556437,38.19
20,1532,MOLDTECH,EQ,36039,19200,53.28
20,1533,MOLDTKPAC,EQ,83728,63405,75.73
20,1534,MOLOWVOL,EQ,146292,113162,77.35
20,1535,MOM100,EQ,384150,276417,71.96
20,1536,MOM30IETF,EQ,2590904,1550290,59.84
20,1537,MOM50,EQ,8555,6281,73.42
20,1538,MOMENTUM,EQ,149331,79633,53.33
20,1539,MOMENTUM50,EQ,331563,309758,93.42
20,1540,MOMOMENTUM,EQ,856332,768930,89.79
20,1541,MON100,EQ,704695,528068,74.94
20,1542,MONARCH,EQ,110701,49259,44.50
20,1543,MONIFTY500,EQ,940110,828840,88.16
20,1544,MONOPHARMA,SM,2000,2000,100.00
20,1545,MONQ50,EQ,436403,326858,74.90
20,1546,MONTECARLO,EQ,20447,10209,49.93
20,1547,MOQUALITY,EQ,6227,3288,52.80
20,1548,MOREALTY,EQ,64591,43470,67.30
20,1549,MOREPENLAB,EQ,8318421,2519863,30.29
20,1550,MOS,ST,272800,269600,98.83
20,1551,MOSMALL250,EQ,1273948,1098003,86.19
20,1552,MOTHERSON,EQ,8938490,4194000,46.92
20,1553,MOTILALOFS,EQ,5124383,992582,19.37
20,1554,MOTOGENFIN,EQ,9124,7327,80.30
20,1555,MOVALUE,EQ,124189,97465,78.48
20,1556,MPHASIS,EQ,710843,194790,27.40
20,1557,MPSLTD,EQ,21279,14776,69.44
20,1558,MRF,EQ,9788,2020,20.64
20,1559,MRO-TEK,EQ,123323,47586,38.59
20,1560,MRPL,EQ,3872796,1101492,28.44
20,1561,MSTCLTD,EQ,302192,98253,32.51
20,1562,MSUMI,EQ,3492414,2051516,58.74
20,1563,MTARTECH,EQ,93460,37771,40.41
20,1564,MTNL,EQ,2056316,811088,39.44
20,1565,MUFIN,EQ,120814,76968,63.71
20,1566,MUFTI,EQ,99071,57074,57.61
20,1567,MUKANDLTD,EQ,91292,42539,46.60
20,1568,MUKKA,EQ,8169332,2178062,26.66
20,1569,MULTICAP,EQ,128739,99198,77.05
20,1570,MUNJALAU,EQ,1124739,327136,29.09
20,1571,MUNJALSHOW,EQ,50253,26864,53.46
20,1572,MURUDCERA,EQ,68261,13753,20.15
20,1573,MUTHOOTCAP,EQ,39065,22809,58.39
20,1574,MUTHOOTFIN,EQ,153127,59320,38.74
20,1575,MUTHOOTMF,EQ,106929,65591,61.34
20,1576,MVGJL,EQ,358248,158222,44.17
20,1577,MVKAGRO,SM,7200,7200,100.00
20,1578,MWL,SM,20400,16800,82.35
20,1579,MYMUDRA,SM,36000,24000,66.67
20,1580,NACLIND,EQ,44861,25020,55.77
20,1581,NAGAFERT,EQ,970998,645407,66.47
20,1582,NAGREEKCAP,EQ,3337,2498,74.86
20,1583,NAHARCAP,EQ,330013,100459,30.44
20,1584,NAHARINDUS,EQ,269411,55540,20.62
20,1585,NAHARSPING,EQ,103815,25216,24.29
20,1586,NAMAN,ST,11200,9600,85.71
20,1587,NAM-INDIA,EQ,461539,195436,42.34
20,1588,NAMOEWASTE,SM,622400,366400,58.87
20,1589,NARMADA,EQ,331286,95780,28.91
20,1590,NATCOPHARM,EQ,372991,199674,53.53
20,1591,NATHBIOGEN,EQ,16230,11344,69.90
20,1592,NATIONALUM,EQ,23460136,8632574,36.80
20,1593,NAUKRI,EQ,110284,54564,49.48
20,1594,NAVA,EQ,252632,151760,60.07
20,1595,NAVINFLUOR,EQ,187400,116290,62.05
20,1596,NAVINIFTY,EQ,283,204,72.08
20,1597,NAVKARCORP,EQ,592044,291979,49.32
20,1598,NAVNETEDUL,EQ,150236,106159,70.66
20,1599,NAZARA,EQ,350525,147045,41.95
20,1600,NBCC,EQ,6793852,2821773,41.53
20,1601,NBIFIN,EQ,2493,2242,89.93
20,1602,NCC,EQ,1228020,555025,45.20
20,1603,NCLIND,EQ,62904,37679,59.90
20,1604,NDLVENTURE,EQ,87000,37949,43.62
20,1605,NDRAUTO,EQ,24630,13205,53.61
20,1606,NDTV,EQ,67688,33499,49.49
20,1607,NELCAST,EQ,42920,22698,52.88
20,1608,NELCO,EQ,169008,52856,31.27
20,1609,NEOGEN,EQ,33385,16324,48.90
20,1610,NEPHROCARE,ST,12800,11200,87.50
20,1611,NESCO,EQ,38482,20408,53.03
20,1612,NESTLEIND,EQ,748704,456512,60.97
20,1613,NETF,EQ,2610,2064,79.08
20,1614,NETWEB,EQ,966604,348200,36.02
20,1615,NETWORK18,EQ,4324081,1057954,24.47
20,1616,NEULANDLAB,EQ,75080,48297,64.33
20,1617,NEWGEN,EQ,229754,102107,44.44
20,1618,NEWJAISA,SM,66000,58500,88.64
20,1619,NEXT50,EQ,13290,11404,85.81
20,1620,NEXT50IETF,EQ,658262,589139,89.50
20,1621,NFL,EQ,924201,280692,30.37
20,1622,NGIL,EQ,25342,8825,34.82
20,1623,NGLFINE,EQ,977,754,77.18
20,1624,NH,EQ,180301,118435,65.69
20,1625,NHPC,EQ,16007325,8048585,50.28
20,1626,NIACL,EQ,818163,282571,34.54
20,1627,NIBL,EQ,28921,11607,40.13
20,1628,NIDAN,SM,7000,7000,100.00
20,1629,NIF100BEES,EQ,27533,18286,66.41
20,1630,NIF100IETF,EQ,233573,120645,51.65
20,1631,NIF10GETF,EQ,4582,4275,93.30
20,1632,NIF5GETF,EQ,231,231,100.00
20,1633,NIFITETF,EQ,467,311,66.60
20,1634,NIFMID150,EQ,5077,3248,63.97
20,1635,NIFTY1,EQ,67199,48807,72.63
20,1636,NIFTY50ADD,EQ,10407,5573,53.55
20,1637,NIFTYBEES,EQ,3907822,2346644,60.05
20,1638,NIFTYBETF,EQ,2160,1169,54.12
20,1639,NIFTYETF,EQ,174061,138751,79.71
20,1640,NIFTYIETF,EQ,584123,493902,84.55
20,1641,NIFTYQLITY,EQ,190215,154015,80.97
20,1642,NIITLTD,EQ,1459310,330062,22.62
20,1643,NIITMTS,EQ,30212,17867,59.14
20,1644,NILAINFRA,EQ,487755,272149,55.80
20,1645,NILKAMAL,EQ,4206,2861,68.02
20,1646,NINSYS,EQ,17704,6555,37.03
20,1647,NIPPOBATRY,EQ,3749,2547,67.94
20,1648,NIRMAN,ST,21000,18000,85.71
20,1649,NITCO,EQ,5230581,1968677,37.64
20,1650,NITINSPIN,EQ,69554,35939,51.67
20,1651,NITIRAJ,EQ,12089,5599,46.31
20,1652,NKIND,EQ,663,532,80.24
20,1653,NLCINDIA,EQ,1370989,662130,48.30
20,1654,NMDC,EQ,5993096,2268893,37.86
20,1655,NOCIL,EQ,377089,120526,31.96
20,1656,NORTHARC,EQ,891228,514802,57.76
20,1657,NPBET,EQ,723,426,58.92
20,1658,NPST,SM,125300,69900,55.79
20,1659,NRAIL,EQ,8499,5315,62.54
20,1660,NRBBEARING,EQ,141316,79646,56.36
20,1661,NRL,EQ,557985,280234,50.22
20,1662,NSIL,EQ,92901,42536,45.79
20,1663,NSLNISP,EQ,3122094,1601879,51.31
20,1664,NTPC,EQ,9139781,5508302,60.27
20,1665,NUCLEUS,EQ,13632,8385,61.51
20,1666,NURECA,EQ,19292,9322,48.32
20,1667,NUVAMA,EQ,73391,29975,40.84
20,1668,NUVOCO,EQ,219028,91502,41.78
20,1669,NV20,EQ,33726,10170,30.15
20,1670,NV20BEES,EQ,15957,13805,86.51
20,1671,NV20IETF,EQ,855722,440341,51.46
20,1672,NXST,RR,2107943,1940485,92.06
20,1673,NYKAA,EQ,5869365,3028278,51.59
20,1674,OAL,EQ,751073,144324,19.22
20,1675,OBCL,EQ,117647,104225,88.59
20,1676,OBEROIRLTY,EQ,2700071,1040262,38.53
20,1677,OCCL,EQ,22359,13761,61.55
20,1678,OFSS,EQ,108502,55766,51.40
20,1679,OIL,EQ,2331311,1271902,54.56
20,1680,OILIETF,EQ,3222917,1644798,51.03
20,1681,OLAELEC,EQ,34971218,10230751,29.25
20,1682,OLECTRA,EQ,791582,299649,37.85
20,1683,OLIL,SM,55200,42000,76.09
20,1684,OMAXAUTO,EQ,17986,9016,50.13
20,1685,OMAXE,EQ,144225,102346,70.96
20,1686,OMFURN,SM,12000,4800,40.00
20,1687,OMINFRAL,EQ,117068,76403,65.26
20,1688,ONDOOR,SM,1200,1200,100.00
20,1689,ONEPOINT,EQ,500970,265354,52.97
20,1690,ONGC,EQ,10299773,4279529,41.55
20,1691,ONMOBILE,EQ,696083,254879,36.62
20,1692,ONWARDTEC,EQ,131285,62539,47.64
20,1693,ORBTEXP,EQ,77096,38620,50.09
20,1694,ORCHPHARMA,EQ,21244,9845,46.34
20,1695,ORIANA,SM,49350,28500,57.75
20,1696,ORICONENT,EQ,224851,122103,54.30
20,1697,ORIENTBELL,EQ,10210,6998,68.54
20,1698,ORIENTCEM,EQ,7501258,2927526,39.03
20,1699,ORIENTCER,EQ,222925,90823,40.74
20,1700,ORIENTELEC,EQ,161773,69208,42.78
20,1701,ORIENTHOT,EQ,273019,119849,43.90
20,1702,ORIENTLTD,EQ,37867,18964,50.08
20,1703,ORIENTPPR,EQ,269544,140509,52.13
20,1704,ORIENTTECH,EQ,275155,125076,45.46
20,1705,ORISSAMINE,EQ,32377,16979,52.44
20,1706,ORTINGLOBE,EQ,20691,12429,60.07
20,1707,OSELDEVICE,SM,142400,95200,66.85
20,1708,OSWALGREEN,EQ,766681,293957,38.34
20,1709,OSWALSEEDS,EQ,126057,86177,68.36
20,1710,OWAIS,SM,30400,27200,89.47
20,1711,PAGEIND,EQ,19251,5244,27.24
20,1712,PAISALO,EQ,1150452,556261,48.35
20,1713,PAKKA,EQ,48768,31750,65.10
20,1714,PALASHSECU,EQ,230555,78092,33.87
20,1715,PANAMAPET,EQ,76612,38701,50.52
20,1716,PAR,EQ,109195,35316,32.34
20,1717,PARACABLES,EQ,1099653,573125,52.12
20,1718,PARADEEP,EQ,4425844,1446228,32.68
20,1719,PARAGMILK,EQ,1628632,652839,40.09
20,1720,PARAGON,SM,7200,4800,66.67
20,1721,PARAMATRIX,SM,8400,7200,85.71
20,1722,PARAMOUNT,ST,26400,22800,86.36
20,1723,PARAS,EQ,75761,45032,59.44
20,1724,PARKHOTELS,EQ,72829,52263,71.76
20,1725,PARTYCRUS,SM,13000,13000,100.00
20,1726,PATANJALI,EQ,609307,246329,40.43
20,1727,PATELENG,EQ,3735728,2077781,55.62
20,1728,PATINTLOG,EQ,184613,90025,48.76
20,1729,PATTECH,ST,3000,3000,100.00
20,1730,PAYTM,EQ,10401315,2802862,26.95
20,1731,PCBL,EQ,2034037,957995,47.10
20,1732,PCCL,SM,19200,15200,79.17
20,1733,PDMJEPAPER,EQ,111186,54464,48.98
20,1734,PDSL,EQ,30368,19660,64.74
20,1735,PEARLPOLY,EQ,301109,80323,26.68
20,1736,PEL,EQ,1307072,356795,27.30
20,1737,PELATRO,SM,41400,32400,78.26
20,1738,PENIND,EQ,4831466,1194316,24.72
20,1739,PENINLAND,EQ,238233,138948,58.32
20,1740,PERSISTENT,EQ,498478,154718,31.04
20,1741,PETRONET,EQ,1523292,826603,54.26
20,1742,PFC,EQ,4850471,2262025,46.64
20,1743,PFIZER,EQ,17767,8751,49.25
20,1744,PFOCUS,EQ,83128,44309,53.30
20,1745,PFS,EQ,836158,520063,62.20
20,1746,PGEL,EQ,1079033,605780,56.14
20,1747,PGHH,EQ,4405,2045,46.42
20,1748,PGHL,EQ,2397,1269,52.94
20,1749,PGIL,EQ,62251,22755,36.55
20,1750,PGINVIT,IV,1353352,1283782,94.86
20,1751,PHANTOMFX,SM,16500,13800,83.64
20,1752,PHARMABEES,EQ,4239971,2481895,58.54
20,1753,PHOENIXLTD,EQ,398951,242583,60.81
20,1754,PHOGLOBAL,SM,58000,46000,79.31
20,1755,PIDILITIND,EQ,230516,92360,40.07
20,1756,PIIND,EQ,288710,84443,29.25
20,1757,PILANIINVS,EQ,149305,48808,32.69
20,1758,PILITA,EQ,965139,639792,66.29
20,1759,PIONEEREMB,EQ,22885,9059,39.58
20,1760,PITTIENG,EQ,55317,33819,61.14
20,1761,PIXTRANS,EQ,45025,24925,55.36
20,1762,PKTEA,EQ,3170,751,23.69
20,1763,PLADAINFO,SM,6000,6000,100.00
20,1764,PLATIND,EQ,1363779,549806,40.31
20,1765,PLAZACABLE,EQ,65022,36598,56.29
20,1766,PNB,EQ,17438662,7733238,44.35
20,1767,PNBGILTS,EQ,279973,134469,48.03
20,1768,PNBHOUSING,EQ,456858,186734,40.87
20,1769,PNC,EQ,75791,41597,54.88
20,1770,PNCINFRA,EQ,5021021,2356191,46.93
20,1771,PNGJL,EQ,286687,127303,44.40
20,1772,POCL,EQ,156645,103854,66.30
20,1773,PODDARMENT,EQ,12724,7888,61.99
20,1774,POKARNA,EQ,34738,15466,44.52
20,1775,POLICYBZR,EQ,1119617,650339,58.09
20,1776,POLYCAB,EQ,842387,287172,34.09
20,1777,POLYMED,EQ,48053,16504,34.35
20,1778,POLYPLEX,EQ,389550,173007,44.41
20,1779,POLYSIL,SM,2000,2000,100.00
20,1780,PONNIERODE,EQ,70088,35904,51.23
20,1781,POONAWALLA,EQ,1900112,1545502,81.34
20,1782,POSITRON,SM,18000,11400,63.33
20,1783,POWERGRID,EQ,8745904,6288531,71.90
20,1784,POWERINDIA,EQ,20398,7968,39.06
20,1785,POWERMECH,EQ,69336,37823,54.55
20,1786,PPAP,EQ,16252,8333,51.27
20,1787,PPL,EQ,84740,43631,51.49
20,1788,PPLPHARMA,EQ,4094750,1247242,30.46
20,1789,PPSL,SM,60000,24000,40.00
20,1790,PRAJIND,EQ,417435,149268,35.76
20,1791,PRAKASH,EQ,593089,376293,63.45
20,1792,PRAKASHSTL,EQ,368522,192416,52.21
20,1793,PRAMARA,SM,8000,8000,100.00
20,1794,PRANIK,ST,726400,611200,84.14
20,1795,PRATHAM,ST,6400,4800,75.00
20,1796,PRECAM,EQ,2333823,464391,19.90
20,1797,PRECISION,SM,10000,8000,80.00
20,1798,PRECOT,EQ,3510,2610,74.36
20,1799,PRECWIRE,EQ,302969,121903,40.24
20,1800,PREMEXPLN,EQ,68593,52488,76.52
20,1801,PREMIERENE,EQ,1225626,456024,37.21
20,1802,PRESSTONIC,SM,16800,12000,71.43
20,1803,PRESTIGE,EQ,380417,199209,52.37
20,1804,PRICOLLTD,EQ,158979,73232,46.06
20,1805,PRIMESECU,EQ,175862,125999,71.65
20,1806,PRINCEPIPE,EQ,65758,33535,51.00
20,1807,PRITI,EQ,22894,13433,58.67
20,1808,PRITIKA,ST,42000,30000,71.43
20,1809,PRITIKAUTO,EQ,257926,133076,51.59
20,1810,PRIVISCL,EQ,112161,62227,55.48
20,1811,PRIZOR,ST,38400,36800,95.83
20,1812,PRLIND,SM,60000,40000,66.67
20,1813,PROLIFE,SM,3500,3000,85.71
20,1814,PROPEQUITY,SM,9600,6600,68.75
20,1815,PROV,SM,320,320,100.00
20,1816,PROZONER,EQ,150810,85389,56.62
20,1817,PRSMJOHNSN,EQ,1626836,401353,24.67
20,1818,PRUDENT,EQ,141413,115207,81.47
20,1819,PSB,EQ,1640699,339888,20.72
20,1820,PSFL,SM,212000,160000,75.47
20,1821,PSPPROJECT,EQ,42768,16083,37.61
20,1822,PSUBANK,EQ,33146,25258,76.20
20,1823,PSUBANKADD,EQ,29255,28281,96.67
20,1824,PSUBNKBEES,EQ,2336632,1733704,74.20
20,1825,PSUBNKIETF,EQ,408932,295212,72.19
20,1826,PTC,EQ,1488847,907860,60.98
20,1827,PTCIL,EQ,15572,9956,63.94
20,1828,PTL,EQ,34736,22644,65.19
20,1829,PULZ,ST,20000,20000,100.00
20,1830,PUNJABCHEM,EQ,5080,3099,61.00
20,1831,PURVA,EQ,111554,75055,67.28
20,1832,PURVFLEXI,SM,176000,128000,72.73
20,1833,PVRINOX,EQ,404215,145480,35.99
20,1834,PVSL,EQ,112614,75920,67.42
20,1835,PVTBANIETF,EQ,1363429,855713,62.76
20,1836,PVTBANKADD,EQ,127158,97831,76.94
20,1837,PYRAMID,EQ,330838,160534,48.52
20,1838,QGOLDHALF,EQ,95941,75926,79.14
20,1839,QMSMEDI,SM,13000,9000,69.23
20,1840,QNIFTY,EQ,1288,772,59.94
20,1841,QUADPRO,SM,72000,72000,100.00
20,1842,QUAL30IETF,EQ,404441,273825,67.70
20,1843,QUESS,EQ,206786,79361,38.38
20,1844,QUESTLAB,SM,39600,36000,90.91
20,1845,QUICKHEAL,EQ,248405,78013,31.41
20,1846,QUICKTOUCH,SM,12500,11000,88.00
20,1847,QVCEL,ST,52800,51200,96.97
20,1848,RACE,EQ,61723,30710,49.75
20,1849,RADIANTCMS,EQ,299597,218058,72.78
20,1850,RADICO,EQ,104164,41358,39.70
20,1851,RADIOCITY,EQ,219894,129786,59.02
20,1852,RADIOCITY,P1,3444,3444,100.00
20,1853,RAILTEL,EQ,1466263,420309,28.67
20,1854,RAIN,EQ,1354377,624868,46.14
20,1855,RAINBOW,EQ,28791,13587,47.19
20,1856,RAJESHEXPO,EQ,288948,137203,47.48
20,1857,RAJINDLTD,SM,99000,81000,81.82
20,1858,RAJMET,EQ,699789,465109,66.46
20,1859,RAJRATAN,EQ,157314,41366,26.30
20,1860,RAJSREESUG,EQ,61644,26413,42.85
20,1861,RALLIS,EQ,1017407,304399,29.92
20,1862,RAMANEWS,EQ,23218,12248,52.75
20,1863,RAMAPHO,EQ,10214,5586,54.69
20,1864,RAMASTEEL,EQ,21901802,7979181,36.43
20,1865,RAMCOCEM,EQ,484051,240131,49.61
20,1866,RAMCOIND,EQ,178525,83526,46.79
20,1867,RAMCOSYS,EQ,35725,18930,52.99
20,1868,RAMKY,EQ,56389,24673,43.75
20,1869,RAMRAT,EQ,42557,24365,57.25
20,1870,RANASUG,EQ,209358,132288,63.19
20,1871,RANEHOLDIN,EQ,63410,19296,30.43
20,1872,RAPPID,SM,9000,9000,100.00
20,1873,RATEGAIN,EQ,145162,80080,55.17
20,1874,RATNAMANI,EQ,7636,3009,39.41
20,1875,RAYMOND,EQ,178371,72731,40.78
20,1876,RAYMONDLSL,EQ,235129,122762,52.21
20,1877,RBA,EQ,2085301,1330628,63.81
20,1878,RBLBANK,EQ,63859979,17273656,27.05
20,1879,RBMINFRA,ST,25600,25200,98.44
20,1880,RBS,SM,400000,254400,63.60
20,1881,RCDL,SM,66000,60000,90.91
20,1882,RCF,EQ,1180610,412445,34.93
20,1883,RECLTD,EQ,4104466,1753828,42.73
20,1884,REDINGTON,EQ,793168,354265,44.66
20,1885,REDTAPE,EQ,118180,60524,51.21
20,1886,REFRACTORY,ST,28000,24000,85.71
20,1887,RELAXO,EQ,42235,25588,60.58
20,1888,RELCHEMQ,EQ,11287,6044,53.55
20,1889,RELIANCE,EQ,7033704,4705858,66.90
20,1890,RELIGARE,EQ,531292,344422,64.83
20,1891,REMSONSIND,EQ,70718,36110,51.06
20,1892,REMUS,SM,4100,2800,68.29
20,1893,RENUKA,EQ,15244201,4909793,32.21
20,1894,REPCOHOME,EQ,165267,72281,43.74
20,1895,REPL,EQ,163441,47174,28.86
20,1896,REPRO,EQ,5402,2959,54.78
20,1897,RESPONIND,EQ,166547,33344,20.02
20,1898,REVATHIEQU,EQ,1735,964,55.56
20,1899,REXPIPES,SM,22000,16000,72.73
20,1900,RGL,EQ,2129966,823443,38.66
20,1901,RHIM,EQ,131632,61304,46.57
20,1902,RHL,EQ,25278,18085,71.54
20,1903,RICOAUTO,EQ,502735,257735,51.27
20,1904,RIIL,EQ,140688,33561,23.85
20,1905,RILINFRA,ST,12500,11700,93.60
20,1906,RISHABH,EQ,27823,14610,52.51
20,1907,RITCO,EQ,242194,132684,54.78
20,1908,RITES,EQ,1524948,355006,23.28
20,1909,RITEZONE,SM,44800,32000,71.43
20,1910,RKEC,EQ,183515,38752,21.12
20,1911,RKFORGE,EQ,385298,179124,46.49
20,1912,RKSWAMY,EQ,66075,34919,52.85
20,1913,RMDRIP,ST,1000,1000,100.00
20,1914,RML,EQ,7512,3528,46.96
20,1915,RNFI,SM,42000,28800,68.57
20,1916,ROCKINGDCE,SM,14750,4750,32.20
20,1917,ROHLTD,EQ,52884,28885,54.62
20,1918,ROLEXRINGS,EQ,6067,3660,60.33
20,1919,ROML,EQ,12809,5381,42.01
20,1920,ROSSARI,EQ,134483,58489,43.49
20,1921,ROTO,EQ,62478,32115,51.40
20,1922,ROUTE,EQ,120472,62826,52.15
20,1923,ROXHITECH,SM,56000,49600,88.57
20,1924,RPEL,EQ,118796,37194,31.31
20,1925,RPGLIFE,EQ,23564,16765,71.15
20,1926,RPPL,EQ,130960,75520,57.67
20,1927,RPSGVENT,EQ,106528,38618,36.25
20,1928,RPTECH,EQ,130511,70972,54.38
20,1929,RRKABEL,EQ,61098,22178,36.30
20,1930,RSWM,EQ,73023,53232,72.90
20,1931,RSYSTEMS,EQ,179544,97659,54.39
20,1932,RTNINDIA,EQ,2882238,1930935,66.99
20,1933,RTNPOWER,EQ,11970222,8237777,68.82
20,1934,RUBFILA,EQ,53773,36108,67.15
20,1935,RUBYMILLS,EQ,43086,22471,52.15
20,1936,RUCHIRA,EQ,19781,9491,47.98
20,1937,RULKA,SM,6000,4800,80.00
20,1938,RUPA,EQ,64489,37747,58.53
20,1939,RUSHIL,EQ,522438,266843,51.08
20,1940,RUSTOMJEE,EQ,78206,36135,46.20
20,1941,RVHL,EQ,26951,14005,51.96
20,1942,RVNL,EQ,2924934,1093179,37.37
20,1943,SAAKSHI,SM,4200,4200,100.00
20,1944,SABAR,SM,10000,10000,100.00
20,1945,SADBHAV,EQ,1148419,626527,54.56
20,1946,SADBHIN,EQ,194052,121720,62.73
20,1947,SADHAV,SM,7200,6000,83.33
20,1948,SADHNANIQ,EQ,210877,118157,56.03
20,1949,SAFARI,EQ,43103,18389,42.66
20,1950,SAGARDEEP,EQ,12207,5380,44.07
20,1951,SAGCEM,EQ,54180,35508,65.54
20,1952,SAH,EQ,81470,31140,38.22
20,1953,SAHAJ,SM,8000,8000,100.00
20,1954,SAHAJSOLAR,ST,31200,28800,92.31
20,1955,SAHANA,SM,7250,5000,68.97
20,1956,SAHASRA,SM,625200,376000,60.14
20,1957,SAHYADRI,EQ,7919,4862,61.40
20,1958,SAIFL,SM,3200,3200,100.00
20,1959,SAIL,EQ,15437195,5153011,33.38
20,1960,SAJHOTELS,SM,66000,42000,63.64
20,1961,SAKAR,EQ,16462,10856,65.95
20,1962,SAKHTISUG,EQ,376704,212590,56.43
20,1963,SAKSOFT,EQ,195207,97761,50.08
20,1964,SALASAR,EQ,6329504,1989875,31.44
20,1965,SALONA,EQ,126,53,42.06
20,1966,SALSTEEL,EQ,126068,79008,62.67
20,1967,SALZERELEC,EQ,89615,42285,47.19
20,1968,SAMBHAAV,EQ,286581,122054,42.59
20,1969,SAMHI,EQ,479877,234039,48.77
20,1970,SAMMAANCAP,EQ,4619835,1959574,42.42
20,1971,SAMPANN,EQ,43901,26471,60.30
20,1972,SANDESH,EQ,4778,3020,63.21
20,1973,SANDHAR,EQ,371164,190026,51.20
20,1974,SANDUMA,EQ,108804,60141,55.27
20,1975,SANGAMIND,EQ,26363,15460,58.64
20,1976,SANGANI,ST,72000,69000,95.83
20,1977,SANGHIIND,EQ,444816,283441,63.72
20,1978,SANGHVIMOV,EQ,514282,257620,50.09
20,1979,SANGINITA,EQ,153311,105478,68.80
20,1980,SANOFI,EQ,6371,3902,61.25
20,1981,SANOFICONR,EQ,12241,5547,45.31
20,1982,SANSERA,EQ,77112,31392,40.71
20,1983,SANSTAR,EQ,634037,304547,48.03
20,1984,SAPPHIRE,EQ,133968,64428,48.09
20,1985,SARDAEN,EQ,303927,135593,44.61
20,1986,SAREGAMA,EQ,1197224,645378,53.91
20,1987,SAROJA,SM,1600,1600,100.00
20,1988,SARTELE,SM,163000,101500,62.27
20,1989,SARVESHWAR,EQ,18688100,9199610,49.23
20,1990,SASKEN,EQ,14632,10172,69.52
20,1991,SASTASUNDR,EQ,12414,8733,70.35
20,1992,SATECH,ST,32000,26000,81.25
20,1993,SATIA,EQ,104089,64123,61.60
20,1994,SATIN,EQ,885653,563894,63.67
20,1995,SATINDLTD,EQ,970824,520923,53.66
20,1996,SAURASHCEM,EQ,85209,54282,63.70
20,1997,SBC,EQ,6454501,1497005,23.19
20,1998,SBCL,EQ,140929,60448,42.89
20,1999,SBFC,EQ,2004014,926229,46.22
20,2000,SBGLP,EQ,2189696,808654,36.93
20,2001,SBICARD,EQ,730990,264825,36.23
20,2002,SBIETFCON,EQ,33342,29808,89.40
20,2003,SBIETFIT,EQ,5997,3336,55.63
20,2004,SBIETFPB,EQ,21574,16976,78.69
20,2005,SBIETFQLTY,EQ,8638,5444,63.02
20,2006,SBILIFE,EQ,1574574,1070345,67.98
20,2007,SBIN,EQ,10359618,4827080,46.60
20,2008,SBINEQWETF,EQ,15389,11214,72.87
20,2009,SBISILVER,EQ,234535,175492,74.83
20,2010,SCHAEFFLER,EQ,47579,22787,47.89
20,2011,SCHAND,EQ,121511,65809,54.16
20,2012,SCHNEIDER,EQ,147785,66366,44.91
20,2013,SCI,EQ,1435088,527117,36.73
20,2014,SCILAL,EQ,762133,415523,54.52
20,2015,SCL24A,ZS,8,8,100.00
20,2016,SCML,SM,6000,6000,100.00
20,2017,SDBL,EQ,639689,363768,56.87
20,2018,SDL26BEES,EQ,1850,1098,59.35
20,2019,SDREAMS,SM,177000,112000,63.28
20,2020,SEAMECLTD,EQ,19306,12155,62.96
20,2021,SECMARK,EQ,26717,7708,28.85
20,2022,SECURKLOUD,EQ,30776,14111,45.85
20,2023,SEJALLTD,EQ,4883,4883,100.00
20,2024,SEL,ST,400,400,100.00
20,2025,SELAN,EQ,41652,29298,70.34
20,2026,SENCO,EQ,194321,77234,39.75
20,2027,SENSEXADD,EQ,1864,1242,66.63
20,2028,SENSEXETF,EQ,12000,7962,66.35
20,2029,SENSEXIETF,EQ,4168,2784,66.79
20,2030,SEPC,EQ,11477302,5011274,43.66
20,2031,SERVOTECH,EQ,862108,480226,55.70
20,2032,SESHAPAPER,EQ,84251,48349,57.39
20,2033,SETCO,EQ,84674,64960,76.72
20,2034,SETF10GILT,EQ,15549,8683,55.84
20,2035,SETFGOLD,EQ,2496187,2168552,86.87
20,2036,SETFNIF50,EQ,1182541,1073910,90.81
20,2037,SETFNIFBK,EQ,445274,395468,88.81
20,2038,SETFNN50,EQ,36652,30379,82.88
20,2039,SFL,EQ,37295,20469,54.88
20,2040,SFLZC26A,ZC,110,110,100.00
20,2041,SGBAPR28I,GB,280,203,72.50
20,2042,SGBAUG27,GB,210,156,74.29
20,2043,SGBAUG28V,GB,1591,1110,69.77
20,2044,SGBAUG29V,GB,172,142,82.56
20,2045,SGBAUG30,GB,108,101,93.52
20,2046,SGBD29VIII,GB,177,158,89.27
20,2047,SGBDE30III,GB,212,132,62.26
20,2048,SGBDE31III,GB,1126,948,84.19
20,2049,SGBDEC25,GB,2,2,100.00
20,2050,SGBDEC2513,GB,10,10,100.00
20,2051,SGBDEC26,GB,1,1,100.00
20,2052,SGBFEB27,GB,7,7,100.00
20,2053,SGBFEB28IX,GB,24,24,100.00
20,2054,SGBFEB29XI,GB,67,66,98.51
20,2055,SGBFEB32IV,GB,1135,861,75.86
20,2056,SGBJAN26,GB,2,2,100.00
20,2057,SGBJAN27,GB,10,10,100.00
20,2058,SGBJAN29IX,GB,251,227,90.44
20,2059,SGBJAN29X,GB,156,88,56.41
20,2060,SGBJAN30IX,GB,116,100,86.21
20,2061,SGBJU29III,GB,166,145,87.35
20,2062,SGBJUL25,GB,584,475,81.34
20,2063,SGBJUL27,GB,9,8,88.89
20,2064,SGBJUL28IV,GB,906,763,84.22
20,2065,SGBJUL29IV,GB,66,58,87.88
20,2066,SGBJUN27,GB,4,4,100.00
20,2067,SGBJUN28,GB,168,166,98.81
20,2068,SGBJUN29II,GB,473,459,97.04
20,2069,SGBJUN30,GB,47,35,74.47
20,2070,SGBJUN31I,GB,754,540,71.62
20,2071,SGBMAR25,GB,154,141,91.56
20,2072,SGBMAR28X,GB,84,60,71.43
20,2073,SGBMAR30X,GB,51,41,80.39
20,2074,SGBMAR31IV,GB,332,217,65.36
20,2075,SGBMAY25,GB,446,433,97.09
20,2076,SGBMAY26,GB,6,5,83.33
20,2077,SGBMAY28,GB,1150,1149,99.91
20,2078,SGBMAY29I,GB,279,213,76.34
20,2079,SGBMR29XII,GB,476,263,55.25
20,2080,SGBN28VIII,GB,63,53,84.13
20,2081,SGBNOV24,GB,236,186,78.81
20,2082,SGBNOV25,GB,4,3,75.00
20,2083,SGBNOV258,GB,16,16,100.00
20,2084,SGBNOV25IX,GB,7,7,100.00
20,2085,SGBNOV26,GB,54,46,85.19
20,2086,SGBNV29VII,GB,354,233,65.82
20,2087,SGBOC28VII,GB,378,366,96.83
20,2088,SGBOCT25,GB,259,258,99.61
20,2089,SGBOCT25IV,GB,86,86,100.00
20,2090,SGBOCT25V,GB,2,2,100.00
20,2091,SGBOCT26,GB,77,62,80.52
20,2092,SGBOCT27,GB,26,26,100.00
20,2093,SGBOCT27VI,GB,41,22,53.66
20,2094,SGBSEP28VI,GB,386,316,81.87
20,2095,SGBSEP29VI,GB,180,146,81.11
20,2096,SGBSEP31II,GB,1480,1200,81.08
20,2097,SGIL,EQ,69849,48471,69.39
20,2098,SHAILY,EQ,85132,47974,56.35
20,2099,SHALBY,EQ,46970,30144,64.18
20,2100,SHALPAINTS,EQ,80191,44509,55.50
20,2101,SHANKARA,EQ,54568,30605,56.09
20,2102,SHANTI,EQ,10171,4288,42.16
20,2103,SHANTIGEAR,EQ,27668,16372,59.17
20,2104,SHARDACROP,EQ,108688,36046,33.16
20,2105,SHARDAMOTR,EQ,21510,12180,56.62
20,2106,SHAREINDIA,EQ,288144,157362,54.61
20,2107,SHARIABEES,EQ,7695,5902,76.70
20,2108,SHEETAL,SM,42000,20000,47.62
20,2109,SHEMAROO,EQ,60813,31837,52.35
20,2110,SHERA,SM,188000,127000,67.55
20,2111,SHIGAN,SM,12000,12000,100.00
20,2112,SHILPAMED,EQ,151148,73081,48.35
20,2113,SHIVALIK,EQ,13765,9550,69.38
20,2114,SHIVAMILLS,EQ,8444,4565,54.06
20,2115,SHIVATEX,EQ,23619,10482,44.38
20,2116,SHK,EQ,561654,271928,48.42
20,2117,SHOPERSTOP,EQ,26845,12409,46.22
20,2118,SHREDIGCEM,EQ,248003,155252,62.60
20,2119,SHREECEM,EQ,29725,16189,54.46
20,2120,SHREEKARNI,SM,3600,2400,66.67
20,2121,SHREEOSFM,SM,3000,1000,33.33
20,2122,SHREYANIND,EQ,12522,7221,57.67
20,2123,SHREYAS,EQ,51915,25979,50.04
20,2124,SHRIPISTON,EQ,60062,28087,46.76
20,2125,SHRIRAMFIN,EQ,1125596,734557,65.26
20,2126,SHRIRAMPPS,EQ,1008323,456572,45.28
20,2127,SHRITECH,SM,14000,14000,100.00
20,2128,SHUBHLAXMI,ST,10000,10000,100.00
20,2129,SHUBHSHREE,ST,21600,16800,77.78
20,2130,SHYAMCENT,EQ,274524,201691,73.47
20,2131,SHYAMMETL,EQ,432702,262542,60.68
20,2132,SHYAMTEL,EQ,2474,2474,100.00
20,2133,SIDDHIKA,SM,2000,2000,100.00
20,2134,SIEMENS,EQ,226557,91874,40.55
20,2135,SIGACHI,EQ,926267,514917,55.59
20,2136,SIGIND,EQ,40702,29237,71.83
20,2137,SIGMA,EQ,3841,2590,67.43
20,2138,SIGNATURE,EQ,248099,20693,8.34
20,2139,SIGNORIA,SM,10000,8000,80.00
20,2140,SIGNPOST,EQ,33852,19727,58.27
20,2141,SIKKO,EQ,85570,37630,43.98
20,2142,SILGO,EQ,1148699,504707,43.94
20,2143,SILINV,EQ,582555,207760,35.66
20,2144,SILKFLEX,ST,12000,10000,83.33
20,2145,SILLYMONKS,EQ,6076,3415,56.20
20,2146,SILVER,EQ,1469468,1125202,76.57
20,2147,SILVER1,EQ,311097,215276,69.20
20,2148,SILVERADD,EQ,135282,88423,65.36
20,2149,SILVERBEES,EQ,19193916,13436546,70.00
20,2150,SILVERETF,EQ,773061,606777,78.49
20,2151,SILVERIETF,EQ,3101520,1703611,54.93
20,2152,SILVERTUC,EQ,20140,3414,16.95
20,2153,SILVRETF,EQ,109795,87974,80.13
20,2154,SINCLAIR,EQ,89391,46174,51.65
20,2155,SINDHUTRAD,EQ,699593,299590,42.82
20,2156,SINTERCOM,EQ,16340,11718,71.71
20,2157,SIRCA,EQ,100127,44413,44.36
20,2158,SIS,EQ,19041,10013,52.59
20,2159,SIYSIL,EQ,51025,25558,50.09
20,2160,SJLOGISTIC,ST,22500,21500,95.56
20,2161,SJS,EQ,168937,70293,41.61
20,2162,SJVN,EQ,4534966,1680394,37.05
20,2163,SKFINDIA,EQ,26799,13500,50.38
20,2164,SKIPPER,EQ,486322,244565,50.29
20,2165,SKIPPERPP,E1,805,728,90.43
20,2166,SKMEGGPROD,EQ,56287,30987,55.05
20,2167,SKP,SM,3500,2500,71.43
20,2168,SLONE,SM,24000,22400,93.33
20,2169,SMALLCAP,EQ,1459519,1377698,94.39
20,2170,SMCGLOBAL,EQ,746449,326245,43.71
20,2171,SMLISUZU,EQ,7655,5083,66.40
20,2172,SMLT,EQ,31569,18677,59.16
20,2173,SMSPHARMA,EQ,286019,104831,36.65
20,2174,SNOWMAN,EQ,541899,199127,36.75
20,2175,SOBHA,EQ,105168,44254,42.08
20,2176,SOBHAPP,E1,21941,21889,99.76
20,2177,SOFTTECH,EQ,4039,1675,41.47
20,2178,SOLARA,EQ,282991,127950,45.21
20,2179,SOLARAPP,E1,20944,14603,69.72
20,2180,SOLARINDS,EQ,48933,22772,46.54
20,2181,SOLEX,SM,14500,9500,65.52
20,2182,SOMANYCERA,EQ,20886,10464,50.10
20,2183,SOMATEX,EQ,98343,48879,49.70
20,2184,SONACOMS,EQ,2147746,1697945,79.06
20,2185,SONAMAC,SM,12000,8000,66.67
20,2186,SONATSOFTW,EQ,364965,143984,39.45
20,2187,SOTAC,SM,2400,2400,100.00
20,2188,SOTL,EQ,55764,31512,56.51
20,2189,SOUTHBANK,EQ,17115149,7553464,44.13
20,2190,SOUTHWEST,EQ,20708,12614,60.91
20,2191,SPAL,EQ,8084,5117,63.30
20,2192,SPANDANA,EQ,234630,109026,46.47
20,2193,SPARC,EQ,1071841,789930,73.70
20,2194,SPCENET,EQ,2870060,1684453,58.69
20,2195,SPCL,SM,28800,21600,75.00
20,2196,SPECIALITY,EQ,71034,40134,56.50
20,2197,SPECTRUM,SM,4500,2875,63.89
20,2198,SPECTSTM,SM,26400,20800,78.79
20,2199,SPENCERS,EQ,395983,178954,45.19
20,2200,SPIC,EQ,516717,164548,31.84
20,2201,SPLIL,EQ,14509,10113,69.70
20,2202,SPLPETRO,EQ,60304,30682,50.88
20,2203,SPORTKING,EQ,100225,53368,53.25
20,2204,SPPPOLY,SM,74000,36000,48.65
20,2205,SRD,EQ,169133,126139,74.58
20,2206,SREEL,EQ,6265,4235,67.60
20,2207,SRF,EQ,1464849,1013176,69.17
20,2208,SRGHFL,EQ,1639,904,55.16
20,2209,SRHHYPOLTD,EQ,73688,29140,39.55
20,2210,SRIVASAVI,SM,31000,25000,80.65
20,2211,SRPL,EQ,5657882,3904436,69.01
20,2212,SSDL,EQ,126910,61418,48.39
20,2213,SSEGL,ST,84000,72000,85.71
20,2214,SSFL,ST,21500,21500,100.00
20,2215,SSWL,EQ,93425,54107,57.91
20,2216,STANLEY,EQ,604350,213730,35.37
20,2217,STAR,EQ,225685,135543,60.06
20,2218,STARCEMENT,EQ,406559,181289,44.59
20,2219,STARHEALTH,EQ,1224141,942040,76.96
20,2220,STARPAPER,EQ,28946,18660,64.46
20,2221,STARTECK,EQ,4240,894,21.08
20,2222,STCINDIA,EQ,38136,22029,57.76
20,2223,STEELCAS,EQ,12476,6197,49.67
20,2224,STEELCITY,EQ,26385,11163,42.31
20,2225,STEELXIND,EQ,1967928,1126928,57.26
20,2226,STERTOOLS,EQ,116001,58323,50.28
20,2227,STLTECH,EQ,1113720,546808,49.10
20,2228,STOVEKRAFT,EQ,53694,22676,42.23
20,2229,STYLAMIND,EQ,313307,224191,71.56
20,2230,STYLEBAAZA,EQ,162974,93538,57.39
20,2231,STYRENIX,EQ,33872,17943,52.97
20,2232,SUBEXLTD,EQ,7190635,3251289,45.22
20,2233,SUBROS,EQ,39580,14041,35.47
20,2234,SUDARSCHEM,EQ,200296,62014,30.96
20,2235,SUKHJITS,EQ,21446,10301,48.03
20,2236,SULA,EQ,655481,427494,65.22
20,2237,SUMICHEM,EQ,329953,148915,45.13
20,2238,SUMMITSEC,EQ,160890,27784,17.27
20,2239,SUNCLAY,EQ,8732,4587,52.53
20,2240,SUNDARAM,EQ,679661,516871,76.05
20,2241,SUNDARMFIN,EQ,61689,23853,38.67
20,2242,SUNDARMHLD,EQ,407583,137495,33.73
20,2243,SUNDRMFAST,EQ,24775,11573,46.71
20,2244,SUNFLAG,EQ,167855,65190,38.84
20,2245,SUNLITE,SM,73200,67200,91.80
20,2246,SUNPHARMA,EQ,660583,408391,61.82
20,2247,SUNTECK,EQ,161140,68142,42.29
20,2248,SUNTV,EQ,434689,253840,58.40
20,2249,SUPERHOUSE,EQ,13054,8089,61.97
20,2250,SUPRAJIT,EQ,56776,26731,47.08
20,2251,SUPREMEIND,EQ,98142,63332,64.53
20,2252,SUPREMEPWR,ST,53000,49000,92.45
20,2253,SUPRIYA,EQ,162457,78096,48.07
20,2254,SURAJEST,EQ,401954,174838,43.50
20,2255,SURANAT&P,EQ,158007,88592,56.07
20,2256,SURANI,SM,12200,10600,86.89
20,2257,SURYALAXMI,EQ,16345,10420,63.75
20,2258,SURYAROSNI,EQ,144299,65065,45.09
20,2259,SURYODAY,EQ,287480,190922,66.41
20,2260,SUTLEJTEX,EQ,81728,40965,50.12
20,2261,SUVEN,EQ,447952,227380,50.76
20,2262,SUVENPHAR,EQ,737408,353084,47.88
20,2263,SUVIDHAA,EQ,87533,39548,45.18
20,2264,SUYOG,EQ,34178,16961,49.63
20,2265,SUZLON,EQ,27026007,15233520,56.37
20,2266,SVLL,EQ,35568,23657,66.51
20,2267,SVPGLOB,EQ,127940,71440,55.84
20,2268,SWANENERGY,EQ,947078,381700,40.30
20,2269,SWARAJ,ST,14000,14000,100.00
20,2270,SWARAJENG,EQ,141603,38754,27.37
20,2271,SWASTIK,SM,15600,12000,76.92
20,2272,SWELECTES,EQ,15308,8299,54.21
20,2273,SWSOLAR,EQ,1553371,892869,57.48
20,2274,SYLVANPLY,SM,26000,20000,76.92
20,2275,SYMPHONY,EQ,138952,62713,45.13
20,2276,SYNCOMF,EQ,3073964,1558352,50.70
20,2277,SYNGENE,EQ,360457,149878,41.58
20,2278,SYNOPTICS,SM,7800,5400,69.23
20,2279,SYRMA,EQ,265782,133703,50.31
20,2280,SYSTANGO,SM,8800,7600,86.36
20,2281,TAC,ST,15600,14400,92.31
20,2282,TAINWALCHM,EQ,214021,65368,30.54
20,2283,TAJGVK,EQ,74285,33974,45.73
20,2284,TAKE,EQ,347353,221634,63.81
20,2285,TALBROAUTO,EQ,106867,63627,59.54
20,2286,TANLA,EQ,360563,189572,52.58
20,2287,TARACHAND,EQ,17356,12217,70.39
20,2288,TARC,EQ,257251,154811,60.18
20,2289,TARMAT,EQ,15102,6357,42.09
20,2290,TARSONS,EQ,26534,18282,68.90
20,2291,TASTYBITE,EQ,5215,2675,51.29
20,2292,TATACHEM,EQ,19163502,5726654,29.88
20,2293,TATACOMM,EQ,326575,85172,26.08
20,2294,TATACONSUM,EQ,11484692,5229804,45.54
20,2295,TATAELXSI,EQ,160306,36350,22.68
20,2296,TATAGOLD,EQ,8543244,7046869,82.48
20,2297,TATAINVEST,EQ,511816,90331,17.65
20,2298,TATAMOTORS,EQ,7390557,2771584,37.50
20,2299,TATAPOWER,EQ,13387706,3746477,27.98
20,2300,TATASTEEL,EQ,25799090,7965787,30.88
20,2301,TATATECH,EQ,952178,383986,40.33
20,2302,TATSILV,EQ,3888614,3189346,82.02
20,2303,TATVA,EQ,24602,13848,56.29
20,2304,TBI,ST,2400,2400,100.00
20,2305,TBOTEK,EQ,45180,32129,71.11
20,2306,TBZ,EQ,828711,279211,33.69
20,2307,TCHF30,NB,33,33,100.00
20,2308,TCI,EQ,26038,14217,54.60
20,2309,TCIEXP,EQ,20437,13707,67.07
20,2310,TCL,SM,13600,9600,70.59
20,2311,TCPLPACK,EQ,3434,1310,38.15
20,2312,TCS,EQ,1595450,1055061,66.13
20,2313,TDPOWERSYS,EQ,726997,163525,22.49
20,2314,TEAMLEASE,EQ,37024,30244,81.69
20,2315,TECH,EQ,26594,10019,37.67
20,2316,TECHERA,SM,363200,227200,62.56
20,2317,TECHLABS,SM,65500,44500,67.94
20,2318,TECHM,EQ,5898020,1467769,24.89
20,2319,TECHNOE,EQ,155113,102250,65.92
20,2320,TEGA,EQ,17828,7438,41.72
20,2321,TEJASNET,EQ,13351392,3509599,26.29
20,2322,TERASOFT,EQ,53478,25603,47.88
20,2323,TEXINFRA,EQ,440377,256999,58.36
20,2324,TEXMOPIPES,EQ,98685,56680,57.44
20,2325,TEXRAIL,EQ,2706899,1179274,43.57
20,2326,TFCILTD,EQ,402016,238050,59.21
20,2327,TGBHOTELS,EQ,71867,57845,80.49
20,2328,TGL,ST,46800,40800,87.18
20,2329,THANGAMAYL,EQ,46065,20568,44.65
20,2330,THEINVEST,EQ,51925,31293,60.27
20,2331,THEJO,EQ,13942,8713,62.49
20,2332,THEMISMED,EQ,128680,71110,55.26
20,2333,THERMAX,EQ,28831,11551,40.06
20,2334,THESL,SM,48000,42000,87.50
20,2335,THOMASCOOK,EQ,672230,399749,59.47
20,2336,THOMASCOTT,EQ,50501,48194,95.43
20,2337,THYROCARE,EQ,73413,48434,65.97
20,2338,TI,EQ,648935,270970,41.76
20,2339,TIIL,EQ,6725,3817,56.76
20,2340,TIINDIA,EQ,123752,67361,54.43
20,2341,TIMESCAN,SM,2000,2000,100.00
20,2342,TIMESGTY,EQ,9685,3763,38.85
20,2343,TIMETECHNO,EQ,873918,258786,29.61
20,2344,TIMKEN,EQ,25375,14232,56.09
20,2345,TIPSFILMS,EQ,5620,2986,53.13
20,2346,TIPSMUSIC,EQ,234317,123093,52.53
20,2347,TIRUMALCHM,EQ,198000,96929,48.95
20,2348,TITAGARH,EQ,1677298,511394,30.49
20,2349,TITAN,EQ,714746,307220,42.98
20,2350,TMB,EQ,87895,56301,64.05
20,2351,TNIDETF,EQ,85779,75503,88.02
20,2352,TNPETRO,EQ,107366,62569,58.28
20,2353,TNPL,EQ,263815,145250,55.06
20,2354,TNTELE,EQ,34382,24826,72.21
20,2355,TOKYOPLAST,EQ,15074,6237,41.38
20,2356,TOLINS,EQ,62757,34363,54.76
20,2357,TOP100CASE,EQ,253959,183301,72.18
20,2358,TOP10ADD,EQ,69363,59403,85.64
20,2359,TORNTPHARM,EQ,80576,33509,41.59
20,2360,TORNTPOWER,EQ,424087,251555,59.32
20,2361,TOTAL,EQ,8415,2846,33.82
20,2362,TOUCHWOOD,EQ,904,579,64.05
20,2363,TPHQ,EQ,3709729,2202601,59.37
20,2364,TRACXN,EQ,338475,201763,59.61
20,2365,TRANSTEEL,SM,36000,20000,55.56
20,2366,TREL,EQ,369125,252579,68.43
20,2367,TRENT,EQ,662166,394943,59.64
20,2368,TRF,EQ,35898,18899,52.65
20,2369,TRIDENT,EQ,5479263,2574146,46.98
20,2370,TRIDHYA,SM,663000,429000,64.71
20,2371,TRIGYN,EQ,50678,27082,53.44
20,2372,TRITURBINE,EQ,447414,200318,44.77
20,2373,TRIVENI,EQ,335892,121055,36.04
20,2374,TROM,SM,80400,57600,71.64
20,2375,TRUST,SM,28800,20400,70.83
20,2376,TTKHLTCARE,EQ,3809,2032,53.35
20,2377,TTKPRESTIG,EQ,25714,12785,49.72
20,2378,TTL,EQ,188935,110934,58.72
20,2379,TTML,EQ,6850333,1284737,18.75
20,2380,TUNWAL,SM,96000,82000,85.42
20,2381,TVSHLTD,EQ,46207,27743,60.04
20,2382,TVSMOTOR,EQ,685233,327367,47.77
20,2383,TVSSCS,EQ,501947,301370,60.04
20,2384,TVSSRICHAK,EQ,3833,2109,55.02
20,2385,TVTODAY,EQ,208976,128734,61.60
20,2386,UBL,EQ,143415,57793,40.30
20,2387,UCAL,EQ,15599,9367,60.05
20,2388,UCOBANK,EQ,19914386,3073515,15.43
20,2389,UDAICEMENT,EQ,396877,239142,60.26
20,2390,UDS,EQ,117110,60290,51.48
20,2391,UFLEX,EQ,72190,24711,34.23
20,2392,UFO,EQ,343194,191499,55.80
20,2393,UGARSUGAR,EQ,167222,79549,47.57
20,2394,UGROCAP,EQ,242198,122625,50.63
20,2395,UJJIVANSFB,EQ,7825629,4526584,57.84
20,2396,ULTRACEMCO,EQ,566667,219716,38.77
20,2397,UMA,SM,16000,12000,75.00
20,2398,UMESLTD,EQ,78212,61448,78.57
20,2399,UNICHEMLAB,EQ,50028,23079,46.13
20,2400,UNIDT,EQ,11155,5259,47.14
20,2401,UNIECOM,EQ,565915,272959,48.23
20,2402,UNIENTER,EQ,20234,12424,61.40
20,2403,UNIHEALTH,SM,22000,15000,68.18
20,2404,UNIINFO,EQ,34287,7082,20.66
20,2405,UNILEX,SM,27200,24000,88.24
20,2406,UNIONBANK,EQ,8437712,4378534,51.89
20,2407,UNIPARTS,EQ,26636,16993,63.80
20,2408,UNITDSPR,EQ,272480,132851,48.76
20,2409,UNITEDTEA,EQ,9570,7041,73.57
20,2410,UNIVASTU,EQ,213313,98783,46.31
20,2411,UNIVCABLES,EQ,25607,11004,42.97
20,2412,UNIVPHOTO,EQ,1981,1050,53.00
20,2413,UNOMINDA,EQ,507616,265849,52.37
20,2414,UPL,EQ,2757430,820466,29.75
20,2415,URBAN,ST,14400,14400,100.00
20,2416,URJA,EQ,1944979,987879,50.79
20,2417,USASEEDS,SM,1200,900,75.00
20,2418,USHAMART,EQ,1927937,684459,35.50
20,2419,UTIAMC,EQ,257295,100669,39.13
20,2420,UTIBANKETF,EQ,222078,136104,61.29
20,2421,UTINEXT50,EQ,178472,108262,60.66
20,2422,UTINIFTETF,EQ,724958,709052,97.81
20,2423,UTISENSETF,EQ,1767,1012,57.27
20,2424,UTISXN50,EQ,6760,5773,85.40
20,2425,UTKARSHBNK,EQ,2032111,1281063,63.04
20,2426,UTSSAV,ST,157200,121200,77.10
20,2427,UTTAMSUGAR,EQ,92454,44767,48.42
20,2428,UWCSL,SM,10000,10000,100.00
20,2429,UYFINCORP,EQ,207674,108832,52.41
20,2430,VADILALIND,EQ,7095,2305,32.49
20,2431,VAIBHAVGBL,EQ,266174,150860,56.68
20,2432,VAKRANGEE,EQ,15345187,8100752,52.79
20,2433,VALIANTLAB,EQ,56575,15843,28.00
20,2434,VALIANTORG,EQ,166285,69371,41.72
20,2435,VARDHACRLC,EQ,53910,28496,52.86
20,2436,VARROC,EQ,216202,115566,53.45
20,2437,VASCONEQ,EQ,483869,290996,60.14
20,2438,VBL,EQ,3411037,2060748,60.41
20,2439,VDEAL,SM,21600,18000,83.33
20,2440,VEDL,EQ,5567492,2357415,42.34
20,2441,VEEDOL,EQ,17569,10149,57.77
20,2442,VEEKAYEM,ST,2500,2500,100.00
20,2443,VELS,SM,1200,1200,100.00
20,2444,VENKEYS,EQ,48352,26990,55.82
20,2445,VENUSPIPES,EQ,82268,45862,55.75
20,2446,VENUSREM,EQ,22881,15004,65.57
20,2447,VERANDA,EQ,136558,94250,69.02
20,2448,VERITAAS,SM,1200,1200,100.00
20,2449,VERTEXPLUS,SM,1200,1200,100.00
20,2450,VERTOZ,EQ,2716477,1787439,65.80
20,2451,VESUVIUS,EQ,17487,8255,47.21
20,2452,VGUARD,EQ,261245,129559,49.59
20,2453,VHL,EQ,36350,15322,42.15
20,2454,VIAZ,SM,18000,18000,100.00
20,2455,VIDHIING,EQ,15056,8366,55.57
20,2456,VIESL,SM,108000,76000,70.37
20,2457,VIJAYA,EQ,168869,84182,49.85
20,2458,VIJIFIN,EQ,378988,349178,92.13
20,2459,VIKASECO,EQ,5040424,2928236,58.10
20,2460,VIKASLIFE,EQ,3286991,1941607,59.07
20,2461,VILAS,SM,43000,29000,67.44
20,2462,VILINBIO,SM,36000,28000,77.78
20,2463,VIMTALABS,EQ,37672,20991,55.72
20,2464,VINATIORGA,EQ,82816,40968,49.47
20,2465,VINCOFE,EQ,688513,415374,60.33
20,2466,VINDHYATEL,EQ,12587,7166,56.93
20,2467,VINEETLAB,EQ,18753,11662,62.19
20,2468,VINSYS,SM,2500,2000,80.00
20,2469,VINYAS,ST,12200,12200,100.00
20,2470,VINYLINDIA,EQ,162493,37299,22.95
20,2471,VIPIND,EQ,477982,162284,33.95
20,2472,VIRINCHI,EQ,230161,153709,66.78
20,2473,VISAKAIND,EQ,178714,116841,65.38
20,2474,VISHNU,EQ,297535,151620,50.96
20,2475,VISHNUINFR,ST,6500,6000,92.31
20,2476,VISHWARAJ,EQ,1946796,1228067,63.08
20,2477,VISHWAS,SM,1600,1600,100.00
20,2478,VITAL,SM,15600,14400,92.31
20,2479,VIVIANA,ST,2500,2500,100.00
20,2480,VIVIDHA,EQ,467615,292759,62.61
20,2481,VIVO,ST,1600,1600,100.00
20,2482,VLINFRA,ST,45000,42000,93.33
20,2483,VLSFINANCE,EQ,154781,56588,36.56
20,2484,VMARCIND,ST,5000,5000,100.00
20,2485,VMART,EQ,25887,19640,75.87
20,2486,VOLTAMP,EQ,11204,5217,46.56
20,2487,VOLTAS,EQ,1225404,392617,32.04
20,2488,VPRPL,EQ,5147778,1747713,33.95
20,2489,VR,ST,1600,1600,100.00
20,2490,VRAJ,EQ,282458,119313,42.24
20,2491,VRLLOG,EQ,50021,22782,45.54
20,2492,VSCL,SM,12000,12000,100.00
20,2493,VSSL,EQ,73091,48867,66.86
20,2494,VSTIND,EQ,222286,110182,49.57
20,2495,VSTL,EQ,27524,15745,57.20
20,2496,VSTTILLERS,EQ,4752,2919,61.43
20,2497,VTL,EQ,99859,46739,46.80
20,2498,WABAG,EQ,902152,476082,52.77
20,2499,WALCHANNAG,EQ,203121,103827,51.12
20,2500,WALPAR,SM,2000,2000,100.00
20,2501,WCIL,EQ,299021,147989,49.49
20,2502,WEBELSOLAR,EQ,428119,211347,49.37
20,2503,WEIZMANIND,EQ,32290,17926,55.52
20,2504,WEL,EQ,13083,5893,45.04
20,2505,WELCORP,EQ,641396,449868,70.14
20,2506,WELENT,EQ,158921,88396,55.62
20,2507,WELINV,EQ,7952,6386,80.31
20,2508,WELSPUNLIV,EQ,1998407,992673,49.67
20,2509,WENDT,EQ,2631,585,22.23
20,2510,WESTLIFE,EQ,96370,20896,21.68
20,2511,WEWIN,EQ,4409,4126,93.58
20,2512,WHEELS,EQ,18688,9877,52.85
20,2513,WHIRLPOOL,EQ,76470,36521,47.76
20,2514,WILLAMAGOR,EQ,31082,11689,37.61
20,2515,WINDLAS,EQ,25585,11969,46.78
20,2516,WINDMACHIN,EQ,371310,261595,70.45
20,2517,WINNY,SM,2000,2000,100.00
20,2518,WINSOL,SM,20800,16000,76.92
20,2519,WIPL,EQ,774,612,79.07
20,2520,WIPRO,EQ,11983482,3792543,31.65
20,2521,WOCKPHARMA,EQ,255386,149049,58.36
20,2522,WOL3D,SM,11000,10000,90.91
20,2523,WOMANCART,ST,1600,1600,100.00
20,2524,WONDERLA,EQ,33391,14978,44.86
20,2525,WORTH,EQ,16056,8083,50.34
20,2526,WSI,EQ,48948,26984,55.13
20,2527,WSTCSTPAPR,EQ,97733,45880,46.94
20,2528,WTICAB,SM,15000,10000,66.67
20,2529,XCHANGING,EQ,114796,65963,57.46
20,2530,XPROINDIA,EQ,15586,9798,62.86
20,2531,XTGLOBAL,EQ,106854,61307,57.37
20,2532,YAARI,EQ,231894,134538,58.02
20,2533,YASHO,EQ,18838,13280,70.50
20,2534,YASHOPTICS,SM,20800,14400,69.23
20,2535,YATHARTH,EQ,208294,92253,44.29
20,2536,YATRA,EQ,129459,79709,61.57
20,2537,YESBANK,EQ,66917611,21254029,31.76
20,2538,YUDIZ,SM,10400,10400,100.00
20,2539,YUKEN,EQ,5985,3462,57.84
20,2540,ZEAL,SM,6600,6000,90.91
20,2541,ZEEL,EQ,24206987,8601668,35.53
20,2542,ZEELEARN,EQ,3921207,2681083,68.37
20,2543,ZENITHDRUG,ST,51200,48000,93.75
20,2544,ZENSARTECH,EQ,249134,128633,51.63
20,2545,ZENTEC,EQ,158409,76992,48.60
20,2546,ZFCVINDIA,EQ,13159,7259,55.16
20,2547,ZIMLAB,EQ,99798,73673,73.82
20,2548,ZODIACLOTH,EQ,14669,13198,89.97
20,2549,ZOMATO,EQ,88316113,39369349,44.58
20,2550,ZOTA,EQ,29968,26214,87.47
20,2551,ZTECH,ST,6000,6000,100.00
20,2552,ZUARI,EQ,218086,60167,27.59
20,2553,ZUARIIND,EQ,894403,254513,28.46
20,2554,ZYDUSLIFE,EQ,1015164,506226,49.87
20,2555,ZYDUSWELL,EQ,18163,9185,50.57
