Security Wise Delivery Position - Compulsory Rolling Settlement
10,MTO,24102024,1060201255,0002508
Trade Date <24-OCT-2024>,Settlement Type <N>
Record Type,Sr No,Name of Security,Quantity Traded,Deliverable Quantity(gross across client level),% of Deliverable Quantity to Traded Quantity
20,1,1003IIFL29,NC,1,1,100.00
20,2,1003ISFL28,N4,964,664,68.88
20,3,1015ECL29,NR,357,352,98.60
20,4,1015SCL28,NR,11,7,63.64
20,5,1018GS2026,GS,305,305,100.00
20,6,1025NFL25,N5,1,1,100.00
20,7,1025SCL34,Z8,2,2,100.00
20,8,1035UCL26,NA,3,3,100.00
20,9,1049DLS25A,Y5,5,5,100.00
20,10,1049DLSL25,NX,222,202,90.99
20,11,1050NFL26,N7,138,138,100.00
20,12,1065NFL27,NC,35,35,100.00
20,13,1075NFL25,N6,264,132,50.00
20,14,1090NFL26,NB,50,50,100.00
20,15,10CAGL27,N5,11,11,100.00
20,16,10IIFL28,N4,36,36,100.00
20,17,10NIDO26,N6,68,68,100.00
20,18,10SCL30A,BV,25,25,100.00
20,19,1102NFL26,N8,6,6,100.00
20,20,1119NFL27,ND,103,100,97.09
20,21,11DLSL25,NV,172,110,63.95
20,22,182D060225,TB,200,200,100.00
20,23,182D071124,TB,1000,1000,100.00
20,24,182D261224,TB,100,100,100.00
20,25,360ONE,EQ,697426,324709,46.56
20,26,364D030725,TB,2000,2000,100.00
20,27,364D150825,TB,200,200,100.00
20,28,364D190625,TB,3000,3000,100.00
20,29,364D200225,TB,100,100,100.00
20,30,364D230525,TB,2000,2000,100.00
20,31,364D300125,TB,5200,5200,100.00
20,32,3IINFOLTD,EQ,659864,373679,56.63
20,33,3MINDIA,EQ,2061,570,27.66
20,34,515GS2025,GS,2,1,50.00
20,35,574GS2026,GS,1,1,100.00
20,36,5PAISA,EQ,70358,24877,35.36
20,37,63MOONS,EQ,624724,234500,37.54
20,38,654GS2032,GS,11,6,54.55
20,39,667GS2035,GS,2003,2001,99.90
20,40,676GS2061,GS,19070,19070,100.00
20,41,689GS2025,GS,3200,3200,100.00
20,42,68GS2060,GS,1,1,100.00
20,43,695GS2061,GS,169,169,100.00
20,44,697GR2034,GS,101,101,100.00
20,45,699GS2051,GS,1,1,100.00
20,46,702GS2027,GS,345,345,100.00
20,47,704GS2029,GS,4100,4100,100.00
20,48,704REC28,N4,400,400,100.00
20,49,709GS2054,GS,1700,1700,100.00
20,50,710GS2029,GS,4,4,100.00
20,51,711NTPC25A,N8,380,190,50.00
20,52,717GS2030,GS,10000,10000,100.00
20,53,718GS2033,GS,10200,10200,100.00
20,54,718GS2037,GS,1420,1210,85.21
20,55,719GS2060,GS,5,5,100.00
20,56,71GS2034,GS,301,201,66.78
20,57,725GS2063,GS,1520,1518,99.87
20,58,726GS2032,GS,1581,1581,100.00
20,59,729IRFC26,NN,110,60,54.55
20,60,729NHAI26,NC,50,50,100.00
20,61,732GS2030,GS,7874,7874,100.00
20,62,732IRFC25,NI,218,218,100.00
20,63,733GS2026,GS,22609,20609,91.15
20,64,734GS2064,GS,6353,6353,100.00
20,65,736GS2052,GS,1345,1345,100.00
20,66,736NTPC25D,NB,71,39,54.93
20,67,737GS2028,GS,49984,49859,99.75
20,68,737NTPC35C,NA,95,95,100.00
20,69,738GS2027,GS,11976,10876,90.81
20,70,739NHAI26,N8,605,605,100.00
20,71,73GS2053,GS,4000,4000,100.00
20,72,741GS2036,GS,5002,5001,99.98
20,73,74GS2062,GS,11,11,100.00
20,74,753IRFC30,NJ,158,158,100.00
20,75,754GS2036,GS,244699,212954,87.03
20,76,757GS2033,GS,6700,5000,74.63
20,77,760PFCL35,N3,208,208,100.00
20,78,762NTPC35F,ND,164,125,76.22
20,79,764HUDCO31,N8,260,260,100.00
20,80,764IRFC31,NO,570,560,98.25
20,81,764NABAR31,N2,100,100,100.00
20,82,769NHAI31,NE,2,2,100.00
20,83,76NHAI31,NA,1757,1557,88.62
20,84,76TS43,SG,100,100,100.00
20,85,78ABFL33,N4,5,5,100.00
20,86,79IGT28,NF,740,740,100.00
20,87,79NHIT35,N1,1002,1002,100.00
20,88,79NHIT47,N3,393,393,100.00
20,89,810IRFC27,N2,964,820,85.06
20,90,812REC27,NI,263,263,100.00
20,91,820IIFL27,N9,2,2,100.00
20,92,824GS2027,GS,1090,1090,100.00
20,93,825IIFL25,N7,332,332,100.00
20,94,828GS2027,GS,50,50,100.00
20,95,82HUDCO27,N2,644,477,74.07
20,96,82IGT31,NJ,3350,3350,100.00
20,97,830NHAI27,N2,1523,1287,84.50
20,98,830PFCL27,N5,300,300,100.00
20,99,833GS2036,GS,870,870,100.00
20,100,835IFL25,NV,180,90,50.00
20,101,840CIFCL28,N4,25,25,100.00
20,102,842IIFL26,NL,551,551,100.00
20,103,843IHFL29,NC,170,170,100.00
20,104,849NTPC25,N7,18923,18923,100.00
20,105,84CIFCL28,NA,5,5,100.00
20,106,84TCHF28,NA,500,500,100.00
20,107,855IREDA29,N2,4,4,100.00
20,108,85IFL26,NX,5,5,100.00
20,109,85IIFL25,NO,64,64,100.00
20,110,860CIFCL28,NG,2,1,50.00
20,111,863NHB29,N2,15,15,100.00
20,112,865IFL28,NZ,55,55,100.00
20,113,865IIFL28,NS,2862,2752,96.16
20,114,865IRFC29,NA,550,550,100.00
20,115,865LTF26,NN,190,190,100.00
20,116,865TCAPS27,N8,50,50,100.00
20,117,871REC28,N9,2656,2656,100.00
20,118,873NTPC28,N5,511,511,100.00
20,119,875NHAI29,N6,194,194,100.00
20,120,875PCHFL26,N8,540,340,62.96
20,121,876HUDCO28,ND,320,310,96.88
20,122,880IREDA29,N5,150,150,100.00
20,123,880IREDA34,N6,10,10,100.00
20,124,883GS2041,GS,1,1,100.00
20,125,885MOFSL26,N0,55,55,100.00
20,126,888ERFL28,N5,270,270,100.00
20,127,888IHFL25F,NC,721,721,100.00
20,128,888IRFC29,NE,1082,1052,97.23
20,129,888REC29,NF,200,100,50.00
20,130,890NHB34,N7,100,100,100.00
20,131,891IIFCL34,N4,839,780,92.97
20,132,891NTPC33,N6,2,2,100.00
20,133,901HUDCO34,NE,145,126,86.90
20,134,901NHB34,N6,746,655,87.80
20,135,905LTF27,NF,251,233,92.83
20,136,910TCAP28,NA,481,481,100.00
20,137,91D051224,TB,100,100,100.00
20,138,91D121224,TB,300,300,100.00
20,139,91D151124,TB,100,100,100.00
20,140,91D211124,TB,200,200,100.00
20,141,925AEL26,N1,9,9,100.00
20,142,925CAGL26,N9,50,50,100.00
20,143,925SCL25B,Y3,199,100,50.25
20,144,92GS2030,GS,17854,17854,100.00
20,145,932AEL27,N3,50,50,100.00
20,146,935LTF29,N5,459,400,87.15
20,147,935PEL33,N3,20,20,100.00
20,148,93MOFSL34,N6,353,353,100.00
20,149,943ECL28,NJ,345,345,100.00
20,150,945IFSL25,N4,20,20,100.00
20,151,948SCL26A,NN,80,40,50.00
20,152,94IFCI25,NL,69,40,57.97
20,153,957ICCL25,YW,66,66,100.00
20,154,965AEL27,N4,301,301,100.00
20,155,965SCFL25,AB,10,10,100.00
20,156,965SCL25,AG,3,3,100.00
20,157,965SCL25A,NF,1,1,100.00
20,158,965SCL25B,Y1,681,630,92.51
20,159,96IIFL28,N5,1187,1023,86.18
20,160,96IIFL28A,NF,2176,1721,79.09
20,161,96SFL24A,NB,11,11,100.00
20,162,970CAGL28,ND,56,56,100.00
20,163,975NFL25,N0,123,123,100.00
20,164,97MOFSL34,N7,100,100,100.00
20,165,97SFL29,YZ,100,100,100.00
20,166,980SCL33,NX,4,4,100.00
20,167,985ECL28,NK,35,35,100.00
20,168,985IIFL22,NC,10,10,100.00
20,169,98SCL27,ZX,14,14,100.00
20,170,990SCFL26,AJ,80,40,50.00
20,171,990SCL26,N7,459,344,74.95
20,172,990SCL26A,NL,112,50,44.64
20,173,99AEL29,N7,400,295,73.75
20,174,99IFCI24,NH,514,514,100.00
20,175,9IIFL28,Y0,56,56,100.00
20,176,9MMFSML,N2,1,1,100.00
20,177,9PCHFL31A,NA,75,75,100.00
20,178,A2ZINFRA,EQ,395232,335664,84.93
20,179,AAATECH,EQ,68077,26017,38.22
20,180,AADHARHFC,EQ,247185,84823,34.32
20,181,AAKASH,EQ,150568,98615,65.50
20,182,AARON,EQ,15725,3596,22.87
20,183,AARTECH,EQ,20401,8825,43.26
20,184,AARTIDRUGS,EQ,57016,29982,52.59
20,185,AARTIIND,EQ,856122,265009,30.95
20,186,AARTIPHARM,EQ,240803,83573,34.71
20,187,AARTISURF,P1,40,0,0.00
20,188,AARVI,EQ,19090,8863,46.43
20,189,AATMAJ,SM,48000,38000,79.17
20,190,AAVAS,EQ,225053,172705,76.74
20,191,ABAN,EQ,40676,23717,58.31
20,192,ABB,EQ,482630,175360,36.33
20,193,ABBOTINDIA,EQ,11040,4850,43.93
20,194,ABCAPITAL,EQ,2385877,1018028,42.67
20,195,ABCOTS,ST,2500,2500,100.00
20,196,ABDL,EQ,291337,127198,43.66
20,197,ABFRL,EQ,1498891,540348,36.05
20,198,ABGSEC,EQ,295,212,71.86
20,199,ABINFRA,ST,58000,56000,96.55
20,200,ABMINTLLTD,EQ,6379,6379,100.00
20,201,ABREL,EQ,79987,34247,42.82
20,202,ABSLAMC,EQ,210814,102578,48.66
20,203,ABSLBANETF,EQ,47028,43433,92.36
20,204,ABSLLIQUID,EQ,14285,13887,97.21
20,205,ABSLNN50ET,EQ,24339,16364,67.23
20,206,ABSLPSE,EQ,157039,127846,81.41
20,207,ABSMARINE,SM,44000,27000,61.36
20,208,ACC,EQ,1092773,154341,14.12
20,209,ACCELYA,EQ,6910,4006,57.97
20,210,ACCENTMIC,SM,40000,33000,82.50
20,211,ACCORD,SM,4000,4000,100.00
20,212,ACCURACY,EQ,164816,66785,40.52
20,213,ACE,EQ,127813,58479,45.75
20,214,ACEINTEG,EQ,22864,11698,51.16
20,215,ACI,EQ,191823,97438,50.80
20,216,ACL,EQ,17181,9949,57.91
20,217,ACLGATI,EQ,668084,314902,47.14
20,218,ACSAL,ST,21000,21000,100.00
20,219,ADANIENSOL,EQ,1904115,1158380,60.84
20,220,ADANIENT,EQ,942066,279871,29.71
20,221,ADANIGREEN,EQ,472958,189165,40.00
20,222,ADANIPORTS,EQ,1115993,480898,43.09
20,223,ADANIPOWER,EQ,3856566,1182987,30.67
20,224,ADFFOODS,EQ,201513,77943,38.68
20,225,ADORWELD,EQ,6765,4685,69.25
20,226,ADROITINFO,EQ,72312,19635,27.15
20,227,ADROITPP1,E1,15041,12018,79.90
20,228,ADSL,EQ,413879,165463,39.98
20,229,ADVANIHOTR,EQ,66056,35009,53.00
20,230,ADVENZYMES,EQ,146184,73914,50.56
20,231,AEGISLOG,EQ,120539,52748,43.76
20,232,AEROFLEX,EQ,1525437,470058,30.81
20,233,AERON,SM,37000,24000,64.86
20,234,AESTHETIK,SM,4000,4000,100.00
20,235,AETHER,EQ,64566,32815,50.82
20,236,AFFLE,EQ,159423,73550,46.14
20,237,AFFORDABLE,EQ,16501,10062,60.98
20,238,AFIL,EQ,30566,11692,38.25
20,239,AGARIND,EQ,27957,14993,53.63
20,240,AGARWALFT,SM,6000,6000,100.00
20,241,AGI,EQ,113396,33143,29.23
20,242,AGIIL,EQ,1744,1042,59.75
20,243,AGNI,SM,15000,15000,100.00
20,244,AGRITECH,EQ,12039,3310,27.49
20,245,AGROPHOS,EQ,217355,87242,40.14
20,246,AGSTRA,EQ,368880,178573,48.41
20,247,AGUL,SM,4000,4000,100.00
20,248,AHIMSA,ST,30000,30000,100.00
20,249,AHL,EQ,238868,68983,28.88
20,250,AHLADA,EQ,18655,7595,40.71
20,251,AHLEAST,EQ,24573,14505,59.03
20,252,AHLUCONT,EQ,70712,33270,47.05
20,253,AIAENG,EQ,63332,41046,64.81
20,254,AIIL,EQ,50125,20658,41.21
20,255,AIMTRON,ST,32800,30400,92.68
20,256,AIROLAM,EQ,16162,8440,52.22
20,257,AIRTELPP,E1,289940,209798,72.36
20,258,AISL,ST,9600,8400,87.50
20,259,AJANTPHARM,EQ,91327,42980,47.06
20,260,AJMERA,EQ,138682,64754,46.69
20,261,AKANKSHA,SM,86000,62000,72.09
20,262,AKASH,EQ,16081,7172,44.60
20,263,AKG,EQ,10210,6427,62.95
20,264,AKI,EQ,45567,43222,94.85
20,265,AKIKO,SM,1600,1600,100.00
20,266,AKSHARCHEM,EQ,7515,4934,65.66
20,267,AKSHOPTFBR,EQ,786171,407376,51.82
20,268,AKUMS,EQ,38718,18317,47.31
20,269,AKZOINDIA,EQ,6436,3444,53.51
20,270,ALANKIT,EQ,1084337,403077,37.17
20,271,ALEMBICLTD,EQ,494480,245326,49.61
20,272,ALICON,EQ,14155,5941,41.97
20,273,ALKALI,EQ,11055,6670,60.33
20,274,ALKEM,EQ,204593,62635,30.61
20,275,ALKYLAMINE,EQ,32146,11881,36.96
20,276,ALLCARGO,EQ,766764,295818,38.58
20,277,ALLDIGI,EQ,29439,15287,51.93
20,278,ALLETEC,SM,30800,16400,53.25
20,279,ALOKINDS,EQ,8431283,1467665,17.41
20,280,ALPEXSOLAR,SM,52400,35200,67.18
20,281,ALPHA,EQ,734423,537371,73.17
20,282,ALPHAETF,EQ,1161683,1047154,90.14
20,283,ALPL30IETF,EQ,1203625,907937,75.43
20,284,ALUWIND,ST,42000,42000,100.00
20,285,AMBANIORGO,SM,7000,6000,85.71
20,286,AMBER,EQ,5659630,407476,7.20
20,287,AMBEY,SM,16000,12000,75.00
20,288,AMBICAAGAR,EQ,5535,1437,25.96
20,289,AMBIKCO,EQ,10124,4806,47.47
20,290,AMBUJACEM,EQ,1330005,666123,50.08
20,291,AMDIND,EQ,12218,4041,33.07
20,292,AMEYA,ST,6000,6000,100.00
20,293,AMIABLE,SM,1600,1600,100.00
20,294,AMIORG,EQ,89382,35202,39.38
20,295,AMJLAND,EQ,46166,27346,59.23
20,296,AMNPLST,EQ,11890,8460,71.15
20,297,AMRUTANJAN,EQ,10908,6170,56.56
20,298,ANANDRATHI,EQ,63094,28756,45.58
20,299,ANANTRAJ,EQ,651845,297734,45.68
20,300,ANDHRAPAP,EQ,205664,126152,61.34
20,301,ANDHRSUGAR,EQ,83178,34531,41.51
20,302,ANGELONE,EQ,1166397,198964,17.06
20,303,ANLON,SM,3600,3200,88.89
20,304,ANMOL,EQ,171579,46244,26.95
20,305,ANNAPURNA,SM,16500,13500,81.82
20,306,ANUP,EQ,31612,14802,46.82
20,307,ANURAS,EQ,33740,15297,45.34
20,308,APARINDS,EQ,78222,30138,38.53
20,309,APCL,EQ,18113,13034,71.96
20,310,APCOTEXIND,EQ,238469,67301,28.22
20,311,APEX,EQ,43995,19692,44.76
20,312,APLAPOLLO,EQ,198390,100304,50.56
20,313,APLLTD,EQ,66072,22762,34.45
20,314,APOLLO,EQ,2853844,831480,29.14
20,315,APOLLOHOSP,EQ,147408,85547,58.03
20,316,APOLLOPIPE,EQ,67672,34965,51.67
20,317,APOLLOTYRE,EQ,1335924,359555,26.91
20,318,APOLSINHOT,EQ,2122,1236,58.25
20,319,APRAMEYA,SM,16000,12000,75.00
20,320,APS,ST,43500,41500,95.40
20,321,APTECHT,EQ,313551,141384,45.09
20,322,APTUS,EQ,519287,232876,44.85
20,323,ARABIAN,SM,12000,8000,66.67
20,324,ARCHIDPLY,EQ,18263,7346,40.22
20,325,ARE&M,EQ,258295,105535,40.86
20,326,ARHAM,SM,18000,13000,72.22
20,327,ARIES,EQ,35296,21396,60.62
20,328,ARIHANTACA,ST,2400,2400,100.00
20,329,ARIHANTCAP,EQ,642226,217403,33.85
20,330,ARIHANTSUP,EQ,13503,8093,59.93
20,331,ARISTO,SM,6400,6400,100.00
20,332,ARKADE,EQ,733318,298307,40.68
20,333,ARMANFIN,EQ,33040,19723,59.69
20,334,AROGRANITE,EQ,8103,5152,63.58
20,335,ARROWGREEN,EQ,64532,48306,74.86
20,336,ARTEMISMED,EQ,79736,43779,54.90
20,337,ARVEE,EQ,5709,3345,58.59
20,338,ARVIND,EQ,224797,83592,37.19
20,339,ARVINDFASN,EQ,292353,158471,54.21
20,340,ARVSMART,EQ,40683,22138,54.42
20,341,ASAHIINDIA,EQ,154049,35348,22.95
20,342,ASAL,EQ,15330,7338,47.87
20,343,ASALCBR,EQ,47059,24374,51.79
20,344,ASHALOG,SM,10000,6000,60.00
20,345,ASHAPURMIN,EQ,499575,199313,39.90
20,346,ASHIANA,EQ,64091,27814,43.40
20,347,ASHOKA,EQ,823108,312885,38.01
20,348,ASHOKLEY,EQ,8710490,4324826,49.65
20,349,ASIANENE,EQ,40125,20973,52.27
20,350,ASIANHOTNR,EQ,2852,1536,53.86
20,351,ASIANPAINT,EQ,571259,314816,55.11
20,352,ASIANTILES,EQ,832560,355407,42.69
20,353,ASKAUTOLTD,EQ,494368,190244,38.48
20,354,ASMS,EQ,413981,198047,47.84
20,355,ASPINWALL,EQ,4744,2269,47.83
20,356,ASPIRE,SM,6000,6000,100.00
20,357,ASTEC,EQ,8325,4841,58.15
20,358,ASTERDM,EQ,22407345,1969124,8.79
20,359,ASTRAL,EQ,591028,401889,68.00
20,360,ASTRAMICRO,EQ,155859,76246,48.92
20,361,ASTRAZEN,EQ,7086,1725,24.34
20,362,ASTRON,EQ,22601,8827,39.06
20,363,ATALREAL,EQ,4038809,1527457,37.82
20,364,ATAM,EQ,52168,30778,59.00
20,365,ATFL,EQ,56423,36181,64.12
20,366,ATGL,EQ,3162146,444151,14.05
20,367,ATL,EQ,346373,168771,48.73
20,368,ATMASTCO,ST,111200,104800,94.24
20,369,ATUL,EQ,41241,17553,42.56
20,370,ATULAUTO,EQ,41802,22429,53.66
20,371,AUBANK,EQ,5123554,957511,18.69
20,372,AURDIS,SM,1250,625,50.00
20,373,AURIONPRO,EQ,44447,16512,37.15
20,374,AUROIMPEX,SM,24000,14400,60.00
20,375,AUROPHARMA,EQ,451113,226876,50.29
20,376,AURUMPP1,X1,312,122,39.10
20,377,AUSOMENT,EQ,52930,12759,24.11
20,378,AUTOAXLES,EQ,3103,1729,55.72
20,379,AUTOBEES,EQ,196554,122461,62.30
20,380,AUTOIETF,EQ,730460,339279,46.45
20,381,AUTOIND,EQ,95407,41860,43.88
20,382,AVADHSUGAR,EQ,67329,21150,31.41
20,383,AVALON,EQ,369359,121181,32.81
20,384,AVANTEL,EQ,1527504,465450,30.47
20,385,AVANTIFEED,EQ,179508,62966,35.08
20,386,AVG,EQ,40499,22889,56.52
20,387,AVIANSH,SM,20000,18000,90.00
20,388,AVPINFRA,ST,108800,99200,91.18
20,389,AVTNPL,EQ,67660,38318,56.63
20,390,AWFIS,EQ,76593,34277,44.75
20,391,AWHCL,EQ,228044,67212,29.47
20,392,AWL,EQ,7969726,1439883,18.07
20,393,AXISBANK,EQ,5046700,2904822,57.56
20,394,AXISBNKETF,EQ,19744,19620,99.37
20,395,AXISBPSETF,EQ,15155,10964,72.35
20,396,AXISCADES,EQ,57937,20770,35.85
20,397,AXISCETF,EQ,4704,3428,72.87
20,398,AXISGOLD,EQ,375847,276883,73.67
20,399,AXISHCETF,EQ,2984,2369,79.39
20,400,AXISILVER,EQ,67254,35476,52.75
20,401,AXISNIFTY,EQ,5958,4965,83.33
20,402,AXISTECETF,EQ,724,547,75.55
20,403,AXITA,EQ,1869584,432372,23.13
20,404,AXSENSEX,EQ,2492,2169,87.04
20,405,AZAD,EQ,103203,29853,28.93
20,406,BABAFP,SM,8000,4800,60.00
20,407,BAGFILMS,EQ,767985,400742,52.18
20,408,BAHETI,SM,37500,26250,70.00
20,409,BAJAJ-AUTO,EQ,653421,274361,41.99
20,410,BAJAJCON,EQ,505683,242856,48.03
20,411,BAJAJELEC,EQ,13503,5040,37.33
20,412,BAJAJFINSV,EQ,1502718,792269,52.72
20,413,BAJAJHCARE,EQ,33567,14139,42.12
20,414,BAJAJHFL,EQ,20083662,11087463,55.21
20,415,BAJAJHIND,EQ,10868042,3758263,34.58
20,416,BAJAJHLDNG,EQ,19752,10645,53.89
20,417,BAJEL,EQ,179910,89285,49.63
20,418,BAJFINANCE,EQ,895125,403478,45.08
20,419,BALAJEE,EQ,451158,149569,33.15
20,420,BALAMINES,EQ,23526,7116,30.25
20,421,BALAXI,EQ,29778,22813,76.61
20,422,BALKRISHNA,EQ,39672,11835,29.83
20,423,BALKRISIND,EQ,143709,64979,45.22
20,424,BALMLAWRIE,EQ,199099,76510,38.43
20,425,BALRAMCHIN,EQ,606722,241136,39.74
20,426,BALUFORGE,EQ,429835,178751,41.59
20,427,BANARBEADS,EQ,111200,23101,20.77
20,428,BANARISUG,EQ,963,586,60.85
20,429,BANCOINDIA,EQ,56494,25745,45.57
20,430,BANDHANBNK,EQ,5937155,2485136,41.86
20,431,BANG,EQ,18432,9225,50.05
20,432,BANKA,EQ,15406,2672,17.34
20,433,BANKBARODA,EQ,11899296,3297684,27.71
20,434,BANKBEES,EQ,456797,258364,56.56
20,435,BANKBETF,EQ,1164152,1146892,98.52
20,436,BANKETF,EQ,4588,3575,77.92
20,437,BANKETFADD,EQ,5771,5656,98.01
20,438,BANKIETF,EQ,3311565,2575592,77.78
20,439,BANKINDIA,EQ,9111566,6063176,66.54
20,440,BANKNIFTY1,EQ,580577,572690,98.64
20,441,BANKPSU,EQ,1194,597,50.00
20,442,BANSALWIRE,EQ,146212,69741,47.70
20,443,BANSWRAS,EQ,10884,7269,66.79
20,444,BARBEQUE,EQ,259962,199949,76.91
20,445,BASF,EQ,13044,4495,34.46
20,446,BASILIC,SM,47100,39000,82.80
20,447,BATAINDIA,EQ,117518,25223,21.46
20,448,BAWEJA,SM,5600,4000,71.43
20,449,BAYERCROP,EQ,28955,14212,49.08
20,450,BBETF0432,EQ,808,372,46.04
20,451,BBL,EQ,15121,7949,52.57
20,452,BBNPNBETF,EQ,654,598,91.44
20,453,BBNPPGOLD,EQ,14053,10232,72.81
20,454,BBOX,EQ,129350,56053,43.33
20,455,BBTC,EQ,674510,80473,11.93
20,456,BBTCL,EQ,6257,3502,55.97
20,457,BCLIND,EQ,835900,331693,39.68
20,458,BCONCEPTS,EQ,5431,3106,57.19
20,459,BDL,EQ,383274,139743,36.46
20,460,BEACON,SM,12000,10000,83.33
20,461,BEARDSELL,EQ,76728,39455,51.42
20,462,BECTORFOOD,EQ,179065,95941,53.58
20,463,BEDMUTHA,EQ,39422,13530,34.32
20,464,BEL,EQ,10700271,5128573,47.93
20,465,BEML,EQ,174839,41229,23.58
20,466,BEPL,EQ,1075634,499415,46.43
20,467,BERGEPAINT,EQ,1003315,236627,23.58
20,468,BESTAGRO,EQ,41663,18611,44.67
20,469,BETA,SM,4600,2900,63.04
20,470,BEWLTD,SM,7625,5375,70.49
20,471,BFINVEST,EQ,172765,58296,33.74
20,472,BFSI,EQ,232955,194642,83.55
20,473,BFUTILITIE,EQ,167893,58708,34.97
20,474,BHAGCHEM,EQ,65193,36621,56.17
20,475,BHAGYANGR,EQ,46506,23255,50.00
20,476,BHANDARI,EQ,371808,238614,64.18
20,477,BHARATFORG,EQ,475970,111754,23.48
20,478,BHARATGEAR,EQ,27190,13475,49.56
20,479,BHARATRAS,EQ,2250,1315,58.44
20,480,BHARATWIRE,EQ,58143,29890,51.41
20,481,BHARTIARTL,EQ,3669575,2302689,62.75
20,482,BHARTIHEXA,EQ,974841,859331,88.15
20,483,BHEL,EQ,26378660,9021275,34.20
20,484,BHINVIT,IV,153988,148567,96.48
20,485,BIGBLOC,EQ,2326587,363182,15.61
20,486,BIKAJI,EQ,369936,174912,47.28
20,487,BIKEWO,SM,58000,30000,51.72
20,488,BIOCON,EQ,1978924,690131,34.87
20,489,BIOFILCHEM,EQ,52100,24472,46.97
20,490,BIRDYS,SM,1200,1200,100.00
20,491,BIRET,RR,188927,179304,94.91
20,492,BIRLACABLE,EQ,73871,28311,38.32
20,493,BIRLACORPN,EQ,338525,169803,50.16
20,494,BLAL,EQ,43964,20281,46.13
20,495,BLBLIMITED,EQ,64253,43957,68.41
20,496,BLISSGVS,EQ,544834,202410,37.15
20,497,BLKASHYAP,EQ,299764,171944,57.36
20,498,BLS,EQ,3995107,1144514,28.65
20,499,BLSE,EQ,146898,51373,34.97
20,500,BLUEDART,EQ,12880,3475,26.98
20,501,BLUEJET,EQ,29967,17852,59.57
20,502,BLUEPEBBLE,SM,25600,17600,68.75
20,503,BLUESTARCO,EQ,325577,177169,54.42
20,504,BMETRICS,SM,9600,6400,66.67
20,505,BODALCHEM,EQ,340422,160850,47.25
20,506,BOMDYEING,EQ,3207649,714429,22.27
20,507,BOROLTD,EQ,189323,89468,47.26
20,508,BORORENEW,EQ,213877,96135,44.95
20,509,BOROSCI,EQ,122427,57358,46.85
20,510,BOSCHLTD,EQ,10745,2825,26.29
20,511,BOSS,SM,44000,12000,27.27
20,512,BPCL,EQ,5706821,2792411,48.93
20,513,BPL,EQ,54922,27353,49.80
20,514,BRACEPORT,SM,6400,6400,100.00
20,515,BRIGADE,EQ,122270,51020,41.73
20,516,BRITANNIA,EQ,269803,136545,50.61
20,517,BRNL,EQ,85911,17677,20.58
20,518,BSE,EQ,2014933,555344,27.56
20,519,BSE500IETF,EQ,151073,129934,86.01
20,520,BSHSL,EQ,9646,3931,40.75
20,521,BSL,EQ,3572,2296,64.28
20,522,BSLGOLDETF,EQ,183014,138026,75.42
20,523,BSLNIFTY,EQ,171638,121741,70.93
20,524,BSLSENETFG,EQ,1337,1001,74.87
20,525,BSOFT,EQ,6743105,2442031,36.22
20,526,BTML,EQ,153091,53374,34.86
20,527,BULKCORP,SM,1200,1200,100.00
20,528,BUTTERFLY,EQ,14779,5972,40.41
20,529,BVCL,EQ,90360,55123,61.00
20,530,BYKE,EQ,42391,21723,51.24
20,531,CAMLINFINE,EQ,461090,223792,48.54
20,532,CAMPUS,EQ,301591,97482,32.32
20,533,CAMS,EQ,173348,69113,39.87
20,534,CANARYS,SM,20000,16000,80.00
20,535,CANBK,EQ,16182512,5442136,33.63
20,536,CANFINHOME,EQ,900505,360043,39.98
20,537,CANTABIL,EQ,68667,20984,30.56
20,538,CAPACITE,EQ,494739,164742,33.30
20,539,CAPITALSFB,EQ,20990,14760,70.32
20,540,CAPLIPOINT,EQ,51516,17888,34.72
20,541,CARBORUNIV,EQ,55383,22558,40.73
20,542,CARERATING,EQ,1526595,406752,26.64
20,543,CARTRADE,EQ,150269,77849,51.81
20,544,CARYSIL,EQ,35572,15161,42.62
20,545,CASTROLIND,EQ,1889574,811456,42.94
20,546,CCL,EQ,109636,44459,40.55
20,547,CDSL,EQ,2022849,678283,33.53
20,548,CEATLTD,EQ,76459,22325,29.20
20,549,CEIGALL,EQ,150089,68589,45.70
20,550,CELEBRITY,EQ,51280,35551,69.33
20,551,CELLECOR,ST,990000,876000,88.48
20,552,CELLO,EQ,49920,23952,47.98
20,553,CELLPOINT,SM,25200,13200,52.38
20,554,CENTENKA,EQ,30933,18600,60.13
20,555,CENTRALBK,EQ,4010372,770357,19.21
20,556,CENTRUM,EQ,259468,118079,45.51
20,557,CENTUM,EQ,7710,3467,44.97
20,558,CENTURYPLY,EQ,54099,22262,41.15
20,559,CERA,EQ,15142,8359,55.20
20,560,CESC,EQ,1801202,576163,31.99
20,561,CGCL,EQ,117755,45257,38.43
20,562,CGPOWER,EQ,2290664,1325879,57.88
20,563,CGRAPHICS,SM,62400,48000,76.92
20,564,CHALET,EQ,125979,38137,30.27
20,565,CHAMBLFERT,EQ,2374361,828702,34.90
20,566,CHAVDA,SM,35000,23000,65.71
20,567,CHEMBOND,EQ,4971,2642,53.15
20,568,CHEMCON,EQ,27679,16004,57.82
20,569,CHEMFAB,EQ,9251,3361,36.33
20,570,CHEMPLASTS,EQ,73111,30906,42.27
20,571,CHENNPETRO,EQ,998873,308300,30.86
20,572,CHETANA,SM,43200,30400,70.37
20,573,CHEVIOT,EQ,2282,1456,63.80
20,574,CHOICEIN,EQ,318733,147470,46.27
20,575,CHOLAFIN,EQ,825792,488729,59.18
20,576,CHOLAHLDNG,EQ,68666,29418,42.84
20,577,CIEINDIA,EQ,98132,45324,46.19
20,578,CIGNITITEC,EQ,1365767,720098,52.72
20,579,CINELINE,EQ,10068,4434,44.04
20,580,CINEVISTA,EQ,8848,6996,79.07
20,581,CIPLA,EQ,1178365,642677,54.54
20,582,CLEAN,EQ,106950,48538,45.38
20,583,CLOUD,ST,151000,136000,90.07
20,584,CLSEL,EQ,57247,33229,58.04
20,585,CLSL,SM,2000,2000,100.00
20,586,CMMIPL,ST,9000,9000,100.00
20,587,CMNL,ST,73500,70500,95.92
20,588,CMSINFO,EQ,210103,132564,63.09
20,589,COALINDIA,EQ,5045880,1946320,38.57
20,590,COASTCORP,EQ,9753,5452,55.90
20,591,COFORGE,EQ,1517877,426715,28.11
20,592,COLPAL,EQ,1143823,409383,35.79
20,593,COMMOIETF,EQ,59988,34900,58.18
20,594,COMPUSOFT,EQ,46248,27227,58.87
20,595,COMSYN,EQ,51501,15691,30.47
20,596,CONCOR,EQ,921067,455538,49.46
20,597,CONCORDBIO,EQ,72162,31538,43.70
20,598,CONFIPET,EQ,1031911,389827,37.78
20,599,CONS,EQ,20160,19193,95.20
20,600,CONSOFINVT,EQ,14310,9236,64.54
20,601,CONSUMBEES,EQ,256110,213198,83.24
20,602,CONSUMIETF,EQ,57866,33565,58.00
20,603,CONTI,ST,3333,3333,100.00
20,604,CONTROLPR,EQ,12990,8727,67.18
20,605,COOLCAPS,ST,10000,9250,92.50
20,606,CORDSCABLE,EQ,20181,13017,64.50
20,607,COROMANDEL,EQ,440808,196311,44.53
20,608,COSMOFIRST,EQ,25346,15627,61.65
20,609,COUNCODOS,EQ,34621,17439,50.37
20,610,CPS,ST,600,600,100.00
20,611,CPSEETF,EQ,2661811,1134969,42.64
20,612,CRAFTSMAN,EQ,79971,39966,49.98
20,613,CRAYONS,SM,1000,1000,100.00
20,614,CREATIVE,EQ,14565,6532,44.85
20,615,CREATIVEYE,EQ,15342,15342,100.00
20,616,CREDITACC,EQ,164048,92267,56.24
20,617,CREST,EQ,55655,32328,58.09
20,618,CRISIL,EQ,181631,85665,47.16
20,619,CROMPTON,EQ,2679695,1790436,66.81
20,620,CSBBANK,EQ,675040,211967,31.40
20,621,CSLFINANCE,EQ,21172,13117,61.95
20,622,CUB,EQ,13911640,6100318,43.85
20,623,CUBEXTUB,EQ,47550,23205,48.80
20,624,CUMMINSIND,EQ,273625,105371,38.51
20,625,CYBERMEDIA,EQ,128262,22863,17.83
20,626,CYIENT,EQ,386865,92343,23.87
20,627,CYIENTDLM,EQ,155437,76352,49.12
20,628,DABUR,EQ,3076408,1609242,52.31
20,629,DALBHARAT,EQ,288260,102726,35.64
20,630,DALMIASUG,EQ,105250,43301,41.14
20,631,DAMODARIND,EQ,19890,4957,24.92
20,632,DANGEE,EQ,241420,58538,24.25
20,633,DATAMATICS,EQ,41429,16807,40.57
20,634,DATAPATTNS,EQ,125773,32228,25.62
20,635,DAVANGERE,EQ,1884952,799317,42.41
20,636,DBCORP,EQ,190663,85426,44.80
20,637,DBL,EQ,250140,121222,48.46
20,638,DBOL,EQ,169398,99132,58.52
20,639,DBREALTY,EQ,1452284,946411,65.17
20,640,DBSTOCKBRO,EQ,435159,277883,63.86
20,641,DCAL,EQ,242015,97053,40.10
20,642,DCBBANK,EQ,1116739,574313,51.43
20,643,DCG,SM,21600,14400,66.67
20,644,DCI,EQ,15166,7896,52.06
20,645,DCMNVL,EQ,30830,4450,14.43
20,646,DCMSHRIRAM,EQ,24734,8893,35.95
20,647,DCMSRIND,EQ,109865,55782,50.77
20,648,DCW,EQ,3341395,1191143,35.65
20,649,DCXINDIA,EQ,162391,78290,48.21
20,650,DECCANCE,EQ,11631,9164,78.79
20,651,DECCANTRAN,SM,300000,295200,98.40
20,652,DEEDEV,EQ,61192,27234,44.51
20,653,DEEM,SM,5000,5000,100.00
20,654,DEEPAKFERT,EQ,2333348,295878,12.68
20,655,DEEPAKNTR,EQ,180298,61077,33.88
20,656,DEEPINDS,EQ,223009,127395,57.13
20,657,DELAPLEX,SM,9600,6000,62.50
20,658,DELHIVERY,EQ,802189,466509,58.15
20,659,DELPHIFX,EQ,25018,16295,65.13
20,660,DELTACORP,EQ,542827,239953,44.20
20,661,DELTAMAGNT,EQ,17205,6898,40.09
20,662,DEN,EQ,1906750,920677,48.29
20,663,DENEERS,SM,8400,7800,92.86
20,664,DENORA,EQ,9021,3332,36.94
20,665,DENTALKART,SM,12500,8250,66.00
20,666,DESTINY,ST,45000,45000,100.00
20,667,DEVIT,EQ,64958,32747,50.41
20,668,DEVYANI,EQ,1257958,826673,65.72
20,669,DHAMPURSUG,EQ,176795,66578,37.66
20,670,DHANBANK,EQ,494911,174389,35.24
20,671,DHANI,EQ,2562362,967713,37.77
20,672,DHANUKA,EQ,11727,4493,38.31
20,673,DHARIWAL,SM,8400,6000,71.43
20,674,DHARMAJ,EQ,39509,19547,49.47
20,675,DHRUV,EQ,39288,28986,73.78
20,676,DHUNINV,EQ,3622,2363,65.24
20,677,DIAMINESQ,EQ,10066,5762,57.24
20,678,DIAMONDYD,EQ,50598,16040,31.70
20,679,DIFFNKG,EQ,28131,28131,100.00
20,680,DIGIDRIVE,EQ,38932,20857,53.57
20,681,DIGIKORE,SM,20800,15800,75.96
20,682,DIL,EQ,432598,179156,41.41
20,683,DISHTV,EQ,6191361,2047447,33.07
20,684,DIVGIITTS,EQ,11414,6260,54.84
20,685,DIVISLAB,EQ,560790,363617,64.84
20,686,DIVOPPBEES,EQ,47698,40199,84.28
20,687,DIVYADHAN,SM,20000,18000,90.00
20,688,DIXON,EQ,340257,85956,25.26
20,689,DKEGL,SM,6000,4500,75.00
20,690,DLF,EQ,2654323,937738,35.33
20,691,DLINKINDIA,EQ,140991,63876,45.31
20,692,DMART,EQ,435991,257401,59.04
20,693,DMCC,EQ,9311,5670,60.90
20,694,DODLA,EQ,205416,143082,69.65
20,695,DOLATALGO,EQ,371013,141753,38.21
20,696,DOLLAR,EQ,26568,12179,45.84
20,697,DOLLEX,SM,16000,12000,75.00
20,698,DOMS,EQ,132805,63762,48.01
20,699,DPABHUSHAN,EQ,89310,35664,39.93
20,700,DPEL,SM,54000,36000,66.67
20,701,DPSCLTD,EQ,725793,363606,50.10
20,702,DPWIRES,EQ,8904,4643,52.15
20,703,DRCSYSTEMS,EQ,52360,30938,59.09
20,704,DREAMFOLKS,EQ,71047,37318,52.53
20,705,DREDGECORP,EQ,17516,11521,65.77
20,706,DRONE,ST,28000,25000,89.29
20,707,DRREDDY,EQ,317461,189264,59.62
20,708,DSSL,EQ,18727,9623,51.39
20,709,DTIL,EQ,9679,4729,48.86
20,710,DTL,SM,1200,1200,100.00
20,711,DUCOL,SM,2400,1600,66.67
20,712,DUCON,EQ,637994,390583,61.22
20,713,DUGLOBAL,SM,2500,2500,100.00
20,714,DURLAX,SM,22000,16000,72.73
20,715,DVL,EQ,38699,20277,52.40
20,716,DWARKESH,EQ,676816,307713,45.46
20,717,DYCL,EQ,375206,102471,27.31
20,718,DYNAMATECH,EQ,5661,2362,41.72
20,719,DYNAMIC,ST,6000,6000,100.00
20,720,EASEMYTRIP,EQ,9060972,3297389,36.39
20,721,EBANKNIFTY,EQ,195799,195508,99.85
20,722,EBBETF0425,EQ,30066,30058,99.97
20,723,EBBETF0430,EQ,21563,20643,95.73
20,724,EBBETF0431,EQ,19836,18878,95.17
20,725,EBBETF0433,EQ,5131,4876,95.03
20,726,ECLERX,EQ,57597,25372,44.05
20,727,ECOSMOBLTY,EQ,356567,161168,45.20
20,728,EDELWEISS,EQ,3859075,2012173,52.14
20,729,EFACTOR,SM,9600,6400,66.67
20,730,EFFWA,ST,46400,36800,79.31
20,731,EFORCE,SM,26400,14400,54.55
20,732,EGOLD,EQ,120348,116518,96.82
20,733,EICHERMOT,EQ,288778,172463,59.72
20,734,EIDPARRY,EQ,138181,61022,44.16
20,735,EIHAHOTELS,EQ,23165,8602,37.13
20,736,EIHOTEL,EQ,983970,712097,72.37
20,737,EIMCOELECO,EQ,9096,4958,54.51
20,738,EKC,EQ,480864,182616,37.98
20,739,ELDEHSG,EQ,1367,636,46.53
20,740,ELECON,EQ,539629,262106,48.57
20,741,ELECTCAST,EQ,1209476,505587,41.80
20,742,ELGIEQUIP,EQ,79939,41314,51.68
20,743,ELIN,EQ,190582,51313,26.92
20,744,EMAMILTD,EQ,879958,543467,61.76
20,745,EMAMIPAP,EQ,57169,36601,64.02
20,746,EMAMIREAL,EQ,41831,24709,59.07
20,747,EMBASSY,RR,480960,462949,96.26
20,748,EMBDL,EQ,7367614,2313924,31.41
20,749,EMCURE,EQ,148350,100561,67.79
20,750,EMIL,EQ,304177,169804,55.82
20,751,EMKAYTOOLS,SM,3600,2700,75.00
20,752,EMMBI,EQ,52306,23839,45.58
20,753,EMMIL,SM,59000,56000,94.92
20,754,EMSLIMITED,EQ,208473,97870,46.95
20,755,EMUDHRA,EQ,110786,29671,26.78
20,756,ENDURANCE,EQ,205950,175749,85.34
20,757,ENERGYDEV,EQ,48587,29021,59.73
20,758,ENFUSE,SM,8400,8400,100.00
20,759,ENGINERSIN,EQ,3932422,1013407,25.77
20,760,ENIL,EQ,24435,5600,22.92
20,761,ENTERO,EQ,132408,112297,84.81
20,762,ENVIRO,SM,80000,46000,57.50
20,763,EPIGRAL,EQ,35822,14083,39.31
20,764,EPL,EQ,494653,208101,42.07
20,765,EQUAL50ADD,EQ,3563,2975,83.50
20,766,EQUITASBNK,EQ,4057044,1840763,45.37
20,767,ERIS,EQ,43586,19684,45.16
20,768,EROSMEDIA,EQ,395642,202669,51.23
20,769,ESABINDIA,EQ,3196,1673,52.35
20,770,ESAFSFB,EQ,343524,158103,46.02
20,771,ESCONET,ST,37600,34400,91.49
20,772,ESCORTS,EQ,1595629,370092,23.19
20,773,ESFL,ST,68400,68400,100.00
20,774,ESG,EQ,9421,6934,73.60
20,775,ESILVER,EQ,30679,8023,26.15
20,776,ESPRIT,SM,8000,6400,80.00
20,777,ESTER,EQ,94598,43554,46.04
20,778,ETHOSLTD,EQ,68161,38457,56.42
20,779,EUREKAFORB,EQ,84911,44793,52.75
20,780,EUROBOND,SM,3000,3000,100.00
20,781,EVEREADY,EQ,189570,71781,37.87
20,782,EVERESTIND,EQ,5682,2916,51.32
20,783,EVINDIA,EQ,679707,601745,88.53
20,784,EXCEL,EQ,6950456,3064375,44.09
20,785,EXCELINDUS,EQ,8034,4016,49.99
20,786,EXCELLENT,SM,3200,3200,100.00
20,787,EXICOM,EQ,210356,114292,54.33
20,788,EXIDEIND,EQ,1698007,532856,31.38
20,789,EXPLEOSOL,EQ,17928,11852,66.11
20,790,EXXARO,EQ,193791,91167,47.04
20,791,FACT,EQ,156487,26159,16.72
20,792,FAIRCHEMOR,EQ,8033,4712,58.66
20,793,FAZE3Q,EQ,5057,2622,51.85
20,794,FCL,EQ,162729,69245,42.55
20,795,FCSSOFT,EQ,3449064,1272231,36.89
20,796,FDC,EQ,96551,36664,37.97
20,797,FEDERALBNK,EQ,4639754,1984727,42.78
20,798,FEDFINA,EQ,623144,309869,49.73
20,799,FELIX,ST,53000,53000,100.00
20,800,FICRF3GP,MF,10626,10626,100.00
20,801,FIDEL,SM,2000,2000,100.00
20,802,FIEMIND,EQ,31516,16838,53.43
20,803,FILATEX,EQ,804687,181110,22.51
20,804,FINCABLES,EQ,62384,19296,30.93
20,805,FINEORG,EQ,14560,6480,44.51
20,806,FINIETF,EQ,60023,41668,69.42
20,807,FINOPB,EQ,405883,167885,41.36
20,808,FINPIPE,EQ,1525236,493058,32.33
20,809,FIRSTCRY,EQ,288568,130447,45.20
20,810,FIVESTAR,EQ,4348090,1206507,27.75
20,811,FLAIR,EQ,80907,66185,81.80
20,812,FLUOROCHEM,EQ,153418,51968,33.87
20,813,FMCGIETF,EQ,2123387,1614613,76.04
20,814,FMGOETZE,EQ,48957,22702,46.37
20,815,FOCE,ST,200,200,100.00
20,816,FONEBOX,SM,1000,1000,100.00
20,817,FOODSIN,EQ,206822,53408,25.82
20,818,FORCAS,SM,16000,14400,90.00
20,819,FORCEMOT,EQ,22443,5567,24.81
20,820,FORGEAUTO,SM,3600,3600,100.00
20,821,FORTIS,EQ,593134,304158,51.28
20,822,FOSECOIND,EQ,965,479,49.64
20,823,FRESHARA,ST,2959200,2954400,99.84
20,824,FROG,SM,48000,27600,57.50
20,825,FSL,EQ,8642381,1496906,17.32
20,826,FUSION,EQ,185079,92257,49.85
20,827,GABRIEL,EQ,433581,188473,43.47
20,828,GAEL,EQ,756425,317384,41.96
20,829,GAIL,EQ,6846772,3414063,49.86
20,830,GAJANAND,ST,12000,9000,75.00
20,831,GALAPREC,EQ,102548,24207,23.61
20,832,GALAXYSURF,EQ,14039,7890,56.20
20,833,GANDHAR,EQ,912975,324457,35.54
20,834,GANDHITUBE,EQ,1996,1141,57.16
20,835,GANECOS,EQ,51104,20746,40.60
20,836,GANESHBE,EQ,129057,77886,60.35
20,837,GANESHHOUC,EQ,147468,69072,46.84
20,838,GANGAFORGE,EQ,541576,232475,42.93
20,839,GANGESSECU,EQ,23932,12062,50.40
20,840,GARFIBRES,EQ,14555,6115,42.01
20,841,GARUDA,EQ,673094,181709,27.00
20,842,GATEWAY,EQ,326476,164841,50.49
20,843,GEECEE,EQ,18087,9222,50.99
20,844,GENCON,EQ,99161,36586,36.90
20,845,GENESYS,EQ,199180,87911,44.14
20,846,GENSOL,EQ,77088,40150,52.08
20,847,GENUSPAPER,EQ,331385,148446,44.80
20,848,GENUSPOWER,EQ,247491,119224,48.17
20,849,GEOJITFSL,EQ,475343,189685,39.90
20,850,GEPIL,EQ,202315,122510,60.55
20,851,GESHIP,EQ,340624,120610,35.41
20,852,GFLLIMITED,EQ,937542,282597,30.14
20,853,GGBL,SM,33600,24600,73.21
20,854,GHCL,EQ,90925,39915,43.90
20,855,GHCLTEXTIL,EQ,281278,108669,38.63
20,856,GICHSGFIN,EQ,79899,36286,45.41
20,857,GICL,SM,36000,21000,58.33
20,858,GICRE,EQ,317633,131309,41.34
20,859,GILLANDERS,EQ,3017,2124,70.40
20,860,GILLETTE,EQ,18971,7834,41.29
20,861,GILT5YBEES,EQ,130686,103505,79.20
20,862,GINNIFILA,EQ,54313,22796,41.97
20,863,GIPCL,EQ,234365,108965,46.49
20,864,GIRIRAJ,SM,1250,1000,80.00
20,865,GKWLIMITED,EQ,2546,2238,87.90
20,866,GLAND,EQ,193657,111032,57.33
20,867,GLAXO,EQ,69620,34158,49.06
20,868,GLENMARK,EQ,229409,92670,40.40
20,869,GLOBAL,EQ,39718,16470,41.47
20,870,GLOBALPET,SM,10500,10500,100.00
20,871,GLOBE,EQ,1127907,834562,73.99
20,872,GLOBUSSPR,EQ,69917,21982,31.44
20,873,GLOSTERLTD,EQ,1004,631,62.85
20,874,GLS,EQ,77131,29582,38.35
20,875,GMBREW,EQ,50722,15078,29.73
20,876,GMDCLTD,EQ,3106420,532938,17.16
20,877,GMMPFAUDLR,EQ,52056,31489,60.49
20,878,GMRINFRA,EQ,14325395,5985495,41.78
20,879,GMRP&UI,EQ,900897,348075,38.64
20,880,GNA,EQ,32308,17932,55.50
20,881,GNFC,EQ,375678,155205,41.31
20,882,GOACARBON,EQ,30140,10654,35.35
20,883,GOCLCORP,EQ,18536,10214,55.10
20,884,GOCOLORS,EQ,8921,6045,67.76
20,885,GODFRYPHLP,EQ,63090,15837,25.10
20,886,GODHA,EQ,2446613,1275632,52.14
20,887,GODIGIT,EQ,173374,60431,34.86
20,888,GODREJAGRO,EQ,103880,38491,37.05
20,889,GODREJCP,EQ,2392142,1647399,68.87
20,890,GODREJIND,EQ,212972,96870,45.48
20,891,GODREJPROP,EQ,1375110,244610,17.79
20,892,GOKEX,EQ,59240,31727,53.56
20,893,GOKUL,EQ,72672,18866,25.96
20,894,GOKULAGRO,EQ,112162,50591,45.11
20,895,GOLD1,EQ,310702,239291,77.02
20,896,GOLDBEES,EQ,13330060,10454046,78.42
20,897,GOLDCASE,EQ,1027379,918315,89.38
20,898,GOLDETF,EQ,370422,318885,86.09
20,899,GOLDETFADD,EQ,90652,82605,91.12
20,900,GOLDIAM,EQ,381499,140544,36.84
20,901,GOLDIETF,EQ,2111998,1912740,90.57
20,902,GOLDSHARE,EQ,1488381,1353885,90.96
20,903,GOLDSTAR,SM,67500,22500,33.33
20,904,GOODLUCK,EQ,183541,97223,52.97
20,905,GOPAL,EQ,224364,105546,47.04
20,906,GOYALALUM,EQ,130275,79984,61.40
20,907,GOYALSALT,SM,3000,2400,80.00
20,908,GPECO,SM,19200,13200,68.75
20,909,GPIL,EQ,1295242,584913,45.16
20,910,GPPL,EQ,801503,289652,36.14
20,911,GPTHEALTH,EQ,134037,62361,46.53
20,912,GPTINFRA,EQ,114095,78025,68.39
20,913,GRANULES,EQ,1152690,432045,37.48
20,914,GRAPHISAD,ST,6000,6000,100.00
20,915,GRAPHITE,EQ,420057,115646,27.53
20,916,GRASIM,EQ,844303,425991,50.45
20,917,GRASIMPP1,E1,4334,2656,61.28
20,918,GRAVITA,EQ,187745,88940,47.37
20,919,GRCL,ST,1500,1500,100.00
20,920,GREAVESCOT,EQ,1426925,439737,30.82
20,921,GREENCHEF,SM,10400,4800,46.15
20,922,GREENLAM,EQ,9691,3781,39.02
20,923,GREENPANEL,EQ,142334,54490,38.28
20,924,GREENPLY,EQ,133460,48573,36.40
20,925,GREENPOWER,EQ,5151518,2102222,40.81
20,926,GRINDWELL,EQ,38660,23013,59.53
20,927,GRINFRA,EQ,17736,6403,36.10
20,928,GRMOVER,EQ,278743,71228,25.55
20,929,GROWWDEFNC,EQ,120048,87332,72.75
20,930,GROWWEV,EQ,646654,507358,78.46
20,931,GROWWGOLD,EQ,150448,122725,81.57
20,932,GROWWLIQID,EQ,467432,456225,97.60
20,933,GRSE,EQ,843328,212979,25.25
20,934,GRWRHITECH,EQ,34943,16940,48.48
20,935,GSEC10ABSL,EQ,68,68,100.00
20,936,GSEC10IETF,EQ,65300,65223,99.88
20,937,GSEC10YEAR,EQ,2528,2348,92.88
20,938,GSEC5IETF,EQ,1286,951,73.95
20,939,GSFC,EQ,967136,299308,30.95
20,940,GSLSU,EQ,67028,30383,45.33
20,941,GSMFOILS,ST,64000,60000,93.75
20,942,GSPL,EQ,709709,418123,58.91
20,943,GSS,EQ,33740,24449,72.46
20,944,GSTL,SM,145000,137000,94.48
20,945,GTL,EQ,813554,419085,51.51
20,946,GTLINFRA,EQ,79197993,24681299,31.16
20,947,GTPL,EQ,17630,9640,54.68
20,948,GUFICBIO,EQ,121002,41766,34.52
20,949,GUJALKALI,EQ,108572,44362,40.86
20,950,GUJGASLTD,EQ,654515,352225,53.81
20,951,GUJRAFFIA,EQ,801,580,72.41
20,952,GULFOILLUB,EQ,109686,39924,36.40
20,953,GULFPETRO,EQ,118788,59499,50.09
20,954,GULPOLY,EQ,454215,133079,29.30
20,955,GVPTECH,EQ,154326,40079,25.97
20,956,HAL,EQ,956246,432916,45.27
20,957,HAPPSTMNDS,EQ,877232,749372,85.42
20,958,HAPPYFORGE,EQ,17252,8898,51.58
20,959,HARDWYN,EQ,1222275,287020,23.48
20,960,HARIOMPIPE,EQ,74060,35610,48.08
20,961,HARSHA,EQ,28209,15964,56.59
20,962,HATHWAY,EQ,1984760,839289,42.29
20,963,HATSUN,EQ,47195,27100,57.42
20,964,HAVELLS,EQ,1229222,700153,56.96
20,965,HBLPOWER,EQ,847960,372637,43.95
20,966,HCC,EQ,15073536,5062198,33.58
20,967,HCG,EQ,148470,93179,62.76
20,968,HCLTECH,EQ,1621637,1047420,64.59
20,969,HDFCAMC,EQ,438469,260007,59.30
20,970,HDFCBANK,EQ,15416129,10527020,68.29
20,971,HDFCBSE500,EQ,28407,19485,68.59
20,972,HDFCGOLD,EQ,2145902,1715909,79.96
20,973,HDFCGROWTH,EQ,8888,6638,74.68
20,974,HDFCLIFE,EQ,1806714,727601,40.27
20,975,HDFCLIQUID,EQ,40254,39020,96.93
20,976,HDFCLOWVOL,EQ,29301,27620,94.26
20,977,HDFCMID150,EQ,179067,91321,51.00
20,978,HDFCMOMENT,EQ,562070,522810,93.02
20,979,HDFCNEXT50,EQ,70614,49012,69.41
20,980,HDFCNIF100,EQ,35865,21170,59.03
20,981,HDFCNIFBAN,EQ,16809,15769,93.81
20,982,HDFCNIFIT,EQ,10244,6907,67.42
20,983,HDFCNIFTY,EQ,45202,38169,84.44
20,984,HDFCPSUBK,EQ,18069,12349,68.34
20,985,HDFCPVTBAN,EQ,42052,25213,59.96
20,986,HDFCQUAL,EQ,32509,27069,83.27
20,987,HDFCSENSEX,EQ,14786,12366,83.63
20,988,HDFCSILVER,EQ,753392,508798,67.53
20,989,HDFCSML250,EQ,407460,294013,72.16
20,990,HDFCVALUE,EQ,3381,2216,65.54
20,991,HEADSUP,EQ,44586,23567,52.86
20,992,HEALTHADD,EQ,271,257,94.83
20,993,HEALTHIETF,EQ,50097,19350,38.63
20,994,HEALTHY,EQ,231329,125352,54.19
20,995,HECPROJECT,EQ,15076,5475,36.32
20,996,HEG,EQ,543442,205560,37.83
20,997,HEIDELBERG,EQ,175076,74539,42.58
20,998,HEMIPROP,EQ,311073,154234,49.58
20,999,HERANBA,EQ,54690,22536,41.21
20,1000,HERITGFOOD,EQ,720447,325877,45.23
20,1001,HEROMOTOCO,EQ,349453,98383,28.15
20,1002,HESTERBIO,EQ,3532,2472,69.99
20,1003,HEUBACHIND,EQ,63378,35329,55.74
20,1004,HFCL,EQ,15254870,4139170,27.13
20,1005,HGINFRA,EQ,52894,27362,51.73
20,1006,HGS,EQ,23066,11834,51.30
20,1007,HIGREEN,ST,19200,17600,91.67
20,1008,HIKAL,EQ,151513,60702,40.06
20,1009,HIL,EQ,6037,3435,56.90
20,1010,HILTON,EQ,47140,23613,50.09
20,1011,HIMATSEIDE,EQ,7357325,2041047,27.74
20,1012,HINDALCO,EQ,14909729,5110556,34.28
20,1013,HINDCOMPOS,EQ,5934,2833,47.74
20,1014,HINDCON,EQ,37684,20633,54.75
20,1015,HINDCOPPER,EQ,3667963,986430,26.89
20,1016,HINDOILEXP,EQ,1223067,622563,50.90
20,1017,HINDPETRO,EQ,7703516,4589002,59.57
20,1018,HINDUNILVR,EQ,9216267,5365070,58.21
20,1019,HINDWAREAP,EQ,329228,230596,70.04
20,1020,HINDZINC,EQ,5302861,2962852,55.87
20,1021,HIRECT,EQ,40018,17491,43.71
20,1022,HISARMETAL,EQ,10069,2951,29.31
20,1023,HITECH,EQ,449046,138864,30.92
20,1024,HITECHCORP,EQ,21213,11103,52.34
20,1025,HLEGLAS,EQ,32999,16234,49.20
20,1026,HLVLTD,EQ,1241657,584278,47.06
20,1027,HMAAGRO,EQ,108341,45006,41.54
20,1028,HMVL,EQ,61063,29524,48.35
20,1029,HNDFDS,EQ,123041,28194,22.91
20,1030,HNGSNGBEES,EQ,197048,145879,74.03
20,1031,HOLMARC,SM,6000,6000,100.00
20,1032,HOMEFIRST,EQ,230486,123132,53.42
20,1033,HOMESFY,SM,900,900,100.00
20,1034,HONASA,EQ,469184,178879,38.13
20,1035,HONAUT,EQ,3557,1476,41.50
20,1036,HONDAPOWER,EQ,4618,2036,44.09
20,1037,HPAL,EQ,98314,49974,50.83
20,1038,HPIL,EQ,87259,78877,90.39
20,1039,HPL,EQ,77049,43876,56.95
20,1040,HSCL,EQ,2608821,436499,16.73
20,1041,HTMEDIA,EQ,240679,105978,44.03
20,1042,HUDCO,EQ,5572035,1673368,30.03
20,1043,HUHTAMAKI,EQ,438816,231087,52.66
20,1044,HVAX,SM,28200,15000,53.19
20,1045,HYUNDAI,EQ,3271622,1526615,46.66
20,1046,IBLFL,ST,32000,32000,100.00
20,1047,ICDSLTD,EQ,9994,5909,59.13
20,1048,ICEMAKE,EQ,21948,8627,39.31
20,1049,ICICIB22,EQ,511254,329324,64.41
20,1050,ICICIBANK,EQ,12223031,8917637,72.96
20,1051,ICICIGI,EQ,708334,516690,72.94
20,1052,ICICIPRULI,EQ,1290728,543168,42.08
20,1053,ICIL,EQ,102645,31577,30.76
20,1054,ICRA,EQ,53172,39401,74.10
20,1055,IDBI,EQ,17876800,3522032,19.70
20,1056,IDEA,EQ,381020269,115492481,30.31
20,1057,IDEAFORGE,EQ,160008,82754,51.72
20,1058,IDEALTECHO,SM,31000,25000,80.65
20,1059,IDFCFIRSTB,EQ,35558564,14166606,39.84
20,1060,IDFNIFTYET,EQ,613,350,57.10
20,1061,IEL,EQ,147802,80662,54.57
20,1062,IEML,SM,1000,1000,100.00
20,1063,IEX,EQ,5256532,2005108,38.15
20,1064,IFBAGRO,EQ,3841,2241,58.34
20,1065,IFBIND,EQ,42681,18330,42.95
20,1066,IFCI,EQ,7077617,1957752,27.66
20,1067,IFCIZC24,NI,150,150,100.00
20,1068,IFGLEXPOR,EQ,11757,6172,52.50
20,1069,IGARASHI,EQ,81198,36661,45.15
20,1070,IGL,EQ,1379052,674840,48.94
20,1071,IGPL,EQ,42831,30986,72.34
20,1072,IIFL,EQ,11982378,5404167,45.10
20,1073,IIFLHFZC27,NB,15,15,100.00
20,1074,IIFLSEC,EQ,736704,278670,37.83
20,1075,IIFLZC25A,NP,204,204,100.00
20,1076,IIFLZC26,NN,50,50,100.00
20,1077,IIFLZC28C,N6,22,22,100.00
20,1078,IKIO,EQ,172611,83404,48.32
20,1079,IMAGICAA,EQ,758703,372773,49.13
20,1080,IMFA,EQ,67246,33745,50.18
20,1081,IMPAL,EQ,1865,1215,65.15
20,1082,INDBANK,EQ,57555,22587,39.24
20,1083,INDGN,EQ,298129,167481,56.18
20,1084,INDHOTEL,EQ,1637028,669901,40.92
20,1085,INDIACEM,EQ,825167,481585,58.36
20,1086,INDIAGLYCO,EQ,91648,32337,35.28
20,1087,INDIAMART,EQ,268295,83684,31.19
20,1088,INDIANB,EQ,547736,263607,48.13
20,1089,INDIANCARD,EQ,1736,816,47.00
20,1090,INDIANHUME,EQ,48580,21913,45.11
20,1091,INDIASHLTR,EQ,36969,18500,50.04
20,1092,INDIGO,EQ,722355,460193,63.71
20,1093,INDIGOPNTS,EQ,234388,74805,31.92
20,1094,INDIGRID,IV,323288,307027,94.97
20,1095,INDNIPPON,EQ,9405,6052,64.35
20,1096,INDOAMIN,EQ,213697,75037,35.11
20,1097,INDOBORAX,EQ,61911,27477,44.38
20,1098,INDOCO,EQ,500071,86862,17.37
20,1099,INDORAMA,EQ,292635,132782,45.37
20,1100,INDOSTAR,EQ,103166,54098,52.44
20,1101,INDOUS,EQ,7543,1469,19.48
20,1102,INDOWIND,EQ,110395,69764,63.19
20,1103,INDRAMEDCO,EQ,129371,56118,43.38
20,1104,INDSWFTLTD,EQ,39037,27912,71.50
20,1105,INDTERRAIN,EQ,46281,28038,60.58
20,1106,INDUSINDBK,EQ,2441333,1121458,45.94
20,1107,INDUSTOWER,EQ,6558434,3227788,49.22
20,1108,INFIBEAM,EQ,4415054,1523841,34.51
20,1109,INFINIUM,ST,6500,5000,76.92
20,1110,INFOBEAN,EQ,12325,7117,57.74
20,1111,INFOLLION,SM,34400,18400,53.49
20,1112,INFRABEES,EQ,9941,5760,57.94
20,1113,INFRAIETF,EQ,122552,53980,44.05
20,1114,INFY,EQ,2906475,1892942,65.13
20,1115,INGERRAND,EQ,9429,3546,37.61
20,1116,INNOMET,SM,24000,20400,85.00
20,1117,INNOVACAP,EQ,38477,19547,50.80
20,1118,INNOVANA,SM,200,200,100.00
20,1119,INOXGREEN,EQ,1417392,304274,21.47
20,1120,INOXINDIA,EQ,60457,25398,42.01
20,1121,INOXWIND,EQ,4725266,1638147,34.67
20,1122,INSECTICID,EQ,23227,10024,43.16
20,1123,INSPIRE,SM,2000,2000,100.00
20,1124,INTELLECT,EQ,157107,77170,49.12
20,1125,INTERARCH,EQ,208722,54280,26.01
20,1126,INTLCONV,EQ,491773,123100,25.03
20,1127,INVENTURE,EQ,1521214,831248,54.64
20,1128,IOB,EQ,6605052,1320141,19.99
20,1129,IOC,EQ,8648491,3685793,42.62
20,1130,IOLCP,EQ,153995,61710,40.07
20,1131,IONEXCHANG,EQ,132286,42555,32.17
20,1132,IPCALAB,EQ,168167,76961,45.76
20,1133,IPHL,SM,129600,115200,88.89
20,1134,IPL,EQ,101847,58133,57.08
20,1135,IPSL,SM,6000,6000,100.00
20,1136,IRB,EQ,14065940,6841914,48.64
20,1137,IRBINVIT,IV,287511,262796,91.40
20,1138,IRCON,EQ,4030854,1073985,26.64
20,1139,IRCTC,EQ,739626,283433,38.32
20,1140,IREDA,EQ,6264850,1976816,31.55
20,1141,IRFC,EQ,12496782,3034559,24.28
20,1142,IRISDOREME,EQ,73749,8301,11.26
20,1143,IRMENERGY,EQ,47151,27867,59.10
20,1144,ISEC,EQ,147353,57557,39.06
20,1145,ISGEC,EQ,20107,8919,44.36
20,1146,ISHAN,ST,288000,240000,83.33
20,1147,IT,EQ,19064,15370,80.62
20,1148,ITALIANE,ST,22000,22000,100.00
20,1149,ITBEES,EQ,2207428,1477669,66.94
20,1150,ITC,EQ,13092399,8381883,64.02
20,1151,ITDC,EQ,26493,8909,33.63
20,1152,ITDCEM,EQ,677016,240786,35.57
20,1153,ITETF,EQ,109744,80786,73.61
20,1154,ITETFADD,EQ,4594,4267,92.88
20,1155,ITI,EQ,275516,64347,23.36
20,1156,ITIETF,EQ,426583,255315,59.85
20,1157,IVP,EQ,12855,8571,66.67
20,1158,IVZINGOLD,EQ,334,260,77.84
20,1159,IVZINNIFTY,EQ,1,1,100.00
20,1160,IXIGO,EQ,326240,157982,48.43
20,1161,JAGRAN,EQ,223409,148212,66.34
20,1162,JAGSNPHARM,EQ,294841,110489,37.47
20,1163,JAIBALAJI,EQ,119022,82902,69.65
20,1164,JAICORPLTD,EQ,374823,111402,29.72
20,1165,JAIPURKURT,EQ,207807,67013,32.25
20,1166,JALAN,SM,27000,24000,88.89
20,1167,JAMNAAUTO,EQ,1294007,624580,48.27
20,1168,JASH,EQ,21476,13509,62.90
20,1169,JAYAGROGN,EQ,9041,4270,47.23
20,1170,JAYBARMARU,EQ,92381,43442,47.02
20,1171,JAYBEE,SM,130000,78000,60.00
20,1172,JAYNECOIND,EQ,175759,102973,58.59
20,1173,JAYSREETEA,EQ,148577,57349,38.60
20,1174,JBCHEPHARM,EQ,95077,61450,64.63
20,1175,JBMA,EQ,80427,31709,39.43
20,1176,JCHAC,EQ,203065,100465,49.47
20,1177,JEYYAM,SM,46000,34000,73.91
20,1178,JFLLIFE,SM,24000,18000,75.00
20,1179,JGCHEM,EQ,91915,40088,43.61
20,1180,JHS,EQ,193831,91288,47.10
20,1181,JINDALPHOT,EQ,5415,2333,43.08
20,1182,JINDALPOLY,EQ,29739,11767,39.57
20,1183,JINDALSAW,EQ,1149627,464110,40.37
20,1184,JINDALSTEL,EQ,3186168,1897380,59.55
20,1185,JINDRILL,EQ,15674,6900,44.02
20,1186,JINDWORLD,EQ,17871,4696,26.28
20,1187,JIOFIN,EQ,7628619,3584533,46.99
20,1188,JISLDVREQS,EQ,34293,9601,28.00
20,1189,JISLJALEQS,EQ,2538716,994650,39.18
20,1190,JITFINFRA,EQ,35758,21168,59.20
20,1191,JIWANRAM,SM,18000,12000,66.67
20,1192,J&KBANK,EQ,1978145,832709,42.10
20,1193,JKCEMENT,EQ,49629,16119,32.48
20,1194,JKIL,EQ,85348,41647,48.80
20,1195,JKLAKSHMI,EQ,89053,40463,45.44
20,1196,JKPAPER,EQ,231623,86849,37.50
20,1197,JKTYRE,EQ,283523,105324,37.15
20,1198,JLHL,EQ,25534,13660,53.50
20,1199,JMA,EQ,21883,2611,11.93
20,1200,JMFINANCIL,EQ,13197567,2719900,20.61
20,1201,JNKINDIA,EQ,60038,39403,65.63
20,1202,JOCIL,EQ,5745,3858,67.15
20,1203,JPOLYINVST,EQ,13445,5293,39.37
20,1204,JPPOWER,EQ,49571512,13992822,28.23
20,1205,JSFB,EQ,403134,189747,47.07
20,1206,JSL,EQ,635524,303549,47.76
20,1207,JSLL,SM,7020,4860,69.23
20,1208,JSWENERGY,EQ,1271312,464591,36.54
20,1209,JSWHL,EQ,5654,2262,40.01
20,1210,JSWINFRA,EQ,1131431,471844,41.70
20,1211,JSWSTEEL,EQ,650392,236640,36.38
20,1212,JTEKTINDIA,EQ,149581,88056,58.87
20,1213,JTLIND,EQ,341570,179831,52.65
20,1214,JUBLFOOD,EQ,1179846,482085,40.86
20,1215,JUBLINDS,EQ,6364,4797,75.38
20,1216,JUBLINGREA,EQ,771056,329017,42.67
20,1217,JUBLPHARMA,EQ,87516,44442,50.78
20,1218,JUNIORBEES,EQ,387006,242469,62.65
20,1219,JUNIPER,EQ,63650,32333,50.80
20,1220,JUSTDIAL,EQ,109545,30663,27.99
20,1221,JWL,EQ,624469,209921,33.62
20,1222,JYOTHYLAB,EQ,883188,235489,26.66
20,1223,JYOTICNC,EQ,150591,97726,64.89
20,1224,JYOTISTRUC,EQ,28310820,13260060,46.84
20,1225,K2INFRA,SM,46800,30000,64.10
20,1226,KABRAEXTRU,EQ,171684,61187,35.64
20,1227,KAJARIACER,EQ,245426,124418,50.69
20,1228,KAKATCEM,EQ,6623,4087,61.71
20,1229,KALAMANDIR,EQ,315185,180580,57.29
20,1230,KALANA,SM,32000,26000,81.25
20,1231,KALYANIFRG,EQ,1104,817,74.00
20,1232,KALYANKJIL,EQ,4518689,1133201,25.08
20,1233,KAMATHOTEL,EQ,26959,18182,67.44
20,1234,KAMDHENU,EQ,346858,244110,70.38
20,1235,KANANIIND,EQ,140826,99765,70.84
20,1236,KANORICHEM,EQ,32767,11645,35.54
20,1237,KANPRPLA,EQ,16765,7093,42.31
20,1238,KANSAINER,EQ,303751,174718,57.52
20,1239,KAPSTON,EQ,29055,14859,51.14
20,1240,KARURVYSYA,EQ,1730789,559394,32.32
20,1241,KATARIA,SM,8400,8400,100.00
20,1242,KAUSHALYA,EQ,616,371,60.23
20,1243,KAYNES,EQ,246682,43570,17.66
20,1244,KBCGLOBAL,EQ,10948820,4345180,39.69
20,1245,KCEIL,SM,13000,10500,80.77
20,1246,KCK,ST,12000,12000,100.00
20,1247,KCP,EQ,198178,86483,43.64
20,1248,KDDL,EQ,16278,8409,51.66
20,1249,KDL,ST,6300,6200,98.41
20,1250,KEC,EQ,493092,131807,26.73
20,1251,KECL,EQ,93179,47463,50.94
20,1252,KEI,EQ,250850,142140,56.66
20,1253,KELLTONTEC,EQ,803929,246193,30.62
20,1254,KERNEX,EQ,40897,15189,37.14
20,1255,KESORAMIND,EQ,1453199,886514,61.00
20,1256,KFINTECH,EQ,606325,288015,47.50
20,1257,KHADIM,EQ,13854,8339,60.19
20,1258,KHAICHEM,EQ,181467,59781,32.94
20,1259,KHANDSE,EQ,22047,4394,19.93
20,1260,KHFM,SM,12400,6200,50.00
20,1261,KICL,EQ,12684,6868,54.15
20,1262,KILITCH,EQ,10162,3586,35.29
20,1263,KIMS,EQ,92635,45863,49.51
20,1264,KINGFA,EQ,2881,1504,52.20
20,1265,KIOCL,EQ,31300,11565,36.95
20,1266,KIRIINDUS,EQ,619146,272424,44.00
20,1267,KIRLOSBROS,EQ,45789,14205,31.02
20,1268,KIRLOSENG,EQ,187014,101909,54.49
20,1269,KIRLOSIND,EQ,2420,1202,49.67
20,1270,KIRLPNU,EQ,66549,29160,43.82
20,1271,KITEX,EQ,460344,178185,38.71
20,1272,KKCL,EQ,25140,12712,50.56
20,1273,KLL,SM,27200,19200,70.59
20,1274,KMSUGAR,EQ,166413,93372,56.11
20,1275,KNAGRI,ST,70400,67200,95.45
20,1276,KNRCON,EQ,545026,249104,45.70
20,1277,KODYTECH,SM,20200,11800,58.42
20,1278,KOHINOOR,EQ,465656,115924,24.89
20,1279,KOKUYOCMLN,EQ,123990,79183,63.86
20,1280,KOLTEPATIL,EQ,179260,78161,43.60
20,1281,KONSTELEC,SM,27000,21000,77.78
20,1282,KONTOR,ST,9600,7200,75.00
20,1283,KOPRAN,EQ,479258,197446,41.20
20,1284,KORE,SM,2500,2000,80.00
20,1285,KOTAKBANK,EQ,2316820,1563790,67.50
20,1286,KOTARISUG,EQ,152526,56981,37.36
20,1287,KOTHARIPET,EQ,239161,174287,72.87
20,1288,KOTYARK,SM,39800,24800,62.31
20,1289,KPIL,EQ,63402,24763,39.06
20,1290,KPITTECH,EQ,10867415,4349927,40.03
20,1291,KPRMILL,EQ,253960,153072,60.27
20,1292,KRBL,EQ,594605,170481,28.67
20,1293,KRIDHANINF,EQ,49470,33930,68.59
20,1294,KRISHANA,EQ,14504,8253,56.90
20,1295,KRISHCA,SM,21000,17000,80.95
20,1296,KRISHIVAL,SM,500,500,100.00
20,1297,KRISHNADEF,ST,15500,12500,80.65
20,1298,KRITI,EQ,56603,32851,58.04
20,1299,KRN,EQ,265585,105374,39.68
20,1300,KRONOX,EQ,122536,55914,45.63
20,1301,KROSS,EQ,246203,87685,35.61
20,1302,KRSNAA,EQ,54133,27434,50.68
20,1303,KRYSTAL,EQ,83536,34665,41.50
20,1304,KSB,EQ,42989,18215,42.37
20,1305,KSCL,EQ,48493,21042,43.39
20,1306,KSHITIJPOL,EQ,184557,184557,100.00
20,1307,KSL,EQ,16965,8050,47.45
20,1308,KSOLVES,EQ,24030,13392,55.73
20,1309,KTKBANK,EQ,1787306,904708,50.62
20,1310,KTL,ST,3000,3000,100.00
20,1311,KUANTUM,EQ,37652,25540,67.83
20,1312,LAGNAM,EQ,38927,18200,46.75
20,1313,LAKSHYA,ST,944000,846400,89.66
20,1314,LALPATHLAB,EQ,1233012,121066,9.82
20,1315,LAMBODHARA,EQ,10511,5094,48.46
20,1316,LANCORHOL,EQ,148993,74239,49.83
20,1317,LANDMARK,EQ,19615,13739,70.04
20,1318,LAOPALA,EQ,61888,32219,52.06
20,1319,LATENTVIEW,EQ,282087,151075,53.56
20,1320,LAURUSLABS,EQ,2420152,555781,22.96
20,1321,LAWSIKHO,SM,26000,19000,73.08
20,1322,LAXMICOT,EQ,60513,22904,37.85
20,1323,LEMERITE,ST,83200,60800,73.08
20,1324,LEMONTREE,EQ,1425216,523189,36.71
20,1325,LEXUS,EQ,68447,26707,39.02
20,1326,LGBBROSLTD,EQ,37285,26176,70.21
20,1327,LIBAS,EQ,123404,50973,41.31
20,1328,LICHSGFIN,EQ,1472019,712877,48.43
20,1329,LICI,EQ,911588,444508,48.76
20,1330,LICMFGOLD,EQ,941,854,90.75
20,1331,LICNETFGSC,EQ,55836,50137,89.79
20,1332,LICNETFN50,EQ,37888,37795,99.75
20,1333,LICNETFSEN,EQ,433,30,6.93
20,1334,LICNFNHGP,EQ,2084,1597,76.63
20,1335,LICNMID100,EQ,4052,3264,80.55
20,1336,LIKHITHA,EQ,45900,23425,51.03
20,1337,LINC,EQ,117777,44547,37.82
20,1338,LINCOLN,EQ,16478,8273,50.21
20,1339,LINDEINDIA,EQ,30050,13376,44.51
20,1340,LIQUID,EQ,62305,34909,56.03
20,1341,LIQUID1,EQ,500154,416003,83.17
20,1342,LIQUIDADD,EQ,1009612,682119,67.56
20,1343,LIQUIDBEES,EQ,3186630,2709115,85.02
20,1344,LIQUIDBETF,EQ,2734,1357,49.63
20,1345,LIQUIDCASE,EQ,3804028,3433146,90.25
20,1346,LIQUIDETF,EQ,387667,366060,94.43
20,1347,LIQUIDIETF,EQ,1371755,1052521,76.73
20,1348,LIQUIDSBI,EQ,50760,38796,76.43
20,1349,LIQUIDSHRI,EQ,12669,11628,91.78
20,1350,LLOYDS,SM,18000,10000,55.56
20,1351,LLOYDSENGG,EQ,2044874,709306,34.69
20,1352,LLOYDSENT,EQ,876896,472038,53.83
20,1353,LLOYDSME,EQ,449663,201585,44.83
20,1354,LMW,EQ,2170,1184,54.56
20,1355,LODHA,EQ,967869,554937,57.34
20,1356,LOKESHMACH,EQ,28233,18101,64.11
20,1357,LORDSCHLO,EQ,9798,4231,43.18
20,1358,LOWVOL,EQ,482,292,60.58
20,1359,LOWVOL1,EQ,240057,210221,87.57
20,1360,LOWVOLIETF,EQ,1718701,1081505,62.93
20,1361,LOYALTEX,EQ,441,232,52.61
20,1362,LPDC,EQ,59076,32064,54.28
20,1363,LT,EQ,1924421,1300648,67.59
20,1364,LTF,EQ,20052904,9390970,46.83
20,1365,LTFOODS,EQ,4009945,1226044,30.58
20,1366,LTGILTBEES,EQ,1761521,1325912,75.27
20,1367,LTIM,EQ,179275,97012,54.11
20,1368,LTTS,EQ,83752,36510,43.59
20,1369,LUMAXIND,EQ,985,636,64.57
20,1370,LUMAXTECH,EQ,58930,30640,51.99
20,1371,LUPIN,EQ,703917,243105,34.54
20,1372,LUXIND,EQ,31235,14222,45.53
20,1373,LXCHEM,EQ,682905,241824,35.41
20,1374,LYKALABS,EQ,66373,34128,51.42
20,1375,MAANALU,EQ,306002,124501,40.69
20,1376,MACOBSTECH,SM,73600,57600,78.26
20,1377,MADHAV,EQ,10198,4606,45.17
20,1378,MADHAVBAUG,SM,1600,1600,100.00
20,1379,MADHUSUDAN,SM,11000,8000,72.73
20,1380,MADRASFERT,EQ,116082,37273,32.11
20,1381,MAFANG,EQ,409771,316861,77.33
20,1382,MAGADSUGAR,EQ,15777,4366,27.67
20,1383,MAGNUM,EQ,56241,28730,51.08
20,1384,MAGSON,SM,2000,2000,100.00
20,1385,MAHABANK,EQ,11386093,3343513,29.36
20,1386,MAHEPC,EQ,8345,5987,71.74
20,1387,MAHESHWARI,EQ,63577,35510,55.85
20,1388,MAHKTECH,EQ,2993103,1706023,57.00
20,1389,MAHLIFE,EQ,134793,62530,46.39
20,1390,MAHLOG,EQ,192359,75712,39.36
20,1391,MAHSCOOTER,EQ,11717,4484,38.27
20,1392,MAHSEAMLES,EQ,198158,123617,62.38
20,1393,MAITHANALL,EQ,19063,9053,47.49
20,1394,MAITREYA,ST,14400,13600,94.44
20,1395,MAKEINDIA,EQ,26170,18492,70.66
20,1396,MAKS,SM,3000,1500,50.00
20,1397,MAL,SM,59200,6400,10.81
20,1398,MALUPAPER,EQ,120975,11053,9.14
20,1399,MANAKALUCO,EQ,29059,25154,86.56
20,1400,MANAKSIA,EQ,32977,16792,50.92
20,1401,MANAKSTEEL,EQ,49974,22214,44.45
20,1402,MANALIPETC,EQ,300936,130875,43.49
20,1403,MANAPPURAM,EQ,9147933,2408943,26.33
20,1404,MANBA,EQ,1094515,331903,30.32
20,1405,MANCREDIT,EQ,31344,9295,29.65
20,1406,MANGALAM,EQ,28204,19564,69.37
20,1407,MANGCHEFER,EQ,202871,103827,51.18
20,1408,MANGLMCEM,EQ,30156,19560,64.86
20,1409,MANINDS,EQ,247623,114576,46.27
20,1410,MANINFRA,EQ,207238,90647,43.74
20,1411,MANKIND,EQ,239778,128639,53.65
20,1412,MANORAMA,EQ,523882,337283,64.38
20,1413,MANUGRAPH,EQ,15088,8809,58.38
20,1414,MANYAVAR,EQ,84698,43153,50.95
20,1415,MAPMYINDIA,EQ,32297,15632,48.40
20,1416,MARALOVER,EQ,16465,12150,73.79
20,1417,MARATHON,EQ,71977,39921,55.46
20,1418,MARCO,SM,12000,12000,100.00
20,1419,MARICO,EQ,1911649,1117094,58.44
20,1420,MARINE,EQ,852133,441132,51.77
20,1421,MARINETRAN,SM,4000,4000,100.00
20,1422,MARKSANS,EQ,1377486,354245,25.72
20,1423,MARSHALL,EQ,56111,9862,17.58
20,1424,MARUTI,EQ,552495,313992,56.83
20,1425,MASFIN,EQ,267977,121945,45.51
20,1426,MASON,SM,138000,76000,55.07
20,1427,MASPTOP50,EQ,101594,55379,54.51
20,1428,MASTEK,EQ,112311,56177,50.02
20,1429,MASTER,ST,2000,1000,50.00
20,1430,MATRIMONY,EQ,53523,38683,72.27
20,1431,MAWANASUG,EQ,52245,23683,45.33
20,1432,MAXESTATES,EQ,104976,52945,50.44
20,1433,MAXHEALTH,EQ,2265093,1409197,62.21
20,1434,MAXIND,EQ,188804,50262,26.62
20,1435,MAXPOSURE,SM,14000,12000,85.71
20,1436,MAYURUNIQ,EQ,49718,29872,60.08
20,1437,MAZDA,EQ,3730,2017,54.08
20,1438,MAZDOCK,EQ,1962012,171709,8.75
20,1439,MBAPL,EQ,25323,17806,70.32
20,1440,MCL,EQ,71447,32612,45.65
20,1441,MCLEODRUSS,EQ,330855,186905,56.49
20,1442,MCON,SM,5000,5000,100.00
20,1443,MCX,EQ,486409,168342,34.61
20,1444,MDL,SM,2000,2000,100.00
20,1445,MEDANTA,EQ,229572,111334,48.50
20,1446,MEDIASSIST,EQ,167731,76708,45.73
20,1447,MEDICAMEQ,EQ,11120,5631,50.64
20,1448,MEDIORG,ST,28000,20000,71.43
20,1449,MEDPLUS,EQ,395109,208007,52.65
20,1450,MEGAFLEX,ST,3000,3000,100.00
20,1451,MEGASTAR,EQ,6109,3848,62.99
20,1452,MEGATHERM,SM,12000,7600,63.33
20,1453,MENONBE,EQ,100800,16264,16.13
20,1454,METAL,EQ,60889,44497,73.08
20,1455,METALIETF,EQ,3806166,1289429,33.88
20,1456,METROBRAND,EQ,177999,142554,80.09
20,1457,METROPOLIS,EQ,79479,16369,20.60
20,1458,MFSL,EQ,2663628,1426184,53.54
20,1459,MGEL,EQ,455855,225670,49.50
20,1460,MGL,EQ,510219,191418,37.52
20,1461,MHHL,SM,1500,1500,100.00
20,1462,MHLXMIRU,EQ,5203,3316,63.73
20,1463,MHRIL,EQ,91248,41313,45.28
20,1464,MICEL,EQ,310858,187712,60.39
20,1465,MICROPRO,SM,9600,6400,66.67
20,1466,MID150BEES,EQ,294449,204626,69.49
20,1467,MID150CASE,EQ,231226,195054,84.36
20,1468,MIDCAP,EQ,33338,19232,57.69
20,1469,MIDCAPETF,EQ,1061088,435336,41.03
20,1470,MIDCAPIETF,EQ,339776,188838,55.58
20,1471,MIDHANI,EQ,273543,98369,35.96
20,1472,MIDQ50ADD,EQ,2173,1838,84.58
20,1473,MIDSELIETF,EQ,271810,133244,49.02
20,1474,MIDSMALL,EQ,582744,520351,89.29
20,1475,MIEL,ST,66000,56000,84.85
20,1476,MINDACORP,EQ,493980,233236,47.22
20,1477,MINDSPACE,RR,202676,194941,96.18
20,1478,MIRZAINT,EQ,98826,43727,44.25
20,1479,MITCON,EQ,60160,21952,36.49
20,1480,MITCONPP,E1,983,931,94.71
20,1481,MITTAL,EQ,1201965,890119,74.06
20,1482,M&M,EQ,3992102,2053035,51.43
20,1483,M&MFIN,EQ,6393652,3751560,58.68
20,1484,MMFL,EQ,42000,19159,45.62
20,1485,MMTC,EQ,1759206,349531,19.87
20,1486,MNC,EQ,661837,586422,88.61
20,1487,MODEFENCE,EQ,446826,377335,84.45
20,1488,MOGSEC,EQ,1187,913,76.92
20,1489,MOHEALTH,EQ,48550,36747,75.69
20,1490,MOHITIND,EQ,22743,12811,56.33
20,1491,MOIL,EQ,575235,223540,38.86
20,1492,MOL,EQ,1295707,463296,35.76
20,1493,MOLDTECH,EQ,19381,9359,48.29
20,1494,MOLDTKPAC,EQ,35523,22576,63.55
20,1495,MOLOWVOL,EQ,276000,274742,99.54
20,1496,MOM100,EQ,238618,122356,51.28
20,1497,MOM30IETF,EQ,1174756,848712,72.25
20,1498,MOM50,EQ,6370,2390,37.52
20,1499,MOMENTUM,EQ,95444,75543,79.15
20,1500,MOMENTUM50,EQ,232911,176076,75.60
20,1501,MOMOMENTUM,EQ,158635,75110,47.35
20,1502,MON100,EQ,490639,347992,70.93
20,1503,MONARCH,EQ,97882,54694,55.88
20,1504,MONIFTY500,EQ,650028,525135,80.79
20,1505,MONQ50,EQ,236715,206081,87.06
20,1506,MONTECARLO,EQ,30141,18435,61.16
20,1507,MOQUALITY,EQ,3086,2486,80.56
20,1508,MOREALTY,EQ,132585,110175,83.10
20,1509,MOREPENLAB,EQ,10543022,3063662,29.06
20,1510,MOS,ST,90400,88800,98.23
20,1511,MOSMALL250,EQ,345421,306065,88.61
20,1512,MOTHERSON,EQ,11730795,5237714,44.65
20,1513,MOTILALOFS,EQ,856500,344223,40.19
20,1514,MOTOGENFIN,EQ,13040,9011,69.10
20,1515,MOVALUE,EQ,92611,66335,71.63
20,1516,MOXSH,SM,6400,6400,100.00
20,1517,MPHASIS,EQ,384862,122367,31.80
20,1518,MPSLTD,EQ,8645,3792,43.86
20,1519,MPTODAY,SM,4000,4000,100.00
20,1520,MRF,EQ,5151,2231,43.31
20,1521,MRO-TEK,EQ,58102,29589,50.93
20,1522,MRPL,EQ,2375770,679954,28.62
20,1523,MSTCLTD,EQ,141402,29789,21.07
20,1524,MSUMI,EQ,3639631,2229723,61.26
20,1525,MTARTECH,EQ,140290,59616,42.49
20,1526,MTNL,EQ,4539580,1347898,29.69
20,1527,MUFIN,EQ,50408,24777,49.15
20,1528,MUFTI,EQ,111578,63998,57.36
20,1529,MUKANDLTD,EQ,103093,47239,45.82
20,1530,MUKKA,EQ,1831914,680255,37.13
20,1531,MULTICAP,EQ,139213,131669,94.58
20,1532,MUNJALAU,EQ,466201,154967,33.24
20,1533,MUNJALSHOW,EQ,49149,19080,38.82
20,1534,MURUDCERA,EQ,22515,10647,47.29
20,1535,MUTHOOTCAP,EQ,30261,14716,48.63
20,1536,MUTHOOTFIN,EQ,401045,238096,59.37
20,1537,MUTHOOTMF,EQ,158951,81223,51.10
20,1538,MVGJL,EQ,211627,90165,42.61
20,1539,MVKAGRO,SM,6000,6000,100.00
20,1540,MWL,SM,22800,21600,94.74
20,1541,MYMUDRA,SM,21600,14400,66.67
20,1542,NACLIND,EQ,92798,46994,50.64
20,1543,NAGAFERT,EQ,603794,271475,44.96
20,1544,NAGREEKCAP,EQ,1516,720,47.49
20,1545,NAHARCAP,EQ,26052,18788,72.12
20,1546,NAHARINDUS,EQ,30138,17508,58.09
20,1547,NAHARSPING,EQ,22565,13403,59.40
20,1548,NAMAN,ST,3200,3200,100.00
20,1549,NAM-INDIA,EQ,944051,499467,52.91
20,1550,NAMOEWASTE,SM,113600,54400,47.89
20,1551,NARMADA,EQ,3846731,2857069,74.27
20,1552,NATCOPHARM,EQ,232758,91595,39.35
20,1553,NATHBIOGEN,EQ,67094,54036,80.54
20,1554,NATIONALUM,EQ,12503444,3646977,29.17
20,1555,NAUKRI,EQ,121805,67299,55.25
20,1556,NAVA,EQ,159069,59936,37.68
20,1557,NAVINFLUOR,EQ,1122637,86949,7.75
20,1558,NAVINIFTY,EQ,354,296,83.62
20,1559,NAVKARCORP,EQ,440854,229204,51.99
20,1560,NAVNETEDUL,EQ,91739,45708,49.82
20,1561,NAZARA,EQ,330396,176701,53.48
20,1562,NBCC,EQ,10529971,3642646,34.59
20,1563,NBIFIN,EQ,57,35,61.40
20,1564,NCC,EQ,2460308,1184931,48.16
20,1565,NCLIND,EQ,71413,38519,53.94
20,1566,NDLVENTURE,EQ,30461,11596,38.07
20,1567,NDRAUTO,EQ,25994,13563,52.18
20,1568,NDTV,EQ,112864,37811,33.50
20,1569,NELCAST,EQ,51147,27796,54.35
20,1570,NELCO,EQ,40416,16958,41.96
20,1571,NEOGEN,EQ,39711,13363,33.65
20,1572,NEPHROCARE,ST,12800,12800,100.00
20,1573,NESCO,EQ,76258,30606,40.13
20,1574,NESTLEIND,EQ,2955497,1801572,60.96
20,1575,NETF,EQ,1519,976,64.25
20,1576,NETWEB,EQ,191664,60964,31.81
20,1577,NETWORK18,EQ,1378888,428707,31.09
20,1578,NEULANDLAB,EQ,21931,11844,54.01
20,1579,NEWGEN,EQ,263037,108684,41.32
20,1580,NEWJAISA,SM,75000,75000,100.00
20,1581,NEXT50,EQ,10971,9089,82.85
20,1582,NEXT50IETF,EQ,365991,244939,66.92
20,1583,NFL,EQ,1501842,362142,24.11
20,1584,NGIL,EQ,24175,2456,10.16
20,1585,NGLFINE,EQ,1199,709,59.13
20,1586,NH,EQ,127857,53256,41.65
20,1587,NHIT,IV,800000,800000,100.00
20,1588,NHPC,EQ,40761475,8587600,21.07
20,1589,NIACL,EQ,587616,219969,37.43
20,1590,NIBL,EQ,28271,10299,36.43
20,1591,NIDAN,SM,22000,16000,72.73
20,1592,NIF100BEES,EQ,26064,18441,70.75
20,1593,NIF100IETF,EQ,101212,50440,49.84
20,1594,NIF10GETF,EQ,8308789,8303996,99.94
20,1595,NIF5GETF,EQ,3430212,3430002,99.99
20,1596,NIFITETF,EQ,457,416,91.03
20,1597,NIFMID150,EQ,942,926,98.30
20,1598,NIFTY1,EQ,29844,20018,67.08
20,1599,NIFTY50ADD,EQ,8381,6704,79.99
20,1600,NIFTYBEES,EQ,4052229,2941237,72.58
20,1601,NIFTYBETF,EQ,770,451,58.57
20,1602,NIFTYETF,EQ,226632,200086,88.29
20,1603,NIFTYIETF,EQ,2871049,2135201,74.37
20,1604,NIFTYQLITY,EQ,81147,59718,73.59
20,1605,NIITLTD,EQ,780488,208297,26.69
20,1606,NIITMTS,EQ,209310,131779,62.96
20,1607,NILAINFRA,EQ,617110,266057,43.11
20,1608,NILKAMAL,EQ,4441,3722,83.81
20,1609,NINSYS,EQ,10426,3976,38.14
20,1610,NIPPOBATRY,EQ,5473,2851,52.09
20,1611,NIRMAN,ST,14400,13800,95.83
20,1612,NITINSPIN,EQ,34281,13700,39.96
20,1613,NITIRAJ,EQ,6600,4261,64.56
20,1614,NKIND,EQ,1118,979,87.57
20,1615,NLCINDIA,EQ,2939653,552837,18.81
20,1616,NMDC,EQ,5692765,2152201,37.81
20,1617,NOCIL,EQ,210956,72937,34.57
20,1618,NORTHARC,EQ,314065,164134,52.26
20,1619,NPBET,EQ,613,435,70.96
20,1620,NPST,SM,16300,12200,74.85
20,1621,NRAIL,EQ,19091,14537,76.15
20,1622,NRBBEARING,EQ,99022,52103,52.62
20,1623,NSIL,EQ,54048,22613,41.84
20,1624,NSLNISP,EQ,2856849,1070180,37.46
20,1625,NTPC,EQ,9400171,5095428,54.21
20,1626,NUCLEUS,EQ,15776,11464,72.67
20,1627,NURECA,EQ,49580,28756,58.00
20,1628,NUVAMA,EQ,126992,58347,45.95
20,1629,NUVOCO,EQ,589796,172363,29.22
20,1630,NV20,EQ,3481,1879,53.98
20,1631,NV20BEES,EQ,10447,8241,78.88
20,1632,NV20IETF,EQ,504336,213419,42.32
20,1633,NXST,RR,987475,930400,94.22
20,1634,NYKAA,EQ,6263776,4151988,66.29
20,1635,OAL,EQ,122269,43844,35.86
20,1636,OBCL,EQ,8869,6800,76.67
20,1637,OBEROIRLTY,EQ,1598070,835113,52.26
20,1638,OCCL,EQ,13292,6817,51.29
20,1639,OFSS,EQ,204311,89803,43.95
20,1640,OIL,EQ,2688448,1399486,52.06
20,1641,OILIETF,EQ,1433152,589479,41.13
20,1642,OLAELEC,EQ,17908438,4693241,26.21
20,1643,OLECTRA,EQ,1092239,286146,26.20
20,1644,OLIL,SM,62400,54000,86.54
20,1645,OMAXAUTO,EQ,24135,10069,41.72
20,1646,OMAXE,EQ,102668,69142,67.35
20,1647,OMFURN,SM,9600,7200,75.00
20,1648,OMINFRAL,EQ,202493,129024,63.72
20,1649,ONDOOR,SM,16200,9000,55.56
20,1650,ONEPOINT,EQ,344432,188417,54.70
20,1651,ONGC,EQ,7488521,3968666,53.00
20,1652,ONMOBILE,EQ,594831,162367,27.30
20,1653,ONWARDTEC,EQ,42494,24040,56.57
20,1654,ORBTEXP,EQ,55652,19122,34.36
20,1655,ORCHPHARMA,EQ,78662,45817,58.25
20,1656,ORIANA,SM,68700,44550,64.85
20,1657,ORICONENT,EQ,98063,44729,45.61
20,1658,ORIENTBELL,EQ,6959,5211,74.88
20,1659,ORIENTCEM,EQ,2893838,1708020,59.02
20,1660,ORIENTCER,EQ,40211,20689,51.45
20,1661,ORIENTELEC,EQ,328334,179084,54.54
20,1662,ORIENTHOT,EQ,175495,79429,45.26
20,1663,ORIENTLTD,EQ,27315,6323,23.15
20,1664,ORIENTPPR,EQ,743693,402810,54.16
20,1665,ORIENTTECH,EQ,141364,68669,48.58
20,1666,ORISSAMINE,EQ,8125,2780,34.22
20,1667,ORTINGLOBE,EQ,12093,8511,70.38
20,1668,OSELDEVICE,SM,59200,35200,59.46
20,1669,OSWALGREEN,EQ,724531,231915,32.01
20,1670,OSWALSEEDS,EQ,93195,59573,63.92
20,1671,OWAIS,SM,9600,8000,83.33
20,1672,PAGEIND,EQ,9914,3751,37.84
20,1673,PAISALO,EQ,7597762,3654769,48.10
20,1674,PAKKA,EQ,37110,21909,59.04
20,1675,PALASHSECU,EQ,142001,17030,11.99
20,1676,PANAMAPET,EQ,18143,9561,52.70
20,1677,PAR,EQ,725222,211768,29.20
20,1678,PARACABLES,EQ,1698029,622463,36.66
20,1679,PARADEEP,EQ,2581808,627802,24.32
20,1680,PARAGMILK,EQ,1137964,366333,32.19
20,1681,PARAGON,SM,10800,7200,66.67
20,1682,PARAMOUNT,SM,15600,8400,53.85
20,1683,PARAS,EQ,62102,30512,49.13
20,1684,PARIN,ST,1000,1000,100.00
20,1685,PARKHOTELS,EQ,89403,55030,61.55
20,1686,PARTYCRUS,SM,1000,1000,100.00
20,1687,PASHUPATI,ST,800,800,100.00
20,1688,PATANJALI,EQ,568965,379225,66.65
20,1689,PATELENG,EQ,4564297,1833071,40.16
20,1690,PATINTLOG,EQ,305690,116225,38.02
20,1691,PATTECH,ST,1500,1500,100.00
20,1692,PAYTM,EQ,26111216,4336378,16.61
20,1693,PCBL,EQ,1019380,460634,45.19
20,1694,PCCL,SM,6400,6400,100.00
20,1695,PDMJEPAPER,EQ,121454,56455,46.48
20,1696,PDSL,EQ,29162,15538,53.28
20,1697,PEARLPOLY,EQ,51331,22430,43.70
20,1698,PEL,EQ,2205674,710919,32.23
20,1699,PELATRO,SM,16200,12600,77.78
20,1700,PENIND,EQ,1552713,451992,29.11
20,1701,PENINLAND,EQ,225095,90466,40.19
20,1702,PENTAGON,SM,4000,4000,100.00
20,1703,PERSISTENT,EQ,568209,106927,18.82
20,1704,PETRONET,EQ,1895558,730450,38.53
20,1705,PFC,EQ,9477665,4558242,48.09
20,1706,PFIZER,EQ,15422,8255,53.53
20,1707,PFOCUS,EQ,80857,33354,41.25
20,1708,PFS,EQ,602817,267137,44.31
20,1709,PGEL,EQ,578582,341100,58.95
20,1710,PGHH,EQ,3066,1606,52.38
20,1711,PGHL,EQ,6952,4726,67.98
20,1712,PGIL,EQ,18563,9193,49.52
20,1713,PGINVIT,IV,586209,483990,82.56
20,1714,PHANTOMFX,SM,21000,16500,78.57
20,1715,PHARMABEES,EQ,3394638,2540332,74.83
20,1716,PHOENIXLTD,EQ,712236,488766,68.62
20,1717,PHOGLOBAL,SM,72000,40000,55.56
20,1718,PIDILITIND,EQ,1001160,212775,21.25
20,1719,PIIND,EQ,96061,49921,51.97
20,1720,PILANIINVS,EQ,26595,13654,51.34
20,1721,PILITA,EQ,269750,178550,66.19
20,1722,PIONEEREMB,EQ,18522,8837,47.71
20,1723,PITTIENG,EQ,59068,31213,52.84
20,1724,PIXTRANS,EQ,136885,27047,19.76
20,1725,PKTEA,EQ,671,363,54.10
20,1726,PLATIND,EQ,529942,223739,42.22
20,1727,PLAZACABLE,EQ,29489,18837,63.88
20,1728,PNB,EQ,55363485,25180773,45.48
20,1729,PNBGILTS,EQ,5840539,896644,15.35
20,1730,PNBHOUSING,EQ,1588254,572766,36.06
20,1731,PNC,EQ,49045,20298,41.39
20,1732,PNCINFRA,EQ,880193,291542,33.12
20,1733,PNGJL,EQ,328506,138210,42.07
20,1734,POCL,EQ,141060,65335,46.32
20,1735,PODDARMENT,EQ,3779,2080,55.04
20,1736,POKARNA,EQ,44763,18500,41.33
20,1737,POLICYBZR,EQ,413123,195161,47.24
20,1738,POLYCAB,EQ,313821,142601,45.44
20,1739,POLYMED,EQ,159172,71274,44.78
20,1740,POLYPLEX,EQ,63297,25438,40.19
20,1741,PONNIERODE,EQ,22801,12016,52.70
20,1742,POONAWALLA,EQ,686774,356975,51.98
20,1743,POSITRON,SM,13800,9000,65.22
20,1744,POWERGRID,EQ,8327779,5449985,65.44
20,1745,POWERINDIA,EQ,25938,9335,35.99
20,1746,POWERMECH,EQ,43631,16656,38.17
20,1747,PPAP,EQ,9547,6133,64.24
20,1748,PPL,EQ,93174,33984,36.47
20,1749,PPLPHARMA,EQ,95844092,12373772,12.91
20,1750,PPSL,SM,18000,18000,100.00
20,1751,PRAJIND,EQ,374353,153869,41.10
20,1752,PRAKASH,EQ,508469,194761,38.30
20,1753,PRAKASHSTL,EQ,368078,205976,55.96
20,1754,PRAMARA,SM,2000,2000,100.00
20,1755,PRANIK,ST,124800,99200,79.49
20,1756,PRATHAM,ST,1600,1600,100.00
20,1757,PRECAM,EQ,315453,121176,38.41
20,1758,PRECISION,SM,32000,16000,50.00
20,1759,PRECOT,EQ,792,363,45.83
20,1760,PRECWIRE,EQ,331028,118288,35.73
20,1761,PREMEXPLN,EQ,137470,93776,68.22
20,1762,PREMIERENE,EQ,941634,293450,31.16
20,1763,PRESSTONIC,SM,10400,8000,76.92
20,1764,PRESTIGE,EQ,426800,229942,53.88
20,1765,PRICOLLTD,EQ,142320,73506,51.65
20,1766,PRIMESECU,EQ,114445,68670,60.00
20,1767,PRINCEPIPE,EQ,106880,56352,52.72
20,1768,PRITI,EQ,26702,16367,61.30
20,1769,PRITIKA,ST,22000,18000,81.82
20,1770,PRITIKAUTO,EQ,218882,89459,40.87
20,1771,PRIVISCL,EQ,226658,67340,29.71
20,1772,PRIZOR,ST,16000,12800,80.00
20,1773,PRLIND,SM,14000,8000,57.14
20,1774,PROLIFE,SM,2500,2000,80.00
20,1775,PROV,SM,1280,800,62.50
20,1776,PROZONER,EQ,447627,244325,54.58
20,1777,PRSMJOHNSN,EQ,1137094,385705,33.92
20,1778,PRUDENT,EQ,15689,5379,34.29
20,1779,PSB,EQ,735837,158705,21.57
20,1780,PSFL,SM,50000,38000,76.00
20,1781,PSPPROJECT,EQ,45338,26286,57.98
20,1782,PSUBANK,EQ,8799,3969,45.11
20,1783,PSUBANKADD,EQ,38026,26357,69.31
20,1784,PSUBNKBEES,EQ,1667164,855159,51.29
20,1785,PSUBNKIETF,EQ,163593,85765,52.43
20,1786,PTC,EQ,762776,300783,39.43
20,1787,PTCIL,EQ,5560,2792,50.22
20,1788,PTL,EQ,232189,140419,60.48
20,1789,PULZ,ST,31000,31000,100.00
20,1790,PUNJABCHEM,EQ,6586,4364,66.26
20,1791,PURVA,EQ,50918,26375,51.80
20,1792,PURVFLEXI,SM,24000,12800,53.33
20,1793,PVRINOX,EQ,282412,96090,34.02
20,1794,PVSL,EQ,51907,23338,44.96
20,1795,PVTBANIETF,EQ,2107442,1768237,83.90
20,1796,PVTBANKADD,EQ,33704,26771,79.43
20,1797,PYRAMID,EQ,142016,68520,48.25
20,1798,QFIL,SM,23000,22000,95.65
20,1799,QGOLDHALF,EQ,75178,63629,84.64
20,1800,QMSMEDI,SM,2000,2000,100.00
20,1801,QNIFTY,EQ,768,558,72.66
20,1802,QUAL30IETF,EQ,1065571,906021,85.03
20,1803,QUESS,EQ,122370,62293,50.91
20,1804,QUESTLAB,SM,20400,15600,76.47
20,1805,QUICKHEAL,EQ,240828,55065,22.86
20,1806,QUICKTOUCH,SM,2000,1500,75.00
20,1807,QVCEL,ST,33600,33600,100.00
20,1808,RACE,EQ,8591,2246,26.14
20,1809,RADIANTCMS,EQ,189991,110166,57.98
20,1810,RADICO,EQ,1016005,203784,20.06
20,1811,RADIOCITY,EQ,190472,91013,47.78
20,1812,RADIOCITY,P1,6897,6887,99.86
20,1813,RADIOWALLA,SM,6400,6400,100.00
20,1814,RAILTEL,EQ,6205681,738378,11.90
20,1815,RAIN,EQ,1104120,471108,42.67
20,1816,RAINBOW,EQ,51340,23995,46.74
20,1817,RAJESHEXPO,EQ,1789711,203600,11.38
20,1818,RAJINDLTD,SM,3000,3000,100.00
20,1819,RAJMET,EQ,746901,256749,34.38
20,1820,RAJRATAN,EQ,22838,11824,51.77
20,1821,RAJSREESUG,EQ,39679,17438,43.95
20,1822,RALLIS,EQ,430635,130417,30.28
20,1823,RAMANEWS,EQ,76989,37722,49.00
20,1824,RAMAPHO,EQ,7477,4171,55.78
20,1825,RAMASTEEL,EQ,14681399,3640310,24.80
20,1826,RAMCOCEM,EQ,249452,97159,38.95
20,1827,RAMCOIND,EQ,104204,49017,47.04
20,1828,RAMCOSYS,EQ,45309,28863,63.70
20,1829,RAMKY,EQ,57173,31197,54.57
20,1830,RAMRAT,EQ,35588,20353,57.19
20,1831,RANASUG,EQ,257618,140349,54.48
20,1832,RANEHOLDIN,EQ,13346,7612,57.04
20,1833,RAPPID,SM,11400,9000,78.95
20,1834,RATEGAIN,EQ,100798,43852,43.50
20,1835,RATNAMANI,EQ,12492,3428,27.44
20,1836,RAYMOND,EQ,136390,35961,26.37
20,1837,RAYMONDLSL,EQ,116546,45108,38.70
20,1838,RBA,EQ,810576,306759,37.84
20,1839,RBLBANK,EQ,5585552,2064199,36.96
20,1840,RBMINFRA,ST,11200,10400,92.86
20,1841,RBS,SM,105600,59200,56.06
20,1842,RCDL,SM,12000,9000,75.00
20,1843,RCF,EQ,1392086,337674,24.26
20,1844,RECLTD,EQ,7417598,1820370,24.54
20,1845,REDINGTON,EQ,625084,374623,59.93
20,1846,REDTAPE,EQ,86872,37899,43.63
20,1847,REFRACTORY,ST,16000,12000,75.00
20,1848,RELAXO,EQ,57061,20348,35.66
20,1849,RELCHEMQ,EQ,7234,5470,75.62
20,1850,RELIANCE,EQ,11077967,7270549,65.63
20,1851,RELIGARE,EQ,382570,232754,60.84
20,1852,REMSONSIND,EQ,56993,32657,57.30
20,1853,REMUS,SM,2000,1400,70.00
20,1854,RENUKA,EQ,9678367,2227715,23.02
20,1855,REPCOHOME,EQ,125848,95147,75.60
20,1856,REPL,EQ,32642,17737,54.34
20,1857,REPRO,EQ,6931,3674,53.01
20,1858,RESPONIND,EQ,151613,12488,8.24
20,1859,REVATHIEQU,EQ,1205,638,52.95
20,1860,REXPIPES,SM,30000,26000,86.67
20,1861,RGL,EQ,1319381,540235,40.95
20,1862,RHIM,EQ,211522,40337,19.07
20,1863,RHL,EQ,18084,1707,9.44
20,1864,RICOAUTO,EQ,360133,138958,38.59
20,1865,RIIL,EQ,124551,35800,28.74
20,1866,RILINFRA,ST,15400,13800,89.61
20,1867,RISHABH,EQ,23134,13048,56.40
20,1868,RITCO,EQ,72571,41518,57.21
20,1869,RITES,EQ,851387,263645,30.97
20,1870,RKEC,EQ,35848,21007,58.60
20,1871,RKFORGE,EQ,1253337,254104,20.27
20,1872,RKSWAMY,EQ,71097,33011,46.43
20,1873,RMDRIP,ST,12000,11000,91.67
20,1874,RML,EQ,60203,17867,29.68
20,1875,RNFI,SM,54000,30000,55.56
20,1876,ROCKINGDCE,SM,29750,17000,57.14
20,1877,ROHLTD,EQ,29961,14633,48.84
20,1878,ROLEXRINGS,EQ,4753,2230,46.92
20,1879,ROML,EQ,17076,14971,87.67
20,1880,ROSSARI,EQ,43858,17016,38.80
20,1881,ROTO,EQ,49318,27318,55.39
20,1882,ROUTE,EQ,58365,32691,56.01
20,1883,ROXHITECH,SM,24000,19200,80.00
20,1884,RPEL,EQ,14729,7501,50.93
20,1885,RPGLIFE,EQ,15600,5878,37.68
20,1886,RPPL,EQ,115800,58021,50.10
20,1887,RPSGVENT,EQ,78687,37327,47.44
20,1888,RPTECH,EQ,112929,58697,51.98
20,1889,RRKABEL,EQ,83948,56999,67.90
20,1890,RSWM,EQ,37812,21178,56.01
20,1891,RSYSTEMS,EQ,112126,55443,49.45
20,1892,RTNINDIA,EQ,2217912,888167,40.05
20,1893,RTNPOWER,EQ,34126576,15601078,45.72
20,1894,RUBFILA,EQ,46463,30036,64.64
20,1895,RUBYMILLS,EQ,19869,9741,49.03
20,1896,RUCHIRA,EQ,9470,4272,45.11
20,1897,RULKA,SM,9600,7200,75.00
20,1898,RUPA,EQ,115664,54883,47.45
20,1899,RUSHIL,EQ,273189,137536,50.34
20,1900,RUSTOMJEE,EQ,16961,8209,48.40
20,1901,RVHL,EQ,33492,8042,24.01
20,1902,RVNL,EQ,3737733,997315,26.68
20,1903,SAAKSHI,SM,22200,11400,51.35
20,1904,SABAR,SM,10000,10000,100.00
20,1905,SADBHAV,EQ,1868799,1291087,69.09
20,1906,SADBHIN,EQ,205498,123857,60.27
20,1907,SADHAV,SM,12000,8400,70.00
20,1908,SADHNANIQ,EQ,188443,91895,48.77
20,1909,SAFARI,EQ,38800,17719,45.67
20,1910,SAGARDEEP,EQ,3116,2034,65.28
20,1911,SAGCEM,EQ,150359,76234,50.70
20,1912,SAH,EQ,178105,47762,26.82
20,1913,SAHAJ,SM,20000,16000,80.00
20,1914,SAHAJSOLAR,ST,24800,24000,96.77
20,1915,SAHANA,SM,8250,6500,78.79
20,1916,SAHASRA,SM,251600,173200,68.84
20,1917,SAHYADRI,EQ,6436,4941,76.77
20,1918,SAIFL,SM,9600,6400,66.67
20,1919,SAIL,EQ,16209896,4999050,30.84
20,1920,SAJHOTELS,SM,14000,12000,85.71
20,1921,SAKAR,EQ,31201,26196,83.96
20,1922,SAKHTISUG,EQ,309267,107811,34.86
20,1923,SAKSOFT,EQ,138064,65835,47.68
20,1924,SALASAR,EQ,4099431,1313103,32.03
20,1925,SALONA,EQ,1204,632,52.49
20,1926,SALSTEEL,EQ,165880,92098,55.52
20,1927,SALZERELEC,EQ,56061,20698,36.92
20,1928,SAMBHAAV,EQ,217399,74103,34.09
20,1929,SAMHI,EQ,337922,168091,49.74
20,1930,SAMMAANCAP,EQ,3859068,1226549,31.78
20,1931,SAMPANN,EQ,11373,8932,78.54
20,1932,SANDESH,EQ,3260,1894,58.10
20,1933,SANDHAR,EQ,237363,75107,31.64
20,1934,SANDUMA,EQ,86080,45304,52.63
20,1935,SANGAMIND,EQ,41587,15166,36.47
20,1936,SANGANI,ST,45000,36000,80.00
20,1937,SANGHIIND,EQ,301895,85920,28.46
20,1938,SANGHVIMOV,EQ,195223,71687,36.72
20,1939,SANGINITA,EQ,29980,17866,59.59
20,1940,SANOFI,EQ,9838,5124,52.08
20,1941,SANOFICONR,EQ,14880,10255,68.92
20,1942,SANSERA,EQ,202030,116962,57.89
20,1943,SANSTAR,EQ,1186084,641333,54.07
20,1944,SAPPHIRE,EQ,646525,440098,68.07
20,1945,SARDAEN,EQ,259487,102080,39.34
20,1946,SAREGAMA,EQ,371336,181427,48.86
20,1947,SAROJA,SM,1600,1600,100.00
20,1948,SARTELE,SM,101500,59500,58.62
20,1949,SARVESHWAR,EQ,3654881,1471362,40.26
20,1950,SASKEN,EQ,11623,6766,58.21
20,1951,SASTASUNDR,EQ,14758,8669,58.74
20,1952,SATECH,ST,30000,28000,93.33
20,1953,SATIA,EQ,274288,162234,59.15
20,1954,SATIN,EQ,341943,206507,60.39
20,1955,SATINDLTD,EQ,556206,251359,45.19
20,1956,SAURASHCEM,EQ,2174527,274771,12.64
20,1957,SBC,EQ,2299791,996321,43.32
20,1958,SBCL,EQ,69195,25409,36.72
20,1959,SBFC,EQ,2494931,1323763,53.06
20,1960,SBGLP,EQ,395880,214211,54.11
20,1961,SBICARD,EQ,544948,331197,60.78
20,1962,SBIETFCON,EQ,11227,7589,67.60
20,1963,SBIETFIT,EQ,2793,1894,67.81
20,1964,SBIETFPB,EQ,6205,4787,77.15
20,1965,SBIETFQLTY,EQ,3372,3234,95.91
20,1966,SBILIFE,EQ,4320374,2587585,59.89
20,1967,SBIN,EQ,5607500,1617454,28.84
20,1968,SBINEQWETF,EQ,23132,22926,99.11
20,1969,SBISILVER,EQ,131710,105823,80.35
20,1970,SCHAEFFLER,EQ,229511,139702,60.87
20,1971,SCHAND,EQ,118180,67519,57.13
20,1972,SCHNEIDER,EQ,121878,54908,45.05
20,1973,SCI,EQ,1869938,694527,37.14
20,1974,SCILAL,EQ,526401,226255,42.98
20,1975,SCL25,Y6,99,99,100.00
20,1976,SCLZC25B,AT,19,19,100.00
20,1977,SCLZC25D,NJ,19,10,52.63
20,1978,SDBL,EQ,664645,299368,45.04
20,1979,SDL26BEES,EQ,6102,5652,92.63
20,1980,SDREAMS,SM,56000,45000,80.36
20,1981,SEAMECLTD,EQ,19740,11914,60.35
20,1982,SECMARK,EQ,4569,1494,32.70
20,1983,SECURKLOUD,EQ,46600,16781,36.01
20,1984,SELAN,EQ,24049,16392,68.16
20,1985,SENCO,EQ,202445,91279,45.09
20,1986,SENSEXADD,EQ,356,338,94.94
20,1987,SENSEXETF,EQ,8156,5772,70.77
20,1988,SENSEXIETF,EQ,2753,2249,81.69
20,1989,SEPC,EQ,11577943,4220073,36.45
20,1990,SERVICE,SM,78000,26000,33.33
20,1991,SERVOTECH,EQ,543993,246974,45.40
20,1992,SESHAPAPER,EQ,68921,34083,49.45
20,1993,SETCO,EQ,196571,159411,81.10
20,1994,SETF10GILT,EQ,4731,4383,92.64
20,1995,SETFGOLD,EQ,2519679,2208061,87.63
20,1996,SETFNIF50,EQ,1660735,1489528,89.69
20,1997,SETFNIFBK,EQ,45992,30683,66.71
20,1998,SETFNN50,EQ,46529,34715,74.61
20,1999,SFL,EQ,38140,22740,59.62
20,2000,SFLZC25A,ZK,100,100,100.00
20,2001,SGBAPR28I,GB,682,467,68.48
20,2002,SGBAUG27,GB,173,132,76.30
20,2003,SGBAUG28V,GB,713,505,70.83
20,2004,SGBAUG29V,GB,123,71,57.72
20,2005,SGBAUG30,GB,405,383,94.57
20,2006,SGBD29VIII,GB,55,52,94.55
20,2007,SGBDC27VII,GB,37,37,100.00
20,2008,SGBDE30III,GB,103,71,68.93
20,2009,SGBDE31III,GB,811,574,70.78
20,2010,SGBDEC25,GB,1,1,100.00
20,2011,SGBDEC2513,GB,3,3,100.00
20,2012,SGBDEC26,GB,23,17,73.91
20,2013,SGBFEB27,GB,14,14,100.00
20,2014,SGBFEB29XI,GB,92,89,96.74
20,2015,SGBFEB32IV,GB,823,706,85.78
20,2016,SGBJ28VIII,GB,4,4,100.00
20,2017,SGBJAN26,GB,5,5,100.00
20,2018,SGBJAN27,GB,3,3,100.00
20,2019,SGBJAN29IX,GB,386,224,58.03
20,2020,SGBJAN29X,GB,129,129,100.00
20,2021,SGBJAN30IX,GB,83,73,87.95
20,2022,SGBJU29III,GB,94,64,68.09
20,2023,SGBJUL25,GB,294,220,74.83
20,2024,SGBJUL27,GB,3,3,100.00
20,2025,SGBJUL28IV,GB,582,496,85.22
20,2026,SGBJUL29IV,GB,167,165,98.80
20,2027,SGBJUN27,GB,4,3,75.00
20,2028,SGBJUN28,GB,367,342,93.19
20,2029,SGBJUN29II,GB,139,114,82.01
20,2030,SGBJUN30,GB,161,161,100.00
20,2031,SGBJUN31I,GB,548,485,88.50
20,2032,SGBMAR25,GB,103,83,80.58
20,2033,SGBMAR28X,GB,84,67,79.76
20,2034,SGBMAR30X,GB,315,198,62.86
20,2035,SGBMAR31IV,GB,238,175,73.53
20,2036,SGBMAY25,GB,32,32,100.00
20,2037,SGBMAY26,GB,9,9,100.00
20,2038,SGBMAY28,GB,1381,1062,76.90
20,2039,SGBMAY29I,GB,544,519,95.40
20,2040,SGBMR29XII,GB,164,134,81.71
20,2041,SGBN28VIII,GB,114,87,76.32
20,2042,SGBNOV24,GB,199,156,78.39
20,2043,SGBNOV25IX,GB,11,10,90.91
20,2044,SGBNOV26,GB,34,29,85.29
20,2045,SGBNV29VII,GB,194,132,68.04
20,2046,SGBOC28VII,GB,110,103,93.64
20,2047,SGBOCT25,GB,44,44,100.00
20,2048,SGBOCT25IV,GB,82,82,100.00
20,2049,SGBOCT25V,GB,1,1,100.00
20,2050,SGBOCT26,GB,107,54,50.47
20,2051,SGBOCT27,GB,41,41,100.00
20,2052,SGBOCT27VI,GB,34,34,100.00
20,2053,SGBSEP27,GB,32,24,75.00
20,2054,SGBSEP28VI,GB,154,144,93.51
20,2055,SGBSEP29VI,GB,172,142,82.56
20,2056,SGBSEP31II,GB,858,646,75.29
20,2057,SGIL,EQ,86167,49467,57.41
20,2058,SHAILY,EQ,46113,22242,48.23
20,2059,SHALBY,EQ,58991,32620,55.30
20,2060,SHALPAINTS,EQ,44014,20797,47.25
20,2061,SHANKARA,EQ,37519,22635,60.33
20,2062,SHANTI,EQ,22660,11975,52.85
20,2063,SHANTIGEAR,EQ,13045,8200,62.86
20,2064,SHARDACROP,EQ,130096,78162,60.08
20,2065,SHARDAMOTR,EQ,10901,4024,36.91
20,2066,SHAREINDIA,EQ,221436,110562,49.93
20,2067,SHARIABEES,EQ,3893,2998,77.01
20,2068,SHEETAL,SM,30000,22000,73.33
20,2069,SHEMAROO,EQ,52465,22349,42.60
20,2070,SHERA,SM,50000,39000,78.00
20,2071,SHIGAN,SM,25500,18000,70.59
20,2072,SHILPAMED,EQ,185570,93385,50.32
20,2073,SHIVALIK,EQ,17855,10533,58.99
20,2074,SHIVAMILLS,EQ,4967,2562,51.58
20,2075,SHIVATEX,EQ,45780,16350,35.71
20,2076,SHK,EQ,476000,191693,40.27
20,2077,SHOPERSTOP,EQ,63459,34524,54.40
20,2078,SHREDIGCEM,EQ,238123,81760,34.34
20,2079,SHREECEM,EQ,71701,33380,46.55
20,2080,SHREEKARNI,SM,2400,2400,100.00
20,2081,SHREEOSFM,SM,9000,6000,66.67
20,2082,SHREYANIND,EQ,6904,4896,70.92
20,2083,SHRIPISTON,EQ,35213,17538,49.81
20,2084,SHRIRAMFIN,EQ,1500254,1008352,67.21
20,2085,SHRIRAMPPS,EQ,1131285,474517,41.94
20,2086,SHRITECH,SM,2000,2000,100.00
20,2087,SHUBHSHREE,ST,25200,22800,90.48
20,2088,SHYAMCENT,EQ,252412,163309,64.70
20,2089,SHYAMMETL,EQ,233543,132671,56.81
20,2090,SHYAMTEL,EQ,764,764,100.00
20,2091,SIDDHIKA,SM,3000,3000,100.00
20,2092,SIEMENS,EQ,462766,214876,46.43
20,2093,SIGACHI,EQ,1032106,429210,41.59
20,2094,SIGIND,EQ,65602,35764,54.52
20,2095,SIGMA,EQ,3601,2491,69.18
20,2096,SIGNATURE,EQ,371839,81982,22.05
20,2097,SIGNPOST,EQ,34758,20216,58.16
20,2098,SIKKO,EQ,68060,36423,53.52
20,2099,SILGO,EQ,139149,57905,41.61
20,2100,SILKFLEX,ST,10000,10000,100.00
20,2101,SILLYMONKS,EQ,7505,5272,70.25
20,2102,SILVER,EQ,194977,148383,76.10
20,2103,SILVER1,EQ,75709,47091,62.20
20,2104,SILVERADD,EQ,30797,25160,81.70
20,2105,SILVERBEES,EQ,10064239,5781557,57.45
20,2106,SILVERETF,EQ,378134,268887,71.11
20,2107,SILVERIETF,EQ,1148729,1002472,87.27
20,2108,SILVERTUC,EQ,24956,4788,19.19
20,2109,SILVRETF,EQ,56070,54187,96.64
20,2110,SINCLAIR,EQ,64763,25062,38.70
20,2111,SINDHUTRAD,EQ,568742,232827,40.94
20,2112,SINTERCOM,EQ,16843,10776,63.98
20,2113,SIRCA,EQ,54866,31658,57.70
20,2114,SIS,EQ,33750,17258,51.13
20,2115,SIYSIL,EQ,710947,166993,23.49
20,2116,SJLOGISTIC,ST,20000,19000,95.00
20,2117,SJS,EQ,80225,38534,48.03
20,2118,SJVN,EQ,5834815,1179821,20.22
20,2119,SKFINDIA,EQ,25458,13021,51.15
20,2120,SKIPPER,EQ,1031250,296230,28.73
20,2121,SKIPPERPP,E1,6855,4630,67.54
20,2122,SKMEGGPROD,EQ,43924,22728,51.74
20,2123,SKP,SM,23000,12000,52.17
20,2124,SLONE,SM,8000,6400,80.00
20,2125,SMALLCAP,EQ,566440,368395,65.04
20,2126,SMCGLOBAL,EQ,852181,440068,51.64
20,2127,SMLISUZU,EQ,8282,4770,57.59
20,2128,SMLT,EQ,246493,37640,15.27
20,2129,SMSPHARMA,EQ,207432,95107,45.85
20,2130,SNOWMAN,EQ,915946,292878,31.98
20,2131,SOBHA,EQ,86977,27795,31.96
20,2132,SOBHAPP,E1,985,945,95.94
20,2133,SOFTTECH,EQ,2700,1417,52.48
20,2134,SOLARA,EQ,51324,32231,62.80
20,2135,SOLARAPP,E1,1805,1543,85.48
20,2136,SOLARINDS,EQ,43924,19632,44.70
20,2137,SOLEX,SM,11500,7000,60.87
20,2138,SOMANYCERA,EQ,7223,3963,54.87
20,2139,SOMATEX,EQ,1648324,286166,17.36
20,2140,SONACOMS,EQ,27594688,6637361,24.05
20,2141,SONAMAC,SM,20000,16000,80.00
20,2142,SONATSOFTW,EQ,213730,56927,26.64
20,2143,SOTL,EQ,34465,13590,39.43
20,2144,SOUTHBANK,EQ,7951983,2452891,30.85
20,2145,SOUTHWEST,EQ,38617,18227,47.20
20,2146,SPAL,EQ,5738,3013,52.51
20,2147,SPANDANA,EQ,135324,62804,46.41
20,2148,SPARC,EQ,231852,127744,55.10
20,2149,SPCENET,EQ,1283931,751238,58.51
20,2150,SPCL,SM,31200,18000,57.69
20,2151,SPECIALITY,EQ,56680,24294,42.86
20,2152,SPECTRUM,SM,1875,1875,100.00
20,2153,SPECTSTM,SM,4000,3200,80.00
20,2154,SPENCERS,EQ,266455,138077,51.82
20,2155,SPIC,EQ,451365,165484,36.66
20,2156,SPLIL,EQ,30157,17299,57.36
20,2157,SPLPETRO,EQ,27448,14344,52.26
20,2158,SPORTKING,EQ,177326,98263,55.41
20,2159,SPPPOLY,SM,74000,28000,37.84
20,2160,SRD,EQ,405112,174132,42.98
20,2161,SREEL,EQ,21847,18892,86.47
20,2162,SRF,EQ,1241116,523672,42.19
20,2163,SRGHFL,EQ,24004,16470,68.61
20,2164,SRHHYPOLTD,EQ,55198,19705,35.70
20,2165,SRIVASAVI,SM,4000,3000,75.00
20,2166,SSDL,EQ,368599,127642,34.63
20,2167,SSEGL,ST,40000,34000,85.00
20,2168,SSFL,ST,194500,192500,98.97
20,2169,SSWL,EQ,114183,59978,52.53
20,2170,STANLEY,EQ,75664,37078,49.00
20,2171,STAR,EQ,708186,268878,37.97
20,2172,STARCEMENT,EQ,440916,174167,39.50
20,2173,STARHEALTH,EQ,287612,183382,63.76
20,2174,STARPAPER,EQ,15489,10428,67.33
20,2175,STARTECK,EQ,2506,499,19.91
20,2176,STCINDIA,EQ,47771,13515,28.29
20,2177,STEELCAS,EQ,7267,2592,35.67
20,2178,STEELCITY,EQ,38278,13895,36.30
20,2179,STEELXIND,EQ,1150151,413097,35.92
20,2180,STERTOOLS,EQ,93775,28937,30.86
20,2181,STLTECH,EQ,1660756,681133,41.01
20,2182,STOVEKRAFT,EQ,55209,29537,53.50
20,2183,STYLAMIND,EQ,38439,19684,51.21
20,2184,STYLEBAAZA,EQ,183156,83532,45.61
20,2185,STYRENIX,EQ,42504,22798,53.64
20,2186,SUBEXLTD,EQ,2958457,1061830,35.89
20,2187,SUBROS,EQ,39443,17067,43.27
20,2188,SUDARSCHEM,EQ,251208,90426,36.00
20,2189,SUKHJITS,EQ,22923,11877,51.81
20,2190,SULA,EQ,369090,158267,42.88
20,2191,SUMICHEM,EQ,268614,89179,33.20
20,2192,SUMMITSEC,EQ,27207,14612,53.71
20,2193,SUNCLAY,EQ,12320,7439,60.38
20,2194,SUNDARAM,EQ,1129195,651586,57.70
20,2195,SUNDARMFIN,EQ,69311,30114,43.45
20,2196,SUNDARMHLD,EQ,112365,56200,50.02
20,2197,SUNDRMFAST,EQ,35489,12649,35.64
20,2198,SUNFLAG,EQ,138480,68316,49.33
20,2199,SUNLITE,SM,15600,13200,84.62
20,2200,SUNPHARMA,EQ,1739776,1236164,71.05
20,2201,SUNREST,SM,1600,1600,100.00
20,2202,SUNTECK,EQ,149969,72749,48.51
20,2203,SUNTV,EQ,309013,163318,52.85
20,2204,SUPERHOUSE,EQ,2558,2119,82.84
20,2205,SUPRAJIT,EQ,79725,26339,33.04
20,2206,SUPREMEIND,EQ,192310,100069,52.04
20,2207,SUPREMEPWR,ST,74000,72000,97.30
20,2208,SUPRIYA,EQ,308641,156781,50.80
20,2209,SURAJEST,EQ,65669,31947,48.65
20,2210,SURANAT&P,EQ,123914,69266,55.90
20,2211,SURANI,SM,12600,8800,69.84
20,2212,SURYALAXMI,EQ,16215,8074,49.79
20,2213,SURYAROSNI,EQ,136011,54252,39.89
20,2214,SURYODAY,EQ,267617,138709,51.83
20,2215,SUTLEJTEX,EQ,78470,32421,41.32
20,2216,SUVEN,EQ,207694,115165,55.45
20,2217,SUVENPHAR,EQ,91122,26203,28.76
20,2218,SUVIDHAA,EQ,138619,68101,49.13
20,2219,SUYOG,EQ,35081,19997,57.00
20,2220,SUZLON,EQ,35058205,14144764,40.35
20,2221,SVLL,EQ,20083,12438,61.93
20,2222,SVPGLOB,EQ,38224,28361,74.20
20,2223,SWANENERGY,EQ,1396105,503507,36.07
20,2224,SWARAJ,ST,2000,2000,100.00
20,2225,SWARAJENG,EQ,5617,3126,55.65
20,2226,SWASTIK,SM,9600,8400,87.50
20,2227,SWELECTES,EQ,16834,5560,33.03
20,2228,SWSOLAR,EQ,1084379,640092,59.03
20,2229,SYLVANPLY,SM,28000,18000,64.29
20,2230,SYMPHONY,EQ,85533,37229,43.53
20,2231,SYNCOMF,EQ,3182623,1673482,52.58
20,2232,SYNGENE,EQ,3245205,982910,30.29
20,2233,SYNOPTICS,SM,1200,1200,100.00
20,2234,SYRMA,EQ,613175,298468,48.68
20,2235,SYSTANGO,SM,8000,6400,80.00
20,2236,TAC,ST,4800,4800,100.00
20,2237,TAINWALCHM,EQ,28615,12594,44.01
20,2238,TAJGVK,EQ,66117,27935,42.25
20,2239,TAKE,EQ,154978,87017,56.15
20,2240,TALBROAUTO,EQ,70558,35530,50.36
20,2241,TANLA,EQ,311988,119767,38.39
20,2242,TAPIFRUIT,SM,1500,1500,100.00
20,2243,TARACHAND,EQ,318598,184323,57.85
20,2244,TARC,EQ,218227,101199,46.37
20,2245,TARMAT,EQ,71685,36327,50.68
20,2246,TARSONS,EQ,19619,10913,55.62
20,2247,TASTYBITE,EQ,3634,1951,53.69
20,2248,TATACHEM,EQ,1686540,717005,42.51
20,2249,TATACOMM,EQ,780077,206430,26.46
20,2250,TATACONSUM,EQ,2014701,1196194,59.37
20,2251,TATAELXSI,EQ,178050,79417,44.60
20,2252,TATAGOLD,EQ,7104637,5500939,77.43
20,2253,TATAINVEST,EQ,36095,11921,33.03
20,2254,TATAMOTORS,EQ,7233484,3454875,47.76
20,2255,TATAPOWER,EQ,7751620,3016120,38.91
20,2256,TATASTEEL,EQ,22115070,7541178,34.10
20,2257,TATATECH,EQ,1022283,530006,51.85
20,2258,TATSILV,EQ,1801608,1057740,58.71
20,2259,TATVA,EQ,22116,11284,51.02
20,2260,TBI,ST,13200,9600,72.73
20,2261,TBOTEK,EQ,33412,22704,67.95
20,2262,TBZ,EQ,309657,116340,37.57
20,2263,TCI,EQ,259187,39045,15.06
20,2264,TCIEXP,EQ,14998,9297,61.99
20,2265,TCL,SM,18400,9600,52.17
20,2266,TCPLPACK,EQ,7529,5128,68.11
20,2267,TCS,EQ,2676744,1948709,72.80
20,2268,TDPOWERSYS,EQ,147331,54134,36.74
20,2269,TEAMLEASE,EQ,10007,5089,50.85
20,2270,TECH,EQ,7352,6310,85.83
20,2271,TECHERA,SM,52800,51200,96.97
20,2272,TECHLABS,SM,47000,33500,71.28
20,2273,TECHM,EQ,1570443,966635,61.55
20,2274,TECHNOE,EQ,156911,132916,84.71
20,2275,TEGA,EQ,36812,14067,38.21
20,2276,TEJASNET,EQ,1188858,303451,25.52
20,2277,TERASOFT,EQ,93978,37542,39.95
20,2278,TEXINFRA,EQ,261776,109941,42.00
20,2279,TEXMOPIPES,EQ,53891,30122,55.89
20,2280,TEXRAIL,EQ,4771206,1671125,35.03
20,2281,TFCILTD,EQ,579747,244182,42.12
20,2282,TGBHOTELS,EQ,18734,13583,72.50
20,2283,TGL,ST,14400,14400,100.00
20,2284,THANGAMAYL,EQ,40128,16591,41.35
20,2285,THEINVEST,EQ,8418,7651,90.89
20,2286,THEJO,EQ,14553,7694,52.87
20,2287,THEMISMED,EQ,59806,25804,43.15
20,2288,THERMAX,EQ,34530,11734,33.98
20,2289,THESL,SM,51000,51000,100.00
20,2290,THOMASCOOK,EQ,445821,201269,45.15
20,2291,THOMASCOTT,EQ,38444,19626,51.05
20,2292,THYROCARE,EQ,389326,164480,42.25
20,2293,TI,EQ,312134,141304,45.27
20,2294,TIIL,EQ,10190,4419,43.37
20,2295,TIINDIA,EQ,248778,107678,43.28
20,2296,TIMESGTY,EQ,11678,2221,19.02
20,2297,TIMETECHNO,EQ,774901,281762,36.36
20,2298,TIMKEN,EQ,52020,36453,70.07
20,2299,TIPSFILMS,EQ,5515,2461,44.62
20,2300,TIPSMUSIC,EQ,280836,145328,51.75
20,2301,TIRUMALCHM,EQ,243857,115006,47.16
20,2302,TIRUPATI,SM,1500,1500,100.00
20,2303,TITAGARH,EQ,1819319,229025,12.59
20,2304,TITAN,EQ,764369,402924,52.71
20,2305,TMB,EQ,57336,35842,62.51
20,2306,TNIDETF,EQ,17468,11966,68.50
20,2307,TNPETRO,EQ,169196,95678,56.55
20,2308,TNPL,EQ,201622,92187,45.72
20,2309,TNTELE,EQ,10159,8326,81.96
20,2310,TOKYOPLAST,EQ,2230,1395,62.56
20,2311,TOLINS,EQ,110790,81322,73.40
20,2312,TOP100CASE,EQ,110381,89269,80.87
20,2313,TOP10ADD,EQ,237083,231832,97.79
20,2314,TORNTPHARM,EQ,615291,461418,74.99
20,2315,TORNTPOWER,EQ,1068959,757324,70.85
20,2316,TOTAL,EQ,9870,5831,59.08
20,2317,TOUCHWOOD,EQ,1835,1076,58.64
20,2318,TPHQ,EQ,1649177,1124497,68.19
20,2319,TRACXN,EQ,309969,164732,53.14
20,2320,TRANSTEEL,SM,30000,24000,80.00
20,2321,TRANSWORLD,EQ,19992,11580,57.92
20,2322,TREL,EQ,367529,188915,51.40
20,2323,TRENT,EQ,448738,216504,48.25
20,2324,TRF,EQ,18387,12363,67.24
20,2325,TRIDENT,EQ,3192877,1120127,35.08
20,2326,TRIDHYA,SM,174000,96000,55.17
20,2327,TRIGYN,EQ,42791,27689,64.71
20,2328,TRITURBINE,EQ,737724,271266,36.77
20,2329,TRIVENI,EQ,338944,96346,28.43
20,2330,TROM,SM,24000,16800,70.00
20,2331,TRUST,SM,37200,20400,54.84
20,2332,TTKHLTCARE,EQ,6142,5488,89.35
20,2333,TTKPRESTIG,EQ,25475,11758,46.16
20,2334,TTL,EQ,225201,125995,55.95
20,2335,TTML,EQ,3590633,1070876,29.82
20,2336,TUNWAL,SM,48000,38000,79.17
20,2337,TVSHLTD,EQ,4886,2202,45.07
20,2338,TVSMOTOR,EQ,2651875,835131,31.49
20,2339,TVSSCS,EQ,503684,215182,42.72
20,2340,TVSSRICHAK,EQ,4609,2550,55.33
20,2341,TVTODAY,EQ,56029,26560,47.40
20,2342,UBL,EQ,169580,31986,18.86
20,2343,UCAL,EQ,10694,5746,53.73
20,2344,UCOBANK,EQ,9342196,1534186,16.42
20,2345,UDAICEMENT,EQ,473563,227074,47.95
20,2346,UDS,EQ,339284,146653,43.22
20,2347,UFLEX,EQ,56660,22739,40.13
20,2348,UFO,EQ,122687,50843,41.44
20,2349,UGARSUGAR,EQ,107222,55531,51.79
20,2350,UGROCAP,EQ,235952,178685,75.73
20,2351,UJJIVANSFB,EQ,17856455,5968652,33.43
20,2352,ULTRACEMCO,EQ,341400,168554,49.37
20,2353,UMESLTD,EQ,75804,62061,81.87
20,2354,UNICHEMLAB,EQ,93575,25916,27.70
20,2355,UNIDT,EQ,119237,51662,43.33
20,2356,UNIECOM,EQ,645771,212529,32.91
20,2357,UNIENTER,EQ,18102,12789,70.65
20,2358,UNIHEALTH,SM,5000,4000,80.00
20,2359,UNIINFO,EQ,5048,2778,55.03
20,2360,UNILEX,SM,6400,4800,75.00
20,2361,UNIONBANK,EQ,8549338,2880697,33.69
20,2362,UNIPARTS,EQ,58417,36362,62.25
20,2363,UNITDSPR,EQ,1227944,553394,45.07
20,2364,UNITEDTEA,EQ,2288,1719,75.13
20,2365,UNIVASTU,EQ,45606,27519,60.34
20,2366,UNIVCABLES,EQ,22607,11338,50.15
20,2367,UNIVPHOTO,EQ,2263,299,13.21
20,2368,UNOMINDA,EQ,354639,179268,50.55
20,2369,UPL,EQ,1554879,422085,27.15
20,2370,URBAN,ST,17600,17600,100.00
20,2371,URJA,EQ,1061538,687086,64.73
20,2372,USASEEDS,SM,300,300,100.00
20,2373,USHAMART,EQ,871420,239319,27.46
20,2374,UTIAMC,EQ,113189,54269,47.95
20,2375,UTIBANKETF,EQ,153634,148797,96.85
20,2376,UTINEXT50,EQ,64017,48868,76.34
20,2377,UTINIFTETF,EQ,10337,9423,91.16
20,2378,UTISENSETF,EQ,651,542,83.26
20,2379,UTISXN50,EQ,5410,4500,83.18
20,2380,UTKARSHBNK,EQ,1475965,554796,37.59
20,2381,UTSSAV,ST,63600,55200,86.79
20,2382,UTTAMSUGAR,EQ,73689,34536,46.87
20,2383,UWCSL,SM,4000,4000,100.00
20,2384,UYFINCORP,EQ,61875,35850,57.94
20,2385,VADILALIND,EQ,2640,1670,63.26
20,2386,VAIBHAVGBL,EQ,259659,121368,46.74
20,2387,VAKRANGEE,EQ,7561446,3520471,46.56
20,2388,VAL30IETF,EQ,185366,72352,39.03
20,2389,VALIANTLAB,EQ,48977,9145,18.67
20,2390,VALIANTORG,EQ,37819,17553,46.41
20,2391,VARDHACRLC,EQ,70226,15976,22.75
20,2392,VARROC,EQ,258221,118361,45.84
20,2393,VASCONEQ,EQ,562269,263661,46.89
20,2394,VBL,EQ,6518797,3935868,60.38
20,2395,VDEAL,SM,12000,8400,70.00
20,2396,VEDL,EQ,7269166,2591056,35.64
20,2397,VEEDOL,EQ,12736,6868,53.93
20,2398,VEEKAYEM,ST,500,500,100.00
20,2399,VENKEYS,EQ,37037,20493,55.33
20,2400,VENUSPIPES,EQ,40332,21528,53.38
20,2401,VENUSREM,EQ,18323,10096,55.10
20,2402,VERANDA,EQ,290969,108098,37.15
20,2403,VERTOZ,EQ,10204885,4913229,48.15
20,2404,VESUVIUS,EQ,15247,7724,50.66
20,2405,VGUARD,EQ,137445,49092,35.72
20,2406,VHL,EQ,3909,2313,59.17
20,2407,VIDHIING,EQ,8229,4064,49.39
20,2408,VIESL,SM,73600,51200,69.57
20,2409,VIJAYA,EQ,104975,43733,41.66
20,2410,VIJIFIN,EQ,284077,168626,59.36
20,2411,VIKASECO,EQ,4946522,1758928,35.56
20,2412,VIKASLIFE,EQ,7876864,3726047,47.30
20,2413,VILAS,SM,14000,10000,71.43
20,2414,VILINBIO,SM,16000,16000,100.00
20,2415,VIMTALABS,EQ,13115,6570,50.10
20,2416,VINATIORGA,EQ,20769,8353,40.22
20,2417,VINCOFE,EQ,201408,140128,69.57
20,2418,VINDHYATEL,EQ,22172,11980,54.03
20,2419,VINEETLAB,EQ,10844,5207,48.02
20,2420,VINSYS,SM,24500,17000,69.39
20,2421,VINYAS,ST,3000,2800,93.33
20,2422,VINYLINDIA,EQ,19005,9959,52.40
20,2423,VIPIND,EQ,2295421,717119,31.24
20,2424,VIRINCHI,EQ,262884,159649,60.73
20,2425,VISAKAIND,EQ,79401,32305,40.69
20,2426,VISHNU,EQ,1323809,477421,36.06
20,2427,VISHNUINFR,ST,5500,5500,100.00
20,2428,VISHWARAJ,EQ,1157234,482018,41.65
20,2429,VISHWAS,SM,16000,14400,90.00
20,2430,VITAL,SM,9600,7200,75.00
20,2431,VIVIANA,ST,8500,8500,100.00
20,2432,VIVIDHA,EQ,473087,298250,63.04
20,2433,VIVO,ST,1600,1600,100.00
20,2434,VLINFRA,ST,63000,54000,85.71
20,2435,VLSFINANCE,EQ,77631,37234,47.96
20,2436,VMARCIND,ST,4000,4000,100.00
20,2437,VMART,EQ,21276,8874,41.71
20,2438,VOLTAMP,EQ,17501,6831,39.03
20,2439,VOLTAS,EQ,1165425,618963,53.11
20,2440,VPRPL,EQ,1469563,446208,30.36
20,2441,VR,ST,12800,12800,100.00
20,2442,VRAJ,EQ,76254,31454,41.25
20,2443,VRLLOG,EQ,32081,17868,55.70
20,2444,VSCL,SM,15000,9000,60.00
20,2445,VSSL,EQ,26898,16339,60.74
20,2446,VSTIND,EQ,153490,61598,40.13
20,2447,VSTL,EQ,17980,10022,55.74
20,2448,VSTTILLERS,EQ,5232,3002,57.38
20,2449,VTL,EQ,259038,87532,33.79
20,2450,WABAG,EQ,405218,155494,38.37
20,2451,WALCHANNAG,EQ,172928,82637,47.79
20,2452,WALPAR,SM,4000,4000,100.00
20,2453,WCIL,EQ,218790,106800,48.81
20,2454,WEBELSOLAR,EQ,403657,152479,37.77
20,2455,WEIZMANIND,EQ,28048,13703,48.86
20,2456,WEL,EQ,4860,2304,47.41
20,2457,WELCORP,EQ,499164,244553,48.99
20,2458,WELENT,EQ,353598,129995,36.76
20,2459,WELINV,EQ,686,412,60.06
20,2460,WELSPUNLIV,EQ,1184956,384306,32.43
20,2461,WENDT,EQ,209,97,46.41
20,2462,WESTLIFE,EQ,262174,52942,20.19
20,2463,WEWIN,EQ,10451,6256,59.86
20,2464,WHEELS,EQ,26142,15840,60.59
20,2465,WHIRLPOOL,EQ,543321,459133,84.50
20,2466,WILLAMAGOR,EQ,18950,6461,34.09
20,2467,WINDLAS,EQ,22281,13139,58.97
20,2468,WINDMACHIN,EQ,100352,44118,43.96
20,2469,WINNY,SM,7000,5000,71.43
20,2470,WINSOL,SM,32000,19200,60.00
20,2471,WIPL,EQ,1385,1167,84.26
20,2472,WIPRO,EQ,4788302,2734571,57.11
20,2473,WOCKPHARMA,EQ,692394,372874,53.85
20,2474,WOL3D,SM,4000,4000,100.00
20,2475,WOMANCART,ST,1600,1600,100.00
20,2476,WONDERLA,EQ,29333,13387,45.64
20,2477,WORTH,EQ,10087,4065,40.30
20,2478,WSI,EQ,59931,30006,50.07
20,2479,WSTCSTPAPR,EQ,69370,37003,53.34
20,2480,WTICAB,SM,25000,20000,80.00
20,2481,XCHANGING,EQ,196353,74267,37.82
20,2482,XPROINDIA,EQ,15476,9081,58.68
20,2483,XTGLOBAL,EQ,40108,12931,32.24
20,2484,YAARI,EQ,237047,119790,50.53
20,2485,YASHO,EQ,6762,4650,68.77
20,2486,YASHOPTICS,SM,4800,3200,66.67
20,2487,YATHARTH,EQ,443663,223869,50.46
20,2488,YATRA,EQ,102022,52018,50.99
20,2489,YCCL,SM,9000,6000,66.67
20,2490,YESBANK,EQ,52181658,17495981,33.53
20,2491,YUDIZ,SM,800,800,100.00
20,2492,YUKEN,EQ,3691,2348,63.61
20,2493,ZEAL,SM,21600,16800,77.78
20,2494,ZEEL,EQ,8264160,2791206,33.77
20,2495,ZEELEARN,EQ,3408526,1506128,44.19
20,2496,ZENITHDRUG,ST,24000,22400,93.33
20,2497,ZENSARTECH,EQ,489799,248602,50.76
20,2498,ZENTEC,EQ,129353,49021,37.90
20,2499,ZFCVINDIA,EQ,14120,4985,35.30
20,2500,ZIMLAB,EQ,36307,19628,54.06
20,2501,ZODIACLOTH,EQ,5083,2767,54.44
20,2502,ZOMATO,EQ,60352258,25172712,41.71
20,2503,ZOTA,EQ,12977,8518,65.64
20,2504,ZTECH,ST,12000,12000,100.00
20,2505,ZUARI,EQ,58734,30373,51.71
20,2506,ZUARIIND,EQ,101045,57839,57.24
20,2507,ZYDUSLIFE,EQ,634232,325525,51.33
20,2508,ZYDUSWELL,EQ,16272,7886,48.46
