Security Wise Delivery Position - Compulsory Rolling Settlement
10,MTO,13122024,1146584341,0002581
Trade Date <13-DEC-2024>,Settlement Type <N>
Record Type,Sr No,Name of Security,Quantity Traded,Deliverable Quantity(gross across client level),% of Deliverable Quantity to Traded Quantity
20,1,1003IIFL29,NC,220,220,100.00
20,2,1003ISFL28,N4,113,113,100.00
20,3,1003SCL30A,NV,98,95,96.94
20,4,1003SFIL28,NX,5,5,100.00
20,5,1015ECL29,NR,295,267,90.51
20,6,1015UCL26,N1,10,10,100.00
20,7,1018GS2026,GS,2100,2100,100.00
20,8,1025NFL25,N5,33,33,100.00
20,9,1025SCL34B,N1,21,21,100.00
20,10,1030SFIL28,NM,208,108,51.92
20,11,1035UCL26,NA,64,64,100.00
20,12,1049DLS25A,Y5,19,19,100.00
20,13,1050ISFL28,N5,202,202,100.00
20,14,1050NFL26,N7,1,1,100.00
20,15,1050UCL25,N7,37,37,100.00
20,16,1060ECL29,NS,99,99,100.00
20,17,1065NFL27,NC,337,337,100.00
20,18,1075NFL25,N6,209,209,100.00
20,19,10IIFL28,N4,230,220,95.65
20,20,10IIFL28A,NE,138,133,96.38
20,21,10IIFL29,N6,105,100,95.24
20,22,10ISFL26,N3,130,130,100.00
20,23,10NFL25,N9,40,25,62.50
20,24,10NIDO26,N6,959,949,98.96
20,25,10SCL30A,BV,6,6,100.00
20,26,11UCL26,NC,10,10,100.00
20,27,182D060225,TB,300,300,100.00
20,28,182D100425,TB,2600,2000,76.92
20,29,182D170125,TB,200,200,100.00
20,30,360ONE,EQ,310022,178934,57.72
20,31,364D110925,TB,100,100,100.00
20,32,364D200325,TB,500,500,100.00
20,33,364D230125,TB,100,100,100.00
20,34,3IINFOLTD,EQ,2225492,824058,37.03
20,35,3MINDIA,EQ,2590,1336,51.58
20,36,3PLAND,EQ,392268,134444,34.27
20,37,5PAISA,EQ,19907,8800,44.21
20,38,63MOONS,EQ,973646,342131,35.14
20,39,654GS2032,GS,105,105,100.00
20,40,664GS2027,GS,200,200,100.00
20,41,664GS2035,GS,3,3,100.00
20,42,667GS2035,GS,201,201,100.00
20,43,676GS2061,GS,47,47,100.00
20,44,679GS2034,GS,100,100,100.00
20,45,699GS2026,GS,2000,2000,100.00
20,46,699GS2051,GS,51,51,100.00
20,47,702GS2027,GS,450,289,64.22
20,48,702GS2031,GS,1769,1760,99.49
20,49,704GS2029,GS,11000,11000,100.00
20,50,706GS2028,GS,6000,3000,50.00
20,51,709GS2054,GS,2196,2196,100.00
20,52,710GS2029,GS,1258,1257,99.92
20,53,717GS2030,GS,10505,8505,80.96
20,54,718GS2037,GS,410,410,100.00
20,55,719GS2060,GS,9,8,88.89
20,56,723GS2039,GS,475,475,100.00
20,57,725GS2063,GS,21465,18110,84.37
20,58,726GS2032,GS,250808,250807,100.00
20,59,726GS2033,GS,5368,5368,100.00
20,60,732GS2030,GS,3500,2000,57.14
20,61,732IRFC25,NI,46,46,100.00
20,62,733GS2026,GS,410,410,100.00
20,63,734GS2064,GS,413,413,100.00
20,64,734IRFC28,N4,17,17,100.00
20,65,736NTPC25D,NB,10,10,100.00
20,66,737GS2028,GS,4082,4082,100.00
20,67,738GS2027,GS,122647,121045,98.69
20,68,739NHAI26,N8,1,1,100.00
20,69,73GS2053,GS,2203,2103,95.46
20,70,741GS2036,GS,2103,1103,52.45
20,71,746GS2073,GS,6120,6120,100.00
20,72,74GS2062,GS,77,77,100.00
20,73,750IRFC35,NK,244,169,69.26
20,74,751HUDCO28,N5,11750,9000,76.60
20,75,753IRFC30,NJ,6,6,100.00
20,76,754GS2036,GS,370065,343254,92.76
20,77,760PFCL35,N3,139,139,100.00
20,78,762NTPC35F,ND,159,159,100.00
20,79,764HUDCO31,N8,1,1,100.00
20,80,764IRFC31,NO,735,465,63.27
20,81,764NABAR31,N2,150,150,100.00
20,82,769HUDCO31,N9,27,25,92.59
20,83,769NHAI31,NE,300,300,100.00
20,84,76NHAI31,NA,2209,2009,90.95
20,85,774IREDA31,N7,56,56,100.00
20,86,78ABFL33,N4,126,126,100.00
20,87,797IGT31,NL,2,0,0.00
20,88,79NHIT35,N1,4,3,75.00
20,89,79NHIT40,N2,49,49,100.00
20,90,79NHIT47,N3,41,41,100.00
20,91,801TCH25,N4,50,50,100.00
20,92,812REC27,NI,1,1,100.00
20,93,817GS2044,GS,100,100,100.00
20,94,81TCHF28,N8,1,1,100.00
20,95,820IIFL27,N9,1561,1178,75.46
20,96,829PFL29,N6,2,2,100.00
20,97,82IGT31,NJ,503,300,59.64
20,98,830NHAI27,N2,424,419,98.82
20,99,835IFL25,NV,125,125,100.00
20,100,83TCHF25,N6,1,1,100.00
20,101,842IIFL26,NL,51,51,100.00
20,102,843IHFL29,NC,244,244,100.00
20,103,846REC28,N6,9,9,100.00
20,104,849NTPC25,N7,25506,25112,98.46
20,105,84TCHF28,NA,10,10,100.00
20,106,854NHPC28,N2,2,2,100.00
20,107,855TCAPS27,N7,750,750,100.00
20,108,861REC34,ND,2,2,100.00
20,109,862REC33,NA,50,50,100.00
20,110,863IRFC29,NC,2,2,100.00
20,111,865IFL28,NZ,3290,2010,61.09
20,112,865IIFL28,NS,1666,1666,100.00
20,113,865IRFC29,NA,61,60,98.36
20,114,865LTF26,NN,95,60,63.16
20,115,865TCAPS27,N8,349,289,82.81
20,116,866SCFL25,Y8,9,9,100.00
20,117,867NHPC33,N3,103,103,100.00
20,118,871REC28,N9,810,810,100.00
20,119,872MMFSL26,N1,4,4,100.00
20,120,875IHFL29,ND,20,10,50.00
20,121,875NHAI29,N6,1277,1082,84.73
20,122,875SFL27,ZF,30,30,100.00
20,123,87LTF27,NH,182,140,76.92
20,124,880IREDA29,N5,139,139,100.00
20,125,880IREDA34,N6,75,75,100.00
20,126,888IRFC29,NE,2832,2052,72.46
20,127,888REC29,NF,103,103,100.00
20,128,888SCL25E,N4,4,4,100.00
20,129,889SCL27,YT,1,1,100.00
20,130,891IIFCL34,N4,5,5,100.00
20,131,891NTPC33,N6,11062,1469,13.28
20,132,892NHPC33,N6,260,230,88.46
20,133,892PFCL33,N8,100,100,100.00
20,134,894SCL27,ZY,1276,1208,94.67
20,135,897GS2030,GS,860,500,58.14
20,136,898LTF29,N7,10,10,100.00
20,137,901HUDCO34,NE,400,400,100.00
20,138,901NHB34,N6,140,100,71.43
20,139,910TCAP28,NA,55,55,100.00
20,140,915SCL26,NE,2,2,100.00
20,141,91D210225,TB,500,500,100.00
20,142,91MOFSL27,N2,100,100,100.00
20,143,921ISFL25,N0,10,10,100.00
20,144,925AEL26,N1,33,33,100.00
20,145,925CAGL26,N9,100,100,100.00
20,146,925ERFL28,N6,282,281,99.65
20,147,92GS2030,GS,4719,4719,100.00
20,148,93MOFSL34,N6,350,350,100.00
20,149,943ECL28,NJ,10,10,100.00
20,150,945IFSL25,N4,111,111,100.00
20,151,948SCL26A,NN,53,53,100.00
20,152,950SCL23A,AP,10,10,100.00
20,153,957ISFL26,N2,100,100,100.00
20,154,965AEL27,N4,1194,1194,100.00
20,155,965SCL25,AG,9,9,100.00
20,156,965SCL25B,Y1,51,51,100.00
20,157,965SCL25C,N0,868,709,81.68
20,158,965SCL26,YO,10,10,100.00
20,159,96IIFL28,N5,743,658,88.56
20,160,96IIFL28A,NF,754,754,100.00
20,161,96SFIL24A,NB,5,5,100.00
20,162,970CAGL28,ND,161,148,91.93
20,163,975NFL25,N0,50,50,100.00
20,164,97MOFSL34,N7,60,60,100.00
20,165,980SCL33D,YG,40,20,50.00
20,166,985ECL28,NK,350,350,100.00
20,167,985IIFL22,NC,50,50,100.00
20,168,98SCL27,ZX,1,1,100.00
20,169,99AEL29,N7,20,20,100.00
20,170,9ICCL23A,N0,10,10,100.00
20,171,9IIFL28A,NT,96,48,50.00
20,172,9MMFSML,N2,350,350,100.00
20,173,9PEL25,N0,350,350,100.00
20,174,A2ZINFRA,EQ,745846,582159,78.05
20,175,AAATECH,EQ,13828,8704,62.94
20,176,AADHARHFC,EQ,646357,305696,47.30
20,177,AAKASH,EQ,120332,64687,53.76
20,178,AARON,EQ,15514,7248,46.72
20,179,AARTECH,EQ,142685,87265,61.16
20,180,AARTIDRUGS,EQ,136230,65564,48.13
20,181,AARTIIND,EQ,1089499,362919,33.31
20,182,AARTIPHARM,EQ,240710,117141,48.66
20,183,AARVI,EQ,26149,13523,51.72
20,184,AATMAJ,SM,4000,4000,100.00
20,185,AAVAS,EQ,157639,104608,66.36
20,186,ABAN,EQ,89562,44520,49.71
20,187,ABB,EQ,132883,54528,41.03
20,188,ABBOTINDIA,EQ,7850,3804,48.46
20,189,ABCAPITAL,EQ,2607308,622062,23.86
20,190,ABCOTS,ST,26000,22500,86.54
20,191,ABDL,EQ,746698,372200,49.85
20,192,ABFL26,N1,42,41,97.62
20,193,ABFRL,EQ,1886725,673142,35.68
20,194,ABGSEC,EQ,40,39,97.50
20,195,ABHAPOWER,ST,324800,275200,84.73
20,196,ABREL,EQ,103739,48450,46.70
20,197,ABSLAMC,EQ,601592,306278,50.91
20,198,ABSLBANETF,EQ,310053,304208,98.11
20,199,ABSLLIQUID,EQ,1699,1427,83.99
20,200,ABSLNN50ET,EQ,29195,19650,67.31
20,201,ABSLPSE,EQ,130362,103480,79.38
20,202,ABSMARINE,SM,88500,48000,54.24
20,203,ACC,EQ,197666,70649,35.74
20,204,ACCELYA,EQ,6229,3325,53.38
20,205,ACCENTMIC,SM,32000,19500,60.94
20,206,ACCURACY,EQ,327540,246575,75.28
20,207,ACE,EQ,264505,84872,32.09
20,208,ACEINTEG,EQ,27969,4548,16.26
20,209,ACI,EQ,371578,233410,62.82
20,210,ACL,EQ,13358,6178,46.25
20,211,ACLGATI,EQ,375664,211654,56.34
20,212,ACMESOLAR,EQ,897115,415567,46.32
20,213,ADANIENSOL,EQ,3750259,1895443,50.54
20,214,ADANIENT,EQ,1940935,436362,22.48
20,215,ADANIGREEN,EQ,6893497,991195,14.38
20,216,ADANIPORTS,EQ,2818291,723269,25.66
20,217,ADANIPOWER,EQ,6081771,1002672,16.49
20,218,ADFFOODS,EQ,407968,197323,48.37
20,219,ADORWELD,EQ,19497,10135,51.98
20,220,ADROITPP1,X1,41028,38651,94.21
20,221,ADSL,EQ,298581,128051,42.89
20,222,ADVANIHOTR,EQ,66049,39104,59.20
20,223,ADVENZYMES,EQ,137030,59621,43.51
20,224,AEGISLOG,EQ,715349,91392,12.78
20,225,AEL120924A,N5,40,40,100.00
20,226,AEROFLEX,EQ,1831912,571361,31.19
20,227,AERON,SM,166000,130000,78.31
20,228,AESTHETIK,SM,22000,16000,72.73
20,229,AETHER,EQ,41541,17189,41.38
20,230,AFCONS,EQ,1346210,371975,27.63
20,231,AFFLE,EQ,289381,123315,42.61
20,232,AFFORDABLE,EQ,14057,8517,60.59
20,233,AFIL,EQ,261515,114737,43.87
20,234,AGARIND,EQ,28626,16400,57.29
20,235,AGARWALFT,SM,15000,9000,60.00
20,236,AGARWALTUF,ST,808800,640800,79.23
20,237,AGI,EQ,137224,59126,43.09
20,238,AGIIL,EQ,46905,20514,43.74
20,239,AGNI,SM,505000,260000,51.49
20,240,AGRITECH,EQ,12432,4807,38.67
20,241,AGROPHOS,EQ,64476,33710,52.28
20,242,AGSTRA,EQ,402031,189739,47.20
20,243,AHL,EQ,448707,177397,39.54
20,244,AHLADA,EQ,64867,36309,55.97
20,245,AHLEAST,EQ,16230,9922,61.13
20,246,AHLUCONT,EQ,43956,21364,48.60
20,247,AIAENG,EQ,207925,184273,88.62
20,248,AIIL,EQ,68207,29189,42.79
20,249,AIMTRON,ST,218800,212800,97.26
20,250,AIRAN,EQ,514806,285203,55.40
20,251,AIROLAM,EQ,792509,116633,14.72
20,252,AIRTELPP,E1,111486,69991,62.78
20,253,AISL,ST,1800,1800,100.00
20,254,AJANTPHARM,EQ,67248,36505,54.28
20,255,AJMERA,EQ,116088,52625,45.33
20,256,AJOONI,EQ,503003,360418,71.65
20,257,AKANKSHA,ST,60000,44000,73.33
20,258,AKASH,EQ,12664,5630,44.46
20,259,AKG,EQ,17582,12063,68.61
20,260,AKI,EQ,105806,72295,68.33
20,261,AKIKO,SM,11200,6400,57.14
20,262,AKSHARCHEM,EQ,1769,803,45.39
20,263,AKSHOPTFBR,EQ,9547561,4461517,46.73
20,264,AKUMS,EQ,193416,84216,43.54
20,265,AKZOINDIA,EQ,7232,3709,51.29
20,266,ALANKIT,EQ,917746,357886,39.00
20,267,ALBERTDAVD,EQ,12880,7359,57.14
20,268,ALEMBICLTD,EQ,896796,320174,35.70
20,269,ALICON,EQ,24729,10481,42.38
20,270,ALKALI,EQ,64891,35738,55.07
20,271,ALKEM,EQ,70477,35154,49.88
20,272,ALKYLAMINE,EQ,29398,13104,44.57
20,273,ALLCARGO,EQ,1497351,654577,43.72
20,274,ALLDIGI,EQ,9287,5564,59.91
20,275,ALLETEC,ST,9600,8800,91.67
20,276,ALOKINDS,EQ,8169155,2484585,30.41
20,277,ALPEXSOLAR,SM,79200,43000,54.29
20,278,ALPHA,EQ,1016406,709093,69.76
20,279,ALPHAETF,EQ,564858,357586,63.31
20,280,ALPHAGEO,EQ,5829,3026,51.91
20,281,ALPL30IETF,EQ,2057269,985308,47.89
20,282,ALUWIND,ST,9000,9000,100.00
20,283,AMBANIORGO,SM,2000,2000,100.00
20,284,AMBER,EQ,275999,84830,30.74
20,285,AMBEY,SM,54000,36000,66.67
20,286,AMBICAAGAR,EQ,103035,47871,46.46
20,287,AMBIKCO,EQ,12907,6050,46.87
20,288,AMBUJACEM,EQ,2266790,1380400,60.90
20,289,AMDIND,EQ,4569,3096,67.76
20,290,AMEYA,ST,7000,7000,100.00
20,291,AMIORG,EQ,209905,79132,37.70
20,292,AMJLAND,EQ,144619,65360,45.19
20,293,AMNPLST,EQ,8834,5687,64.38
20,294,AMRUTANJAN,EQ,18409,13963,75.85
20,295,ANANDRATHI,EQ,36032,18600,51.62
20,296,ANANTRAJ,EQ,915682,367665,40.15
20,297,ANDHRAPAP,EQ,88415,35480,40.13
20,298,ANDHRSUGAR,EQ,139647,59245,42.42
20,299,ANGELONE,EQ,2230281,258328,11.58
20,300,ANLON,SM,11600,8800,75.86
20,301,ANMOL,EQ,56039,33176,59.20
20,302,ANNAPURNA,SM,32000,20250,63.28
20,303,ANUP,EQ,56817,19410,34.16
20,304,ANURAS,EQ,57194,20141,35.22
20,305,APARINDS,EQ,65114,28824,44.27
20,306,APCL,EQ,9670,5496,56.84
20,307,APCOTEXIND,EQ,52873,27154,51.36
20,308,APEX,EQ,113368,43573,38.44
20,309,APEXECO,ST,259200,233600,90.12
20,310,APLAPOLLO,EQ,606250,445297,73.45
20,311,APLLTD,EQ,109832,32006,29.14
20,312,APOLLO,EQ,914675,487498,53.30
20,313,APOLLOHOSP,EQ,314999,194502,61.75
20,314,APOLLOPIPE,EQ,18506,10284,55.57
20,315,APOLLOTYRE,EQ,2150181,970661,45.14
20,316,APOLSINHOT,EQ,1099,671,61.06
20,317,APRAMEYA,ST,74000,68000,91.89
20,318,APS,ST,43250,29500,68.21
20,319,APTECHT,EQ,3566078,490822,13.76
20,320,APTUS,EQ,942780,720235,76.39
20,321,ARABIAN,SM,6000,6000,100.00
20,322,ARCHIDPLY,EQ,7337,4563,62.19
20,323,ARE&M,EQ,202716,88028,43.42
20,324,ARHAM,SM,25000,18000,72.00
20,325,ARIES,EQ,1743691,294910,16.91
20,326,ARIHANTCAP,EQ,445088,171126,38.45
20,327,ARIHANTSUP,EQ,176353,77433,43.91
20,328,ARISTO,ST,3200,3200,100.00
20,329,ARKADE,EQ,1549461,494896,31.94
20,330,ARMANFIN,EQ,17217,8708,50.58
20,331,AROGRANITE,EQ,21942,14599,66.53
20,332,ARROWGREEN,EQ,36835,19128,51.93
20,333,ARTEMISMED,EQ,109888,44299,40.31
20,334,ARVEE,EQ,11797,10392,88.09
20,335,ARVIND,EQ,838980,316351,37.71
20,336,ARVINDFASN,EQ,726640,355250,48.89
20,337,ARVINDPORT,ST,7500,6000,80.00
20,338,ARVSMART,EQ,25494,12078,47.38
20,339,ASAHIINDIA,EQ,72473,24619,33.97
20,340,ASAHISONG,EQ,38705,33267,85.95
20,341,ASAL,EQ,23212,11063,47.66
20,342,ASALCBR,EQ,64829,34369,53.01
20,343,ASHALOG,ST,6000,6000,100.00
20,344,ASHAPURMIN,EQ,597960,257421,43.05
20,345,ASHIANA,EQ,47661,32193,67.55
20,346,ASHOKA,EQ,3064209,1126841,36.77
20,347,ASHOKLEY,EQ,8303621,1976479,23.80
20,348,ASIANENE,EQ,170679,92184,54.01
20,349,ASIANHOTNR,EQ,6425,3023,47.05
20,350,ASIANPAINT,EQ,1150900,517238,44.94
20,351,ASIANTILES,EQ,1007980,392991,38.99
20,352,ASKAUTOLTD,EQ,283181,141712,50.04
20,353,ASMS,EQ,397793,179280,45.07
20,354,ASPINWALL,EQ,13036,8161,62.60
20,355,ASPIRE,ST,10000,8000,80.00
20,356,ASTEC,EQ,9834,5958,60.59
20,357,ASTERDM,EQ,501300,258391,51.54
20,358,ASTRAL,EQ,497357,330586,66.47
20,359,ASTRAMICRO,EQ,1120791,269213,24.02
20,360,ASTRAZEN,EQ,6401,1733,27.07
20,361,ASTRON,EQ,61425,36456,59.35
20,362,ATAM,EQ,26410,12623,47.80
20,363,ATFL,EQ,27307,20370,74.60
20,364,ATGL,EQ,1337241,298271,22.30
20,365,ATL,EQ,244169,123053,50.40
20,366,ATMASTCO,ST,58000,57200,98.62
20,367,ATUL,EQ,58760,17032,28.99
20,368,ATULAUTO,EQ,49271,21187,43.00
20,369,AUBANK,EQ,1412657,544013,38.51
20,370,AURDIS,SM,2500,2500,100.00
20,371,AURIONPRO,EQ,40515,20352,50.23
20,372,AUROIMPEX,SM,36800,22400,60.87
20,373,AUROPHARMA,EQ,954145,347384,36.41
20,374,AURUMPP1,X1,34125,22965,67.30
20,375,AUSL,SM,28000,24000,85.71
20,376,AUTOAXLES,EQ,3325,1706,51.31
20,377,AUTOBEES,EQ,154752,62349,40.29
20,378,AUTOIETF,EQ,533907,186025,34.84
20,379,AUTOIND,EQ,161187,86859,53.89
20,380,AVADHSUGAR,EQ,46129,18157,39.36
20,381,AVALON,EQ,219268,108358,49.42
20,382,AVANTEL,EQ,535482,254921,47.61
20,383,AVANTIFEED,EQ,233268,75310,32.28
20,384,AVG,EQ,253053,82497,32.60
20,385,AVIANSH,SM,42000,32000,76.19
20,386,AVL,EQ,77593,34888,44.96
20,387,AVONMORE,EQ,4237687,1281295,30.24
20,388,AVPINFRA,ST,20000,20000,100.00
20,389,AVTNPL,EQ,76356,44263,57.97
20,390,AWFIS,EQ,616039,288071,46.76
20,391,AWHCL,EQ,85284,40318,47.27
20,392,AWL,EQ,1019376,401551,39.39
20,393,AXISBANK,EQ,8731618,5351803,61.29
20,394,AXISBNKETF,EQ,416,411,98.80
20,395,AXISBPSETF,EQ,703770,675234,95.95
20,396,AXISCADES,EQ,159672,71642,44.87
20,397,AXISCETF,EQ,11048,10581,95.77
20,398,AXISGOLD,EQ,1419835,1369744,96.47
20,399,AXISHCETF,EQ,1022,627,61.35
20,400,AXISILVER,EQ,206504,201935,97.79
20,401,AXISNIFTY,EQ,2740,2587,94.42
20,402,AXISTECETF,EQ,1141,784,68.71
20,403,AXITA,EQ,7814460,1387679,17.76
20,404,AXSENSEX,EQ,4058,2561,63.11
20,405,AZAD,EQ,130812,41935,32.06
20,406,BABAFP,SM,9600,6400,66.67
20,407,BAGFILMS,EQ,429521,225826,52.58
20,408,BAHETI,ST,6000,5625,93.75
20,409,BAIDFIN,EQ,1912304,1611959,84.29
20,410,BAJAJ-AUTO,EQ,243931,94026,38.55
20,411,BAJAJCON,EQ,611363,258255,42.24
20,412,BAJAJELEC,EQ,17967,5446,30.31
20,413,BAJAJFINSV,EQ,1389802,542859,39.06
20,414,BAJAJHCARE,EQ,389242,169571,43.56
20,415,BAJAJHFL,EQ,25450132,12969144,50.96
20,416,BAJAJHIND,EQ,4995838,1514332,30.31
20,417,BAJAJHLDNG,EQ,35484,16167,45.56
20,418,BAJEL,EQ,9362032,1319314,14.09
20,419,BAJFINANCE,EQ,1250436,589881,47.17
20,420,BALAJEE,EQ,116185,47559,40.93
20,421,BALAJITELE,EQ,1147347,617506,53.82
20,422,BALAMINES,EQ,34116,16895,49.52
20,423,BALAXI,EQ,13001,6246,48.04
20,424,BALCO,ST,1200,1200,100.00
20,425,BALKRISHNA,EQ,28656,14730,51.40
20,426,BALKRISIND,EQ,151666,62379,41.13
20,427,BALMLAWRIE,EQ,186516,70570,37.84
20,428,BALRAMCHIN,EQ,282179,80026,28.36
20,429,BALUFORGE,EQ,500362,136059,27.19
20,430,BANARISUG,EQ,636,396,62.26
20,431,BANCOINDIA,EQ,59538,27436,46.08
20,432,BANDHANBNK,EQ,9913065,4301607,43.39
20,433,BANKA,EQ,13151,7998,60.82
20,434,BANKBARODA,EQ,12263775,4666515,38.05
20,435,BANKBEES,EQ,967812,498233,51.48
20,436,BANKBETF,EQ,12219,11006,90.07
20,437,BANKETF,EQ,5708,2465,43.19
20,438,BANKETFADD,EQ,7067,4657,65.90
20,439,BANKIETF,EQ,153650,63495,41.32
20,440,BANKINDIA,EQ,6821762,2398016,35.15
20,441,BANKNIFTY1,EQ,26610,18576,69.81
20,442,BANKPSU,EQ,6768,4935,72.92
20,443,BANSALWIRE,EQ,133543,59567,44.61
20,444,BANSWRAS,EQ,86753,47617,54.89
20,445,BARBEQUE,EQ,42927,24769,57.70
20,446,BASF,EQ,177030,39754,22.46
20,447,BASILIC,ST,21600,21600,100.00
20,448,BATAINDIA,EQ,109719,39042,35.58
20,449,BAWEJA,SM,9600,6400,66.67
20,450,BAYERCROP,EQ,21142,9788,46.30
20,451,BBETF0432,EQ,472,460,97.46
20,452,BBL,EQ,45552,24359,53.48
20,453,BBNPNBETF,EQ,259,153,59.07
20,454,BBNPPGOLD,EQ,246,145,58.94
20,455,BBOX,EQ,551442,274318,49.75
20,456,BBTC,EQ,40114,11277,28.11
20,457,BBTCL,EQ,2956,1502,50.81
20,458,BCLIND,EQ,639977,290569,45.40
20,459,BCONCEPTS,EQ,5032,2911,57.85
20,460,BDL,EQ,1272678,678142,53.28
20,461,BEACON,SM,24000,15000,62.50
20,462,BEARDSELL,EQ,138958,98797,71.10
20,463,BECTORFOOD,EQ,114266,79629,69.69
20,464,BEDMUTHA,EQ,18141,8896,49.04
20,465,BEL,EQ,15557064,7603782,48.88
20,466,BEML,EQ,332513,75078,22.58
20,467,BEPL,EQ,4393635,1169265,26.61
20,468,BERGEPAINT,EQ,1255041,699685,55.75
20,469,BESTAGRO,EQ,58469,24088,41.20
20,470,BETA,SM,5000,3200,64.00
20,471,BEWLTD,ST,6500,5000,76.92
20,472,BFINVEST,EQ,30001,15683,52.27
20,473,BFSI,EQ,169852,133897,78.83
20,474,BHAGCHEM,EQ,74110,42918,57.91
20,475,BHAGYANGR,EQ,90909,45655,50.22
20,476,BHANDARI,EQ,1068309,534285,50.01
20,477,BHARATFORG,EQ,580701,222428,38.30
20,478,BHARATGEAR,EQ,36033,24533,68.08
20,479,BHARATRAS,EQ,2716,1220,44.92
20,480,BHARATWIRE,EQ,70063,31474,44.92
20,481,BHARTIARTL,EQ,12900707,5217677,40.44
20,482,BHARTIHEXA,EQ,768429,379437,49.38
20,483,BHEL,EQ,9230527,1853413,20.08
20,484,BHINVIT,IV,103472,101932,98.51
20,485,BIGBLOC,EQ,249679,132954,53.25
20,486,BIKAJI,EQ,377092,198660,52.68
20,487,BIKEWO,SM,16000,8000,50.00
20,488,BIOCON,EQ,2638692,1184568,44.89
20,489,BIOFILCHEM,EQ,28929,14592,50.44
20,490,BIRDYS,SM,2400,2400,100.00
20,491,BIRET,RR,67737,51598,76.17
20,492,BIRLACABLE,EQ,31624,15688,49.61
20,493,BIRLACORPN,EQ,42296,16394,38.76
20,494,BIRLAMONEY,EQ,231675,100373,43.32
20,495,BLACKBUCK,EQ,3682964,558810,15.17
20,496,BLAL,EQ,112368,48385,43.06
20,497,BLBLIMITED,EQ,234510,173463,73.97
20,498,BLISSGVS,EQ,3344754,825491,24.68
20,499,BLKASHYAP,EQ,1136959,555356,48.85
20,500,BLS,EQ,4028439,1284172,31.88
20,501,BLSE,EQ,270365,133333,49.32
20,502,BLUECOAST,EQ,7,7,100.00
20,503,BLUEDART,EQ,6161,1403,22.77
20,504,BLUEJET,EQ,92086,55854,60.65
20,505,BLUEPEBBLE,SM,11200,9200,82.14
20,506,BLUESTARCO,EQ,205504,94415,45.94
20,507,BMETRICS,SM,4800,4000,83.33
20,508,BODALCHEM,EQ,372057,236547,63.58
20,509,BOMDYEING,EQ,1041285,354847,34.08
20,510,BOROLTD,EQ,178242,79631,44.68
20,511,BORORENEW,EQ,1048639,498686,47.56
20,512,BOROSCI,EQ,86245,46462,53.87
20,513,BOSCHLTD,EQ,9544,2566,26.89
20,514,BOSS,ST,16000,16000,100.00
20,515,BPCL,EQ,7726611,3048812,39.46
20,516,BPL,EQ,1060698,407483,38.42
20,517,BRACEPORT,ST,20800,20800,100.00
20,518,BRIGADE,EQ,283619,156846,55.30
20,519,BRITANNIA,EQ,284721,121646,42.72
20,520,BRNL,EQ,42211,24419,57.85
20,521,BSE,EQ,1774337,275978,15.55
20,522,BSE500IETF,EQ,83184,66443,79.87
20,523,BSHSL,EQ,15288,8232,53.85
20,524,BSL,EQ,84961,22764,26.79
20,525,BSLGOLDETF,EQ,30471,19682,64.59
20,526,BSLNIFTY,EQ,219308,108615,49.53
20,527,BSLSENETFG,EQ,2587,1775,68.61
20,528,BSOFT,EQ,1273049,509551,40.03
20,529,BTML,EQ,71770,39993,55.72
20,530,BULKCORP,SM,10800,8400,77.78
20,531,BURNPUR,EQ,151793,89328,58.85
20,532,BUTTERFLY,EQ,11668,6292,53.93
20,533,BVCL,EQ,8602,4745,55.16
20,534,C2C,ST,30000,30000,100.00
20,535,CADSYS,ST,5000,4000,80.00
20,536,CAGL25,N8,10,10,100.00
20,537,CAMLINFINE,EQ,637849,250668,39.30
20,538,CAMPUS,EQ,290176,89497,30.84
20,539,CAMS,EQ,369055,158026,42.82
20,540,CANARYS,SM,12000,12000,100.00
20,541,CANBK,EQ,21008467,6616880,31.50
20,542,CANFINHOME,EQ,451723,149812,33.16
20,543,CANTABIL,EQ,925417,452458,48.89
20,544,CAPACITE,EQ,603019,237710,39.42
20,545,CAPITALSFB,EQ,36898,23372,63.34
20,546,CAPLIPOINT,EQ,98942,41289,41.73
20,547,CARBORUNIV,EQ,57126,29921,52.38
20,548,CAREERP,EQ,16614,10600,63.80
20,549,CARERATING,EQ,45515,26303,57.79
20,550,CARTRADE,EQ,266842,107769,40.39
20,551,CARYSIL,EQ,44333,22828,51.49
20,552,CASTROLIND,EQ,3897730,1144386,29.36
20,553,CBAZAAR,SM,8000,8000,100.00
20,554,CCL,EQ,129444,52662,40.68
20,555,CDSL,EQ,3341528,826639,24.74
20,556,CEATLTD,EQ,675708,87618,12.97
20,557,CEIGALL,EQ,235477,119080,50.57
20,558,CELEBRITY,EQ,42865,23631,55.13
20,559,CELLECOR,ST,1500000,1395000,93.00
20,560,CELLO,EQ,51397,28827,56.09
20,561,CELLPOINT,SM,3600,2400,66.67
20,562,CENTENKA,EQ,324782,84393,25.98
20,563,CENTEXT,EQ,241017,158173,65.63
20,564,CENTRALBK,EQ,7614513,2103149,27.62
20,565,CENTRUM,EQ,817190,468733,57.36
20,566,CENTUM,EQ,411621,59842,14.54
20,567,CENTURYPLY,EQ,290326,66388,22.87
20,568,CERA,EQ,9808,3744,38.17
20,569,CESC,EQ,3651174,1321593,36.20
20,570,CGCL,EQ,155411,31165,20.05
20,571,CGPOWER,EQ,1802966,833502,46.23
20,572,CGRAPHICS,SM,114400,67200,58.74
20,573,CHALET,EQ,4105622,453904,11.06
20,574,CHAMBLFERT,EQ,1041569,295483,28.37
20,575,CHAVDA,SM,24000,16000,66.67
20,576,CHEMBOND,EQ,12515,8256,65.97
20,577,CHEMCON,EQ,26376,14390,54.56
20,578,CHEMFAB,EQ,12212,6779,55.51
20,579,CHEMPLASTS,EQ,64374,24034,37.33
20,580,CHENNPETRO,EQ,923434,383437,41.52
20,581,CHETANA,SM,24000,19200,80.00
20,582,CHEVIOT,EQ,12686,7036,55.46
20,583,CHOICEIN,EQ,451915,173632,38.42
20,584,CHOLAFIN,EQ,2013014,1018198,50.58
20,585,CHOLAHLDNG,EQ,307426,215222,70.01
20,586,CIEINDIA,EQ,118793,50639,42.63
20,587,CIGNITITEC,EQ,102036,45498,44.59
20,588,CINELINE,EQ,101865,57487,56.43
20,589,CINEVISTA,EQ,25523,19072,74.72
20,590,CIPLA,EQ,1318852,790377,59.93
20,591,CLEAN,EQ,154103,56002,36.34
20,592,CLOUD,ST,144000,143000,99.31
20,593,CLSEL,EQ,63745,27462,43.08
20,594,CLSL,SM,28000,22000,78.57
20,595,CMMIPL,SZ,84000,81000,96.43
20,596,CMNL,ST,12000,12000,100.00
20,597,CMRSL,SM,1600,1600,100.00
20,598,CMSINFO,EQ,304371,167717,55.10
20,599,COALINDIA,EQ,9439175,4250790,45.03
20,600,COASTCORP,EQ,16934,9876,58.32
20,601,COFORGE,EQ,417065,211537,50.72
20,602,COLPAL,EQ,371174,160774,43.31
20,603,COMMITTED,SM,264000,260800,98.79
20,604,COMMOIETF,EQ,37813,20511,54.24
20,605,COMPUSOFT,EQ,57203,30659,53.60
20,606,COMSYN,EQ,133540,44060,32.99
20,607,CONCOR,EQ,1334630,767597,57.51
20,608,CONCORDBIO,EQ,30840,17183,55.72
20,609,CONFIPET,EQ,744353,370539,49.78
20,610,CONS,EQ,2645,2055,77.69
20,611,CONSOFINVT,EQ,19159,11931,62.27
20,612,CONSUMBEES,EQ,120059,76888,64.04
20,613,CONSUMIETF,EQ,22040,10782,48.92
20,614,CONTI,ST,3333,3333,100.00
20,615,CONTROLPR,EQ,7351,4275,58.16
20,616,COOLCAPS,ST,27250,26500,97.25
20,617,CORDSCABLE,EQ,62292,30449,48.88
20,618,COROMANDEL,EQ,221661,113087,51.02
20,619,COSMOFIRST,EQ,69256,35742,51.61
20,620,COUNCODOS,EQ,1602779,552246,34.46
20,621,CPS,ST,2400,2400,100.00
20,622,CPSEETF,EQ,1677353,740699,44.16
20,623,CRAFTSMAN,EQ,104231,27665,26.54
20,624,CRAYONS,SM,16000,6000,37.50
20,625,CREATIVE,EQ,39707,19316,48.65
20,626,CREDITACC,EQ,213473,75600,35.41
20,627,CREST,EQ,13810,7151,51.78
20,628,CRISIL,EQ,494747,97216,19.65
20,629,CROMPTON,EQ,2084397,1191263,57.15
20,630,CSBBANK,EQ,123475,55940,45.30
20,631,CSLFINANCE,EQ,30769,16575,53.87
20,632,CTE,EQ,12363,5888,47.63
20,633,CUB,EQ,1296137,557191,42.99
20,634,CUBEXTUB,EQ,44953,23014,51.20
20,635,CUMMINSIND,EQ,280895,114217,40.66
20,636,CUPID,EQ,252254,145698,57.76
20,637,CYBERMEDIA,EQ,39714,18826,47.40
20,638,CYIENT,EQ,304689,162840,53.44
20,639,CYIENTDLM,EQ,220083,104160,47.33
20,640,DABUR,EQ,2205228,1056302,47.90
20,641,DALBHARAT,EQ,389729,125559,32.22
20,642,DALMIASUG,EQ,98186,53677,54.67
20,643,DAMODARIND,EQ,2987,1429,47.84
20,644,DANGEE,EQ,108559,72798,67.06
20,645,DANISH,SM,579000,221700,38.29
20,646,DATAMATICS,EQ,105029,57790,55.02
20,647,DATAPATTNS,EQ,168756,57608,34.14
20,648,DAVANGERE,EQ,988703,684338,69.22
20,649,DBCORP,EQ,103266,34208,33.13
20,650,DBEIL,EQ,3228813,663839,20.56
20,651,DBL,EQ,76362,30376,39.78
20,652,DBOL,EQ,96232,68248,70.92
20,653,DBREALTY,EQ,1221002,508716,41.66
20,654,DBSTOCKBRO,EQ,8850,1591,17.98
20,655,DCAL,EQ,3083842,509635,16.53
20,656,DCBBANK,EQ,1253103,547522,43.69
20,657,DCG,SM,39600,22800,57.58
20,658,DCI,EQ,20331,12589,61.92
20,659,DCM,EQ,5520226,694450,12.58
20,660,DCMNVL,EQ,73116,37237,50.93
20,661,DCMSHRIRAM,EQ,42971,19265,44.83
20,662,DCMSRIND,EQ,580708,242761,41.80
20,663,DCW,EQ,1522571,667729,43.86
20,664,DCXINDIA,EQ,897983,439005,48.89
20,665,DECCANCE,EQ,6299,3702,58.77
20,666,DECCANTRAN,ST,16800,16800,100.00
20,667,DEEDEV,EQ,216817,90751,41.86
20,668,DEEM,SM,19000,17000,89.47
20,669,DEEPAKFERT,EQ,836525,248903,29.75
20,670,DEEPAKNTR,EQ,208877,94162,45.08
20,671,DEEPINDS,EQ,277402,97059,34.99
20,672,DELAPLEX,SM,19800,15000,75.76
20,673,DELHIVERY,EQ,8140865,4488373,55.13
20,674,DELTACORP,EQ,1332613,473126,35.50
20,675,DELTAMAGNT,EQ,17428,9878,56.68
20,676,DEN,EQ,988177,402664,40.75
20,677,DENEERS,ST,4800,4800,100.00
20,678,DENORA,EQ,7897,4502,57.01
20,679,DENTALKART,SM,8250,6500,78.79
20,680,DEVIT,EQ,126901,53357,42.05
20,681,DEVYANI,EQ,992107,448622,45.22
20,682,DHAMPURSUG,EQ,172894,74622,43.16
20,683,DHANBANK,EQ,2963736,1424497,48.06
20,684,DHANI,EQ,5317846,2081320,39.14
20,685,DHANUKA,EQ,26573,14629,55.05
20,686,DHARIWAL,SM,4800,4800,100.00
20,687,DHARMAJ,EQ,57346,31893,55.62
20,688,DHRUV,EQ,18495,8726,47.18
20,689,DHTL,ST,7200,7200,100.00
20,690,DHUNINV,EQ,555,358,64.50
20,691,DIAMINESQ,EQ,4884,3267,66.89
20,692,DIAMONDYD,EQ,36454,18463,50.65
20,693,DICIND,EQ,20237,10192,50.36
20,694,DIFFNKG,EQ,191362,117639,61.47
20,695,DIGIDRIVE,EQ,248587,163157,65.63
20,696,DIGIKORE,ST,7200,7000,97.22
20,697,DISHTV,EQ,12814606,3206627,25.02
20,698,DIVGIITTS,EQ,34302,15565,45.38
20,699,DIVISLAB,EQ,445372,241890,54.31
20,700,DIVOPPBEES,EQ,55038,32218,58.54
20,701,DIVYADHAN,SM,12000,10000,83.33
20,702,DIXON,EQ,430818,83368,19.35
20,703,DJML,EQ,76780,54293,70.71
20,704,DLF,EQ,2141188,704429,32.90
20,705,DLINKINDIA,EQ,252673,74907,29.65
20,706,DMART,EQ,806508,413383,51.26
20,707,DMCC,EQ,196841,53675,27.27
20,708,DNAMEDIA,EQ,598484,216620,36.19
20,709,DODLA,EQ,20202,8322,41.19
20,710,DOLATALGO,EQ,853313,264865,31.04
20,711,DOLLAR,EQ,45281,22736,50.21
20,712,DOMS,EQ,128920,34098,26.45
20,713,DONEAR,EQ,193794,82359,42.50
20,714,DPABHUSHAN,EQ,57473,31599,54.98
20,715,DPEL,ST,46500,45000,96.77
20,716,DPSCLTD,EQ,147649,89065,60.32
20,717,DPWIRES,EQ,5135,2749,53.53
20,718,DRCSYSTEMS,EQ,299387,139536,46.61
20,719,DREAMFOLKS,EQ,133626,72314,54.12
20,720,DREDGECORP,EQ,14324,8509,59.40
20,721,DRONE,ST,26500,23000,86.79
20,722,DRREDDY,EQ,1258819,744366,59.13
20,723,DSSL,EQ,27570,16691,60.54
20,724,DTIL,EQ,355822,113622,31.93
20,725,DTL,SM,37200,30000,80.65
20,726,DUCOL,SM,10400,7200,69.23
20,727,DUCON,EQ,600135,344951,57.48
20,728,DUGLOBAL,SM,15000,15000,100.00
20,729,DURLAX,SM,40000,26000,65.00
20,730,DVL,EQ,91361,76969,84.25
20,731,DWARKESH,EQ,559690,204385,36.52
20,732,DYCL,EQ,84655,27877,32.93
20,733,DYNAMATECH,EQ,19269,5985,31.06
20,734,DYNAMIC,ST,12500,12500,100.00
20,735,DYNPRO,EQ,5873,3816,64.98
20,736,EASEMYTRIP,EQ,13827243,5193593,37.56
20,737,EBANKNIFTY,EQ,4870,2652,54.46
20,738,EBBETF0425,EQ,33864,25104,74.13
20,739,EBBETF0430,EQ,6424,4776,74.35
20,740,EBBETF0431,EQ,90599,68666,75.79
20,741,EBBETF0433,EQ,655,374,57.10
20,742,ECLERX,EQ,81182,39642,48.83
20,743,ECOSMOBLTY,EQ,244435,93142,38.11
20,744,EDELWEISS,EQ,1679379,737658,43.92
20,745,EFACTOR,ST,1600,1600,100.00
20,746,EFFWA,ST,56400,55600,98.58
20,747,EFORCE,SM,4800,3600,75.00
20,748,EGOLD,EQ,77935,75431,96.79
20,749,EICHERMOT,EQ,404369,211838,52.39
20,750,EIDPARRY,EQ,1168555,331130,28.34
20,751,EIEL,EQ,38029446,4360977,11.47
20,752,EIHAHOTELS,EQ,73641,23121,31.40
20,753,EIHOTEL,EQ,976403,285772,29.27
20,754,EIMCOELECO,EQ,9304,7158,76.93
20,755,EKC,EQ,591566,204631,34.59
20,756,ELDEHSG,EQ,2844,2211,77.74
20,757,ELECON,EQ,314870,161276,51.22
20,758,ELECTCAST,EQ,2342434,1040619,44.42
20,759,ELGIEQUIP,EQ,110109,58647,53.26
20,760,ELGIRUBCO,EQ,81031,34806,42.95
20,761,ELIN,EQ,100845,47419,47.02
20,762,EMAMILTD,EQ,1557629,946597,60.77
20,763,EMAMIPAP,EQ,236233,102497,43.39
20,764,EMBASSY,RR,1155068,1111160,96.20
20,765,EMBDL,EQ,4778784,1473192,30.83
20,766,EMCURE,EQ,103578,38676,37.34
20,767,EMIL,EQ,398842,172795,43.32
20,768,EMKAYTOOLS,ST,3000,2700,90.00
20,769,EMMBI,EQ,806870,287459,35.63
20,770,EMMIL,ST,9000,8750,97.22
20,771,EMSLIMITED,EQ,533021,214719,40.28
20,772,EMUDHRA,EQ,762546,170408,22.35
20,773,EMULTIMQ,EQ,18493,18334,99.14
20,774,ENDURANCE,EQ,46184,18044,39.07
20,775,ENERGYDEV,EQ,906059,497668,54.93
20,776,ENFUSE,ST,40200,33600,83.58
20,777,ENGINERSIN,EQ,2346018,800031,34.10
20,778,ENIL,EQ,18410,13303,72.26
20,779,ENSER,ST,12000,12000,100.00
20,780,ENTERO,EQ,21888,13090,59.80
20,781,ENVIRO,SM,266000,158000,59.40
20,782,EPIGRAL,EQ,52565,24509,46.63
20,783,EPL,EQ,796280,290606,36.50
20,784,EQUAL50ADD,EQ,6799,3191,46.93
20,785,EQUITASBNK,EQ,3152856,1627132,51.61
20,786,ERIS,EQ,123796,50692,40.95
20,787,ESABINDIA,EQ,2141,1314,61.37
20,788,ESAFSFB,EQ,387498,229129,59.13
20,789,ESCONET,ST,7200,6800,94.44
20,790,ESCORTS,EQ,137213,59274,43.20
20,791,ESFL,ST,46080,46080,100.00
20,792,ESG,EQ,15754,8730,55.41
20,793,ESILVER,EQ,3539,2949,83.33
20,794,ESPRIT,SM,16000,16000,100.00
20,795,ESTER,EQ,502496,203805,40.56
20,796,ETHOSLTD,EQ,23062,10665,46.24
20,797,ETML,ST,2371200,2242800,94.59
20,798,EUREKAFORB,EQ,163959,92323,56.31
20,799,EUROBOND,SM,4000,4000,100.00
20,800,EVEREADY,EQ,132719,56594,42.64
20,801,EVERESTIND,EQ,21112,11569,54.80
20,802,EVINDIA,EQ,405447,309765,76.40
20,803,EXCELINDUS,EQ,17720,8500,47.97
20,804,EXICOM,EQ,281289,117508,41.77
20,805,EXIDEIND,EQ,2211478,536933,24.28
20,806,EXPLEOSOL,EQ,33527,13556,40.43
20,807,EXXARO,EQ,7973475,3664673,45.96
20,808,FACT,EQ,497725,128987,25.92
20,809,FAIRCHEMOR,EQ,13762,6668,48.45
20,810,FALCONTECH,SM,4800,4800,100.00
20,811,FAZE3Q,EQ,10414,5950,57.13
20,812,FCL,EQ,185760,92832,49.97
20,813,FCSSOFT,EQ,3568860,1792688,50.23
20,814,FDC,EQ,86434,41923,48.50
20,815,FEDERALBNK,EQ,4333300,2115184,48.81
20,816,FEDFINA,EQ,461884,275923,59.74
20,817,FELIX,ST,172000,139000,80.81
20,818,FIBERWEB,EQ,177573,91492,51.52
20,819,FIDEL,SM,8000,5000,62.50
20,820,FIEMIND,EQ,46853,23868,50.94
20,821,FILATEX,EQ,2241637,833850,37.20
20,822,FINCABLES,EQ,120227,51084,42.49
20,823,FINEORG,EQ,10997,3624,32.95
20,824,FINIETF,EQ,158493,107177,67.62
20,825,FINOPB,EQ,165206,79328,48.02
20,826,FINPIPE,EQ,259932,132324,50.91
20,827,FIRSTCRY,EQ,301106,152802,50.75
20,828,FIVESTAR,EQ,572036,278007,48.60
20,829,FLAIR,EQ,127435,63436,49.78
20,830,FLUOROCHEM,EQ,75825,27728,36.57
20,831,FMCGIETF,EQ,1782778,1354145,75.96
20,832,FMGOETZE,EQ,69168,35705,51.62
20,833,FONEBOX,SM,7000,7000,100.00
20,834,FOODSIN,EQ,124768,74043,59.34
20,835,FORCAS,ST,81600,81600,100.00
20,836,FORCEMOT,EQ,21270,9334,43.88
20,837,FORGEAUTO,SM,28800,26400,91.67
20,838,FORTIS,EQ,1989778,1191425,59.88
20,839,FOSECOIND,EQ,1126,630,55.95
20,840,FRESHARA,SM,72000,37200,51.67
20,841,FROG,SM,11600,8800,75.86
20,842,FSL,EQ,4608088,1322786,28.71
20,843,FUSION,EQ,221496,90174,40.71
20,844,GABRIEL,EQ,761422,202985,26.66
20,845,GAEL,EQ,1145124,465482,40.65
20,846,GAIL,EQ,4879404,1544648,31.66
20,847,GALAPREC,EQ,50132,20260,40.41
20,848,GALAXYSURF,EQ,6665,3284,49.27
20,849,GANDHAR,EQ,723061,301354,41.68
20,850,GANDHITUBE,EQ,10199,7074,69.36
20,851,GANECOS,EQ,85606,45611,53.28
20,852,GANESHBE,EQ,134484,56586,42.08
20,853,GANESHHOUC,EQ,97694,43932,44.97
20,854,GANESHIN,ST,1726400,1328000,76.92
20,855,GANGESSECU,EQ,4477,2230,49.81
20,856,GARFIBRES,EQ,11131,4807,43.19
20,857,GARUDA,EQ,536208,211384,39.42
20,858,GATEWAY,EQ,1156779,463121,40.04
20,859,GEECEE,EQ,9363,4404,47.04
20,860,GEEKAYWIRE,EQ,42405,26203,61.79
20,861,GENCON,EQ,247901,107594,43.40
20,862,GENESYS,EQ,192964,85473,44.29
20,863,GENSOL,EQ,53141,27989,52.67
20,864,GENUSPAPER,EQ,181614,88707,48.84
20,865,GENUSPOWER,EQ,670358,330012,49.23
20,866,GEOJITFSL,EQ,511326,200829,39.28
20,867,GEPIL,EQ,137564,67884,49.35
20,868,GESHIP,EQ,274738,127705,46.48
20,869,GFLLIMITED,EQ,111841,45454,40.64
20,870,GGBL,SM,99600,64200,64.46
20,871,GHCL,EQ,579067,173149,29.90
20,872,GHCLTEXTIL,EQ,346422,143165,41.33
20,873,GICHSGFIN,EQ,262876,114205,43.44
20,874,GICL,SM,160500,151500,94.39
20,875,GICRE,EQ,1030397,371158,36.02
20,876,GILLANDERS,EQ,92334,52286,56.63
20,877,GILLETTE,EQ,25484,10542,41.37
20,878,GILT5YBEES,EQ,92128,67227,72.97
20,879,GINNIFILA,EQ,85070,45050,52.96
20,880,GIPCL,EQ,2094239,812953,38.82
20,881,GKWLIMITED,EQ,416,347,83.41
20,882,GLAND,EQ,80817,32620,40.36
20,883,GLAXO,EQ,69253,42900,61.95
20,884,GLENMARK,EQ,3382381,705987,20.87
20,885,GLOBAL,EQ,87688,48614,55.44
20,886,GLOBALPET,SM,15000,9000,60.00
20,887,GLOBE,EQ,3117655,2063938,66.20
20,888,GLOBUSSPR,EQ,104974,38117,36.31
20,889,GLOSTERLTD,EQ,1382,562,40.67
20,890,GLS,EQ,86659,40034,46.20
20,891,GMBREW,EQ,26195,13097,50.00
20,892,GMDCLTD,EQ,548752,176967,32.25
20,893,GMMPFAUDLR,EQ,47708,20536,43.05
20,894,GMRAIRPORT,EQ,7881359,3223528,40.90
20,895,GMRP&UI,EQ,800640,392009,48.96
20,896,GNA,EQ,46303,17600,38.01
20,897,GNFC,EQ,344135,113607,33.01
20,898,GOACARBON,EQ,53374,13414,25.13
20,899,GOCLCORP,EQ,27887,15622,56.02
20,900,GOCOLORS,EQ,13816,8242,59.66
20,901,GODAVARIB,EQ,258293,108307,41.93
20,902,GODFRYPHLP,EQ,51440,21603,42.00
20,903,GODIGIT,EQ,762566,312591,40.99
20,904,GODREJAGRO,EQ,121377,54776,45.13
20,905,GODREJCP,EQ,2883674,2147994,74.49
20,906,GODREJIND,EQ,61572,18972,30.81
20,907,GODREJPROP,EQ,1164104,576861,49.55
20,908,GOKEX,EQ,1011452,514699,50.89
20,909,GOKULAGRO,EQ,198376,91956,46.35
20,910,GOLD1,EQ,289324,262738,90.81
20,911,GOLDBEES,EQ,9894872,7112634,71.88
20,912,GOLDCASE,EQ,696582,561638,80.63
20,913,GOLDETF,EQ,204584,147400,72.05
20,914,GOLDETFADD,EQ,20069,18296,91.17
20,915,GOLDIAM,EQ,655035,253120,38.64
20,916,GOLDIETF,EQ,1311713,911439,69.48
20,917,GOLDSHARE,EQ,162413,142627,87.82
20,918,GOLDSTAR,SM,33750,22500,66.67
20,919,GOODLUCK,EQ,77516,39956,51.55
20,920,GOPAL,EQ,682960,207968,30.45
20,921,GOYALALUM,EQ,300329,174107,57.97
20,922,GOYALSALT,SM,21000,15600,74.29
20,923,GPECO,ST,43200,35400,81.94
20,924,GPIL,EQ,3414933,1049983,30.75
20,925,GPPL,EQ,987642,465387,47.12
20,926,GPTHEALTH,EQ,608023,257732,42.39
20,927,GPTINFRA,EQ,191883,98756,51.47
20,928,GRANULES,EQ,4239283,1280765,30.21
20,929,GRAPHISAD,ST,7200,7200,100.00
20,930,GRAPHITE,EQ,1442930,275568,19.10
20,931,GRASIM,EQ,412267,217142,52.67
20,932,GRAVITA,EQ,483478,297988,61.63
20,933,GRCL,ST,250,250,100.00
20,934,GREAVESCOT,EQ,6243785,1390858,22.28
20,935,GREENCHEF,SM,8000,7200,90.00
20,936,GREENLAM,EQ,17395,7030,40.41
20,937,GREENPANEL,EQ,214665,76856,35.80
20,938,GREENPLY,EQ,243645,49247,20.21
20,939,GREENPOWER,EQ,4294936,1636175,38.10
20,940,GRINDWELL,EQ,16836,7778,46.20
20,941,GRINFRA,EQ,84747,17825,21.03
20,942,GRMOVER,EQ,56515,28658,50.71
20,943,GROWWDEFNC,EQ,107071,71917,67.17
20,944,GROWWEV,EQ,396152,239129,60.36
20,945,GROWWGOLD,EQ,48631,29220,60.09
20,946,GROWWLIQID,EQ,37558,22457,59.79
20,947,GRPLTD,EQ,3617,2733,75.56
20,948,GRSE,EQ,508368,152566,30.01
20,949,GRWRHITECH,EQ,57872,25781,44.55
20,950,GSEC10ABSL,EQ,41,41,100.00
20,951,GSEC10IETF,EQ,1282,1251,97.58
20,952,GSEC10YEAR,EQ,7883,7295,92.54
20,953,GSEC5IETF,EQ,6408,6268,97.82
20,954,GSFC,EQ,1593545,735513,46.16
20,955,GSLSU,EQ,76378,44332,58.04
20,956,GSMFOILS,ST,96000,92000,95.83
20,957,GSPL,EQ,429392,149182,34.74
20,958,GSS,EQ,72320,45589,63.04
20,959,GSTL,SM,32000,29000,90.63
20,960,GTL,EQ,4213458,998019,23.69
20,961,GTLINFRA,EQ,65708319,21161511,32.21
20,962,GTPL,EQ,19863,12924,65.07
20,963,GUFICBIO,EQ,30461,15242,50.04
20,964,GUJALKALI,EQ,50398,20389,40.46
20,965,GUJAPOLLO,EQ,10711,7262,67.80
20,966,GUJGASLTD,EQ,298884,76774,25.69
20,967,GUJRAFFIA,EQ,45654,23798,52.13
20,968,GULFOILLUB,EQ,62464,23869,38.21
20,969,GULFPETRO,EQ,300514,171248,56.99
20,970,GULPOLY,EQ,108821,56777,52.17
20,971,GVPTECH,EQ,89513,62623,69.96
20,972,HAL,EQ,3312042,1119794,33.81
20,973,HAPPSTMNDS,EQ,180268,81351,45.13
20,974,HAPPYFORGE,EQ,36816,26248,71.30
20,975,HARDWYN,EQ,1172246,596275,50.87
20,976,HARIOMPIPE,EQ,68837,40536,58.89
20,977,HARSHA,EQ,259470,75207,28.98
20,978,HATHWAY,EQ,3044711,1082868,35.57
20,979,HATSUN,EQ,63085,36225,57.42
20,980,HAVELLS,EQ,900553,405836,45.07
20,981,HBLPOWER,EQ,6924717,1445736,20.88
20,982,HBSL,EQ,44216,20986,47.46
20,983,HCC,EQ,48108632,13717270,28.51
20,984,HCG,EQ,152018,78907,51.91
20,985,HCLTECH,EQ,2569918,1366673,53.18
20,986,HDFCAMC,EQ,191648,81333,42.44
20,987,HDFCBANK,EQ,9504501,4985509,52.45
20,988,HDFCBSE500,EQ,16470,11244,68.27
20,989,HDFCGOLD,EQ,1146888,982792,85.69
20,990,HDFCGROWTH,EQ,15263,5202,34.08
20,991,HDFCLIFE,EQ,2573194,1362302,52.94
20,992,HDFCLIQUID,EQ,837,742,88.65
20,993,HDFCLOWVOL,EQ,29411,22546,76.66
20,994,HDFCMID150,EQ,200393,122610,61.18
20,995,HDFCMOMENT,EQ,170234,112875,66.31
20,996,HDFCNEXT50,EQ,76976,50006,64.96
20,997,HDFCNIF100,EQ,31466,17617,55.99
20,998,HDFCNIFBAN,EQ,42294,33350,78.85
20,999,HDFCNIFIT,EQ,40011,28937,72.32
20,1000,HDFCNIFTY,EQ,42747,23382,54.70
20,1001,HDFCPSUBK,EQ,19198,8423,43.87
20,1002,HDFCPVTBAN,EQ,117408,96018,81.78
20,1003,HDFCQUAL,EQ,17599,8196,46.57
20,1004,HDFCSENSEX,EQ,31194,26102,83.68
20,1005,HDFCSILVER,EQ,1362438,974518,71.53
20,1006,HDFCSML250,EQ,625761,386745,61.80
20,1007,HDFCVALUE,EQ,31082,27553,88.65
20,1008,HEADSUP,EQ,36272,19333,53.30
20,1009,HEALTHADD,EQ,425,330,77.65
20,1010,HEALTHIETF,EQ,56047,32511,58.01
20,1011,HEALTHY,EQ,142423,80632,56.61
20,1012,HEG,EQ,5296029,578951,10.93
20,1013,HEIDELBERG,EQ,123983,45346,36.57
20,1014,HEMIPROP,EQ,438263,201949,46.08
20,1015,HERANBA,EQ,84177,45335,53.86
20,1016,HERITGFOOD,EQ,393781,223758,56.82
20,1017,HEROMOTOCO,EQ,552194,343127,62.14
20,1018,HESTERBIO,EQ,2746,1718,62.56
20,1019,HEUBACHIND,EQ,42350,23028,54.38
20,1020,HEXATRADEX,EQ,20452,18558,90.74
20,1021,HFCL,EQ,10459452,2788770,26.66
20,1022,HGINFRA,EQ,88120,35333,40.10
20,1023,HGS,EQ,22904,11774,51.41
20,1024,HIGREEN,ST,11200,10400,92.86
20,1025,HIKAL,EQ,453892,175057,38.57
20,1026,HIL,EQ,4826,2611,54.10
20,1027,HILTON,EQ,2058323,703360,34.17
20,1028,HIMATSEIDE,EQ,3201269,981754,30.67
20,1029,HINDALCO,EQ,4198819,1829943,43.58
20,1030,HINDCOMPOS,EQ,64888,14769,22.76
20,1031,HINDCOPPER,EQ,3364902,957158,28.45
20,1032,HINDOILEXP,EQ,702754,315359,44.87
20,1033,HINDPETRO,EQ,7106881,3144211,44.24
20,1034,HINDUNILVR,EQ,2260902,1225042,54.18
20,1035,HINDWAREAP,EQ,655340,455040,69.44
20,1036,HINDZINC,EQ,1092238,529988,48.52
20,1037,HIRECT,EQ,45550,20194,44.33
20,1038,HISARMETAL,EQ,7301,4459,61.07
20,1039,HITECH,EQ,522738,233601,44.69
20,1040,HITECHCORP,EQ,11772,7744,65.78
20,1041,HLEGLAS,EQ,70233,37501,53.40
20,1042,HLVLTD,EQ,696176,346516,49.77
20,1043,HMAAGRO,EQ,1003767,614557,61.23
20,1044,HMVL,EQ,48127,25930,53.88
20,1045,HNDFDS,EQ,39533,18836,47.65
20,1046,HNGSNGBEES,EQ,265830,132860,49.98
20,1047,HOACFOODS,SM,3000,1500,50.00
20,1048,HOLMARC,ST,7500,6000,80.00
20,1049,HOMEFIRST,EQ,291377,156529,53.72
20,1050,HOMESFY,SM,600,600,100.00
20,1051,HONASA,EQ,1180735,466948,39.55
20,1052,HONAUT,EQ,4473,1778,39.75
20,1053,HONDAPOWER,EQ,3295,1614,48.98
20,1054,HOVS,EQ,13962,5594,40.07
20,1055,HPAL,EQ,127732,84772,66.37
20,1056,HPIL,EQ,1952,1451,74.33
20,1057,HPL,EQ,326372,120056,36.79
20,1058,HRHNEXT,ST,3000,3000,100.00
20,1059,HSCL,EQ,789580,304115,38.52
20,1060,HTMEDIA,EQ,158170,73653,46.57
20,1061,HUDCO,EQ,4712524,1592789,33.80
20,1062,HUHTAMAKI,EQ,82650,34730,42.02
20,1063,HVAX,SM,9000,6000,66.67
20,1064,HYUNDAI,EQ,569711,388217,68.14
20,1065,IBLFL,ST,60000,56000,93.33
20,1066,ICDSLTD,EQ,32034,18331,57.22
20,1067,ICEMAKE,EQ,34822,19121,54.91
20,1068,ICICIB22,EQ,650737,373380,57.38
20,1069,ICICIBANK,EQ,13536684,8805261,65.05
20,1070,ICICIGI,EQ,467454,246066,52.64
20,1071,ICICIPRULI,EQ,828354,537984,64.95
20,1072,ICIL,EQ,1078019,330739,30.68
20,1073,ICRA,EQ,4533,1316,29.03
20,1074,IDBI,EQ,10253534,3982695,38.84
20,1075,IDEA,EQ,489885434,86709227,17.70
20,1076,IDEAFORGE,EQ,139118,52908,38.03
20,1077,IDEALTECHO,SM,4000,4000,100.00
20,1078,IDFCFIRSTB,EQ,17510959,5836470,33.33
20,1079,IDFNIFTYET,EQ,286,189,66.08
20,1080,IEML,SM,4000,4000,100.00
20,1081,IEX,EQ,5140628,2306450,44.87
20,1082,IFBAGRO,EQ,13148,5310,40.39
20,1083,IFBIND,EQ,37491,15154,40.42
20,1084,IFCI,EQ,9393502,2494047,26.55
20,1085,IFCIZC25,NM,7,7,100.00
20,1086,IFGLEXPOR,EQ,16869,13339,79.07
20,1087,IGARASHI,EQ,88795,31491,35.46
20,1088,IGL,EQ,4269375,1295906,30.35
20,1089,IGPL,EQ,13285,6447,48.53
20,1090,IIFL,EQ,3510631,1530325,43.59
20,1091,IIFLCAPS,EQ,477700,243012,50.87
20,1092,IIFLZC25,ND,10,10,100.00
20,1093,IIFLZC25A,NP,160,160,100.00
20,1094,IIFLZC25C,N8,44,44,100.00
20,1095,IKIO,EQ,55056,22966,41.71
20,1096,IMAGICAA,EQ,661653,299711,45.30
20,1097,IMC1,N0,41,41,100.00
20,1098,IMC1,N3,16,16,100.00
20,1099,IMFA,EQ,102377,40233,39.30
20,1100,IMPAL,EQ,1927,1504,78.05
20,1101,INCREDIBLE,EQ,3284,1719,52.34
20,1102,INDBANK,EQ,99627,40700,40.85
20,1103,INDGN,EQ,470202,260299,55.36
20,1104,INDHOTEL,EQ,2675004,1239649,46.34
20,1105,INDIACEM,EQ,381586,153696,40.28
20,1106,INDIAGLYCO,EQ,271351,63157,23.28
20,1107,INDIAMART,EQ,164204,67851,41.32
20,1108,INDIANB,EQ,983789,292652,29.75
20,1109,INDIANCARD,EQ,25153,13335,53.02
20,1110,INDIANHUME,EQ,40676,16252,39.95
20,1111,INDIASHLTR,EQ,201511,159101,78.95
20,1112,INDIGO,EQ,401395,265970,66.26
20,1113,INDIGOPNTS,EQ,54606,25535,46.76
20,1114,INDIGRID,IV,1845195,1508835,81.77
20,1115,INDNIPPON,EQ,13543,7087,52.33
20,1116,INDOAMIN,EQ,623130,167174,26.83
20,1117,INDOBORAX,EQ,84445,36092,42.74
20,1118,INDOCO,EQ,83567,49522,59.26
20,1119,INDORAMA,EQ,85564,42472,49.64
20,1120,INDOSTAR,EQ,172253,89934,52.21
20,1121,INDOUS,EQ,54202,23324,43.03
20,1122,INDOWIND,EQ,463632,175071,37.76
20,1123,INDRAMEDCO,EQ,265809,127460,47.95
20,1124,INDSWFTLTD,EQ,282807,149142,52.74
20,1125,INDTERRAIN,EQ,69087,24801,35.90
20,1126,INDUSINDBK,EQ,5674567,2408754,42.45
20,1127,INDUSTOWER,EQ,13444504,7580800,56.39
20,1128,INFIBEAM,EQ,4357125,1697716,38.96
20,1129,INFINIUM,ST,2000,2000,100.00
20,1130,INFOBEAN,EQ,12840,5685,44.28
20,1131,INFOLLION,ST,3200,3200,100.00
20,1132,INFOMEDIA,EQ,48337,39391,81.49
20,1133,INFRABEES,EQ,11671,6594,56.50
20,1134,INFRAIETF,EQ,64173,35211,54.87
20,1135,INFY,EQ,5362693,2730177,50.91
20,1136,INGERRAND,EQ,10386,5057,48.69
20,1137,INM,SM,13800,13800,100.00
20,1138,INNOMET,SM,3600,2400,66.67
20,1139,INNOVACAP,EQ,84116,34599,41.13
20,1140,INNOVANA,SM,5200,4800,92.31
20,1141,INOXGREEN,EQ,1064952,327443,30.75
20,1142,INOXINDIA,EQ,54510,17626,32.34
20,1143,INOXWIND,EQ,6241747,2460793,39.42
20,1144,INSECTICID,EQ,28929,15588,53.88
20,1145,INSPIRE,SM,6000,6000,100.00
20,1146,INSPIRISYS,EQ,17984,10297,57.26
20,1147,INTELLECT,EQ,247540,119113,48.12
20,1148,INTENTECH,EQ,36723,15691,42.73
20,1149,INTERARCH,EQ,630892,230123,36.48
20,1150,INTLCONV,EQ,214892,104165,48.47
20,1151,INVENTURE,EQ,2481374,1495649,60.28
20,1152,IOB,EQ,15192346,3706214,24.40
20,1153,IOC,EQ,36825429,8588029,23.32
20,1154,IOLCP,EQ,395287,140886,35.64
20,1155,IONEXCHANG,EQ,340533,158099,46.43
20,1156,IPCALAB,EQ,111607,33536,30.05
20,1157,IPHL,ST,13200,13200,100.00
20,1158,IPL,EQ,312076,92361,29.60
20,1159,IRB,EQ,56753908,8998413,15.86
20,1160,IRBINVIT,IV,160491,141416,88.11
20,1161,IRCON,EQ,5757348,1505233,26.14
20,1162,IRCTC,EQ,1034298,280438,27.11
20,1163,IREDA,EQ,5854750,1821374,31.11
20,1164,IRFC,EQ,27371411,6513692,23.80
20,1165,IRISDOREME,EQ,114285,33238,29.08
20,1166,IRMENERGY,EQ,23720,12999,54.80
20,1167,ISEC,EQ,209704,85678,40.86
20,1168,ISGEC,EQ,324175,74635,23.02
20,1169,ISHAN,ST,384000,384000,100.00
20,1170,IT,EQ,60833,40288,66.23
20,1171,ITBEES,EQ,5782584,3142188,54.34
20,1172,ITC,EQ,31753858,17512410,55.15
20,1173,ITDC,EQ,26194,10776,41.14
20,1174,ITDCEM,EQ,435763,249006,57.14
20,1175,ITETF,EQ,132382,81660,61.69
20,1176,ITETFADD,EQ,18030,13147,72.92
20,1177,ITI,EQ,5960515,532831,8.94
20,1178,ITIETF,EQ,445939,226026,50.69
20,1179,IVC,EQ,331694,185253,55.85
20,1180,IVP,EQ,10136,4691,46.28
20,1181,IVZINGOLD,EQ,435,334,76.78
20,1182,IVZINNIFTY,EQ,38,32,84.21
20,1183,IWEL,EQ,14208,10820,76.15
20,1184,IXIGO,EQ,984645,345175,35.06
20,1185,IZMO,EQ,733548,165127,22.51
20,1186,JAGRAN,EQ,90151,55609,61.68
20,1187,JAGSNPHARM,EQ,95436,18018,18.88
20,1188,JAIBALAJI,EQ,71446,36431,50.99
20,1189,JAICORPLTD,EQ,942178,265367,28.17
20,1190,JAINAM,ST,9000,9000,100.00
20,1191,JAIPURKURT,EQ,56633,25601,45.21
20,1192,JALAN,ST,243000,216000,88.89
20,1193,JAMNAAUTO,EQ,591582,313990,53.08
20,1194,JASH,EQ,152635,84902,55.62
20,1195,JAYAGROGN,EQ,12819,7484,58.38
20,1196,JAYBARMARU,EQ,103904,56159,54.05
20,1197,JAYBEE,ST,81000,73000,90.12
20,1198,JAYNECOIND,EQ,147755,77157,52.22
20,1199,JAYSREETEA,EQ,1588769,392363,24.70
20,1200,JBCHEPHARM,EQ,405684,319670,78.80
20,1201,JBMA,EQ,1722216,98956,5.75
20,1202,JCHAC,EQ,77489,49842,64.32
20,1203,JETFREIGHT,EQ,127520,86973,68.20
20,1204,JEYYAM,SM,142000,96000,67.61
20,1205,JGCHEM,EQ,373822,130179,34.82
20,1206,JHS,EQ,203258,107359,52.82
20,1207,JINDALPHOT,EQ,34837,15748,45.20
20,1208,JINDALPOLY,EQ,102861,30256,29.41
20,1209,JINDALSAW,EQ,768740,331431,43.11
20,1210,JINDALSTEL,EQ,1575356,649528,41.23
20,1211,JINDRILL,EQ,53690,26402,49.17
20,1212,JINDWORLD,EQ,193686,56673,29.26
20,1213,JIOFIN,EQ,9126606,3796056,41.59
20,1214,JISLDVREQS,EQ,206433,78743,38.14
20,1215,JISLJALEQS,EQ,11484975,3118000,27.15
20,1216,JITFINFRA,EQ,61981,41171,66.43
20,1217,JIWANRAM,SM,18000,12000,66.67
20,1218,J&KBANK,EQ,1850781,712440,38.49
20,1219,JKCEMENT,EQ,117166,55954,47.76
20,1220,JKIL,EQ,156517,64170,41.00
20,1221,JKLAKSHMI,EQ,130881,44893,34.30
20,1222,JKPAPER,EQ,424406,168959,39.81
20,1223,JKTYRE,EQ,1378685,253486,18.39
20,1224,JLHL,EQ,65483,47390,72.37
20,1225,JMA,EQ,8930,4218,47.23
20,1226,JMFINANCIL,EQ,4225126,1148429,27.18
20,1227,JNKINDIA,EQ,67499,30147,44.66
20,1228,JOCIL,EQ,17651,11424,64.72
20,1229,JPOLYINVST,EQ,27030,10789,39.91
20,1230,JPPOWER,EQ,54553946,14949819,27.40
20,1231,JSFB,EQ,671854,482726,71.85
20,1232,JSL,EQ,548032,225872,41.22
20,1233,JSLL,SM,15030,8640,57.49
20,1234,JSWENERGY,EQ,1909847,742327,38.87
20,1235,JSWINFRA,EQ,4499523,1319282,29.32
20,1236,JSWSTEEL,EQ,2444182,614875,25.16
20,1237,JTEKTINDIA,EQ,60593,37462,61.83
20,1238,JTLIND,EQ,676973,315592,46.62
20,1239,JUBLFOOD,EQ,3220903,699598,21.72
20,1240,JUBLINGREA,EQ,951108,245142,25.77
20,1241,JUBLPHARMA,EQ,129760,68489,52.78
20,1242,JUNIORBEES,EQ,269120,139928,51.99
20,1243,JUNIPER,EQ,137954,69128,50.11
20,1244,JUSTDIAL,EQ,356871,169969,47.63
20,1245,JWL,EQ,3756338,721621,19.21
20,1246,JYOTHYLAB,EQ,454544,239534,52.70
20,1247,JYOTICNC,EQ,263182,129538,49.22
20,1248,JYOTISTRUC,EQ,6469456,2880572,44.53
20,1249,K2INFRA,SM,45600,28200,61.84
20,1250,KABRAEXTRU,EQ,77984,38242,49.04
20,1251,KAJARIACER,EQ,229802,155201,67.54
20,1252,KAKATCEM,EQ,2352,1582,67.26
20,1253,KALAMANDIR,EQ,301368,148950,49.42
20,1254,KALANA,SM,24000,16000,66.67
20,1255,KALYANKJIL,EQ,3505764,959583,27.37
20,1256,KAMATHOTEL,EQ,91698,49991,54.52
20,1257,KAMDHENU,EQ,108156,56796,52.51
20,1258,KANANIIND,EQ,213335,140313,65.77
20,1259,KANDARP,ST,36000,36000,100.00
20,1260,KANORICHEM,EQ,71986,44354,61.61
20,1261,KANPRPLA,EQ,10938,5825,53.25
20,1262,KANSAINER,EQ,315165,185954,59.00
20,1263,KAPSTON,EQ,5527,3526,63.80
20,1264,KARMAENG,EQ,16471,6399,38.85
20,1265,KARNIKA,ST,13600,13600,100.00
20,1266,KARURVYSYA,EQ,952320,357642,37.55
20,1267,KATARIA,SM,29400,19200,65.31
20,1268,KAUSHALYA,EQ,1336,777,58.16
20,1269,KAYNES,EQ,526445,99940,18.98
20,1270,KBCGLOBAL,EQ,11856288,2653562,22.38
20,1271,KCEIL,SM,338500,213000,62.92
20,1272,KCP,EQ,560291,246192,43.94
20,1273,KCPSUGIND,EQ,118817,65908,55.47
20,1274,KDDL,EQ,7007,2748,39.22
20,1275,KDL,ST,8000,6650,83.13
20,1276,KEC,EQ,390843,147996,37.87
20,1277,KECL,EQ,527331,145203,27.54
20,1278,KEI,EQ,221922,148510,66.92
20,1279,KEL,ST,7200,7200,100.00
20,1280,KELLTONTEC,EQ,1246280,475526,38.16
20,1281,KERNEX,EQ,662416,381454,57.59
20,1282,KESORAMIND,EQ,2104523,1274088,60.54
20,1283,KFINTECH,EQ,295724,111879,37.83
20,1284,KHADIM,EQ,12345,7335,59.42
20,1285,KHAICHEM,EQ,130736,49239,37.66
20,1286,KHAITANLTD,EQ,6407,3247,50.68
20,1287,KHANDSE,EQ,11949,7388,61.83
20,1288,KHFM,SM,1550,1550,100.00
20,1289,KICL,EQ,2705,1254,46.36
20,1290,KILITCH,EQ,5260,2841,54.01
20,1291,KIMS,EQ,940730,766697,81.50
20,1292,KINGFA,EQ,5672,2039,35.95
20,1293,KIOCL,EQ,31917,10421,32.65
20,1294,KIRIINDUS,EQ,1487408,651392,43.79
20,1295,KIRLOSBROS,EQ,187633,58543,31.20
20,1296,KIRLOSENG,EQ,174630,83171,47.63
20,1297,KIRLOSIND,EQ,1977,1060,53.62
20,1298,KIRLPNU,EQ,92329,49198,53.29
20,1299,KKCL,EQ,63617,43353,68.15
20,1300,KLL,SM,20000,15200,76.00
20,1301,KMEW,EQ,10177,5430,53.36
20,1302,KMSUGAR,EQ,113480,53519,47.16
20,1303,KNAGRI,ST,3600,3600,100.00
20,1304,KNRCON,EQ,605875,256865,42.40
20,1305,KODYTECH,SM,21500,14100,65.58
20,1306,KOHINOOR,EQ,56635,32658,57.66
20,1307,KOKUYOCMLN,EQ,39831,21905,54.99
20,1308,KOLTEPATIL,EQ,178239,85740,48.10
20,1309,KONSTELEC,ST,33000,31000,93.94
20,1310,KONTOR,ST,6600,6600,100.00
20,1311,KORE,ST,750,750,100.00
20,1312,KOTAKBANK,EQ,3893531,2522056,64.78
20,1313,KOTARISUG,EQ,65454,39287,60.02
20,1314,KOTHARIPET,EQ,98605,37435,37.96
20,1315,KOTHARIPRO,EQ,29541,19747,66.85
20,1316,KOTYARK,SM,27000,19300,71.48
20,1317,KPEL,EQ,131074,71911,54.86
20,1318,KPIGREEN,EQ,262373,134556,51.28
20,1319,KPIL,EQ,585046,165634,28.31
20,1320,KPITTECH,EQ,800589,330483,41.28
20,1321,KPRMILL,EQ,2673226,521620,19.51
20,1322,KRBL,EQ,633903,245828,38.78
20,1323,KRISHANA,EQ,29483,16742,56.79
20,1324,KRISHCA,SM,40000,25000,62.50
20,1325,KRISHIVAL,SM,5500,5000,90.91
20,1326,KRISHNADEF,ST,62500,55750,89.20
20,1327,KRITINUT,EQ,118982,70586,59.32
20,1328,KRN,EQ,456186,137512,30.14
20,1329,KRONOX,EQ,229540,87609,38.17
20,1330,KROSS,EQ,406475,137082,33.72
20,1331,KRSNAA,EQ,75235,38879,51.68
20,1332,KRYSTAL,EQ,99935,41163,41.19
20,1333,KSB,EQ,223214,128108,57.39
20,1334,KSCL,EQ,59201,23506,39.71
20,1335,KSHITIJPOL,EQ,446544,265512,59.46
20,1336,KSL,EQ,198726,92881,46.74
20,1337,KSOLVES,EQ,95304,32123,33.71
20,1338,KTKBANK,EQ,1921821,1174501,61.11
20,1339,KUANTUM,EQ,117232,63256,53.96
20,1340,LAGNAM,EQ,14613,6648,45.49
20,1341,LAKSHYA,SM,114400,70400,61.54
20,1342,LALPATHLAB,EQ,219939,124824,56.75
20,1343,LAMBODHARA,EQ,133769,67494,50.46
20,1344,LAMOSAIC,SM,365400,216600,59.28
20,1345,LANCORHOL,EQ,32035,16669,52.03
20,1346,LANDMARK,EQ,57437,45000,78.35
20,1347,LAOPALA,EQ,99735,44113,44.23
20,1348,LATENTVIEW,EQ,579106,222391,38.40
20,1349,LAURUSLABS,EQ,1866719,677562,36.30
20,1350,LAWSIKHO,SM,27500,20000,72.73
20,1351,LAXMICOT,EQ,28002,16016,57.20
20,1352,LEMERITE,ST,45600,45600,100.00
20,1353,LEMONTREE,EQ,9290499,2766241,29.77
20,1354,LEXUS,EQ,63655,22263,34.97
20,1355,LGBBROSLTD,EQ,19339,10923,56.48
20,1356,LGHL,EQ,23632,11655,49.32
20,1357,LIBAS,EQ,37391,29241,78.20
20,1358,LIBERTSHOE,EQ,18437,12084,65.54
20,1359,LICHSGFIN,EQ,1514800,559691,36.95
20,1360,LICI,EQ,1275193,300456,23.56
20,1361,LICMFGOLD,EQ,1344,1218,90.63
20,1362,LICNETFGSC,EQ,10242,5018,48.99
20,1363,LICNETFN50,EQ,1105,783,70.86
20,1364,LICNETFSEN,EQ,234,168,71.79
20,1365,LICNFNHGP,EQ,1495,1075,71.91
20,1366,LICNMID100,EQ,12039,6782,56.33
20,1367,LIKHITHA,EQ,75755,33888,44.73
20,1368,LINC,EQ,90996,50668,55.68
20,1369,LINCOLN,EQ,52374,23007,43.93
20,1370,LINDEINDIA,EQ,39978,15188,37.99
20,1371,LIQUID,EQ,376498,164282,43.63
20,1372,LIQUID1,EQ,94369,72492,76.82
20,1373,LIQUIDADD,EQ,775933,497008,64.05
20,1374,LIQUIDBEES,EQ,3225545,2503625,77.62
20,1375,LIQUIDBETF,EQ,4033,3979,98.66
20,1376,LIQUIDCASE,EQ,5266995,4063198,77.14
20,1377,LIQUIDETF,EQ,73330,46299,63.14
20,1378,LIQUIDIETF,EQ,355592,216002,60.74
20,1379,LIQUIDPLUS,EQ,2169,1811,83.49
20,1380,LIQUIDSBI,EQ,4815,3368,69.95
20,1381,LIQUIDSHRI,EQ,17626,16851,95.60
20,1382,LLOYDS,SM,8000,7000,87.50
20,1383,LLOYDSENGG,EQ,6979371,3057000,43.80
20,1384,LLOYDSENT,EQ,1103207,539264,48.88
20,1385,LLOYDSME,EQ,500424,247556,49.47
20,1386,LMW,EQ,5357,1746,32.59
20,1387,LODHA,EQ,1488375,676017,45.42
20,1388,LOKESHMACH,EQ,69913,48455,69.31
20,1389,LORDSCHLO,EQ,137072,74155,54.10
20,1390,LOVABLE,EQ,26597,17448,65.60
20,1391,LOWVOL,EQ,302,235,77.81
20,1392,LOWVOL1,EQ,56829,21449,37.74
20,1393,LOWVOLIETF,EQ,4459462,3794856,85.10
20,1394,LRRPL,ST,48000,46500,96.88
20,1395,LT,EQ,2300361,1002507,43.58
20,1396,LTF,EQ,5363914,1949070,36.34
20,1397,LTFOODS,EQ,957784,267015,27.88
20,1398,LTGILTBEES,EQ,2109939,1651065,78.25
20,1399,LTIM,EQ,338031,162279,48.01
20,1400,LTTS,EQ,126645,41099,32.45
20,1401,LUMAXIND,EQ,1949,896,45.97
20,1402,LUMAXTECH,EQ,587918,315173,53.61
20,1403,LUPIN,EQ,487069,215483,44.24
20,1404,LUXIND,EQ,126545,44686,35.31
20,1405,LXCHEM,EQ,555244,252316,45.44
20,1406,LYKALABS,EQ,215276,83510,38.79
20,1407,MACOBSTECH,SM,4800,4000,83.33
20,1408,MACPOWER,EQ,25904,13781,53.20
20,1409,MADHAV,EQ,56043,22400,39.97
20,1410,MADHAVBAUG,SM,2000,2000,100.00
20,1411,MADHUSUDAN,SM,25000,18000,72.00
20,1412,MADRASFERT,EQ,160643,48035,29.90
20,1413,MAFANG,EQ,1158582,757283,65.36
20,1414,MAGADSUGAR,EQ,8110,4158,51.27
20,1415,MAGNUM,EQ,113974,78405,68.79
20,1416,MAGSON,SM,4000,4000,100.00
20,1417,MAHABANK,EQ,14020467,4179060,29.81
20,1418,MAHAPEXLTD,EQ,18621,6707,36.02
20,1419,MAHEPC,EQ,35309,19207,54.40
20,1420,MAHESHWARI,EQ,31673,18069,57.05
20,1421,MAHICKRA,SM,21000,21000,100.00
20,1422,MAHKTECH,EQ,1028573,639752,62.20
20,1423,MAHLIFE,EQ,201170,102939,51.17
20,1424,MAHLOG,EQ,170360,79874,46.89
20,1425,MAHSCOOTER,EQ,12915,6017,46.59
20,1426,MAHSEAMLES,EQ,631915,179569,28.42
20,1427,MAITHANALL,EQ,32504,16083,49.48
20,1428,MAITREYA,ST,6000,5600,93.33
20,1429,MAKEINDIA,EQ,24810,19271,77.67
20,1430,MAKS,SM,6000,6000,100.00
20,1431,MAL,SM,72000,20800,28.89
20,1432,MALUPAPER,EQ,77311,23813,30.80
20,1433,MANAKALUCO,EQ,47223,16761,35.49
20,1434,MANAKSIA,EQ,43112,19663,45.61
20,1435,MANAKSTEEL,EQ,155083,74440,48.00
20,1436,MANALIPETC,EQ,193372,73929,38.23
20,1437,MANAPPURAM,EQ,21611511,5951596,27.54
20,1438,MANBA,EQ,634449,219040,34.52
20,1439,MANCREDIT,EQ,34875,9784,28.05
20,1440,MANDEEP,SM,6000,6000,100.00
20,1441,MANGALAM,EQ,21811,13094,60.03
20,1442,MANGCHEFER,EQ,162905,86749,53.25
20,1443,MANGLMCEM,EQ,50327,20971,41.67
20,1444,MANINDS,EQ,216421,89589,41.40
20,1445,MANINFRA,EQ,707067,316291,44.73
20,1446,MANKIND,EQ,777744,441845,56.81
20,1447,MANOMAY,EQ,2879,2053,71.31
20,1448,MANORAMA,EQ,34763,18823,54.15
20,1449,MANUGRAPH,EQ,12337,7792,63.16
20,1450,MANYAVAR,EQ,89579,36797,41.08
20,1451,MAPMYINDIA,EQ,208439,68687,32.95
20,1452,MARALOVER,EQ,63207,43143,68.26
20,1453,MARATHON,EQ,46620,22139,47.49
20,1454,MARCO,SM,18000,13500,75.00
20,1455,MARICO,EQ,1877660,1108170,59.02
20,1456,MARINE,EQ,973600,401948,41.28
20,1457,MARINETRAN,SM,152000,64000,42.11
20,1458,MARKSANS,EQ,1831724,518441,28.30
20,1459,MARUTI,EQ,263579,106831,40.53
20,1460,MASFIN,EQ,287964,171172,59.44
20,1461,MASON,ST,6000,6000,100.00
20,1462,MASPTOP50,EQ,371018,265429,71.54
20,1463,MASTEK,EQ,101766,33034,32.46
20,1464,MASTER,ST,500,500,100.00
20,1465,MASTERTR,EQ,35963,14878,41.37
20,1466,MATRIMONY,EQ,15879,7061,44.47
20,1467,MAWANASUG,EQ,66199,39301,59.37
20,1468,MAXESTATES,EQ,110749,49108,44.34
20,1469,MAXHEALTH,EQ,2793424,1405104,50.30
20,1470,MAXIND,EQ,67464,35077,51.99
20,1471,MAXPOSURE,SM,17000,15000,88.24
20,1472,MAYURUNIQ,EQ,139287,79220,56.88
20,1473,MAZDA,EQ,5419,2939,54.24
20,1474,MAZDOCK,EQ,2035401,384800,18.91
20,1475,MBAPL,EQ,5738,3540,61.69
20,1476,MBLINFRA,EQ,239672,154184,64.33
20,1477,MCON,SM,60000,50000,83.33
20,1478,MCX,EQ,281374,109673,38.98
20,1479,MDL,SM,89000,64000,71.91
20,1480,MEDANTA,EQ,252034,139367,55.30
20,1481,MEDIASSIST,EQ,199837,91023,45.55
20,1482,MEDICAMEQ,EQ,38196,20631,54.01
20,1483,MEDICO,EQ,716180,285725,39.90
20,1484,MEDPLUS,EQ,424787,248425,58.48
20,1485,MEGAFLEX,ST,9000,6000,66.67
20,1486,MEGASTAR,EQ,12790,9320,72.87
20,1487,MEGATHERM,SM,25600,17600,68.75
20,1488,MENONBE,EQ,15026,8222,54.72
20,1489,METAL,EQ,276428,171569,62.07
20,1490,METALIETF,EQ,19092797,15921287,83.39
20,1491,METROBRAND,EQ,129767,49972,38.51
20,1492,METROPOLIS,EQ,109801,27224,24.79
20,1493,MFSL,EQ,630833,429274,68.05
20,1494,MGEL,EQ,100654,65771,65.34
20,1495,MGL,EQ,1424451,941361,66.09
20,1496,MHHL,SM,25500,15000,58.82
20,1497,MHLXMIRU,EQ,2032225,471681,23.21
20,1498,MHRIL,EQ,91341,30981,33.92
20,1499,MICEL,EQ,310143,163250,52.64
20,1500,MICROPRO,SM,3200,3200,100.00
20,1501,MID150BEES,EQ,459736,266795,58.03
20,1502,MID150CASE,EQ,223484,151977,68.00
20,1503,MIDCAP,EQ,40310,19453,48.26
20,1504,MIDCAPETF,EQ,1358897,1119612,82.39
20,1505,MIDCAPIETF,EQ,821102,562055,68.45
20,1506,MIDHANI,EQ,295512,101354,34.30
20,1507,MIDQ50ADD,EQ,12858,6513,50.65
20,1508,MIDSELIETF,EQ,182142,150795,82.79
20,1509,MIDSMALL,EQ,233018,178824,76.74
20,1510,MIEL,ST,12000,12000,100.00
20,1511,MINDACORP,EQ,156789,44488,28.37
20,1512,MINDSPACE,RR,66676,54065,81.09
20,1513,MINDTECK,EQ,34655,18852,54.40
20,1514,MIRCELECTR,EQ,682096,375750,55.09
20,1515,MIRZAINT,EQ,126536,74833,59.14
20,1516,MITCON,EQ,32805,9259,28.22
20,1517,MITCONPP,E1,1900,834,43.89
20,1518,MITTAL,EQ,14720190,7044244,47.85
20,1519,M&M,EQ,2467964,1244555,50.43
20,1520,M&MFIN,EQ,2798372,1462246,52.25
20,1521,MMFL,EQ,269901,198263,73.46
20,1522,MMP,EQ,30527,23269,76.22
20,1523,MMTC,EQ,1855380,605929,32.66
20,1524,MNC,EQ,38930,34631,88.96
20,1525,MODEFENCE,EQ,478142,376511,78.74
20,1526,MOGSEC,EQ,3697,2211,59.81
20,1527,MOHEALTH,EQ,71468,63167,88.39
20,1528,MOHITIND,EQ,288743,138169,47.85
20,1529,MOIL,EQ,978705,269074,27.49
20,1530,MOKSH,EQ,245962,152021,61.81
20,1531,MOL,EQ,894884,428807,47.92
20,1532,MOLDTECH,EQ,89329,61958,69.36
20,1533,MOLDTKPAC,EQ,44196,26973,61.03
20,1534,MOLOWVOL,EQ,10995,8731,79.41
20,1535,MOM100,EQ,365367,182242,49.88
20,1536,MOM30IETF,EQ,999902,417428,41.75
20,1537,MOM50,EQ,6830,4963,72.66
20,1538,MOMENTUM,EQ,39303,27916,71.03
20,1539,MOMENTUM50,EQ,231932,157704,68.00
20,1540,MOMOMENTUM,EQ,122784,72846,59.33
20,1541,MON100,EQ,846360,391567,46.26
20,1542,MONARCH,EQ,159191,63848,40.11
20,1543,MONIFTY500,EQ,375312,280172,74.65
20,1544,MONQ50,EQ,230951,141970,61.47
20,1545,MONTECARLO,EQ,70860,26249,37.04
20,1546,MOQUALITY,EQ,4666,2871,61.53
20,1547,MOREALTY,EQ,1537175,1507184,98.05
20,1548,MOREPENLAB,EQ,8888505,2208508,24.85
20,1549,MOS,ST,15600,14800,94.87
20,1550,MOSMALL250,EQ,542586,446925,82.37
20,1551,MOTHERSON,EQ,10213209,4580956,44.85
20,1552,MOTILALOFS,EQ,2154124,789996,36.67
20,1553,MOTOGENFIN,EQ,10017,7019,70.07
20,1554,MOVALUE,EQ,58887,38074,64.66
20,1555,MOXSH,SM,6400,6400,100.00
20,1556,MPHASIS,EQ,621349,307461,49.48
20,1557,MPSLTD,EQ,7315,3726,50.94
20,1558,MPTODAY,SM,14000,14000,100.00
20,1559,MRF,EQ,5396,1867,34.60
20,1560,MRO-TEK,EQ,137698,70031,50.86
20,1561,MRPL,EQ,1361130,483231,35.50
20,1562,MSTCLTD,EQ,215478,75949,35.25
20,1563,MSUMI,EQ,2360220,1133300,48.02
20,1564,MTARTECH,EQ,216604,118108,54.53
20,1565,MTNL,EQ,14217648,3084220,21.69
20,1566,MUFIN,EQ,116464,75942,65.21
20,1567,MUFTI,EQ,272533,124114,45.54
20,1568,MUKANDLTD,EQ,51519,28813,55.93
20,1569,MUKKA,EQ,807840,252985,31.32
20,1570,MULTICAP,EQ,143305,96807,67.55
20,1571,MUNJALAU,EQ,210456,84595,40.20
20,1572,MUNJALSHOW,EQ,40923,28497,69.64
20,1573,MURUDCERA,EQ,43711,27690,63.35
20,1574,MUTHOOTCAP,EQ,13753,6814,49.55
20,1575,MUTHOOTFIN,EQ,327431,107890,32.95
20,1576,MUTHOOTMF,EQ,93701,48999,52.29
20,1577,MVGJL,EQ,1279695,391632,30.60
20,1578,MVKAGRO,SM,8400,7200,85.71
20,1579,MWL,SM,19200,16800,87.50
20,1580,MYMUDRA,SM,31200,26400,84.62
20,1581,NACLIND,EQ,828923,454474,54.83
20,1582,NAGAFERT,EQ,313837,202096,64.40
20,1583,NAHARCAP,EQ,17239,9820,56.96
20,1584,NAHARINDUS,EQ,87574,47256,53.96
20,1585,NAHARPOLY,EQ,28066,13172,46.93
20,1586,NAHARSPING,EQ,25749,13716,53.27
20,1587,NAMAN,ST,6400,6400,100.00
20,1588,NAM-INDIA,EQ,1593605,526524,33.04
20,1589,NAMOEWASTE,ST,72000,57600,80.00
20,1590,NARMADA,EQ,447246,411190,91.94
20,1591,NATCOPHARM,EQ,393851,179805,45.65
20,1592,NATHBIOGEN,EQ,29112,15070,51.77
20,1593,NATIONALUM,EQ,24015558,7246427,30.17
20,1594,NAUKRI,EQ,147630,63938,43.31
20,1595,NAVA,EQ,94137,56558,60.08
20,1596,NAVINFLUOR,EQ,119782,51054,42.62
20,1597,NAVKARCORP,EQ,894705,414946,46.38
20,1598,NAVNETEDUL,EQ,129509,74590,57.59
20,1599,NAZARA,EQ,209787,77037,36.72
20,1600,NBCC,EQ,6941105,2391337,34.45
20,1601,NCC,EQ,2100540,764974,36.42
20,1602,NCLIND,EQ,174317,113402,65.06
20,1603,NDLVENTURE,EQ,17332,10068,58.09
20,1604,NDRAUTO,EQ,21219,8851,41.71
20,1605,NDTV,EQ,89064,31863,35.78
20,1606,NECCLTD,EQ,327815,142867,43.58
20,1607,NEELAM,ST,114000,114000,100.00
20,1608,NELCAST,EQ,91335,57049,62.46
20,1609,NELCO,EQ,337367,89350,26.48
20,1610,NEOGEN,EQ,61171,25268,41.31
20,1611,NEPHROCARE,ST,11600,11200,96.55
20,1612,NESCO,EQ,260323,78041,29.98
20,1613,NESTLEIND,EQ,554661,258514,46.61
20,1614,NETF,EQ,1836,1294,70.48
20,1615,NETWEB,EQ,240917,118189,49.06
20,1616,NETWORK18,EQ,3751025,1352649,36.06
20,1617,NEULANDLAB,EQ,106549,46621,43.76
20,1618,NEWGEN,EQ,169799,76300,44.94
20,1619,NEWJAISA,SM,34500,30000,86.96
20,1620,NEXT50,EQ,19859,12607,63.48
20,1621,NEXT50IETF,EQ,484415,358269,73.96
20,1622,NFL,EQ,1589143,418361,26.33
20,1623,NGIL,EQ,50893,24774,48.68
20,1624,NGILPP1,E1,1904,1396,73.32
20,1625,NGLFINE,EQ,3500,1974,56.40
20,1626,NH,EQ,265707,177134,66.67
20,1627,NHPC,EQ,18942927,6663873,35.18
20,1628,NIACL,EQ,728605,244548,33.56
20,1629,NIDAN,SM,11000,10000,90.91
20,1630,NIDOZC26,N7,45,45,100.00
20,1631,NIF100BEES,EQ,20191,11807,58.48
20,1632,NIF100IETF,EQ,135079,75111,55.61
20,1633,NIF10GETF,EQ,251,244,97.21
20,1634,NIF5GETF,EQ,221,221,100.00
20,1635,NIFITETF,EQ,635,494,77.80
20,1636,NIFMID150,EQ,1177,965,81.99
20,1637,NIFTY1,EQ,47551,32699,68.77
20,1638,NIFTY50ADD,EQ,16983,12924,76.10
20,1639,NIFTYBEES,EQ,7700562,4620405,60.00
20,1640,NIFTYBETF,EQ,2232,1671,74.87
20,1641,NIFTYETF,EQ,69721,37619,53.96
20,1642,NIFTYIETF,EQ,528758,250686,47.41
20,1643,NIFTYQLITY,EQ,68296,46512,68.10
20,1644,NIITLTD,EQ,1215817,368592,30.32
20,1645,NIITMTS,EQ,45405,24247,53.40
20,1646,NILAINFRA,EQ,972085,522757,53.78
20,1647,NILKAMAL,EQ,1865,1105,59.25
20,1648,NINSYS,EQ,12019,5625,46.80
20,1649,NIPPOBATRY,EQ,4674,2958,63.29
20,1650,NIRMAN,ST,10200,10200,100.00
20,1651,NITINSPIN,EQ,276870,166594,60.17
20,1652,NITIRAJ,EQ,26340,8039,30.52
20,1653,NIVABUPA,EQ,8622158,4385671,50.87
20,1654,NKIND,EQ,13983,8770,62.72
20,1655,NLCINDIA,EQ,755705,196698,26.03
20,1656,NMDC,EQ,17080907,5733187,33.56
20,1657,NOCIL,EQ,302874,109617,36.19
20,1658,NORTHARC,EQ,260643,112540,43.18
20,1659,NOVAAGRI,EQ,189552,103101,54.39
20,1660,NPBET,EQ,1961,886,45.18
20,1661,NPST,SM,9000,6300,70.00
20,1662,NRAIL,EQ,6103,2803,45.93
20,1663,NRBBEARING,EQ,215738,97143,45.03
20,1664,NSIL,EQ,47288,17882,37.82
20,1665,NSLNISP,EQ,4213740,2017983,47.89
20,1666,NTPC,EQ,14269143,7121072,49.91
20,1667,NTPCGREEN,EQ,20380612,5455378,26.77
20,1668,NUCLEUS,EQ,31192,19110,61.27
20,1669,NURECA,EQ,4879,2703,55.40
20,1670,NUVAMA,EQ,629128,307872,48.94
20,1671,NUVOCO,EQ,332983,165230,49.62
20,1672,NV20,EQ,17746,9232,52.02
20,1673,NV20BEES,EQ,16000,8966,56.04
20,1674,NV20IETF,EQ,1097412,675749,61.58
20,1675,NXST,RR,247280,198476,80.26
20,1676,NYKAA,EQ,4662661,2371456,50.86
20,1677,OAL,EQ,33237,17502,52.66
20,1678,OBCL,EQ,6846,4574,66.81
20,1679,OBEROIRLTY,EQ,657401,360037,54.77
20,1680,OBSCP,ST,52800,49200,93.18
20,1681,OCCL,EQ,26547,16630,62.64
20,1682,OCCLLTD,EQ,685641,285046,41.57
20,1683,OFSS,EQ,102224,45970,44.97
20,1684,OIL,EQ,2862359,1503315,52.52
20,1685,OILIETF,EQ,1280174,562417,43.93
20,1686,OLAELEC,EQ,29241541,4800846,16.42
20,1687,OLECTRA,EQ,775738,144320,18.60
20,1688,OLIL,SM,64800,50400,77.78
20,1689,OMAXAUTO,EQ,122603,62372,50.87
20,1690,OMAXE,EQ,266560,103201,38.72
20,1691,OMFURN,ST,74400,74400,100.00
20,1692,OMINFRAL,EQ,144915,74060,51.11
20,1693,ONDOOR,SM,15300,8400,54.90
20,1694,ONELIFECAP,EQ,8991,5892,65.53
20,1695,ONEPOINT,EQ,404810,204985,50.64
20,1696,ONGC,EQ,11143128,6107327,54.81
20,1697,ONMOBILE,EQ,380325,153014,40.23
20,1698,ONWARDTEC,EQ,36764,18127,49.31
20,1699,ONYX,SM,56000,36000,64.29
20,1700,ORBTEXP,EQ,2220583,377257,16.99
20,1701,ORCHPHARMA,EQ,47937,17880,37.30
20,1702,ORIANA,SM,60600,36900,60.89
20,1703,ORICONENT,EQ,475351,247842,52.14
20,1704,ORIENTBELL,EQ,9690,7462,77.01
20,1705,ORIENTCEM,EQ,261289,140260,53.68
20,1706,ORIENTCER,EQ,101748,64247,63.14
20,1707,ORIENTELEC,EQ,529291,297633,56.23
20,1708,ORIENTHOT,EQ,221835,73153,32.98
20,1709,ORIENTLTD,EQ,133634,58915,44.09
20,1710,ORIENTPPR,EQ,921815,357019,38.73
20,1711,ORIENTTECH,EQ,822398,294997,35.87
20,1712,ORISSAMINE,EQ,4282,2036,47.55
20,1713,ORTINGLOBE,EQ,3288,2421,73.63
20,1714,OSELDEVICE,SM,65600,63200,96.34
20,1715,OSWALGREEN,EQ,680197,240353,35.34
20,1716,OWAIS,SM,13900,9200,66.19
20,1717,PAGEIND,EQ,42994,21403,49.78
20,1718,PAISALO,EQ,1058075,456784,43.17
20,1719,PAKKA,EQ,341660,168267,49.25
20,1720,PALASHSECU,EQ,8992,4070,45.26
20,1721,PANAMAPET,EQ,54964,33561,61.06
20,1722,PAR,EQ,76732,45761,59.64
20,1723,PARACABLES,EQ,3602067,1575864,43.75
20,1724,PARADEEP,EQ,3875882,1431185,36.93
20,1725,PARAGMILK,EQ,1319880,838888,63.56
20,1726,PARAGON,ST,13200,13200,100.00
20,1727,PARAMATRIX,SM,2400,2400,100.00
20,1728,PARAMOUNT,SM,3600,3600,100.00
20,1729,PARAS,EQ,112966,50933,45.09
20,1730,PARIN,ST,3500,2000,57.14
20,1731,PARKHOTELS,EQ,776365,429342,55.30
20,1732,PARTYCRUS,SM,14000,13000,92.86
20,1733,PASHUPATI,ST,32600,31000,95.09
20,1734,PATANJALI,EQ,171830,78735,45.82
20,1735,PATELENG,EQ,7093645,2886141,40.69
20,1736,PATINTLOG,EQ,255429,133468,52.25
20,1737,PATTECH,ST,1500,1500,100.00
20,1738,PAYTM,EQ,7573762,1793610,23.68
20,1739,PCBL,EQ,2024222,706360,34.90
20,1740,PCCL,SM,118000,112800,95.59
20,1741,PDMJEPAPER,EQ,5118878,754498,14.74
20,1742,PDSL,EQ,402517,194887,48.42
20,1743,PEARLPOLY,EQ,49735,33280,66.91
20,1744,PEL,EQ,506446,174347,34.43
20,1745,PELATRO,SM,17400,15600,89.66
20,1746,PENIND,EQ,2443165,628056,25.71
20,1747,PENINLAND,EQ,441842,201770,45.67
20,1748,PENTAGON,SM,5000,3000,60.00
20,1749,PERFECT,ST,90000,72000,80.00
20,1750,PERSISTENT,EQ,233247,92401,39.62
20,1751,PETRONET,EQ,1607000,879071,54.70
20,1752,PFC,EQ,4617836,1252737,27.13
20,1753,PFIZER,EQ,12669,5580,44.04
20,1754,PFOCUS,EQ,112861,65939,58.42
20,1755,PFS,EQ,561039,241308,43.01
20,1756,PGEL,EQ,4177542,1805971,43.23
20,1757,PGHH,EQ,6022,3286,54.57
20,1758,PGHL,EQ,7671,3346,43.62
20,1759,PGIL,EQ,44226,21329,48.23
20,1760,PGINVIT,IV,1104269,955452,86.52
20,1761,PHANTOMFX,ST,10200,9900,97.06
20,1762,PHARMABEES,EQ,5509076,3435412,62.36
20,1763,PHOENIXLTD,EQ,701301,296718,42.31
20,1764,PHOGLOBAL,ST,28000,26000,92.86
20,1765,PIDILITIND,EQ,196042,116997,59.68
20,1766,PIIND,EQ,478835,275420,57.52
20,1767,PILANIINVS,EQ,5282,3389,64.16
20,1768,PILITA,EQ,204186,154844,75.83
20,1769,PIONEEREMB,EQ,84668,60551,71.52
20,1770,PITTIENG,EQ,196180,138632,70.67
20,1771,PIXTRANS,EQ,62645,23383,37.33
20,1772,PKTEA,EQ,3916,2219,56.66
20,1773,PLADAINFO,SM,6000,6000,100.00
20,1774,PLASTIBLEN,EQ,8757,5291,60.42
20,1775,PLATIND,EQ,1916832,611447,31.90
20,1776,PLAZACABLE,EQ,27338,16751,61.27
20,1777,PNB,EQ,32663054,9132549,27.96
20,1778,PNBGILTS,EQ,421024,163723,38.89
20,1779,PNBHOUSING,EQ,1014405,511252,50.40
20,1780,PNC,EQ,38262,21653,56.59
20,1781,PNCINFRA,EQ,1108804,283393,25.56
20,1782,PNGJL,EQ,595264,220556,37.05
20,1783,POCL,EQ,63445,36651,57.77
20,1784,PODDARMENT,EQ,2801,2254,80.47
20,1785,POKARNA,EQ,76935,16880,21.94
20,1786,POLICYBZR,EQ,1111171,670250,60.32
20,1787,POLYCAB,EQ,320336,151279,47.23
20,1788,POLYMED,EQ,81242,28719,35.35
20,1789,POLYPLEX,EQ,239440,96415,40.27
20,1790,PONNIERODE,EQ,11444,6527,57.03
20,1791,POONAWALLA,EQ,1895116,587200,30.98
20,1792,POSITRON,ST,13500,11700,86.67
20,1793,POWERGRID,EQ,14973536,9230097,61.64
20,1794,POWERINDIA,EQ,45942,19937,43.40
20,1795,POWERMECH,EQ,39034,15164,38.85
20,1796,PPAP,EQ,14024,8830,62.96
20,1797,PPL,EQ,101403,44887,44.27
20,1798,PPLPHARMA,EQ,2165414,865395,39.96
20,1799,PPSL,SM,51000,45000,88.24
20,1800,PRAENG,EQ,47050,24312,51.67
20,1801,PRAJIND,EQ,631723,235626,37.30
20,1802,PRAKASH,EQ,720350,302114,41.94
20,1803,PRAKASHSTL,EQ,455747,251530,55.19
20,1804,PRAMARA,SM,21000,12000,57.14
20,1805,PRANIK,SM,30400,22400,73.68
20,1806,PRATHAM,ST,19200,15200,79.17
20,1807,PRECAM,EQ,536456,151845,28.31
20,1808,PRECISION,ST,8000,6000,75.00
20,1809,PRECWIRE,EQ,294352,136186,46.27
20,1810,PREMEXPLN,EQ,1375859,441512,32.09
20,1811,PREMIERENE,EQ,3163298,702990,22.22
20,1812,PREMIUM,SM,42000,27000,64.29
20,1813,PRESSTONIC,ST,7200,7200,100.00
20,1814,PRESTIGE,EQ,781498,343973,44.01
20,1815,PRICOLLTD,EQ,311136,193565,62.21
20,1816,PRIMESECU,EQ,108162,43124,39.87
20,1817,PRINCEPIPE,EQ,203296,99227,48.81
20,1818,PRITI,EQ,28063,14688,52.34
20,1819,PRITIKA,ST,39000,39000,100.00
20,1820,PRITIKAUTO,EQ,1077354,580209,53.86
20,1821,PRIVISCL,EQ,84049,45829,54.53
20,1822,PRIZOR,ST,27200,26400,97.06
20,1823,PRLIND,SM,54000,30000,55.56
20,1824,PROLIFE,SM,1000,1000,100.00
20,1825,PROPEQUITY,SM,4800,4200,87.50
20,1826,PROV,SM,480,400,83.33
20,1827,PROZONER,EQ,108377,60128,55.48
20,1828,PRSMJOHNSN,EQ,562844,118489,21.05
20,1829,PRUDENT,EQ,16523,6901,41.77
20,1830,PSB,EQ,820590,277441,33.81
20,1831,PSFL,SM,16000,10000,62.50
20,1832,PSPPROJECT,EQ,185206,100136,54.07
20,1833,PSUBANK,EQ,26612,11131,41.83
20,1834,PSUBANKADD,EQ,16486,8288,50.27
20,1835,PSUBNKBEES,EQ,8133067,6734239,82.80
20,1836,PSUBNKIETF,EQ,209532,87868,41.94
20,1837,PTC,EQ,2298207,1205192,52.44
20,1838,PTCIL,EQ,7977,3548,44.48
20,1839,PTL,EQ,39719,24911,62.72
20,1840,PULZ,ST,14000,14000,100.00
20,1841,PUNJABCHEM,EQ,5805,3814,65.70
20,1842,PURVA,EQ,48454,20137,41.56
20,1843,PURVFLEXI,SM,6400,4800,75.00
20,1844,PVRINOX,EQ,541893,227418,41.97
20,1845,PVSL,EQ,103308,47334,45.82
20,1846,PVTBANIETF,EQ,1133794,611232,53.91
20,1847,PVTBANKADD,EQ,27858,19647,70.53
20,1848,PYRAMID,EQ,152793,70542,46.17
20,1849,QFIL,SM,2000,2000,100.00
20,1850,QGOLDHALF,EQ,254783,216318,84.90
20,1851,QMSMEDI,SM,8000,6000,75.00
20,1852,QNIFTY,EQ,649,376,57.94
20,1853,QUADPRO,SM,216000,204000,94.44
20,1854,QUAL30IETF,EQ,40841,17283,42.32
20,1855,QUESS,EQ,259989,108830,41.86
20,1856,QUESTLAB,SM,9600,7200,75.00
20,1857,QUICKHEAL,EQ,92317,61593,66.72
20,1858,QUICKTOUCH,SM,22500,16000,71.11
20,1859,QVCEL,ST,6400,6400,100.00
20,1860,RACE,EQ,7350,3492,47.51
20,1861,RACLGEAR,EQ,11278,9521,84.42
20,1862,RADIANTCMS,EQ,232668,120040,51.59
20,1863,RADICO,EQ,155372,66760,42.97
20,1864,RADIOCITY,EQ,89254,37333,41.83
20,1865,RADIOCITY,P1,269,269,100.00
20,1866,RADIOWALLA,SM,19200,17600,91.67
20,1867,RAILTEL,EQ,2075556,497843,23.99
20,1868,RAIN,EQ,4844030,1507939,31.13
20,1869,RAINBOW,EQ,102002,43433,42.58
20,1870,RAJESHEXPO,EQ,401737,142663,35.51
20,1871,RAJINDLTD,SM,25500,13500,52.94
20,1872,RAJMET,EQ,3571657,2011113,56.31
20,1873,RAJPUTANA,ST,132000,124000,93.94
20,1874,RAJRATAN,EQ,50289,30397,60.44
20,1875,RAJSREESUG,EQ,42987,19138,44.52
20,1876,RALLIS,EQ,523881,303041,57.85
20,1877,RAMANEWS,EQ,44201,19961,45.16
20,1878,RAMAPHO,EQ,6452,3940,61.07
20,1879,RAMASTEEL,EQ,8844191,2733442,30.91
20,1880,RAMCOCEM,EQ,1699660,554973,32.65
20,1881,RAMCOIND,EQ,273785,135492,49.49
20,1882,RAMCOSYS,EQ,103827,45476,43.80
20,1883,RAMKY,EQ,60596,37910,62.56
20,1884,RAMRAT,EQ,69013,45310,65.65
20,1885,RANASUG,EQ,190770,102119,53.53
20,1886,RANEENGINE,EQ,8096,4168,51.48
20,1887,RANEHOLDIN,EQ,10737,5951,55.43
20,1888,RAPPID,SM,28200,22800,80.85
20,1889,RATEGAIN,EQ,190731,112127,58.79
20,1890,RATNAMANI,EQ,17695,6056,34.22
20,1891,RATNAVEER,EQ,902908,376433,41.69
20,1892,RAYMOND,EQ,1574728,163501,10.38
20,1893,RAYMONDLSL,EQ,141086,74851,53.05
20,1894,RBA,EQ,1424900,946384,66.42
20,1895,RBL,EQ,6539,3717,56.84
20,1896,RBLBANK,EQ,7273472,1989713,27.36
20,1897,RBMINFRA,ST,13800,12400,89.86
20,1898,RBS,ST,16000,14400,90.00
20,1899,RCDL,SM,33000,27000,81.82
20,1900,RCF,EQ,1509678,391989,25.97
20,1901,RECLTD,EQ,4178618,1242392,29.73
20,1902,REDINGTON,EQ,1425817,705014,49.45
20,1903,REDTAPE,EQ,28221,15091,53.47
20,1904,REFRACTORY,ST,11000,11000,100.00
20,1905,RELAXO,EQ,74244,38338,51.64
20,1906,RELCHEMQ,EQ,13467,4757,35.32
20,1907,RELIABLE,EQ,4827,3657,75.76
20,1908,RELIANCE,EQ,28630222,17792504,62.15
20,1909,RELIGARE,EQ,2220601,1065490,47.98
20,1910,REMSONSIND,EQ,53043,29370,55.37
20,1911,REMUS,SM,2100,1750,83.33
20,1912,RENUKA,EQ,4920573,1413756,28.73
20,1913,REPCOHOME,EQ,145899,69974,47.96
20,1914,REPL,EQ,2268602,319846,14.10
20,1915,REPRO,EQ,15458,11629,75.23
20,1916,RESPONIND,EQ,729999,141877,19.44
20,1917,RETAIL,EQ,35889,24406,68.00
20,1918,REXPIPES,SM,6000,6000,100.00
20,1919,RGL,EQ,413353,153662,37.17
20,1920,RHIM,EQ,155413,90481,58.22
20,1921,RHL,EQ,9906,2761,27.87
20,1922,RICOAUTO,EQ,258219,109929,42.57
20,1923,RIIL,EQ,246115,53688,21.81
20,1924,RILINFRA,ST,53700,46300,86.22
20,1925,RISHABH,EQ,31705,10365,32.69
20,1926,RITCO,EQ,97957,47108,48.09
20,1927,RITES,EQ,849512,289379,34.06
20,1928,RKEC,EQ,230391,174305,75.66
20,1929,RKFORGE,EQ,241310,119143,49.37
20,1930,RKSWAMY,EQ,178837,88364,49.41
20,1931,RMDRIP,ST,12500,11500,92.00
20,1932,RML,EQ,8773,5136,58.54
20,1933,RNFI,SM,14400,13200,91.67
20,1934,ROCKINGDCE,SM,12000,10500,87.50
20,1935,ROHLTD,EQ,63844,20912,32.75
20,1936,ROLEXRINGS,EQ,12665,7757,61.25
20,1937,ROML,EQ,7616,6249,82.05
20,1938,ROSSARI,EQ,52138,22828,43.78
20,1939,ROTO,EQ,380349,137906,36.26
20,1940,ROUTE,EQ,41937,23017,54.88
20,1941,ROXHITECH,SM,84800,59200,69.81
20,1942,RPEL,EQ,55172,28933,52.44
20,1943,RPGLIFE,EQ,12063,6326,52.44
20,1944,RPPINFRA,EQ,135673,62999,46.43
20,1945,RPPL,EQ,102316,74528,72.84
20,1946,RPSGVENT,EQ,67864,28789,42.42
20,1947,RPTECH,EQ,110511,51946,47.01
20,1948,RRKABEL,EQ,74163,39279,52.96
20,1949,RSWM,EQ,76351,37978,49.74
20,1950,RSYSTEMS,EQ,64175,39855,62.10
20,1951,RTNINDIA,EQ,1967004,623519,31.70
20,1952,RTNPOWER,EQ,12828097,4765266,37.15
20,1953,RUBFILA,EQ,158053,89758,56.79
20,1954,RUBYMILLS,EQ,147892,42197,28.53
20,1955,RUCHINFRA,EQ,154944,108011,69.71
20,1956,RUCHIRA,EQ,83399,41600,49.88
20,1957,RULKA,SM,14100,11100,78.72
20,1958,RUPA,EQ,197237,69026,35.00
20,1959,RUSHIL,EQ,729263,317237,43.50
20,1960,RUSTOMJEE,EQ,28574,13535,47.37
20,1961,RVHL,EQ,291157,215131,73.89
20,1962,RVNL,EQ,3244183,996337,30.71
20,1963,SAAKSHI,SM,151200,109200,72.22
20,1964,SABAR,ST,10000,10000,100.00
20,1965,SADBHAV,EQ,674209,362930,53.83
20,1966,SADBHIN,EQ,551768,299697,54.32
20,1967,SADHAV,SM,14400,9000,62.50
20,1968,SADHNANIQ,EQ,181512,98099,54.05
20,1969,SAFARI,EQ,27970,15800,56.49
20,1970,SAGARDEEP,EQ,11966,9236,77.19
20,1971,SAGCEM,EQ,52778,31234,59.18
20,1972,SAGILITY,EQ,34558847,13380463,38.72
20,1973,SAHAJ,SM,8000,4000,50.00
20,1974,SAHAJSOLAR,ST,12800,9600,75.00
20,1975,SAHANA,SM,26625,16875,63.38
20,1976,SAHASRA,SM,66800,40000,59.88
20,1977,SAHYADRI,EQ,3919,2558,65.27
20,1978,SAIFL,SM,3200,2400,75.00
20,1979,SAIL,EQ,39292810,6793579,17.29
20,1980,SAJHOTELS,SM,4000,4000,100.00
20,1981,SAKAR,EQ,34435,13527,39.28
20,1982,SAKHTISUG,EQ,87989,46489,52.84
20,1983,SAKSOFT,EQ,121320,53911,44.44
20,1984,SALASAR,EQ,3544150,1744405,49.22
20,1985,SALONA,EQ,1346,279,20.73
20,1986,SALSTEEL,EQ,134559,68750,51.09
20,1987,SALZERELEC,EQ,93196,30052,32.25
20,1988,SAMBHAAV,EQ,334945,175969,52.54
20,1989,SAMHI,EQ,4861531,2003368,41.21
20,1990,SAMMAANCAP,EQ,6476227,2820126,43.55
20,1991,SAMPANN,EQ,321227,124886,38.88
20,1992,SANDESH,EQ,923,735,79.63
20,1993,SANDHAR,EQ,83512,49660,59.46
20,1994,SANDUMA,EQ,98328,54980,55.91
20,1995,SANGAMIND,EQ,22256,10087,45.32
20,1996,SANGANI,ST,21000,18000,85.71
20,1997,SANGHIIND,EQ,137632,76549,55.62
20,1998,SANGHVIMOV,EQ,430852,143376,33.28
20,1999,SANGINITA,EQ,99829,32773,32.83
20,2000,SANOFI,EQ,11403,6711,58.85
20,2001,SANOFICONR,EQ,7898,4762,60.29
20,2002,SANSERA,EQ,101733,50252,49.40
20,2003,SANSTAR,EQ,728484,266441,36.57
20,2004,SAPPHIRE,EQ,275497,152326,55.29
20,2005,SARDAEN,EQ,302103,163202,54.02
20,2006,SAREGAMA,EQ,267466,134594,50.32
20,2007,SARLAPOLY,EQ,1157998,391486,33.81
20,2008,SARTELE,SM,244000,178500,73.16
20,2009,SARVESHWAR,EQ,11074458,5979081,53.99
20,2010,SASKEN,EQ,38160,14526,38.07
20,2011,SASTASUNDR,EQ,164528,53812,32.71
20,2012,SATECH,ST,45000,45000,100.00
20,2013,SATIA,EQ,136098,63034,46.32
20,2014,SATIN,EQ,198992,74318,37.35
20,2015,SATINDLTD,EQ,677154,274224,40.50
20,2016,SATIPOLY,SM,39000,29500,75.64
20,2017,SAURASHCEM,EQ,171019,110398,64.55
20,2018,SBC,EQ,1522408,573517,37.67
20,2019,SBCL,EQ,116093,79784,68.72
20,2020,SBFC,EQ,3100552,1085895,35.02
20,2021,SBGLP,EQ,588348,220194,37.43
20,2022,SBICARD,EQ,694565,402270,57.92
20,2023,SBIETFCON,EQ,8997,5553,61.72
20,2024,SBIETFIT,EQ,7036,4895,69.57
20,2025,SBIETFPB,EQ,7825,7065,90.29
20,2026,SBIETFQLTY,EQ,8760,5560,63.47
20,2027,SBILIFE,EQ,3926561,3114823,79.33
20,2028,SBIN,EQ,9379370,2989178,31.87
20,2029,SBINEQWETF,EQ,33492,22588,67.44
20,2030,SBISILVER,EQ,103008,79662,77.34
20,2031,SCHAEFFLER,EQ,46057,24649,53.52
20,2032,SCHAND,EQ,54047,32208,59.59
20,2033,SCHNEIDER,EQ,187974,74441,39.60
20,2034,SCI,EQ,1517968,468485,30.86
20,2035,SCILAL,EQ,601070,278041,46.26
20,2036,SCL25,Y6,10,10,100.00
20,2037,SCL25B,BI,10,10,100.00
20,2038,SCLZC25,YN,10,10,100.00
20,2039,SCLZC25B,AT,20,20,100.00
20,2040,SDBL,EQ,1004087,498330,49.63
20,2041,SDL26BEES,EQ,1900,1068,56.21
20,2042,SDREAMS,SM,21000,15000,71.43
20,2043,SEAMECLTD,EQ,18087,12714,70.29
20,2044,SECL,ST,43750,43750,100.00
20,2045,SECMARK,EQ,15421,10438,67.69
20,2046,SECURKLOUD,EQ,16410,11661,71.06
20,2047,SEL,ST,800,800,100.00
20,2048,SELAN,EQ,30277,14763,48.76
20,2049,SELMC,EQ,67949,22134,32.57
20,2050,SENCO,EQ,325097,142671,43.89
20,2051,SENSEXADD,EQ,1605,1256,78.26
20,2052,SENSEXETF,EQ,11459,7119,62.13
20,2053,SENSEXIETF,EQ,6993,3901,55.78
20,2054,SEPC,EQ,9696380,4049612,41.76
20,2055,SERVICE,SM,4000,4000,100.00
20,2056,SERVOTECH,EQ,498684,270985,54.34
20,2057,SESHAPAPER,EQ,19954,11538,57.82
20,2058,SETF10GILT,EQ,8584,7029,81.88
20,2059,SETFGOLD,EQ,3015835,2714523,90.01
20,2060,SETFNIF50,EQ,730781,605358,82.84
20,2061,SETFNIFBK,EQ,38900,19059,48.99
20,2062,SETFNN50,EQ,30211,19010,62.92
20,2063,SFL,EQ,178587,92298,51.68
20,2064,SGBAPR28I,GB,63,54,85.71
20,2065,SGBAUG27,GB,2,2,100.00
20,2066,SGBAUG28V,GB,1294,961,74.27
20,2067,SGBAUG29V,GB,24,23,95.83
20,2068,SGBAUG30,GB,108,92,85.19
20,2069,SGBD29VIII,GB,65,52,80.00
20,2070,SGBDC27VII,GB,25,23,92.00
20,2071,SGBDE30III,GB,176,155,88.07
20,2072,SGBDE31III,GB,1130,982,86.90
20,2073,SGBDEC25,GB,13,13,100.00
20,2074,SGBDEC26,GB,83,83,100.00
20,2075,SGBFEB27,GB,50,50,100.00
20,2076,SGBFEB28IX,GB,5,5,100.00
20,2077,SGBFEB29XI,GB,128,117,91.41
20,2078,SGBFEB32IV,GB,761,554,72.80
20,2079,SGBJ28VIII,GB,99,99,100.00
20,2080,SGBJAN26,GB,28,28,100.00
20,2081,SGBJAN29IX,GB,51,36,70.59
20,2082,SGBJAN29X,GB,24,20,83.33
20,2083,SGBJAN30IX,GB,112,79,70.54
20,2084,SGBJU29III,GB,126,68,53.97
20,2085,SGBJUL25,GB,6,6,100.00
20,2086,SGBJUL27,GB,47,47,100.00
20,2087,SGBJUL28IV,GB,720,647,89.86
20,2088,SGBJUL29IV,GB,909,755,83.06
20,2089,SGBJUN28,GB,280,264,94.29
20,2090,SGBJUN29II,GB,40,22,55.00
20,2091,SGBJUN30,GB,366,361,98.63
20,2092,SGBJUN31I,GB,355,237,66.76
20,2093,SGBMAR25,GB,24,24,100.00
20,2094,SGBMAR30X,GB,205,196,95.61
20,2095,SGBMAR31IV,GB,81,57,70.37
20,2096,SGBMAY25,GB,54,42,77.78
20,2097,SGBMAY26,GB,22,16,72.73
20,2098,SGBMAY28,GB,287,233,81.18
20,2099,SGBMAY29I,GB,804,572,71.14
20,2100,SGBMR29XII,GB,949,559,58.90
20,2101,SGBN28VIII,GB,301,206,68.44
20,2102,SGBNOV258,GB,1,1,100.00
20,2103,SGBNOV25VI,GB,1,1,100.00
20,2104,SGBNV29VII,GB,1102,968,87.84
20,2105,SGBOC28VII,GB,146,116,79.45
20,2106,SGBOCT25,GB,10,10,100.00
20,2107,SGBOCT25IV,GB,1,1,100.00
20,2108,SGBOCT26,GB,10,9,90.00
20,2109,SGBSEP27,GB,54,54,100.00
20,2110,SGBSEP28VI,GB,24,21,87.50
20,2111,SGBSEP29VI,GB,266,198,74.44
20,2112,SGBSEP31II,GB,633,411,64.93
20,2113,SGIL,EQ,41512,20775,50.05
20,2114,SGL,EQ,46960,30176,64.26
20,2115,SHAILY,EQ,302441,133521,44.15
20,2116,SHALBY,EQ,116455,58716,50.42
20,2117,SHALPAINTS,EQ,59457,31789,53.47
20,2118,SHANKARA,EQ,47758,25541,53.48
20,2119,SHANTHALA,SM,1200,1200,100.00
20,2120,SHANTI,EQ,184571,122859,66.56
20,2121,SHANTIGEAR,EQ,12143,6727,55.40
20,2122,SHARDACROP,EQ,92023,26686,29.00
20,2123,SHARDAMOTR,EQ,41748,29748,71.26
20,2124,SHAREINDIA,EQ,679405,265673,39.10
20,2125,SHARIABEES,EQ,2731,1470,53.83
20,2126,SHEETAL,SM,74000,32000,43.24
20,2127,SHEMAROO,EQ,27744,12469,44.94
20,2128,SHERA,SM,33000,22000,66.67
20,2129,SHIGAN,SM,4500,4500,100.00
20,2130,SHILPAMED,EQ,618836,225401,36.42
20,2131,SHIVALIK,EQ,306271,142210,46.43
20,2132,SHIVAMAUTO,EQ,351771,147949,42.06
20,2133,SHIVAMILLS,EQ,90443,49288,54.50
20,2134,SHIVATEX,EQ,10691,5425,50.74
20,2135,SHK,EQ,421575,235619,55.89
20,2136,SHOPERSTOP,EQ,45583,21660,47.52
20,2137,SHREDIGCEM,EQ,206901,103760,50.15
20,2138,SHREECEM,EQ,20464,10722,52.39
20,2139,SHREEKARNI,SM,4800,4050,84.38
20,2140,SHREEOSFM,SM,43000,36000,83.72
20,2141,SHREEPUSHK,EQ,104086,41936,40.29
20,2142,SHREYANIND,EQ,7246,3783,52.21
20,2143,SHRIPISTON,EQ,62794,27353,43.56
20,2144,SHRIRAMFIN,EQ,1200626,548415,45.68
20,2145,SHRIRAMPPS,EQ,1696055,596382,35.16
20,2146,SHRITECH,SM,38000,34000,89.47
20,2147,SHUBHLAXMI,ST,36000,35000,97.22
20,2148,SHUBHSHREE,ST,19200,19200,100.00
20,2149,SHYAMCENT,EQ,222534,107743,48.42
20,2150,SHYAMMETL,EQ,165145,50615,30.65
20,2151,SIDDHIKA,SM,7000,6000,85.71
20,2152,SIEMENS,EQ,133010,55897,42.02
20,2153,SIGACHI,EQ,839259,300400,35.79
20,2154,SIGIND,EQ,39222,13257,33.80
20,2155,SIGMA,EQ,26587,5423,20.40
20,2156,SIGNATURE,EQ,578687,82389,14.24
20,2157,SIGNPOST,EQ,314987,111796,35.49
20,2158,SIKKO,EQ,41401,24698,59.66
20,2159,SIL,EQ,87637,52357,59.74
20,2160,SILGO,EQ,45208,24480,54.15
20,2161,SILKFLEX,ST,12000,12000,100.00
20,2162,SILLYMONKS,EQ,7789,5562,71.41
20,2163,SILVER,EQ,293775,231943,78.95
20,2164,SILVER1,EQ,165318,156460,94.64
20,2165,SILVERADD,EQ,48528,41013,84.51
20,2166,SILVERBEES,EQ,16603538,14243684,85.79
20,2167,SILVERETF,EQ,271562,246468,90.76
20,2168,SILVERIETF,EQ,1149811,960351,83.52
20,2169,SILVERTUC,EQ,23802,14066,59.10
20,2170,SILVRETF,EQ,35062,32898,93.83
20,2171,SINCLAIR,EQ,33728,17979,53.31
20,2172,SINDHUTRAD,EQ,1230628,495236,40.24
20,2173,SINTERCOM,EQ,167849,61921,36.89
20,2174,SIRCA,EQ,102399,51210,50.01
20,2175,SIS,EQ,27985,12269,43.84
20,2176,SIYSIL,EQ,3956411,458962,11.60
20,2177,SJLOGISTIC,ST,15250,15250,100.00
20,2178,SJS,EQ,112594,57895,51.42
20,2179,SJVN,EQ,4333788,1185338,27.35
20,2180,SKFINDIA,EQ,12285,5961,48.52
20,2181,SKIPPER,EQ,1289055,569849,44.21
20,2182,SKMEGGPROD,EQ,106974,45866,42.88
20,2183,SKP,SM,25000,14000,56.00
20,2184,SLONE,ST,4000,4000,100.00
20,2185,SMALLCAP,EQ,1050315,734616,69.94
20,2186,SMCGLOBAL,EQ,68638,33661,49.04
20,2187,SMLISUZU,EQ,8997,4149,46.12
20,2188,SMLT,EQ,122262,46184,37.77
20,2189,SMSPHARMA,EQ,112916,47197,41.80
20,2190,SNOWMAN,EQ,874861,388186,44.37
20,2191,SOBHA,EQ,238537,103717,43.48
20,2192,SOFTTECH,EQ,179101,93697,52.32
20,2193,SOLARA,EQ,139747,85351,61.08
20,2194,SOLARAPP,E1,5911,5844,98.87
20,2195,SOLARINDS,EQ,78505,37087,47.24
20,2196,SOLEX,SM,16125,9250,57.36
20,2197,SOMANYCERA,EQ,9745,6282,64.46
20,2198,SOMICONVEY,EQ,20293,16336,80.50
20,2199,SONACOMS,EQ,896237,529239,59.05
20,2200,SONAMAC,ST,7000,7000,100.00
20,2201,SONATSOFTW,EQ,254903,125196,49.12
20,2202,SONUINFRA,SM,24000,24000,100.00
20,2203,SOTAC,SM,7200,7200,100.00
20,2204,SOTL,EQ,43682,17689,40.49
20,2205,SOUTHBANK,EQ,11848538,5463850,46.11
20,2206,SOUTHWEST,EQ,117282,61823,52.71
20,2207,SPAL,EQ,30156,15284,50.68
20,2208,SPANDANA,EQ,300135,106780,35.58
20,2209,SPARC,EQ,284610,131045,46.04
20,2210,SPCENET,EQ,968164,548175,56.62
20,2211,SPCL,SM,36600,18600,50.82
20,2212,SPECIALITY,EQ,24016,17375,72.35
20,2213,SPECTRUM,SM,2625,2000,76.19
20,2214,SPECTSTM,ST,17600,17600,100.00
20,2215,SPENCERS,EQ,158835,88984,56.02
20,2216,SPIC,EQ,325677,154791,47.53
20,2217,SPLIL,EQ,81462,45813,56.24
20,2218,SPLPETRO,EQ,69757,37139,53.24
20,2219,SPORTKING,EQ,263632,134089,50.86
20,2220,SPPPOLY,ST,2000,2000,100.00
20,2221,SPRL,ST,8000,8000,100.00
20,2222,SREEL,EQ,25421,12770,50.23
20,2223,SRF,EQ,621830,377539,60.71
20,2224,SRGHFL,EQ,9412,3198,33.98
20,2225,SRHHYPOLTD,EQ,33546,16455,49.05
20,2226,SRIVASAVI,SM,3000,2000,66.67
20,2227,SRM,EQ,134951,52497,38.90
20,2228,SSDL,EQ,69469,31812,45.79
20,2229,SSEGL,ST,41000,36600,89.27
20,2230,SSFL,ST,5500,5500,100.00
20,2231,SSWL,EQ,242663,142313,58.65
20,2232,STANLEY,EQ,42275,17419,41.20
20,2233,STARCEMENT,EQ,16286627,2849409,17.50
20,2234,STARHEALTH,EQ,827641,553824,66.92
20,2235,STARPAPER,EQ,51587,10696,20.73
20,2236,STARTECK,EQ,11714,1379,11.77
20,2237,STCINDIA,EQ,129697,46641,35.96
20,2238,STEELCAS,EQ,22621,16023,70.83
20,2239,STEELCITY,EQ,88560,54712,61.78
20,2240,STEELXIND,EQ,859553,340853,39.65
20,2241,STEL,EQ,8602,4917,57.16
20,2242,STERTOOLS,EQ,170080,49084,28.86
20,2243,STLTECH,EQ,1672080,715827,42.81
20,2244,STOVEKRAFT,EQ,51395,23301,45.34
20,2245,STYLAMIND,EQ,17725,9169,51.73
20,2246,STYLEBAAZA,EQ,350980,159790,45.53
20,2247,STYRENIX,EQ,64719,26523,40.98
20,2248,SUBEXLTD,EQ,2458726,953831,38.79
20,2249,SUBROS,EQ,31291,14378,45.95
20,2250,SUDARSCHEM,EQ,162533,90331,55.58
20,2251,SUKHJITS,EQ,23179,9912,42.76
20,2252,SULA,EQ,298402,124429,41.70
20,2253,SUMICHEM,EQ,280076,109937,39.25
20,2254,SUMMITSEC,EQ,12059,5962,49.44
20,2255,SUNCLAY,EQ,6601,3018,45.72
20,2256,SUNDARAM,EQ,661097,534596,80.86
20,2257,SUNDARMFIN,EQ,266933,237923,89.13
20,2258,SUNDARMHLD,EQ,56221,27695,49.26
20,2259,SUNDRMBRAK,EQ,8022,4656,58.04
20,2260,SUNDRMFAST,EQ,67458,32876,48.74
20,2261,SUNFLAG,EQ,4540405,1118436,24.63
20,2262,SUNLITE,SM,28800,28800,100.00
20,2263,SUNPHARMA,EQ,1391111,765157,55.00
20,2264,SUNTECK,EQ,236312,124255,52.58
20,2265,SUNTV,EQ,229275,58425,25.48
20,2266,SUPERHOUSE,EQ,6768,4099,60.56
20,2267,SUPRAJIT,EQ,44554,20093,45.10
20,2268,SUPREMEIND,EQ,63547,28006,44.07
20,2269,SUPREMEPWR,ST,40000,35500,88.75
20,2270,SUPRIYA,EQ,254122,100986,39.74
20,2271,SURAJEST,EQ,57677,24766,42.94
20,2272,SURAKSHA,EQ,650097,369537,56.84
20,2273,SURANAT&P,EQ,190607,110289,57.86
20,2274,SURANI,ST,3400,3400,100.00
20,2275,SURYALAXMI,EQ,38341,19647,51.24
20,2276,SURYAROSNI,EQ,148257,69424,46.83
20,2277,SURYODAY,EQ,340732,142916,41.94
20,2278,SUTLEJTEX,EQ,514295,237629,46.20
20,2279,SUVEN,EQ,620628,230254,37.10
20,2280,SUVENPHAR,EQ,99935,42161,42.19
20,2281,SUVIDHAA,EQ,712222,343181,48.18
20,2282,SUYOG,EQ,24036,13148,54.70
20,2283,SUZLON,EQ,47952699,18613478,38.82
20,2284,SWANENERGY,EQ,13049871,2829812,21.68
20,2285,SWARAJ,ST,19500,18000,92.31
20,2286,SWARAJENG,EQ,28384,5952,20.97
20,2287,SWASTIK,SM,36000,26400,73.33
20,2288,SWELECTES,EQ,24711,8040,32.54
20,2289,SWIGGY,EQ,15929277,4869082,30.57
20,2290,SWSOLAR,EQ,1347190,666170,49.45
20,2291,SYLVANPLY,SM,4000,4000,100.00
20,2292,SYMPHONY,EQ,44796,19342,43.18
20,2293,SYNCOMF,EQ,3027109,1215065,40.14
20,2294,SYNGENE,EQ,446036,205607,46.10
20,2295,SYNOPTICS,SM,6000,5400,90.00
20,2296,SYRMA,EQ,1695559,516313,30.45
20,2297,SYSTANGO,SM,16400,9600,58.54
20,2298,TAC,ST,30600,28600,93.46
20,2299,TAINWALCHM,EQ,10216,4704,46.05
20,2300,TAJGVK,EQ,811294,404539,49.86
20,2301,TAKE,EQ,182073,114570,62.93
20,2302,TALBROAUTO,EQ,171623,72955,42.51
20,2303,TANLA,EQ,379444,181761,47.90
20,2304,TAPIFRUIT,SM,9000,8250,91.67
20,2305,TARACHAND,EQ,72223,46366,64.20
20,2306,TARC,EQ,298142,162968,54.66
20,2307,TARMAT,EQ,21489,12678,59.00
20,2308,TARSONS,EQ,24755,13072,52.81
20,2309,TASTYBITE,EQ,1078,655,60.76
20,2310,TATACHEM,EQ,567527,143293,25.25
20,2311,TATACOMM,EQ,345271,116728,33.81
20,2312,TATACONSUM,EQ,1278151,532649,41.67
20,2313,TATAELXSI,EQ,170937,59696,34.92
20,2314,TATAGOLD,EQ,6492459,5170340,79.64
20,2315,TATAINVEST,EQ,60280,24741,41.04
20,2316,TATAMOTORS,EQ,14101869,6262468,44.41
20,2317,TATAPOWER,EQ,8032224,2403669,29.93
20,2318,TATASTEEL,EQ,39701388,10458032,26.34
20,2319,TATATECH,EQ,901494,524644,58.20
20,2320,TATSILV,EQ,3115005,2714892,87.16
20,2321,TATVA,EQ,13577,6067,44.69
20,2322,TBI,ST,54600,52200,95.60
20,2323,TBOTEK,EQ,99401,45056,45.33
20,2324,TBZ,EQ,181908,65564,36.04
20,2325,TCHF30,NB,15,15,100.00
20,2326,TCI,EQ,17713,8863,50.04
20,2327,TCIEXP,EQ,30547,15570,50.97
20,2328,TCL,SM,52000,36800,70.77
20,2329,TCLCONS,EQ,83665,36559,43.70
20,2330,TCPLPACK,EQ,2837,1351,47.62
20,2331,TCS,EQ,1967048,1069246,54.36
20,2332,TDPOWERSYS,EQ,1177255,484392,41.15
20,2333,TEAMLEASE,EQ,135890,117920,86.78
20,2334,TECH,EQ,17350,10872,62.66
20,2335,TECHERA,ST,182400,180800,99.12
20,2336,TECHLABS,SM,61375,37500,61.10
20,2337,TECHM,EQ,1503188,759141,50.50
20,2338,TECHNOE,EQ,268212,179458,66.91
20,2339,TEGA,EQ,114031,72629,63.69
20,2340,TEJASNET,EQ,995247,305515,30.70
20,2341,TEXINFRA,EQ,1627474,780653,47.97
20,2342,TEXMOPIPES,EQ,36061,18591,51.55
20,2343,TEXRAIL,EQ,2411984,759789,31.50
20,2344,TFCILTD,EQ,1051768,669668,63.67
20,2345,TGBHOTELS,EQ,55300,38726,70.03
20,2346,TGL,ST,61200,55200,90.20
20,2347,THANGAMAYL,EQ,78998,48562,61.47
20,2348,THEINVEST,EQ,21094,15701,74.43
20,2349,THEJO,EQ,3207,1603,49.98
20,2350,THEMISMED,EQ,89884,47395,52.73
20,2351,THERMAX,EQ,66469,36563,55.01
20,2352,THESL,ST,84000,75000,89.29
20,2353,THOMASCOOK,EQ,514108,269549,52.43
20,2354,THOMASCOTT,EQ,661214,313241,47.37
20,2355,THYROCARE,EQ,69087,41132,59.54
20,2356,TI,EQ,1106010,666498,60.26
20,2357,TIIL,EQ,30983,16196,52.27
20,2358,TIINDIA,EQ,101918,43295,42.48
20,2359,TIMESGTY,EQ,17733,10572,59.62
20,2360,TIMETECHNO,EQ,2655798,597675,22.50
20,2361,TIMKEN,EQ,27243,15404,56.54
20,2362,TIPSFILMS,EQ,5105,3195,62.59
20,2363,TIPSMUSIC,EQ,140466,70754,50.37
20,2364,TIRUMALCHM,EQ,300563,134331,44.69
20,2365,TIRUPATI,SM,3250,3000,92.31
20,2366,TITAGARH,EQ,1428841,467107,32.69
20,2367,TITAN,EQ,1242351,697867,56.17
20,2368,TMB,EQ,67274,20124,29.91
20,2369,TNIDETF,EQ,70829,55667,78.59
20,2370,TNPETRO,EQ,116055,67682,58.32
20,2371,TNPL,EQ,251528,117304,46.64
20,2372,TNTELE,EQ,48509,44085,90.88
20,2373,TOKYOPLAST,EQ,13907,8110,58.32
20,2374,TOLINS,EQ,793381,333780,42.07
20,2375,TOP100CASE,EQ,419615,258530,61.61
20,2376,TOP10ADD,EQ,183881,148278,80.64
20,2377,TORNTPHARM,EQ,244920,152294,62.18
20,2378,TORNTPOWER,EQ,507777,285034,56.13
20,2379,TOTAL,EQ,10345,6219,60.12
20,2380,TOUCHWOOD,EQ,4196,2991,71.28
20,2381,TPHQ,EQ,32584688,16591561,50.92
20,2382,TPLPLASTEH,EQ,194762,47967,24.63
20,2383,TRACXN,EQ,271077,147518,54.42
20,2384,TRANSTEEL,ST,170000,156000,91.76
20,2385,TRANSWORLD,EQ,109343,43891,40.14
20,2386,TREL,EQ,1784370,568877,31.88
20,2387,TRENT,EQ,526964,212655,40.35
20,2388,TRF,EQ,19164,8451,44.10
20,2389,TRIDENT,EQ,21359885,3453183,16.17
20,2390,TRIDHYA,SM,63000,45000,71.43
20,2391,TRIGYN,EQ,74461,39515,53.07
20,2392,TRITURBINE,EQ,871822,250976,28.79
20,2393,TRIVENI,EQ,424259,74936,17.66
20,2394,TROM,SM,22800,16800,73.68
20,2395,TRUST,SM,51000,36600,71.76
20,2396,TTKHLTCARE,EQ,1239,769,62.07
20,2397,TTKPRESTIG,EQ,17148,6963,40.61
20,2398,TTML,EQ,45256467,3274587,7.24
20,2399,TUNWAL,SM,232000,154000,66.38
20,2400,TVSHLTD,EQ,2398,1260,52.54
20,2401,TVSMOTOR,EQ,286975,119212,41.54
20,2402,TVSSCS,EQ,817115,281963,34.51
20,2403,TVSSRICHAK,EQ,1789,1043,58.30
20,2404,TVTODAY,EQ,49736,22895,46.03
20,2405,UBL,EQ,294410,151117,51.33
20,2406,UCAL,EQ,18119,9215,50.86
20,2407,UCOBANK,EQ,12962580,4127634,31.84
20,2408,UDAICEMENT,EQ,1666485,494478,29.67
20,2409,UDS,EQ,250978,144898,57.73
20,2410,UFLEX,EQ,61171,23353,38.18
20,2411,UFO,EQ,89381,42741,47.82
20,2412,UGARSUGAR,EQ,138778,62652,45.15
20,2413,UGROCAP,EQ,111265,64681,58.13
20,2414,UHTL,ST,38000,36000,94.74
20,2415,UJJIVANSFB,EQ,7422535,3362661,45.30
20,2416,ULTRACEMCO,EQ,408880,197739,48.36
20,2417,UMA,SM,52000,36000,69.23
20,2418,UMANGDAIRY,EQ,85530,40508,47.36
20,2419,UMESLTD,EQ,142250,95224,66.94
20,2420,UNICHEMLAB,EQ,80395,35037,43.58
20,2421,UNIDT,EQ,48751,22718,46.60
20,2422,UNIECOM,EQ,612211,223612,36.53
20,2423,UNIENTER,EQ,9677,5087,52.57
20,2424,UNIHEALTH,SM,2000,1000,50.00
20,2425,UNIINFO,EQ,85676,27171,31.71
20,2426,UNILEX,SM,57600,51200,88.89
20,2427,UNIONBANK,EQ,10915461,3337534,30.58
20,2428,UNIPARTS,EQ,45949,28445,61.91
20,2429,UNITDSPR,EQ,462501,257039,55.58
20,2430,UNITEDTEA,EQ,327584,96715,29.52
20,2431,UNIVASTU,EQ,15541,10051,64.67
20,2432,UNIVCABLES,EQ,73232,34216,46.72
20,2433,UNIVPHOTO,EQ,30483,20546,67.40
20,2434,UNOMINDA,EQ,554878,365055,65.79
20,2435,UPL,EQ,2242153,1297347,57.86
20,2436,URBAN,ST,23600,23200,98.31
20,2437,USASEEDS,SM,600,300,50.00
20,2438,USHAFIN,SM,48800,46400,95.08
20,2439,USHAMART,EQ,257602,96310,37.39
20,2440,USK,EQ,83025,38836,46.78
20,2441,UTIAMC,EQ,106158,47040,44.31
20,2442,UTIBANKETF,EQ,41707,30168,72.33
20,2443,UTINEXT50,EQ,111913,70640,63.12
20,2444,UTINIFTETF,EQ,587611,578590,98.46
20,2445,UTISENSETF,EQ,1253,765,61.05
20,2446,UTISXN50,EQ,2846,1780,62.54
20,2447,UTKARSHBNK,EQ,1246630,585256,46.95
20,2448,UTSSAV,ST,88800,87600,98.65
20,2449,UTTAMSUGAR,EQ,39040,19732,50.54
20,2450,UWCSL,ST,11000,11000,100.00
20,2451,UYFINCORP,EQ,69322,38421,55.42
20,2452,VADILALIND,EQ,4409,2439,55.32
20,2453,VAIBHAVGBL,EQ,1226348,423265,34.51
20,2454,VAKRANGEE,EQ,10173949,3826929,37.61
20,2455,VAL30IETF,EQ,109225,48470,44.38
20,2456,VALIANTLAB,EQ,42377,22649,53.45
20,2457,VALIANTORG,EQ,41495,24504,59.05
20,2458,VARDHACRLC,EQ,27324,18120,66.32
20,2459,VARDMNPOLY,EQ,830484,647845,78.01
20,2460,VARROC,EQ,1916999,361362,18.85
20,2461,VASA,SM,4000,4000,100.00
20,2462,VASCONEQ,EQ,576621,304826,52.86
20,2463,VBL,EQ,3853671,2186927,56.75
20,2464,VDEAL,SM,16800,13200,78.57
20,2465,VEDL,EQ,10678273,3443925,32.25
20,2466,VEEDOL,EQ,8693,4991,57.41
20,2467,VEEKAYEM,ST,4500,4000,88.89
20,2468,VENKEYS,EQ,22925,10068,43.92
20,2469,VENUSPIPES,EQ,89232,43431,48.67
20,2470,VENUSREM,EQ,11924,6640,55.69
20,2471,VERA,ST,3000,3000,100.00
20,2472,VERANDA,EQ,169938,78174,46.00
20,2473,VERTOZ,EQ,1536806,806071,52.45
20,2474,VESUVIUS,EQ,3895,1838,47.19
20,2475,VGUARD,EQ,412291,150200,36.43
20,2476,VHL,EQ,2829,1170,41.36
20,2477,VIAZ,SM,44000,40000,90.91
20,2478,VIDHIING,EQ,153461,89705,58.45
20,2479,VIESL,SM,102400,71200,69.53
20,2480,VIJAYA,EQ,306203,173269,56.59
20,2481,VIKASECO,EQ,5216857,2646387,50.73
20,2482,VIKASLIFE,EQ,11096942,5379497,48.48
20,2483,VILAS,ST,14750,14750,100.00
20,2484,VILINBIO,SM,16000,16000,100.00
20,2485,VIMTALABS,EQ,118304,42000,35.50
20,2486,VINATIORGA,EQ,23497,10141,43.16
20,2487,VINCOFE,EQ,227311,143398,63.08
20,2488,VINDHYATEL,EQ,23887,14019,58.69
20,2489,VINEETLAB,EQ,10729,6606,61.57
20,2490,VINSYS,SM,29000,22500,77.59
20,2491,VINYAS,ST,3800,3400,89.47
20,2492,VINYLINDIA,EQ,22938,10129,44.16
20,2493,VIPCLOTHNG,EQ,1127915,596896,52.92
20,2494,VIPIND,EQ,508034,271704,53.48
20,2495,VIRINCHI,EQ,189849,110070,57.98
20,2496,VISAKAIND,EQ,232814,133764,57.46
20,2497,VISAMAN,SM,9000,9000,100.00
20,2498,VISHNU,EQ,180257,81724,45.34
20,2499,VISHNUINFR,ST,5500,5000,90.91
20,2500,VISHWARAJ,EQ,691966,326705,47.21
20,2501,VISHWAS,SM,11200,9600,85.71
20,2502,VITAL,SM,20400,14400,70.59
20,2503,VIVIANA,ST,21500,21375,99.42
20,2504,VIVIDHA,EQ,1668345,1028777,61.66
20,2505,VLINFRA,ST,4500,4500,100.00
20,2506,VLSFINANCE,EQ,38191,22918,60.01
20,2507,VMARCIND,ST,18250,18250,100.00
20,2508,VMART,EQ,10754,5437,50.56
20,2509,VOLTAMP,EQ,37697,14256,37.82
20,2510,VOLTAS,EQ,819472,423823,51.72
20,2511,VPRPL,EQ,842995,260787,30.94
20,2512,VR,ST,800,800,100.00
20,2513,VRAJ,EQ,196108,94142,48.01
20,2514,VRLLOG,EQ,61474,31313,50.94
20,2515,VSCL,SM,6000,6000,100.00
20,2516,VSSL,EQ,67910,38064,56.05
20,2517,VSTIND,EQ,268562,95853,35.69
20,2518,VSTL,EQ,15218,8845,58.12
20,2519,VSTTILLERS,EQ,5125,2158,42.11
20,2520,VTL,EQ,983254,318956,32.44
20,2521,WAAREEENER,EQ,3292067,634908,19.29
20,2522,WABAG,EQ,161834,66727,41.23
20,2523,WALCHANNAG,EQ,310448,172019,55.41
20,2524,WALPAR,SM,8000,6000,75.00
20,2525,WANBURY,EQ,405889,157785,38.87
20,2526,WCIL,EQ,162983,102498,62.89
20,2527,WEBELSOLAR,EQ,329374,157507,47.82
20,2528,WEIZMANIND,EQ,6735,3553,52.75
20,2529,WEL,EQ,644070,347920,54.02
20,2530,WELCORP,EQ,254114,95653,37.64
20,2531,WELENT,EQ,250442,157601,62.93
20,2532,WELINV,EQ,918,605,65.90
20,2533,WELSPUNLIV,EQ,5139078,2138106,41.60
20,2534,WENDT,EQ,457,228,49.89
20,2535,WESTLIFE,EQ,2329526,161990,6.95
20,2536,WEWIN,EQ,22081,11270,51.04
20,2537,WHEELS,EQ,14708,5685,38.65
20,2538,WHIRLPOOL,EQ,51620,20848,40.39
20,2539,WILLAMAGOR,EQ,24899,13897,55.81
20,2540,WINDLAS,EQ,21179,10712,50.58
20,2541,WINDMACHIN,EQ,573706,261458,45.57
20,2542,WINNY,SM,10000,5500,55.00
20,2543,WINSOL,SM,24000,18000,75.00
20,2544,WIPL,EQ,8812,4902,55.63
20,2545,WIPRO,EQ,7382211,3083574,41.77
20,2546,WOCKPHARMA,EQ,456475,286108,62.68
20,2547,WOL3D,SM,4000,4000,100.00
20,2548,WOMANCART,ST,1600,1600,100.00
20,2549,WONDERLA,EQ,68555,28049,40.91
20,2550,WORTH,EQ,9138,5355,58.60
20,2551,WSI,EQ,189571,62705,33.08
20,2552,WSTCSTPAPR,EQ,137848,66544,48.27
20,2553,WTICAB,ST,11000,10000,90.91
20,2554,XCHANGING,EQ,250174,87855,35.12
20,2555,XPROINDIA,EQ,39628,27706,69.92
20,2556,XTGLOBAL,EQ,50214,9148,18.22
20,2557,YASHO,EQ,10392,6570,63.22
20,2558,YASHOPTICS,SM,11200,8000,71.43
20,2559,YATHARTH,EQ,206495,97981,47.45
20,2560,YATRA,EQ,448082,248438,55.44
20,2561,YCCL,SM,36000,27000,75.00
20,2562,YESBANK,EQ,97287009,23715333,24.38
20,2563,YUDIZ,ST,2400,2400,100.00
20,2564,YUKEN,EQ,6628,4353,65.68
20,2565,ZEAL,SM,10800,6600,61.11
20,2566,ZEEL,EQ,8463206,3284231,38.81
20,2567,ZEELEARN,EQ,501906,258303,51.46
20,2568,ZENITHDRUG,ST,23200,17600,75.86
20,2569,ZENSARTECH,EQ,854707,303781,35.54
20,2570,ZENTEC,EQ,1158381,544325,46.99
20,2571,ZFCVINDIA,EQ,38329,27240,71.07
20,2572,ZIMLAB,EQ,140838,86895,61.70
20,2573,ZODIAC,EQ,32451,17430,53.71
20,2574,ZODIACLOTH,EQ,30209,23148,76.63
20,2575,ZOMATO,EQ,47302705,20576906,43.50
20,2576,ZOTA,EQ,114476,76134,66.51
20,2577,ZTECH,ST,44700,44700,100.00
20,2578,ZUARI,EQ,501507,178288,35.55
20,2579,ZUARIIND,EQ,91697,42006,45.81
20,2580,ZYDUSLIFE,EQ,650878,312771,48.05
20,2581,ZYDUSWELL,EQ,20032,6783,33.86
