Security Wise Delivery Position - Compulsory Rolling Settlement
10,MTO,19122024,1193483428,0002590
Trade Date <19-DEC-2024>,Settlement Type <N>
Record Type,Sr No,Name of Security,Quantity Traded,Deliverable Quantity(gross across client level),% of Deliverable Quantity to Traded Quantity
20,1,0MOFSL26,N1,150,150,100.00
20,2,1003IIFL29,NC,22,22,100.00
20,3,1003ISFL28,N4,80,80,100.00
20,4,1003SCL30A,NV,3,3,100.00
20,5,1015ECL29,NR,86,76,88.37
20,6,1018GS2026,GS,11702,11701,99.99
20,7,1025SCL34B,N1,662,662,100.00
20,8,1035UCL26,NA,15,15,100.00
20,9,1040UCL25,N4,10,10,100.00
20,10,1040UCL27B,N1,25,25,100.00
20,11,1049DLSL25,NX,38,38,100.00
20,12,1050ISFL28,N5,23,23,100.00
20,13,1050NFL26,N7,213,213,100.00
20,14,1050UCL25,N7,239,239,100.00
20,15,1060ECL29,NS,1,1,100.00
20,16,1065NFL27,NC,83,83,100.00
20,17,10CAGL27,N5,127,127,100.00
20,18,10IFSL26,N7,6,6,100.00
20,19,10IIFL28,N4,126,126,100.00
20,20,10IIFL28A,NE,163,163,100.00
20,21,10IIFL29,N6,82,82,100.00
20,22,10NIDO26,N6,675,565,83.70
20,23,10SCL30A,BV,3,3,100.00
20,24,11DLSL25,NV,4,4,100.00
20,25,182D060325,TB,100,100,100.00
20,26,182D100425,TB,100,100,100.00
20,27,360ONE,EQ,352663,180363,51.14
20,28,364D061125,TB,100,100,100.00
20,29,364D260625,TB,100,100,100.00
20,30,364D261224,TB,5100,5100,100.00
20,31,364D271125,TB,100,100,100.00
20,32,3IINFOLTD,EQ,494347,229890,46.50
20,33,3MINDIA,EQ,2250,1007,44.76
20,34,585GS2030,GS,3785,3485,92.07
20,35,5PAISA,EQ,26210,13409,51.16
20,36,63MOONS,EQ,731709,301514,41.21
20,37,667GS2035,GS,26441,26441,100.00
20,38,676GS2061,GS,15097,15097,100.00
20,39,689GS2025,GS,1,1,100.00
20,40,695GS2061,GS,2000,2000,100.00
20,41,699GS2026,GS,1720,1720,100.00
20,42,699GS2051,GS,35,35,100.00
20,43,699TN41,SG,12000,12000,100.00
20,44,702GS2027,GS,7452,7452,100.00
20,45,702GS2031,GS,112,110,98.21
20,46,704GS2029,GS,11200,11200,100.00
20,47,706GS2028,GS,44550,43550,97.76
20,48,709GS2054,GS,3200,3100,96.88
20,49,710GS2029,GS,5101,5100,99.98
20,50,716GS2050,GS,800,800,100.00
20,51,717GS2030,GS,45000,41500,92.22
20,52,718GS2037,GS,16700,16100,96.41
20,53,719GS2060,GS,799,400,50.06
20,54,71GS2034,GS,60,60,100.00
20,55,723GS2039,GS,200,200,100.00
20,56,725GS2063,GS,49161,41366,84.14
20,57,726GS2032,GS,2655,2653,99.92
20,58,726GS2033,GS,8800,8800,100.00
20,59,727GS2026,GS,547,547,100.00
20,60,729IRFC26,NN,35,25,71.43
20,61,729KA36,SG,10000,10000,100.00
20,62,732GS2030,GS,105,105,100.00
20,63,732IRFC25,NI,689,689,100.00
20,64,733GS2026,GS,1705,1705,100.00
20,65,734GS2064,GS,3613,3612,99.97
20,66,735IRFC31,NM,10,10,100.00
20,67,736GS2052,GS,2,1,50.00
20,68,737GS2028,GS,61,61,100.00
20,69,738GS2027,GS,171254,168432,98.35
20,70,738REC27TF,N2,311,311,100.00
20,71,739NHAI26,N8,1,1,100.00
20,72,73GS2053,GS,33000,33000,100.00
20,73,741GS2036,GS,39649,39649,100.00
20,74,743REC35,NH,82,82,100.00
20,75,746GS2073,GS,13194,13194,100.00
20,76,74GS2062,GS,15,15,100.00
20,77,753IRFC30,NJ,1,1,100.00
20,78,754GS2036,GS,621581,543664,87.46
20,79,759GS2026,GS,2,2,100.00
20,80,764HUDCO31,N8,450,450,100.00
20,81,764IRFC31,NO,50,50,100.00
20,82,764NABAR31,N2,50,50,100.00
20,83,769HUDCO31,N9,65,65,100.00
20,84,769IGT28,NH,1,1,100.00
20,85,769NHAI31,NE,547,545,99.63
20,86,76NHAI31,NA,1,1,100.00
20,87,774IREDA31,N7,134,134,100.00
20,88,78ABFL33,N4,24,24,100.00
20,89,79NHIT35,N1,114,114,100.00
20,90,79NHIT40,N2,124,114,91.94
20,91,79NHIT47,N3,144,114,79.17
20,92,801TCH25,N4,50,50,100.00
20,93,810IRFC27,N2,1497,1062,70.94
20,94,812REC27,NI,34,34,100.00
20,95,817GS2044,GS,2011,2000,99.45
20,96,81ABFL33,N5,190,190,100.00
20,97,81TCHF28,N8,50,50,100.00
20,98,820IIFL27,N9,12,12,100.00
20,99,828GS2027,GS,12443,11000,88.40
20,100,82IGT31,NJ,20,20,100.00
20,101,830CIFC26,N2,25,25,100.00
20,102,830NHAI27,N2,131,91,69.47
20,103,83TCHF25,N6,90,90,100.00
20,104,840CIFCL28,N4,215,165,76.74
20,105,842IIFL26,NL,210,210,100.00
20,106,843IHFL29,NC,570,570,100.00
20,107,846REC28,N6,40,40,100.00
20,108,849NTPC25,N7,94251,94250,100.00
20,109,850IIFL27,NA,500,500,100.00
20,110,850NHAI29,N5,1,1,100.00
20,111,862REC33,NA,40,40,100.00
20,112,865IIFL28,NS,410,410,100.00
20,113,865IRFC29,NA,2,2,100.00
20,114,865LTF26,NN,260,260,100.00
20,115,866SCFL25,Y8,1,1,100.00
20,116,871REC28,N9,565,515,91.15
20,117,873NTPC28,N5,28,2,7.14
20,118,875IIFL26A,NQ,50,50,100.00
20,119,875PCHFL26,N8,240,240,100.00
20,120,876HUDCO28,ND,2510,2100,83.67
20,121,87LTF27,NH,45,45,100.00
20,122,880IREDA29,N5,2,1,50.00
20,123,880IREDA34,N6,26,25,96.15
20,124,885MOFSL26,N0,125,125,100.00
20,125,885TCAPS29,NC,20,20,100.00
20,126,888IHFL25F,NC,3,3,100.00
20,127,888REC29,NF,257,257,100.00
20,128,889SCL27,YT,9,3,33.33
20,129,891NTPC33,N6,289,159,55.02
20,130,892PFCL33,N8,1736,1417,81.62
20,131,894SCL25,Z3,42,41,97.62
20,132,897MOFSL29,N4,415,415,100.00
20,133,901HUDCO34,NE,260,260,100.00
20,134,902SCL26I,AW,110,100,90.91
20,135,905LTF27,NF,29,29,100.00
20,136,910CAGL25,N7,30,30,100.00
20,137,910TCAP28,NA,1270,985,77.56
20,138,916SCL25,ZW,165,159,96.36
20,139,91D060225,TB,1000000,1000000,100.00
20,140,91D060325,TB,500000,500000,100.00
20,141,91D130325,TB,300,300,100.00
20,142,91D210225,TB,1000,1000,100.00
20,143,91MOFSL27,N2,30,20,66.67
20,144,925AEL26,N1,21,21,100.00
20,145,925SCL26F,N1,3,3,100.00
20,146,925SCL27,YR,50,50,100.00
20,147,92GS2030,GS,432,432,100.00
20,148,93MOFSL34,N6,473,473,100.00
20,149,943ECL28,NJ,310,300,96.77
20,150,945IFSL25,N4,386,386,100.00
20,151,948SCL26A,NN,119,68,57.14
20,152,94IFCI25,NL,100,100,100.00
20,153,957ISFL26,N2,200,200,100.00
20,154,957NIDO26,N5,12,12,100.00
20,155,960IIFLS26,N9,20,10,50.00
20,156,965AEL27,N4,380,375,98.68
20,157,965SCL25B,Y1,2,2,100.00
20,158,965SCL25C,N0,100,100,100.00
20,159,965SCL25F,NZ,5,5,100.00
20,160,96IIFL28,N5,1786,1685,94.34
20,161,96IIFL28A,NF,1236,1236,100.00
20,162,96SFIL24A,NB,13,13,100.00
20,163,970CAGL28,ND,55,55,100.00
20,164,985ECL28,NK,1232,1220,99.03
20,165,985IIFL22,NC,60,60,100.00
20,166,990SCFL26,AJ,20,10,50.00
20,167,990SCL27,YT,10,10,100.00
20,168,99AEL29,N7,770,770,100.00
20,169,9ICCL23A,N0,5,5,100.00
20,170,9IIFL28A,NT,274,274,100.00
20,171,9MMFSML,N2,1131,1131,100.00
20,172,9PEL25,N0,2,2,100.00
20,173,A2ZINFRA,EQ,1464531,787088,53.74
20,174,AAATECH,EQ,21407,11578,54.09
20,175,AADHARHFC,EQ,455230,216865,47.64
20,176,AAKASH,EQ,85382,39842,46.66
20,177,AARON,EQ,23472,10610,45.20
20,178,AARTECH,EQ,241832,121228,50.13
20,179,AARTIDRUGS,EQ,82324,31414,38.16
20,180,AARTIIND,EQ,1006346,411618,40.90
20,181,AARTIPHARM,EQ,371663,181149,48.74
20,182,AARVI,EQ,18823,11002,58.45
20,183,AATMAJ,SM,6000,2000,33.33
20,184,AAVAS,EQ,574472,409039,71.20
20,185,ABAN,EQ,45469,21535,47.36
20,186,ABB,EQ,233391,86307,36.98
20,187,ABBOTINDIA,EQ,20491,6318,30.83
20,188,ABCAPITAL,EQ,2440756,1059633,43.41
20,189,ABCOTS,ST,32500,27500,84.62
20,190,ABDL,EQ,737739,278178,37.71
20,191,ABFRL,EQ,1104827,384533,34.80
20,192,ABGSEC,EQ,211,185,87.68
20,193,ABHAPOWER,SM,243200,144000,59.21
20,194,ABREL,EQ,218634,135516,61.98
20,195,ABSLAMC,EQ,491428,281468,57.28
20,196,ABSLBANETF,EQ,47186,38280,81.13
20,197,ABSLLIQUID,EQ,2662,2118,79.56
20,198,ABSLNN50ET,EQ,23984,16598,69.20
20,199,ABSLPSE,EQ,561151,490636,87.43
20,200,ABSMARINE,SM,148000,100500,67.91
20,201,ACC,EQ,190294,101162,53.16
20,202,ACCELYA,EQ,9091,5085,55.93
20,203,ACCENTMIC,SM,13000,10500,80.77
20,204,ACCURACY,EQ,532595,275729,51.77
20,205,ACE,EQ,607588,188390,31.01
20,206,ACEINTEG,EQ,26716,11327,42.40
20,207,ACI,EQ,103961,42648,41.02
20,208,ACL,EQ,47861,30518,63.76
20,209,ACLGATI,EQ,346115,194789,56.28
20,210,ACMESOLAR,EQ,2258568,1137883,50.38
20,211,ADANIENSOL,EQ,978345,411286,42.04
20,212,ADANIENT,EQ,1181898,446986,37.82
20,213,ADANIGREEN,EQ,2938214,1055357,35.92
20,214,ADANIPORTS,EQ,1541271,469641,30.47
20,215,ADANIPOWER,EQ,3583001,1307947,36.50
20,216,ADFFOODS,EQ,234258,109421,46.71
20,217,ADORWELD,EQ,20086,14286,71.12
20,218,ADROITPP1,X1,5031,5031,100.00
20,219,ADSL,EQ,234257,113131,48.29
20,220,ADVANIHOTR,EQ,130915,57554,43.96
20,221,ADVENZYMES,EQ,172213,62214,36.13
20,222,AEGISLOG,EQ,516380,245200,47.48
20,223,AEROFLEX,EQ,1826411,620172,33.96
20,224,AERON,SM,111000,78000,70.27
20,225,AESTHETIK,SM,30000,16000,53.33
20,226,AETHER,EQ,31031,13724,44.23
20,227,AFCONS,EQ,2598682,1225790,47.17
20,228,AFFLE,EQ,461547,161596,35.01
20,229,AFFORDABLE,EQ,14461,12569,86.92
20,230,AFIL,EQ,91002,49882,54.81
20,231,AGARIND,EQ,81421,38790,47.64
20,232,AGARWALFT,SM,1500,1500,100.00
20,233,AGARWALTUF,SM,228000,163200,71.58
20,234,AGI,EQ,545225,218512,40.08
20,235,AGIIL,EQ,21753,11767,54.09
20,236,AGNI,SM,60000,30000,50.00
20,237,AGRITECH,EQ,7081,3153,44.53
20,238,AGROPHOS,EQ,41142,20147,48.97
20,239,AGSTRA,EQ,12084257,4614718,38.19
20,240,AGUL,SM,2000,2000,100.00
20,241,AHL,EQ,405304,245715,60.62
20,242,AHLADA,EQ,36180,18844,52.08
20,243,AHLEAST,EQ,10696,5376,50.26
20,244,AHLUCONT,EQ,69079,36305,52.56
20,245,AIAENG,EQ,17415,7795,44.76
20,246,AIIL,EQ,24495,11523,47.04
20,247,AIMTRON,ST,8800,8800,100.00
20,248,AIRAN,EQ,227960,97501,42.77
20,249,AIROLAM,EQ,126599,24586,19.42
20,250,AIRTELPP,E1,413990,346342,83.66
20,251,AISL,ST,3600,3600,100.00
20,252,AJANTPHARM,EQ,108113,59786,55.30
20,253,AJMERA,EQ,62232,14851,23.86
20,254,AJOONI,EQ,620708,416225,67.06
20,255,AKANKSHA,ST,26000,26000,100.00
20,256,AKASH,EQ,11777,3658,31.06
20,257,AKG,EQ,32557,23470,72.09
20,258,AKI,EQ,96394,68014,70.56
20,259,AKIKO,SM,16000,9600,60.00
20,260,AKSHARCHEM,EQ,17119,9246,54.01
20,261,AKUMS,EQ,216044,120561,55.80
20,262,AKZOINDIA,EQ,18830,7384,39.21
20,263,ALANKIT,EQ,854886,425569,49.78
20,264,ALBERTDAVD,EQ,9412,5708,60.65
20,265,ALEMBICLTD,EQ,979957,330031,33.68
20,266,ALICON,EQ,14434,7130,49.40
20,267,ALKALI,EQ,29853,18059,60.49
20,268,ALKEM,EQ,71302,32115,45.04
20,269,ALKYLAMINE,EQ,25039,11001,43.94
20,270,ALLCARGO,EQ,1356915,557398,41.08
20,271,ALLDIGI,EQ,4612,2539,55.05
20,272,ALLETEC,ST,42800,41200,96.26
20,273,ALOKINDS,EQ,6522414,2567975,39.37
20,274,ALPEXSOLAR,SM,116800,71600,61.30
20,275,ALPHA,EQ,1050652,590248,56.18
20,276,ALPHAETF,EQ,799751,612775,76.62
20,277,ALPHAGEO,EQ,50129,16385,32.69
20,278,ALPL30IETF,EQ,1527265,1322963,86.62
20,279,ALUWIND,ST,15000,13500,90.00
20,280,AMBANIORGO,ST,70000,70000,100.00
20,281,AMBER,EQ,555348,227322,40.93
20,282,AMBEY,SM,34000,24000,70.59
20,283,AMBICAAGAR,EQ,32644,8630,26.44
20,284,AMBIKCO,EQ,10147,4438,43.74
20,285,AMBUJACEM,EQ,1365560,742519,54.37
20,286,AMDIND,EQ,13842,5894,42.58
20,287,AMEYA,ST,2000,2000,100.00
20,288,AMIABLE,SM,8000,3200,40.00
20,289,AMIORG,EQ,114815,38782,33.78
20,290,AMJLAND,EQ,206230,80785,39.17
20,291,AMNPLST,EQ,2716,2133,78.53
20,292,AMRUTANJAN,EQ,12910,9524,73.77
20,293,ANANDRATHI,EQ,25799,14543,56.37
20,294,ANANTRAJ,EQ,2090072,699467,33.47
20,295,ANDHRAPAP,EQ,227580,81985,36.02
20,296,ANDHRSUGAR,EQ,172742,85037,49.23
20,297,ANGELONE,EQ,1383967,261710,18.91
20,298,ANLON,SM,6800,5600,82.35
20,299,ANMOL,EQ,100806,41129,40.80
20,300,ANNAPURNA,SM,127250,91000,71.51
20,301,ANUP,EQ,47094,17961,38.14
20,302,ANURAS,EQ,47893,12451,26.00
20,303,APARINDS,EQ,40527,17236,42.53
20,304,APCL,EQ,14816,7952,53.67
20,305,APCOTEXIND,EQ,75908,29766,39.21
20,306,APEX,EQ,68578,23085,33.66
20,307,APEXECO,SM,134400,88000,65.48
20,308,APLAPOLLO,EQ,409832,229197,55.92
20,309,APLLTD,EQ,152369,77668,50.97
20,310,APOLLO,EQ,1101162,494498,44.91
20,311,APOLLOHOSP,EQ,292899,146153,49.90
20,312,APOLLOPIPE,EQ,29278,15680,53.56
20,313,APOLLOTYRE,EQ,704464,369657,52.47
20,314,APOLSINHOT,EQ,1477,867,58.70
20,315,APRAMEYA,ST,48000,48000,100.00
20,316,APS,ST,29750,21250,71.43
20,317,APTECHT,EQ,132981,58020,43.63
20,318,APTUS,EQ,691494,476916,68.97
20,319,ARABIAN,SM,26000,20000,76.92
20,320,ARCHIDPLY,EQ,49582,46775,94.34
20,321,ARE&M,EQ,342377,196900,57.51
20,322,ARHAM,SM,44000,33000,75.00
20,323,ARIHANTACA,ST,800,800,100.00
20,324,ARIHANTCAP,EQ,272654,118685,43.53
20,325,ARIHANTSUP,EQ,98425,37354,37.95
20,326,ARISTO,ST,1600,1600,100.00
20,327,ARKADE,EQ,1114294,482817,43.33
20,328,ARMANFIN,EQ,21481,13210,61.50
20,329,AROGRANITE,EQ,7024,5186,73.83
20,330,ARROWGREEN,EQ,38108,22267,58.43
20,331,ARTEMISMED,EQ,368371,160569,43.59
20,332,ARVEE,EQ,1444,772,53.46
20,333,ARVIND,EQ,377644,148234,39.25
20,334,ARVINDFASN,EQ,543195,343997,63.33
20,335,ARVINDPORT,ST,22500,21000,93.33
20,336,ARVSMART,EQ,48742,24892,51.07
20,337,ASAHIINDIA,EQ,86408,34822,40.30
20,338,ASAHISONG,EQ,7129,5141,72.11
20,339,ASAL,EQ,19785,8099,40.94
20,340,ASALCBR,EQ,37517,21316,56.82
20,341,ASHALOG,ST,16000,15000,93.75
20,342,ASHAPURMIN,EQ,227701,119138,52.32
20,343,ASHIANA,EQ,423306,234196,55.33
20,344,ASHOKA,EQ,3365970,1049378,31.18
20,345,ASHOKLEY,EQ,4576282,1528682,33.40
20,346,ASIANENE,EQ,539988,269923,49.99
20,347,ASIANHOTNR,EQ,6477,3414,52.71
20,348,ASIANPAINT,EQ,2784410,1398841,50.24
20,349,ASIANTILES,EQ,373530,169183,45.29
20,350,ASKAUTOLTD,EQ,289976,72591,25.03
20,351,ASLIND,SM,34000,28000,82.35
20,352,ASMS,EQ,361505,223192,61.74
20,353,ASPINWALL,EQ,26736,22911,85.69
20,354,ASPIRE,ST,42000,42000,100.00
20,355,ASTEC,EQ,8522,6407,75.18
20,356,ASTERDM,EQ,626475,342233,54.63
20,357,ASTRAL,EQ,226679,129074,56.94
20,358,ASTRAMICRO,EQ,230346,85779,37.24
20,359,ASTRAZEN,EQ,5472,1395,25.49
20,360,ASTRON,EQ,121552,53680,44.16
20,361,ATAM,EQ,12158,7324,60.24
20,362,ATFL,EQ,28180,19646,69.72
20,363,ATGL,EQ,562043,205276,36.52
20,364,ATL,EQ,267450,133238,49.82
20,365,ATMASTCO,ST,55200,48800,88.41
20,366,ATUL,EQ,24591,9570,38.92
20,367,ATULAUTO,EQ,96322,32444,33.68
20,368,AUBANK,EQ,2328195,1214302,52.16
20,369,AURDIS,SM,3125,3125,100.00
20,370,AURIONPRO,EQ,104645,46688,44.62
20,371,AUROIMPEX,SM,12800,9600,75.00
20,372,AUROPHARMA,EQ,1171752,424602,36.24
20,373,AURUMPP1,X1,640,620,96.88
20,374,AUSL,SM,8000,6000,75.00
20,375,AUTOAXLES,EQ,4853,3133,64.56
20,376,AUTOBEES,EQ,190636,125982,66.09
20,377,AUTOIETF,EQ,640458,266449,41.60
20,378,AUTOIND,EQ,84220,47825,56.79
20,379,AVADHSUGAR,EQ,69518,21215,30.52
20,380,AVALON,EQ,1590497,537685,33.81
20,381,AVANTEL,EQ,402081,150793,37.50
20,382,AVANTIFEED,EQ,320541,63124,19.69
20,383,AVG,EQ,72959,45249,62.02
20,384,AVIANSH,SM,24000,18000,75.00
20,385,AVL,EQ,266405,175140,65.74
20,386,AVONMORE,EQ,806315,577086,71.57
20,387,AVPINFRA,ST,124800,116800,93.59
20,388,AVTNPL,EQ,70189,49527,70.56
20,389,AWFIS,EQ,847372,441464,52.10
20,390,AWHCL,EQ,119404,52045,43.59
20,391,AWL,EQ,549823,280289,50.98
20,392,AXISBANK,EQ,11677610,8568243,73.37
20,393,AXISBNKETF,EQ,707,378,53.47
20,394,AXISBPSETF,EQ,238071,227229,95.45
20,395,AXISCADES,EQ,224838,104078,46.29
20,396,AXISCETF,EQ,912,779,85.42
20,397,AXISGOLD,EQ,243775,146655,60.16
20,398,AXISHCETF,EQ,4320,3728,86.30
20,399,AXISILVER,EQ,52409,47018,89.71
20,400,AXISNIFTY,EQ,7298,6742,92.38
20,401,AXISTECETF,EQ,1024,551,53.81
20,402,AXITA,EQ,2054800,642979,31.29
20,403,AXSENSEX,EQ,2718,1133,41.69
20,404,AZAD,EQ,113717,39172,34.45
20,405,BABAFP,SM,1600,1600,100.00
20,406,BAGFILMS,EQ,2424509,1314170,54.20
20,407,BAHETI,ST,3375,3375,100.00
20,408,BAIDFIN,EQ,1424892,616111,43.24
20,409,BAJAJ-AUTO,EQ,516640,352532,68.24
20,410,BAJAJCON,EQ,938690,379674,40.45
20,411,BAJAJELEC,EQ,14944,5274,35.29
20,412,BAJAJFINSV,EQ,1681562,850126,50.56
20,413,BAJAJHCARE,EQ,6266141,637757,10.18
20,414,BAJAJHFL,EQ,14579226,6946724,47.65
20,415,BAJAJHIND,EQ,8797904,2445350,27.79
20,416,BAJAJHLDNG,EQ,117845,62705,53.21
20,417,BAJEL,EQ,488072,161096,33.01
20,418,BAJFINANCE,EQ,907675,504296,55.56
20,419,BALAJEE,EQ,227307,81291,35.76
20,420,BALAJITELE,EQ,891031,295875,33.21
20,421,BALAMINES,EQ,31031,15516,50.00
20,422,BALAXI,EQ,21248,17000,80.01
20,423,BALCO,ST,2400,2400,100.00
20,424,BALKRISHNA,EQ,47660,25565,53.64
20,425,BALKRISIND,EQ,288316,192410,66.74
20,426,BALMLAWRIE,EQ,151577,75063,49.52
20,427,BALRAMCHIN,EQ,775894,135140,17.42
20,428,BALUFORGE,EQ,476314,163508,34.33
20,429,BANARISUG,EQ,1776,1076,60.59
20,430,BANCOINDIA,EQ,77108,36792,47.71
20,431,BANDHANBNK,EQ,4852045,2013554,41.50
20,432,BANKA,EQ,30600,11396,37.24
20,433,BANKBARODA,EQ,6211727,2120292,34.13
20,434,BANKBEES,EQ,698201,440843,63.14
20,435,BANKBETF,EQ,26340,25580,97.11
20,436,BANKETF,EQ,17326,11952,68.98
20,437,BANKETFADD,EQ,6961,6112,87.80
20,438,BANKIETF,EQ,492327,313657,63.71
20,439,BANKINDIA,EQ,4796423,1643290,34.26
20,440,BANKNIFTY1,EQ,27889,24206,86.79
20,441,BANKPSU,EQ,12240,12232,99.93
20,442,BANSALWIRE,EQ,133086,70386,52.89
20,443,BANSWRAS,EQ,100468,59284,59.01
20,444,BARBEQUE,EQ,41802,22759,54.44
20,445,BASF,EQ,53258,28871,54.21
20,446,BASILIC,ST,44100,43500,98.64
20,447,BATAINDIA,EQ,127455,60263,47.28
20,448,BAWEJA,SM,12800,8800,68.75
20,449,BAYERCROP,EQ,32510,9163,28.19
20,450,BBETF0432,EQ,564,531,94.15
20,451,BBL,EQ,20812,10684,51.34
20,452,BBNPNBETF,EQ,526,523,99.43
20,453,BBNPPGOLD,EQ,731,656,89.74
20,454,BBOX,EQ,145791,87117,59.75
20,455,BBTC,EQ,36793,11353,30.86
20,456,BBTCL,EQ,1012,516,50.99
20,457,BCLIND,EQ,1312068,485493,37.00
20,458,BCONCEPTS,EQ,11047,5757,52.11
20,459,BDL,EQ,648958,336445,51.84
20,460,BEACON,SM,33000,18000,54.55
20,461,BEARDSELL,EQ,79819,59200,74.17
20,462,BECTORFOOD,EQ,209565,145242,69.31
20,463,BEDMUTHA,EQ,11963,6688,55.91
20,464,BEL,EQ,13349532,6494194,48.65
20,465,BEML,EQ,141291,35032,24.79
20,466,BEPL,EQ,730475,233041,31.90
20,467,BERGEPAINT,EQ,1734273,954042,55.01
20,468,BESTAGRO,EQ,51645,22058,42.71
20,469,BETA,SM,2700,1500,55.56
20,470,BEWLTD,ST,57500,57000,99.13
20,471,BFINVEST,EQ,27745,12577,45.33
20,472,BFSI,EQ,128457,98276,76.50
20,473,BHAGCHEM,EQ,35574,19144,53.81
20,474,BHAGYANGR,EQ,92513,39725,42.94
20,475,BHANDARI,EQ,728611,451473,61.96
20,476,BHARATFORG,EQ,1019636,573248,56.22
20,477,BHARATGEAR,EQ,30355,14279,47.04
20,478,BHARATRAS,EQ,3432,2228,64.92
20,479,BHARATWIRE,EQ,53473,28522,53.34
20,480,BHARTIARTL,EQ,5865855,3569548,60.85
20,481,BHARTIHEXA,EQ,1083220,433077,39.98
20,482,BHEL,EQ,10935031,4134072,37.81
20,483,BHINVIT,IV,146430,119799,81.81
20,484,BIGBLOC,EQ,315712,134797,42.70
20,485,BIKAJI,EQ,550682,319917,58.09
20,486,BIKEWO,SM,30000,24000,80.00
20,487,BIOCON,EQ,1729883,616452,35.64
20,488,BIOFILCHEM,EQ,21587,11235,52.05
20,489,BIRDYS,SM,1200,1200,100.00
20,490,BIRET,RR,322595,302832,93.87
20,491,BIRLACABLE,EQ,30287,15182,50.13
20,492,BIRLACORPN,EQ,40097,18202,45.39
20,493,BIRLAMONEY,EQ,2693823,517959,19.23
20,494,BLACKBUCK,EQ,1105717,398848,36.07
20,495,BLAL,EQ,82334,31800,38.62
20,496,BLBLIMITED,EQ,370245,245872,66.41
20,497,BLISSGVS,EQ,874683,221965,25.38
20,498,BLKASHYAP,EQ,299170,172641,57.71
20,499,BLS,EQ,4621084,1188561,25.72
20,500,BLSE,EQ,193694,78558,40.56
20,501,BLUECOAST,EQ,502,502,100.00
20,502,BLUEDART,EQ,4091,1616,39.50
20,503,BLUEJET,EQ,1447724,782530,54.05
20,504,BLUEPEBBLE,SM,18800,10800,57.45
20,505,BLUESTARCO,EQ,174978,88187,50.40
20,506,BMETRICS,SM,8000,6400,80.00
20,507,BODALCHEM,EQ,342129,177349,51.84
20,508,BOMDYEING,EQ,1020646,370343,36.29
20,509,BOROLTD,EQ,103155,34352,33.30
20,510,BORORENEW,EQ,1539337,825658,53.64
20,511,BOROSCI,EQ,72351,31272,43.22
20,512,BOSCHLTD,EQ,19139,10692,55.86
20,513,BOSS,ST,20000,18000,90.00
20,514,BPCL,EQ,11822064,4613331,39.02
20,515,BPL,EQ,311213,117531,37.77
20,516,BRACEPORT,ST,1600,1600,100.00
20,517,BRIGADE,EQ,418038,135769,32.48
20,518,BRITANNIA,EQ,247805,108109,43.63
20,519,BRNL,EQ,30147,16925,56.14
20,520,BSE,EQ,1996884,421672,21.12
20,521,BSE500IETF,EQ,274645,122781,44.71
20,522,BSHSL,EQ,10489,6079,57.96
20,523,BSL,EQ,95161,26192,27.52
20,524,BSLGOLDETF,EQ,24507,14396,58.74
20,525,BSLNIFTY,EQ,239874,182471,76.07
20,526,BSLSENETFG,EQ,7031,4381,62.31
20,527,BSOFT,EQ,1297096,616246,47.51
20,528,BTML,EQ,151995,109092,71.77
20,529,BULKCORP,SM,48000,44400,92.50
20,530,BURNPUR,EQ,164950,98170,59.52
20,531,BUTTERFLY,EQ,4469,2178,48.74
20,532,BVCL,EQ,32014,23396,73.08
20,533,C2C,SM,792600,397200,50.11
20,534,CADSYS,ST,6500,6500,100.00
20,535,CAGL25A,N4,67,67,100.00
20,536,CAMLINFINE,EQ,648671,288772,44.52
20,537,CAMPUS,EQ,204640,70584,34.49
20,538,CAMS,EQ,363099,117578,32.38
20,539,CANARYS,SM,448000,280000,62.50
20,540,CANBK,EQ,17354119,7173058,41.33
20,541,CANFINHOME,EQ,435621,170890,39.23
20,542,CANTABIL,EQ,558713,367099,65.70
20,543,CAPACITE,EQ,1261088,550839,43.68
20,544,CAPITALSFB,EQ,31350,19341,61.69
20,545,CAPLIPOINT,EQ,95543,43350,45.37
20,546,CARBORUNIV,EQ,87123,55671,63.90
20,547,CAREERP,EQ,110268,7041,6.39
20,548,CARERATING,EQ,22745,10942,48.11
20,549,CARTRADE,EQ,248416,88426,35.60
20,550,CARYSIL,EQ,56200,26477,47.11
20,551,CASTROLIND,EQ,2722263,751890,27.62
20,552,CBAZAAR,SM,16000,16000,100.00
20,553,CCL,EQ,218676,77929,35.64
20,554,CDSL,EQ,2579536,630521,24.44
20,555,CEATLTD,EQ,190287,39700,20.86
20,556,CEIGALL,EQ,130138,61571,47.31
20,557,CELEBRITY,EQ,45014,26608,59.11
20,558,CELLECOR,ST,429000,372000,86.71
20,559,CELLO,EQ,208438,61616,29.56
20,560,CELLPOINT,SM,15600,14400,92.31
20,561,CENTENKA,EQ,88819,29354,33.05
20,562,CENTEXT,EQ,139570,85001,60.90
20,563,CENTRALBK,EQ,4349828,986516,22.68
20,564,CENTRUM,EQ,393490,208199,52.91
20,565,CENTUM,EQ,198011,50226,25.37
20,566,CENTURYPLY,EQ,48770,16989,34.83
20,567,CERA,EQ,7779,2673,34.36
20,568,CESC,EQ,4474807,1139805,25.47
20,569,CGCL,EQ,49361,22408,45.40
20,570,CGPOWER,EQ,1129629,560823,49.65
20,571,CGRAPHICS,SM,96800,79200,81.82
20,572,CHALET,EQ,340987,97231,28.51
20,573,CHAMBLFERT,EQ,1740112,431526,24.80
20,574,CHAVDA,SM,29000,16000,55.17
20,575,CHEMBOND,EQ,64475,43116,66.87
20,576,CHEMCON,EQ,22714,10736,47.27
20,577,CHEMFAB,EQ,5164,2337,45.26
20,578,CHEMPLASTS,EQ,77031,31111,40.39
20,579,CHENNPETRO,EQ,5885038,573746,9.75
20,580,CHETANA,SM,20800,14400,69.23
20,581,CHEVIOT,EQ,4038,2374,58.79
20,582,CHOICEIN,EQ,186990,39634,21.20
20,583,CHOLAFIN,EQ,1664959,1033155,62.05
20,584,CHOLAHLDNG,EQ,136738,71845,52.54
20,585,CIEINDIA,EQ,98994,45156,45.61
20,586,CIGNITITEC,EQ,103791,41273,39.77
20,587,CINELINE,EQ,79186,51999,65.67
20,588,CINEVISTA,EQ,23889,15141,63.38
20,589,CIPLA,EQ,3426222,1742111,50.85
20,590,CLEAN,EQ,241483,83348,34.52
20,591,CLEDUCATE,EQ,178383,99345,55.69
20,592,CLOUD,ST,61000,59000,96.72
20,593,CLSEL,EQ,309760,60909,19.66
20,594,CLSL,SM,12000,6000,50.00
20,595,CMMIPL,SZ,30000,30000,100.00
20,596,CMNL,ST,12000,10500,87.50
20,597,CMRSL,SM,4000,3200,80.00
20,598,CMSINFO,EQ,270748,142008,52.45
20,599,COALINDIA,EQ,5745829,2896129,50.40
20,600,COASTCORP,EQ,152639,50595,33.15
20,601,COFORGE,EQ,654193,226865,34.68
20,602,COLPAL,EQ,184038,91350,49.64
20,603,COMMITTED,ST,268800,246400,91.67
20,604,COMMOIETF,EQ,122942,77618,63.13
20,605,COMPUSOFT,EQ,172206,70899,41.17
20,606,COMSYN,EQ,1347518,253002,18.78
20,607,CONCOR,EQ,595885,279874,46.97
20,608,CONCORDBIO,EQ,121853,10803,8.87
20,609,CONFIPET,EQ,596016,303924,50.99
20,610,CONS,EQ,2891,2849,98.55
20,611,CONSOFINVT,EQ,17030,10342,60.73
20,612,CONSUMBEES,EQ,71904,42992,59.79
20,613,CONSUMIETF,EQ,10361,5590,53.95
20,614,CONTI,ST,6666,6666,100.00
20,615,CONTROLPR,EQ,8650,5099,58.95
20,616,COOLCAPS,ST,31000,29500,95.16
20,617,CORDSCABLE,EQ,56018,30625,54.67
20,618,COROMANDEL,EQ,881503,322238,36.56
20,619,COSMOFIRST,EQ,537602,173829,32.33
20,620,COUNCODOS,EQ,145102,68200,47.00
20,621,CPS,ST,3000,3000,100.00
20,622,CPSEETF,EQ,1836891,1146526,62.42
20,623,CRAFTSMAN,EQ,234611,39561,16.86
20,624,CRAYONS,SM,72000,69000,95.83
20,625,CREATIVE,EQ,15610,7537,48.28
20,626,CREDITACC,EQ,464585,293633,63.20
20,627,CREST,EQ,16435,8438,51.34
20,628,CRISIL,EQ,24637,7241,29.39
20,629,CROMPTON,EQ,1354246,981075,72.44
20,630,CSBBANK,EQ,353255,186648,52.84
20,631,CSLFINANCE,EQ,35141,16676,47.45
20,632,CTE,EQ,80231,37239,46.41
20,633,CUB,EQ,2371468,852654,35.95
20,634,CUBEXTUB,EQ,67912,45234,66.61
20,635,CUMMINSIND,EQ,863891,518258,59.99
20,636,CUPID,EQ,691697,332331,48.05
20,637,CYBERMEDIA,EQ,62921,27411,43.56
20,638,CYIENT,EQ,245568,132000,53.75
20,639,CYIENTDLM,EQ,185251,73563,39.71
20,640,DABUR,EQ,1583630,865301,54.64
20,641,DALBHARAT,EQ,79510,26651,33.52
20,642,DALMIASUG,EQ,95757,32685,34.13
20,643,DAMODARIND,EQ,25055,10743,42.88
20,644,DANGEE,EQ,128861,65402,50.75
20,645,DANISH,SM,130500,57600,44.14
20,646,DATAMATICS,EQ,112600,53368,47.40
20,647,DATAPATTNS,EQ,110893,31526,28.43
20,648,DAVANGERE,EQ,1979833,1093903,55.25
20,649,DBCORP,EQ,35635,14529,40.77
20,650,DBEIL,EQ,559710,208186,37.20
20,651,DBL,EQ,202976,104928,51.69
20,652,DBOL,EQ,87235,53847,61.73
20,653,DBREALTY,EQ,6318336,2250407,35.62
20,654,DBSTOCKBRO,EQ,11625,2096,18.03
20,655,DCAL,EQ,1234665,374198,30.31
20,656,DCBBANK,EQ,757274,349108,46.10
20,657,DCG,SM,48000,32400,67.50
20,658,DCI,EQ,13957,7993,57.27
20,659,DCM,EQ,112904,45901,40.65
20,660,DCMNVL,EQ,8644,6216,71.91
20,661,DCMSHRIRAM,EQ,62001,35433,57.15
20,662,DCMSRIND,EQ,123949,55786,45.01
20,663,DCW,EQ,974657,470325,48.26
20,664,DCXINDIA,EQ,1059146,557588,52.65
20,665,DECCANCE,EQ,3629,1012,27.89
20,666,DECCANTRAN,ST,42000,42000,100.00
20,667,DEEDEV,EQ,232211,105249,45.32
20,668,DEEM,SM,5000,5000,100.00
20,669,DEEPAKFERT,EQ,1782047,559767,31.41
20,670,DEEPAKNTR,EQ,92539,33228,35.91
20,671,DEEPINDS,EQ,198134,77271,39.00
20,672,DELAPLEX,SM,16200,13800,85.19
20,673,DELHIVERY,EQ,2409187,704858,29.26
20,674,DELTACORP,EQ,721016,269596,37.39
20,675,DELTAMAGNT,EQ,19732,9958,50.47
20,676,DEN,EQ,732122,353524,48.29
20,677,DENEERS,ST,14400,13200,91.67
20,678,DENORA,EQ,4577,2088,45.62
20,679,DENTALKART,SM,27500,19750,71.82
20,680,DESTINY,ST,1500,1500,100.00
20,681,DEVIT,EQ,91956,50261,54.66
20,682,DEVYANI,EQ,1582746,967681,61.14
20,683,DHAMPURSUG,EQ,428120,171309,40.01
20,684,DHANBANK,EQ,1343029,432921,32.23
20,685,DHANI,EQ,2626340,968254,36.87
20,686,DHANLAXMI,ST,8000,8000,100.00
20,687,DHANUKA,EQ,37470,17454,46.58
20,688,DHARIWAL,SM,3600,2400,66.67
20,689,DHARMAJ,EQ,37966,15862,41.78
20,690,DHRUV,EQ,37238,22129,59.43
20,691,DHTL,ST,800,800,100.00
20,692,DHUNINV,EQ,413,335,81.11
20,693,DIAMINESQ,EQ,8986,5817,64.73
20,694,DIAMONDYD,EQ,547545,446629,81.57
20,695,DICIND,EQ,4654,2551,54.81
20,696,DIFFNKG,EQ,214897,112029,52.13
20,697,DIGIDRIVE,EQ,92478,40107,43.37
20,698,DIGIKORE,ST,15200,14600,96.05
20,699,DISHTV,EQ,14739060,6462441,43.85
20,700,DIVGIITTS,EQ,24280,11481,47.29
20,701,DIVISLAB,EQ,451008,302722,67.12
20,702,DIVOPPBEES,EQ,71035,50824,71.55
20,703,DIXON,EQ,437462,219565,50.19
20,704,DJML,EQ,147346,93362,63.36
20,705,DKEGL,SM,3000,1500,50.00
20,706,DLF,EQ,2850728,1275996,44.76
20,707,DLINKINDIA,EQ,225313,94847,42.10
20,708,DLSL25,NW,69,69,100.00
20,709,DMART,EQ,684534,415131,60.64
20,710,DMCC,EQ,109464,43349,39.60
20,711,DNAMEDIA,EQ,169552,134698,79.44
20,712,DODLA,EQ,32718,12925,39.50
20,713,DOLATALGO,EQ,307128,117987,38.42
20,714,DOLLAR,EQ,80437,41355,51.41
20,715,DOLLEX,SM,32000,16000,50.00
20,716,DOMS,EQ,3414277,2835645,83.05
20,717,DONEAR,EQ,538884,212912,39.51
20,718,DPABHUSHAN,EQ,15224,5457,35.84
20,719,DPEL,ST,58500,58500,100.00
20,720,DPSCLTD,EQ,140837,94914,67.39
20,721,DPWIRES,EQ,7622,3948,51.80
20,722,DRCSYSTEMS,EQ,1272368,977561,76.83
20,723,DREAMFOLKS,EQ,101857,51236,50.30
20,724,DREDGECORP,EQ,10042,4497,44.78
20,725,DRONE,ST,33000,31000,93.94
20,726,DRREDDY,EQ,7185903,2991542,41.63
20,727,DRSDILIP,ST,800,800,100.00
20,728,DSSL,EQ,50879,25964,51.03
20,729,DTIL,EQ,38327,11041,28.81
20,730,DTL,SM,50400,42000,83.33
20,731,DUCOL,SM,13600,12800,94.12
20,732,DUCON,EQ,422423,255223,60.42
20,733,DUGLOBAL,SM,22500,17500,77.78
20,734,DURLAX,SM,30000,28000,93.33
20,735,DVL,EQ,40928,18438,45.05
20,736,DWARKESH,EQ,936703,290605,31.02
20,737,DYCL,EQ,113300,45432,40.10
20,738,DYNAMATECH,EQ,11283,3181,28.19
20,739,DYNAMIC,ST,18500,18000,97.30
20,740,DYNPRO,EQ,8551,5502,64.34
20,741,EASEMYTRIP,EQ,14844840,6159304,41.49
20,742,EBANKNIFTY,EQ,3907,3891,99.59
20,743,EBBETF0425,EQ,76972,76940,99.96
20,744,EBBETF0430,EQ,4233,2934,69.31
20,745,EBBETF0431,EQ,13697,12223,89.24
20,746,EBBETF0433,EQ,830,774,93.25
20,747,ECLERX,EQ,127186,83784,65.88
20,748,ECOSMOBLTY,EQ,104572,36029,34.45
20,749,EDELWEISS,EQ,4259934,1570341,36.86
20,750,EFACTOR,ST,5600,4800,85.71
20,751,EFFWA,ST,13600,13600,100.00
20,752,EFORCE,SM,24000,18000,75.00
20,753,EGOLD,EQ,1829,1798,98.31
20,754,EICHERMOT,EQ,500287,312037,62.37
20,755,EIDPARRY,EQ,812824,217725,26.79
20,756,EIEL,EQ,55127588,5026105,9.12
20,757,EIHAHOTELS,EQ,52148,24573,47.12
20,758,EIHOTEL,EQ,502260,192499,38.33
20,759,EIMCOELECO,EQ,34529,22228,64.37
20,760,EKC,EQ,540089,164911,30.53
20,761,ELDEHSG,EQ,640,458,71.56
20,762,ELECON,EQ,240765,80443,33.41
20,763,ELECTCAST,EQ,1778920,922495,51.86
20,764,ELGIEQUIP,EQ,91196,37359,40.97
20,765,ELGIRUBCO,EQ,67999,28437,41.82
20,766,ELIN,EQ,242468,84478,34.84
20,767,EMAMILTD,EQ,784328,415960,53.03
20,768,EMAMIPAP,EQ,114731,43785,38.16
20,769,EMBASSY,RR,365756,343714,93.97
20,770,EMBDL,EQ,3339183,1147409,34.36
20,771,EMCURE,EQ,43812,22124,50.50
20,772,EMIL,EQ,1169946,1017555,86.97
20,773,EMKAYTOOLS,SM,2400,1650,68.75
20,774,EMMBI,EQ,651770,165593,25.41
20,775,EMMIL,ST,14000,13250,94.64
20,776,EMSLIMITED,EQ,1005823,231352,23.00
20,777,EMUDHRA,EQ,392191,100631,25.66
20,778,EMULTIMQ,EQ,51740,48955,94.62
20,779,ENDURANCE,EQ,34986,14522,41.51
20,780,ENFUSE,ST,1800,1800,100.00
20,781,ENGINERSIN,EQ,1591775,469149,29.47
20,782,ENIL,EQ,38164,23846,62.48
20,783,ENSER,ST,9000,9000,100.00
20,784,ENTERO,EQ,77543,41342,53.31
20,785,ENVIRO,SM,406000,226000,55.67
20,786,EPIGRAL,EQ,43973,15185,34.53
20,787,EPL,EQ,522523,204545,39.15
20,788,EQUAL50ADD,EQ,49934,34838,69.77
20,789,EQUITASBNK,EQ,2551788,1433718,56.18
20,790,ERIS,EQ,88624,27187,30.68
20,791,ESABINDIA,EQ,888,405,45.61
20,792,ESAFSFB,EQ,497830,255584,51.34
20,793,ESCONET,ST,19600,17200,87.76
20,794,ESCORTS,EQ,138774,48050,34.62
20,795,ESFL,ST,48240,46440,96.27
20,796,ESG,EQ,66786,61919,92.71
20,797,ESILVER,EQ,77353,76156,98.45
20,798,ESPRIT,SM,19200,12800,66.67
20,799,ESTER,EQ,164149,53902,32.84
20,800,ETHOSLTD,EQ,40065,15975,39.87
20,801,ETML,ST,289200,258000,89.21
20,802,EUREKAFORB,EQ,348911,198390,56.86
20,803,EUROBOND,SM,3000,3000,100.00
20,804,EVEREADY,EQ,170178,62032,36.45
20,805,EVERESTIND,EQ,16049,8203,51.11
20,806,EVINDIA,EQ,569962,393419,69.03
20,807,EXCELINDUS,EQ,38143,23312,61.12
20,808,EXCELLENT,SM,6400,6400,100.00
20,809,EXICOM,EQ,285445,133736,46.85
20,810,EXIDEIND,EQ,1395312,429529,30.78
20,811,EXPLEOSOL,EQ,32460,16376,50.45
20,812,EXXARO,EQ,1196335,423951,35.44
20,813,FACT,EQ,470365,61503,13.08
20,814,FAIRCHEMOR,EQ,502827,103147,20.51
20,815,FALCONTECH,SM,12000,10800,90.00
20,816,FAZE3Q,EQ,12717,8030,63.14
20,817,FCL,EQ,118432,51859,43.79
20,818,FCSSOFT,EQ,3246815,1596382,49.17
20,819,FDC,EQ,187112,73393,39.22
20,820,FEDERALBNK,EQ,8834477,4415320,49.98
20,821,FEDFINA,EQ,431528,201321,46.65
20,822,FELIX,ST,82000,74000,90.24
20,823,FIBERWEB,EQ,237786,125863,52.93
20,824,FIDEL,SM,3000,3000,100.00
20,825,FIEMIND,EQ,47335,24083,50.88
20,826,FILATEX,EQ,1219144,339385,27.84
20,827,FINCABLES,EQ,121247,48610,40.09
20,828,FINEORG,EQ,10383,5018,48.33
20,829,FINIETF,EQ,143361,78297,54.62
20,830,FINOPB,EQ,290894,100096,34.41
20,831,FINPIPE,EQ,601942,275275,45.73
20,832,FIRSTCRY,EQ,203943,88231,43.26
20,833,FIVESTAR,EQ,2394920,1217434,50.83
20,834,FLAIR,EQ,130210,62028,47.64
20,835,FLUOROCHEM,EQ,44596,16391,36.75
20,836,FMCGIETF,EQ,964481,795951,82.53
20,837,FMGOETZE,EQ,42777,21664,50.64
20,838,FONEBOX,SM,27000,27000,100.00
20,839,FOODSIN,EQ,49569,27152,54.78
20,840,FORCAS,ST,8000,8000,100.00
20,841,FORCEMOT,EQ,18058,9401,52.06
20,842,FORGEAUTO,SM,2400,2400,100.00
20,843,FORTIS,EQ,986910,647323,65.59
20,844,FOSECOIND,EQ,448,320,71.43
20,845,FRESHARA,SM,1558800,655200,42.03
20,846,FROG,SM,21200,15200,71.70
20,847,FSL,EQ,1718227,586094,34.11
20,848,FUSION,EQ,125390,61380,48.95
20,849,GABRIEL,EQ,198963,69145,34.75
20,850,GAEL,EQ,497481,163052,32.78
20,851,GAIL,EQ,13972934,6856686,49.07
20,852,GAJANAND,ST,33000,27000,81.82
20,853,GALAPREC,EQ,97802,32557,33.29
20,854,GALAXYSURF,EQ,6591,3301,50.08
20,855,GALLANTT,EQ,15727,11794,74.99
20,856,GANDHAR,EQ,551046,183274,33.26
20,857,GANDHITUBE,EQ,6945,2863,41.22
20,858,GANECOS,EQ,81932,35851,43.76
20,859,GANESHBE,EQ,105075,55769,53.08
20,860,GANESHHOUC,EQ,74257,29510,39.74
20,861,GANESHIN,ST,398400,328000,82.33
20,862,GANGESSECU,EQ,7576,4832,63.78
20,863,GARFIBRES,EQ,14076,6571,46.68
20,864,GARUDA,EQ,15694237,3261658,20.78
20,865,GATEWAY,EQ,870484,504907,58.00
20,866,GEECEE,EQ,15581,7028,45.11
20,867,GEEKAYWIRE,EQ,121240,52573,43.36
20,868,GENCON,EQ,125828,68169,54.18
20,869,GENESYS,EQ,463270,225066,48.58
20,870,GENSOL,EQ,80903,46890,57.96
20,871,GENUSPAPER,EQ,585950,213252,36.39
20,872,GENUSPOWER,EQ,564127,290902,51.57
20,873,GEOJITFSL,EQ,417426,147029,35.22
20,874,GEPIL,EQ,67443,28940,42.91
20,875,GESHIP,EQ,240688,138595,57.58
20,876,GFLLIMITED,EQ,118473,45892,38.74
20,877,GGBL,SM,487200,289800,59.48
20,878,GHCL,EQ,252877,130861,51.75
20,879,GHCLTEXTIL,EQ,350348,126905,36.22
20,880,GICHSGFIN,EQ,327987,168740,51.45
20,881,GICL,SM,520500,424500,81.56
20,882,GICRE,EQ,1286473,560426,43.56
20,883,GILLETTE,EQ,9083,3313,36.47
20,884,GILT5YBEES,EQ,134005,108027,80.61
20,885,GINNIFILA,EQ,153741,96051,62.48
20,886,GIPCL,EQ,996340,415966,41.75
20,887,GKWLIMITED,EQ,1005,831,82.69
20,888,GLAND,EQ,186447,112015,60.08
20,889,GLAXO,EQ,79063,38278,48.41
20,890,GLENMARK,EQ,432741,107149,24.76
20,891,GLOBAL,EQ,44147,23241,52.64
20,892,GLOBALPET,SM,3000,3000,100.00
20,893,GLOBE,EQ,1092776,648364,59.33
20,894,GLOBUSSPR,EQ,152403,80364,52.73
20,895,GLOSTERLTD,EQ,1082,568,52.50
20,896,GLS,EQ,80208,38582,48.10
20,897,GMBREW,EQ,53330,17967,33.69
20,898,GMDCLTD,EQ,410800,165748,40.35
20,899,GMMPFAUDLR,EQ,61574,22235,36.11
20,900,GMRAIRPORT,EQ,4878495,2088627,42.81
20,901,GMRP&UI,EQ,738822,343142,46.44
20,902,GNA,EQ,34060,18889,55.46
20,903,GNFC,EQ,349166,70502,20.19
20,904,GOACARBON,EQ,28650,11887,41.49
20,905,GOCLCORP,EQ,21507,10729,49.89
20,906,GOCOLORS,EQ,52003,31206,60.01
20,907,GODAVARIB,EQ,314280,125620,39.97
20,908,GODFRYPHLP,EQ,46295,20648,44.60
20,909,GODIGIT,EQ,191783,87698,45.73
20,910,GODREJAGRO,EQ,137213,79082,57.63
20,911,GODREJCP,EQ,1920445,1364608,71.06
20,912,GODREJIND,EQ,202988,66519,32.77
20,913,GODREJPROP,EQ,701741,400648,57.09
20,914,GOKEX,EQ,425371,204663,48.11
20,915,GOKULAGRO,EQ,271140,126270,46.57
20,916,GOLD1,EQ,412372,373643,90.61
20,917,GOLDBEES,EQ,10197598,7130101,69.92
20,918,GOLDCASE,EQ,997036,765624,76.79
20,919,GOLDETF,EQ,132206,94823,71.72
20,920,GOLDETFADD,EQ,7116,7029,98.78
20,921,GOLDIAM,EQ,1277035,371328,29.08
20,922,GOLDIETF,EQ,2187928,1355368,61.95
20,923,GOLDKART,ST,2500,2500,100.00
20,924,GOLDSHARE,EQ,210417,168895,80.27
20,925,GOLDSTAR,SM,33750,22500,66.67
20,926,GOODLUCK,EQ,72654,38481,52.96
20,927,GOPAL,EQ,289688,114364,39.48
20,928,GOYALALUM,EQ,829670,441439,53.21
20,929,GOYALSALT,SM,3600,3600,100.00
20,930,GPECO,ST,53400,43800,82.02
20,931,GPIL,EQ,1816007,715110,39.38
20,932,GPPL,EQ,891443,470556,52.79
20,933,GPTHEALTH,EQ,166223,68421,41.16
20,934,GPTINFRA,EQ,125299,61361,48.97
20,935,GRANULES,EQ,2484631,1310961,52.76
20,936,GRAPHISAD,ST,31200,30000,96.15
20,937,GRAPHITE,EQ,2020029,576466,28.54
20,938,GRASIM,EQ,510040,260204,51.02
20,939,GRAVITA,EQ,812232,176340,21.71
20,940,GRCL,ST,750,750,100.00
20,941,GREAVESCOT,EQ,3337466,991409,29.71
20,942,GREENCHEF,SM,13600,10400,76.47
20,943,GREENLAM,EQ,11608,5578,48.05
20,944,GREENPANEL,EQ,48986,17387,35.49
20,945,GREENPLY,EQ,48395,14428,29.81
20,946,GREENPOWER,EQ,4714348,1957065,41.51
20,947,GRINDWELL,EQ,26931,7347,27.28
20,948,GRINFRA,EQ,11431,3690,32.28
20,949,GRMOVER,EQ,103757,50870,49.03
20,950,GROWWDEFNC,EQ,126236,80110,63.46
20,951,GROWWEV,EQ,288708,190714,66.06
20,952,GROWWGOLD,EQ,64461,27240,42.26
20,953,GROWWLIQID,EQ,59015,44234,74.95
20,954,GRPLTD,EQ,2558,2179,85.18
20,955,GRSE,EQ,365402,118905,32.54
20,956,GRWRHITECH,EQ,54950,26662,48.52
20,957,GSEC10IETF,EQ,382,382,100.00
20,958,GSEC10YEAR,EQ,6871,3964,57.69
20,959,GSEC5IETF,EQ,1668,1294,77.58
20,960,GSFC,EQ,1468519,518543,35.31
20,961,GSLSU,EQ,39698,15965,40.22
20,962,GSMFOILS,ST,22000,20000,90.91
20,963,GSPL,EQ,482141,170382,35.34
20,964,GSS,EQ,186391,106512,57.14
20,965,GSTL,SM,23000,19000,82.61
20,966,GTL,EQ,857657,329410,38.41
20,967,GTLINFRA,EQ,60448541,21597353,35.73
20,968,GTPL,EQ,12341,7513,60.88
20,969,GUFICBIO,EQ,182618,46346,25.38
20,970,GUJALKALI,EQ,37116,20008,53.91
20,971,GUJAPOLLO,EQ,6843,4295,62.76
20,972,GUJGASLTD,EQ,608704,161249,26.49
20,973,GUJRAFFIA,EQ,73243,39758,54.28
20,974,GULFOILLUB,EQ,118612,49583,41.80
20,975,GULFPETRO,EQ,369773,172736,46.71
20,976,GULPOLY,EQ,326684,108515,33.22
20,977,GVPTECH,EQ,119400,50639,42.41
20,978,HAL,EQ,1084324,543702,50.14
20,979,HAPPSTMNDS,EQ,174207,95921,55.06
20,980,HAPPYFORGE,EQ,42456,18291,43.08
20,981,HARDWYN,EQ,1463534,670926,45.84
20,982,HARIOMPIPE,EQ,88779,53892,60.70
20,983,HARRMALAYA,EQ,78152,47195,60.39
20,984,HARSHA,EQ,75762,31485,41.56
20,985,HATHWAY,EQ,2348283,1015620,43.25
20,986,HATSUN,EQ,10051,4999,49.74
20,987,HAVELLS,EQ,997730,553459,55.47
20,988,HBLPOWER,EQ,1985726,525309,26.45
20,989,HBSL,EQ,25516,9992,39.16
20,990,HCC,EQ,32881908,7537798,22.92
20,991,HCG,EQ,234722,121596,51.80
20,992,HCLTECH,EQ,1916115,1126470,58.79
20,993,HDFCAMC,EQ,394919,265954,67.34
20,994,HDFCBANK,EQ,12690385,8648980,68.15
20,995,HDFCBSE500,EQ,19264,14064,73.01
20,996,HDFCGOLD,EQ,1022805,752519,73.57
20,997,HDFCGROWTH,EQ,6174,3697,59.88
20,998,HDFCLIFE,EQ,3779968,2727433,72.15
20,999,HDFCLIQUID,EQ,24256,24088,99.31
20,1000,HDFCLOWVOL,EQ,14964,11001,73.52
20,1001,HDFCMID150,EQ,196247,124923,63.66
20,1002,HDFCMOMENT,EQ,155928,114676,73.54
20,1003,HDFCNEXT50,EQ,193288,81708,42.27
20,1004,HDFCNIF100,EQ,108167,81166,75.04
20,1005,HDFCNIFBAN,EQ,71747,67883,94.61
20,1006,HDFCNIFIT,EQ,14847,7070,47.62
20,1007,HDFCNIFTY,EQ,176956,171118,96.70
20,1008,HDFCPSUBK,EQ,327514,317981,97.09
20,1009,HDFCPVTBAN,EQ,123123,118536,96.27
20,1010,HDFCQUAL,EQ,12142,11489,94.62
20,1011,HDFCSENSEX,EQ,57427,48484,84.43
20,1012,HDFCSILVER,EQ,1090022,932729,85.57
20,1013,HDFCSML250,EQ,934952,373198,39.92
20,1014,HDFCVALUE,EQ,4960,4622,93.19
20,1015,HEADSUP,EQ,91316,59852,65.54
20,1016,HEALTHADD,EQ,12723,11178,87.86
20,1017,HEALTHIETF,EQ,57475,35036,60.96
20,1018,HEALTHY,EQ,280545,256222,91.33
20,1019,HEG,EQ,1771956,323878,18.28
20,1020,HEIDELBERG,EQ,72929,36282,49.75
20,1021,HEMIPROP,EQ,471678,184083,39.03
20,1022,HERANBA,EQ,48794,27394,56.14
20,1023,HERITGFOOD,EQ,199693,100269,50.21
20,1024,HEROMOTOCO,EQ,691740,364896,52.75
20,1025,HESTERBIO,EQ,2543,839,32.99
20,1026,HEUBACHIND,EQ,8244,5172,62.74
20,1027,HEXATRADEX,EQ,3924,2190,55.81
20,1028,HFCL,EQ,10905183,2806951,25.74
20,1029,HGINFRA,EQ,86215,32938,38.20
20,1030,HGS,EQ,16693,9872,59.14
20,1031,HIGREEN,ST,7200,7200,100.00
20,1032,HIKAL,EQ,321986,111554,34.65
20,1033,HIL,EQ,3747,2179,58.15
20,1034,HILTON,EQ,178421,83711,46.92
20,1035,HIMATSEIDE,EQ,1496554,433451,28.96
20,1036,HINDALCO,EQ,5198027,2696485,51.88
20,1037,HINDCOMPOS,EQ,24065,6855,28.49
20,1038,HINDCOPPER,EQ,3130458,799797,25.55
20,1039,HINDOILEXP,EQ,819420,315811,38.54
20,1040,HINDPETRO,EQ,7226543,2662708,36.85
20,1041,HINDUNILVR,EQ,1655915,813236,49.11
20,1042,HINDWAREAP,EQ,50956,24745,48.56
20,1043,HINDZINC,EQ,941093,484598,51.49
20,1044,HIRECT,EQ,22423,10157,45.30
20,1045,HISARMETAL,EQ,12604,8126,64.47
20,1046,HITECH,EQ,418199,191100,45.70
20,1047,HITECHCORP,EQ,6498,3671,56.49
20,1048,HLEGLAS,EQ,37420,17937,47.93
20,1049,HLVLTD,EQ,7185054,2688410,37.42
20,1050,HMAAGRO,EQ,390310,231921,59.42
20,1051,HMVL,EQ,32837,19288,58.74
20,1052,HNDFDS,EQ,49803,29990,60.22
20,1053,HNGSNGBEES,EQ,98373,59513,60.50
20,1054,HOACFOODS,SM,70500,49500,70.21
20,1055,HOLMARC,ST,10500,10500,100.00
20,1056,HOMEFIRST,EQ,195558,83820,42.86
20,1057,HOMESFY,SM,300,300,100.00
20,1058,HONASA,EQ,1707262,911818,53.41
20,1059,HONAUT,EQ,27279,8609,31.56
20,1060,HONDAPOWER,EQ,2632,1279,48.59
20,1061,HOVS,EQ,61535,29464,47.88
20,1062,HPAL,EQ,60338,32592,54.02
20,1063,HPIL,EQ,24727,9343,37.78
20,1064,HPL,EQ,296692,96204,32.43
20,1065,HSCL,EQ,640676,133234,20.80
20,1066,HTMEDIA,EQ,139908,56911,40.68
20,1067,HUDCO,EQ,4093954,1243069,30.36
20,1068,HUHTAMAKI,EQ,33778,16748,49.58
20,1069,HVAX,SM,3600,2400,66.67
20,1070,HYUNDAI,EQ,430008,273811,63.68
20,1071,IBLFL,ST,24000,24000,100.00
20,1072,ICEMAKE,EQ,26240,12747,48.58
20,1073,ICICIB22,EQ,727129,606914,83.47
20,1074,ICICIBANK,EQ,11517304,7257591,63.01
20,1075,ICICIGI,EQ,1083512,703353,64.91
20,1076,ICICIPRULI,EQ,407066,240997,59.20
20,1077,ICIL,EQ,620222,254682,41.06
20,1078,ICRA,EQ,6260,1153,18.42
20,1079,IDBI,EQ,4738886,1808804,38.17
20,1080,IDEA,EQ,285980002,73236754,25.61
20,1081,IDEAFORGE,EQ,79193,39649,50.07
20,1082,IDEALTECHO,SM,4000,4000,100.00
20,1083,IDFCFIRSTB,EQ,29266252,11402847,38.96
20,1084,IDFNIFTYET,EQ,1197,1092,91.23
20,1085,IEML,SM,23500,19000,80.85
20,1086,IEX,EQ,3096075,968351,31.28
20,1087,IFBAGRO,EQ,10412,4478,43.01
20,1088,IFBIND,EQ,19682,6468,32.86
20,1089,IFCI,EQ,22302975,4047047,18.15
20,1090,IFCIZC25,NM,8,8,100.00
20,1091,IFGLEXPOR,EQ,8474,4286,50.58
20,1092,IGARASHI,EQ,66746,29987,44.93
20,1093,IGL,EQ,4797210,1572487,32.78
20,1094,IGPL,EQ,40035,23724,59.26
20,1095,IIFL,EQ,1992524,696702,34.97
20,1096,IIFLCAPS,EQ,460816,243769,52.90
20,1097,IIFLZC25B,NW,20,20,100.00
20,1098,IIFLZC26A,NR,487,487,100.00
20,1099,IIFLZC26B,NY,5,5,100.00
20,1100,IIFLZC28,NG,11,11,100.00
20,1101,IIFLZC28C,N6,5,5,100.00
20,1102,IKIO,EQ,49750,22347,44.92
20,1103,IKS,EQ,16494444,9466791,57.39
20,1104,IMAGICAA,EQ,635967,266145,41.85
20,1105,IMC1,N0,20,20,100.00
20,1106,IMC1,N1,312,312,100.00
20,1107,IMC1,N2,2,2,100.00
20,1108,IMFA,EQ,109074,39028,35.78
20,1109,IMPAL,EQ,9032,3795,42.02
20,1110,INCREDIBLE,EQ,52426,18797,35.85
20,1111,INDBANK,EQ,347839,99403,28.58
20,1112,INDGN,EQ,688145,280629,40.78
20,1113,INDHOTEL,EQ,2547244,1290673,50.67
20,1114,INDIACEM,EQ,2401997,1688221,70.28
20,1115,INDIAGLYCO,EQ,58066,23181,39.92
20,1116,INDIAMART,EQ,171380,109237,63.74
20,1117,INDIANB,EQ,1282516,789083,61.53
20,1118,INDIANCARD,EQ,133156,57987,43.55
20,1119,INDIANHUME,EQ,26047,12215,46.90
20,1120,INDIASHLTR,EQ,247882,182987,73.82
20,1121,INDIFRA,SM,2000,2000,100.00
20,1122,INDIGO,EQ,486361,301090,61.91
20,1123,INDIGOPNTS,EQ,42877,13492,31.47
20,1124,INDIGRID,IV,352643,330845,93.82
20,1125,INDNIPPON,EQ,8283,5200,62.78
20,1126,INDOAMIN,EQ,89638,39703,44.29
20,1127,INDOBORAX,EQ,44289,20363,45.98
20,1128,INDOCO,EQ,64144,25536,39.81
20,1129,INDORAMA,EQ,198275,143215,72.23
20,1130,INDOSTAR,EQ,275944,169254,61.34
20,1131,INDOUS,EQ,27615,15468,56.01
20,1132,INDOWIND,EQ,817472,336668,41.18
20,1133,INDRAMEDCO,EQ,202226,71709,35.46
20,1134,INDSWFTLTD,EQ,553156,235253,42.53
20,1135,INDTERRAIN,EQ,91129,46586,51.12
20,1136,INDUSINDBK,EQ,3665813,1693102,46.19
20,1137,INDUSTOWER,EQ,9661691,6271024,64.91
20,1138,INFIBEAM,EQ,7256577,2122346,29.25
20,1139,INFINIUM,ST,4000,3500,87.50
20,1140,INFOBEAN,EQ,9301,4494,48.32
20,1141,INFOLLION,ST,800,800,100.00
20,1142,INFOMEDIA,EQ,16016,12994,81.13
20,1143,INFRABEES,EQ,11714,5865,50.07
20,1144,INFRAIETF,EQ,71442,49884,69.82
20,1145,INFY,EQ,5323592,2924678,54.94
20,1146,INGERRAND,EQ,5023,2398,47.74
20,1147,INM,SM,7200,7200,100.00
20,1148,INNOMET,SM,3600,3600,100.00
20,1149,INNOVACAP,EQ,58857,26722,45.40
20,1150,INNOVANA,EQ,2446,1593,65.13
20,1151,INOXGREEN,EQ,1288557,505522,39.23
20,1152,INOXINDIA,EQ,142419,92557,64.99
20,1153,INOXWIND,EQ,3010336,1237538,41.11
20,1154,INSECTICID,EQ,15288,8775,57.40
20,1155,INSPIRE,SM,2000,2000,100.00
20,1156,INSPIRISYS,EQ,28681,16307,56.86
20,1157,INTELLECT,EQ,149075,49605,33.28
20,1158,INTENTECH,EQ,35353,24487,69.26
20,1159,INTERARCH,EQ,289535,79133,27.33
20,1160,INTLCONV,EQ,148628,90559,60.93
20,1161,INVENTURE,EQ,3538416,1338455,37.83
20,1162,IOB,EQ,4146681,939475,22.66
20,1163,IOC,EQ,18879012,6815587,36.10
20,1164,IOLCP,EQ,5198526,557127,10.72
20,1165,IONEXCHANG,EQ,311464,123496,39.65
20,1166,IPCALAB,EQ,1726013,424391,24.59
20,1167,IPHL,ST,16800,14400,85.71
20,1168,IPL,EQ,164226,70364,42.85
20,1169,IPSL,ST,21000,21000,100.00
20,1170,IRB,EQ,11151062,3447274,30.91
20,1171,IRBINVIT,IV,139495,127794,91.61
20,1172,IRCON,EQ,3688041,1156804,31.37
20,1173,IRCTC,EQ,808692,337786,41.77
20,1174,IREDA,EQ,7305551,2243202,30.71
20,1175,IRFC,EQ,15016841,3769519,25.10
20,1176,IRISDOREME,EQ,124144,41021,33.04
20,1177,IRMENERGY,EQ,55543,26988,48.59
20,1178,ISEC,EQ,107680,48189,44.75
20,1179,ISFT,EQ,167720,110534,65.90
20,1180,ISGEC,EQ,134234,33010,24.59
20,1181,ISHAN,ST,576000,480000,83.33
20,1182,IT,EQ,39371,26518,67.35
20,1183,ITALIANE,ST,8000,6000,75.00
20,1184,ITBEES,EQ,10827749,8716189,80.50
20,1185,ITC,EQ,14599270,8470164,58.02
20,1186,ITDC,EQ,13341,4830,36.20
20,1187,ITDCEM,EQ,323756,139568,43.11
20,1188,ITETF,EQ,140896,86408,61.33
20,1189,ITETFADD,EQ,11252,5470,48.61
20,1190,ITI,EQ,5089882,403713,7.93
20,1191,ITIETF,EQ,479959,331432,69.05
20,1192,IVC,EQ,199017,115371,57.97
20,1193,IVP,EQ,6329,3737,59.05
20,1194,IVZINGOLD,EQ,20147,20056,99.55
20,1195,IVZINNIFTY,EQ,28,23,82.14
20,1196,IWEL,EQ,6387,4580,71.71
20,1197,IXIGO,EQ,1566430,517237,33.02
20,1198,IZMO,EQ,149226,84000,56.29
20,1199,JAGRAN,EQ,100196,64198,64.07
20,1200,JAGSNPHARM,EQ,62269,20154,32.37
20,1201,JAIBALAJI,EQ,104353,68855,65.98
20,1202,JAICORPLTD,EQ,780676,226439,29.01
20,1203,JAINAM,ST,1000,1000,100.00
20,1204,JAIPURKURT,EQ,197160,122505,62.13
20,1205,JAKHARIA,ST,800,800,100.00
20,1206,JALAN,ST,144000,123000,85.42
20,1207,JAMNAAUTO,EQ,775306,341397,44.03
20,1208,JASH,EQ,236954,102110,43.09
20,1209,JAYAGROGN,EQ,17666,13118,74.26
20,1210,JAYBARMARU,EQ,69691,40248,57.75
20,1211,JAYBEE,ST,31000,29000,93.55
20,1212,JAYNECOIND,EQ,102527,81860,79.84
20,1213,JAYSREETEA,EQ,128196,69933,54.55
20,1214,JBCHEPHARM,EQ,953840,293601,30.78
20,1215,JBMA,EQ,183454,40235,21.93
20,1216,JCHAC,EQ,20405,12725,62.36
20,1217,JETFREIGHT,EQ,160056,93944,58.69
20,1218,JEYYAM,SM,112000,102000,91.07
20,1219,JGCHEM,EQ,265106,86028,32.45
20,1220,JHS,EQ,152421,79864,52.40
20,1221,JINDALPHOT,EQ,44005,14814,33.66
20,1222,JINDALPOLY,EQ,61803,16243,26.28
20,1223,JINDALSAW,EQ,1367434,508798,37.21
20,1224,JINDALSTEL,EQ,726533,205898,28.34
20,1225,JINDRILL,EQ,69137,30475,44.08
20,1226,JINDWORLD,EQ,317942,119307,37.52
20,1227,JIOFIN,EQ,21490551,13163277,61.25
20,1228,JISLDVREQS,EQ,54492,36249,66.52
20,1229,JISLJALEQS,EQ,6233569,2344725,37.61
20,1230,JITFINFRA,EQ,35449,20605,58.13
20,1231,JIWANRAM,SM,48000,30000,62.50
20,1232,J&KBANK,EQ,1780766,617622,34.68
20,1233,JKCEMENT,EQ,60059,30893,51.44
20,1234,JKIL,EQ,211568,98201,46.42
20,1235,JKLAKSHMI,EQ,72215,32131,44.49
20,1236,JKPAPER,EQ,775600,258819,33.37
20,1237,JKTYRE,EQ,277127,102416,36.96
20,1238,JLHL,EQ,26704,10326,38.67
20,1239,JMA,EQ,10528,5761,54.72
20,1240,JMFINANCIL,EQ,2405268,878315,36.52
20,1241,JNKINDIA,EQ,47441,22810,48.08
20,1242,JOCIL,EQ,10543,7344,69.66
20,1243,JPOLYINVST,EQ,24222,9262,38.24
20,1244,JPPOWER,EQ,158628763,49685574,31.32
20,1245,JSFB,EQ,162146,89884,55.43
20,1246,JSL,EQ,597690,244575,40.92
20,1247,JSLL,SM,16020,10620,66.29
20,1248,JSWENERGY,EQ,1304358,549491,42.13
20,1249,JSWINFRA,EQ,932557,324364,34.78
20,1250,JSWSTEEL,EQ,1926448,744176,38.63
20,1251,JTEKTINDIA,EQ,58400,38106,65.25
20,1252,JTLIND,EQ,466065,231890,49.75
20,1253,JUBLFOOD,EQ,1084119,477075,44.01
20,1254,JUBLINGREA,EQ,714349,310777,43.50
20,1255,JUBLPHARMA,EQ,104592,51971,49.69
20,1256,JUNIORBEES,EQ,295978,203249,68.67
20,1257,JUNIPER,EQ,116023,58161,50.13
20,1258,JUSTDIAL,EQ,173599,85059,49.00
20,1259,JWL,EQ,1334334,360481,27.02
20,1260,JYOTHYLAB,EQ,1334835,693771,51.97
20,1261,JYOTICNC,EQ,385199,110078,28.58
20,1262,JYOTISTRUC,EQ,5988047,3057775,51.06
20,1263,K2INFRA,SM,56400,40200,71.28
20,1264,KABRAEXTRU,EQ,85358,38250,44.81
20,1265,KAJARIACER,EQ,82795,46183,55.78
20,1266,KAKATCEM,EQ,7856,4542,57.82
20,1267,KALAMANDIR,EQ,432544,299361,69.21
20,1268,KALANA,SM,18000,14000,77.78
20,1269,KALYANKJIL,EQ,1943250,838717,43.16
20,1270,KAMATHOTEL,EQ,83484,46171,55.31
20,1271,KAMDHENU,EQ,57767,30160,52.21
20,1272,KANANIIND,EQ,324832,159711,49.17
20,1273,KANDARP,ST,8000,8000,100.00
20,1274,KANORICHEM,EQ,30711,14401,46.89
20,1275,KANPRPLA,EQ,17229,11470,66.57
20,1276,KANSAINER,EQ,281261,149755,53.24
20,1277,KAPSTON,EQ,16090,9678,60.15
20,1278,KARMAENG,EQ,7478,4051,54.17
20,1279,KARNIKA,ST,2000,2000,100.00
20,1280,KARURVYSYA,EQ,674268,267986,39.74
20,1281,KATARIA,SM,35400,19800,55.93
20,1282,KAUSHALYA,EQ,564,376,66.67
20,1283,KAYNES,EQ,3113161,395615,12.71
20,1284,KBCGLOBAL,EQ,12927027,4766999,36.88
20,1285,KCEIL,ST,20000,19500,97.50
20,1286,KCP,EQ,773866,265124,34.26
20,1287,KCPSUGIND,EQ,214541,107638,50.17
20,1288,KDDL,EQ,20731,12160,58.66
20,1289,KDL,ST,5300,4800,90.57
20,1290,KEC,EQ,975075,282073,28.93
20,1291,KECL,EQ,147531,65468,44.38
20,1292,KEI,EQ,511114,352451,68.96
20,1293,KEL,ST,4800,4800,100.00
20,1294,KELLTONTEC,EQ,1362530,423510,31.08
20,1295,KERNEX,EQ,402386,227160,56.45
20,1296,KESORAMIND,EQ,1142241,787548,68.95
20,1297,KFINTECH,EQ,7385976,895695,12.13
20,1298,KHADIM,EQ,37004,28888,78.07
20,1299,KHAICHEM,EQ,313137,76047,24.29
20,1300,KHAITANLTD,EQ,1354,742,54.80
20,1301,KHANDSE,EQ,16860,11641,69.05
20,1302,KHFM,SM,15500,10850,70.00
20,1303,KICL,EQ,6852,3692,53.88
20,1304,KILITCH,EQ,4635,2928,63.17
20,1305,KIMS,EQ,445392,211332,47.45
20,1306,KINGFA,EQ,13219,4780,36.16
20,1307,KIOCL,EQ,64370,25076,38.96
20,1308,KIRIINDUS,EQ,512394,220190,42.97
20,1309,KIRLOSBROS,EQ,111497,24734,22.18
20,1310,KIRLOSENG,EQ,319456,206474,64.63
20,1311,KIRLOSIND,EQ,1456,725,49.79
20,1312,KIRLPNU,EQ,101677,69415,68.27
20,1313,KKCL,EQ,77815,46190,59.36
20,1314,KLL,SM,15200,12000,78.95
20,1315,KMEW,EQ,10900,6525,59.86
20,1316,KMSUGAR,EQ,83182,40458,48.64
20,1317,KNAGRI,ST,9600,8400,87.50
20,1318,KNRCON,EQ,559489,208035,37.18
20,1319,KODYTECH,SM,12800,9400,73.44
20,1320,KOHINOOR,EQ,46456,27913,60.08
20,1321,KOKUYOCMLN,EQ,52454,28319,53.99
20,1322,KOLTEPATIL,EQ,108983,59776,54.85
20,1323,KONSTELEC,ST,55000,55000,100.00
20,1324,KONTOR,ST,7200,6000,83.33
20,1325,KORE,ST,2000,2000,100.00
20,1326,KOTAKBANK,EQ,4074080,3015670,74.02
20,1327,KOTARISUG,EQ,61148,31743,51.91
20,1328,KOTHARIPET,EQ,63299,36159,57.12
20,1329,KOTHARIPRO,EQ,18093,12487,69.02
20,1330,KOTYARK,SM,11900,9200,77.31
20,1331,KPEL,EQ,161255,79886,49.54
20,1332,KPIGREEN,EQ,359605,236312,65.71
20,1333,KPIL,EQ,205287,79795,38.87
20,1334,KPITTECH,EQ,751957,261584,34.79
20,1335,KPRMILL,EQ,980862,170342,17.37
20,1336,KRBL,EQ,448641,215362,48.00
20,1337,KRISHANA,EQ,33196,24356,73.37
20,1338,KRISHCA,SM,35000,25000,71.43
20,1339,KRISHNADEF,ST,33250,28250,84.96
20,1340,KRITINUT,EQ,33191,18599,56.04
20,1341,KRN,EQ,368134,151382,41.12
20,1342,KRONOX,EQ,1083912,319718,29.50
20,1343,KROSS,EQ,496485,151865,30.59
20,1344,KRSNAA,EQ,54568,30026,55.02
20,1345,KRYSTAL,EQ,37801,17659,46.72
20,1346,KSB,EQ,41915,23214,55.38
20,1347,KSCL,EQ,93667,31737,33.88
20,1348,KSHITIJPOL,EQ,433205,334618,77.24
20,1349,KSL,EQ,194786,90904,46.67
20,1350,KSOLVES,EQ,29716,13059,43.95
20,1351,KTKBANK,EQ,962746,506327,52.59
20,1352,KTL,ST,6000,6000,100.00
20,1353,KUANTUM,EQ,99356,48688,49.00
20,1354,LAGNAM,EQ,63440,36294,57.21
20,1355,LAKSHYA,SM,371200,212000,57.11
20,1356,LALPATHLAB,EQ,64262,31662,49.27
20,1357,LAMOSAIC,SM,154800,91800,59.30
20,1358,LANCORHOL,EQ,104506,58609,56.08
20,1359,LANDMARK,EQ,31074,15805,50.86
20,1360,LAOPALA,EQ,73967,43544,58.87
20,1361,LATENTVIEW,EQ,377732,169332,44.83
20,1362,LAURUSLABS,EQ,1272847,626044,49.18
20,1363,LAWSIKHO,SM,34000,22500,66.18
20,1364,LAXMICOT,EQ,62217,30547,49.10
20,1365,LEMERITE,ST,12800,12000,93.75
20,1366,LEMONTREE,EQ,11906362,4105560,34.48
20,1367,LEXUS,EQ,18825,11223,59.62
20,1368,LGBBROSLTD,EQ,13824,8273,59.85
20,1369,LGHL,EQ,3887,2044,52.59
20,1370,LIBAS,EQ,64306,47156,73.33
20,1371,LIBERTSHOE,EQ,19680,13279,67.47
20,1372,LICHSGFIN,EQ,1272910,564582,44.35
20,1373,LICI,EQ,1432458,550286,38.42
20,1374,LICMFGOLD,EQ,1488,1242,83.47
20,1375,LICNETFGSC,EQ,42780,40301,94.21
20,1376,LICNETFN50,EQ,1401,1322,94.36
20,1377,LICNETFSEN,EQ,198,136,68.69
20,1378,LICNFNHGP,EQ,629,352,55.96
20,1379,LICNMID100,EQ,8001,4958,61.97
20,1380,LIKHITHA,EQ,61243,33804,55.20
20,1381,LINC,EQ,291177,113924,39.13
20,1382,LINCOLN,EQ,289709,152164,52.52
20,1383,LINDEINDIA,EQ,35407,18172,51.32
20,1384,LIQUID,EQ,160984,72304,44.91
20,1385,LIQUID1,EQ,160447,144496,90.06
20,1386,LIQUIDADD,EQ,381157,246168,64.58
20,1387,LIQUIDBEES,EQ,1970269,1511836,76.73
20,1388,LIQUIDBETF,EQ,14881,14329,96.29
20,1389,LIQUIDCASE,EQ,5513307,4054767,73.55
20,1390,LIQUIDETF,EQ,90437,73908,81.72
20,1391,LIQUIDIETF,EQ,678361,441455,65.08
20,1392,LIQUIDPLUS,EQ,16160,14512,89.80
20,1393,LIQUIDSBI,EQ,16350,13315,81.44
20,1394,LIQUIDSHRI,EQ,5329,3195,59.95
20,1395,LLOYDS,SM,17000,14000,82.35
20,1396,LLOYDSENGG,EQ,2395651,836557,34.92
20,1397,LLOYDSENT,EQ,971303,542654,55.87
20,1398,LLOYDSME,EQ,923876,370873,40.14
20,1399,LMW,EQ,9201,1991,21.64
20,1400,LODHA,EQ,1206964,502289,41.62
20,1401,LOKESHMACH,EQ,38832,18666,48.07
20,1402,LORDSCHLO,EQ,21994,8420,38.28
20,1403,LOVABLE,EQ,14041,10004,71.25
20,1404,LOWVOL,EQ,7169,5090,71.00
20,1405,LOWVOL1,EQ,26302,18281,69.50
20,1406,LOWVOLIETF,EQ,1501344,1443787,96.17
20,1407,LRRPL,ST,6000,4500,75.00
20,1408,LT,EQ,1856838,1229869,66.23
20,1409,LTF,EQ,12193131,7812736,64.07
20,1410,LTFOODS,EQ,350980,123655,35.23
20,1411,LTGILTBEES,EQ,3500014,2670771,76.31
20,1412,LTIM,EQ,734279,231990,31.59
20,1413,LTTS,EQ,102450,35018,34.18
20,1414,LUMAXIND,EQ,1572,639,40.65
20,1415,LUMAXTECH,EQ,105200,50613,48.11
20,1416,LUPIN,EQ,1863968,628921,33.74
20,1417,LUXIND,EQ,89575,31323,34.97
20,1418,LXCHEM,EQ,510869,253411,49.60
20,1419,LYKALABS,EQ,170197,67970,39.94
20,1420,MACPOWER,EQ,27694,13869,50.08
20,1421,MADHAV,EQ,36803,20356,55.31
20,1422,MADHAVBAUG,SM,8400,6000,71.43
20,1423,MADHUSUDAN,SM,13000,9000,69.23
20,1424,MADRASFERT,EQ,279596,87215,31.19
20,1425,MAFANG,EQ,1863250,935785,50.22
20,1426,MAGADSUGAR,EQ,5270,1750,33.21
20,1427,MAGNUM,EQ,75053,53931,71.86
20,1428,MAGSON,SM,18000,14000,77.78
20,1429,MAHABANK,EQ,8144420,3003760,36.88
20,1430,MAHAPEXLTD,EQ,24492,9185,37.50
20,1431,MAHEPC,EQ,20491,11260,54.95
20,1432,MAHESHWARI,EQ,15201,10535,69.30
20,1433,MAHICKRA,SM,4500,4500,100.00
20,1434,MAHKTECH,EQ,875443,620151,70.84
20,1435,MAHLIFE,EQ,125434,69404,55.33
20,1436,MAHLOG,EQ,69442,35919,51.73
20,1437,MAHSCOOTER,EQ,8149,4438,54.46
20,1438,MAHSEAMLES,EQ,430485,172254,40.01
20,1439,MAITHANALL,EQ,175449,84010,47.88
20,1440,MAITREYA,ST,1200,1200,100.00
20,1441,MAKEINDIA,EQ,25968,14831,57.11
20,1442,MAKS,SM,3000,3000,100.00
20,1443,MAL,SM,4800,4800,100.00
20,1444,MALUPAPER,EQ,92191,21637,23.47
20,1445,MANAKALUCO,EQ,24702,14285,57.83
20,1446,MANAKSIA,EQ,86516,54024,62.44
20,1447,MANAKSTEEL,EQ,36517,15927,43.62
20,1448,MANALIPETC,EQ,340046,143144,42.10
20,1449,MANAPPURAM,EQ,13567294,3345331,24.66
20,1450,MANBA,EQ,394360,142563,36.15
20,1451,MANCREDIT,EQ,36252,8893,24.53
20,1452,MANDEEP,SM,4000,4000,100.00
20,1453,MANGALAM,EQ,23667,10824,45.73
20,1454,MANGCHEFER,EQ,184675,90296,48.89
20,1455,MANGLMCEM,EQ,52406,25027,47.76
20,1456,MANINDS,EQ,244163,103758,42.50
20,1457,MANINFRA,EQ,1222610,433631,35.47
20,1458,MANKIND,EQ,1391363,539456,38.77
20,1459,MANOMAY,EQ,131700,104586,79.41
20,1460,MANORAMA,EQ,14784,8062,54.53
20,1461,MANUGRAPH,EQ,50267,16936,33.69
20,1462,MANYAVAR,EQ,64097,27210,42.45
20,1463,MAPMYINDIA,EQ,149006,65429,43.91
20,1464,MARALOVER,EQ,164890,83822,50.84
20,1465,MARATHON,EQ,73730,53739,72.89
20,1466,MARCO,SM,52500,36000,68.57
20,1467,MARICO,EQ,1353612,832500,61.50
20,1468,MARINE,EQ,1777827,492269,27.69
20,1469,MARINETRAN,ST,8000,8000,100.00
20,1470,MARKSANS,EQ,1206941,451628,37.42
20,1471,MARUTI,EQ,435360,245506,56.39
20,1472,MASFIN,EQ,61038,26480,43.38
20,1473,MASON,ST,29000,29000,100.00
20,1474,MASPTOP50,EQ,426128,239164,56.12
20,1475,MASTEK,EQ,76624,30728,40.10
20,1476,MASTERTR,EQ,22538,13254,58.81
20,1477,MATRIMONY,EQ,7405,3661,49.44
20,1478,MAWANASUG,EQ,193695,65354,33.74
20,1479,MAXESTATES,EQ,87399,55261,63.23
20,1480,MAXHEALTH,EQ,2910694,2060319,70.78
20,1481,MAXIND,EQ,35008,15717,44.90
20,1482,MAXPOSURE,SM,19000,11000,57.89
20,1483,MAYURUNIQ,EQ,92424,57670,62.40
20,1484,MAZDA,EQ,146387,45600,31.15
20,1485,MAZDOCK,EQ,1912692,324307,16.96
20,1486,MBAPL,EQ,6094,3804,62.42
20,1487,MBLINFRA,EQ,546573,325819,59.61
20,1488,MCON,SM,28000,21000,75.00
20,1489,MCX,EQ,202080,72097,35.68
20,1490,MDL,SM,48000,48000,100.00
20,1491,MEDANTA,EQ,194055,98670,50.85
20,1492,MEDIASSIST,EQ,123954,53277,42.98
20,1493,MEDICAMEQ,EQ,17494,6822,39.00
20,1494,MEDICO,EQ,1794703,704457,39.25
20,1495,MEDIORG,ST,12000,12000,100.00
20,1496,MEDPLUS,EQ,287708,108472,37.70
20,1497,MEGAFLEX,ST,15000,15000,100.00
20,1498,MEGASTAR,EQ,3859,2580,66.86
20,1499,MEGATHERM,SM,54400,32800,60.29
20,1500,MENONBE,EQ,71130,49329,69.35
20,1501,METAL,EQ,275296,226740,82.36
20,1502,METALIETF,EQ,2981780,1958474,65.68
20,1503,METROBRAND,EQ,122334,49622,40.56
20,1504,METROPOLIS,EQ,68131,13457,19.75
20,1505,MFSL,EQ,296919,129924,43.76
20,1506,MGEL,EQ,922152,488566,52.98
20,1507,MGL,EQ,787138,204928,26.03
20,1508,MHHL,SM,30000,25500,85.00
20,1509,MHRIL,EQ,56050,25744,45.93
20,1510,MICEL,EQ,290661,160462,55.21
20,1511,MICROPRO,SM,3200,3200,100.00
20,1512,MID150BEES,EQ,410323,270571,65.94
20,1513,MID150CASE,EQ,214113,154788,72.29
20,1514,MIDCAP,EQ,48616,33765,69.45
20,1515,MIDCAPETF,EQ,2327071,1956157,84.06
20,1516,MIDCAPIETF,EQ,866111,466636,53.88
20,1517,MIDHANI,EQ,232451,89720,38.60
20,1518,MIDQ50ADD,EQ,6366,6066,95.29
20,1519,MIDSELIETF,EQ,205704,150689,73.26
20,1520,MIDSMALL,EQ,366287,338043,92.29
20,1521,MIEL,ST,12000,12000,100.00
20,1522,MINDACORP,EQ,192892,93867,48.66
20,1523,MINDSPACE,RR,534687,493629,92.32
20,1524,MINDTECK,EQ,35842,15793,44.06
20,1525,MIRCELECTR,EQ,1568525,779685,49.71
20,1526,MIRZAINT,EQ,102634,75516,73.58
20,1527,MITCON,EQ,12133,6818,56.19
20,1528,MITCONPP,E1,2012,1206,59.94
20,1529,MITTAL,EQ,4313701,2802664,64.97
20,1530,M&M,EQ,2372390,1374738,57.95
20,1531,M&MFIN,EQ,905136,247903,27.39
20,1532,M&MFIN,N3,50,50,100.00
20,1533,MMFL,EQ,50089,31175,62.24
20,1534,MMP,EQ,8632,5128,59.41
20,1535,MMTC,EQ,1934452,442433,22.87
20,1536,MNC,EQ,33181,28937,87.21
20,1537,MOBIKWIK,EQ,43541873,4114337,9.45
20,1538,MODEFENCE,EQ,548291,375803,68.54
20,1539,MODIRUBBER,EQ,5288,3477,65.75
20,1540,MOGSEC,EQ,9039,6446,71.31
20,1541,MOHEALTH,EQ,82161,62837,76.48
20,1542,MOHITIND,EQ,68472,35366,51.65
20,1543,MOIL,EQ,518192,184462,35.60
20,1544,MOKSH,EQ,1025162,477791,46.61
20,1545,MOL,EQ,1200746,678268,56.49
20,1546,MOLDTECH,EQ,36220,22375,61.78
20,1547,MOLDTKPAC,EQ,67968,47797,70.32
20,1548,MOLOWVOL,EQ,1506,1494,99.20
20,1549,MOM100,EQ,260952,164844,63.17
20,1550,MOM30IETF,EQ,1061063,742655,69.99
20,1551,MOM50,EQ,4381,3869,88.31
20,1552,MOMENTUM,EQ,68567,58661,85.55
20,1553,MOMENTUM50,EQ,322368,288486,89.49
20,1554,MOMOMENTUM,EQ,101771,73462,72.18
20,1555,MON100,EQ,1684167,960480,57.03
20,1556,MONARCH,EQ,60686,31790,52.38
20,1557,MONIFTY500,EQ,219315,183767,83.79
20,1558,MONOPHARMA,SM,2000,2000,100.00
20,1559,MONQ50,EQ,309832,170538,55.04
20,1560,MONTECARLO,EQ,88506,32896,37.17
20,1561,MOQUALITY,EQ,1408,1373,97.51
20,1562,MOREALTY,EQ,118833,99926,84.09
20,1563,MOREPENLAB,EQ,3953227,1225905,31.01
20,1564,MOS,ST,162800,162400,99.75
20,1565,MOSMALL250,EQ,610923,393541,64.42
20,1566,MOTHERSON,EQ,18751800,10810620,57.65
20,1567,MOTILALOFS,EQ,1926687,586849,30.46
20,1568,MOTOGENFIN,EQ,415100,87287,21.03
20,1569,MOVALUE,EQ,143827,97352,67.69
20,1570,MPHASIS,EQ,485378,219738,45.27
20,1571,MPSLTD,EQ,8292,5435,65.55
20,1572,MRF,EQ,3035,1020,33.61
20,1573,MRO-TEK,EQ,26751,19068,71.28
20,1574,MRPL,EQ,2293380,451930,19.71
20,1575,MSTCLTD,EQ,324277,154719,47.71
20,1576,MSUMI,EQ,1971718,1030970,52.29
20,1577,MTARTECH,EQ,343017,93380,27.22
20,1578,MTNL,EQ,3928204,1232710,31.38
20,1579,MUFIN,EQ,111474,70725,63.45
20,1580,MUFTI,EQ,204168,105458,51.65
20,1581,MUKANDLTD,EQ,36686,20941,57.08
20,1582,MUKKA,EQ,617804,222809,36.06
20,1583,MULTICAP,EQ,1177734,119808,10.17
20,1584,MUNJALAU,EQ,212857,71586,33.63
20,1585,MUNJALSHOW,EQ,18683,11707,62.66
20,1586,MURUDCERA,EQ,20220,11571,57.23
20,1587,MUTHOOTCAP,EQ,14906,5370,36.03
20,1588,MUTHOOTFIN,EQ,545143,326394,59.87
20,1589,MUTHOOTMF,EQ,137607,79842,58.02
20,1590,MVGJL,EQ,148312,61947,41.77
20,1591,MVKAGRO,SM,9600,8400,87.50
20,1592,MWL,SM,31200,26400,84.62
20,1593,MYMUDRA,SM,22800,14400,63.16
20,1594,NACLIND,EQ,814792,456115,55.98
20,1595,NAGAFERT,EQ,428863,253737,59.17
20,1596,NAHARCAP,EQ,6419,3453,53.79
20,1597,NAHARINDUS,EQ,34393,20210,58.76
20,1598,NAHARPOLY,EQ,67440,19245,28.54
20,1599,NAHARSPING,EQ,82610,41213,49.89
20,1600,NAMAN,ST,6400,6400,100.00
20,1601,NAM-INDIA,EQ,633517,318926,50.34
20,1602,NAMOEWASTE,ST,65600,64000,97.56
20,1603,NARMADA,EQ,1381114,768086,55.61
20,1604,NATCOPHARM,EQ,1353044,484754,35.83
20,1605,NATHBIOGEN,EQ,12561,7683,61.17
20,1606,NATIONALUM,EQ,8285197,3141277,37.91
20,1607,NAUKRI,EQ,148087,84266,56.90
20,1608,NAVA,EQ,163556,100220,61.28
20,1609,NAVINFLUOR,EQ,46059,14337,31.13
20,1610,NAVKARCORP,EQ,552311,183398,33.21
20,1611,NAVNETEDUL,EQ,85218,45129,52.96
20,1612,NAZARA,EQ,364768,150477,41.25
20,1613,NBCC,EQ,3981544,1633959,41.04
20,1614,NCC,EQ,2280034,1062704,46.61
20,1615,NCLIND,EQ,113562,59941,52.78
20,1616,NDLVENTURE,EQ,13264,9679,72.97
20,1617,NDRAUTO,EQ,21942,10295,46.92
20,1618,NDTV,EQ,65545,33832,51.62
20,1619,NECCLTD,EQ,215990,103244,47.80
20,1620,NEELAM,ST,12000,12000,100.00
20,1621,NELCAST,EQ,31691,18645,58.83
20,1622,NELCO,EQ,142405,52335,36.75
20,1623,NEOGEN,EQ,57870,20304,35.09
20,1624,NEPHROCARE,ST,17600,16000,90.91
20,1625,NESCO,EQ,31964,15438,48.30
20,1626,NESTLEIND,EQ,1553990,1046679,67.35
20,1627,NETF,EQ,8116,8070,99.43
20,1628,NETWEB,EQ,195662,80039,40.91
20,1629,NETWORK18,EQ,4337033,2053589,47.35
20,1630,NEULANDLAB,EQ,33041,13361,40.44
20,1631,NEWGEN,EQ,497461,211500,42.52
20,1632,NEWJAISA,SM,7500,6000,80.00
20,1633,NEXT50,EQ,22592,19861,87.91
20,1634,NEXT50IETF,EQ,666711,568642,85.29
20,1635,NFL,EQ,2045815,403364,19.72
20,1636,NGIL,EQ,14236,4956,34.81
20,1637,NGLFINE,EQ,6159,3297,53.53
20,1638,NH,EQ,105076,50613,48.17
20,1639,NHPC,EQ,15332138,7325633,47.78
20,1640,NIACL,EQ,781337,245804,31.46
20,1641,NIF100BEES,EQ,49076,27939,56.93
20,1642,NIF100IETF,EQ,268093,186744,69.66
20,1643,NIF10GETF,EQ,1298,1161,89.45
20,1644,NIF5GETF,EQ,3803,3443,90.53
20,1645,NIFITETF,EQ,746,527,70.64
20,1646,NIFMID150,EQ,2200,1899,86.32
20,1647,NIFTY1,EQ,213200,191048,89.61
20,1648,NIFTY50ADD,EQ,624158,610668,97.84
20,1649,NIFTYBEES,EQ,5761931,4430227,76.89
20,1650,NIFTYBETF,EQ,549486,505015,91.91
20,1651,NIFTYETF,EQ,124607,116047,93.13
20,1652,NIFTYIETF,EQ,1563610,1374633,87.91
20,1653,NIFTYQLITY,EQ,52522,41156,78.36
20,1654,NIITLTD,EQ,610223,253212,41.49
20,1655,NIITMTS,EQ,38884,22013,56.61
20,1656,NILAINFRA,EQ,1831521,546847,29.86
20,1657,NILKAMAL,EQ,2623,1983,75.60
20,1658,NINSYS,EQ,30930,16515,53.39
20,1659,NIPPOBATRY,EQ,3534,2478,70.12
20,1660,NIRAJISPAT,EQ,18,18,100.00
20,1661,NIRMAN,ST,43800,42600,97.26
20,1662,NITINSPIN,EQ,167297,64091,38.31
20,1663,NITIRAJ,EQ,5432,3363,61.91
20,1664,NIVABUPA,EQ,3462910,1862596,53.79
20,1665,NKIND,EQ,12986,12908,99.40
20,1666,NLCINDIA,EQ,3905880,718675,18.40
20,1667,NMDC,EQ,13035087,4971344,38.14
20,1668,NOCIL,EQ,204520,98843,48.33
20,1669,NORTHARC,EQ,580480,281667,48.52
20,1670,NOVAAGRI,EQ,171658,87348,50.88
20,1671,NPBET,EQ,744,525,70.56
20,1672,NPST,SM,8950,5500,61.45
20,1673,NRAIL,EQ,5729,2855,49.83
20,1674,NRBBEARING,EQ,188889,87357,46.25
20,1675,NSIL,EQ,23257,8346,35.89
20,1676,NSLNISP,EQ,2619302,1049440,40.07
20,1677,NTPC,EQ,14513129,9483258,65.34
20,1678,NTPCGREEN,EQ,17244808,6616095,38.37
20,1679,NUCLEUS,EQ,27498,15704,57.11
20,1680,NURECA,EQ,7492,4573,61.04
20,1681,NUVAMA,EQ,132974,84971,63.90
20,1682,NUVOCO,EQ,84566,50492,59.71
20,1683,NV20,EQ,9802,6248,63.74
20,1684,NV20BEES,EQ,57384,55725,97.11
20,1685,NV20IETF,EQ,509327,328888,64.57
20,1686,NXST,RR,235152,191177,81.30
20,1687,NYKAA,EQ,8084551,3783159,46.79
20,1688,OAL,EQ,31244,14050,44.97
20,1689,OBCL,EQ,16139,9916,61.44
20,1690,OBEROIRLTY,EQ,969144,533242,55.02
20,1691,OBSCP,ST,312000,268800,86.15
20,1692,OCCL,EQ,68987,34957,50.67
20,1693,OCCLLTD,EQ,5871157,2265847,38.59
20,1694,OFSS,EQ,556116,407031,73.19
20,1695,OIL,EQ,3369177,2337662,69.38
20,1696,OILIETF,EQ,2125872,1001350,47.10
20,1697,OLAELEC,EQ,26289361,4710727,17.92
20,1698,OLECTRA,EQ,286781,125180,43.65
20,1699,OLIL,SM,118800,67200,56.57
20,1700,OMAXAUTO,EQ,28324,13051,46.08
20,1701,OMAXE,EQ,76962,34433,44.74
20,1702,OMFURN,ST,2400,2400,100.00
20,1703,OMINFRAL,EQ,385228,153018,39.72
20,1704,ONDOOR,SM,13800,10800,78.26
20,1705,ONELIFECAP,EQ,19823,8427,42.51
20,1706,ONEPOINT,EQ,645358,383454,59.42
20,1707,ONGC,EQ,9518542,4883382,51.30
20,1708,ONMOBILE,EQ,279286,109787,39.31
20,1709,ONWARDTEC,EQ,46178,21815,47.24
20,1710,ONYX,SM,52000,28000,53.85
20,1711,ORBTEXP,EQ,228003,102832,45.10
20,1712,ORCHPHARMA,EQ,79066,32912,41.63
20,1713,ORIANA,SM,85425,38625,45.22
20,1714,ORICONENT,EQ,488598,230759,47.23
20,1715,ORIENTBELL,EQ,4338,3187,73.47
20,1716,ORIENTCEM,EQ,462912,315216,68.09
20,1717,ORIENTCER,EQ,145802,90143,61.83
20,1718,ORIENTELEC,EQ,214521,109387,50.99
20,1719,ORIENTHOT,EQ,186397,100674,54.01
20,1720,ORIENTLTD,EQ,60868,18290,30.05
20,1721,ORIENTPPR,EQ,1102088,204142,18.52
20,1722,ORIENTTECH,EQ,1291555,316078,24.47
20,1723,ORISSAMINE,EQ,4618,2308,49.98
20,1724,ORTINGLOBE,EQ,7240,5331,73.63
20,1725,OSELDEVICE,SM,108000,71200,65.93
20,1726,OSWALGREEN,EQ,660924,196421,29.72
20,1727,OWAIS,SM,25900,16500,63.71
20,1728,PAGEIND,EQ,36876,21510,58.33
20,1729,PAISALO,EQ,4394574,851650,19.38
20,1730,PAKKA,EQ,248154,87134,35.11
20,1731,PALASHSECU,EQ,36782,28065,76.30
20,1732,PANAMAPET,EQ,123110,33353,27.09
20,1733,PAR,EQ,254016,73309,28.86
20,1734,PARACABLES,EQ,2810980,1319030,46.92
20,1735,PARADEEP,EQ,3941033,1146357,29.09
20,1736,PARAGMILK,EQ,447775,155877,34.81
20,1737,PARAGON,ST,12000,12000,100.00
20,1738,PARAMATRIX,SM,13200,12000,90.91
20,1739,PARAMOUNT,SM,16800,13200,78.57
20,1740,PARAS,EQ,80062,34664,43.30
20,1741,PARKHOTELS,EQ,613501,304097,49.57
20,1742,PARTYCRUS,SM,1000,1000,100.00
20,1743,PASHUPATI,ST,1000,1000,100.00
20,1744,PATANJALI,EQ,284027,141814,49.93
20,1745,PATELENG,EQ,3726227,1773331,47.59
20,1746,PATINTLOG,EQ,199674,86862,43.50
20,1747,PAYTM,EQ,6838630,1770942,25.90
20,1748,PCBL,EQ,2084797,841355,40.36
20,1749,PCCL,SM,43600,34800,79.82
20,1750,PDMJEPAPER,EQ,1431681,369357,25.80
20,1751,PDSL,EQ,149262,70457,47.20
20,1752,PEARLPOLY,EQ,184301,64786,35.15
20,1753,PEL,EQ,1031876,324669,31.46
20,1754,PELATRO,SM,47400,37800,79.75
20,1755,PENIND,EQ,610626,220094,36.04
20,1756,PENINLAND,EQ,286838,138131,48.16
20,1757,PENTAGON,SM,4000,4000,100.00
20,1758,PERFECT,ST,39000,39000,100.00
20,1759,PERSISTENT,EQ,785692,407096,51.81
20,1760,PETRONET,EQ,2729958,1947617,71.34
20,1761,PFC,EQ,6612923,2441038,36.91
20,1762,PFIZER,EQ,9336,3813,40.84
20,1763,PFOCUS,EQ,39509,29154,73.79
20,1764,PFS,EQ,783196,469405,59.93
20,1765,PGEL,EQ,2433305,782022,32.14
20,1766,PGHH,EQ,2104,1011,48.05
20,1767,PGHL,EQ,7892,1395,17.68
20,1768,PGIL,EQ,63926,39477,61.75
20,1769,PGINVIT,IV,792883,729216,91.97
20,1770,PHANTOMFX,ST,17400,16200,93.10
20,1771,PHARMABEES,EQ,5272959,3229678,61.25
20,1772,PHOENIXLTD,EQ,553084,356383,64.44
20,1773,PHOGLOBAL,ST,32000,28000,87.50
20,1774,PIDILITIND,EQ,245605,159586,64.98
20,1775,PIIND,EQ,325168,188421,57.95
20,1776,PILANIINVS,EQ,6846,3564,52.06
20,1777,PILITA,EQ,110939,61112,55.09
20,1778,PIONEEREMB,EQ,2219916,696707,31.38
20,1779,PITTIENG,EQ,194995,36242,18.59
20,1780,PIXTRANS,EQ,41209,19852,48.17
20,1781,PLADAINFO,SM,30000,30000,100.00
20,1782,PLASTIBLEN,EQ,12336,7194,58.32
20,1783,PLATIND,EQ,246812,76315,30.92
20,1784,PLAZACABLE,EQ,113166,51324,45.35
20,1785,PNB,EQ,28868334,7642921,26.48
20,1786,PNBGILTS,EQ,303138,112080,36.97
20,1787,PNBHOUSING,EQ,723286,335555,46.39
20,1788,PNC,EQ,24084,18551,77.03
20,1789,PNCINFRA,EQ,616732,211571,34.31
20,1790,PNGJL,EQ,390062,206871,53.04
20,1791,POCL,EQ,68093,39852,58.53
20,1792,PODDARMENT,EQ,2635,2017,76.55
20,1793,POKARNA,EQ,148962,47134,31.64
20,1794,POLICYBZR,EQ,964655,432221,44.81
20,1795,POLYCAB,EQ,240206,105026,43.72
20,1796,POLYMED,EQ,172120,84149,48.89
20,1797,POLYPLEX,EQ,128347,49690,38.72
20,1798,POLYSIL,SM,8000,6000,75.00
20,1799,PONNIERODE,EQ,27457,17867,65.07
20,1800,POONAWALLA,EQ,1410699,572287,40.57
20,1801,POSITRON,ST,17400,16200,93.10
20,1802,POWERGRID,EQ,10234715,5991410,58.54
20,1803,POWERINDIA,EQ,55373,29942,54.07
20,1804,POWERMECH,EQ,82826,26289,31.74
20,1805,PPAP,EQ,50411,24123,47.85
20,1806,PPL,EQ,63571,36258,57.04
20,1807,PPLPHARMA,EQ,3955408,1003074,25.36
20,1808,PPSL,SM,54000,45000,83.33
20,1809,PRAENG,EQ,64425,38484,59.73
20,1810,PRAJIND,EQ,1442434,402180,27.88
20,1811,PRAKASH,EQ,326361,161610,49.52
20,1812,PRAKASHSTL,EQ,255146,137278,53.80
20,1813,PRAMARA,SM,6000,5000,83.33
20,1814,PRANIK,SM,52800,41600,78.79
20,1815,PRATHAM,ST,12400,12000,96.77
20,1816,PRECAM,EQ,265974,74346,27.95
20,1817,PRECISION,ST,16000,14000,87.50
20,1818,PRECWIRE,EQ,170363,64665,37.96
20,1819,PREMEXPLN,EQ,649833,230755,35.51
20,1820,PREMIERENE,EQ,2151769,371010,17.24
20,1821,PREMIUM,SM,33000,27000,81.82
20,1822,PRESSTONIC,ST,39200,39200,100.00
20,1823,PRESTIGE,EQ,652028,327415,50.21
20,1824,PRICOLLTD,EQ,1460251,362598,24.83
20,1825,PRIMESECU,EQ,69107,47549,68.80
20,1826,PRINCEPIPE,EQ,113917,51626,45.32
20,1827,PRITI,EQ,29238,16472,56.34
20,1828,PRITIKA,ST,7000,7000,100.00
20,1829,PRITIKAUTO,EQ,651821,279714,42.91
20,1830,PRIVISCL,EQ,23806,12090,50.79
20,1831,PRIZOR,ST,34400,32000,93.02
20,1832,PRLIND,SM,211000,99000,46.92
20,1833,PROZONER,EQ,190639,110908,58.18
20,1834,PRSMJOHNSN,EQ,337656,137306,40.66
20,1835,PRUDENT,EQ,15969,9283,58.13
20,1836,PSB,EQ,527279,171293,32.49
20,1837,PSFL,SM,16000,12000,75.00
20,1838,PSPPROJECT,EQ,210887,136785,64.86
20,1839,PSUBANK,EQ,72212,63409,87.81
20,1840,PSUBANKADD,EQ,10188,8056,79.07
20,1841,PSUBNKBEES,EQ,1454817,725051,49.84
20,1842,PSUBNKIETF,EQ,501199,423867,84.57
20,1843,PTC,EQ,2134885,1089958,51.05
20,1844,PTCIL,EQ,11109,7755,69.81
20,1845,PTL,EQ,51331,37904,73.84
20,1846,PULZ,ST,4000,4000,100.00
20,1847,PUNJABCHEM,EQ,43550,15993,36.72
20,1848,PURPLEUTED,ST,366000,329000,89.89
20,1849,PURVA,EQ,109195,39647,36.31
20,1850,PURVFLEXI,SM,15200,11200,73.68
20,1851,PVRINOX,EQ,495245,156074,31.51
20,1852,PVSL,EQ,78889,28729,36.42
20,1853,PVTBANIETF,EQ,2003713,1421966,70.97
20,1854,PVTBANKADD,EQ,39879,38023,95.35
20,1855,PYRAMID,EQ,62474,29648,47.46
20,1856,QGOLDHALF,EQ,26098,15433,59.13
20,1857,QMSMEDI,SM,2000,2000,100.00
20,1858,QNIFTY,EQ,1381,1274,92.25
20,1859,QUADPRO,SM,36000,24000,66.67
20,1860,QUAL30IETF,EQ,130934,55882,42.68
20,1861,QUESS,EQ,754566,179812,23.83
20,1862,QUESTLAB,SM,57600,56400,97.92
20,1863,QUICKHEAL,EQ,90423,29847,33.01
20,1864,QUICKTOUCH,SM,18500,15500,83.78
20,1865,QVCEL,ST,6400,6400,100.00
20,1866,RACE,EQ,7734,5018,64.88
20,1867,RACLGEAR,EQ,6038,3951,65.44
20,1868,RADIANTCMS,EQ,450170,399615,88.77
20,1869,RADICO,EQ,442129,186422,42.16
20,1870,RADIOCITY,EQ,106461,59718,56.09
20,1871,RADIOCITY,P1,317,317,100.00
20,1872,RADIOWALLA,SM,27200,24000,88.24
20,1873,RAILTEL,EQ,1156889,331161,28.63
20,1874,RAIN,EQ,2247359,956255,42.55
20,1875,RAINBOW,EQ,97380,69304,71.17
20,1876,RAJESHEXPO,EQ,241829,110611,45.74
20,1877,RAJINDLTD,SM,22500,15000,66.67
20,1878,RAJMET,EQ,620796,334717,53.92
20,1879,RAJPUTANA,SM,62000,43000,69.35
20,1880,RAJRATAN,EQ,29213,15675,53.66
20,1881,RAJSREESUG,EQ,51949,25966,49.98
20,1882,RALLIS,EQ,423483,155545,36.73
20,1883,RAMANEWS,EQ,87725,30060,34.27
20,1884,RAMAPHO,EQ,5664,3432,60.59
20,1885,RAMASTEEL,EQ,6695636,2616357,39.08
20,1886,RAMCOCEM,EQ,226258,68310,30.19
20,1887,RAMCOIND,EQ,127469,51055,40.05
20,1888,RAMCOSYS,EQ,140312,39425,28.10
20,1889,RAMKY,EQ,34944,16452,47.08
20,1890,RAMRAT,EQ,10933,5369,49.11
20,1891,RANASUG,EQ,236697,103736,43.83
20,1892,RANEENGINE,EQ,7303,5239,71.74
20,1893,RANEHOLDIN,EQ,29460,18958,64.35
20,1894,RAPPID,SM,7200,6600,91.67
20,1895,RATEGAIN,EQ,111700,50898,45.57
20,1896,RATNAMANI,EQ,12324,4837,39.25
20,1897,RATNAVEER,EQ,628333,301776,48.03
20,1898,RAYMOND,EQ,575491,76118,13.23
20,1899,RAYMONDLSL,EQ,95796,51448,53.71
20,1900,RBA,EQ,1011656,479610,47.41
20,1901,RBL,EQ,15115,5015,33.18
20,1902,RBLBANK,EQ,5867251,1607123,27.39
20,1903,RBMINFRA,ST,15200,12800,84.21
20,1904,RBS,ST,60800,56000,92.11
20,1905,RCDL,SM,3000,3000,100.00
20,1906,RCF,EQ,3760055,1053849,28.03
20,1907,RECLTD,EQ,4751460,1809180,38.08
20,1908,REDINGTON,EQ,1179468,612318,51.91
20,1909,REDTAPE,EQ,81535,40033,49.10
20,1910,REFRACTORY,ST,10000,9000,90.00
20,1911,RELAXO,EQ,49657,21025,42.34
20,1912,RELCHEMQ,EQ,28173,14879,52.81
20,1913,RELIABLE,EQ,5151,2644,51.33
20,1914,RELIANCE,EQ,14244653,9361064,65.72
20,1915,RELIGARE,EQ,1766813,936828,53.02
20,1916,REMSONSIND,EQ,132130,109249,82.68
20,1917,REMUS,SM,3650,2750,75.34
20,1918,RENUKA,EQ,8430376,1775381,21.06
20,1919,REPCOHOME,EQ,206490,100340,48.59
20,1920,REPL,EQ,434837,84937,19.53
20,1921,REPRO,EQ,11860,8204,69.17
20,1922,RESPONIND,EQ,419482,130969,31.22
20,1923,RETAIL,EQ,10904,6867,62.98
20,1924,REXPIPES,SM,4000,4000,100.00
20,1925,RGL,EQ,318547,116883,36.69
20,1926,RHIM,EQ,161492,71325,44.17
20,1927,RHL,EQ,42022,28718,68.34
20,1928,RICOAUTO,EQ,238762,104414,43.73
20,1929,RIIL,EQ,120954,35362,29.24
20,1930,RILINFRA,ST,13300,12600,94.74
20,1931,RISHABH,EQ,33060,18289,55.32
20,1932,RITCO,EQ,84852,38647,45.55
20,1933,RITES,EQ,915763,285613,31.19
20,1934,RITEZONE,SM,4800,4800,100.00
20,1935,RKEC,EQ,43732,27892,63.78
20,1936,RKFORGE,EQ,248248,63312,25.50
20,1937,RKSWAMY,EQ,168827,103607,61.37
20,1938,RMDRIP,ST,14000,12500,89.29
20,1939,RML,EQ,7995,3305,41.34
20,1940,RNFI,SM,24000,18000,75.00
20,1941,ROCKINGDCE,SM,11750,6000,51.06
20,1942,ROHLTD,EQ,31598,14774,46.76
20,1943,ROLEXRINGS,EQ,9580,4029,42.06
20,1944,ROML,EQ,7904,6169,78.05
20,1945,ROSSARI,EQ,36918,18066,48.94
20,1946,ROTO,EQ,123753,71667,57.91
20,1947,ROUTE,EQ,66100,26345,39.86
20,1948,ROXHITECH,SM,70400,56000,79.55
20,1949,RPEL,EQ,74553,42709,57.29
20,1950,RPGLIFE,EQ,15947,6788,42.57
20,1951,RPPINFRA,EQ,1333155,373060,27.98
20,1952,RPPL,EQ,68776,40010,58.17
20,1953,RPSGVENT,EQ,58284,24704,42.39
20,1954,RPTECH,EQ,619143,262844,42.45
20,1955,RRKABEL,EQ,73919,26566,35.94
20,1956,RSWM,EQ,82973,36185,43.61
20,1957,RSYSTEMS,EQ,104479,54793,52.44
20,1958,RTNINDIA,EQ,1707644,575761,33.72
20,1959,RTNPOWER,EQ,17525450,8227694,46.95
20,1960,RUBFILA,EQ,59614,34961,58.65
20,1961,RUBYMILLS,EQ,103595,40538,39.13
20,1962,RUCHINFRA,EQ,82852,57658,69.59
20,1963,RUCHIRA,EQ,85086,36521,42.92
20,1964,RULKA,SM,14700,7200,48.98
20,1965,RUPA,EQ,66327,28873,43.53
20,1966,RUSHIL,EQ,450334,180648,40.11
20,1967,RUSTOMJEE,EQ,39422,19058,48.34
20,1968,RVHL,EQ,125772,79176,62.95
20,1969,RVNL,EQ,2481062,848586,34.20
20,1970,SAAKSHI,SM,19200,13200,68.75
20,1971,SADBHAV,EQ,3399609,1985988,58.42
20,1972,SADBHIN,EQ,280694,177744,63.32
20,1973,SADHAV,SM,19800,11400,57.58
20,1974,SADHNANIQ,EQ,116030,68561,59.09
20,1975,SAFARI,EQ,20336,10863,53.42
20,1976,SAGARDEEP,EQ,112867,62776,55.62
20,1977,SAGCEM,EQ,23482,11283,48.05
20,1978,SAGILITY,EQ,27142706,13361725,49.23
20,1979,SAHAJSOLAR,ST,20000,18000,90.00
20,1980,SAHANA,SM,15625,10000,64.00
20,1981,SAHASRA,SM,230800,138800,60.14
20,1982,SAHYADRI,EQ,6358,4384,68.95
20,1983,SAIFL,SM,13600,10400,76.47
20,1984,SAIL,EQ,12028931,2958491,24.59
20,1985,SAILIFE,EQ,16050121,5639495,35.14
20,1986,SAJHOTELS,SM,2000,2000,100.00
20,1987,SAKAR,EQ,19276,13734,71.25
20,1988,SAKHTISUG,EQ,482920,211190,43.73
20,1989,SAKSOFT,EQ,88098,45889,52.09
20,1990,SALASAR,EQ,4797643,2620554,54.62
20,1991,SALONA,EQ,336,188,55.95
20,1992,SALSTEEL,EQ,54436,32333,59.40
20,1993,SALZERELEC,EQ,462760,123413,26.67
20,1994,SAMBHAAV,EQ,2142900,682995,31.87
20,1995,SAMHI,EQ,1233283,597624,48.46
20,1996,SAMMAANCAP,EQ,3665945,1587609,43.31
20,1997,SAMPANN,EQ,883579,478443,54.15
20,1998,SANDESH,EQ,4865,3072,63.14
20,1999,SANDHAR,EQ,121159,57930,47.81
20,2000,SANDUMA,EQ,627526,362116,57.71
20,2001,SANGAMIND,EQ,42178,26921,63.83
20,2002,SANGANI,ST,12000,12000,100.00
20,2003,SANGHIIND,EQ,1198507,538150,44.90
20,2004,SANGHVIMOV,EQ,267410,102586,38.36
20,2005,SANGINITA,EQ,42631,37303,87.50
20,2006,SANOFI,EQ,10938,6532,59.72
20,2007,SANOFICONR,EQ,7860,4703,59.83
20,2008,SANSERA,EQ,69638,42547,61.10
20,2009,SANSTAR,EQ,365050,156710,42.93
20,2010,SAPPHIRE,EQ,434510,293304,67.50
20,2011,SARDAEN,EQ,303556,123734,40.76
20,2012,SAREGAMA,EQ,124107,64484,51.96
20,2013,SARLAPOLY,EQ,657697,247664,37.66
20,2014,SARTELE,SM,307000,174500,56.84
20,2015,SARVESHWAR,EQ,8171929,3252480,39.80
20,2016,SASKEN,EQ,15769,7709,48.89
20,2017,SASTASUNDR,EQ,21272,11916,56.02
20,2018,SATECH,ST,45000,43000,95.56
20,2019,SATIA,EQ,209184,78001,37.29
20,2020,SATIN,EQ,190343,78811,41.40
20,2021,SATINDLTD,EQ,187707,89785,47.83
20,2022,SATIPOLY,SM,6000,4500,75.00
20,2023,SAURASHCEM,EQ,86173,48753,56.58
20,2024,SBC,EQ,2433719,1103901,45.36
20,2025,SBCL,EQ,85841,55904,65.13
20,2026,SBFC,EQ,996102,454808,45.66
20,2027,SBGLP,EQ,322295,169501,52.59
20,2028,SBICARD,EQ,719891,497367,69.09
20,2029,SBIETFCON,EQ,7183,4676,65.10
20,2030,SBIETFIT,EQ,6096,4808,78.87
20,2031,SBIETFPB,EQ,11217,9883,88.11
20,2032,SBIETFQLTY,EQ,1728,1567,90.68
20,2033,SBILIFE,EQ,1081337,656757,60.74
20,2034,SBIN,EQ,9453398,4066393,43.02
20,2035,SBINEQWETF,EQ,44134,35134,79.61
20,2036,SBISILVER,EQ,334114,227290,68.03
20,2037,SCHAEFFLER,EQ,30127,16100,53.44
20,2038,SCHAND,EQ,28010,14285,51.00
20,2039,SCHNEIDER,EQ,223943,48435,21.63
20,2040,SCI,EQ,1004451,343104,34.16
20,2041,SCILAL,EQ,706187,250391,35.46
20,2042,SCLZC25B,AT,10,10,100.00
20,2043,SCLZC26G,YA,60,30,50.00
20,2044,SCML,SM,5000,5000,100.00
20,2045,SDBL,EQ,451509,199018,44.08
20,2046,SDL26BEES,EQ,9478,6404,67.57
20,2047,SDREAMS,SM,23000,16000,69.57
20,2048,SEAMECLTD,EQ,16403,7379,44.99
20,2049,SECL,ST,25000,25000,100.00
20,2050,SECMARK,EQ,2761,882,31.94
20,2051,SECURKLOUD,EQ,61230,35960,58.73
20,2052,SEL,ST,4400,3600,81.82
20,2053,SELAN,EQ,24414,13375,54.78
20,2054,SELMC,EQ,65356,24032,36.77
20,2055,SENCO,EQ,234977,134022,57.04
20,2056,SENSEXADD,EQ,638,602,94.36
20,2057,SENSEXETF,EQ,32267,23152,71.75
20,2058,SENSEXIETF,EQ,16081,8005,49.78
20,2059,SEPC,EQ,4955704,2113600,42.65
20,2060,SERVICE,SM,6000,6000,100.00
20,2061,SERVOTECH,EQ,767660,395431,51.51
20,2062,SESHAPAPER,EQ,29237,11788,40.32
20,2063,SETF10GILT,EQ,7632,4489,58.82
20,2064,SETFGOLD,EQ,1190257,942011,79.14
20,2065,SETFNIF50,EQ,4792171,4698980,98.06
20,2066,SETFNIFBK,EQ,1478536,1453470,98.30
20,2067,SETFNN50,EQ,57471,50188,87.33
20,2068,SFL,EQ,138536,60608,43.75
20,2069,SFLZC25A,ZK,307,300,97.72
20,2070,SFML,ST,27200,27200,100.00
20,2071,SGBAPR28I,GB,114,98,85.96
20,2072,SGBAUG27,GB,10,10,100.00
20,2073,SGBAUG28V,GB,1150,1049,91.22
20,2074,SGBAUG29V,GB,51,34,66.67
20,2075,SGBAUG30,GB,135,80,59.26
20,2076,SGBD29VIII,GB,214,155,72.43
20,2077,SGBDE30III,GB,225,178,79.11
20,2078,SGBDE31III,GB,1644,1304,79.32
20,2079,SGBDEC25,GB,34,34,100.00
20,2080,SGBDEC2512,GB,1,1,100.00
20,2081,SGBDEC2513,GB,3,3,100.00
20,2082,SGBFEB28IX,GB,4,4,100.00
20,2083,SGBFEB29XI,GB,42,41,97.62
20,2084,SGBFEB32IV,GB,838,663,79.12
20,2085,SGBJ28VIII,GB,46,43,93.48
20,2086,SGBJAN26,GB,9,9,100.00
20,2087,SGBJAN27,GB,6,4,66.67
20,2088,SGBJAN29IX,GB,1744,1299,74.48
20,2089,SGBJAN29X,GB,120,110,91.67
20,2090,SGBJAN30IX,GB,83,75,90.36
20,2091,SGBJU29III,GB,75,71,94.67
20,2092,SGBJUL25,GB,4,4,100.00
20,2093,SGBJUL27,GB,12,12,100.00
20,2094,SGBJUL28IV,GB,612,574,93.79
20,2095,SGBJUL29IV,GB,94,94,100.00
20,2096,SGBJUN27,GB,6,6,100.00
20,2097,SGBJUN28,GB,259,253,97.68
20,2098,SGBJUN29II,GB,154,154,100.00
20,2099,SGBJUN30,GB,523,452,86.42
20,2100,SGBJUN31I,GB,396,300,75.76
20,2101,SGBMAR25,GB,131,115,87.79
20,2102,SGBMAR30X,GB,74,46,62.16
20,2103,SGBMAR31IV,GB,105,103,98.10
20,2104,SGBMAY25,GB,30,22,73.33
20,2105,SGBMAY26,GB,40,34,85.00
20,2106,SGBMAY28,GB,1233,1225,99.35
20,2107,SGBMAY29I,GB,549,360,65.57
20,2108,SGBMR29XII,GB,789,524,66.41
20,2109,SGBN28VIII,GB,172,161,93.60
20,2110,SGBNOV25,GB,1,1,100.00
20,2111,SGBNOV258,GB,6,6,100.00
20,2112,SGBNOV25IX,GB,18,18,100.00
20,2113,SGBNV29VII,GB,108,70,64.81
20,2114,SGBOC28VII,GB,66,53,80.30
20,2115,SGBOCT25IV,GB,81,53,65.43
20,2116,SGBOCT25V,GB,9,9,100.00
20,2117,SGBOCT27,GB,7,7,100.00
20,2118,SGBOCT27VI,GB,9,9,100.00
20,2119,SGBSEP27,GB,2,2,100.00
20,2120,SGBSEP28VI,GB,75,56,74.67
20,2121,SGBSEP29VI,GB,503,255,50.70
20,2122,SGBSEP31II,GB,675,518,76.74
20,2123,SGIL,EQ,143686,46784,32.56
20,2124,SGL,EQ,43858,18558,42.31
20,2125,SHAILY,EQ,243269,140059,57.57
20,2126,SHALBY,EQ,93164,41948,45.03
20,2127,SHALPAINTS,EQ,895268,296149,33.08
20,2128,SHANKARA,EQ,68581,36659,53.45
20,2129,SHANTHALA,SM,8400,7200,85.71
20,2130,SHANTI,EQ,1033972,469604,45.42
20,2131,SHANTIGEAR,EQ,11040,5091,46.11
20,2132,SHARDACROP,EQ,880674,202658,23.01
20,2133,SHARDAMOTR,EQ,25658,10478,40.84
20,2134,SHAREINDIA,EQ,3323096,1137257,34.22
20,2135,SHARIABEES,EQ,6980,2870,41.12
20,2136,SHEETAL,SM,22000,12000,54.55
20,2137,SHEMAROO,EQ,25577,10434,40.79
20,2138,SHERA,SM,46000,33000,71.74
20,2139,SHIGAN,SM,10500,7500,71.43
20,2140,SHILPAMED,EQ,266894,117215,43.92
20,2141,SHIVALIK,EQ,51573,30114,58.39
20,2142,SHIVAMAUTO,EQ,290538,153812,52.94
20,2143,SHIVAMILLS,EQ,30100,13690,45.48
20,2144,SHIVATEX,EQ,7605,4150,54.57
20,2145,SHK,EQ,361613,197633,54.65
20,2146,SHOPERSTOP,EQ,413819,194873,47.09
20,2147,SHREDIGCEM,EQ,153368,91180,59.45
20,2148,SHREECEM,EQ,8746,2911,33.28
20,2149,SHREEKARNI,SM,8700,6150,70.69
20,2150,SHREEOSFM,SM,10000,9000,90.00
20,2151,SHREEPUSHK,EQ,121450,53081,43.71
20,2152,SHREYANIND,EQ,9866,5569,56.45
20,2153,SHRIPISTON,EQ,47030,25174,53.53
20,2154,SHRIRAMFIN,EQ,1470935,710222,48.28
20,2155,SHRIRAMPPS,EQ,892010,382549,42.89
20,2156,SHRITECH,SM,118000,94000,79.66
20,2157,SHUBHLAXMI,ST,28000,26000,92.86
20,2158,SHUBHSHREE,ST,57600,46800,81.25
20,2159,SHYAMCENT,EQ,152651,83294,54.56
20,2160,SHYAMMETL,EQ,148492,57247,38.55
20,2161,SIEMENS,EQ,178762,89390,50.01
20,2162,SIGACHI,EQ,1506234,562282,37.33
20,2163,SIGIND,EQ,11183,6573,58.78
20,2164,SIGMA,EQ,22762,4312,18.94
20,2165,SIGNATURE,EQ,476054,26753,5.62
20,2166,SIGNORIA,ST,1000,1000,100.00
20,2167,SIGNPOST,EQ,186401,72119,38.69
20,2168,SIKKO,EQ,26736,17350,64.89
20,2169,SIL,EQ,55140,32648,59.21
20,2170,SILGO,EQ,86190,47251,54.82
20,2171,SILKFLEX,ST,10000,10000,100.00
20,2172,SILLYMONKS,EQ,141121,63588,45.06
20,2173,SILVER,EQ,338462,280769,82.95
20,2174,SILVER1,EQ,106896,90212,84.39
20,2175,SILVERADD,EQ,2467208,2341479,94.90
20,2176,SILVERBEES,EQ,13721448,11136567,81.16
20,2177,SILVERETF,EQ,301541,253158,83.95
20,2178,SILVERIETF,EQ,1360743,1175780,86.41
20,2179,SILVERTUC,EQ,22632,12434,54.94
20,2180,SILVRETF,EQ,73812,69034,93.53
20,2181,SINCLAIR,EQ,1949616,728628,37.37
20,2182,SINDHUTRAD,EQ,752334,435873,57.94
20,2183,SINTERCOM,EQ,26024,10120,38.89
20,2184,SIRCA,EQ,61892,28045,45.31
20,2185,SIS,EQ,43294,33080,76.41
20,2186,SIYSIL,EQ,481025,105168,21.86
20,2187,SJLOGISTIC,ST,33750,33750,100.00
20,2188,SJS,EQ,86154,41387,48.04
20,2189,SJVN,EQ,4171712,1260998,30.23
20,2190,SKFINDIA,EQ,11842,5923,50.02
20,2191,SKIPPER,EQ,507893,174064,34.27
20,2192,SKMEGGPROD,EQ,69107,36377,52.64
20,2193,SKP,SM,28500,15500,54.39
20,2194,SLONE,ST,1600,1600,100.00
20,2195,SMALLCAP,EQ,834951,603910,72.33
20,2196,SMCGLOBAL,EQ,81164,42487,52.35
20,2197,SMLISUZU,EQ,8018,4979,62.10
20,2198,SMLT,EQ,15843,9154,57.78
20,2199,SMSPHARMA,EQ,135379,48613,35.91
20,2200,SNOWMAN,EQ,457577,220277,48.14
20,2201,SOBHA,EQ,114089,39100,34.27
20,2202,SOLARA,EQ,137359,71687,52.19
20,2203,SOLARAPP,E1,840,683,81.31
20,2204,SOLARINDS,EQ,34308,16656,48.55
20,2205,SOLEX,SM,10500,8250,78.57
20,2206,SOMANYCERA,EQ,14648,5922,40.43
20,2207,SOMICONVEY,EQ,55686,26104,46.88
20,2208,SONACOMS,EQ,1964594,1191689,60.66
20,2209,SONAMAC,ST,13000,13000,100.00
20,2210,SONATSOFTW,EQ,331398,129976,39.22
20,2211,SONUINFRA,ST,24000,24000,100.00
20,2212,SOTAC,SM,1200,1200,100.00
20,2213,SOTL,EQ,32473,17326,53.36
20,2214,SOUTHBANK,EQ,14477513,6796914,46.95
20,2215,SOUTHWEST,EQ,244527,116925,47.82
20,2216,SPAL,EQ,25776,10448,40.53
20,2217,SPANDANA,EQ,304101,134268,44.15
20,2218,SPARC,EQ,1019302,322685,31.66
20,2219,SPCENET,EQ,1313163,782435,59.58
20,2220,SPCL,SM,115200,69600,60.42
20,2221,SPECIALITY,EQ,44150,26951,61.04
20,2222,SPECTRUM,SM,16125,13625,84.50
20,2223,SPECTSTM,ST,16800,16800,100.00
20,2224,SPENCERS,EQ,68645,28237,41.13
20,2225,SPIC,EQ,332525,142221,42.77
20,2226,SPLIL,EQ,38982,18456,47.34
20,2227,SPLPETRO,EQ,40637,25917,63.78
20,2228,SPMLINFRA,EQ,516214,406905,78.82
20,2229,SPORTKING,EQ,245724,109493,44.56
20,2230,SPPPOLY,ST,6000,6000,100.00
20,2231,SREEL,EQ,15263,10199,66.82
20,2232,SRF,EQ,296346,155248,52.39
20,2233,SRGHFL,EQ,15165,8278,54.59
20,2234,SRHHYPOLTD,EQ,198975,66094,33.22
20,2235,SRIVASAVI,SM,4000,3000,75.00
20,2236,SRM,EQ,415695,121394,29.20
20,2237,SSDL,EQ,141255,44019,31.16
20,2238,SSEGL,ST,55400,49600,89.53
20,2239,SSFL,ST,32000,31500,98.44
20,2240,SSWL,EQ,265879,167204,62.89
20,2241,STANLEY,EQ,40502,21539,53.18
20,2242,STARCEMENT,EQ,1131333,326836,28.89
20,2243,STARHEALTH,EQ,1424019,899928,63.20
20,2244,STARPAPER,EQ,47010,13628,28.99
20,2245,STARTECK,EQ,11646,604,5.19
20,2246,STCINDIA,EQ,62074,14096,22.71
20,2247,STEELCAS,EQ,7360,4876,66.25
20,2248,STEELCITY,EQ,106475,34722,32.61
20,2249,STEELXIND,EQ,1049267,559261,53.30
20,2250,STEL,EQ,6193,3663,59.15
20,2251,STERTOOLS,EQ,215879,75488,34.97
20,2252,STLTECH,EQ,1013669,389532,38.43
20,2253,STOVEKRAFT,EQ,712079,218256,30.65
20,2254,STYLAMIND,EQ,134974,78072,57.84
20,2255,STYLEBAAZA,EQ,328945,176139,53.55
20,2256,STYRENIX,EQ,54571,26473,48.51
20,2257,SUBEXLTD,EQ,2956628,1259856,42.61
20,2258,SUBROS,EQ,53450,19977,37.38
20,2259,SUDARSCHEM,EQ,91892,49017,53.34
20,2260,SUKHJITS,EQ,16013,10900,68.07
20,2261,SULA,EQ,136625,62613,45.83
20,2262,SUMICHEM,EQ,201901,85669,42.43
20,2263,SUMMITSEC,EQ,7742,3764,48.62
20,2264,SUNCLAY,EQ,6586,3743,56.83
20,2265,SUNDARAM,EQ,472239,333128,70.54
20,2266,SUNDARMFIN,EQ,63186,33768,53.44
20,2267,SUNDARMHLD,EQ,117775,85084,72.24
20,2268,SUNDRMBRAK,EQ,7744,4203,54.27
20,2269,SUNDRMFAST,EQ,94012,48859,51.97
20,2270,SUNFLAG,EQ,2142246,722803,33.74
20,2271,SUNLITE,SM,19200,14400,75.00
20,2272,SUNPHARMA,EQ,1924091,1038239,53.96
20,2273,SUNREST,SM,1600,1600,100.00
20,2274,SUNTECK,EQ,180046,77348,42.96
20,2275,SUNTV,EQ,176677,71967,40.73
20,2276,SUPERHOUSE,EQ,10444,6409,61.37
20,2277,SUPRAJIT,EQ,86044,21862,25.41
20,2278,SUPREMEIND,EQ,131940,57756,43.77
20,2279,SUPREMEPWR,ST,42500,37500,88.24
20,2280,SUPRIYA,EQ,416942,132495,31.78
20,2281,SURAJEST,EQ,43642,20327,46.58
20,2282,SURAKSHA,EQ,357534,122207,34.18
20,2283,SURANAT&P,EQ,341311,184826,54.15
20,2284,SURANI,ST,11000,11000,100.00
20,2285,SURYALAXMI,EQ,64220,29255,45.55
20,2286,SURYAROSNI,EQ,171269,83303,48.64
20,2287,SURYODAY,EQ,171778,107734,62.72
20,2288,SUTLEJTEX,EQ,767896,242582,31.59
20,2289,SUVEN,EQ,183095,72062,39.36
20,2290,SUVENPHAR,EQ,124860,52087,41.72
20,2291,SUVIDHAA,EQ,505144,361786,71.62
20,2292,SUYOG,EQ,59060,34472,58.37
20,2293,SUZLON,EQ,56237783,30548196,54.32
20,2294,SWANENERGY,EQ,4808529,1425391,29.64
20,2295,SWARAJ,ST,17000,16500,97.06
20,2296,SWARAJENG,EQ,3472,2093,60.28
20,2297,SWASTIK,SM,19200,16800,87.50
20,2298,SWELECTES,EQ,70138,15705,22.39
20,2299,SWIGGY,EQ,19658494,4931353,25.09
20,2300,SWSOLAR,EQ,1284122,655329,51.03
20,2301,SYLVANPLY,SM,4000,4000,100.00
20,2302,SYMPHONY,EQ,49851,18702,37.52
20,2303,SYNCOMF,EQ,2575580,1163639,45.18
20,2304,SYNGENE,EQ,328318,158342,48.23
20,2305,SYNOPTICS,SM,7800,5400,69.23
20,2306,SYRMA,EQ,3770564,747573,19.83
20,2307,SYSTANGO,SM,36800,20000,54.35
20,2308,TAC,ST,2400,2400,100.00
20,2309,TAINWALCHM,EQ,3300,1924,58.30
20,2310,TAJGVK,EQ,228304,103080,45.15
20,2311,TAKE,EQ,72337,45870,63.41
20,2312,TALBROAUTO,EQ,90060,44730,49.67
20,2313,TANLA,EQ,367347,136300,37.10
20,2314,TAPIFRUIT,SM,750,750,100.00
20,2315,TARACHAND,EQ,64985,41937,64.53
20,2316,TARC,EQ,1757498,818106,46.55
20,2317,TARMAT,EQ,37687,19621,52.06
20,2318,TARSONS,EQ,29862,17617,58.99
20,2319,TASTYBITE,EQ,3111,1218,39.15
20,2320,TATACHEM,EQ,436526,135423,31.02
20,2321,TATACOMM,EQ,224198,91461,40.79
20,2322,TATACONSUM,EQ,2589001,1334391,51.54
20,2323,TATAELXSI,EQ,134846,47447,35.19
20,2324,TATAGOLD,EQ,4594130,3424247,74.54
20,2325,TATAINVEST,EQ,19523,8617,44.14
20,2326,TATAMOTORS,EQ,17119599,9470360,55.32
20,2327,TATAPOWER,EQ,7242352,3226362,44.55
20,2328,TATASTEEL,EQ,27104579,11015640,40.64
20,2329,TATATECH,EQ,757644,407303,53.76
20,2330,TATSILV,EQ,2698741,2437070,90.30
20,2331,TATVA,EQ,7788,4363,56.02
20,2332,TBI,ST,12000,11400,95.00
20,2333,TBOTEK,EQ,77250,42607,55.15
20,2334,TBZ,EQ,168981,66836,39.55
20,2335,TCI,EQ,32751,11381,34.75
20,2336,TCIEXP,EQ,14413,6123,42.48
20,2337,TCL,SM,66400,48800,73.49
20,2338,TCLCONS,EQ,44593,23659,53.06
20,2339,TCPLPACK,EQ,1943,1024,52.70
20,2340,TCS,EQ,3015763,1901387,63.05
20,2341,TDPOWERSYS,EQ,648819,305202,47.04
20,2342,TEAMLEASE,EQ,54322,24322,44.77
20,2343,TECH,EQ,113783,100701,88.50
20,2344,TECHERA,ST,97600,97600,100.00
20,2345,TECHLABS,SM,22000,14875,67.61
20,2346,TECHM,EQ,2402819,1589781,66.16
20,2347,TECHNOE,EQ,151725,64022,42.20
20,2348,TEGA,EQ,19294,7008,36.32
20,2349,TEJASNET,EQ,473861,171537,36.20
20,2350,TEXINFRA,EQ,1780097,829603,46.60
20,2351,TEXMOPIPES,EQ,49286,25089,50.90
20,2352,TEXRAIL,EQ,1240280,394466,31.80
20,2353,TFCILTD,EQ,741600,357544,48.21
20,2354,TGBHOTELS,EQ,36864,24899,67.54
20,2355,TGL,ST,24200,21800,90.08
20,2356,THANGAMAYL,EQ,11734,6704,57.13
20,2357,THEINVEST,EQ,27552,20652,74.96
20,2358,THEJO,EQ,2547,1474,57.87
20,2359,THEMISMED,EQ,118546,60956,51.42
20,2360,THERMAX,EQ,37219,15603,41.92
20,2361,THESL,ST,9000,9000,100.00
20,2362,THOMASCOOK,EQ,673330,405516,60.23
20,2363,THYROCARE,EQ,55695,20113,36.11
20,2364,TI,EQ,984148,382492,38.87
20,2365,TIIL,EQ,13785,6203,45.00
20,2366,TIINDIA,EQ,170455,90830,53.29
20,2367,TIMESCAN,SM,2000,2000,100.00
20,2368,TIMESGTY,EQ,33681,19030,56.50
20,2369,TIMETECHNO,EQ,751107,238661,31.77
20,2370,TIMKEN,EQ,19873,9141,46.00
20,2371,TIPSFILMS,EQ,177708,33714,18.97
20,2372,TIPSMUSIC,EQ,226566,142900,63.07
20,2373,TIRUMALCHM,EQ,192665,81373,42.24
20,2374,TIRUPATI,SM,2250,2000,88.89
20,2375,TITAGARH,EQ,911254,206773,22.69
20,2376,TITAN,EQ,732634,446237,60.91
20,2377,TMB,EQ,86771,45163,52.05
20,2378,TNIDETF,EQ,116654,91045,78.05
20,2379,TNPETRO,EQ,119087,52422,44.02
20,2380,TNPL,EQ,5987749,1131348,18.89
20,2381,TNTELE,EQ,67976,33751,49.65
20,2382,TOKYOPLAST,EQ,51674,27595,53.40
20,2383,TOLINS,EQ,642937,194987,30.33
20,2384,TOP100CASE,EQ,242266,208605,86.11
20,2385,TOP10ADD,EQ,558792,543671,97.29
20,2386,TORNTPHARM,EQ,539423,177924,32.98
20,2387,TORNTPOWER,EQ,642274,350628,54.59
20,2388,TOTAL,EQ,5627,2661,47.29
20,2389,TOUCHWOOD,EQ,2696,1669,61.91
20,2390,TPLPLASTEH,EQ,187697,42032,22.39
20,2391,TRACXN,EQ,394633,199130,50.46
20,2392,TRANSTEEL,ST,272000,226000,83.09
20,2393,TRANSWORLD,EQ,44187,23814,53.89
20,2394,TREL,EQ,372374,166679,44.76
20,2395,TRENT,EQ,660251,181775,27.53
20,2396,TRF,EQ,14755,6764,45.84
20,2397,TRIDENT,EQ,11479993,2453203,21.37
20,2398,TRIDHYA,SM,12000,9000,75.00
20,2399,TRIGYN,EQ,47432,23565,49.68
20,2400,TRITURBINE,EQ,1601739,456241,28.48
20,2401,TRIVENI,EQ,1199177,287501,23.97
20,2402,TROM,SM,18600,12600,67.74
20,2403,TRUST,SM,31800,25200,79.25
20,2404,TTKHLTCARE,EQ,3668,2375,64.75
20,2405,TTKPRESTIG,EQ,35530,17300,48.69
20,2406,TTML,EQ,6927065,1413016,20.40
20,2407,TUNWAL,SM,172000,104000,60.47
20,2408,TVSHLTD,EQ,6205,3014,48.57
20,2409,TVSMOTOR,EQ,622765,311918,50.09
20,2410,TVSSCS,EQ,247846,116361,46.95
20,2411,TVSSRICHAK,EQ,1752,962,54.91
20,2412,TVTODAY,EQ,54469,32331,59.36
20,2413,UBL,EQ,206620,53023,25.66
20,2414,UCAL,EQ,87745,37867,43.16
20,2415,UCL,SM,2000,2000,100.00
20,2416,UCOBANK,EQ,4350063,810505,18.63
20,2417,UDAICEMENT,EQ,355562,191593,53.88
20,2418,UDS,EQ,251425,134368,53.44
20,2419,UFLEX,EQ,32000,15742,49.19
20,2420,UFO,EQ,90749,40454,44.58
20,2421,UGARSUGAR,EQ,107881,29437,27.29
20,2422,UGROCAP,EQ,70119,36765,52.43
20,2423,UHTL,ST,22000,20000,90.91
20,2424,UJJIVANSFB,EQ,4626221,2062057,44.57
20,2425,ULTRACEMCO,EQ,162249,82749,51.00
20,2426,UMA,SM,28000,20000,71.43
20,2427,UMANGDAIRY,EQ,37838,25380,67.08
20,2428,UMESLTD,EQ,64250,43558,67.79
20,2429,UNICHEMLAB,EQ,20184,7987,39.57
20,2430,UNIDT,EQ,37644,17078,45.37
20,2431,UNIECOM,EQ,853561,371545,43.53
20,2432,UNIENTER,EQ,54546,18349,33.64
20,2433,UNIHEALTH,SM,7000,6000,85.71
20,2434,UNIINFO,EQ,1517549,323867,21.34
20,2435,UNILEX,SM,19200,17600,91.67
20,2436,UNIONBANK,EQ,8500346,3906166,45.95
20,2437,UNIPARTS,EQ,29271,15545,53.11
20,2438,UNITDSPR,EQ,584413,230670,39.47
20,2439,UNITEDTEA,EQ,7261,3740,51.51
20,2440,UNIVASTU,EQ,13682,5609,41.00
20,2441,UNIVCABLES,EQ,136179,44280,32.52
20,2442,UNIVPHOTO,EQ,42520,21533,50.64
20,2443,UNOMINDA,EQ,361697,218344,60.37
20,2444,UPL,EQ,1187222,544003,45.82
20,2445,URAVI,EQ,954,652,68.34
20,2446,URBAN,ST,11600,10800,93.10
20,2447,USASEEDS,SM,1200,300,25.00
20,2448,USHAFIN,SM,10400,8800,84.62
20,2449,USHAMART,EQ,379129,206275,54.41
20,2450,USK,EQ,74640,43757,58.62
20,2451,UTIAMC,EQ,117558,56107,47.73
20,2452,UTIBANKETF,EQ,420082,404167,96.21
20,2453,UTINEXT50,EQ,321647,266325,82.80
20,2454,UTINIFTETF,EQ,137302,136393,99.34
20,2455,UTISENSETF,EQ,1222,1028,84.12
20,2456,UTISXN50,EQ,4119,2484,60.31
20,2457,UTKARSHBNK,EQ,1107695,451215,40.73
20,2458,UTSSAV,ST,26400,26400,100.00
20,2459,UTTAMSUGAR,EQ,99915,33760,33.79
20,2460,UWCSL,ST,11000,9000,81.82
20,2461,UYFINCORP,EQ,78847,49691,63.02
20,2462,VADILALIND,EQ,21457,12726,59.31
20,2463,VAIBHAVGBL,EQ,5457977,2851687,52.25
20,2464,VAKRANGEE,EQ,46040595,21855054,47.47
20,2465,VAL30IETF,EQ,329362,97598,29.63
20,2466,VALIANTLAB,EQ,3547539,341488,9.63
20,2467,VALIANTORG,EQ,55138,29392,53.31
20,2468,VARDHACRLC,EQ,32852,22157,67.44
20,2469,VARDMNPOLY,EQ,1598164,1253955,78.46
20,2470,VARROC,EQ,589935,209425,35.50
20,2471,VASA,SM,4000,4000,100.00
20,2472,VASCONEQ,EQ,4820198,837149,17.37
20,2473,VBL,EQ,3412324,1866069,54.69
20,2474,VDEAL,SM,19200,12000,62.50
20,2475,VEDL,EQ,9500042,3011121,31.70
20,2476,VEEDOL,EQ,10257,5569,54.29
20,2477,VEEKAYEM,ST,4000,3500,87.50
20,2478,VENKEYS,EQ,14675,7728,52.66
20,2479,VENUSPIPES,EQ,70290,29180,41.51
20,2480,VENUSREM,EQ,10411,6861,65.90
20,2481,VERA,ST,10500,10500,100.00
20,2482,VERANDA,EQ,128769,65735,51.05
20,2483,VERTEXPLUS,SM,10200,10200,100.00
20,2484,VERTOZ,EQ,2180132,1112528,51.03
20,2485,VESUVIUS,EQ,40834,34063,83.42
20,2486,VGUARD,EQ,991370,695933,70.20
20,2487,VHL,EQ,1576,740,46.95
20,2488,VIAZ,SM,4000,4000,100.00
20,2489,VIDHIING,EQ,85292,39577,46.40
20,2490,VIESL,SM,362400,224800,62.03
20,2491,VIJAYA,EQ,158271,88518,55.93
20,2492,VIKASECO,EQ,10266895,3128515,30.47
20,2493,VIKASLIFE,EQ,5278690,3092483,58.58
20,2494,VILAS,ST,46250,43750,94.59
20,2495,VIMTALABS,EQ,196126,48653,24.81
20,2496,VINATIORGA,EQ,26628,12459,46.79
20,2497,VINCOFE,EQ,227024,136380,60.07
20,2498,VINDHYATEL,EQ,15729,8218,52.25
20,2499,VINEETLAB,EQ,10374,6225,60.01
20,2500,VINSYS,SM,62000,45000,72.58
20,2501,VINYAS,ST,29400,25000,85.03
20,2502,VINYLINDIA,EQ,13932,8675,62.27
20,2503,VIPCLOTHNG,EQ,376543,158285,42.04
20,2504,VIPIND,EQ,311465,126421,40.59
20,2505,VIRINCHI,EQ,490582,276642,56.39
20,2506,VISAKAIND,EQ,98342,55726,56.67
20,2507,VISHNU,EQ,169991,95029,55.90
20,2508,VISHNUINFR,ST,4500,4500,100.00
20,2509,VISHWARAJ,EQ,751974,290061,38.57
20,2510,VITAL,SM,49200,39600,80.49
20,2511,VIVIANA,ST,33375,32125,96.25
20,2512,VIVIDHA,EQ,668113,509526,76.26
20,2513,VIVO,ST,11200,11200,100.00
20,2514,VLINFRA,ST,36000,36000,100.00
20,2515,VLSFINANCE,EQ,35600,17310,48.62
20,2516,VMARCIND,ST,9750,8750,89.74
20,2517,VMART,EQ,14708,7596,51.65
20,2518,VMM,EQ,169053505,64088337,37.91
20,2519,VOLTAMP,EQ,11110,4798,43.19
20,2520,VOLTAS,EQ,680382,454569,66.81
20,2521,VPRPL,EQ,1455045,423011,29.07
20,2522,VR,ST,400,400,100.00
20,2523,VRAJ,EQ,125368,45521,36.31
20,2524,VRLLOG,EQ,78970,36417,46.11
20,2525,VSSL,EQ,37385,19325,51.69
20,2526,VSTIND,EQ,134686,68089,50.55
20,2527,VSTL,EQ,38389,30064,78.31
20,2528,VSTTILLERS,EQ,4185,2255,53.88
20,2529,VTL,EQ,204928,70801,34.55
20,2530,WAAREEENER,EQ,2375391,408515,17.20
20,2531,WABAG,EQ,1355146,331265,24.44
20,2532,WALCHANNAG,EQ,581733,221623,38.10
20,2533,WALPAR,SM,4000,4000,100.00
20,2534,WANBURY,EQ,387032,163890,42.35
20,2535,WCIL,EQ,971036,631605,65.04
20,2536,WEBELSOLAR,EQ,462462,198484,42.92
20,2537,WEIZMANIND,EQ,64150,27803,43.34
20,2538,WEL,EQ,276244,71371,25.84
20,2539,WELCORP,EQ,418519,141555,33.82
20,2540,WELENT,EQ,196174,103692,52.86
20,2541,WELINV,EQ,1081,841,77.80
20,2542,WELSPUNLIV,EQ,1864968,553979,29.70
20,2543,WENDT,EQ,417,197,47.24
20,2544,WESTLIFE,EQ,991150,171860,17.34
20,2545,WEWIN,EQ,9525,4583,48.12
20,2546,WHEELS,EQ,11679,5370,45.98
20,2547,WHIRLPOOL,EQ,112253,51733,46.09
20,2548,WILLAMAGOR,EQ,13691,8165,59.64
20,2549,WINDLAS,EQ,32762,14977,45.71
20,2550,WINDMACHIN,EQ,394819,141617,35.87
20,2551,WINNY,ST,2000,2000,100.00
20,2552,WINSOL,SM,22400,14000,62.50
20,2553,WIPL,EQ,64859,22415,34.56
20,2554,WIPRO,EQ,12405595,4533620,36.54
20,2555,WOCKPHARMA,EQ,379272,110823,29.22
20,2556,WOL3D,SM,17000,14000,82.35
20,2557,WOMANCART,ST,2000,1600,80.00
20,2558,WONDERLA,EQ,55203,27912,50.56
20,2559,WORTH,EQ,11649,5148,44.19
20,2560,WSI,EQ,89678,56877,63.42
20,2561,WSTCSTPAPR,EQ,196699,91516,46.53
20,2562,WTICAB,ST,12500,12000,96.00
20,2563,XCHANGING,EQ,120522,55845,46.34
20,2564,XPROINDIA,EQ,20624,11808,57.25
20,2565,XTGLOBAL,EQ,52954,30017,56.69
20,2566,YASHO,EQ,128932,30902,23.97
20,2567,YASHOPTICS,SM,30400,17600,57.89
20,2568,YATHARTH,EQ,887257,372715,42.01
20,2569,YATRA,EQ,176791,59010,33.38
20,2570,YCCL,SM,48000,48000,100.00
20,2571,YESBANK,EQ,51324521,17937940,34.95
20,2572,YUDIZ,ST,6400,6400,100.00
20,2573,YUKEN,EQ,3024,1979,65.44
20,2574,ZEAL,SM,5400,3600,66.67
20,2575,ZEEL,EQ,8321591,2709117,32.56
20,2576,ZEELEARN,EQ,835766,301899,36.12
20,2577,ZENITHDRUG,ST,44800,36800,82.14
20,2578,ZENSARTECH,EQ,391203,172009,43.97
20,2579,ZENTEC,EQ,908641,211662,23.29
20,2580,ZFCVINDIA,EQ,22864,15260,66.74
20,2581,ZIMLAB,EQ,86771,44016,50.73
20,2582,ZODIAC,EQ,11901,6509,54.69
20,2583,ZODIACLOTH,EQ,39080,21380,54.71
20,2584,ZOMATO,EQ,31350637,16324015,52.07
20,2585,ZOTA,EQ,237318,103678,43.69
20,2586,ZTECH,ST,10500,10500,100.00
20,2587,ZUARI,EQ,235710,92180,39.11
20,2588,ZUARIIND,EQ,35927,15916,44.30
20,2589,ZYDUSLIFE,EQ,1389401,986527,71.00
20,2590,ZYDUSWELL,EQ,16559,8258,49.87
