Security Wise Delivery Position - Compulsory Rolling Settlement
10,MTO,11122024,1165816007,0002603
Trade Date <11-DEC-2024>,Settlement Type <N>
Record Type,Sr No,Name of Security,Quantity Traded,Deliverable Quantity(gross across client level),% of Deliverable Quantity to Traded Quantity
20,1,0SCL26,YR,1,1,100.00
20,2,1003IIFL29,NC,872,762,87.39
20,3,1003ISFL28,N4,16,16,100.00
20,4,1015ECL29,NR,25,25,100.00
20,5,1015SCL28,NR,24,12,50.00
20,6,1015SCL28A,AL,53,53,100.00
20,7,1015SCL29B,N1,20,20,100.00
20,8,1015UCL26,N1,236,152,64.41
20,9,1018GS2026,GS,45630,45630,100.00
20,10,1025SCL34A,ZT,10,10,100.00
20,11,1040UCL27B,N1,115,115,100.00
20,12,1049DLSL25,NX,16,16,100.00
20,13,1050ISFL28,N5,123,100,81.30
20,14,105UCL2026,NB,21,21,100.00
20,15,1065NFL27,NC,1165,1165,100.00
20,16,10CAGL27,N5,10,10,100.00
20,17,10IIFL28,N4,621,551,88.73
20,18,10IIFL28A,NE,169,169,100.00
20,19,10IIFL29,N6,31,31,100.00
20,20,10NIDO26,N6,14,14,100.00
20,21,11DLSL25,NV,32,32,100.00
20,22,182D300125,TB,100,100,100.00
20,23,360ONE,EQ,850418,521984,61.38
20,24,364D030725,TB,30000,30000,100.00
20,25,364D180725,TB,5300,3000,56.60
20,26,364D230525,TB,1000,1000,100.00
20,27,364D240725,TB,300,300,100.00
20,28,364D260625,TB,95100,95100,100.00
20,29,3IINFOLTD,EQ,742973,327140,44.03
20,30,3MINDIA,EQ,4334,1390,32.07
20,31,3PLAND,EQ,81003,33797,41.72
20,32,522GS2025,GS,200,100,50.00
20,33,574GS2026,GS,196,196,100.00
20,34,5PAISA,EQ,28016,12427,44.36
20,35,619GS2034,GS,16,8,50.00
20,36,63MOONS,EQ,1219574,550776,45.16
20,37,664GS2027,GS,8200,8200,100.00
20,38,667GS2035,GS,320,320,100.00
20,39,676GS2061,GS,2906,2906,100.00
20,40,679GS2034,GS,9600,9000,93.75
20,41,695GS2061,GS,249,249,100.00
20,42,699GS2051,GS,10,10,100.00
20,43,702GS2027,GS,100,100,100.00
20,44,702GS2031,GS,1100,1100,100.00
20,45,704GS2029,GS,4600,4300,93.48
20,46,706GS2028,GS,1530,1530,100.00
20,47,709GS2054,GS,300,300,100.00
20,48,709GS2074,GS,50300,25200,50.10
20,49,710GS2029,GS,9963,9001,90.34
20,50,717GS2030,GS,803,802,99.88
20,51,718GS2033,GS,14895,14895,100.00
20,52,718GS2037,GS,10600,5600,52.83
20,53,719GS2060,GS,22,22,100.00
20,54,719HUDCO28,N7,30,30,100.00
20,55,723GS2039,GS,6500,5500,84.62
20,56,725GS2063,GS,129471,128471,99.23
20,57,726GS2032,GS,8550,7550,88.30
20,58,726GS2033,GS,510,510,100.00
20,59,729NHAI26,NC,44,44,100.00
20,60,732GS2030,GS,3799,3699,97.37
20,61,733GS2026,GS,925,925,100.00
20,62,734GS2064,GS,447023,397023,88.81
20,63,736PFCL28,N2,500,400,80.00
20,64,737GS2028,GS,415,415,100.00
20,65,738GS2027,GS,35952,34952,97.22
20,66,739NHAI26,N8,22,20,90.91
20,67,73GS2053,GS,226086,185085,81.86
20,68,741GS2036,GS,28894,28894,100.00
20,69,746GS2073,GS,100334,50334,50.17
20,70,752TN33,SG,100,100,100.00
20,71,753IRFC30,NJ,150,150,100.00
20,72,753NTPC30E,NC,12,12,100.00
20,73,754GS2036,GS,589506,589406,99.98
20,74,756TN54,SG,100,100,100.00
20,75,758GJ32,SG,100,100,100.00
20,76,760PFCL35,N3,130,130,100.00
20,77,762GS2039,GS,360,360,100.00
20,78,762NTPC35F,ND,7,7,100.00
20,79,764HUDCO31,N8,1,1,100.00
20,80,764IRFC31,NO,421,421,100.00
20,81,764NABAR31,N2,209,209,100.00
20,82,769NHAI31,NE,273,271,99.27
20,83,76NHAI31,NA,3050,2360,77.38
20,84,797IGT31,NL,610,610,100.00
20,85,79NHIT35,N1,2148,2148,100.00
20,86,79NHIT40,N2,208,208,100.00
20,87,79NHIT47,N3,208,208,100.00
20,88,805ABFL28,N2,3,3,100.00
20,89,824GS2027,GS,1000,1000,100.00
20,90,825IIFL25,N7,281,281,100.00
20,91,829PFL29,N6,24,24,100.00
20,92,82GS2025,GS,2952,2952,100.00
20,93,82HUDCO27,N2,1784,482,27.02
20,94,82IGT31,NJ,1073,1064,99.16
20,95,830NHAI27,N2,864,864,100.00
20,96,830PFCL27,N5,551,551,100.00
20,97,837REC33,N7,6,3,50.00
20,98,842IIFL26,NL,184,184,100.00
20,99,843IHFL29,NC,135,135,100.00
20,100,849NTPC25,N7,61499,59064,96.04
20,101,855TCAPS27,N7,112,112,100.00
20,102,85IIFL25,NO,142,142,100.00
20,103,861REC34,ND,2,2,100.00
20,104,862REC33,NA,70,70,100.00
20,105,863IRFC29,NC,200,200,100.00
20,106,865IFL28,NZ,1594,837,52.51
20,107,865IIFL28,NS,772,772,100.00
20,108,865IRFC29,NA,508,108,21.26
20,109,865LTF26,NN,486,409,84.16
20,110,865TCAPS27,N8,140,140,100.00
20,111,871REC28,N9,798,638,79.95
20,112,875IHFL29,ND,47,47,100.00
20,113,875IIFL26,NM,50,50,100.00
20,114,875NHAI29,N6,1291,1252,96.98
20,115,876HUDCO28,ND,524,524,100.00
20,116,87LTF27,NH,1081,1081,100.00
20,117,885SCL26,N9,5,5,100.00
20,118,885TCAPS29,NC,20,10,50.00
20,119,888ERFL28,N5,66,66,100.00
20,120,888IRFC29,NE,850,850,100.00
20,121,888REC29,NF,18,18,100.00
20,122,888SCL25E,N4,109,109,100.00
20,123,891IIFCL34,N4,1040,1031,99.13
20,124,891NTPC33,N6,11112,471,4.24
20,125,892PFCL33,N8,918,906,98.69
20,126,894SCL24,ZR,100,100,100.00
20,127,894SCL27,ZY,65,60,92.31
20,128,897MOFSL29,N4,100,100,100.00
20,129,898LTF29,N7,60,58,96.67
20,130,8ABFL26,N0,20,10,50.00
20,131,901HUDCO34,NE,47,37,78.72
20,132,901NHB34,N6,190,53,27.89
20,133,905PEL26,N1,103,103,100.00
20,134,910TCAP28,NA,51,50,98.04
20,135,915SCL26,NE,4,4,100.00
20,136,91D090125,TB,600,600,100.00
20,137,91D210225,TB,15100,15100,100.00
20,138,91D300125,TB,200,200,100.00
20,139,921ISFL25,N0,20,20,100.00
20,140,925SCL25,N5,14,14,100.00
20,141,925SCL25B,Y3,52,52,100.00
20,142,925SCL26D,ZD,10,10,100.00
20,143,925SCL27,YR,12,10,83.33
20,144,925SFCL25,AC,1,1,100.00
20,145,92GS2030,GS,1751,1751,100.00
20,146,92ICCL28,ND,8,8,100.00
20,147,932AEL27,N3,50,50,100.00
20,148,935LTF29,N5,10,10,100.00
20,149,943ECL28,NJ,243,243,100.00
20,150,945IFSL25,N4,41,41,100.00
20,151,948SCL26A,NN,294,196,66.67
20,152,948SCL26I,AX,50,50,100.00
20,153,94IFCI25,NL,404,402,99.50
20,154,94SFL28,YL,777,777,100.00
20,155,957ICCL25,YW,300,300,100.00
20,156,957ISFL26,N2,1,1,100.00
20,157,957NIDO26,N5,11,9,81.82
20,158,965AEL27,N4,115,115,100.00
20,159,965SCL25,AG,10,10,100.00
20,160,965SCL25C,N0,3,3,100.00
20,161,96IIFL28,N5,1863,1463,78.53
20,162,96IIFL28A,NF,1938,1898,97.94
20,163,970CAGL28,ND,100,100,100.00
20,164,971SCL28,AN,25,25,100.00
20,165,971SCL28I,BC,20,10,50.00
20,166,975NFL25,N0,300,300,100.00
20,167,97SFL28,YS,50,50,100.00
20,168,97SFL29,YZ,75,75,100.00
20,169,985ECL28,NK,276,256,92.75
20,170,990SCL26A,NL,15,15,100.00
20,171,99AEL29,N7,943,943,100.00
20,172,9IIFL28A,NT,1301,1301,100.00
20,173,9MMFSML,N2,13,13,100.00
20,174,9PCHFL31A,NA,4,3,75.00
20,175,9PEL25,N0,67,67,100.00
20,176,A2ZINFRA,EQ,2552953,1484788,58.16
20,177,AAATECH,EQ,22875,12082,52.82
20,178,AADHARHFC,EQ,332386,195690,58.87
20,179,AAKASH,EQ,111900,72700,64.97
20,180,AARON,EQ,35648,21439,60.14
20,181,AARTECH,EQ,76297,47915,62.80
20,182,AARTIDRUGS,EQ,156834,59523,37.95
20,183,AARTIIND,EQ,712245,293507,41.21
20,184,AARTIPHARM,EQ,316297,166359,52.60
20,185,AARTISURF,P1,4,4,100.00
20,186,AARVI,EQ,7225,4736,65.55
20,187,AATMAJ,SM,10000,8000,80.00
20,188,AAVAS,EQ,131754,85482,64.88
20,189,ABAN,EQ,84159,46570,55.34
20,190,ABB,EQ,173332,69719,40.22
20,191,ABBOTINDIA,EQ,3263,951,29.14
20,192,ABCAPITAL,EQ,2656688,1058392,39.84
20,193,ABCOTS,ST,35000,29500,84.29
20,194,ABDL,EQ,393992,205129,52.06
20,195,ABFL28,N3,300,300,100.00
20,196,ABFRL,EQ,1056114,448072,42.43
20,197,ABGSEC,EQ,570,382,67.02
20,198,ABHAPOWER,ST,36800,36800,100.00
20,199,ABREL,EQ,103713,65066,62.74
20,200,ABSLAMC,EQ,418606,259695,62.04
20,201,ABSLBANETF,EQ,173509,153972,88.74
20,202,ABSLLIQUID,EQ,3323,1735,52.21
20,203,ABSLNN50ET,EQ,119817,108552,90.60
20,204,ABSLPSE,EQ,117834,81048,68.78
20,205,ABSMARINE,SM,54500,41500,76.15
20,206,ACC,EQ,578316,294125,50.86
20,207,ACCELYA,EQ,10516,6678,63.50
20,208,ACCENTMIC,SM,31000,25000,80.65
20,209,ACCORD,SM,22000,18000,81.82
20,210,ACCURACY,EQ,848910,539253,63.52
20,211,ACE,EQ,135633,59211,43.66
20,212,ACEINTEG,EQ,14332,7365,51.39
20,213,ACI,EQ,270903,143308,52.90
20,214,ACL,EQ,52807,27950,52.93
20,215,ACLGATI,EQ,287665,158928,55.25
20,216,ACMESOLAR,EQ,2765777,1207708,43.67
20,217,ADANIENSOL,EQ,1601918,564272,35.22
20,218,ADANIENT,EQ,712674,193532,27.16
20,219,ADANIGREEN,EQ,2666340,843343,31.63
20,220,ADANIPORTS,EQ,2595435,1082203,41.70
20,221,ADANIPOWER,EQ,2948888,975438,33.08
20,222,ADFFOODS,EQ,132957,61571,46.31
20,223,ADORWELD,EQ,48106,31272,65.01
20,224,ADROITPP1,X1,1152,1011,87.76
20,225,ADSL,EQ,185734,99822,53.74
20,226,ADVANIHOTR,EQ,239420,119458,49.89
20,227,ADVENZYMES,EQ,434316,182277,41.97
20,228,AEGISLOG,EQ,165564,78283,47.28
20,229,AEROFLEX,EQ,666375,292004,43.82
20,230,AERON,SM,479000,282000,58.87
20,231,AESTHETIK,SM,86000,52000,60.47
20,232,AETHER,EQ,57992,27114,46.75
20,233,AFCONS,EQ,3245226,1080369,33.29
20,234,AFFLE,EQ,380816,191203,50.21
20,235,AFFORDABLE,EQ,11475,8808,76.76
20,236,AFIL,EQ,3232844,723215,22.37
20,237,AGARIND,EQ,27088,20149,74.38
20,238,AGARWALFT,SM,4500,3000,66.67
20,239,AGARWALTUF,ST,346800,243600,70.24
20,240,AGI,EQ,208765,118149,56.59
20,241,AGIIL,EQ,11430,6312,55.22
20,242,AGNI,SM,177500,110000,61.97
20,243,AGRITECH,EQ,5868,3097,52.78
20,244,AGROPHOS,EQ,84828,68771,81.07
20,245,AGSTRA,EQ,516624,282439,54.67
20,246,AHL,EQ,146005,86732,59.40
20,247,AHLADA,EQ,286348,101895,35.58
20,248,AHLEAST,EQ,23348,17219,73.75
20,249,AHLUCONT,EQ,81405,31728,38.98
20,250,AIAENG,EQ,40414,24681,61.07
20,251,AIIL,EQ,106893,42784,40.03
20,252,AILIMITED,ST,1500,1500,100.00
20,253,AIMTRON,ST,20400,20400,100.00
20,254,AIRAN,EQ,267650,148416,55.45
20,255,AIROLAM,EQ,18250,12729,69.75
20,256,AIRTELPP,E1,286581,206707,72.13
20,257,AJANTPHARM,EQ,385883,292854,75.89
20,258,AJMERA,EQ,75884,43173,56.89
20,259,AJOONI,EQ,585250,477034,81.51
20,260,AKANKSHA,ST,31000,29000,93.55
20,261,AKASH,EQ,57621,35798,62.13
20,262,AKG,EQ,47283,27000,57.10
20,263,AKI,EQ,154039,115608,75.05
20,264,AKIKO,SM,9600,6400,66.67
20,265,AKSHARCHEM,EQ,5516,2664,48.30
20,266,AKSHOPTFBR,EQ,396592,253699,63.97
20,267,AKUMS,EQ,93698,46251,49.36
20,268,AKZOINDIA,EQ,8544,5698,66.69
20,269,ALANKIT,EQ,1087329,545305,50.15
20,270,ALBERTDAVD,EQ,19787,11230,56.75
20,271,ALEMBICLTD,EQ,6571165,1832889,27.89
20,272,ALICON,EQ,17034,8178,48.01
20,273,ALKALI,EQ,15059,11042,73.32
20,274,ALKEM,EQ,79442,47585,59.90
20,275,ALKYLAMINE,EQ,24555,12431,50.63
20,276,ALLCARGO,EQ,3152495,1279858,40.60
20,277,ALLDIGI,EQ,25627,16299,63.60
20,278,ALLETEC,ST,18800,17200,91.49
20,279,ALOKINDS,EQ,10456428,4206503,40.23
20,280,ALPEXSOLAR,SM,262200,94800,36.16
20,281,ALPHA,EQ,484313,350754,72.42
20,282,ALPHAETF,EQ,636978,442490,69.47
20,283,ALPHAGEO,EQ,10023,6820,68.04
20,284,ALPL30IETF,EQ,986241,676749,68.62
20,285,ALUWIND,ST,36000,36000,100.00
20,286,AMBANIORGO,SM,1000,1000,100.00
20,287,AMBER,EQ,169034,41871,24.77
20,288,AMBEY,SM,54000,38000,70.37
20,289,AMBICAAGAR,EQ,45096,12551,27.83
20,290,AMBIKCO,EQ,18207,10246,56.28
20,291,AMBUJACEM,EQ,2670785,1333895,49.94
20,292,AMDIND,EQ,7236,4077,56.34
20,293,AMEYA,ST,2000,2000,100.00
20,294,AMIABLE,SM,3200,3200,100.00
20,295,AMIORG,EQ,174766,74434,42.59
20,296,AMJLAND,EQ,174911,92467,52.87
20,297,AMNPLST,EQ,13194,8191,62.08
20,298,AMRUTANJAN,EQ,21672,15696,72.43
20,299,ANANDRATHI,EQ,34977,17858,51.06
20,300,ANANTRAJ,EQ,432530,236789,54.75
20,301,ANDHRAPAP,EQ,121640,70088,57.62
20,302,ANDHRSUGAR,EQ,281203,172955,61.51
20,303,ANGELONE,EQ,1222806,237535,19.43
20,304,ANLON,SM,14800,13600,91.89
20,305,ANMOL,EQ,51909,42133,81.17
20,306,ANNAPURNA,SM,93750,69500,74.13
20,307,ANUP,EQ,36841,17436,47.33
20,308,ANURAS,EQ,170524,63060,36.98
20,309,APARINDS,EQ,88151,30331,34.41
20,310,APCL,EQ,35011,18262,52.16
20,311,APCOTEXIND,EQ,35629,22472,63.07
20,312,APEX,EQ,101135,40110,39.66
20,313,APEXECO,ST,78400,78400,100.00
20,314,APLAPOLLO,EQ,311436,167677,53.84
20,315,APLLTD,EQ,228835,131841,57.61
20,316,APOLLO,EQ,992829,470912,47.43
20,317,APOLLOHOSP,EQ,391192,261229,66.78
20,318,APOLLOPIPE,EQ,30527,17579,57.59
20,319,APOLLOTYRE,EQ,869855,508544,58.46
20,320,APOLSINHOT,EQ,974,558,57.29
20,321,APRAMEYA,SM,304000,216000,71.05
20,322,APS,ST,53500,41500,77.57
20,323,APTECHT,EQ,147234,60313,40.96
20,324,APTUS,EQ,448264,279942,62.45
20,325,ARABIAN,SM,12000,10000,83.33
20,326,ARCHIDPLY,EQ,10758,6742,62.67
20,327,ARE&M,EQ,545984,315599,57.80
20,328,ARENTERP,EQ,49115,19750,40.21
20,329,ARHAM,SM,17000,12000,70.59
20,330,ARIES,EQ,140523,44475,31.65
20,331,ARIHANTACA,ST,4000,4000,100.00
20,332,ARIHANTCAP,EQ,528048,262107,49.64
20,333,ARIHANTSUP,EQ,176162,86559,49.14
20,334,ARKADE,EQ,1472478,509259,34.59
20,335,ARMANFIN,EQ,29140,15154,52.00
20,336,AROGRANITE,EQ,10455,8291,79.30
20,337,ARROWGREEN,EQ,92467,47137,50.98
20,338,ARTEMISMED,EQ,96101,41064,42.73
20,339,ARTNIRMAN,EQ,19085,11285,59.13
20,340,ARVEE,EQ,8312,4862,58.49
20,341,ARVIND,EQ,2895810,1060025,36.61
20,342,ARVINDFASN,EQ,641417,282850,44.10
20,343,ARVINDPORT,ST,13500,13500,100.00
20,344,ARVSMART,EQ,15492,9888,63.83
20,345,ASAHIINDIA,EQ,190826,64988,34.06
20,346,ASAHISONG,EQ,6839,4664,68.20
20,347,ASAL,EQ,31507,19267,61.15
20,348,ASALCBR,EQ,55567,31217,56.18
20,349,ASCOM,ST,1000,1000,100.00
20,350,ASHALOG,ST,15000,13000,86.67
20,351,ASHAPURMIN,EQ,2266542,1065245,47.00
20,352,ASHIANA,EQ,19127,8722,45.60
20,353,ASHOKA,EQ,2557030,945599,36.98
20,354,ASHOKLEY,EQ,4004166,2151929,53.74
20,355,ASIANENE,EQ,1450727,443870,30.60
20,356,ASIANHOTNR,EQ,9352,5544,59.28
20,357,ASIANPAINT,EQ,1337745,710628,53.12
20,358,ASIANTILES,EQ,5971200,1496481,25.06
20,359,ASKAUTOLTD,EQ,504266,197551,39.18
20,360,ASLIND,SM,16000,12000,75.00
20,361,ASMS,EQ,273554,162790,59.51
20,362,ASPINWALL,EQ,23706,16616,70.09
20,363,ASPIRE,ST,44000,34000,77.27
20,364,ASTEC,EQ,7894,5176,65.57
20,365,ASTERDM,EQ,514090,262741,51.11
20,366,ASTRAL,EQ,252022,155263,61.61
20,367,ASTRAMICRO,EQ,240961,104165,43.23
20,368,ASTRAZEN,EQ,5585,3406,60.98
20,369,ASTRON,EQ,48863,30971,63.38
20,370,ATAM,EQ,23830,14547,61.04
20,371,ATFL,EQ,27650,14924,53.97
20,372,ATGL,EQ,1061030,204278,19.25
20,373,ATL,EQ,256693,154878,60.34
20,374,ATMASTCO,ST,412000,386800,93.88
20,375,ATUL,EQ,35542,12247,34.46
20,376,ATULAUTO,EQ,71164,38046,53.46
20,377,AUBANK,EQ,1875206,1358248,72.43
20,378,AURDIS,SM,7500,5625,75.00
20,379,AURIONPRO,EQ,189937,78916,41.55
20,380,AUROIMPEX,SM,44800,38400,85.71
20,381,AUROPHARMA,EQ,811906,501497,61.77
20,382,AURUMPP1,X1,14273,14168,99.26
20,383,AUSL,SM,40000,38000,95.00
20,384,AUTOAXLES,EQ,4406,2523,57.26
20,385,AUTOBEES,EQ,110357,56026,50.77
20,386,AUTOIETF,EQ,193057,130624,67.66
20,387,AUTOIND,EQ,51654,32138,62.22
20,388,AVADHSUGAR,EQ,73613,33729,45.82
20,389,AVALON,EQ,238198,127828,53.66
20,390,AVANTEL,EQ,713586,398830,55.89
20,391,AVANTIFEED,EQ,254902,118700,46.57
20,392,AVG,EQ,55167,25748,46.67
20,393,AVIANSH,SM,30000,20000,66.67
20,394,AVL,EQ,195270,81822,41.90
20,395,AVONMORE,EQ,3071478,2223903,72.40
20,396,AVPINFRA,ST,48800,48800,100.00
20,397,AVTNPL,EQ,73354,43436,59.21
20,398,AWFIS,EQ,2753587,599310,21.76
20,399,AWHCL,EQ,76534,40366,52.74
20,400,AWL,EQ,646577,287648,44.49
20,401,AXISBANK,EQ,7788242,5704687,73.25
20,402,AXISBNKETF,EQ,20647,20485,99.22
20,403,AXISBPSETF,EQ,25024,23555,94.13
20,404,AXISCADES,EQ,118550,52009,43.87
20,405,AXISCETF,EQ,1687,1581,93.72
20,406,AXISGOLD,EQ,167659,93161,55.57
20,407,AXISHCETF,EQ,3629,2909,80.16
20,408,AXISILVER,EQ,29069,24630,84.73
20,409,AXISNIFTY,EQ,12217,11237,91.98
20,410,AXISTECETF,EQ,1340,881,65.75
20,411,AXITA,EQ,3533880,1400423,39.63
20,412,AXSENSEX,EQ,876,626,71.46
20,413,AZAD,EQ,304688,115767,38.00
20,414,BABAFP,SM,38400,35200,91.67
20,415,BAGFILMS,EQ,345120,190024,55.06
20,416,BAHETI,ST,5250,5250,100.00
20,417,BAIDFIN,EQ,317951,221513,69.67
20,418,BAJAJ-AUTO,EQ,254311,148249,58.29
20,419,BAJAJCON,EQ,713747,246798,34.58
20,420,BAJAJELEC,EQ,56666,21064,37.17
20,421,BAJAJFINSV,EQ,2131913,1094789,51.35
20,422,BAJAJHCARE,EQ,269952,106908,39.60
20,423,BAJAJHFL,EQ,10677797,4000893,37.47
20,424,BAJAJHIND,EQ,8854436,3393252,38.32
20,425,BAJAJHLDNG,EQ,84627,17889,21.14
20,426,BAJEL,EQ,149151,80425,53.92
20,427,BAJFINANCE,EQ,1993104,991955,49.77
20,428,BALAJEE,EQ,226995,135658,59.76
20,429,BALAJITELE,EQ,1339415,719313,53.70
20,430,BALAMINES,EQ,23076,10594,45.91
20,431,BALAXI,EQ,6254,4276,68.37
20,432,BALCO,ST,4800,3600,75.00
20,433,BALKRISHNA,EQ,62473,20004,32.02
20,434,BALKRISIND,EQ,78310,42979,54.88
20,435,BALMLAWRIE,EQ,213803,99237,46.42
20,436,BALRAMCHIN,EQ,395750,142650,36.05
20,437,BALUFORGE,EQ,762283,202565,26.57
20,438,BANARISUG,EQ,379,194,51.19
20,439,BANCOINDIA,EQ,60510,28686,47.41
20,440,BANDHANBNK,EQ,3533366,1588466,44.96
20,441,BANKA,EQ,53737,27633,51.42
20,442,BANKBARODA,EQ,9109708,4570839,50.18
20,443,BANKBEES,EQ,854539,555479,65.00
20,444,BANKBETF,EQ,6512,5772,88.64
20,445,BANKETF,EQ,45396,39538,87.10
20,446,BANKETFADD,EQ,3128,2812,89.90
20,447,BANKIETF,EQ,1355306,1298971,95.84
20,448,BANKINDIA,EQ,3907762,1576151,40.33
20,449,BANKNIFTY1,EQ,87526,77904,89.01
20,450,BANKPSU,EQ,7141,6234,87.30
20,451,BANSALWIRE,EQ,290611,167511,57.64
20,452,BANSWRAS,EQ,176207,119352,67.73
20,453,BARBEQUE,EQ,37262,25906,69.52
20,454,BASF,EQ,31328,15234,48.63
20,455,BASILIC,ST,8700,8700,100.00
20,456,BATAINDIA,EQ,112680,50078,44.44
20,457,BAWEJA,SM,22400,14400,64.29
20,458,BAYERCROP,EQ,36871,23004,62.39
20,459,BBETF0432,EQ,222,138,62.16
20,460,BBL,EQ,40753,20336,49.90
20,461,BBNPNBETF,EQ,1199,1180,98.42
20,462,BBNPPGOLD,EQ,3028,2646,87.38
20,463,BBOX,EQ,148351,91998,62.01
20,464,BBTC,EQ,59546,24587,41.29
20,465,BBTCL,EQ,3476,2365,68.04
20,466,BCLIND,EQ,688755,322836,46.87
20,467,BCONCEPTS,EQ,7142,4112,57.57
20,468,BDL,EQ,334944,133849,39.96
20,469,BEACON,SM,26000,24000,92.31
20,470,BEARDSELL,EQ,82903,44134,53.24
20,471,BECTORFOOD,EQ,137707,58478,42.47
20,472,BEDMUTHA,EQ,78680,37414,47.55
20,473,BEL,EQ,9281006,5214319,56.18
20,474,BEML,EQ,1019674,206467,20.25
20,475,BEPL,EQ,1131023,412738,36.49
20,476,BERGEPAINT,EQ,1163869,672929,57.82
20,477,BESTAGRO,EQ,167470,72803,43.47
20,478,BETA,SM,1300,900,69.23
20,479,BEWLTD,ST,26000,23500,90.38
20,480,BFINVEST,EQ,67578,25506,37.74
20,481,BFSI,EQ,121344,108352,89.29
20,482,BGRENERGY,EQ,339785,339785,100.00
20,483,BHAGCHEM,EQ,148167,87203,58.85
20,484,BHAGYANGR,EQ,23236,13386,57.61
20,485,BHANDARI,EQ,711972,534417,75.06
20,486,BHARATFORG,EQ,1760051,1068272,60.70
20,487,BHARATGEAR,EQ,37854,24510,64.75
20,488,BHARATRAS,EQ,2048,1174,57.32
20,489,BHARATWIRE,EQ,139820,73314,52.43
20,490,BHARTIARTL,EQ,3853182,2574954,66.83
20,491,BHARTIHEXA,EQ,192981,90467,46.88
20,492,BHEL,EQ,10687907,2639286,24.69
20,493,BHINVIT,IV,59606,54584,91.57
20,494,BIGBLOC,EQ,173040,79486,45.94
20,495,BIKAJI,EQ,256258,136860,53.41
20,496,BIKEWO,SM,84000,52000,61.90
20,497,BIOCON,EQ,994507,298789,30.04
20,498,BIOFILCHEM,EQ,23884,10782,45.14
20,499,BIRET,RR,423950,352141,83.06
20,500,BIRLACABLE,EQ,30493,21506,70.53
20,501,BIRLACORPN,EQ,148164,77491,52.30
20,502,BIRLAMONEY,EQ,317283,134880,42.51
20,503,BLACKBUCK,EQ,489340,202291,41.34
20,504,BLAL,EQ,59957,30062,50.14
20,505,BLBLIMITED,EQ,101925,57845,56.75
20,506,BLISSGVS,EQ,308557,163868,53.11
20,507,BLKASHYAP,EQ,2023270,1095547,54.15
20,508,BLS,EQ,2956488,1058050,35.79
20,509,BLSE,EQ,205734,107139,52.08
20,510,BLUEDART,EQ,5212,1464,28.09
20,511,BLUEJET,EQ,244179,148428,60.79
20,512,BLUEPEBBLE,SM,5600,4400,78.57
20,513,BLUESTARCO,EQ,377646,107489,28.46
20,514,BMETRICS,SM,7200,4000,55.56
20,515,BODALCHEM,EQ,294365,162354,55.15
20,516,BOMDYEING,EQ,1334638,474873,35.58
20,517,BOROLTD,EQ,103723,52439,50.56
20,518,BORORENEW,EQ,1785011,697556,39.08
20,519,BOROSCI,EQ,56677,25737,45.41
20,520,BOSCHLTD,EQ,13857,5332,38.48
20,521,BOSS,ST,4000,4000,100.00
20,522,BPCL,EQ,10867782,6008715,55.29
20,523,BPL,EQ,172906,96319,55.71
20,524,BRACEPORT,ST,12800,12800,100.00
20,525,BRIGADE,EQ,248953,117632,47.25
20,526,BRITANNIA,EQ,358246,137891,38.49
20,527,BRNL,EQ,92608,51758,55.89
20,528,BSE,EQ,1586490,271293,17.10
20,529,BSE500IETF,EQ,54882,42606,77.63
20,530,BSHSL,EQ,8432,5620,66.65
20,531,BSL,EQ,558497,155749,27.89
20,532,BSLGOLDETF,EQ,38775,21074,54.35
20,533,BSLNIFTY,EQ,118403,64834,54.76
20,534,BSLSENETFG,EQ,706,643,91.08
20,535,BSOFT,EQ,1489403,672103,45.13
20,536,BTML,EQ,135922,82810,60.92
20,537,BULKCORP,SM,4800,3600,75.00
20,538,BURNPUR,EQ,331955,215210,64.83
20,539,BUTTERFLY,EQ,5582,2624,47.01
20,540,BVCL,EQ,70032,47597,67.96
20,541,C2C,ST,1442400,1406400,97.50
20,542,CADSYS,ST,8500,8500,100.00
20,543,CAMLINFINE,EQ,2071013,869803,42.00
20,544,CAMPUS,EQ,1000450,308728,30.86
20,545,CAMS,EQ,365295,162324,44.44
20,546,CANARYS,SM,84000,56000,66.67
20,547,CANBK,EQ,10634931,4241456,39.88
20,548,CANFINHOME,EQ,366800,154644,42.16
20,549,CANTABIL,EQ,265408,151600,57.12
20,550,CAPACITE,EQ,1490565,506566,33.98
20,551,CAPITALSFB,EQ,52426,32193,61.41
20,552,CAPLIPOINT,EQ,259089,72923,28.15
20,553,CARBORUNIV,EQ,720273,471472,65.46
20,554,CAREERP,EQ,18386,11037,60.03
20,555,CARERATING,EQ,39380,23002,58.41
20,556,CARTRADE,EQ,561772,179044,31.87
20,557,CARYSIL,EQ,51148,29997,58.65
20,558,CASTROLIND,EQ,3007589,1451736,48.27
20,559,CBAZAAR,SM,32000,32000,100.00
20,560,CCL,EQ,388678,136298,35.07
20,561,CDSL,EQ,2801940,784752,28.01
20,562,CEATLTD,EQ,738995,217093,29.38
20,563,CEIGALL,EQ,1037536,616206,59.39
20,564,CELEBRITY,EQ,125505,78080,62.21
20,565,CELLECOR,ST,795000,786000,98.87
20,566,CELLO,EQ,251555,131237,52.17
20,567,CELLPOINT,SM,13200,12000,90.91
20,568,CENTENKA,EQ,30391,18447,60.70
20,569,CENTEXT,EQ,72729,48437,66.60
20,570,CENTRALBK,EQ,4246655,1314479,30.95
20,571,CENTRUM,EQ,1101038,480396,43.63
20,572,CENTUM,EQ,7351,3306,44.97
20,573,CENTURYPLY,EQ,183385,95540,52.10
20,574,CERA,EQ,11721,5408,46.14
20,575,CESC,EQ,2228429,930143,41.74
20,576,CGCL,EQ,82140,28576,34.79
20,577,CGPOWER,EQ,1167468,647952,55.50
20,578,CGRAPHICS,SM,222400,147200,66.19
20,579,CHALET,EQ,406059,166222,40.94
20,580,CHAMBLFERT,EQ,524689,187927,35.82
20,581,CHAVDA,SM,39000,30000,76.92
20,582,CHEMBOND,EQ,21919,14913,68.04
20,583,CHEMCON,EQ,46946,22677,48.30
20,584,CHEMFAB,EQ,55935,19616,35.07
20,585,CHEMPLASTS,EQ,69205,38524,55.67
20,586,CHENNPETRO,EQ,619838,272699,44.00
20,587,CHETANA,SM,9600,9600,100.00
20,588,CHEVIOT,EQ,45643,19362,42.42
20,589,CHOICEIN,EQ,367326,49687,13.53
20,590,CHOLAFIN,EQ,2210755,1325818,59.97
20,591,CHOLAHLDNG,EQ,281833,207753,73.71
20,592,CIEINDIA,EQ,293296,106216,36.21
20,593,CIFCZC28,NH,6214,3900,62.76
20,594,CIGNITITEC,EQ,95215,34165,35.88
20,595,CINELINE,EQ,1061874,483955,45.58
20,596,CINEVISTA,EQ,37903,27272,71.95
20,597,CIPLA,EQ,2448702,1879666,76.76
20,598,CLEAN,EQ,552639,196501,35.56
20,599,CLOUD,ST,23000,23000,100.00
20,600,CLSEL,EQ,102946,50494,49.05
20,601,CLSL,SM,34000,32000,94.12
20,602,CMMIPL,SZ,63000,63000,100.00
20,603,CMNL,ST,57000,48000,84.21
20,604,CMRSL,SM,28800,23200,80.56
20,605,CMSINFO,EQ,704927,456504,64.76
20,606,COALINDIA,EQ,5353413,2750268,51.37
20,607,COASTCORP,EQ,34128,22746,66.65
20,608,COFORGE,EQ,240835,134224,55.73
20,609,COLPAL,EQ,428322,234963,54.86
20,610,COMMITTED,SM,190400,187200,98.32
20,611,COMMOIETF,EQ,31695,20957,66.12
20,612,COMPUSOFT,EQ,313858,173904,55.41
20,613,COMSYN,EQ,159632,90593,56.75
20,614,CONCOR,EQ,723220,456536,63.13
20,615,CONCORDBIO,EQ,103440,27559,26.64
20,616,CONFIPET,EQ,534111,283218,53.03
20,617,CONS,EQ,2828,2421,85.61
20,618,CONSOFINVT,EQ,52387,28926,55.22
20,619,CONSUMBEES,EQ,85460,58579,68.55
20,620,CONSUMIETF,EQ,38883,25256,64.95
20,621,CONTROLPR,EQ,16258,12355,75.99
20,622,COOLCAPS,ST,7000,6750,96.43
20,623,CORDSCABLE,EQ,161051,82754,51.38
20,624,COROMANDEL,EQ,166651,92674,55.61
20,625,COSMOFIRST,EQ,190297,89698,47.14
20,626,COUNCODOS,EQ,310610,156974,50.54
20,627,CPS,ST,3000,3000,100.00
20,628,CPSEETF,EQ,1453973,1096368,75.40
20,629,CRAFTSMAN,EQ,36435,16839,46.22
20,630,CRAYONS,SM,18000,16000,88.89
20,631,CREATIVE,EQ,140898,78381,55.63
20,632,CREDITACC,EQ,205328,101769,49.56
20,633,CREST,EQ,97434,80996,83.13
20,634,CRISIL,EQ,31998,14299,44.69
20,635,CROMPTON,EQ,641463,404534,63.06
20,636,CSBBANK,EQ,260752,125085,47.97
20,637,CSLFINANCE,EQ,54585,37714,69.09
20,638,CTE,EQ,46394,24527,52.87
20,639,CUB,EQ,689544,319506,46.34
20,640,CUBEXTUB,EQ,25843,14042,54.34
20,641,CUMMINSIND,EQ,554451,266024,47.98
20,642,CUPID,EQ,1390876,1107865,79.65
20,643,CYBERMEDIA,EQ,33286,25551,76.76
20,644,CYIENT,EQ,805662,444935,55.23
20,645,CYIENTDLM,EQ,231732,113658,49.05
20,646,DABUR,EQ,3602452,2254187,62.57
20,647,DALBHARAT,EQ,1009273,416708,41.29
20,648,DALMIASUG,EQ,157675,69833,44.29
20,649,DAMODARIND,EQ,15991,10774,67.38
20,650,DANGEE,EQ,79124,44350,56.05
20,651,DANISH,SM,81900,40200,49.08
20,652,DATAMATICS,EQ,182023,97653,53.65
20,653,DATAPATTNS,EQ,198080,57562,29.06
20,654,DAVANGERE,EQ,2026953,1356171,66.91
20,655,DBCORP,EQ,98522,54697,55.52
20,656,DBEIL,EQ,508225,146966,28.92
20,657,DBL,EQ,114175,47699,41.78
20,658,DBOL,EQ,194367,82387,42.39
20,659,DBREALTY,EQ,1380621,723725,52.42
20,660,DBSTOCKBRO,EQ,4984,2585,51.87
20,661,DCAL,EQ,6008474,1193617,19.87
20,662,DCBBANK,EQ,1873390,919138,49.06
20,663,DCG,SM,40800,30000,73.53
20,664,DCI,EQ,5092,3003,58.97
20,665,DCM,EQ,73627,44242,60.09
20,666,DCMNVL,EQ,25531,18873,73.92
20,667,DCMSHRIRAM,EQ,51793,18892,36.48
20,668,DCMSRIND,EQ,484353,222960,46.03
20,669,DCW,EQ,1819388,859475,47.24
20,670,DCXINDIA,EQ,499311,371958,74.49
20,671,DECCANCE,EQ,9152,5894,64.40
20,672,DECCANTRAN,ST,16800,14400,85.71
20,673,DEEDEV,EQ,818362,209085,25.55
20,674,DEEPAKFERT,EQ,426794,156797,36.74
20,675,DEEPAKNTR,EQ,85299,28133,32.98
20,676,DEEPINDS,EQ,287889,128338,44.58
20,677,DELAPLEX,SM,6600,5400,81.82
20,678,DELHIVERY,EQ,3012413,1244415,41.31
20,679,DELTACORP,EQ,7000687,1507035,21.53
20,680,DELTAMAGNT,EQ,19312,14907,77.19
20,681,DEN,EQ,685872,290331,42.33
20,682,DENEERS,ST,11400,10800,94.74
20,683,DENORA,EQ,53504,11348,21.21
20,684,DENTALKART,SM,10750,8250,76.74
20,685,DESTINY,ST,3000,3000,100.00
20,686,DEVIT,EQ,89641,44559,49.71
20,687,DEVYANI,EQ,981461,369572,37.66
20,688,DHAMPURSUG,EQ,237023,94456,39.85
20,689,DHANBANK,EQ,935687,581380,62.13
20,690,DHANI,EQ,4023939,1513338,37.61
20,691,DHANUKA,EQ,46319,21320,46.03
20,692,DHARIWAL,SM,4800,4800,100.00
20,693,DHARMAJ,EQ,33531,14963,44.62
20,694,DHRUV,EQ,29573,15423,52.15
20,695,DHTL,ST,12800,12800,100.00
20,696,DHUNINV,EQ,1153,833,72.25
20,697,DIAMINESQ,EQ,12747,6972,54.70
20,698,DIAMONDYD,EQ,76085,41697,54.80
20,699,DICIND,EQ,739,381,51.56
20,700,DIFFNKG,EQ,114809,59944,52.21
20,701,DIGIDRIVE,EQ,393596,245148,62.28
20,702,DIGIKORE,SM,20800,14800,71.15
20,703,DISHTV,EQ,20215469,9076708,44.90
20,704,DIVGIITTS,EQ,30572,19340,63.26
20,705,DIVISLAB,EQ,355231,235958,66.42
20,706,DIVOPPBEES,EQ,33905,23913,70.53
20,707,DIVYADHAN,SM,2000,2000,100.00
20,708,DIXON,EQ,237872,71612,30.11
20,709,DJML,EQ,60143,34517,57.39
20,710,DLF,EQ,3124962,1558070,49.86
20,711,DLINKINDIA,EQ,427118,135041,31.62
20,712,DMART,EQ,1839723,822353,44.70
20,713,DMCC,EQ,23200,12747,54.94
20,714,DNAMEDIA,EQ,169311,110753,65.41
20,715,DODLA,EQ,76107,46739,61.41
20,716,DOLATALGO,EQ,410260,233831,57.00
20,717,DOLLAR,EQ,54185,29304,54.08
20,718,DOLLEX,SM,12000,8000,66.67
20,719,DOMS,EQ,177681,55826,31.42
20,720,DONEAR,EQ,96452,53916,55.90
20,721,DPABHUSHAN,EQ,13863,6303,45.47
20,722,DPEL,ST,121500,114000,93.83
20,723,DPSCLTD,EQ,172333,112043,65.02
20,724,DPWIRES,EQ,7969,5365,67.32
20,725,DRCSYSTEMS,EQ,647336,365058,56.39
20,726,DREAMFOLKS,EQ,110696,59968,54.17
20,727,DREDGECORP,EQ,13407,5155,38.45
20,728,DRONE,ST,52500,48500,92.38
20,729,DRREDDY,EQ,1178864,787900,66.84
20,730,DSSL,EQ,46987,21917,46.64
20,731,DTIL,EQ,51312,22641,44.12
20,732,DTL,SM,2400,2400,100.00
20,733,DUCOL,SM,23200,20000,86.21
20,734,DUCON,EQ,526533,376369,71.48
20,735,DUGLOBAL,SM,30000,27500,91.67
20,736,DURLAX,SM,40000,28000,70.00
20,737,DVL,EQ,18238,11348,62.22
20,738,DWARKESH,EQ,616854,249569,40.46
20,739,DYCL,EQ,36503,15138,41.47
20,740,DYNAMATECH,EQ,62121,22365,36.00
20,741,DYNAMIC,ST,11000,11000,100.00
20,742,DYNPRO,EQ,10548,5549,52.61
20,743,EASEMYTRIP,EQ,17699871,7550424,42.66
20,744,EBANKNIFTY,EQ,4904,3600,73.41
20,745,EBBETF0425,EQ,4218,4199,99.55
20,746,EBBETF0430,EQ,3517,3145,89.42
20,747,EBBETF0431,EQ,16327,14834,90.86
20,748,EBBETF0433,EQ,2217,2214,99.86
20,749,ECLERX,EQ,219915,73871,33.59
20,750,ECOSMOBLTY,EQ,91262,40095,43.93
20,751,EDELWEISS,EQ,2709444,1286613,47.49
20,752,EFACTOR,ST,70400,60800,86.36
20,753,EFFWA,ST,28000,27200,97.14
20,754,EFORCE,SM,18000,13200,73.33
20,755,EGOLD,EQ,51641,51374,99.48
20,756,EICHERMOT,EQ,240736,149409,62.06
20,757,EIDPARRY,EQ,227480,89380,39.29
20,758,EIEL,EQ,16036417,2664147,16.61
20,759,EIHAHOTELS,EQ,213863,65466,30.61
20,760,EIHOTEL,EQ,3484366,1092215,31.35
20,761,EIMCOELECO,EQ,3944,2449,62.09
20,762,EKC,EQ,506499,179000,35.34
20,763,ELDEHSG,EQ,1356,1245,91.81
20,764,ELECON,EQ,792855,239685,30.23
20,765,ELECTCAST,EQ,1764939,704484,39.92
20,766,ELGIEQUIP,EQ,160985,77540,48.17
20,767,ELGIRUBCO,EQ,117172,56686,48.38
20,768,ELIN,EQ,73437,45344,61.75
20,769,EMAMILTD,EQ,712366,399949,56.14
20,770,EMAMIPAP,EQ,26559,17139,64.53
20,771,EMBASSY,RR,153136,140468,91.73
20,772,EMBDL,EQ,9332477,4034940,43.24
20,773,EMCURE,EQ,63591,28600,44.97
20,774,EMIL,EQ,436321,216484,49.62
20,775,EMKAYTOOLS,ST,3750,3750,100.00
20,776,EMMBI,EQ,43038,24074,55.94
20,777,EMMIL,ST,10500,9750,92.86
20,778,EMSLIMITED,EQ,329641,124659,37.82
20,779,EMUDHRA,EQ,159591,73758,46.22
20,780,EMULTIMQ,EQ,15265,12652,82.88
20,781,ENDURANCE,EQ,16858,9073,53.82
20,782,ENERGYDEV,EQ,127480,112970,88.62
20,783,ENFUSE,ST,4200,3600,85.71
20,784,ENGINERSIN,EQ,2390352,905315,37.87
20,785,ENIL,EQ,32583,22652,69.52
20,786,ENSER,ST,16500,16000,96.97
20,787,ENTERO,EQ,66547,48880,73.45
20,788,ENVIRO,SM,84000,58000,69.05
20,789,EPIGRAL,EQ,44652,18715,41.91
20,790,EPL,EQ,1190278,460641,38.70
20,791,EQUAL50ADD,EQ,3526,2786,79.01
20,792,EQUITASBNK,EQ,2527369,1487415,58.85
20,793,ERIS,EQ,625378,131919,21.09
20,794,ESABINDIA,EQ,4966,1897,38.20
20,795,ESAFSFB,EQ,314216,184922,58.85
20,796,ESCONET,ST,22000,22000,100.00
20,797,ESCORTS,EQ,108820,52009,47.79
20,798,ESFL,ST,22800,19800,86.84
20,799,ESG,EQ,57471,46488,80.89
20,800,ESILVER,EQ,3652,3352,91.79
20,801,ESPRIT,SM,41600,36800,88.46
20,802,ESTER,EQ,1271284,477647,37.57
20,803,ETHOSLTD,EQ,39516,22741,57.55
20,804,EUREKAFORB,EQ,306387,139902,45.66
20,805,EUROBOND,SM,3000,3000,100.00
20,806,EVEREADY,EQ,57306,27149,47.38
20,807,EVERESTIND,EQ,22267,14738,66.19
20,808,EVINDIA,EQ,354583,315690,89.03
20,809,EXCELINDUS,EQ,15843,7113,44.90
20,810,EXICOM,EQ,289572,145832,50.36
20,811,EXIDEIND,EQ,2359385,735166,31.16
20,812,EXPLEOSOL,EQ,64432,30592,47.48
20,813,EXXARO,EQ,305158,148104,48.53
20,814,FACT,EQ,440774,92416,20.97
20,815,FAIRCHEMOR,EQ,11625,6857,58.98
20,816,FALCONTECH,SM,3600,2400,66.67
20,817,FAZE3Q,EQ,20398,16287,79.85
20,818,FCL,EQ,163163,68186,41.79
20,819,FCSSOFT,EQ,5028699,2718197,54.05
20,820,FDC,EQ,327433,106518,32.53
20,821,FEDERALBNK,EQ,3817336,1914071,50.14
20,822,FEDFINA,EQ,242871,146145,60.17
20,823,FELIX,ST,146500,142500,97.27
20,824,FIBERWEB,EQ,71284,43262,60.69
20,825,FIDEL,SM,25000,16000,64.00
20,826,FIEMIND,EQ,33329,16631,49.90
20,827,FILATEX,EQ,5472230,1644393,30.05
20,828,FINCABLES,EQ,148188,55590,37.51
20,829,FINEORG,EQ,22434,8743,38.97
20,830,FINIETF,EQ,342431,220722,64.46
20,831,FINOPB,EQ,46056,26067,56.60
20,832,FINPIPE,EQ,303233,174637,57.59
20,833,FIRSTCRY,EQ,283022,112918,39.90
20,834,FIVESTAR,EQ,1212065,962908,79.44
20,835,FLAIR,EQ,247139,134834,54.56
20,836,FLUOROCHEM,EQ,132172,71594,54.17
20,837,FMCGIETF,EQ,1263810,1146044,90.68
20,838,FMGOETZE,EQ,134504,100328,74.59
20,839,FONEBOX,SM,21000,17000,80.95
20,840,FOODSIN,EQ,620515,304761,49.11
20,841,FORCAS,ST,41600,41600,100.00
20,842,FORCEMOT,EQ,22505,12450,55.32
20,843,FORGEAUTO,SM,3600,2400,66.67
20,844,FORTIS,EQ,752834,413992,54.99
20,845,FOSECOIND,EQ,1009,538,53.32
20,846,FRESHARA,SM,75600,51600,68.25
20,847,FROG,SM,33600,22400,66.67
20,848,FSL,EQ,3767881,1331710,35.34
20,849,FUSION,EQ,383526,176200,45.94
20,850,GABRIEL,EQ,933603,265668,28.46
20,851,GAEL,EQ,978463,384942,39.34
20,852,GAIL,EQ,6858258,4113790,59.98
20,853,GAJANAND,ST,12000,12000,100.00
20,854,GALAPREC,EQ,91376,28017,30.66
20,855,GALAXYSURF,EQ,14668,6662,45.42
20,856,GANDHAR,EQ,290633,160379,55.18
20,857,GANDHITUBE,EQ,15243,8284,54.35
20,858,GANECOS,EQ,57093,29390,51.48
20,859,GANESHBE,EQ,105835,62027,58.61
20,860,GANESHHOUC,EQ,59649,32045,53.72
20,861,GANESHIN,ST,97600,97600,100.00
20,862,GANGESSECU,EQ,8137,4672,57.42
20,863,GARFIBRES,EQ,19633,10044,51.16
20,864,GARUDA,EQ,440090,211129,47.97
20,865,GATEWAY,EQ,2971952,1283230,43.18
20,866,GEECEE,EQ,11588,6681,57.65
20,867,GEEKAYWIRE,EQ,71508,51636,72.21
20,868,GENCON,EQ,1320791,402117,30.45
20,869,GENESYS,EQ,179282,56499,31.51
20,870,GENSOL,EQ,80699,45210,56.02
20,871,GENUSPAPER,EQ,185671,91596,49.33
20,872,GENUSPOWER,EQ,1890616,735460,38.90
20,873,GEOJITFSL,EQ,611182,328177,53.70
20,874,GEPIL,EQ,96863,54965,56.75
20,875,GESHIP,EQ,313092,157586,50.33
20,876,GFLLIMITED,EQ,164688,90425,54.91
20,877,GGBL,SM,127800,68100,53.29
20,878,GHCL,EQ,460496,174505,37.90
20,879,GHCLTEXTIL,EQ,478041,222065,46.45
20,880,GICHSGFIN,EQ,429697,125747,29.26
20,881,GICL,SM,118500,61500,51.90
20,882,GICRE,EQ,2697718,799599,29.64
20,883,GILLANDERS,EQ,75677,52303,69.11
20,884,GILLETTE,EQ,14533,3637,25.03
20,885,GILT5YBEES,EQ,270900,168008,62.02
20,886,GINNIFILA,EQ,131922,90730,68.78
20,887,GIPCL,EQ,5956498,2363884,39.69
20,888,GIRIRAJ,SM,250,250,100.00
20,889,GKWLIMITED,EQ,1554,1271,81.79
20,890,GLAND,EQ,75198,34475,45.85
20,891,GLAXO,EQ,79255,45401,57.28
20,892,GLENMARK,EQ,483855,255810,52.87
20,893,GLOBAL,EQ,200469,101225,50.49
20,894,GLOBALPET,SM,12000,12000,100.00
20,895,GLOBE,EQ,2988903,1770914,59.25
20,896,GLOBUSSPR,EQ,108744,49916,45.90
20,897,GLOSTERLTD,EQ,4627,2572,55.59
20,898,GLS,EQ,690694,648785,93.93
20,899,GMBREW,EQ,23855,12857,53.90
20,900,GMDCLTD,EQ,1145651,389418,33.99
20,901,GMMPFAUDLR,EQ,52776,26249,49.74
20,902,GMRAIRPORT,EQ,5476910,3653155,66.70
20,903,GMRP&UI,EQ,1348311,860946,63.85
20,904,GNA,EQ,54832,32185,58.70
20,905,GNFC,EQ,249601,81287,32.57
20,906,GOACARBON,EQ,1070729,135086,12.62
20,907,GOCLCORP,EQ,44128,34333,77.80
20,908,GOCOLORS,EQ,64912,47672,73.44
20,909,GODAVARIB,EQ,361077,176574,48.90
20,910,GODFRYPHLP,EQ,102373,28630,27.97
20,911,GODIGIT,EQ,629129,392867,62.45
20,912,GODREJAGRO,EQ,113004,64454,57.04
20,913,GODREJCP,EQ,1927111,1299927,67.45
20,914,GODREJIND,EQ,182184,61015,33.49
20,915,GODREJPROP,EQ,752281,410316,54.54
20,916,GOKEX,EQ,533464,276344,51.80
20,917,GOKULAGRO,EQ,373861,172023,46.01
20,918,GOLD1,EQ,994964,695423,69.89
20,919,GOLDBEES,EQ,12988032,6658862,51.27
20,920,GOLDCASE,EQ,811583,420534,51.82
20,921,GOLDETF,EQ,157302,84988,54.03
20,922,GOLDETFADD,EQ,48815,44009,90.15
20,923,GOLDIAM,EQ,370496,154396,41.67
20,924,GOLDIETF,EQ,2608993,1812561,69.47
20,925,GOLDSHARE,EQ,151614,93634,61.76
20,926,GOLDSTAR,SM,123750,78750,63.64
20,927,GOODLUCK,EQ,66870,38076,56.94
20,928,GOPAL,EQ,549491,234614,42.70
20,929,GOYALALUM,EQ,500782,295706,59.05
20,930,GOYALSALT,SM,42600,34200,80.28
20,931,GPECO,ST,34800,33600,96.55
20,932,GPIL,EQ,3405203,1361351,39.98
20,933,GPPL,EQ,1362696,581245,42.65
20,934,GPTHEALTH,EQ,158458,110531,69.75
20,935,GPTINFRA,EQ,109292,78115,71.47
20,936,GRANULES,EQ,2109629,1183176,56.08
20,937,GRAPHISAD,ST,3600,3600,100.00
20,938,GRAPHITE,EQ,1228064,299664,24.40
20,939,GRASIM,EQ,319450,126151,39.49
20,940,GRASIMPP1,E1,4847,3890,80.26
20,941,GRAVITA,EQ,393155,163131,41.49
20,942,GRCL,ST,1000,500,50.00
20,943,GREAVESCOT,EQ,32885663,4343090,13.21
20,944,GREENCHEF,SM,32000,26400,82.50
20,945,GREENLAM,EQ,14945,8678,58.07
20,946,GREENPANEL,EQ,834156,273358,32.77
20,947,GREENPLY,EQ,171189,53533,31.27
20,948,GREENPOWER,EQ,3768131,2168424,57.55
20,949,GRINDWELL,EQ,75447,20764,27.52
20,950,GRINFRA,EQ,188386,172712,91.68
20,951,GRMOVER,EQ,38482,21007,54.59
20,952,GROWWDEFNC,EQ,100358,69167,68.92
20,953,GROWWEV,EQ,298161,190486,63.89
20,954,GROWWGOLD,EQ,68331,43965,64.34
20,955,GROWWLIQID,EQ,42691,31101,72.85
20,956,GRPLTD,EQ,849,657,77.39
20,957,GRSE,EQ,349094,120930,34.64
20,958,GRWRHITECH,EQ,126266,56921,45.08
20,959,GSEC10IETF,EQ,1185,632,53.33
20,960,GSEC10YEAR,EQ,479,421,87.89
20,961,GSEC5IETF,EQ,1471,784,53.30
20,962,GSFC,EQ,1324786,469974,35.48
20,963,GSLSU,EQ,89240,42210,47.30
20,964,GSMFOILS,ST,26000,26000,100.00
20,965,GSPL,EQ,798484,292097,36.58
20,966,GSS,EQ,120220,73355,61.02
20,967,GSTL,SM,17000,14000,82.35
20,968,GTL,EQ,752161,329255,43.77
20,969,GTLINFRA,EQ,82451934,26282421,31.88
20,970,GTPL,EQ,33262,14893,44.77
20,971,GUFICBIO,EQ,82298,37909,46.06
20,972,GUJALKALI,EQ,102233,34360,33.61
20,973,GUJAPOLLO,EQ,25745,16538,64.24
20,974,GUJGASLTD,EQ,865743,287665,33.23
20,975,GUJRAFFIA,EQ,122092,70169,57.47
20,976,GULFOILLUB,EQ,93197,45260,48.56
20,977,GULFPETRO,EQ,396237,258707,65.29
20,978,GULPOLY,EQ,177850,98106,55.16
20,979,GVPTECH,EQ,71696,44852,62.56
20,980,HAL,EQ,767757,366137,47.69
20,981,HAPPSTMNDS,EQ,157136,87542,55.71
20,982,HAPPYFORGE,EQ,18313,10097,55.14
20,983,HARDWYN,EQ,1159350,521555,44.99
20,984,HARIOMPIPE,EQ,75299,39681,52.70
20,985,HARSHA,EQ,56144,33153,59.05
20,986,HATHWAY,EQ,3487033,1483027,42.53
20,987,HATSUN,EQ,27171,8682,31.95
20,988,HAVELLS,EQ,540835,212861,39.36
20,989,HBLPOWER,EQ,2625649,685345,26.10
20,990,HBSL,EQ,26199,20642,78.79
20,991,HCC,EQ,27350442,8731034,31.92
20,992,HCG,EQ,151708,106887,70.46
20,993,HCLTECH,EQ,1387117,869940,62.72
20,994,HDFCAMC,EQ,329817,160943,48.80
20,995,HDFCBANK,EQ,7022713,4031962,57.41
20,996,HDFCBSE500,EQ,11182,7148,63.92
20,997,HDFCGOLD,EQ,2053416,1288016,62.73
20,998,HDFCGROWTH,EQ,5134,3282,63.93
20,999,HDFCLIFE,EQ,2396993,1554672,64.86
20,1000,HDFCLIQUID,EQ,18218,16710,91.72
20,1001,HDFCLOWVOL,EQ,23711,19081,80.47
20,1002,HDFCMID150,EQ,179471,163441,91.07
20,1003,HDFCMOMENT,EQ,89778,70547,78.58
20,1004,HDFCNEXT50,EQ,61325,48693,79.40
20,1005,HDFCNIF100,EQ,20728,14987,72.30
20,1006,HDFCNIFBAN,EQ,30268,29543,97.60
20,1007,HDFCNIFIT,EQ,21243,17328,81.57
20,1008,HDFCNIFTY,EQ,41898,29329,70.00
20,1009,HDFCPSUBK,EQ,14407,12051,83.65
20,1010,HDFCPVTBAN,EQ,18742,14982,79.94
20,1011,HDFCQUAL,EQ,27183,18631,68.54
20,1012,HDFCSENSEX,EQ,14477,10463,72.27
20,1013,HDFCSILVER,EQ,307215,174747,56.88
20,1014,HDFCSML250,EQ,657553,563366,85.68
20,1015,HDFCVALUE,EQ,3929,2896,73.71
20,1016,HEADSUP,EQ,71769,38860,54.15
20,1017,HEALTHADD,EQ,4455,453,10.17
20,1018,HEALTHIETF,EQ,26405,13967,52.90
20,1019,HEALTHY,EQ,149443,100859,67.49
20,1020,HEG,EQ,1804773,349871,19.39
20,1021,HEIDELBERG,EQ,441561,148396,33.61
20,1022,HEMIPROP,EQ,279675,136111,48.67
20,1023,HERANBA,EQ,56489,31446,55.67
20,1024,HERITGFOOD,EQ,288051,137624,47.78
20,1025,HEROMOTOCO,EQ,571443,339217,59.36
20,1026,HESTERBIO,EQ,5011,2573,51.35
20,1027,HEUBACHIND,EQ,35100,28161,80.23
20,1028,HEXATRADEX,EQ,7514,4873,64.85
20,1029,HFCL,EQ,12729041,2619324,20.58
20,1030,HGINFRA,EQ,1034141,157762,15.26
20,1031,HGS,EQ,86410,21589,24.98
20,1032,HIGREEN,ST,14400,14400,100.00
20,1033,HIKAL,EQ,440961,188946,42.85
20,1034,HIL,EQ,9757,4507,46.19
20,1035,HILTON,EQ,454598,219815,48.35
20,1036,HIMATSEIDE,EQ,5501380,1684491,30.62
20,1037,HINDALCO,EQ,3418716,1353860,39.60
20,1038,HINDCOMPOS,EQ,335236,83997,25.06
20,1039,HINDCON,EQ,55158,30736,55.72
20,1040,HINDCOPPER,EQ,3447384,1278889,37.10
20,1041,HINDOILEXP,EQ,1358635,662241,48.74
20,1042,HINDPETRO,EQ,8783167,5282911,60.15
20,1043,HINDUNILVR,EQ,1718225,1274091,74.15
20,1044,HINDWAREAP,EQ,575756,262065,45.52
20,1045,HINDZINC,EQ,3159856,1389210,43.96
20,1046,HIRECT,EQ,73282,32868,44.85
20,1047,HISARMETAL,EQ,22086,12795,57.93
20,1048,HITECH,EQ,992748,708523,71.37
20,1049,HITECHCORP,EQ,21653,11200,51.72
20,1050,HLEGLAS,EQ,34567,17286,50.01
20,1051,HLVLTD,EQ,1066003,401921,37.70
20,1052,HMAAGRO,EQ,589268,384741,65.29
20,1053,HMVL,EQ,80456,54120,67.27
20,1054,HNDFDS,EQ,123419,85357,69.16
20,1055,HNGSNGBEES,EQ,133605,93435,69.93
20,1056,HOACFOODS,SM,6750,3750,55.56
20,1057,HOLMARC,ST,3000,3000,100.00
20,1058,HOMEFIRST,EQ,730788,481642,65.91
20,1059,HOMESFY,SM,900,600,66.67
20,1060,HONASA,EQ,2260819,817775,36.17
20,1061,HONAUT,EQ,3072,1525,49.64
20,1062,HONDAPOWER,EQ,8397,3867,46.05
20,1063,HOVS,EQ,58224,31054,53.34
20,1064,HPAL,EQ,85900,43354,50.47
20,1065,HPIL,EQ,11134,4667,41.92
20,1066,HPL,EQ,554839,172188,31.03
20,1067,HRHNEXT,ST,40500,40500,100.00
20,1068,HSCL,EQ,449026,211030,47.00
20,1069,HTMEDIA,EQ,265926,150279,56.51
20,1070,HUDCO,EQ,5410626,1850432,34.20
20,1071,HUHTAMAKI,EQ,74256,39824,53.63
20,1072,HVAX,SM,1500,1200,80.00
20,1073,HYUNDAI,EQ,337783,235695,69.78
20,1074,IBLFL,ST,40000,40000,100.00
20,1075,ICDSLTD,EQ,42411,24378,57.48
20,1076,ICEMAKE,EQ,38076,19993,52.51
20,1077,ICICIB22,EQ,635786,509264,80.10
20,1078,ICICIBANK,EQ,8138066,4405607,54.14
20,1079,ICICIGI,EQ,299853,195100,65.07
20,1080,ICICIPRULI,EQ,771530,418941,54.30
20,1081,ICIL,EQ,438628,171336,39.06
20,1082,ICRA,EQ,2774,1419,51.15
20,1083,IDBI,EQ,3229539,1112798,34.46
20,1084,IDEA,EQ,243838311,73245022,30.04
20,1085,IDEAFORGE,EQ,157086,66302,42.21
20,1086,IDEALTECHO,SM,8000,6000,75.00
20,1087,IDFCFIRSTB,EQ,15825445,8751939,55.30
20,1088,IDFNIFTYET,EQ,279,146,52.33
20,1089,IEML,SM,10000,9000,90.00
20,1090,IEX,EQ,10775090,4633968,43.01
20,1091,IFBAGRO,EQ,3056,2109,69.01
20,1092,IFBIND,EQ,29610,15574,52.60
20,1093,IFCI,EQ,6466469,2019991,31.24
20,1094,IFCIZC25,NM,425,425,100.00
20,1095,IFGLEXPOR,EQ,21489,16082,74.84
20,1096,IGARASHI,EQ,51914,20443,39.38
20,1097,IGL,EQ,5916650,2696948,45.58
20,1098,IGPL,EQ,26142,13959,53.40
20,1099,IIFL,EQ,2785013,1383365,49.67
20,1100,IIFLCAPS,EQ,1275160,746720,58.56
20,1101,IIFLZC25,ND,254,194,76.38
20,1102,IIFLZC25B,NW,310,310,100.00
20,1103,IIFLZC25C,N8,81,81,100.00
20,1104,IIFLZC28B,Y1,500,500,100.00
20,1105,IIFLZC28C,N6,2,2,100.00
20,1106,IKIO,EQ,49967,22225,44.48
20,1107,IMAGICAA,EQ,679690,344774,50.73
20,1108,IMC1,N1,214,214,100.00
20,1109,IMC1,N2,21,21,100.00
20,1110,IMFA,EQ,320395,110097,34.36
20,1111,IMPAL,EQ,3578,3088,86.31
20,1112,INCREDIBLE,EQ,23849,16143,67.69
20,1113,INDBANK,EQ,141444,82152,58.08
20,1114,INDGN,EQ,425586,199121,46.79
20,1115,INDHOTEL,EQ,2299448,1526151,66.37
20,1116,INDIACEM,EQ,1627180,792581,48.71
20,1117,INDIAGLYCO,EQ,135877,68800,50.63
20,1118,INDIAMART,EQ,194339,95733,49.26
20,1119,INDIANB,EQ,1115407,376735,33.78
20,1120,INDIANCARD,EQ,32077,22692,70.74
20,1121,INDIANHUME,EQ,111870,46781,41.82
20,1122,INDIASHLTR,EQ,151128,107964,71.44
20,1123,INDIFRA,SM,14000,12000,85.71
20,1124,INDIGO,EQ,261785,163737,62.55
20,1125,INDIGOPNTS,EQ,102158,45282,44.33
20,1126,INDIGRID,IV,293901,220159,74.91
20,1127,INDNIPPON,EQ,6255,2506,40.06
20,1128,INDOAMIN,EQ,205252,80611,39.27
20,1129,INDOBORAX,EQ,99761,50499,50.62
20,1130,INDOCO,EQ,346582,263232,75.95
20,1131,INDORAMA,EQ,125319,72873,58.15
20,1132,INDOSTAR,EQ,393142,213284,54.25
20,1133,INDOTHAI,EQ,6372,5550,87.10
20,1134,INDOUS,EQ,154473,44453,28.78
20,1135,INDOWIND,EQ,293985,156496,53.23
20,1136,INDRAMEDCO,EQ,232799,127268,54.67
20,1137,INDSWFTLTD,EQ,564977,365933,64.77
20,1138,INDTERRAIN,EQ,116418,69221,59.46
20,1139,INDUSINDBK,EQ,4679888,2751583,58.80
20,1140,INDUSTOWER,EQ,5852606,4137878,70.70
20,1141,INFIBEAM,EQ,5882016,3171868,53.92
20,1142,INFINIUM,ST,13000,12000,92.31
20,1143,INFOBEAN,EQ,42337,29799,70.39
20,1144,INFOLLION,ST,6000,4800,80.00
20,1145,INFOMEDIA,EQ,625,625,100.00
20,1146,INFRABEES,EQ,9820,5458,55.58
20,1147,INFRAIETF,EQ,80775,43948,54.41
20,1148,INFY,EQ,5025612,2925094,58.20
20,1149,INGERRAND,EQ,21365,11938,55.88
20,1150,INM,SM,12600,12600,100.00
20,1151,INNOMET,SM,26400,18000,68.18
20,1152,INNOVACAP,EQ,78821,37253,47.26
20,1153,INNOVANA,SM,2000,2000,100.00
20,1154,INOXGREEN,EQ,2675203,747540,27.94
20,1155,INOXINDIA,EQ,52507,24849,47.33
20,1156,INOXWIND,EQ,8358203,2978686,35.64
20,1157,INSECTICID,EQ,30334,18640,61.45
20,1158,INSPIRE,SM,56000,46000,82.14
20,1159,INSPIRISYS,EQ,6972,6071,87.08
20,1160,INTELLECT,EQ,305526,103078,33.74
20,1161,INTENTECH,EQ,30695,20782,67.70
20,1162,INTERARCH,EQ,105560,50528,47.87
20,1163,INTLCONV,EQ,1888443,531339,28.14
20,1164,INVENTURE,EQ,2322120,1120676,48.26
20,1165,IOB,EQ,22108383,3869678,17.50
20,1166,IOC,EQ,9714837,4999666,51.46
20,1167,IOLCP,EQ,1107175,280296,25.32
20,1168,IONEXCHANG,EQ,496096,207748,41.88
20,1169,IPCALAB,EQ,347320,154521,44.49
20,1170,IPHL,ST,15600,14400,92.31
20,1171,IPL,EQ,1211466,272538,22.50
20,1172,IPSL,ST,6000,6000,100.00
20,1173,IRB,EQ,54438465,5867820,10.78
20,1174,IRBINVIT,IV,617731,606499,98.18
20,1175,IRCON,EQ,21768728,5743778,26.39
20,1176,IRCTC,EQ,2301272,777091,33.77
20,1177,IREDA,EQ,11364606,3484416,30.66
20,1178,IRFC,EQ,86849772,19939151,22.96
20,1179,IRISDOREME,EQ,72870,11853,16.27
20,1180,IRMENERGY,EQ,30265,16155,53.38
20,1181,ISEC,EQ,106370,45775,43.03
20,1182,ISGEC,EQ,249147,132368,53.13
20,1183,ISHAN,ST,288000,240000,83.33
20,1184,IT,EQ,54714,49895,91.19
20,1185,ITALIANE,ST,14000,14000,100.00
20,1186,ITBEES,EQ,3143881,1914347,60.89
20,1187,ITC,EQ,6745816,3633100,53.86
20,1188,ITDC,EQ,54475,17303,31.76
20,1189,ITDCEM,EQ,366288,188923,51.58
20,1190,ITETF,EQ,360489,334482,92.79
20,1191,ITETFADD,EQ,16201,16021,98.89
20,1192,ITI,EQ,16732038,2251794,13.46
20,1193,ITIETF,EQ,309874,205941,66.46
20,1194,IVC,EQ,1067317,528535,49.52
20,1195,IVP,EQ,28051,17649,62.92
20,1196,IVZINGOLD,EQ,1154,1060,91.85
20,1197,IVZINNIFTY,EQ,104,101,97.12
20,1198,IWEL,EQ,7279,4429,60.85
20,1199,IXIGO,EQ,6219186,3014325,48.47
20,1200,IZMO,EQ,445042,143327,32.21
20,1201,JAGRAN,EQ,102149,40746,39.89
20,1202,JAGSNPHARM,EQ,171077,54037,31.59
20,1203,JAIBALAJI,EQ,33090,16987,51.34
20,1204,JAICORPLTD,EQ,1495848,493162,32.97
20,1205,JAINAM,SM,16000,15000,93.75
20,1206,JAIPURKURT,EQ,154059,79041,51.31
20,1207,JAKHARIA,ST,2400,2400,100.00
20,1208,JALAN,ST,210000,201000,95.71
20,1209,JAMNAAUTO,EQ,1450078,835742,57.63
20,1210,JASH,EQ,118591,69183,58.34
20,1211,JAYAGROGN,EQ,11031,5083,46.08
20,1212,JAYBARMARU,EQ,133917,75122,56.10
20,1213,JAYBEE,ST,34000,32000,94.12
20,1214,JAYNECOIND,EQ,267909,176216,65.77
20,1215,JAYSREETEA,EQ,210654,120209,57.06
20,1216,JBCHEPHARM,EQ,166487,144588,86.85
20,1217,JBMA,EQ,433654,96056,22.15
20,1218,JCHAC,EQ,56169,42674,75.97
20,1219,JETFREIGHT,EQ,161965,139470,86.11
20,1220,JEYYAM,SM,52000,46000,88.46
20,1221,JGCHEM,EQ,406777,129200,31.76
20,1222,JHS,EQ,104948,70524,67.20
20,1223,JINDALPHOT,EQ,98899,35830,36.23
20,1224,JINDALPOLY,EQ,156054,64590,41.39
20,1225,JINDALSAW,EQ,664825,327703,49.29
20,1226,JINDALSTEL,EQ,1284435,577906,44.99
20,1227,JINDRILL,EQ,30679,19083,62.20
20,1228,JINDWORLD,EQ,263764,118146,44.79
20,1229,JIOFIN,EQ,20098921,11184342,55.65
20,1230,JISLDVREQS,EQ,614454,269956,43.93
20,1231,JISLJALEQS,EQ,38847183,11875198,30.57
20,1232,JITFINFRA,EQ,51812,26105,50.38
20,1233,JIWANRAM,SM,36000,36000,100.00
20,1234,J&KBANK,EQ,1037526,426894,41.15
20,1235,JKCEMENT,EQ,427483,56850,13.30
20,1236,JKIL,EQ,104437,52458,50.23
20,1237,JKLAKSHMI,EQ,952210,466210,48.96
20,1238,JKPAPER,EQ,615381,247192,40.17
20,1239,JKTYRE,EQ,480939,194076,40.35
20,1240,JLHL,EQ,88256,48085,54.48
20,1241,JMA,EQ,35521,30289,85.27
20,1242,JMFINANCIL,EQ,3270965,1064929,32.56
20,1243,JNKINDIA,EQ,39890,25880,64.88
20,1244,JOCIL,EQ,4851,3248,66.96
20,1245,JPOLYINVST,EQ,22067,8381,37.98
20,1246,JPPOWER,EQ,41583472,14472259,34.80
20,1247,JSFB,EQ,141958,101533,71.52
20,1248,JSL,EQ,338549,185116,54.68
20,1249,JSLL,SM,21600,13770,63.75
20,1250,JSWENERGY,EQ,2088984,818837,39.20
20,1251,JSWINFRA,EQ,819249,462240,56.42
20,1252,JSWSTEEL,EQ,1246315,539505,43.29
20,1253,JTEKTINDIA,EQ,61589,37068,60.19
20,1254,JTLIND,EQ,1231952,723334,58.71
20,1255,JUBLFOOD,EQ,1905715,753293,39.53
20,1256,JUBLINGREA,EQ,4538440,983433,21.67
20,1257,JUBLPHARMA,EQ,134398,72074,53.63
20,1258,JUNIORBEES,EQ,177892,93630,52.63
20,1259,JUNIPER,EQ,102861,49685,48.30
20,1260,JUSTDIAL,EQ,343814,113366,32.97
20,1261,JWL,EQ,31895817,2453615,7.69
20,1262,JYOTHYLAB,EQ,521927,153297,29.37
20,1263,JYOTICNC,EQ,343131,187882,54.76
20,1264,JYOTISTRUC,EQ,10093909,3993699,39.57
20,1265,K2INFRA,SM,67800,42000,61.95
20,1266,KABRAEXTRU,EQ,78930,40297,51.05
20,1267,KAJARIACER,EQ,85401,36386,42.61
20,1268,KAKATCEM,EQ,7829,4586,58.58
20,1269,KALAMANDIR,EQ,272725,139392,51.11
20,1270,KALANA,SM,34000,24000,70.59
20,1271,KALYANKJIL,EQ,3352324,818478,24.42
20,1272,KAMATHOTEL,EQ,148811,78501,52.75
20,1273,KAMDHENU,EQ,77889,36227,46.51
20,1274,KANANIIND,EQ,276814,187608,67.77
20,1275,KANDARP,ST,8000,8000,100.00
20,1276,KANORICHEM,EQ,98859,55408,56.05
20,1277,KANPRPLA,EQ,8062,4870,60.41
20,1278,KANSAINER,EQ,425262,238172,56.01
20,1279,KAPSTON,EQ,4017,2949,73.41
20,1280,KARMAENG,EQ,21948,11938,54.39
20,1281,KARNIKA,ST,16000,16000,100.00
20,1282,KARURVYSYA,EQ,1186142,732597,61.76
20,1283,KATARIA,SM,12000,8400,70.00
20,1284,KAUSHALYA,EQ,1501,1056,70.35
20,1285,KAYNES,EQ,463465,145730,31.44
20,1286,KBCGLOBAL,EQ,21758880,5317381,24.44
20,1287,KCEIL,SM,223500,132000,59.06
20,1288,KCK,ST,7500,7500,100.00
20,1289,KCP,EQ,703711,314495,44.69
20,1290,KCPSUGIND,EQ,277346,118568,42.75
20,1291,KDDL,EQ,7931,4841,61.04
20,1292,KDL,ST,14950,14650,97.99
20,1293,KEC,EQ,373100,137016,36.72
20,1294,KECL,EQ,92109,52644,57.15
20,1295,KEI,EQ,448630,222050,49.50
20,1296,KELLTONTEC,EQ,3728350,1316752,35.32
20,1297,KERNEX,EQ,44853,44843,99.98
20,1298,KESORAMIND,EQ,900675,424172,47.09
20,1299,KFINTECH,EQ,378766,165217,43.62
20,1300,KHADIM,EQ,13288,5685,42.78
20,1301,KHAICHEM,EQ,153219,47388,30.93
20,1302,KHAITANLTD,EQ,1158,767,66.23
20,1303,KHANDSE,EQ,9014,4623,51.29
20,1304,KHFM,SM,7750,7750,100.00
20,1305,KICL,EQ,7098,3161,44.53
20,1306,KILITCH,EQ,3497,2375,67.92
20,1307,KIMS,EQ,295517,157175,53.19
20,1308,KINGFA,EQ,3961,2238,56.50
20,1309,KIOCL,EQ,48993,22574,46.08
20,1310,KIRIINDUS,EQ,592681,302190,50.99
20,1311,KIRLOSBROS,EQ,83324,39349,47.22
20,1312,KIRLOSENG,EQ,173992,89565,51.48
20,1313,KIRLOSIND,EQ,4585,2794,60.94
20,1314,KIRLPNU,EQ,288737,215132,74.51
20,1315,KKCL,EQ,57351,32157,56.07
20,1316,KLL,SM,48800,31200,63.93
20,1317,KMEW,EQ,21694,12226,56.36
20,1318,KMSUGAR,EQ,168706,68794,40.78
20,1319,KNAGRI,ST,59200,50400,85.14
20,1320,KNRCON,EQ,1110871,450566,40.56
20,1321,KODYTECH,SM,18000,10500,58.33
20,1322,KOHINOOR,EQ,165276,67094,40.60
20,1323,KOKUYOCMLN,EQ,68073,31212,45.85
20,1324,KOLTEPATIL,EQ,90241,43295,47.98
20,1325,KONSTELEC,ST,34000,30000,88.24
20,1326,KONTOR,ST,13200,12600,95.45
20,1327,KORE,ST,1250,1250,100.00
20,1328,KOTAKBANK,EQ,2393428,1836914,76.75
20,1329,KOTARISUG,EQ,102242,63699,62.30
20,1330,KOTHARIPET,EQ,176595,57216,32.40
20,1331,KOTHARIPRO,EQ,22097,12944,58.58
20,1332,KOTYARK,SM,17500,11200,64.00
20,1333,KPEL,EQ,136637,77758,56.91
20,1334,KPIGREEN,EQ,355063,186971,52.66
20,1335,KPIL,EQ,326697,170377,52.15
20,1336,KPITTECH,EQ,816840,290586,35.57
20,1337,KPRMILL,EQ,270663,130956,48.38
20,1338,KRBL,EQ,1300422,625648,48.11
20,1339,KREBSBIO,EQ,27042,10385,38.40
20,1340,KRIDHANINF,EQ,3662169,1775154,48.47
20,1341,KRISHANA,EQ,27119,21541,79.43
20,1342,KRISHCA,SM,15000,14500,96.67
20,1343,KRISHNADEF,ST,30250,27750,91.74
20,1344,KRITINUT,EQ,345990,127009,36.71
20,1345,KRN,EQ,277461,84573,30.48
20,1346,KRONOX,EQ,267321,137960,51.61
20,1347,KROSS,EQ,1287679,547918,42.55
20,1348,KRSNAA,EQ,110858,41712,37.63
20,1349,KRYSTAL,EQ,34778,13964,40.15
20,1350,KSB,EQ,121590,75364,61.98
20,1351,KSCL,EQ,76752,29808,38.84
20,1352,KSHITIJPOL,EQ,2021922,1083585,53.59
20,1353,KSL,EQ,156569,82832,52.90
20,1354,KSOLVES,EQ,28367,20178,71.13
20,1355,KTKBANK,EQ,3885049,1266797,32.61
20,1356,KTL,ST,18000,18000,100.00
20,1357,KUANTUM,EQ,491204,188227,38.32
20,1358,LAGNAM,EQ,3143,1917,60.99
20,1359,LAKSHYA,SM,353600,180800,51.13
20,1360,LALPATHLAB,EQ,108145,60672,56.10
20,1361,LAMBODHARA,EQ,2441502,316698,12.97
20,1362,LAMOSAIC,ST,10200,10200,100.00
20,1363,LANCORHOL,EQ,180188,72092,40.01
20,1364,LANDMARK,EQ,35455,23562,66.46
20,1365,LAOPALA,EQ,213869,94973,44.41
20,1366,LATENTVIEW,EQ,2827430,1162227,41.11
20,1367,LAURUSLABS,EQ,1453298,729273,50.18
20,1368,LAWSIKHO,SM,46000,32000,69.57
20,1369,LAXMICOT,EQ,85549,43042,50.31
20,1370,LEMERITE,ST,226400,226400,100.00
20,1371,LEMONTREE,EQ,4596645,2172887,47.27
20,1372,LEXUS,EQ,31974,15468,48.38
20,1373,LGBBROSLTD,EQ,22401,16287,72.71
20,1374,LGHL,EQ,119381,32966,27.61
20,1375,LIBAS,EQ,32793,21511,65.60
20,1376,LIBERTSHOE,EQ,27741,15040,54.22
20,1377,LICHSGFIN,EQ,1278597,665538,52.05
20,1378,LICI,EQ,1218352,539978,44.32
20,1379,LICMFGOLD,EQ,446,195,43.72
20,1380,LICNETFGSC,EQ,10316,5461,52.94
20,1381,LICNETFN50,EQ,1284,812,63.24
20,1382,LICNETFSEN,EQ,148,36,24.32
20,1383,LICNFNHGP,EQ,458,293,63.97
20,1384,LICNMID100,EQ,3153,1515,48.05
20,1385,LIKHITHA,EQ,77862,43165,55.44
20,1386,LINC,EQ,52608,27896,53.03
20,1387,LINCOLN,EQ,63928,29089,45.50
20,1388,LINDEINDIA,EQ,45382,21964,48.40
20,1389,LIQUID,EQ,174405,116670,66.90
20,1390,LIQUID1,EQ,33160,21041,63.45
20,1391,LIQUIDADD,EQ,1280147,1156233,90.32
20,1392,LIQUIDBEES,EQ,2356268,1762468,74.80
20,1393,LIQUIDBETF,EQ,25549,18918,74.05
20,1394,LIQUIDCASE,EQ,7145810,6000102,83.97
20,1395,LIQUIDETF,EQ,229332,175230,76.41
20,1396,LIQUIDIETF,EQ,456635,285097,62.43
20,1397,LIQUIDPLUS,EQ,948,948,100.00
20,1398,LIQUIDSBI,EQ,6035,5521,91.48
20,1399,LIQUIDSHRI,EQ,16321,10317,63.21
20,1400,LLOYDS,SM,9000,8000,88.89
20,1401,LLOYDSENGG,EQ,3238219,1484636,45.85
20,1402,LLOYDSENT,EQ,997960,575573,57.67
20,1403,LLOYDSME,EQ,634555,320873,50.57
20,1404,LMW,EQ,6340,2377,37.49
20,1405,LODHA,EQ,1723949,968499,56.18
20,1406,LOKESHMACH,EQ,63533,44181,69.54
20,1407,LORDSCHLO,EQ,96870,73886,76.27
20,1408,LOVABLE,EQ,29934,13959,46.63
20,1409,LOWVOL,EQ,141443,46149,32.63
20,1410,LOWVOL1,EQ,102624,100192,97.63
20,1411,LOWVOLIETF,EQ,1521208,1237682,81.36
20,1412,LPDC,EQ,1493644,587207,39.31
20,1413,LRRPL,ST,16500,16500,100.00
20,1414,LT,EQ,1237958,833110,67.30
20,1415,LTF,EQ,4351059,1744478,40.09
20,1416,LTFOODS,EQ,718282,402821,56.08
20,1417,LTGILTBEES,EQ,1468772,1374371,93.57
20,1418,LTIM,EQ,381763,188383,49.35
20,1419,LTTS,EQ,61968,28219,45.54
20,1420,LUMAXIND,EQ,6116,3175,51.91
20,1421,LUMAXTECH,EQ,367126,161657,44.03
20,1422,LUPIN,EQ,531244,333485,62.77
20,1423,LUXIND,EQ,130583,56224,43.06
20,1424,LXCHEM,EQ,1036718,486131,46.89
20,1425,LYKALABS,EQ,260032,138047,53.09
20,1426,MACOBSTECH,SM,29600,28000,94.59
20,1427,MACPOWER,EQ,10123,6373,62.96
20,1428,MADHAV,EQ,184279,48117,26.11
20,1429,MADHAVBAUG,SM,800,800,100.00
20,1430,MADHUSUDAN,SM,36000,27000,75.00
20,1431,MADRASFERT,EQ,191236,46057,24.08
20,1432,MAFANG,EQ,587480,525180,89.40
20,1433,MAGADSUGAR,EQ,9756,4035,41.36
20,1434,MAGNUM,EQ,24873,13360,53.71
20,1435,MAHABANK,EQ,9517140,3410854,35.84
20,1436,MAHAPEXLTD,EQ,57012,23076,40.48
20,1437,MAHEPC,EQ,26939,15156,56.26
20,1438,MAHESHWARI,EQ,41302,20416,49.43
20,1439,MAHICKRA,SM,1500,1500,100.00
20,1440,MAHKTECH,EQ,1884479,1239689,65.78
20,1441,MAHLIFE,EQ,196905,128282,65.15
20,1442,MAHLOG,EQ,298220,143896,48.25
20,1443,MAHSCOOTER,EQ,13227,7216,54.56
20,1444,MAHSEAMLES,EQ,1814160,447306,24.66
20,1445,MAITHANALL,EQ,44609,23294,52.22
20,1446,MAITREYA,ST,7600,6000,78.95
20,1447,MAKEINDIA,EQ,17360,13401,77.19
20,1448,MAKS,SM,9000,4500,50.00
20,1449,MAL,SM,3200,3200,100.00
20,1450,MALUPAPER,EQ,45612,22472,49.27
20,1451,MANAKALUCO,EQ,58353,32134,55.07
20,1452,MANAKCOAT,EQ,1405954,700807,49.85
20,1453,MANAKSIA,EQ,50180,24487,48.80
20,1454,MANAKSTEEL,EQ,93742,56387,60.15
20,1455,MANALIPETC,EQ,659379,160390,24.32
20,1456,MANAPPURAM,EQ,6612018,3265698,49.39
20,1457,MANBA,EQ,953636,325783,34.16
20,1458,MANCREDIT,EQ,58958,22505,38.17
20,1459,MANDEEP,SM,20000,20000,100.00
20,1460,MANGALAM,EQ,45507,26891,59.09
20,1461,MANGCHEFER,EQ,326454,195974,60.03
20,1462,MANGLMCEM,EQ,106470,31811,29.88
20,1463,MANINDS,EQ,356275,170287,47.80
20,1464,MANINFRA,EQ,683430,289822,42.41
20,1465,MANKIND,EQ,164821,85639,51.96
20,1466,MANOMAY,EQ,10435,4245,40.68
20,1467,MANORAMA,EQ,19578,14027,71.65
20,1468,MANUGRAPH,EQ,33645,22261,66.16
20,1469,MANYAVAR,EQ,139585,59819,42.85
20,1470,MAPMYINDIA,EQ,347303,101174,29.13
20,1471,MARALOVER,EQ,65159,37760,57.95
20,1472,MARATHON,EQ,56189,31721,56.45
20,1473,MARCO,SM,24000,16500,68.75
20,1474,MARICO,EQ,2423839,1018515,42.02
20,1475,MARINE,EQ,626796,334112,53.30
20,1476,MARINETRAN,SM,64000,40000,62.50
20,1477,MARKSANS,EQ,1834549,599209,32.66
20,1478,MARUTI,EQ,226584,119947,52.94
20,1479,MASFIN,EQ,399906,258176,64.56
20,1480,MASON,ST,11000,11000,100.00
20,1481,MASPTOP50,EQ,132370,128724,97.25
20,1482,MASTEK,EQ,82452,31688,38.43
20,1483,MASTER,ST,1000,1000,100.00
20,1484,MASTERTR,EQ,59439,35347,59.47
20,1485,MATRIMONY,EQ,11167,7110,63.67
20,1486,MAWANASUG,EQ,134594,67451,50.11
20,1487,MAXESTATES,EQ,149083,81848,54.90
20,1488,MAXHEALTH,EQ,4400116,3398713,77.24
20,1489,MAXIND,EQ,44659,18828,42.16
20,1490,MAXPOSURE,SM,11000,9000,81.82
20,1491,MAYURUNIQ,EQ,244121,131785,53.98
20,1492,MAZDA,EQ,6992,4771,68.24
20,1493,MAZDOCK,EQ,1106716,229681,20.75
20,1494,MBAPL,EQ,3457,2310,66.82
20,1495,MBLINFRA,EQ,106618,56588,53.08
20,1496,MCON,SM,47000,44000,93.62
20,1497,MCX,EQ,283785,146165,51.51
20,1498,MDL,SM,32000,25000,78.13
20,1499,MEDANTA,EQ,860398,614943,71.47
20,1500,MEDIASSIST,EQ,157061,83757,53.33
20,1501,MEDICAMEQ,EQ,38572,24085,62.44
20,1502,MEDICO,EQ,587405,449857,76.58
20,1503,MEDIORG,ST,16000,16000,100.00
20,1504,MEDPLUS,EQ,365769,205417,56.16
20,1505,MEGAFLEX,ST,18000,18000,100.00
20,1506,MEGASTAR,EQ,48495,24739,51.01
20,1507,MEGATHERM,SM,18400,11600,63.04
20,1508,MENONBE,EQ,37658,22985,61.04
20,1509,METAL,EQ,397001,243473,61.33
20,1510,METALIETF,EQ,1826028,892044,48.85
20,1511,METROBRAND,EQ,38587,22215,57.57
20,1512,METROPOLIS,EQ,256479,68794,26.82
20,1513,MFSL,EQ,456454,167960,36.80
20,1514,MGEL,EQ,91546,66661,72.82
20,1515,MGL,EQ,355447,179982,50.64
20,1516,MHHL,SM,63000,51000,80.95
20,1517,MHLXMIRU,EQ,3172545,1002089,31.59
20,1518,MHRIL,EQ,75694,31503,41.62
20,1519,MICEL,EQ,433918,341348,78.67
20,1520,MICROPRO,SM,11200,6400,57.14
20,1521,MID150BEES,EQ,223743,140155,62.64
20,1522,MID150CASE,EQ,311587,163023,52.32
20,1523,MIDCAP,EQ,29350,21251,72.41
20,1524,MIDCAPETF,EQ,873838,610045,69.81
20,1525,MIDCAPIETF,EQ,242598,169692,69.95
20,1526,MIDHANI,EQ,529379,206672,39.04
20,1527,MIDQ50ADD,EQ,921,728,79.04
20,1528,MIDSELIETF,EQ,259852,201430,77.52
20,1529,MIDSMALL,EQ,283955,170991,60.22
20,1530,MIEL,ST,6000,6000,100.00
20,1531,MINDACORP,EQ,678346,243169,35.85
20,1532,MINDSPACE,RR,92951,62149,66.86
20,1533,MINDTECK,EQ,52974,31427,59.33
20,1534,MIRCELECTR,EQ,633243,444690,70.22
20,1535,MIRZAINT,EQ,358376,170301,47.52
20,1536,MITCON,EQ,71924,52876,73.52
20,1537,MITCONPP,E1,1234,877,71.07
20,1538,MITTAL,EQ,7258757,4730716,65.17
20,1539,M&M,EQ,2409385,1358149,56.37
20,1540,M&MFIN,EQ,716414,331483,46.27
20,1541,M&MFIN,N3,105,105,100.00
20,1542,MMFL,EQ,34551,13572,39.28
20,1543,MMP,EQ,56732,36941,65.11
20,1544,MMTC,EQ,2187355,886484,40.53
20,1545,MNC,EQ,66076,58026,87.82
20,1546,MODEFENCE,EQ,244224,229333,93.90
20,1547,MOGSEC,EQ,93717,78776,84.06
20,1548,MOHEALTH,EQ,62612,50283,80.31
20,1549,MOHITIND,EQ,238883,155563,65.12
20,1550,MOIL,EQ,1010079,474946,47.02
20,1551,MOKSH,EQ,546284,354899,64.97
20,1552,MOL,EQ,561358,297386,52.98
20,1553,MOLDTECH,EQ,215811,112625,52.19
20,1554,MOLDTKPAC,EQ,182084,100309,55.09
20,1555,MOLOWVOL,EQ,10531,8338,79.18
20,1556,MOM100,EQ,290835,204562,70.34
20,1557,MOM30IETF,EQ,1204235,755141,62.71
20,1558,MOM50,EQ,1376,1199,87.14
20,1559,MOMENTUM,EQ,47832,38880,81.28
20,1560,MOMENTUM50,EQ,123075,86430,70.23
20,1561,MOMOMENTUM,EQ,46865,33755,72.03
20,1562,MON100,EQ,976573,674467,69.06
20,1563,MONARCH,EQ,160270,47490,29.63
20,1564,MONIFTY500,EQ,145558,119816,82.31
20,1565,MONQ50,EQ,322916,236955,73.38
20,1566,MONTECARLO,EQ,55022,23910,43.46
20,1567,MOQUALITY,EQ,1699,1088,64.04
20,1568,MOREALTY,EQ,237862,218977,92.06
20,1569,MOREPENLAB,EQ,11661825,3545640,30.40
20,1570,MOS,ST,66000,58000,87.88
20,1571,MOSMALL250,EQ,913790,753590,82.47
20,1572,MOTHERSON,EQ,11714492,6893961,58.85
20,1573,MOTILALOFS,EQ,5314945,1303657,24.53
20,1574,MOTOGENFIN,EQ,128750,25950,20.16
20,1575,MOVALUE,EQ,52744,40531,76.84
20,1576,MPHASIS,EQ,517726,319973,61.80
20,1577,MPSLTD,EQ,12244,6188,50.54
20,1578,MPTODAY,SM,24000,22000,91.67
20,1579,MRF,EQ,3350,861,25.70
20,1580,MRO-TEK,EQ,13450,9082,67.52
20,1581,MRPL,EQ,1281609,411127,32.08
20,1582,MSTCLTD,EQ,268567,107594,40.06
20,1583,MSUMI,EQ,4950911,2359700,47.66
20,1584,MTARTECH,EQ,53038,19952,37.62
20,1585,MTNL,EQ,3976784,1110843,27.93
20,1586,MUFIN,EQ,232344,136713,58.84
20,1587,MUFTI,EQ,432231,254092,58.79
20,1588,MUKANDLTD,EQ,87808,45560,51.89
20,1589,MUKKA,EQ,494097,265745,53.78
20,1590,MULTICAP,EQ,80646,57502,71.30
20,1591,MUNJALAU,EQ,303344,147534,48.64
20,1592,MUNJALSHOW,EQ,136134,63364,46.55
20,1593,MURUDCERA,EQ,124852,52728,42.23
20,1594,MUTHOOTCAP,EQ,53632,30689,57.22
20,1595,MUTHOOTFIN,EQ,519979,265990,51.15
20,1596,MUTHOOTMF,EQ,111171,71214,64.06
20,1597,MVGJL,EQ,138622,68606,49.49
20,1598,MVKAGRO,SM,15600,12000,76.92
20,1599,MWL,SM,19200,18000,93.75
20,1600,MYMUDRA,SM,21600,15600,72.22
20,1601,NACLIND,EQ,1421101,617068,43.42
20,1602,NAGAFERT,EQ,403959,223651,55.36
20,1603,NAHARCAP,EQ,14524,7900,54.39
20,1604,NAHARINDUS,EQ,151740,99407,65.51
20,1605,NAHARPOLY,EQ,53086,28057,52.85
20,1606,NAHARSPING,EQ,55190,34704,62.88
20,1607,NAMAN,ST,9600,9600,100.00
20,1608,NAM-INDIA,EQ,2264700,607546,26.83
20,1609,NAMOEWASTE,ST,115200,105600,91.67
20,1610,NARMADA,EQ,580140,361337,62.28
20,1611,NATCOPHARM,EQ,446391,231605,51.88
20,1612,NATHBIOGEN,EQ,19493,10372,53.21
20,1613,NATIONALUM,EQ,12568698,4470784,35.57
20,1614,NAUKRI,EQ,248407,177610,71.50
20,1615,NAVA,EQ,82925,48088,57.99
20,1616,NAVINFLUOR,EQ,83644,23459,28.05
20,1617,NAVKARCORP,EQ,814568,390916,47.99
20,1618,NAVNETEDUL,EQ,268646,165479,61.60
20,1619,NAZARA,EQ,251335,108238,43.07
20,1620,NBCC,EQ,4650576,1924168,41.37
20,1621,NCC,EQ,2467767,1260811,51.09
20,1622,NCLIND,EQ,161614,88899,55.01
20,1623,NDLVENTURE,EQ,54148,21986,40.60
20,1624,NDRAUTO,EQ,55985,29655,52.97
20,1625,NDTV,EQ,97185,53761,55.32
20,1626,NECCLTD,EQ,347449,189698,54.60
20,1627,NEELAM,ST,48000,48000,100.00
20,1628,NELCAST,EQ,36813,21496,58.39
20,1629,NELCO,EQ,234869,70827,30.16
20,1630,NEOGEN,EQ,32280,12398,38.41
20,1631,NEPHROCARE,ST,17200,16000,93.02
20,1632,NESCO,EQ,47584,24111,50.67
20,1633,NESTLEIND,EQ,734861,415116,56.49
20,1634,NETF,EQ,1955,1847,94.48
20,1635,NETWEB,EQ,168472,87903,52.18
20,1636,NETWORK18,EQ,2625614,1574267,59.96
20,1637,NEULANDLAB,EQ,33722,10300,30.54
20,1638,NEWGEN,EQ,224325,106860,47.64
20,1639,NEWJAISA,SM,84000,49500,58.93
20,1640,NEXT50,EQ,21264,19749,92.88
20,1641,NEXT50IETF,EQ,293162,185939,63.43
20,1642,NFL,EQ,2102984,655399,31.17
20,1643,NGIL,EQ,21913,8224,37.53
20,1644,NGILPP1,E1,3709,3683,99.30
20,1645,NGLFINE,EQ,1477,878,59.44
20,1646,NH,EQ,244916,148535,60.65
20,1647,NHPC,EQ,16615409,6711924,40.40
20,1648,NIACL,EQ,2072535,529499,25.55
20,1649,NIDAN,SM,22000,20000,90.91
20,1650,NIF100BEES,EQ,11052,6512,58.92
20,1651,NIF100IETF,EQ,123860,71843,58.00
20,1652,NIF10GETF,EQ,1209,1176,97.27
20,1653,NIF5GETF,EQ,274,253,92.34
20,1654,NIFITETF,EQ,632,600,94.94
20,1655,NIFMID150,EQ,1666,1157,69.45
20,1656,NIFTY1,EQ,20727,15279,73.72
20,1657,NIFTY50ADD,EQ,15480,14504,93.70
20,1658,NIFTYBEES,EQ,2833637,2187065,77.18
20,1659,NIFTYBETF,EQ,2492,2261,90.73
20,1660,NIFTYETF,EQ,189641,158217,83.43
20,1661,NIFTYIETF,EQ,119090,81767,68.66
20,1662,NIFTYQLITY,EQ,67775,48748,71.93
20,1663,NIITLTD,EQ,1894601,595381,31.43
20,1664,NIITMTS,EQ,45943,23047,50.16
20,1665,NILAINFRA,EQ,1685961,661877,39.26
20,1666,NILKAMAL,EQ,1655,997,60.24
20,1667,NINSYS,EQ,56461,50815,90.00
20,1668,NIPPOBATRY,EQ,71215,48769,68.48
20,1669,NIRMAN,ST,13500,13500,100.00
20,1670,NITINSPIN,EQ,258698,135103,52.22
20,1671,NITIRAJ,EQ,15536,4843,31.17
20,1672,NIVABUPA,EQ,2395439,985726,41.15
20,1673,NKIND,EQ,14384,11569,80.43
20,1674,NLCINDIA,EQ,757085,275865,36.44
20,1675,NMDC,EQ,12335990,6424264,52.08
20,1676,NOCIL,EQ,378367,181360,47.93
20,1677,NORTHARC,EQ,278195,149018,53.57
20,1678,NOVAAGRI,EQ,199073,103588,52.04
20,1679,NPBET,EQ,406,298,73.40
20,1680,NPST,SM,9700,7300,75.26
20,1681,NRAIL,EQ,8111,4707,58.03
20,1682,NRBBEARING,EQ,157437,81220,51.59
20,1683,NSIL,EQ,74691,19356,25.91
20,1684,NSLNISP,EQ,3038097,915039,30.12
20,1685,NTPC,EQ,9998662,6281556,62.82
20,1686,NTPCGREEN,EQ,41058297,13185525,32.11
20,1687,NUCLEUS,EQ,11404,6854,60.10
20,1688,NURECA,EQ,17292,12977,75.05
20,1689,NUVAMA,EQ,241390,70572,29.24
20,1690,NUVOCO,EQ,1055617,362042,34.30
20,1691,NV20,EQ,8889,5829,65.58
20,1692,NV20BEES,EQ,10556,7731,73.24
20,1693,NV20IETF,EQ,414086,250137,60.41
20,1694,NXST,RR,821635,749912,91.27
20,1695,NYKAA,EQ,8323490,4027817,48.39
20,1696,OAL,EQ,25021,13708,54.79
20,1697,OBCL,EQ,11204,6794,60.64
20,1698,OBEROIRLTY,EQ,440634,270077,61.29
20,1699,OBSCP,ST,32400,28800,88.89
20,1700,OCCL,EQ,46798,22209,47.46
20,1701,OCCLLTD,EQ,1171137,483635,41.30
20,1702,OFSS,EQ,73779,30700,41.61
20,1703,OIL,EQ,1181212,655354,55.48
20,1704,OILIETF,EQ,971211,636697,65.56
20,1705,OLAELEC,EQ,66954410,10914905,16.30
20,1706,OLECTRA,EQ,899221,267803,29.78
20,1707,OLIL,SM,88800,75600,85.14
20,1708,OMAXAUTO,EQ,86353,46239,53.55
20,1709,OMAXE,EQ,2785327,719283,25.82
20,1710,OMFURN,ST,100800,96000,95.24
20,1711,OMINFRAL,EQ,142117,62912,44.27
20,1712,ONDOOR,SM,5700,4500,78.95
20,1713,ONELIFECAP,EQ,19667,15462,78.62
20,1714,ONEPOINT,EQ,892100,378234,42.40
20,1715,ONGC,EQ,5353032,2448524,45.74
20,1716,ONMOBILE,EQ,531983,161501,30.36
20,1717,ONWARDTEC,EQ,42057,18695,44.45
20,1718,ONYX,SM,72000,46000,63.89
20,1719,ORBTEXP,EQ,271357,104753,38.60
20,1720,ORCHPHARMA,EQ,40024,28662,71.61
20,1721,ORIANA,SM,38100,24450,64.17
20,1722,ORICONENT,EQ,532478,332165,62.38
20,1723,ORIENTBELL,EQ,15623,12645,80.94
20,1724,ORIENTCEM,EQ,475291,217204,45.70
20,1725,ORIENTCER,EQ,68172,43619,63.98
20,1726,ORIENTELEC,EQ,94753,45099,47.60
20,1727,ORIENTHOT,EQ,273062,148700,54.46
20,1728,ORIENTLTD,EQ,2430547,511654,21.05
20,1729,ORIENTPPR,EQ,329132,124081,37.70
20,1730,ORIENTTECH,EQ,275186,153729,55.86
20,1731,ORISSAMINE,EQ,13776,5328,38.68
20,1732,ORTINGLOBE,EQ,16713,11287,67.53
20,1733,OSELDEVICE,SM,31200,23200,74.36
20,1734,OSWALGREEN,EQ,554648,231010,41.65
20,1735,OWAIS,SM,15100,9800,64.90
20,1736,PAGEIND,EQ,29440,16840,57.20
20,1737,PAISALO,EQ,1341176,932172,69.50
20,1738,PAKKA,EQ,1926420,772161,40.08
20,1739,PALASHSECU,EQ,10951,5620,51.32
20,1740,PANAMAPET,EQ,75112,47785,63.62
20,1741,PAR,EQ,116252,65159,56.05
20,1742,PARACABLES,EQ,4568104,1727118,37.81
20,1743,PARADEEP,EQ,4728261,2084800,44.09
20,1744,PARAGMILK,EQ,631698,275591,43.63
20,1745,PARAGON,SM,31200,21600,69.23
20,1746,PARAMATRIX,SM,1200,1200,100.00
20,1747,PARAMOUNT,SM,3600,3600,100.00
20,1748,PARAS,EQ,131706,49165,37.33
20,1749,PARIN,ST,13000,7500,57.69
20,1750,PARKHOTELS,EQ,717123,498531,69.52
20,1751,PARTYCRUS,SM,10000,10000,100.00
20,1752,PASHUPATI,ST,22000,22000,100.00
20,1753,PATANJALI,EQ,124185,60786,48.95
20,1754,PATELENG,EQ,3774939,1601834,42.43
20,1755,PATINTLOG,EQ,423241,173549,41.00
20,1756,PAYTM,EQ,3921575,1185312,30.23
20,1757,PCBL,EQ,2579351,909978,35.28
20,1758,PCCL,SM,37600,34800,92.55
20,1759,PDMJEPAPER,EQ,286088,91352,31.93
20,1760,PDSL,EQ,185669,91574,49.32
20,1761,PEARLPOLY,EQ,147610,65273,44.22
20,1762,PEL,EQ,385793,148084,38.38
20,1763,PELATRO,SM,15600,15000,96.15
20,1764,PENIND,EQ,487646,231157,47.40
20,1765,PENINLAND,EQ,365311,204272,55.92
20,1766,PENTAGON,SM,7000,4000,57.14
20,1767,PERFECT,ST,186000,183000,98.39
20,1768,PERSISTENT,EQ,221150,95942,43.38
20,1769,PETRONET,EQ,2121212,1232353,58.10
20,1770,PFC,EQ,5559349,3134983,56.39
20,1771,PFIZER,EQ,10703,4989,46.61
20,1772,PFOCUS,EQ,34752,23283,67.00
20,1773,PFS,EQ,506187,281706,55.65
20,1774,PGEL,EQ,802400,312021,38.89
20,1775,PGHH,EQ,3681,2364,64.22
20,1776,PGHL,EQ,5480,3649,66.59
20,1777,PGIL,EQ,62706,29043,46.32
20,1778,PGINVIT,IV,620031,519140,83.73
20,1779,PHANTOMFX,ST,21000,19800,94.29
20,1780,PHARMABEES,EQ,4870786,4163341,85.48
20,1781,PHOENIXLTD,EQ,244866,102985,42.06
20,1782,PHOGLOBAL,ST,34000,34000,100.00
20,1783,PIDILITIND,EQ,190962,114710,60.07
20,1784,PIIND,EQ,251423,190177,75.64
20,1785,PILANIINVS,EQ,11389,4072,35.75
20,1786,PILITA,EQ,133457,73697,55.22
20,1787,PIONEEREMB,EQ,44535,25491,57.24
20,1788,PITTIENG,EQ,503312,353833,70.30
20,1789,PIXTRANS,EQ,57632,31767,55.12
20,1790,PKTEA,EQ,64402,11365,17.65
20,1791,PLADAINFO,SM,3000,3000,100.00
20,1792,PLASTIBLEN,EQ,11259,5170,45.92
20,1793,PLATIND,EQ,402128,173118,43.05
20,1794,PLAZACABLE,EQ,49484,34799,70.32
20,1795,PNB,EQ,23295859,9237171,39.65
20,1796,PNBGILTS,EQ,758255,327070,43.13
20,1797,PNBHOUSING,EQ,987570,422156,42.75
20,1798,PNC,EQ,164535,69578,42.29
20,1799,PNCINFRA,EQ,27043029,2280131,8.43
20,1800,PNGJL,EQ,861314,395980,45.97
20,1801,POCL,EQ,88517,52281,59.06
20,1802,PODDARMENT,EQ,2000,1252,62.60
20,1803,POKARNA,EQ,42167,16497,39.12
20,1804,POLICYBZR,EQ,905083,419710,46.37
20,1805,POLYCAB,EQ,96608,43735,45.27
20,1806,POLYMED,EQ,64790,25894,39.97
20,1807,POLYPLEX,EQ,299250,142880,47.75
20,1808,POLYSIL,SM,6000,4000,66.67
20,1809,PONNIERODE,EQ,55975,32959,58.88
20,1810,POONAWALLA,EQ,3921844,1130312,28.82
20,1811,POSITRON,ST,22200,20400,91.89
20,1812,POWERGRID,EQ,5013051,3410861,68.04
20,1813,POWERINDIA,EQ,29711,13385,45.05
20,1814,POWERMECH,EQ,38794,20771,53.54
20,1815,PPAP,EQ,14355,9636,67.13
20,1816,PPL,EQ,99053,47629,48.08
20,1817,PPLPHARMA,EQ,3066950,1267192,41.32
20,1818,PPSL,SM,99000,93000,93.94
20,1819,PRAENG,EQ,67904,57060,84.03
20,1820,PRAJIND,EQ,530765,180626,34.03
20,1821,PRAKASH,EQ,2120268,909702,42.91
20,1822,PRAKASHSTL,EQ,636191,303220,47.66
20,1823,PRANIK,SM,16000,9600,60.00
20,1824,PRATHAM,ST,73200,71200,97.27
20,1825,PRECAM,EQ,6756236,863494,12.78
20,1826,PRECISION,ST,18000,18000,100.00
20,1827,PRECWIRE,EQ,937688,470457,50.17
20,1828,PREMEXPLN,EQ,119048,71486,60.05
20,1829,PREMIERENE,EQ,5097261,1191399,23.37
20,1830,PREMIUM,SM,81000,60000,74.07
20,1831,PRESSTONIC,ST,9600,9600,100.00
20,1832,PRESTIGE,EQ,279628,135341,48.40
20,1833,PRICOLLTD,EQ,318952,208750,65.45
20,1834,PRIMESECU,EQ,59553,35225,59.15
20,1835,PRINCEPIPE,EQ,268103,117228,43.72
20,1836,PRITI,EQ,39321,27272,69.36
20,1837,PRITIKA,ST,8000,8000,100.00
20,1838,PRITIKAUTO,EQ,1201772,652333,54.28
20,1839,PRIVISCL,EQ,18099,13670,75.53
20,1840,PRIZOR,ST,24000,24000,100.00
20,1841,PRLIND,SM,30000,21000,70.00
20,1842,PROLIFE,SM,1000,1000,100.00
20,1843,PROPEQUITY,SM,5400,4800,88.89
20,1844,PROV,SM,80,80,100.00
20,1845,PROZONER,EQ,192562,140924,73.18
20,1846,PRSMJOHNSN,EQ,4372873,744329,17.02
20,1847,PRUDENT,EQ,50733,44608,87.93
20,1848,PSB,EQ,654384,233256,35.65
20,1849,PSFL,SM,30000,14000,46.67
20,1850,PSPPROJECT,EQ,74606,35760,47.93
20,1851,PSUBANK,EQ,8752,5716,65.31
20,1852,PSUBANKADD,EQ,21708,18149,83.61
20,1853,PSUBNKBEES,EQ,2172425,1479821,68.12
20,1854,PSUBNKIETF,EQ,94323,57720,61.19
20,1855,PTC,EQ,1544330,1018250,65.93
20,1856,PTCIL,EQ,11435,4989,43.63
20,1857,PTL,EQ,879483,213301,24.25
20,1858,PULZ,ST,62000,56000,90.32
20,1859,PUNJABCHEM,EQ,6932,4372,63.07
20,1860,PURVA,EQ,68112,44400,65.19
20,1861,PURVFLEXI,SM,6400,4800,75.00
20,1862,PVRINOX,EQ,390322,169506,43.43
20,1863,PVSL,EQ,410196,180534,44.01
20,1864,PVTBANIETF,EQ,637638,464216,72.80
20,1865,PVTBANKADD,EQ,20034,16239,81.06
20,1866,PYRAMID,EQ,57070,33492,58.69
20,1867,QGOLDHALF,EQ,32076,21455,66.89
20,1868,QMSMEDI,SM,16000,9000,56.25
20,1869,QNIFTY,EQ,124,110,88.71
20,1870,QUADPRO,SM,144000,108000,75.00
20,1871,QUAL30IETF,EQ,618649,242475,39.19
20,1872,QUESS,EQ,150546,71541,47.52
20,1873,QUESTLAB,SM,9600,9600,100.00
20,1874,QUICKHEAL,EQ,56230,21582,38.38
20,1875,QUICKTOUCH,SM,42000,30000,71.43
20,1876,QVCEL,ST,9600,8000,83.33
20,1877,RACE,EQ,4939,2425,49.10
20,1878,RACLGEAR,EQ,4044,1816,44.91
20,1879,RADIANTCMS,EQ,153971,74132,48.15
20,1880,RADICO,EQ,169959,71007,41.78
20,1881,RADIOCITY,EQ,157829,80842,51.22
20,1882,RADIOCITY,P1,1146,1144,99.83
20,1883,RAILTEL,EQ,8229904,1589858,19.32
20,1884,RAIN,EQ,3861506,1258417,32.59
20,1885,RAINBOW,EQ,65130,19980,30.68
20,1886,RAJESHEXPO,EQ,391084,142869,36.53
20,1887,RAJINDLTD,SM,27000,16500,61.11
20,1888,RAJMET,EQ,1073999,647181,60.26
20,1889,RAJPUTANA,ST,155000,153000,98.71
20,1890,RAJRATAN,EQ,213252,101704,47.69
20,1891,RAJSREESUG,EQ,94825,45373,47.85
20,1892,RALLIS,EQ,159060,73396,46.14
20,1893,RAMANEWS,EQ,36732,28652,78.00
20,1894,RAMAPHO,EQ,5488,2992,54.52
20,1895,RAMASTEEL,EQ,7511709,3433195,45.70
20,1896,RAMCOCEM,EQ,682866,235153,34.44
20,1897,RAMCOIND,EQ,269028,132323,49.19
20,1898,RAMCOSYS,EQ,196702,79358,40.34
20,1899,RAMKY,EQ,75775,41814,55.18
20,1900,RAMRAT,EQ,40008,21315,53.28
20,1901,RANASUG,EQ,245587,137668,56.06
20,1902,RANEENGINE,EQ,9374,4601,49.08
20,1903,RANEHOLDIN,EQ,13084,10148,77.56
20,1904,RAPPID,SM,9000,7800,86.67
20,1905,RATEGAIN,EQ,194155,71378,36.76
20,1906,RATNAMANI,EQ,18085,10038,55.50
20,1907,RATNAVEER,EQ,742488,338108,45.54
20,1908,RAYMOND,EQ,7288125,585520,8.03
20,1909,RAYMONDLSL,EQ,215639,83221,38.59
20,1910,RBA,EQ,1172400,729382,62.21
20,1911,RBL,EQ,10530,6431,61.07
20,1912,RBLBANK,EQ,10880349,4395463,40.40
20,1913,RBMINFRA,ST,26200,25800,98.47
20,1914,RBS,ST,59200,52800,89.19
20,1915,RCDL,SM,9000,6000,66.67
20,1916,RCF,EQ,4478908,1098157,24.52
20,1917,RECLTD,EQ,4434214,2439163,55.01
20,1918,REDINGTON,EQ,2937986,1163170,39.59
20,1919,REDTAPE,EQ,22164,11388,51.38
20,1920,REFRACTORY,ST,5000,5000,100.00
20,1921,RELAXO,EQ,74682,34773,46.56
20,1922,RELCHEMQ,EQ,56202,37497,66.72
20,1923,RELIABLE,EQ,5299,2614,49.33
20,1924,RELIANCE,EQ,11724373,8134158,69.38
20,1925,RELIGARE,EQ,3331554,1663394,49.93
20,1926,REMSONSIND,EQ,149154,109217,73.22
20,1927,REMUS,SM,2500,1600,64.00
20,1928,RENUKA,EQ,11002974,3298799,29.98
20,1929,REPCOHOME,EQ,129337,80164,61.98
20,1930,REPL,EQ,18299,10561,57.71
20,1931,REPRO,EQ,28966,18349,63.35
20,1932,RESPONIND,EQ,1560950,687325,44.03
20,1933,RETAIL,EQ,1090,1090,100.00
20,1934,REXPIPES,SM,2000,2000,100.00
20,1935,RGL,EQ,388688,222765,57.31
20,1936,RHIM,EQ,205706,137842,67.01
20,1937,RHL,EQ,49713,11651,23.44
20,1938,RICOAUTO,EQ,386811,173823,44.94
20,1939,RIIL,EQ,329828,60574,18.37
20,1940,RILINFRA,ST,17900,17900,100.00
20,1941,RISHABH,EQ,25965,15666,60.34
20,1942,RITCO,EQ,856626,229703,26.81
20,1943,RITES,EQ,2792778,726384,26.01
20,1944,RKEC,EQ,50311,40232,79.97
20,1945,RKFORGE,EQ,432791,193159,44.63
20,1946,RKSWAMY,EQ,857390,546577,63.75
20,1947,RMDRIP,ST,1500,1500,100.00
20,1948,RML,EQ,6422,3861,60.12
20,1949,RNFI,SM,50400,39600,78.57
20,1950,ROCKINGDCE,SM,6000,5500,91.67
20,1951,ROHLTD,EQ,280851,106390,37.88
20,1952,ROLEXRINGS,EQ,14919,4913,32.93
20,1953,ROML,EQ,25435,10855,42.68
20,1954,ROSSARI,EQ,65710,23605,35.92
20,1955,ROTO,EQ,469370,165324,35.22
20,1956,ROUTE,EQ,85750,44502,51.90
20,1957,ROXHITECH,SM,100800,65600,65.08
20,1958,RPEL,EQ,54868,28757,52.41
20,1959,RPGLIFE,EQ,31906,13379,41.93
20,1960,RPPINFRA,EQ,200575,97129,48.43
20,1961,RPPL,EQ,171971,90447,52.59
20,1962,RPSGVENT,EQ,161260,56932,35.30
20,1963,RPTECH,EQ,163344,73164,44.79
20,1964,RRKABEL,EQ,87602,34913,39.85
20,1965,RSWM,EQ,94680,52631,55.59
20,1966,RSYSTEMS,EQ,162779,89662,55.08
20,1967,RTNINDIA,EQ,2181165,665085,30.49
20,1968,RTNPOWER,EQ,11662866,6093168,52.24
20,1969,RUBFILA,EQ,644817,265840,41.23
20,1970,RUBYMILLS,EQ,170588,63888,37.45
20,1971,RUCHINFRA,EQ,162930,116235,71.34
20,1972,RUCHIRA,EQ,38095,21134,55.48
20,1973,RULKA,SM,15900,14400,90.57
20,1974,RUPA,EQ,138779,53463,38.52
20,1975,RUSHIL,EQ,5118995,1760368,34.39
20,1976,RUSTOMJEE,EQ,31323,9588,30.61
20,1977,RVHL,EQ,50763,50763,100.00
20,1978,RVNL,EQ,11348824,2640329,23.27
20,1979,SAAKSHI,SM,7800,7800,100.00
20,1980,SABAR,ST,65000,65000,100.00
20,1981,SADBHAV,EQ,837805,476051,56.82
20,1982,SADBHIN,EQ,753803,418015,55.45
20,1983,SADHAV,SM,42000,25200,60.00
20,1984,SADHNANIQ,EQ,708716,325123,45.87
20,1985,SAFARI,EQ,85612,67518,78.87
20,1986,SAGARDEEP,EQ,1797,1380,76.79
20,1987,SAGCEM,EQ,270103,95413,35.32
20,1988,SAGILITY,EQ,64407849,28719806,44.59
20,1989,SAHAJ,SM,8000,8000,100.00
20,1990,SAHAJSOLAR,ST,11000,10200,92.73
20,1991,SAHANA,SM,30500,17375,56.97
20,1992,SAHASRA,SM,81200,53200,65.52
20,1993,SAHYADRI,EQ,6447,4321,67.02
20,1994,SAIFL,SM,11200,9600,85.71
20,1995,SAIL,EQ,10668920,2917853,27.35
20,1996,SAJHOTELS,SM,14000,14000,100.00
20,1997,SAKAR,EQ,35070,21867,62.35
20,1998,SAKHTISUG,EQ,225241,112610,50.00
20,1999,SAKSOFT,EQ,153329,75887,49.49
20,2000,SALASAR,EQ,5102520,3116579,61.08
20,2001,SALONA,EQ,2326,1917,82.42
20,2002,SALSTEEL,EQ,118012,81108,68.73
20,2003,SALZERELEC,EQ,95927,36378,37.92
20,2004,SAMBHAAV,EQ,422788,284020,67.18
20,2005,SAMHI,EQ,1696336,783979,46.22
20,2006,SAMMAANCAP,EQ,6581587,2801300,42.56
20,2007,SAMPANN,EQ,435482,206009,47.31
20,2008,SANDESH,EQ,606,481,79.37
20,2009,SANDHAR,EQ,65688,38530,58.66
20,2010,SANDUMA,EQ,159977,104416,65.27
20,2011,SANGAMIND,EQ,42175,31458,74.59
20,2012,SANGANI,ST,6000,6000,100.00
20,2013,SANGHIIND,EQ,306110,129891,42.43
20,2014,SANGHVIMOV,EQ,612211,304640,49.76
20,2015,SANGINITA,EQ,33831,28141,83.18
20,2016,SANOFI,EQ,16449,10873,66.10
20,2017,SANOFICONR,EQ,13192,7406,56.14
20,2018,SANSERA,EQ,73004,30666,42.01
20,2019,SANSTAR,EQ,713015,305235,42.81
20,2020,SAPPHIRE,EQ,162543,72249,44.45
20,2021,SARDAEN,EQ,908978,502807,55.32
20,2022,SAREGAMA,EQ,210707,83154,39.46
20,2023,SARLAPOLY,EQ,4388261,1494863,34.07
20,2024,SAROJA,SM,6400,3200,50.00
20,2025,SARTELE,SM,155500,124500,80.06
20,2026,SARVESHWAR,EQ,57079600,23662840,41.46
20,2027,SASKEN,EQ,27872,14583,52.32
20,2028,SASTASUNDR,EQ,73278,48715,66.48
20,2029,SATECH,ST,32000,32000,100.00
20,2030,SATIA,EQ,554669,307004,55.35
20,2031,SATIN,EQ,374797,187236,49.96
20,2032,SATINDLTD,EQ,237366,130770,55.09
20,2033,SATIPOLY,SM,3500,3000,85.71
20,2034,SAURASHCEM,EQ,162102,83932,51.78
20,2035,SBC,EQ,3977678,1514194,38.07
20,2036,SBCL,EQ,100843,52156,51.72
20,2037,SBFC,EQ,3685250,1211041,32.86
20,2038,SBGLP,EQ,1119204,594628,53.13
20,2039,SBICARD,EQ,1014110,370394,36.52
20,2040,SBIETFCON,EQ,7394,6621,89.55
20,2041,SBIETFIT,EQ,3287,2195,66.78
20,2042,SBIETFPB,EQ,6313,5988,94.85
20,2043,SBIETFQLTY,EQ,2072,1609,77.65
20,2044,SBILIFE,EQ,1213092,774317,63.83
20,2045,SBIN,EQ,7006973,3163485,45.15
20,2046,SBINEQWETF,EQ,21179,18181,85.84
20,2047,SBISILVER,EQ,17139,12100,70.60
20,2048,SCHAEFFLER,EQ,41472,26766,64.54
20,2049,SCHAND,EQ,41779,24295,58.15
20,2050,SCHNEIDER,EQ,167225,74813,44.74
20,2051,SCI,EQ,1398690,453296,32.41
20,2052,SCILAL,EQ,489993,200354,40.89
20,2053,SCLZC25,YN,23,23,100.00
20,2054,SCML,SM,15000,12000,80.00
20,2055,SDBL,EQ,1771668,838866,47.35
20,2056,SDL26BEES,EQ,645,407,63.10
20,2057,SDREAMS,SM,41000,34000,82.93
20,2058,SEAMECLTD,EQ,19091,11487,60.17
20,2059,SECL,ST,75000,68750,91.67
20,2060,SECMARK,EQ,4222,2013,47.68
20,2061,SECURKLOUD,EQ,15957,11972,75.03
20,2062,SEL,ST,1800,1800,100.00
20,2063,SELAN,EQ,41909,23011,54.91
20,2064,SELMC,EQ,89020,31473,35.35
20,2065,SENCO,EQ,965832,487961,50.52
20,2066,SENSEXADD,EQ,775,322,41.55
20,2067,SENSEXETF,EQ,8995,5341,59.38
20,2068,SENSEXIETF,EQ,1625,934,57.48
20,2069,SEPC,EQ,5575513,3049519,54.69
20,2070,SERVICE,SM,18000,18000,100.00
20,2071,SERVOTECH,EQ,456033,271247,59.48
20,2072,SESHAPAPER,EQ,74499,11402,15.30
20,2073,SETCO,EQ,1688513,1169994,69.29
20,2074,SETF10GILT,EQ,8279,6360,76.82
20,2075,SETFGOLD,EQ,1755777,1321785,75.28
20,2076,SETFNIF50,EQ,291484,229760,78.82
20,2077,SETFNIFBK,EQ,25203,21475,85.21
20,2078,SETFNN50,EQ,23458,13841,59.00
20,2079,SFL,EQ,188073,99836,53.08
20,2080,SFLZC25A,ZK,26,26,100.00
20,2081,SGBAPR28I,GB,86,74,86.05
20,2082,SGBAUG27,GB,24,24,100.00
20,2083,SGBAUG28V,GB,712,607,85.25
20,2084,SGBAUG29V,GB,71,48,67.61
20,2085,SGBAUG30,GB,178,154,86.52
20,2086,SGBD29VIII,GB,238,166,69.75
20,2087,SGBDC27VII,GB,168,153,91.07
20,2088,SGBDE30III,GB,170,126,74.12
20,2089,SGBDE31III,GB,598,438,73.24
20,2090,SGBDEC25,GB,1,1,100.00
20,2091,SGBDEC26,GB,46,46,100.00
20,2092,SGBFEB27,GB,4,4,100.00
20,2093,SGBFEB29XI,GB,99,62,62.63
20,2094,SGBFEB32IV,GB,2399,1747,72.82
20,2095,SGBJ28VIII,GB,69,69,100.00
20,2096,SGBJAN26,GB,3,3,100.00
20,2097,SGBJAN27,GB,5,5,100.00
20,2098,SGBJAN29IX,GB,209,177,84.69
20,2099,SGBJAN29X,GB,27,27,100.00
20,2100,SGBJAN30IX,GB,159,145,91.19
20,2101,SGBJU29III,GB,31,20,64.52
20,2102,SGBJUL25,GB,112,100,89.29
20,2103,SGBJUL27,GB,82,62,75.61
20,2104,SGBJUL28IV,GB,309,254,82.20
20,2105,SGBJUL29IV,GB,221,209,94.57
20,2106,SGBJUN27,GB,10,10,100.00
20,2107,SGBJUN28,GB,73,73,100.00
20,2108,SGBJUN29II,GB,67,61,91.04
20,2109,SGBJUN30,GB,59,45,76.27
20,2110,SGBJUN31I,GB,1240,781,62.98
20,2111,SGBMAR25,GB,12,12,100.00
20,2112,SGBMAR28X,GB,15,10,66.67
20,2113,SGBMAR30X,GB,79,76,96.20
20,2114,SGBMAR31IV,GB,226,171,75.66
20,2115,SGBMAY25,GB,237,235,99.16
20,2116,SGBMAY26,GB,12,11,91.67
20,2117,SGBMAY28,GB,454,315,69.38
20,2118,SGBMAY29I,GB,232,157,67.67
20,2119,SGBMR29XII,GB,183,154,84.15
20,2120,SGBN28VIII,GB,324,258,79.63
20,2121,SGBNOV25,GB,1,1,100.00
20,2122,SGBNOV258,GB,1,1,100.00
20,2123,SGBNOV25IX,GB,122,121,99.18
20,2124,SGBNOV25VI,GB,47,47,100.00
20,2125,SGBNV29VII,GB,559,484,86.58
20,2126,SGBOC28VII,GB,245,237,96.73
20,2127,SGBOCT25,GB,189,185,97.88
20,2128,SGBOCT25IV,GB,3,3,100.00
20,2129,SGBOCT25V,GB,11,11,100.00
20,2130,SGBOCT27,GB,79,69,87.34
20,2131,SGBOCT27VI,GB,57,57,100.00
20,2132,SGBSEP27,GB,170,147,86.47
20,2133,SGBSEP28VI,GB,444,281,63.29
20,2134,SGBSEP29VI,GB,129,109,84.50
20,2135,SGBSEP31II,GB,1017,668,65.68
20,2136,SGIL,EQ,66199,30230,45.67
20,2137,SGL,EQ,11128,6536,58.73
20,2138,SHAILY,EQ,1173291,579388,49.38
20,2139,SHALBY,EQ,164751,115250,69.95
20,2140,SHALPAINTS,EQ,63675,41514,65.20
20,2141,SHANKARA,EQ,77818,45219,58.11
20,2142,SHANTHALA,SM,4800,3600,75.00
20,2143,SHANTI,EQ,99843,44894,44.96
20,2144,SHANTIGEAR,EQ,22129,12850,58.07
20,2145,SHARDACROP,EQ,163461,62406,38.18
20,2146,SHARDAMOTR,EQ,22955,14243,62.05
20,2147,SHAREINDIA,EQ,388031,169073,43.57
20,2148,SHARIABEES,EQ,1856,1251,67.40
20,2149,SHEETAL,SM,62000,34000,54.84
20,2150,SHEMAROO,EQ,32331,14202,43.93
20,2151,SHERA,SM,25000,18000,72.00
20,2152,SHIGAN,SM,4500,4500,100.00
20,2153,SHILPAMED,EQ,1765351,510280,28.91
20,2154,SHIVALIK,EQ,77512,56599,73.02
20,2155,SHIVAMAUTO,EQ,1367042,668334,48.89
20,2156,SHIVAMILLS,EQ,109889,42230,38.43
20,2157,SHIVATEX,EQ,22261,13239,59.47
20,2158,SHK,EQ,143719,77929,54.22
20,2159,SHOPERSTOP,EQ,53894,27939,51.84
20,2160,SHREDIGCEM,EQ,549718,313105,56.96
20,2161,SHREECEM,EQ,27741,12490,45.02
20,2162,SHREEKARNI,SM,13200,10500,79.55
20,2163,SHREEOSFM,SM,32000,29000,90.63
20,2164,SHREEPUSHK,EQ,59584,37983,63.75
20,2165,SHREMINVIT,IV,50000,50000,100.00
20,2166,SHREYANIND,EQ,11088,6637,59.86
20,2167,SHRIPISTON,EQ,112579,58917,52.33
20,2168,SHRIRAMFIN,EQ,1470021,861873,58.63
20,2169,SHRIRAMPPS,EQ,8329930,2660881,31.94
20,2170,SHRITECH,SM,4000,4000,100.00
20,2171,SHUBHLAXMI,ST,12000,10000,83.33
20,2172,SHUBHSHREE,ST,9600,9600,100.00
20,2173,SHYAMCENT,EQ,477043,249797,52.36
20,2174,SHYAMMETL,EQ,230246,129190,56.11
20,2175,SIDDHIKA,SM,5000,5000,100.00
20,2176,SIEMENS,EQ,172453,108537,62.94
20,2177,SIGACHI,EQ,2579526,1131242,43.85
20,2178,SIGIND,EQ,21947,11182,50.95
20,2179,SIGMA,EQ,22105,4105,18.57
20,2180,SIGNATURE,EQ,1022644,443769,43.39
20,2181,SIGNPOST,EQ,172984,66277,38.31
20,2182,SIKKO,EQ,31255,18527,59.28
20,2183,SIL,EQ,315451,176788,56.04
20,2184,SILGO,EQ,224983,91107,40.50
20,2185,SILKFLEX,ST,6000,6000,100.00
20,2186,SILLYMONKS,EQ,64674,59491,91.99
20,2187,SILVER,EQ,130912,81306,62.11
20,2188,SILVER1,EQ,83787,61127,72.96
20,2189,SILVERADD,EQ,21196,18327,86.46
20,2190,SILVERBEES,EQ,6000446,3868867,64.48
20,2191,SILVERETF,EQ,151393,97604,64.47
20,2192,SILVERIETF,EQ,1222359,1041390,85.20
20,2193,SILVERTUC,EQ,11163,2326,20.84
20,2194,SILVRETF,EQ,10918,7949,72.81
20,2195,SINCLAIR,EQ,58463,38691,66.18
20,2196,SINDHUTRAD,EQ,1159717,609221,52.53
20,2197,SINTERCOM,EQ,90134,55606,61.69
20,2198,SIRCA,EQ,39768,22735,57.17
20,2199,SIS,EQ,17291,9429,54.53
20,2200,SIYSIL,EQ,114687,52670,45.92
20,2201,SJLOGISTIC,ST,13750,13750,100.00
20,2202,SJS,EQ,94086,57912,61.55
20,2203,SJVN,EQ,4952625,1475716,29.80
20,2204,SKFINDIA,EQ,37716,31008,82.21
20,2205,SKIPPER,EQ,677993,252473,37.24
20,2206,SKMEGGPROD,EQ,213939,98554,46.07
20,2207,SKP,SM,17000,9500,55.88
20,2208,SLONE,ST,12000,12000,100.00
20,2209,SMALLCAP,EQ,4184034,4098881,97.96
20,2210,SMCGLOBAL,EQ,101437,59304,58.46
20,2211,SMLISUZU,EQ,13890,6809,49.02
20,2212,SMLT,EQ,94208,39041,41.44
20,2213,SMSPHARMA,EQ,199311,129449,64.95
20,2214,SNOWMAN,EQ,784799,251965,32.11
20,2215,SOBHA,EQ,139890,70963,50.73
20,2216,SOFTTECH,EQ,523020,162319,31.03
20,2217,SOLARA,EQ,77616,46375,59.75
20,2218,SOLARAPP,E1,3331,2295,68.90
20,2219,SOLARINDS,EQ,38982,14237,36.52
20,2220,SOLEX,SM,14500,6625,45.69
20,2221,SOMANYCERA,EQ,11649,7872,67.58
20,2222,SOMICONVEY,EQ,9220,6245,67.73
20,2223,SONACOMS,EQ,857593,537669,62.70
20,2224,SONAMAC,ST,18000,15000,83.33
20,2225,SONATSOFTW,EQ,357238,153093,42.85
20,2226,SONUINFRA,SM,42000,42000,100.00
20,2227,SOTL,EQ,59140,29256,49.47
20,2228,SOUTHBANK,EQ,9503667,4353427,45.81
20,2229,SOUTHWEST,EQ,165937,109393,65.92
20,2230,SPAL,EQ,14870,7988,53.72
20,2231,SPANDANA,EQ,421990,178161,42.22
20,2232,SPARC,EQ,274248,130012,47.41
20,2233,SPCENET,EQ,693993,365894,52.72
20,2234,SPCL,SM,53400,31200,58.43
20,2235,SPECIALITY,EQ,27097,20207,74.57
20,2236,SPECTRUM,SM,6750,4375,64.81
20,2237,SPECTSTM,ST,11200,11200,100.00
20,2238,SPENCERS,EQ,911993,317408,34.80
20,2239,SPIC,EQ,558197,249117,44.63
20,2240,SPLIL,EQ,49013,23121,47.17
20,2241,SPLPETRO,EQ,32698,17194,52.58
20,2242,SPORTKING,EQ,286733,159240,55.54
20,2243,SPPPOLY,ST,14000,12000,85.71
20,2244,SPRL,ST,10400,8000,76.92
20,2245,SREEL,EQ,25176,14080,55.93
20,2246,SRF,EQ,97773,44874,45.90
20,2247,SRGHFL,EQ,10743,4143,38.56
20,2248,SRHHYPOLTD,EQ,29470,13927,47.26
20,2249,SRIVASAVI,SM,10000,9000,90.00
20,2250,SRM,EQ,28877,16908,58.55
20,2251,SSDL,EQ,75946,41134,54.16
20,2252,SSEGL,ST,61200,56600,92.48
20,2253,SSFL,ST,13000,12500,96.15
20,2254,SSWL,EQ,315947,144191,45.64
20,2255,STANLEY,EQ,150442,61332,40.77
20,2256,STARCEMENT,EQ,1344629,316685,23.55
20,2257,STARHEALTH,EQ,1406374,868849,61.78
20,2258,STARPAPER,EQ,15636,7584,48.50
20,2259,STARTECK,EQ,77054,11921,15.47
20,2260,STCINDIA,EQ,444550,102313,23.01
20,2261,STEELCAS,EQ,17012,8212,48.27
20,2262,STEELCITY,EQ,35052,18293,52.19
20,2263,STEELXIND,EQ,762388,445046,58.38
20,2264,STEL,EQ,8439,5877,69.64
20,2265,STERTOOLS,EQ,517764,175853,33.96
20,2266,STLTECH,EQ,1143498,494448,43.24
20,2267,STOVEKRAFT,EQ,33921,17382,51.24
20,2268,STYLAMIND,EQ,32690,19288,59.00
20,2269,STYLEBAAZA,EQ,298241,168930,56.64
20,2270,STYRENIX,EQ,74754,41299,55.25
20,2271,SUBEXLTD,EQ,2317104,1007376,43.48
20,2272,SUBROS,EQ,47776,26604,55.68
20,2273,SUDARSCHEM,EQ,140301,44453,31.68
20,2274,SUKHJITS,EQ,69947,27351,39.10
20,2275,SULA,EQ,419568,178037,42.43
20,2276,SUMICHEM,EQ,279735,147182,52.61
20,2277,SUMMITSEC,EQ,55367,20201,36.49
20,2278,SUNCLAY,EQ,10403,5428,52.18
20,2279,SUNDARAM,EQ,772802,467220,60.46
20,2280,SUNDARMFIN,EQ,81283,34513,42.46
20,2281,SUNDARMHLD,EQ,84178,29135,34.61
20,2282,SUNDRMBRAK,EQ,17223,7991,46.40
20,2283,SUNDRMFAST,EQ,990560,894434,90.30
20,2284,SUNFLAG,EQ,8404781,1584375,18.85
20,2285,SUNLITE,SM,19200,15600,81.25
20,2286,SUNPHARMA,EQ,1745911,1186526,67.96
20,2287,SUNTECK,EQ,423465,264245,62.40
20,2288,SUNTV,EQ,119969,34019,28.36
20,2289,SUPERHOUSE,EQ,3673,2281,62.10
20,2290,SUPRAJIT,EQ,71274,34960,49.05
20,2291,SUPREMEIND,EQ,171218,110579,64.58
20,2292,SUPREMEPWR,ST,47500,46500,97.89
20,2293,SUPRIYA,EQ,276758,141730,51.21
20,2294,SURAJEST,EQ,133643,71403,53.43
20,2295,SURAKSHA,EQ,1617064,528037,32.65
20,2296,SURANAT&P,EQ,133215,80947,60.76
20,2297,SURANI,ST,600,600,100.00
20,2298,SURYALAXMI,EQ,76857,43832,57.03
20,2299,SURYAROSNI,EQ,107153,54953,51.28
20,2300,SURYODAY,EQ,108610,47801,44.01
20,2301,SUTLEJTEX,EQ,145687,70105,48.12
20,2302,SUVEN,EQ,1028941,431757,41.96
20,2303,SUVENPHAR,EQ,90536,47302,52.25
20,2304,SUVIDHAA,EQ,2809687,1073071,38.19
20,2305,SUYOG,EQ,33579,19923,59.33
20,2306,SUZLON,EQ,32530712,14437995,44.38
20,2307,SVPGLOB,EQ,172081,118925,69.11
20,2308,SWANENERGY,EQ,31005827,4906200,15.82
20,2309,SWARAJ,ST,26500,26000,98.11
20,2310,SWARAJENG,EQ,7729,4039,52.26
20,2311,SWASTIK,SM,31200,30000,96.15
20,2312,SWELECTES,EQ,27673,11804,42.66
20,2313,SWIGGY,EQ,14344375,5338755,37.22
20,2314,SWSOLAR,EQ,2146673,1028535,47.91
20,2315,SYLVANPLY,SM,70000,56000,80.00
20,2316,SYMPHONY,EQ,61050,31222,51.14
20,2317,SYNCOMF,EQ,2256607,1395859,61.86
20,2318,SYNGENE,EQ,2110296,884702,41.92
20,2319,SYNOPTICS,SM,23400,22800,97.44
20,2320,SYRMA,EQ,2987941,771692,25.83
20,2321,SYSTANGO,SM,38000,27600,72.63
20,2322,TAC,ST,66400,62000,93.37
20,2323,TAINWALCHM,EQ,14904,6311,42.34
20,2324,TAJGVK,EQ,1071853,464990,43.38
20,2325,TAKE,EQ,156388,89540,57.26
20,2326,TALBROAUTO,EQ,385691,154023,39.93
20,2327,TANLA,EQ,862335,503025,58.33
20,2328,TARACHAND,EQ,244067,140356,57.51
20,2329,TARC,EQ,192953,116519,60.39
20,2330,TARMAT,EQ,64859,50220,77.43
20,2331,TARSONS,EQ,45466,26407,58.08
20,2332,TASTYBITE,EQ,1695,978,57.70
20,2333,TATACHEM,EQ,305863,110741,36.21
20,2334,TATACOMM,EQ,609522,191745,31.46
20,2335,TATACONSUM,EQ,1356603,609300,44.91
20,2336,TATAELXSI,EQ,117885,39698,33.68
20,2337,TATAGOLD,EQ,7140322,4788557,67.06
20,2338,TATAINVEST,EQ,250292,55905,22.34
20,2339,TATAMOTORS,EQ,7763357,3894646,50.17
20,2340,TATAPOWER,EQ,5815604,2875403,49.44
20,2341,TATASTEEL,EQ,20499709,6615107,32.27
20,2342,TATATECH,EQ,424721,278086,65.47
20,2343,TATSILV,EQ,1021264,814504,79.75
20,2344,TATVA,EQ,58878,28606,48.59
20,2345,TBI,ST,27000,24000,88.89
20,2346,TBOTEK,EQ,317492,116289,36.63
20,2347,TBZ,EQ,324595,151749,46.75
20,2348,TCI,EQ,31166,13483,43.26
20,2349,TCIEXP,EQ,48496,25307,52.18
20,2350,TCL,SM,67200,56800,84.52
20,2351,TCLCONS,EQ,134200,52559,39.16
20,2352,TCPLPACK,EQ,1991,825,41.44
20,2353,TCS,EQ,1635256,1005439,61.49
20,2354,TDPOWERSYS,EQ,850710,489254,57.51
20,2355,TEAMLEASE,EQ,10247,6408,62.54
20,2356,TECH,EQ,16335,9888,60.53
20,2357,TECHERA,ST,49600,49600,100.00
20,2358,TECHLABS,SM,56625,34875,61.59
20,2359,TECHM,EQ,1285654,861832,67.03
20,2360,TECHNOE,EQ,271745,187790,69.11
20,2361,TEGA,EQ,238726,123973,51.93
20,2362,TEJASNET,EQ,531205,203080,38.23
20,2363,TEXINFRA,EQ,1170533,512555,43.79
20,2364,TEXMOPIPES,EQ,55678,34625,62.19
20,2365,TEXRAIL,EQ,7635565,2070914,27.12
20,2366,TFCILTD,EQ,577938,316070,54.69
20,2367,TGBHOTELS,EQ,102926,66117,64.24
20,2368,TGL,ST,15400,15400,100.00
20,2369,THANGAMAYL,EQ,22213,13914,62.64
20,2370,THEINVEST,EQ,32774,22603,68.97
20,2371,THEJO,EQ,4732,2979,62.95
20,2372,THEMISMED,EQ,67225,42784,63.64
20,2373,THERMAX,EQ,60582,26907,44.41
20,2374,THESL,ST,9000,9000,100.00
20,2375,THOMASCOOK,EQ,682306,356325,52.22
20,2376,THOMASCOTT,EQ,13320,12693,95.29
20,2377,THYROCARE,EQ,26933,17049,63.30
20,2378,TI,EQ,1035322,523991,50.61
20,2379,TIIL,EQ,40081,18782,46.86
20,2380,TIINDIA,EQ,196346,110597,56.33
20,2381,TIMESCAN,SM,2000,2000,100.00
20,2382,TIMESGTY,EQ,11857,6453,54.42
20,2383,TIMETECHNO,EQ,2561016,682512,26.65
20,2384,TIMKEN,EQ,17867,8827,49.40
20,2385,TIPSFILMS,EQ,6434,3855,59.92
20,2386,TIPSMUSIC,EQ,277639,162607,58.57
20,2387,TIRUMALCHM,EQ,254524,103414,40.63
20,2388,TIRUPATI,SM,3750,3750,100.00
20,2389,TITAGARH,EQ,12308258,1435496,11.66
20,2390,TITAN,EQ,554702,326159,58.80
20,2391,TMB,EQ,117806,63333,53.76
20,2392,TNIDETF,EQ,117351,89936,76.64
20,2393,TNPETRO,EQ,365858,133921,36.60
20,2394,TNPL,EQ,214339,79388,37.04
20,2395,TNTELE,EQ,89858,81172,90.33
20,2396,TOKYOPLAST,EQ,8615,5729,66.50
20,2397,TOLINS,EQ,458595,223869,48.82
20,2398,TOP100CASE,EQ,130576,109172,83.61
20,2399,TOP10ADD,EQ,52475,40990,78.11
20,2400,TORNTPHARM,EQ,285675,220928,77.34
20,2401,TORNTPOWER,EQ,666243,266511,40.00
20,2402,TOTAL,EQ,33845,22970,67.87
20,2403,TOUCHWOOD,EQ,10975,6767,61.66
20,2404,TPHQ,EQ,2167887,2167887,100.00
20,2405,TPLPLASTEH,EQ,201614,46066,22.85
20,2406,TRACXN,EQ,428891,330509,77.06
20,2407,TRANSTEEL,ST,88000,84000,95.45
20,2408,TRANSWIND,ST,4000,4000,100.00
20,2409,TRANSWORLD,EQ,160031,63391,39.61
20,2410,TREL,EQ,1865624,905781,48.55
20,2411,TRENT,EQ,1037764,525748,50.66
20,2412,TRF,EQ,61077,33345,54.60
20,2413,TRIDENT,EQ,32027101,6652530,20.77
20,2414,TRIDHYA,SM,9000,9000,100.00
20,2415,TRIGYN,EQ,228358,78854,34.53
20,2416,TRITURBINE,EQ,4867530,745409,15.31
20,2417,TRIVENI,EQ,2310993,345027,14.93
20,2418,TROM,SM,41400,24000,57.97
20,2419,TRUST,SM,87600,63600,72.60
20,2420,TTKHLTCARE,EQ,3696,2308,62.45
20,2421,TTKPRESTIG,EQ,18047,8513,47.17
20,2422,TTL,EQ,158642,76878,48.46
20,2423,TTML,EQ,4544156,1040072,22.89
20,2424,TUNWAL,SM,326000,210000,64.42
20,2425,TVSHLTD,EQ,4215,2110,50.06
20,2426,TVSMOTOR,EQ,394565,201671,51.11
20,2427,TVSSCS,EQ,3314102,1074889,32.43
20,2428,TVSSRICHAK,EQ,1380,744,53.91
20,2429,TVTODAY,EQ,49665,37364,75.23
20,2430,UBL,EQ,176044,62243,35.36
20,2431,UCAL,EQ,67616,46026,68.07
20,2432,UCL,SM,2000,2000,100.00
20,2433,UCOBANK,EQ,6279652,1590764,25.33
20,2434,UDAICEMENT,EQ,594412,305047,51.32
20,2435,UDS,EQ,413210,206757,50.04
20,2436,UFLEX,EQ,60486,28704,47.46
20,2437,UFO,EQ,127614,71123,55.73
20,2438,UGARSUGAR,EQ,241168,110638,45.88
20,2439,UGROCAP,EQ,181927,55532,30.52
20,2440,UHTL,ST,22000,22000,100.00
20,2441,UJJIVANSFB,EQ,10748847,4125553,38.38
20,2442,ULTRACEMCO,EQ,527029,226184,42.92
20,2443,UMA,SM,4000,4000,100.00
20,2444,UMANGDAIRY,EQ,62099,36921,59.46
20,2445,UMESLTD,EQ,74904,54591,72.88
20,2446,UNICHEMLAB,EQ,26098,12331,47.25
20,2447,UNIDT,EQ,57140,29274,51.23
20,2448,UNIECOM,EQ,1194334,696242,58.30
20,2449,UNIENTER,EQ,12541,6376,50.84
20,2450,UNIHEALTH,SM,8000,6000,75.00
20,2451,UNIINFO,EQ,35386,7471,21.11
20,2452,UNILEX,SM,32000,24000,75.00
20,2453,UNIONBANK,EQ,8160003,4066602,49.84
20,2454,UNIPARTS,EQ,96270,49461,51.38
20,2455,UNITDSPR,EQ,324261,206760,63.76
20,2456,UNITEDTEA,EQ,2713,1834,67.60
20,2457,UNIVASTU,EQ,12296,6933,56.38
20,2458,UNIVCABLES,EQ,465546,112946,24.26
20,2459,UNIVPHOTO,EQ,38409,26931,70.12
20,2460,UNOMINDA,EQ,248546,112228,45.15
20,2461,UPL,EQ,5334736,2693011,50.48
20,2462,URBAN,ST,24400,24400,100.00
20,2463,USHAFIN,SM,32000,28000,87.50
20,2464,USHAMART,EQ,343180,150676,43.91
20,2465,USK,EQ,83785,51240,61.16
20,2466,UTIAMC,EQ,450520,157996,35.07
20,2467,UTIBANKETF,EQ,260509,246941,94.79
20,2468,UTINEXT50,EQ,116248,100107,86.12
20,2469,UTINIFTETF,EQ,6811,6101,89.58
20,2470,UTISENSETF,EQ,2137,1185,55.45
20,2471,UTISXN50,EQ,2073,1446,69.75
20,2472,UTKARSHBNK,EQ,3020180,1223881,40.52
20,2473,UTSSAV,ST,21600,21600,100.00
20,2474,UTTAMSUGAR,EQ,115803,57706,49.83
20,2475,UWCSL,SM,1000,1000,100.00
20,2476,UYFINCORP,EQ,158201,107050,67.67
20,2477,VADILALIND,EQ,12236,5901,48.23
20,2478,VAIBHAVGBL,EQ,469133,202426,43.15
20,2479,VAKRANGEE,EQ,9991570,5717970,57.23
20,2480,VAL30IETF,EQ,65157,36126,55.44
20,2481,VALIANTLAB,EQ,126660,23268,18.37
20,2482,VALIANTORG,EQ,38588,25693,66.58
20,2483,VARDHACRLC,EQ,102697,46031,44.82
20,2484,VARDMNPOLY,EQ,1773863,926039,52.20
20,2485,VARROC,EQ,3028339,536651,17.72
20,2486,VASCONEQ,EQ,618386,331332,53.58
20,2487,VBL,EQ,1943407,1176658,60.55
20,2488,VDEAL,SM,8400,7200,85.71
20,2489,VEDL,EQ,32419915,11713822,36.13
20,2490,VEEDOL,EQ,11804,7791,66.00
20,2491,VEEKAYEM,ST,2500,2500,100.00
20,2492,VENKEYS,EQ,47639,27114,56.92
20,2493,VENUSPIPES,EQ,112334,53646,47.76
20,2494,VENUSREM,EQ,32242,16180,50.18
20,2495,VERANDA,EQ,685919,467648,68.18
20,2496,VERTOZ,EQ,2856876,1609526,56.34
20,2497,VESUVIUS,EQ,8897,5516,62.00
20,2498,VGUARD,EQ,229795,108217,47.09
20,2499,VHL,EQ,2962,1370,46.25
20,2500,VIAZ,SM,16000,14000,87.50
20,2501,VIDHIING,EQ,54547,24290,44.53
20,2502,VIESL,SM,109600,69600,63.50
20,2503,VIJAYA,EQ,404135,267375,66.16
20,2504,VIKASECO,EQ,4177824,2507806,60.03
20,2505,VIKASLIFE,EQ,5351158,3488679,65.19
20,2506,VILAS,ST,10500,10500,100.00
20,2507,VIMTALABS,EQ,97133,24793,25.52
20,2508,VINATIORGA,EQ,25120,13065,52.01
20,2509,VINCOFE,EQ,515857,299297,58.02
20,2510,VINDHYATEL,EQ,21412,11837,55.28
20,2511,VINEETLAB,EQ,7346,4876,66.38
20,2512,VINSYS,SM,35500,26500,74.65
20,2513,VINYAS,ST,9200,9000,97.83
20,2514,VINYLINDIA,EQ,15129,10731,70.93
20,2515,VIPCLOTHNG,EQ,6048443,2209066,36.52
20,2516,VIPIND,EQ,400448,178090,44.47
20,2517,VIRINCHI,EQ,223751,137700,61.54
20,2518,VISAKAIND,EQ,395758,170400,43.06
20,2519,VISAMAN,SM,30000,30000,100.00
20,2520,VISHNU,EQ,189224,88823,46.94
20,2521,VISHNUINFR,ST,21500,21500,100.00
20,2522,VISHWARAJ,EQ,1640675,739983,45.10
20,2523,VISHWAS,SM,4800,4800,100.00
20,2524,VITAL,SM,4800,3600,75.00
20,2525,VIVIANA,ST,2500,2500,100.00
20,2526,VIVIDHA,EQ,515802,240103,46.55
20,2527,VIVO,ST,3200,3200,100.00
20,2528,VLINFRA,ST,18000,18000,100.00
20,2529,VLSFINANCE,EQ,40806,20682,50.68
20,2530,VMARCIND,ST,8500,8500,100.00
20,2531,VMART,EQ,21859,13204,60.41
20,2532,VOLTAMP,EQ,20751,9447,45.53
20,2533,VOLTAS,EQ,1087805,711285,65.39
20,2534,VPRPL,EQ,1122415,441194,39.31
20,2535,VR,ST,1600,1600,100.00
20,2536,VRAJ,EQ,1726707,422338,24.46
20,2537,VRLLOG,EQ,161397,53945,33.42
20,2538,VSCL,SM,9000,6000,66.67
20,2539,VSSL,EQ,40908,25484,62.30
20,2540,VSTIND,EQ,1310697,476554,36.36
20,2541,VSTL,EQ,16733,12265,73.30
20,2542,VSTTILLERS,EQ,3930,2091,53.21
20,2543,VTL,EQ,313399,161892,51.66
20,2544,WAAREEENER,EQ,2544371,482042,18.95
20,2545,WABAG,EQ,182406,71345,39.11
20,2546,WALCHANNAG,EQ,242441,154980,63.92
20,2547,WANBURY,EQ,121173,102598,84.67
20,2548,WCIL,EQ,176161,100983,57.32
20,2549,WEBELSOLAR,EQ,800150,300889,37.60
20,2550,WEIZMANIND,EQ,26471,16730,63.20
20,2551,WEL,EQ,213048,90828,42.63
20,2552,WELCORP,EQ,449482,158929,35.36
20,2553,WELENT,EQ,280855,164687,58.64
20,2554,WELINV,EQ,4574,4305,94.12
20,2555,WELSPUNLIV,EQ,2222569,1045074,47.02
20,2556,WENDT,EQ,2095,899,42.91
20,2557,WESTLIFE,EQ,15636,5412,34.61
20,2558,WEWIN,EQ,25423,13342,52.48
20,2559,WHEELS,EQ,11949,5333,44.63
20,2560,WHIRLPOOL,EQ,386285,102709,26.59
20,2561,WILLAMAGOR,EQ,118045,99569,84.35
20,2562,WINDLAS,EQ,42564,23818,55.96
20,2563,WINDMACHIN,EQ,233995,141643,60.53
20,2564,WINNY,SM,25000,16500,66.00
20,2565,WINSOL,SM,104400,77600,74.33
20,2566,WIPL,EQ,4262,2690,63.12
20,2567,WIPRO,EQ,8608406,4398374,51.09
20,2568,WOCKPHARMA,EQ,308051,123954,40.24
20,2569,WOL3D,SM,4000,4000,100.00
20,2570,WOMANCART,ST,7200,7200,100.00
20,2571,WONDERLA,EQ,137789,61653,44.74
20,2572,WORTH,EQ,30134,24025,79.73
20,2573,WSI,EQ,103784,68702,66.20
20,2574,WSTCSTPAPR,EQ,165526,106036,64.06
20,2575,WTICAB,ST,16500,14000,84.85
20,2576,XCHANGING,EQ,1356448,460566,33.95
20,2577,XPROINDIA,EQ,57383,34704,60.48
20,2578,XTGLOBAL,EQ,20375,8244,40.46
20,2579,YASHO,EQ,4603,2563,55.68
20,2580,YASHOPTICS,SM,12800,8000,62.50
20,2581,YATHARTH,EQ,329828,199902,60.61
20,2582,YATRA,EQ,490695,245170,49.96
20,2583,YCCL,SM,9000,9000,100.00
20,2584,YESBANK,EQ,65929641,22254146,33.75
20,2585,YUDIZ,ST,5600,5600,100.00
20,2586,YUKEN,EQ,6447,4233,65.66
20,2587,ZEAL,SM,31200,22200,71.15
20,2588,ZEEL,EQ,6259630,2747101,43.89
20,2589,ZEELEARN,EQ,792821,368334,46.46
20,2590,ZENITHDRUG,ST,13600,13600,100.00
20,2591,ZENSARTECH,EQ,476779,160906,33.75
20,2592,ZENTEC,EQ,829826,332911,40.12
20,2593,ZFCVINDIA,EQ,43362,22798,52.58
20,2594,ZIMLAB,EQ,182618,103772,56.82
20,2595,ZODIAC,EQ,16307,9499,58.25
20,2596,ZODIACLOTH,EQ,79901,25825,32.32
20,2597,ZOMATO,EQ,39053928,16642113,42.61
20,2598,ZOTA,EQ,15454,8454,54.70
20,2599,ZTECH,ST,24900,24600,98.80
20,2600,ZUARI,EQ,305135,131894,43.22
20,2601,ZUARIIND,EQ,103300,55088,53.33
20,2602,ZYDUSLIFE,EQ,591808,248747,42.03
20,2603,ZYDUSWELL,EQ,31483,18931,60.13
