Security Wise Delivery Position - Compulsory Rolling Settlement
10,MTO,27112024,1434402269,0002579
Trade Date <27-NOV-2024>,Settlement Type <N>
Record Type,Sr No,Name of Security,Quantity Traded,Deliverable Quantity(gross across client level),% of Deliverable Quantity to Traded Quantity
20,1,1003ICCL28,NX,33,33,100.00
20,2,1003ISFL28,N4,2466,2365,95.90
20,3,1015ECL29,NR,261,251,96.17
20,4,1025NFL25,N5,93,93,100.00
20,5,1025SCL34,Z8,4,4,100.00
20,6,1025UCL26A,N1,1500,1500,100.00
20,7,1049DLSL25,NX,50,50,100.00
20,8,1050ISFL28,N5,3382,3309,97.84
20,9,1050NFL26,N7,72,72,100.00
20,10,1065NFL27,NC,60,60,100.00
20,11,1075SCL33A,N2,5,5,100.00
20,12,10IIFL28,N4,1281,1281,100.00
20,13,10IIFL28A,NE,6040,5990,99.17
20,14,10IIFL29,N6,25,25,100.00
20,15,10NIDO26,N6,90,85,94.44
20,16,10SCL30A,BV,9,9,100.00
20,17,1119NFL27,ND,125,125,100.00
20,18,11DLSL25,NV,50,50,100.00
20,19,11DLSL25A,Y3,74,46,62.16
20,20,12VCCL27A,N0,2,2,100.00
20,21,182D040425,TB,3000,3000,100.00
20,22,182D080525,TB,3000,3000,100.00
20,23,182D090125,TB,100,100,100.00
20,24,182D150525,TB,100,100,100.00
20,25,182D230125,TB,100,100,100.00
20,26,182D270225,TB,600,600,100.00
20,27,182D300125,TB,10000,10000,100.00
20,28,360ONE,EQ,1317672,722245,54.81
20,29,364D020125,TB,12100,12100,100.00
20,30,364D100725,TB,100,100,100.00
20,31,364D180725,TB,4900,4900,100.00
20,32,364D270325,TB,1300,1300,100.00
20,33,3IINFOLTD,EQ,738462,381172,51.62
20,34,3MINDIA,EQ,5797,807,13.92
20,35,3PLAND,EQ,523964,233354,44.54
20,36,5PAISA,EQ,18439,9558,51.84
20,37,63MOONS,EQ,475419,272691,57.36
20,38,667GS2035,GS,1,1,100.00
20,39,676GS2061,GS,10,10,100.00
20,40,679GS2034,GS,149,149,100.00
20,41,68GS2060,GS,1,1,100.00
20,42,695GS2061,GS,1,1,100.00
20,43,699GS2026,GS,10350,10200,98.55
20,44,699GS2051,GS,31,31,100.00
20,45,702GS2027,GS,792,792,100.00
20,46,702GS2031,GS,200,200,100.00
20,47,704GS2029,GS,2236,2236,100.00
20,48,704IRFC28,N6,10,10,100.00
20,49,706GS2028,GS,17181,15068,87.70
20,50,709GS2054,GS,500,500,100.00
20,51,709GS2074,GS,12049,10800,89.63
20,52,710GS2029,GS,45738,40738,89.07
20,53,717GS2028,GS,10,10,100.00
20,54,717GS2030,GS,2387,2384,99.87
20,55,718GS2033,GS,1746,1746,100.00
20,56,718GS2037,GS,500,500,100.00
20,57,719GS2060,GS,150,150,100.00
20,58,719HUDCO28,N7,35,35,100.00
20,59,71GS2034,GS,2377,2377,100.00
20,60,723GS2039,GS,9700,9700,100.00
20,61,725GS2063,GS,1500,1500,100.00
20,62,726GS2032,GS,135107,130400,96.52
20,63,726GS2033,GS,1402,1402,100.00
20,64,729IRFC26,NN,1150,700,60.87
20,65,732GS2030,GS,301,301,100.00
20,66,732IRFC25,NI,339,339,100.00
20,67,733GS2026,GS,3002,3000,99.93
20,68,734GS2064,GS,12640,12640,100.00
20,69,736GS2052,GS,20002,20000,99.99
20,70,737GS2028,GS,6245,6200,99.28
20,71,737NTPC35C,NA,1,1,100.00
20,72,738GS2027,GS,109331,95531,87.38
20,73,739NHAI26,N8,1605,1592,99.19
20,74,73GS2053,GS,27700,27700,100.00
20,75,740IIFCL33,N1,10,10,100.00
20,76,741GS2036,GS,26202,26202,100.00
20,77,743REC35,NH,43,43,100.00
20,78,746GS2073,GS,2517,2517,100.00
20,79,74GS2062,GS,540,540,100.00
20,80,751HUDCO28,N5,801,801,100.00
20,81,753IRFC30,NJ,50,50,100.00
20,82,754GS2036,GS,517875,498975,96.35
20,83,758GJ32,SG,100,100,100.00
20,84,760PFCL35,N3,13,13,100.00
20,85,764HUDCO31,N8,1,1,100.00
20,86,764IRFC31,NO,2200,1690,76.82
20,87,764NABAR31,N2,2600,1501,57.73
20,88,769HUDCO31,N9,87,57,65.52
20,89,769NHAI31,NE,260,260,100.00
20,90,76NHAI31,NA,215,147,68.37
20,91,776KL35,SG,100,100,100.00
20,92,797IGT31,NL,60,60,100.00
20,93,79NHIT35,N1,2506,2506,100.00
20,94,79NHIT40,N2,792,792,100.00
20,95,79NHIT47,N3,709,709,100.00
20,96,801TCH25,N4,100,100,100.00
20,97,810IRFC27,N2,4802,4802,100.00
20,98,817GS2044,GS,1000,1000,100.00
20,99,820IIFL27,N9,60,60,100.00
20,100,824GS2027,GS,4007,4007,100.00
20,101,828GS2032,GS,1713,1713,100.00
20,102,82HUDCO27,N2,351,250,71.23
20,103,82IGT31,NJ,4030,4030,100.00
20,104,82TCHF25,N5,375,375,100.00
20,105,830NHAI27,N2,4676,3514,75.15
20,106,830PFCL27,N5,608,608,100.00
20,107,835IFL25,NV,5,5,100.00
20,108,83TCHF25,N6,68,58,85.29
20,109,840IRFC29,N8,10,10,100.00
20,110,843IHFL29,NC,150,150,100.00
20,111,849NTPC25,N7,50923,43562,85.54
20,112,850IIFL27,NA,25,25,100.00
20,113,85IIFL25,NO,1,1,100.00
20,114,865IFL28,NZ,140,140,100.00
20,115,865IIFL28,NS,564,558,98.94
20,116,865IRFC29,NA,1,1,100.00
20,117,865TCAPS27,N8,600,600,100.00
20,118,866SCFL25,Y8,2,2,100.00
20,119,86LTF24,NJ,213,213,100.00
20,120,871REC28,N9,1051,1051,100.00
20,121,875IHFL29,ND,472,472,100.00
20,122,875NHAI29,N6,1850,1850,100.00
20,123,875PCHFL26,N8,1000,1000,100.00
20,124,876HUDCO28,ND,1525,1500,98.36
20,125,879NHPC28,N5,200,200,100.00
20,126,87LTF27,NH,28,28,100.00
20,127,880IREDA29,N5,50,50,100.00
20,128,885MOFSL26,N0,220,220,100.00
20,129,888ERFL28,N5,240,240,100.00
20,130,888IHFL25F,NC,28,20,71.43
20,131,888IRFC29,NE,60,60,100.00
20,132,891NTPC33,N6,2468,964,39.06
20,133,892PFCL33,N8,470,460,97.87
20,134,893NHB29,N6,28,28,100.00
20,135,894SCL24,ZR,60,60,100.00
20,136,897MOFSL29,N4,100,100,100.00
20,137,898LTF29,N7,1,1,100.00
20,138,8ABFL26,N0,941,941,100.00
20,139,901NHB34,N6,223,114,51.12
20,140,903SFL28,YI,117,115,98.29
20,141,905PEL26,N1,145,145,100.00
20,142,910TCAP28,NA,100,100,100.00
20,143,91D300125,TB,3800,3800,100.00
20,144,921ISFL25,N0,50,50,100.00
20,145,925AEL26,N1,25,25,100.00
20,146,925IHFL25E,N8,1200,1200,100.00
20,147,925SCL25A,NH,15,15,100.00
20,148,925SCL27,YR,5,5,100.00
20,149,92GS2030,GS,12464,12464,100.00
20,150,92ICCL28,ND,61,31,50.82
20,151,930SFL28,YP,32,32,100.00
20,152,932AEL27,N3,102,102,100.00
20,153,935LTF29,N5,500,500,100.00
20,154,935PEL33,N3,1211,1211,100.00
20,155,940CAGL27,NB,100,100,100.00
20,156,943ECL28,NJ,881,831,94.32
20,157,945IFSL25,N4,90,90,100.00
20,158,948SCL26A,NN,77,77,100.00
20,159,948SCL27A,ZJ,1000,1000,100.00
20,160,950SCL23A,AP,10,10,100.00
20,161,955ICCL25A,NH,121,121,100.00
20,162,956AEL29,N6,323,323,100.00
20,163,957ICCL25,YW,2,2,100.00
20,164,957ISFL26,N2,306,306,100.00
20,165,96IIFL28,N5,641,584,91.11
20,166,96IIFL28A,NF,2261,2261,100.00
20,167,970CAGL28,ND,1977,1977,100.00
20,168,971SCL28,AN,50,50,100.00
20,169,975NFL25,N0,277,277,100.00
20,170,97SFL28,YS,1291,1240,96.05
20,171,97SFL29,YZ,230,150,65.22
20,172,980SCL33,NX,1,1,100.00
20,173,985ECL28,NK,29,29,100.00
20,174,990SCL26,N7,4,4,100.00
20,175,99AEL29,N7,978,932,95.30
20,176,9IIFL28,Y0,5,5,100.00
20,177,9MMFSML,N2,315,235,74.60
20,178,9PCHFL31A,NA,1307,1000,76.51
20,179,9SCL25,YM,10,10,100.00
20,180,9SFL25A,ZH,214,214,100.00
20,181,A2ZINFRA,EQ,277042,200610,72.41
20,182,AAATECH,EQ,31709,18670,58.88
20,183,AADHARHFC,EQ,1654793,815602,49.29
20,184,AAKASH,EQ,89218,64613,72.42
20,185,AARON,EQ,19457,12498,64.23
20,186,AARTECH,EQ,541127,212617,39.29
20,187,AARTIDRUGS,EQ,108443,41319,38.10
20,188,AARTIIND,EQ,2084239,927245,44.49
20,189,AARTIPHARM,EQ,94985,44853,47.22
20,190,AARTISURF,P1,1,1,100.00
20,191,AARVI,EQ,11015,7119,64.63
20,192,AATMAJ,SM,4000,4000,100.00
20,193,AAVAS,EQ,66915,42804,63.97
20,194,ABAN,EQ,38385,23415,61.00
20,195,ABB,EQ,475285,192570,40.52
20,196,ABBOTINDIA,EQ,8046,3874,48.15
20,197,ABCAPITAL,EQ,2280701,830833,36.43
20,198,ABCOTS,ST,19000,19000,100.00
20,199,ABDL,EQ,261509,122332,46.78
20,200,ABFL26,N1,47,47,100.00
20,201,ABFRL,EQ,4607455,2220367,48.19
20,202,ABGSEC,EQ,586,364,62.12
20,203,ABREL,EQ,584961,99332,16.98
20,204,ABSLAMC,EQ,908663,414777,45.65
20,205,ABSLBANETF,EQ,28228,22428,79.45
20,206,ABSLLIQUID,EQ,182,113,62.09
20,207,ABSLNN50ET,EQ,9164,5458,59.56
20,208,ABSLPSE,EQ,199457,115386,57.85
20,209,ABSMARINE,SM,63500,41500,65.35
20,210,ACC,EQ,873384,134591,15.41
20,211,ACCELYA,EQ,88922,77446,87.09
20,212,ACCENTMIC,SM,12000,10000,83.33
20,213,ACCURACY,EQ,257305,240605,93.51
20,214,ACE,EQ,192745,64954,33.70
20,215,ACEINTEG,EQ,27502,17218,62.61
20,216,ACI,EQ,245310,108364,44.17
20,217,ACL,EQ,14458,9290,64.26
20,218,ACLGATI,EQ,244631,114312,46.73
20,219,ACMESOLAR,EQ,2311073,969821,41.96
20,220,ACSAL,ST,12000,12000,100.00
20,221,ADANIENSOL,EQ,9030869,2474275,27.40
20,222,ADANIENT,EQ,17502156,1663516,9.50
20,223,ADANIGREEN,EQ,10995732,2839890,25.83
20,224,ADANIPORTS,EQ,24434211,6393018,26.16
20,225,ADANIPOWER,EQ,58095744,7574518,13.04
20,226,ADFFOODS,EQ,694082,218505,31.48
20,227,ADORWELD,EQ,12682,7518,59.28
20,228,ADROITPP1,X1,177606,156804,88.29
20,229,ADSL,EQ,213923,92364,43.18
20,230,ADVANIHOTR,EQ,137576,76994,55.96
20,231,ADVENZYMES,EQ,227062,106514,46.91
20,232,AEGISLOG,EQ,74280,28029,37.73
20,233,AEROFLEX,EQ,751586,365387,48.62
20,234,AERON,SM,593000,334000,56.32
20,235,AESTHETIK,SM,56000,44000,78.57
20,236,AETHER,EQ,15373,6325,41.14
20,237,AFCONS,EQ,2805267,1297288,46.24
20,238,AFFLE,EQ,201910,95185,47.14
20,239,AFFORDABLE,EQ,12153,7832,64.44
20,240,AFIL,EQ,199098,109479,54.99
20,241,AGARIND,EQ,29315,10691,36.47
20,242,AGARWALFT,SM,3000,3000,100.00
20,243,AGI,EQ,111973,67323,60.12
20,244,AGIIL,EQ,22708,11336,49.92
20,245,AGNI,SM,20000,15000,75.00
20,246,AGRITECH,EQ,88763,21256,23.95
20,247,AGROPHOS,EQ,51211,23664,46.21
20,248,AGSTRA,EQ,315168,190832,60.55
20,249,AGUL,SM,18000,10000,55.56
20,250,AHL,EQ,33715,22351,66.29
20,251,AHLADA,EQ,43579,25612,58.77
20,252,AHLEAST,EQ,49546,31742,64.07
20,253,AHLUCONT,EQ,34625,16663,48.12
20,254,AIAENG,EQ,29212,16622,56.90
20,255,AIIL,EQ,24591,12469,50.71
20,256,AILIMITED,ST,7500,7500,100.00
20,257,AIMTRON,ST,59200,57200,96.62
20,258,AIRAN,EQ,241419,121575,50.36
20,259,AIROLAM,EQ,10713,7125,66.51
20,260,AIRTELPP,E1,200252,113392,56.62
20,261,AISL,ST,600,600,100.00
20,262,AJANTPHARM,EQ,35911,14387,40.06
20,263,AJMERA,EQ,298958,101350,33.90
20,264,AKANKSHA,ST,28000,27000,96.43
20,265,AKASH,EQ,9341,5314,56.89
20,266,AKG,EQ,32463,12951,39.89
20,267,AKI,EQ,278319,166254,59.74
20,268,AKIKO,SM,22400,17600,78.57
20,269,AKSHARCHEM,EQ,7074,6122,86.54
20,270,AKSHOPTFBR,EQ,663675,323718,48.78
20,271,AKUMS,EQ,419053,227315,54.24
20,272,AKZOINDIA,EQ,24265,8910,36.72
20,273,ALANKIT,EQ,558561,288377,51.63
20,274,ALEMBICLTD,EQ,258256,120123,46.51
20,275,ALICON,EQ,31774,17832,56.12
20,276,ALKALI,EQ,5324,4280,80.39
20,277,ALKEM,EQ,163882,97854,59.71
20,278,ALKYLAMINE,EQ,30827,11339,36.78
20,279,ALLCARGO,EQ,1604518,625662,38.99
20,280,ALLDIGI,EQ,50579,39265,77.63
20,281,ALLETEC,ST,53600,53600,100.00
20,282,ALOKINDS,EQ,5762420,1730564,30.03
20,283,ALPEXSOLAR,SM,48800,34800,71.31
20,284,ALPHA,EQ,1267052,1002138,79.09
20,285,ALPHAETF,EQ,470402,376692,80.08
20,286,ALPHAGEO,EQ,8758,4451,50.82
20,287,ALPL30IETF,EQ,1144854,763331,66.67
20,288,ALUWIND,ST,21000,18000,85.71
20,289,AMBANIORGO,SM,4000,4000,100.00
20,290,AMBER,EQ,148185,23474,15.84
20,291,AMBEY,SM,30000,22000,73.33
20,292,AMBICAAGAR,EQ,35953,18040,50.18
20,293,AMBIKCO,EQ,8028,4465,55.62
20,294,AMBUJACEM,EQ,8458453,1943771,22.98
20,295,AMDIND,EQ,4429,3400,76.77
20,296,AMEYA,ST,14000,14000,100.00
20,297,AMIORG,EQ,137914,41750,30.27
20,298,AMJLAND,EQ,1347378,401033,29.76
20,299,AMNPLST,EQ,6799,4277,62.91
20,300,AMRUTANJAN,EQ,10165,5755,56.62
20,301,ANANDRATHI,EQ,15129,7146,47.23
20,302,ANANTRAJ,EQ,529707,220758,41.68
20,303,ANDHRAPAP,EQ,134816,51491,38.19
20,304,ANDHRSUGAR,EQ,197259,76809,38.94
20,305,ANGELONE,EQ,1457060,332257,22.80
20,306,ANLON,SM,17200,13600,79.07
20,307,ANMOL,EQ,131775,44709,33.93
20,308,ANNAPURNA,SM,106250,66750,62.82
20,309,ANUP,EQ,76652,23766,31.01
20,310,ANURAS,EQ,38747,16378,42.27
20,311,APARINDS,EQ,89034,38154,42.85
20,312,APCL,EQ,9785,5138,52.51
20,313,APCOTEXIND,EQ,42676,28109,65.87
20,314,APEX,EQ,86789,31281,36.04
20,315,APLAPOLLO,EQ,204310,79920,39.12
20,316,APLLTD,EQ,70889,24229,34.18
20,317,APOLLO,EQ,1784423,841717,47.17
20,318,APOLLOHOSP,EQ,227250,120024,52.82
20,319,APOLLOPIPE,EQ,24448,13244,54.17
20,320,APOLLOTYRE,EQ,1041251,224965,21.61
20,321,APOLSINHOT,EQ,2197,1646,74.92
20,322,APRAMEYA,SM,106000,76000,71.70
20,323,APS,ST,35500,33750,95.07
20,324,APTECHT,EQ,371234,130503,35.15
20,325,APTUS,EQ,671783,350782,52.22
20,326,ARABIAN,SM,2000,2000,100.00
20,327,ARCHIDPLY,EQ,19009,7799,41.03
20,328,ARE&M,EQ,586100,238485,40.69
20,329,ARENTERP,EQ,86291,47673,55.25
20,330,ARHAM,SM,21000,15000,71.43
20,331,ARIES,EQ,416434,140531,33.75
20,332,ARIHANTACA,ST,1600,1600,100.00
20,333,ARIHANTCAP,EQ,681194,321983,47.27
20,334,ARIHANTSUP,EQ,44936,20019,44.55
20,335,ARISTO,ST,3200,3200,100.00
20,336,ARKADE,EQ,1188705,521477,43.87
20,337,ARMANFIN,EQ,20370,13068,64.15
20,338,AROGRANITE,EQ,10984,6383,58.11
20,339,ARROWGREEN,EQ,86499,57438,66.40
20,340,ARTEMISMED,EQ,462083,184106,39.84
20,341,ARTNIRMAN,EQ,2429,1737,71.51
20,342,ARVEE,EQ,2104,1280,60.84
20,343,ARVIND,EQ,233669,88481,37.87
20,344,ARVINDFASN,EQ,333458,172386,51.70
20,345,ARVSMART,EQ,53866,27686,51.40
20,346,ASAHIINDIA,EQ,69901,26753,38.27
20,347,ASAL,EQ,13457,6148,45.69
20,348,ASALCBR,EQ,35346,18426,52.13
20,349,ASHALOG,ST,81000,76000,93.83
20,350,ASHAPURMIN,EQ,783961,350329,44.69
20,351,ASHIANA,EQ,48397,25934,53.59
20,352,ASHOKA,EQ,3067338,947301,30.88
20,353,ASHOKLEY,EQ,5269151,1698618,32.24
20,354,ASIANENE,EQ,136187,77383,56.82
20,355,ASIANHOTNR,EQ,2098,1609,76.69
20,356,ASIANPAINT,EQ,864733,385051,44.53
20,357,ASIANTILES,EQ,363675,134122,36.88
20,358,ASKAUTOLTD,EQ,201571,101933,50.57
20,359,ASLIND,SM,8000,8000,100.00
20,360,ASMS,EQ,110784,73495,66.34
20,361,ASPINWALL,EQ,4707,3264,69.34
20,362,ASPIRE,ST,18000,14000,77.78
20,363,ASTEC,EQ,8662,6647,76.74
20,364,ASTERDM,EQ,9508587,3241015,34.09
20,365,ASTRAL,EQ,544003,383465,70.49
20,366,ASTRAMICRO,EQ,170625,70378,41.25
20,367,ASTRAZEN,EQ,9068,1926,21.24
20,368,ASTRON,EQ,226156,120479,53.27
20,369,ATAM,EQ,25093,18461,73.57
20,370,ATFL,EQ,170121,70969,41.72
20,371,ATGL,EQ,11556998,1044197,9.04
20,372,ATL,EQ,279304,141205,50.56
20,373,ATMASTCO,ST,6000,6000,100.00
20,374,ATUL,EQ,20756,8954,43.14
20,375,ATULAUTO,EQ,39826,25782,64.74
20,376,AUBANK,EQ,3177623,1298602,40.87
20,377,AURDIS,SM,8750,5000,57.14
20,378,AURIONPRO,EQ,19147,9538,49.81
20,379,AUROIMPEX,SM,17600,12800,72.73
20,380,AUROPHARMA,EQ,1024328,563588,55.02
20,381,AURUMPP1,X1,8131,8126,99.94
20,382,AUTOAXLES,EQ,3778,2100,55.58
20,383,AUTOBEES,EQ,95506,56456,59.11
20,384,AUTOIETF,EQ,358409,79543,22.19
20,385,AUTOIND,EQ,68506,42069,61.41
20,386,AVADHSUGAR,EQ,64526,25228,39.10
20,387,AVALON,EQ,423753,138999,32.80
20,388,AVANTEL,EQ,510361,239305,46.89
20,389,AVANTIFEED,EQ,238649,96922,40.61
20,390,AVG,EQ,140812,79727,56.62
20,391,AVIANSH,SM,36000,26000,72.22
20,392,AVL,EQ,62925,32662,51.91
20,393,AVONMORE,EQ,3128012,1795037,57.39
20,394,AVPINFRA,ST,31200,31200,100.00
20,395,AVTNPL,EQ,49560,28000,56.50
20,396,AWFIS,EQ,130544,68138,52.20
20,397,AWHCL,EQ,116211,73012,62.83
20,398,AWL,EQ,7848095,1677568,21.38
20,399,AXISBANK,EQ,5989943,3057232,51.04
20,400,AXISBNKETF,EQ,3533,2897,82.00
20,401,AXISBPSETF,EQ,180174,29111,16.16
20,402,AXISCADES,EQ,157465,64539,40.99
20,403,AXISCETF,EQ,1170,729,62.31
20,404,AXISGOLD,EQ,265957,209421,78.74
20,405,AXISHCETF,EQ,2634,2196,83.37
20,406,AXISILVER,EQ,14595,12163,83.34
20,407,AXISNIFTY,EQ,3214,2747,85.47
20,408,AXISTECETF,EQ,2126,1546,72.72
20,409,AXITA,EQ,3281791,986366,30.06
20,410,AXSENSEX,EQ,1604,1243,77.49
20,411,AZAD,EQ,331195,88391,26.69
20,412,BABAFP,SM,9600,6400,66.67
20,413,BAGFILMS,EQ,331509,181300,54.69
20,414,BAHETI,ST,11625,10875,93.55
20,415,BAIDFIN,EQ,1534598,972469,63.37
20,416,BAJAJ-AUTO,EQ,461513,213250,46.21
20,417,BAJAJCON,EQ,146353,67165,45.89
20,418,BAJAJELEC,EQ,21801,11541,52.94
20,419,BAJAJFINSV,EQ,1335825,891911,66.77
20,420,BAJAJHCARE,EQ,134534,68829,51.16
20,421,BAJAJHFL,EQ,13450391,5956196,44.28
20,422,BAJAJHIND,EQ,11998184,3161084,26.35
20,423,BAJAJHLDNG,EQ,39102,17446,44.62
20,424,BAJEL,EQ,246746,105156,42.62
20,425,BAJFINANCE,EQ,642010,312257,48.64
20,426,BALAJEE,EQ,202158,131593,65.09
20,427,BALAJITELE,EQ,89605,56111,62.62
20,428,BALAMINES,EQ,18870,8340,44.20
20,429,BALAXI,EQ,25691,21020,81.82
20,430,BALCO,ST,1200,1200,100.00
20,431,BALKRISHNA,EQ,75290,38444,51.06
20,432,BALKRISIND,EQ,175045,92012,52.56
20,433,BALMLAWRIE,EQ,197740,85307,43.14
20,434,BALRAMCHIN,EQ,1242287,292756,23.57
20,435,BALUFORGE,EQ,217574,90607,41.64
20,436,BANARBEADS,EQ,77262,41164,53.28
20,437,BANARISUG,EQ,575,238,41.39
20,438,BANCOINDIA,EQ,208035,76706,36.87
20,439,BANDHANBNK,EQ,3548666,1083213,30.52
20,440,BANG,EQ,4112,3216,78.21
20,441,BANKA,EQ,22923,6203,27.06
20,442,BANKBARODA,EQ,9255064,3422358,36.98
20,443,BANKBEES,EQ,551075,344123,62.45
20,444,BANKBETF,EQ,5862,4115,70.20
20,445,BANKETF,EQ,1618,1194,73.79
20,446,BANKETFADD,EQ,7605,6004,78.95
20,447,BANKIETF,EQ,141880,89580,63.14
20,448,BANKINDIA,EQ,7682086,3015903,39.26
20,449,BANKNIFTY1,EQ,6067,4510,74.34
20,450,BANKPSU,EQ,10431,6145,58.91
20,451,BANSALWIRE,EQ,537563,208797,38.84
20,452,BANSWRAS,EQ,43841,28297,64.54
20,453,BARBEQUE,EQ,64242,34458,53.64
20,454,BASF,EQ,32142,11845,36.85
20,455,BASILIC,ST,53100,49200,92.66
20,456,BATAINDIA,EQ,160938,50364,31.29
20,457,BAWEJA,SM,56000,48800,87.14
20,458,BAYERCROP,EQ,27186,15233,56.03
20,459,BBETF0432,EQ,10898,9467,86.87
20,460,BBL,EQ,31597,16675,52.77
20,461,BBNPNBETF,EQ,617,348,56.40
20,462,BBNPPGOLD,EQ,223,120,53.81
20,463,BBOX,EQ,754496,372295,49.34
20,464,BBTC,EQ,38175,16847,44.13
20,465,BBTCL,EQ,2311,1947,84.25
20,466,BCLIND,EQ,2398953,537647,22.41
20,467,BCONCEPTS,EQ,7845,4467,56.94
20,468,BDL,EQ,2151834,512920,23.84
20,469,BEACON,SM,13000,9000,69.23
20,470,BEARDSELL,EQ,111084,92562,83.33
20,471,BECTORFOOD,EQ,159593,130074,81.50
20,472,BEDMUTHA,EQ,15062,11266,74.80
20,473,BEL,EQ,39464505,17572968,44.53
20,474,BEML,EQ,443463,107725,24.29
20,475,BEPL,EQ,636798,267966,42.08
20,476,BERGEPAINT,EQ,488477,147722,30.24
20,477,BESTAGRO,EQ,87289,47302,54.19
20,478,BETA,SM,8900,5800,65.17
20,479,BEWLTD,SM,31500,23000,73.02
20,480,BFINVEST,EQ,52966,22188,41.89
20,481,BFSI,EQ,90188,77842,86.31
20,482,BGRENERGY,EQ,96749,56770,58.68
20,483,BHAGCHEM,EQ,101594,58581,57.66
20,484,BHAGYANGR,EQ,57099,29668,51.96
20,485,BHANDARI,EQ,592131,392810,66.34
20,486,BHARATFORG,EQ,359994,165402,45.95
20,487,BHARATGEAR,EQ,32245,21795,67.59
20,488,BHARATRAS,EQ,4632,2967,64.05
20,489,BHARATWIRE,EQ,200190,130367,65.12
20,490,BHARTIARTL,EQ,4982785,3378247,67.80
20,491,BHARTIHEXA,EQ,1065130,759821,71.34
20,492,BHEL,EQ,9980383,2655381,26.61
20,493,BHINVIT,IV,68666,66675,97.10
20,494,BIGBLOC,EQ,359365,191262,53.22
20,495,BIKAJI,EQ,321853,164767,51.19
20,496,BIKEWO,SM,24000,16000,66.67
20,497,BIOCON,EQ,5405033,2106327,38.97
20,498,BIOFILCHEM,EQ,12855,8408,65.41
20,499,BIRET,RR,147825,137821,93.23
20,500,BIRLACABLE,EQ,28079,13125,46.74
20,501,BIRLACORPN,EQ,88923,60294,67.80
20,502,BLACKBUCK,EQ,926033,364557,39.37
20,503,BLAL,EQ,43855,24871,56.71
20,504,BLBLIMITED,EQ,31360,22478,71.68
20,505,BLISSGVS,EQ,2237951,1074883,48.03
20,506,BLKASHYAP,EQ,215152,119989,55.77
20,507,BLS,EQ,719866,261759,36.36
20,508,BLSE,EQ,224468,106450,47.42
20,509,BLUEDART,EQ,6533,2193,33.57
20,510,BLUEJET,EQ,47474,27590,58.12
20,511,BLUEPEBBLE,SM,6400,5600,87.50
20,512,BLUESTARCO,EQ,191448,129066,67.42
20,513,BMETRICS,SM,2400,1600,66.67
20,514,BODALCHEM,EQ,228022,99236,43.52
20,515,BOMDYEING,EQ,1037208,344538,33.22
20,516,BOROLTD,EQ,207607,97621,47.02
20,517,BORORENEW,EQ,174450,61752,35.40
20,518,BOROSCI,EQ,70512,31075,44.07
20,519,BOSCHLTD,EQ,21638,11071,51.16
20,520,BOSS,SM,12000,12000,100.00
20,521,BPCL,EQ,5995425,1941283,32.38
20,522,BPL,EQ,151047,91009,60.25
20,523,BRACEPORT,ST,11200,11200,100.00
20,524,BRIGADE,EQ,160138,62032,38.74
20,525,BRITANNIA,EQ,255840,119802,46.83
20,526,BRNL,EQ,50677,35930,70.90
20,527,BSE,EQ,2985759,589762,19.75
20,528,BSE500IETF,EQ,95943,58221,60.68
20,529,BSHSL,EQ,7402,4973,67.18
20,530,BSL,EQ,19502,9757,50.03
20,531,BSLGOLDETF,EQ,17475,10804,61.83
20,532,BSLNIFTY,EQ,129601,73885,57.01
20,533,BSLSENETFG,EQ,1525,1464,96.00
20,534,BSOFT,EQ,2326262,541030,23.26
20,535,BTML,EQ,330242,201784,61.10
20,536,BULKCORP,SM,12000,10800,90.00
20,537,BUTTERFLY,EQ,16669,10381,62.28
20,538,BVCL,EQ,17248,6951,40.30
20,539,CADSYS,ST,31000,29000,93.55
20,540,CAGL25A,N4,10,10,100.00
20,541,CAMLINFINE,EQ,514475,221071,42.97
20,542,CAMPUS,EQ,431174,202375,46.94
20,543,CAMS,EQ,720132,193885,26.92
20,544,CANARYS,SM,48000,32000,66.67
20,545,CANBK,EQ,17400124,6287235,36.13
20,546,CANFINHOME,EQ,977644,574125,58.73
20,547,CANTABIL,EQ,90426,43475,48.08
20,548,CAPACITE,EQ,3596497,1204472,33.49
20,549,CAPITALSFB,EQ,26669,22464,84.23
20,550,CAPLIPOINT,EQ,82180,27529,33.50
20,551,CARBORUNIV,EQ,36141,11439,31.65
20,552,CAREERP,EQ,13523,6476,47.89
20,553,CARERATING,EQ,61867,27662,44.71
20,554,CARTRADE,EQ,375874,207115,55.10
20,555,CARYSIL,EQ,32865,20486,62.33
20,556,CASTROLIND,EQ,1641177,601146,36.63
20,557,CBAZAAR,SM,16000,8000,50.00
20,558,CCL,EQ,725193,222376,30.66
20,559,CDSL,EQ,4269089,1407083,32.96
20,560,CEATLTD,EQ,50875,16430,32.29
20,561,CEIGALL,EQ,342594,221489,64.65
20,562,CELEBRITY,EQ,94182,53759,57.08
20,563,CELLECOR,ST,297000,252000,84.85
20,564,CELLO,EQ,83667,45251,54.08
20,565,CELLPOINT,SM,36000,24000,66.67
20,566,CENTENKA,EQ,167924,48039,28.61
20,567,CENTRALBK,EQ,3442833,977723,28.40
20,568,CENTRUM,EQ,207996,85498,41.11
20,569,CENTUM,EQ,46430,31171,67.14
20,570,CENTURYPLY,EQ,118732,61758,52.01
20,571,CERA,EQ,12332,5409,43.86
20,572,CESC,EQ,2243457,1027158,45.78
20,573,CGCL,EQ,1187985,198624,16.72
20,574,CGPOWER,EQ,3306762,1557084,47.09
20,575,CGRAPHICS,SM,111200,84800,76.26
20,576,CHALET,EQ,87260,36354,41.66
20,577,CHAMBLFERT,EQ,1142223,386808,33.86
20,578,CHAVDA,SM,36000,26000,72.22
20,579,CHEMBOND,EQ,4343,2124,48.91
20,580,CHEMCON,EQ,23685,13797,58.25
20,581,CHEMFAB,EQ,10518,7343,69.81
20,582,CHEMPLASTS,EQ,149034,84933,56.99
20,583,CHENNPETRO,EQ,1263219,373407,29.56
20,584,CHETANA,SM,9600,8000,83.33
20,585,CHEVIOT,EQ,1705,1194,70.03
20,586,CHOICEIN,EQ,360078,45461,12.63
20,587,CHOLAFIN,EQ,766225,319012,41.63
20,588,CHOLAHLDNG,EQ,32735,16093,49.16
20,589,CIEINDIA,EQ,166897,63095,37.80
20,590,CIGNITITEC,EQ,256455,110038,42.91
20,591,CINELINE,EQ,19051,12022,63.10
20,592,CINEVISTA,EQ,25718,20655,80.31
20,593,CIPLA,EQ,1676606,956362,57.04
20,594,CLEAN,EQ,100862,51767,51.32
20,595,CLOUD,ST,114000,114000,100.00
20,596,CLSEL,EQ,87196,33797,38.76
20,597,CLSL,SM,6000,6000,100.00
20,598,CMMIPL,SM,54000,51000,94.44
20,599,CMNL,ST,1500,1500,100.00
20,600,CMRSL,SM,11200,10400,92.86
20,601,CMSINFO,EQ,424540,189902,44.73
20,602,COALINDIA,EQ,9219932,2677451,29.04
20,603,COASTCORP,EQ,10524,6866,65.24
20,604,COFORGE,EQ,292985,119973,40.95
20,605,COLPAL,EQ,663285,362979,54.72
20,606,COMMITTED,SM,4800,4800,100.00
20,607,COMMOIETF,EQ,87548,66308,75.74
20,608,COMPUSOFT,EQ,25378,16819,66.27
20,609,COMSYN,EQ,301160,104272,34.62
20,610,CONCOR,EQ,1418241,697931,49.21
20,611,CONCORDBIO,EQ,63758,23037,36.13
20,612,CONFIPET,EQ,633764,327077,51.61
20,613,CONS,EQ,4712,3744,79.46
20,614,CONSOFINVT,EQ,16883,10254,60.74
20,615,CONSUMBEES,EQ,75492,46196,61.19
20,616,CONSUMIETF,EQ,21142,11627,54.99
20,617,CONTI,ST,9999,9999,100.00
20,618,CONTROLPR,EQ,14880,8686,58.37
20,619,COOLCAPS,ST,37750,34750,92.05
20,620,CORDSCABLE,EQ,17552,9423,53.69
20,621,COROMANDEL,EQ,175372,81169,46.28
20,622,COSMOFIRST,EQ,27403,12754,46.54
20,623,COUNCODOS,EQ,101945,56596,55.52
20,624,CPS,ST,4800,3600,75.00
20,625,CPSEETF,EQ,1301753,665665,51.14
20,626,CRAFTSMAN,EQ,19472,5968,30.65
20,627,CRAYONS,SM,9000,8000,88.89
20,628,CREATIVE,EQ,25741,15928,61.88
20,629,CREDITACC,EQ,383020,228415,59.64
20,630,CREST,EQ,10935,5938,54.30
20,631,CRISIL,EQ,18972,8161,43.02
20,632,CROMPTON,EQ,2053834,1216695,59.24
20,633,CSBBANK,EQ,144422,43930,30.42
20,634,CSLFINANCE,EQ,34630,21580,62.32
20,635,CTE,EQ,20563,9976,48.51
20,636,CUB,EQ,2282489,574405,25.17
20,637,CUBEXTUB,EQ,74939,36757,49.05
20,638,CUMMINSIND,EQ,367758,166140,45.18
20,639,CUPID,EQ,159846,112114,70.14
20,640,CYBERMEDIA,EQ,33796,17756,52.54
20,641,CYIENT,EQ,204668,152414,74.47
20,642,CYIENTDLM,EQ,311789,124088,39.80
20,643,DABUR,EQ,1722809,900012,52.24
20,644,DALBHARAT,EQ,207146,98776,47.68
20,645,DALMIASUG,EQ,251270,77153,30.71
20,646,DAMODARIND,EQ,12310,8071,65.56
20,647,DANGEE,EQ,65454,51397,78.52
20,648,DANISH,SM,107400,57600,53.63
20,649,DATAMATICS,EQ,75247,35454,47.12
20,650,DATAPATTNS,EQ,160791,49486,30.78
20,651,DAVANGERE,EQ,1365283,845228,61.91
20,652,DBCORP,EQ,39834,20979,52.67
20,653,DBEIL,EQ,295832,97678,33.02
20,654,DBL,EQ,146434,61499,42.00
20,655,DBOL,EQ,85840,43277,50.42
20,656,DBREALTY,EQ,2997289,1354347,45.19
20,657,DBSTOCKBRO,EQ,5159,2407,46.66
20,658,DCAL,EQ,766880,321130,41.87
20,659,DCBBANK,EQ,1581955,903467,57.11
20,660,DCG,SM,30000,19200,64.00
20,661,DCI,EQ,17403,13399,76.99
20,662,DCM,EQ,18496,13466,72.80
20,663,DCMNVL,EQ,7152,5747,80.36
20,664,DCMSHRIRAM,EQ,120098,47311,39.39
20,665,DCMSRIND,EQ,128912,78953,61.25
20,666,DCW,EQ,2590198,869573,33.57
20,667,DCXINDIA,EQ,304530,204017,66.99
20,668,DECCANCE,EQ,14571,11701,80.30
20,669,DECCANTRAN,ST,20400,19200,94.12
20,670,DEEDEV,EQ,399891,145740,36.44
20,671,DEEM,SM,7000,6000,85.71
20,672,DEEPAKFERT,EQ,1284954,420611,32.73
20,673,DEEPAKNTR,EQ,117498,20476,17.43
20,674,DEEPINDS,EQ,259453,93219,35.93
20,675,DELAPLEX,SM,13200,10200,77.27
20,676,DELHIVERY,EQ,3005958,1614513,53.71
20,677,DELTACORP,EQ,760444,347150,45.65
20,678,DELTAMAGNT,EQ,73193,35233,48.14
20,679,DEN,EQ,989915,294087,29.71
20,680,DENEERS,ST,4200,4200,100.00
20,681,DENORA,EQ,2646,1376,52.00
20,682,DENTALKART,SM,58250,43000,73.82
20,683,DESTINY,ST,18000,16500,91.67
20,684,DEVIT,EQ,541845,230793,42.59
20,685,DEVYANI,EQ,1143801,753610,65.89
20,686,DHAMPURSUG,EQ,260820,110614,42.41
20,687,DHANBANK,EQ,189143,95313,50.39
20,688,DHANI,EQ,9153350,3265728,35.68
20,689,DHANUKA,EQ,27856,17866,64.14
20,690,DHARIWAL,SM,3600,3600,100.00
20,691,DHARMAJ,EQ,85398,44168,51.72
20,692,DHRUV,EQ,28935,28935,100.00
20,693,DHUNINV,EQ,1850,1008,54.49
20,694,DIAMINESQ,EQ,9198,5089,55.33
20,695,DIAMONDYD,EQ,33450,17944,53.64
20,696,DICIND,EQ,1070,780,72.90
20,697,DIFFNKG,EQ,236539,84803,35.85
20,698,DIGIDRIVE,EQ,23804,17864,75.05
20,699,DIGIKORE,SM,9800,7200,73.47
20,700,DIL,EQ,32460773,11305302,34.83
20,701,DISHTV,EQ,9199431,3029325,32.93
20,702,DIVGIITTS,EQ,13193,8091,61.33
20,703,DIVISLAB,EQ,149153,66382,44.51
20,704,DIVOPPBEES,EQ,33451,19822,59.26
20,705,DIXON,EQ,291366,69219,23.76
20,706,DJML,EQ,57852,33263,57.50
20,707,DLF,EQ,2279120,1088091,47.74
20,708,DLINKINDIA,EQ,199070,73850,37.10
20,709,DLSL25,NW,20,20,100.00
20,710,DMART,EQ,361531,203551,56.30
20,711,DMCC,EQ,12636,6747,53.40
20,712,DNAMEDIA,EQ,193237,129308,66.92
20,713,DODLA,EQ,31880,19508,61.19
20,714,DOLATALGO,EQ,207420,103454,49.88
20,715,DOLLAR,EQ,18818,8320,44.21
20,716,DOLLEX,SM,24000,24000,100.00
20,717,DOMS,EQ,72941,22427,30.75
20,718,DPABHUSHAN,EQ,19137,7948,41.53
20,719,DPEL,ST,70500,66000,93.62
20,720,DPSCLTD,EQ,164434,123171,74.91
20,721,DPWIRES,EQ,50392,20508,40.70
20,722,DRCSYSTEMS,EQ,156512,103764,66.30
20,723,DREAMFOLKS,EQ,64907,38485,59.29
20,724,DREDGECORP,EQ,21122,9083,43.00
20,725,DRONE,ST,62500,58000,92.80
20,726,DRREDDY,EQ,1402977,885549,63.12
20,727,DSSL,EQ,31985,18251,57.06
20,728,DTIL,EQ,28371,13556,47.78
20,729,DTL,SM,9600,9600,100.00
20,730,DUCOL,SM,37600,36000,95.74
20,731,DUCON,EQ,391859,241224,61.56
20,732,DUGLOBAL,SM,2500,2500,100.00
20,733,DURLAX,SM,48000,34000,70.83
20,734,DVL,EQ,48526,26815,55.26
20,735,DWARKESH,EQ,554840,182516,32.90
20,736,DYCL,EQ,97757,36632,37.47
20,737,DYNAMATECH,EQ,13390,4653,34.75
20,738,DYNAMIC,ST,55500,55500,100.00
20,739,EASEMYTRIP,EQ,17909074,6393425,35.70
20,740,EBANKNIFTY,EQ,1018,1005,98.72
20,741,EBBETF0425,EQ,5534,5518,99.71
20,742,EBBETF0430,EQ,13285,13206,99.41
20,743,EBBETF0431,EQ,5308,4052,76.34
20,744,EBBETF0433,EQ,2869,2523,87.94
20,745,ECLERX,EQ,296770,75137,25.32
20,746,ECOSMOBLTY,EQ,127225,72234,56.78
20,747,EDELWEISS,EQ,2925024,1453002,49.67
20,748,EFACTOR,ST,11200,11200,100.00
20,749,EFFWA,ST,14400,12000,83.33
20,750,EFORCE,SM,19200,9600,50.00
20,751,EGOLD,EQ,26474,24562,92.78
20,752,EICHERMOT,EQ,189349,72935,38.52
20,753,EIDPARRY,EQ,298686,121731,40.76
20,754,EIHAHOTELS,EQ,48262,24171,50.08
20,755,EIHOTEL,EQ,628731,289571,46.06
20,756,EIMCOELECO,EQ,5554,2101,37.83
20,757,EKC,EQ,1864580,641809,34.42
20,758,ELDEHSG,EQ,301,235,78.07
20,759,ELECON,EQ,406052,131394,32.36
20,760,ELECTCAST,EQ,2931638,1553833,53.00
20,761,ELGIEQUIP,EQ,316884,56119,17.71
20,762,ELGIRUBCO,EQ,49920,25218,50.52
20,763,ELIN,EQ,189940,61785,32.53
20,764,EMAMILTD,EQ,311540,195140,62.64
20,765,EMAMIPAP,EQ,16830,10412,61.87
20,766,EMAMIREAL,EQ,11054,7779,70.37
20,767,EMBASSY,RR,734168,653939,89.07
20,768,EMBDL,EQ,10024786,3776366,37.67
20,769,EMCURE,EQ,100483,65268,64.95
20,770,EMIL,EQ,626296,299951,47.89
20,771,EMKAYTOOLS,SM,3150,2400,76.19
20,772,EMMBI,EQ,204828,71224,34.77
20,773,EMMIL,SM,5000,4000,80.00
20,774,EMSLIMITED,EQ,206169,81942,39.75
20,775,EMUDHRA,EQ,121344,60539,49.89
20,776,EMULTIMQ,EQ,28563,27253,95.41
20,777,ENDURANCE,EQ,250418,220893,88.21
20,778,ENERGYDEV,EQ,47330,29269,61.84
20,779,ENFUSE,SM,19800,17400,87.88
20,780,ENGINERSIN,EQ,17324734,3608731,20.83
20,781,ENIL,EQ,35775,14743,41.21
20,782,ENSER,ST,24000,22500,93.75
20,783,ENTERO,EQ,45101,27346,60.63
20,784,ENVIRO,SM,358000,180000,50.28
20,785,EPIGRAL,EQ,58333,34820,59.69
20,786,EPL,EQ,707767,324490,45.85
20,787,EQUAL50ADD,EQ,4969,4102,82.55
20,788,EQUITASBNK,EQ,4609066,2600610,56.42
20,789,ERIS,EQ,37243,17101,45.92
20,790,ESABINDIA,EQ,2403,1145,47.65
20,791,ESAFSFB,EQ,983043,613652,62.42
20,792,ESCONET,ST,7600,7600,100.00
20,793,ESCORTS,EQ,126271,51189,40.54
20,794,ESFL,ST,72300,69600,96.27
20,795,ESG,EQ,4321,2487,57.56
20,796,ESILVER,EQ,7377,6556,88.87
20,797,ESPRIT,SM,33600,24000,71.43
20,798,ESTER,EQ,164202,71760,43.70
20,799,ETHOSLTD,EQ,63511,23129,36.42
20,800,EUREKAFORB,EQ,372957,273585,73.36
20,801,EUROBOND,SM,1000,1000,100.00
20,802,EVEREADY,EQ,126651,50217,39.65
20,803,EVERESTIND,EQ,90755,35003,38.57
20,804,EVINDIA,EQ,300857,142062,47.22
20,805,EXCELINDUS,EQ,15177,8748,57.64
20,806,EXICOM,EQ,324433,176345,54.35
20,807,EXIDEIND,EQ,6039469,1747528,28.94
20,808,EXPLEOSOL,EQ,11706,5535,47.28
20,809,EXXARO,EQ,221943,110953,49.99
20,810,FACT,EQ,123355,24068,19.51
20,811,FAIRCHEMOR,EQ,22848,11973,52.40
20,812,FALCONTECH,SM,8400,8400,100.00
20,813,FAZE3Q,EQ,6816,4163,61.08
20,814,FCL,EQ,169092,71660,42.38
20,815,FCSSOFT,EQ,2683174,1690907,63.02
20,816,FDC,EQ,74889,33204,44.34
20,817,FEDERALBNK,EQ,10096152,4002089,39.64
20,818,FEDFINA,EQ,8616657,3309155,38.40
20,819,FELIX,ST,73000,73000,100.00
20,820,FIBERWEB,EQ,805638,395014,49.03
20,821,FICRF3GP,MF,2745,2745,100.00
20,822,FIDEL,SM,23000,20000,86.96
20,823,FIEMIND,EQ,113291,52000,45.90
20,824,FILATEX,EQ,1355540,658479,48.58
20,825,FINCABLES,EQ,118848,60005,50.49
20,826,FINEORG,EQ,11298,4544,40.22
20,827,FINIETF,EQ,139687,54308,38.88
20,828,FINOPB,EQ,92420,67766,73.32
20,829,FINPIPE,EQ,301892,111886,37.06
20,830,FIRSTCRY,EQ,346618,165507,47.75
20,831,FIVESTAR,EQ,663643,477618,71.97
20,832,FLAIR,EQ,179942,79495,44.18
20,833,FLUOROCHEM,EQ,95609,63186,66.09
20,834,FMCGIETF,EQ,364299,257486,70.68
20,835,FMGOETZE,EQ,25508,15192,59.56
20,836,FOCE,ST,300,300,100.00
20,837,FONEBOX,SM,1000,1000,100.00
20,838,FOODSIN,EQ,97539,50524,51.80
20,839,FORCAS,SM,54400,48000,88.24
20,840,FORCEMOT,EQ,15791,8807,55.77
20,841,FORGEAUTO,SM,8400,6000,71.43
20,842,FORTIS,EQ,1844068,939333,50.94
20,843,FOSECOIND,EQ,1472,756,51.36
20,844,FRESHARA,SM,150000,75600,50.40
20,845,FROG,SM,76800,48400,63.02
20,846,FSL,EQ,1606542,393589,24.50
20,847,FUSION,EQ,275729,129652,47.02
20,848,GABRIEL,EQ,197901,80901,40.88
20,849,GAEL,EQ,310870,127894,41.14
20,850,GAIL,EQ,8033396,3652174,45.46
20,851,GALAPREC,EQ,39462,16019,40.59
20,852,GALAXYSURF,EQ,15421,12664,82.12
20,853,GALLANTT,EQ,10323,8238,79.80
20,854,GANDHAR,EQ,528545,261012,49.38
20,855,GANDHITUBE,EQ,4814,3373,70.07
20,856,GANECOS,EQ,173141,60420,34.90
20,857,GANESHBE,EQ,66756,39740,59.53
20,858,GANESHHOUC,EQ,167720,65291,38.93
20,859,GANGESSECU,EQ,49597,26287,53.00
20,860,GARFIBRES,EQ,23672,13875,58.61
20,861,GARUDA,EQ,785731,342402,43.58
20,862,GATEWAY,EQ,1378080,1032260,74.91
20,863,GEECEE,EQ,4711,2532,53.75
20,864,GENCON,EQ,44284,27581,62.28
20,865,GENESYS,EQ,868202,305903,35.23
20,866,GENSOL,EQ,46063,24945,54.15
20,867,GENUSPAPER,EQ,120692,43650,36.17
20,868,GENUSPOWER,EQ,1542461,755357,48.97
20,869,GEOJITFSL,EQ,244391,124334,50.88
20,870,GEPIL,EQ,241309,140578,58.26
20,871,GESHIP,EQ,214513,120663,56.25
20,872,GFLLIMITED,EQ,117689,52806,44.87
20,873,GGBL,SM,40200,28500,70.90
20,874,GHCL,EQ,275987,116749,42.30
20,875,GHCLTEXTIL,EQ,180757,93595,51.78
20,876,GICHSGFIN,EQ,115732,58372,50.44
20,877,GICL,SM,91500,88500,96.72
20,878,GICRE,EQ,694619,344078,49.53
20,879,GILLANDERS,EQ,56019,43107,76.95
20,880,GILLETTE,EQ,53723,10225,19.03
20,881,GILT5YBEES,EQ,238760,220061,92.17
20,882,GINNIFILA,EQ,107870,46380,43.00
20,883,GIPCL,EQ,1425258,441193,30.96
20,884,GIRIRAJ,SM,250,250,100.00
20,885,GKWLIMITED,EQ,3533,3261,92.30
20,886,GLAND,EQ,49017,23547,48.04
20,887,GLAXO,EQ,67862,28867,42.54
20,888,GLENMARK,EQ,332778,145058,43.59
20,889,GLOBAL,EQ,28580,16452,57.56
20,890,GLOBE,EQ,2127298,1733935,81.51
20,891,GLOBUSSPR,EQ,113505,42335,37.30
20,892,GLOSTERLTD,EQ,526,417,79.28
20,893,GLS,EQ,103941,47171,45.38
20,894,GMBREW,EQ,31771,18687,58.82
20,895,GMDCLTD,EQ,559380,179915,32.16
20,896,GMMPFAUDLR,EQ,186520,96802,51.90
20,897,GMRINFRA,EQ,12574153,4588878,36.49
20,898,GMRP&UI,EQ,147009,147009,100.00
20,899,GNA,EQ,45771,22718,49.63
20,900,GNFC,EQ,1423195,347218,24.40
20,901,GOACARBON,EQ,18636,7099,38.09
20,902,GOCLCORP,EQ,33726,18608,55.17
20,903,GOCOLORS,EQ,5279,2438,46.18
20,904,GODAVARIB,EQ,1107554,285788,25.80
20,905,GODFRYPHLP,EQ,21345,7214,33.80
20,906,GODIGIT,EQ,539180,181260,33.62
20,907,GODREJAGRO,EQ,139498,101992,73.11
20,908,GODREJCP,EQ,857354,532652,62.13
20,909,GODREJIND,EQ,305786,74257,24.28
20,910,GODREJPROP,EQ,539286,131178,24.32
20,911,GOKEX,EQ,102733,54405,52.96
20,912,GOKULAGRO,EQ,296383,163102,55.03
20,913,GOLD1,EQ,385432,337961,87.68
20,914,GOLDBEES,EQ,12660832,8869731,70.06
20,915,GOLDCASE,EQ,657613,555004,84.40
20,916,GOLDETF,EQ,170008,123312,72.53
20,917,GOLDETFADD,EQ,178669,176005,98.51
20,918,GOLDIAM,EQ,391029,156941,40.14
20,919,GOLDIETF,EQ,2491370,2229017,89.47
20,920,GOLDSHARE,EQ,192434,150050,77.97
20,921,GOLDSTAR,SM,67500,45000,66.67
20,922,GOODLUCK,EQ,89160,44669,50.10
20,923,GOPAL,EQ,85345,33475,39.22
20,924,GOYALALUM,EQ,166800,111477,66.83
20,925,GOYALSALT,SM,55800,45600,81.72
20,926,GPECO,SM,10800,9000,83.33
20,927,GPIL,EQ,640150,316046,49.37
20,928,GPPL,EQ,1092835,583006,53.35
20,929,GPTHEALTH,EQ,105148,47985,45.64
20,930,GPTINFRA,EQ,179471,88988,49.58
20,931,GRANULES,EQ,5935244,2416776,40.72
20,932,GRAPHISAD,ST,2400,2400,100.00
20,933,GRAPHITE,EQ,334323,149169,44.62
20,934,GRASIM,EQ,348482,157880,45.31
20,935,GRASIMPP1,E1,39605,36094,91.13
20,936,GRAVITA,EQ,105807,39426,37.26
20,937,GRCL,ST,250,250,100.00
20,938,GREAVESCOT,EQ,2398182,864583,36.05
20,939,GREENCHEF,SM,7200,5600,77.78
20,940,GREENLAM,EQ,7293,3032,41.57
20,941,GREENPANEL,EQ,64217,30341,47.25
20,942,GREENPLY,EQ,112361,53766,47.85
20,943,GREENPOWER,EQ,4845084,2243355,46.30
20,944,GRINDWELL,EQ,17256,9391,54.42
20,945,GRINFRA,EQ,19711,6442,32.68
20,946,GRMOVER,EQ,56335,32916,58.43
20,947,GROWWDEFNC,EQ,313827,195306,62.23
20,948,GROWWEV,EQ,327092,224049,68.50
20,949,GROWWGOLD,EQ,101875,48624,47.73
20,950,GROWWLIQID,EQ,69481,60555,87.15
20,951,GRPLTD,EQ,1790,1445,80.73
20,952,GRSE,EQ,1960221,473495,24.16
20,953,GRWRHITECH,EQ,38920,15704,40.35
20,954,GSEC10IETF,EQ,8523,3320,38.95
20,955,GSEC10YEAR,EQ,11022,10954,99.38
20,956,GSEC5IETF,EQ,573,390,68.06
20,957,GSFC,EQ,1249125,544397,43.58
20,958,GSLSU,EQ,105287,40163,38.15
20,959,GSMFOILS,ST,28000,26000,92.86
20,960,GSPL,EQ,793529,470457,59.29
20,961,GSS,EQ,109802,97298,88.61
20,962,GSTL,SM,80000,59000,73.75
20,963,GTL,EQ,944904,522534,55.30
20,964,GTLINFRA,EQ,43319562,19429552,44.85
20,965,GTPL,EQ,38705,9545,24.66
20,966,GUFICBIO,EQ,54529,25468,46.71
20,967,GUJALKALI,EQ,26236,8979,34.22
20,968,GUJGASLTD,EQ,317709,71566,22.53
20,969,GUJRAFFIA,EQ,1587,1399,88.15
20,970,GULFOILLUB,EQ,170785,72608,42.51
20,971,GULFPETRO,EQ,231651,139110,60.05
20,972,GULPOLY,EQ,276568,184202,66.60
20,973,GVPTECH,EQ,1508105,1321765,87.64
20,974,HAL,EQ,2144888,1117365,52.09
20,975,HAPPSTMNDS,EQ,818891,676969,82.67
20,976,HAPPYFORGE,EQ,6121,2476,40.45
20,977,HARDWYN,EQ,1536989,573969,37.34
20,978,HARIOMPIPE,EQ,62802,43160,68.72
20,979,HARSHA,EQ,203734,44614,21.90
20,980,HATHWAY,EQ,44344393,12969126,29.25
20,981,HATSUN,EQ,7824,4753,60.75
20,982,HAVELLS,EQ,1127424,687798,61.01
20,983,HBLPOWER,EQ,4585215,1071066,23.36
20,984,HBSL,EQ,39784,14182,35.65
20,985,HCC,EQ,36862772,12732643,34.54
20,986,HCG,EQ,943152,641536,68.02
20,987,HCLTECH,EQ,1631975,978423,59.95
20,988,HDFCAMC,EQ,295543,180708,61.14
20,989,HDFCBANK,EQ,16357488,8740131,53.43
20,990,HDFCBSE500,EQ,8354,4628,55.40
20,991,HDFCGOLD,EQ,2342525,2000439,85.40
20,992,HDFCGROWTH,EQ,4615,3728,80.78
20,993,HDFCLIFE,EQ,2422336,1608105,66.39
20,994,HDFCLIQUID,EQ,357259,353128,98.84
20,995,HDFCLOWVOL,EQ,20196,15684,77.66
20,996,HDFCMID150,EQ,156640,95529,60.99
20,997,HDFCMOMENT,EQ,249374,182431,73.16
20,998,HDFCNEXT50,EQ,113181,91036,80.43
20,999,HDFCNIF100,EQ,153108,118100,77.14
20,1000,HDFCNIFBAN,EQ,23040,18368,79.72
20,1001,HDFCNIFIT,EQ,30566,28372,92.82
20,1002,HDFCNIFTY,EQ,25693,17533,68.24
20,1003,HDFCPSUBK,EQ,16367,11326,69.20
20,1004,HDFCPVTBAN,EQ,43260,41568,96.09
20,1005,HDFCQUAL,EQ,5830,3856,66.14
20,1006,HDFCSENSEX,EQ,10478,8371,79.89
20,1007,HDFCSILVER,EQ,236350,161692,68.41
20,1008,HDFCSML250,EQ,292449,154516,52.84
20,1009,HDFCVALUE,EQ,1201,1029,85.68
20,1010,HEADSUP,EQ,14896,11421,76.67
20,1011,HEALTHADD,EQ,1100,851,77.36
20,1012,HEALTHIETF,EQ,43982,18491,42.04
20,1013,HEALTHY,EQ,264674,223902,84.60
20,1014,HEG,EQ,135513,50424,37.21
20,1015,HEIDELBERG,EQ,90651,38195,42.13
20,1016,HEMIPROP,EQ,828541,428501,51.72
20,1017,HERANBA,EQ,80019,32014,40.01
20,1018,HERITGFOOD,EQ,342976,218824,63.80
20,1019,HEROMOTOCO,EQ,296689,138291,46.61
20,1020,HESTERBIO,EQ,6574,2583,39.29
20,1021,HEUBACHIND,EQ,56157,49861,88.79
20,1022,HEXATRADEX,EQ,5380,4033,74.96
20,1023,HFCL,EQ,21389448,6381171,29.83
20,1024,HGINFRA,EQ,39844,18000,45.18
20,1025,HGS,EQ,715220,107390,15.01
20,1026,HIGREEN,ST,23200,23200,100.00
20,1027,HIKAL,EQ,232798,109652,47.10
20,1028,HIL,EQ,5417,3331,61.49
20,1029,HILTON,EQ,78424,47738,60.87
20,1030,HIMATSEIDE,EQ,1945463,893501,45.93
20,1031,HINDALCO,EQ,2910507,1586223,54.50
20,1032,HINDCOMPOS,EQ,10776,4468,41.46
20,1033,HINDCON,EQ,43359,27854,64.24
20,1034,HINDCOPPER,EQ,2672277,729254,27.29
20,1035,HINDOILEXP,EQ,427911,181351,42.38
20,1036,HINDPETRO,EQ,6106128,2562165,41.96
20,1037,HINDUNILVR,EQ,948232,566670,59.76
20,1038,HINDWAREAP,EQ,59165,33719,56.99
20,1039,HINDZINC,EQ,787949,414071,52.55
20,1040,HIRECT,EQ,22742,13181,57.96
20,1041,HISARMETAL,EQ,38183,31775,83.22
20,1042,HITECH,EQ,425919,154860,36.36
20,1043,HITECHCORP,EQ,14801,10483,70.83
20,1044,HLEGLAS,EQ,36383,18050,49.61
20,1045,HLVLTD,EQ,665572,317902,47.76
20,1046,HMAAGRO,EQ,219490,136074,62.00
20,1047,HMVL,EQ,50857,24382,47.94
20,1048,HNDFDS,EQ,36228,15716,43.38
20,1049,HNGSNGBEES,EQ,171389,109240,63.74
20,1050,HOACFOODS,SM,4500,3000,66.67
20,1051,HOLMARC,ST,1500,1500,100.00
20,1052,HOMEFIRST,EQ,113230,52142,46.05
20,1053,HOMESFY,SM,600,600,100.00
20,1054,HONASA,EQ,1761152,1081856,61.43
20,1055,HONAUT,EQ,4507,2004,44.46
20,1056,HONDAPOWER,EQ,5904,2619,44.36
20,1057,HPAL,EQ,67173,34205,50.92
20,1058,HPIL,EQ,1201,903,75.19
20,1059,HPL,EQ,363675,165058,45.39
20,1060,HRHNEXT,ST,6000,4500,75.00
20,1061,HSCL,EQ,2027335,641680,31.65
20,1062,HTMEDIA,EQ,136293,66708,48.94
20,1063,HUDCO,EQ,6589461,2797687,42.46
20,1064,HUHTAMAKI,EQ,277673,140679,50.66
20,1065,HVAX,SM,2100,1500,71.43
20,1066,HYUNDAI,EQ,894423,580775,64.93
20,1067,IBLFL,ST,40000,40000,100.00
20,1068,ICDSLTD,EQ,20451,6524,31.90
20,1069,ICEMAKE,EQ,20575,11729,57.01
20,1070,ICICIB22,EQ,662558,538140,81.22
20,1071,ICICIBANK,EQ,21938082,16717483,76.20
20,1072,ICICIGI,EQ,290072,139250,48.01
20,1073,ICICIPRULI,EQ,710254,335193,47.19
20,1074,ICIL,EQ,163652,64880,39.65
20,1075,ICRA,EQ,1736,825,47.52
20,1076,IDBI,EQ,3861995,1191523,30.85
20,1077,IDEA,EQ,1162530275,249598352,21.47
20,1078,IDEAFORGE,EQ,186685,99680,53.39
20,1079,IDEALTECHO,SM,10000,10000,100.00
20,1080,IDFCFIRSTB,EQ,25860956,10252453,39.64
20,1081,IDFNIFTYET,EQ,1274,1141,89.56
20,1082,IEL,EQ,82657,82657,100.00
20,1083,IEML,SM,17000,10500,61.76
20,1084,IEX,EQ,6853687,2565163,37.43
20,1085,IFBAGRO,EQ,2607,1833,70.31
20,1086,IFBIND,EQ,116352,47005,40.40
20,1087,IFCI,EQ,15147439,3395898,22.42
20,1088,IFCIZC25,NM,57,57,100.00
20,1089,IFGLEXPOR,EQ,14492,10890,75.14
20,1090,IGARASHI,EQ,153774,46386,30.17
20,1091,IGL,EQ,2429975,1289822,53.08
20,1092,IGPL,EQ,31688,13003,41.03
20,1093,IIFL,EQ,999828,445872,44.59
20,1094,IIFLSEC,EQ,266886,134059,50.23
20,1095,IIFLZC25B,NW,5,5,100.00
20,1096,IIFLZC26,NN,5,5,100.00
20,1097,IIFLZC28C,N6,197,197,100.00
20,1098,IKIO,EQ,61089,35497,58.11
20,1099,IMAGICAA,EQ,685546,279518,40.77
20,1100,IMC1,N0,1,1,100.00
20,1101,IMC1,N1,8,8,100.00
20,1102,IMFA,EQ,186809,62328,33.36
20,1103,IMPAL,EQ,2066,1015,49.13
20,1104,INCREDIBLE,EQ,35909,15594,43.43
20,1105,INDBANK,EQ,47156,24103,51.11
20,1106,INDGN,EQ,151017,74648,49.43
20,1107,INDHOTEL,EQ,2632761,1618781,61.49
20,1108,INDIACEM,EQ,267712,124166,46.38
20,1109,INDIAGLYCO,EQ,87317,40793,46.72
20,1110,INDIAMART,EQ,190150,89143,46.88
20,1111,INDIANB,EQ,640134,261548,40.86
20,1112,INDIANCARD,EQ,1857,1256,67.64
20,1113,INDIANHUME,EQ,27144,13599,50.10
20,1114,INDIASHLTR,EQ,143150,96652,67.52
20,1115,INDIFRA,SM,6000,4000,66.67
20,1116,INDIGO,EQ,403134,208423,51.70
20,1117,INDIGOPNTS,EQ,67169,30360,45.20
20,1118,INDIGRID,IV,526465,486129,92.34
20,1119,INDNIPPON,EQ,9035,5428,60.08
20,1120,INDOAMIN,EQ,175157,74512,42.54
20,1121,INDOBORAX,EQ,236118,73932,31.31
20,1122,INDOCO,EQ,420732,151765,36.07
20,1123,INDORAMA,EQ,140430,73897,52.62
20,1124,INDOSTAR,EQ,108975,60698,55.70
20,1125,INDOUS,EQ,1423,668,46.94
20,1126,INDOWIND,EQ,172603,127224,73.71
20,1127,INDRAMEDCO,EQ,404234,126960,31.41
20,1128,INDSWFTLTD,EQ,28149,18065,64.18
20,1129,INDTERRAIN,EQ,40296,23275,57.76
20,1130,INDUSINDBK,EQ,4798242,2565262,53.46
20,1131,INDUSTOWER,EQ,5617102,1987886,35.39
20,1132,INFIBEAM,EQ,5286395,1866425,35.31
20,1133,INFINIUM,ST,1000,1000,100.00
20,1134,INFOBEAN,EQ,11278,5728,50.79
20,1135,INFOLLION,ST,8800,8800,100.00
20,1136,INFRABEES,EQ,6923,3682,53.19
20,1137,INFRAIETF,EQ,117894,77864,66.05
20,1138,INFY,EQ,4447143,2756729,61.99
20,1139,INGERRAND,EQ,13215,5333,40.36
20,1140,INM,SM,2400,1800,75.00
20,1141,INNOMET,SM,2400,2400,100.00
20,1142,INNOVACAP,EQ,88505,42775,48.33
20,1143,INNOVANA,SM,1600,1400,87.50
20,1144,INOXGREEN,EQ,1424935,553240,38.83
20,1145,INOXINDIA,EQ,80734,50073,62.02
20,1146,INOXWIND,EQ,4189609,1600163,38.19
20,1147,INSECTICID,EQ,51209,25162,49.14
20,1148,INTELLECT,EQ,190199,91562,48.14
20,1149,INTERARCH,EQ,183412,76381,41.64
20,1150,INTLCONV,EQ,172214,84989,49.35
20,1151,INVENTURE,EQ,1997583,1025108,51.32
20,1152,IOB,EQ,6323194,1140388,18.03
20,1153,IOC,EQ,18242345,7481744,41.01
20,1154,IOLCP,EQ,154612,68542,44.33
20,1155,IONEXCHANG,EQ,126003,64447,51.15
20,1156,IPCALAB,EQ,253630,87579,34.53
20,1157,IPHL,ST,22800,22800,100.00
20,1158,IPL,EQ,180396,94098,52.16
20,1159,IPSL,ST,2000,2000,100.00
20,1160,IRB,EQ,19369269,6855012,35.39
20,1161,IRBINVIT,IV,261238,247136,94.60
20,1162,IRCON,EQ,14021067,2468672,17.61
20,1163,IRCTC,EQ,1161326,435907,37.54
20,1164,IREDA,EQ,7167773,2252050,31.42
20,1165,IRFC,EQ,22054792,5183331,23.50
20,1166,IRISDOREME,EQ,115452,29683,25.71
20,1167,IRMENERGY,EQ,52186,40007,76.66
20,1168,ISEC,EQ,114393,63815,55.79
20,1169,ISGEC,EQ,156233,78814,50.45
20,1170,IT,EQ,88400,60478,68.41
20,1171,ITALIANE,ST,12000,12000,100.00
20,1172,ITBEES,EQ,4941858,3581595,72.47
20,1173,ITC,EQ,7067013,3797294,53.73
20,1174,ITDC,EQ,70679,22906,32.41
20,1175,ITDCEM,EQ,1143339,579125,50.65
20,1176,ITETF,EQ,200059,152171,76.06
20,1177,ITETFADD,EQ,13603,12647,92.97
20,1178,ITI,EQ,2031102,305017,15.02
20,1179,ITIETF,EQ,421725,267898,63.52
20,1180,IVC,EQ,219290,146440,66.78
20,1181,IVP,EQ,65052,22159,34.06
20,1182,IVZINGOLD,EQ,1114,1070,96.05
20,1183,IVZINNIFTY,EQ,27,25,92.59
20,1184,IWEL,EQ,4159,2840,68.29
20,1185,IXIGO,EQ,273760,159369,58.21
20,1186,IZMO,EQ,199005,93689,47.08
20,1187,JAGRAN,EQ,94196,52608,55.85
20,1188,JAGSNPHARM,EQ,109427,42456,38.80
20,1189,JAIBALAJI,EQ,88103,56546,64.18
20,1190,JAICORPLTD,EQ,3511842,627782,17.88
20,1191,JAINAM,SM,7000,6000,85.71
20,1192,JAIPURKURT,EQ,89681,42280,47.14
20,1193,JALAN,SM,282000,201000,71.28
20,1194,JAMNAAUTO,EQ,1548940,692702,44.72
20,1195,JASH,EQ,273868,135990,49.66
20,1196,JAYAGROGN,EQ,13534,6729,49.72
20,1197,JAYBARMARU,EQ,663047,224285,33.83
20,1198,JAYBEE,SM,87000,62000,71.26
20,1199,JAYNECOIND,EQ,113848,55338,48.61
20,1200,JAYSREETEA,EQ,90538,43186,47.70
20,1201,JBCHEPHARM,EQ,40601,20824,51.29
20,1202,JBMA,EQ,91618,27800,30.34
20,1203,JCHAC,EQ,55204,38134,69.08
20,1204,JEYYAM,SM,26000,20000,76.92
20,1205,JGCHEM,EQ,629480,269992,42.89
20,1206,JHS,EQ,134193,78467,58.47
20,1207,JINDALPHOT,EQ,28754,8771,30.50
20,1208,JINDALPOLY,EQ,138951,46983,33.81
20,1209,JINDALSAW,EQ,588017,263564,44.82
20,1210,JINDALSTEL,EQ,819382,273965,33.44
20,1211,JINDRILL,EQ,59712,24946,41.78
20,1212,JINDWORLD,EQ,56278,25811,45.86
20,1213,JIOFIN,EQ,11501641,4207186,36.58
20,1214,JISLDVREQS,EQ,94538,55325,58.52
20,1215,JISLJALEQS,EQ,10121819,4712139,46.55
20,1216,JITFINFRA,EQ,33556,15920,47.44
20,1217,JIWANRAM,SM,6000,6000,100.00
20,1218,J&KBANK,EQ,1861665,727036,39.05
20,1219,JKCEMENT,EQ,106660,62366,58.47
20,1220,JKIL,EQ,353486,174008,49.23
20,1221,JKLAKSHMI,EQ,65846,33887,51.46
20,1222,JKPAPER,EQ,373557,135063,36.16
20,1223,JKTYRE,EQ,305127,110018,36.06
20,1224,JLHL,EQ,27562,12192,44.23
20,1225,JMA,EQ,36551,28970,79.26
20,1226,JMFINANCIL,EQ,4940691,1282939,25.97
20,1227,JNKINDIA,EQ,26506,16398,61.87
20,1228,JOCIL,EQ,16871,11973,70.97
20,1229,JPOLYINVST,EQ,34084,12788,37.52
20,1230,JPPOWER,EQ,55054979,20212323,36.71
20,1231,JSFB,EQ,184226,151536,82.26
20,1232,JSL,EQ,231014,107678,46.61
20,1233,JSLL,SM,13500,9180,68.00
20,1234,JSWENERGY,EQ,2014123,736093,36.55
20,1235,JSWINFRA,EQ,1220333,579095,47.45
20,1236,JSWSTEEL,EQ,1327011,533705,40.22
20,1237,JTEKTINDIA,EQ,158975,126297,79.44
20,1238,JTLIND,EQ,625961,248129,39.64
20,1239,JUBLFOOD,EQ,992076,289090,29.14
20,1240,JUBLINGREA,EQ,300646,119679,39.81
20,1241,JUBLPHARMA,EQ,109511,49145,44.88
20,1242,JUNIORBEES,EQ,220932,74461,33.70
20,1243,JUNIPER,EQ,131625,74680,56.74
20,1244,JUSTDIAL,EQ,119896,33295,27.77
20,1245,JWL,EQ,764567,283234,37.05
20,1246,JYOTHYLAB,EQ,458700,223453,48.71
20,1247,JYOTICNC,EQ,287505,99548,34.62
20,1248,JYOTISTRUC,EQ,7570624,4595363,60.70
20,1249,K2INFRA,SM,65400,47400,72.48
20,1250,KABRAEXTRU,EQ,542397,186336,34.35
20,1251,KAJARIACER,EQ,244029,219121,89.79
20,1252,KAKATCEM,EQ,5775,3702,64.10
20,1253,KALAMANDIR,EQ,242922,118698,48.86
20,1254,KALANA,SM,30000,16000,53.33
20,1255,KALYANIFRG,EQ,14381,7853,54.61
20,1256,KALYANKJIL,EQ,2897301,1034198,35.70
20,1257,KAMATHOTEL,EQ,34545,21497,62.23
20,1258,KAMDHENU,EQ,809616,160470,19.82
20,1259,KANANIIND,EQ,740171,488032,65.94
20,1260,KANDARP,ST,48000,48000,100.00
20,1261,KANORICHEM,EQ,42393,21799,51.42
20,1262,KANPRPLA,EQ,12450,7349,59.03
20,1263,KANSAINER,EQ,196552,93488,47.56
20,1264,KAPSTON,EQ,7674,4526,58.98
20,1265,KARMAENG,EQ,8959,3554,39.67
20,1266,KARNIKA,ST,8400,8000,95.24
20,1267,KARURVYSYA,EQ,1619453,725362,44.79
20,1268,KATARIA,SM,4800,3000,62.50
20,1269,KAUSHALYA,EQ,715,533,74.55
20,1270,KAYNES,EQ,233240,62999,27.01
20,1271,KBCGLOBAL,EQ,12350224,4149423,33.60
20,1272,KCEIL,SM,30500,26500,86.89
20,1273,KCK,ST,62500,57500,92.00
20,1274,KCP,EQ,662644,271299,40.94
20,1275,KDDL,EQ,11228,5765,51.34
20,1276,KDL,ST,1850,1850,100.00
20,1277,KEC,EQ,376354,139227,36.99
20,1278,KECL,EQ,278214,111273,40.00
20,1279,KEI,EQ,965868,322421,33.38
20,1280,KEL,ST,3600,3600,100.00
20,1281,KELLTONTEC,EQ,842128,329610,39.14
20,1282,KERNEX,EQ,191864,149677,78.01
20,1283,KESORAMIND,EQ,2355971,1635033,69.40
20,1284,KFINTECH,EQ,497913,171788,34.50
20,1285,KHADIM,EQ,10068,6829,67.83
20,1286,KHAICHEM,EQ,114342,57292,50.11
20,1287,KHAITANLTD,EQ,10565,5498,52.04
20,1288,KHANDSE,EQ,21827,11911,54.57
20,1289,KHFM,SM,18600,15500,83.33
20,1290,KICL,EQ,9812,5171,52.70
20,1291,KILITCH,EQ,6422,3302,51.42
20,1292,KIMS,EQ,403081,190582,47.28
20,1293,KINGFA,EQ,2269,1143,50.37
20,1294,KIOCL,EQ,239612,46349,19.34
20,1295,KIRIINDUS,EQ,769610,345575,44.90
20,1296,KIRLOSBROS,EQ,487978,132603,27.17
20,1297,KIRLOSENG,EQ,144772,73727,50.93
20,1298,KIRLOSIND,EQ,2453,1118,45.58
20,1299,KIRLPNU,EQ,300948,116470,38.70
20,1300,KITEX,EQ,890417,379163,42.58
20,1301,KKCL,EQ,15630,9762,62.46
20,1302,KLL,SM,24000,14400,60.00
20,1303,KMEW,EQ,5814,3103,53.37
20,1304,KMSUGAR,EQ,86644,40749,47.03
20,1305,KNAGRI,ST,74000,72800,98.38
20,1306,KNRCON,EQ,1721050,529965,30.79
20,1307,KODYTECH,SM,4900,2750,56.12
20,1308,KOHINOOR,EQ,152673,76016,49.79
20,1309,KOKUYOCMLN,EQ,78540,41270,52.55
20,1310,KOLTEPATIL,EQ,163556,81829,50.03
20,1311,KONSTELEC,ST,36000,34000,94.44
20,1312,KONTOR,ST,25800,25800,100.00
20,1313,KORE,ST,18000,16250,90.28
20,1314,KOTAKBANK,EQ,3202444,1656976,51.74
20,1315,KOTARISUG,EQ,43930,22902,52.13
20,1316,KOTHARIPET,EQ,111811,41761,37.35
20,1317,KOTHARIPRO,EQ,3009,2355,78.27
20,1318,KOTYARK,SM,24600,15300,62.20
20,1319,KPEL,EQ,99395,57627,57.98
20,1320,KPIGREEN,EQ,655497,529898,80.84
20,1321,KPIL,EQ,402107,288039,71.63
20,1322,KPITTECH,EQ,1031365,418134,40.54
20,1323,KPRMILL,EQ,96680,43120,44.60
20,1324,KRBL,EQ,745080,395356,53.06
20,1325,KREBSBIO,EQ,414249,147031,35.49
20,1326,KRIDHANINF,EQ,37394,28035,74.97
20,1327,KRISHANA,EQ,3372,2222,65.90
20,1328,KRISHCA,SM,42000,35000,83.33
20,1329,KRISHNADEF,ST,26000,24250,93.27
20,1330,KRITINUT,EQ,74989,31154,41.54
20,1331,KRN,EQ,945429,193012,20.42
20,1332,KRONOX,EQ,1244168,512611,41.20
20,1333,KROSS,EQ,1590200,367761,23.13
20,1334,KRSNAA,EQ,127608,59291,46.46
20,1335,KRYSTAL,EQ,200645,59725,29.77
20,1336,KSB,EQ,45965,12796,27.84
20,1337,KSCL,EQ,78243,34378,43.94
20,1338,KSHITIJPOL,EQ,860171,597957,69.52
20,1339,KSL,EQ,27517,14363,52.20
20,1340,KSOLVES,EQ,22613,13119,58.02
20,1341,KTKBANK,EQ,660816,357633,54.12
20,1342,KUANTUM,EQ,106585,84246,79.04
20,1343,LAGNAM,EQ,5735,3136,54.68
20,1344,LAKSHYA,SM,23200,18400,79.31
20,1345,LALPATHLAB,EQ,91196,25521,27.98
20,1346,LAMBODHARA,EQ,592603,109746,18.52
20,1347,LANCORHOL,EQ,45973,22369,48.66
20,1348,LANDMARK,EQ,58303,42621,73.10
20,1349,LAOPALA,EQ,45067,26988,59.88
20,1350,LATENTVIEW,EQ,255440,140679,55.07
20,1351,LAURUSLABS,EQ,3226911,1162777,36.03
20,1352,LAWSIKHO,SM,9500,7500,78.95
20,1353,LAXMICOT,EQ,51165,25576,49.99
20,1354,LEMERITE,ST,160000,157600,98.50
20,1355,LEMONTREE,EQ,4513622,2418842,53.59
20,1356,LEXUS,EQ,11440,8169,71.41
20,1357,LGBBROSLTD,EQ,117527,92085,78.35
20,1358,LGHL,EQ,1394,826,59.25
20,1359,LIBAS,EQ,65190,48091,73.77
20,1360,LIBERTSHOE,EQ,12934,9010,69.66
20,1361,LICHSGFIN,EQ,910998,488637,53.64
20,1362,LICI,EQ,779480,377639,48.45
20,1363,LICMFGOLD,EQ,323,159,49.23
20,1364,LICNETFGSC,EQ,1158404,1086472,93.79
20,1365,LICNETFN50,EQ,809,668,82.57
20,1366,LICNETFSEN,EQ,40,29,72.50
20,1367,LICNFNHGP,EQ,785,753,95.92
20,1368,LICNMID100,EQ,3769,1880,49.88
20,1369,LIKHITHA,EQ,60437,19253,31.86
20,1370,LINC,EQ,16580,11616,70.06
20,1371,LINCOLN,EQ,24201,14153,58.48
20,1372,LINDEINDIA,EQ,79415,27441,34.55
20,1373,LIQUID,EQ,85175,51624,60.61
20,1374,LIQUID1,EQ,107972,60216,55.77
20,1375,LIQUIDADD,EQ,884513,516155,58.35
20,1376,LIQUIDBEES,EQ,2371431,1701502,71.75
20,1377,LIQUIDBETF,EQ,7302,7040,96.41
20,1378,LIQUIDCASE,EQ,6933851,4840761,69.81
20,1379,LIQUIDETF,EQ,119906,94792,79.06
20,1380,LIQUIDIETF,EQ,483331,269610,55.78
20,1381,LIQUIDPLUS,EQ,72,72,100.00
20,1382,LIQUIDSBI,EQ,6529,6357,97.37
20,1383,LIQUIDSHRI,EQ,24819,24814,99.98
20,1384,LLOYDS,SM,4000,3000,75.00
20,1385,LLOYDSENGG,EQ,6158248,1936791,31.45
20,1386,LLOYDSENT,EQ,1053075,752437,71.45
20,1387,LLOYDSME,EQ,283675,154988,54.64
20,1388,LMW,EQ,9725,3038,31.24
20,1389,LODHA,EQ,1796183,1081020,60.18
20,1390,LOKESHMACH,EQ,57068,35751,62.65
20,1391,LORDSCHLO,EQ,16282,8983,55.17
20,1392,LOWVOL,EQ,994,965,97.08
20,1393,LOWVOL1,EQ,69466,66522,95.76
20,1394,LOWVOLIETF,EQ,2375418,1688989,71.10
20,1395,LPDC,EQ,290551,159352,54.84
20,1396,LRRPL,ST,27000,24000,88.89
20,1397,LT,EQ,971816,484837,49.89
20,1398,LTF,EQ,8204446,3380673,41.21
20,1399,LTFOODS,EQ,884470,286728,32.42
20,1400,LTGILTBEES,EQ,1987888,1371016,68.97
20,1401,LTIM,EQ,234693,106608,45.42
20,1402,LTTS,EQ,72429,23977,33.10
20,1403,LUMAXIND,EQ,6081,4175,68.66
20,1404,LUMAXTECH,EQ,362764,100852,27.80
20,1405,LUPIN,EQ,1000543,654896,65.45
20,1406,LUXIND,EQ,30733,13489,43.89
20,1407,LXCHEM,EQ,440262,167166,37.97
20,1408,LYKALABS,EQ,382671,212940,55.65
20,1409,MACOBSTECH,SM,10400,4800,46.15
20,1410,MACPOWER,EQ,54619,39660,72.61
20,1411,MADHAV,EQ,16092,9906,61.56
20,1412,MADHAVBAUG,SM,14800,9600,64.86
20,1413,MADHUSUDAN,SM,20000,15000,75.00
20,1414,MADRASFERT,EQ,107744,46498,43.16
20,1415,MAFANG,EQ,271531,157707,58.08
20,1416,MAGADSUGAR,EQ,14773,5547,37.55
20,1417,MAGNUM,EQ,349311,154289,44.17
20,1418,MAHABANK,EQ,13765433,4711791,34.23
20,1419,MAHAPEXLTD,EQ,28285,13449,47.55
20,1420,MAHEPC,EQ,23508,17428,74.14
20,1421,MAHESHWARI,EQ,38974,15845,40.66
20,1422,MAHICKRA,SM,5250,3000,57.14
20,1423,MAHKTECH,EQ,876656,622937,71.06
20,1424,MAHLIFE,EQ,204969,96493,47.08
20,1425,MAHLOG,EQ,280802,166329,59.23
20,1426,MAHSCOOTER,EQ,4554,1175,25.80
20,1427,MAHSEAMLES,EQ,112189,45010,40.12
20,1428,MAITHANALL,EQ,19696,12864,65.31
20,1429,MAITREYA,ST,4000,2400,60.00
20,1430,MAKEINDIA,EQ,30422,25783,84.75
20,1431,MAKS,SM,9000,6000,66.67
20,1432,MAL,SM,22400,8000,35.71
20,1433,MALUPAPER,EQ,21000,10088,48.04
20,1434,MANAKALUCO,EQ,55190,37697,68.30
20,1435,MANAKCOAT,EQ,1579100,1321387,83.68
20,1436,MANAKSIA,EQ,29556,15621,52.85
20,1437,MANAKSTEEL,EQ,21910,12090,55.18
20,1438,MANALIPETC,EQ,274554,142194,51.79
20,1439,MANAPPURAM,EQ,4684799,1783165,38.06
20,1440,MANAV,SM,12000,12000,100.00
20,1441,MANBA,EQ,316578,139200,43.97
20,1442,MANCREDIT,EQ,25422,2648,10.42
20,1443,MANDEEP,SM,14000,10000,71.43
20,1444,MANGALAM,EQ,8788,6217,70.74
20,1445,MANGCHEFER,EQ,622641,284390,45.67
20,1446,MANGLMCEM,EQ,76845,35333,45.98
20,1447,MANINDS,EQ,374389,176436,47.13
20,1448,MANINFRA,EQ,4355653,2559843,58.77
20,1449,MANKIND,EQ,184466,139803,75.79
20,1450,MANOMAY,EQ,108523,24937,22.98
20,1451,MANORAMA,EQ,45285,30568,67.50
20,1452,MANUGRAPH,EQ,33752,18724,55.48
20,1453,MANYAVAR,EQ,57007,25241,44.28
20,1454,MAPMYINDIA,EQ,83944,34069,40.59
20,1455,MARALOVER,EQ,12124,9662,79.69
20,1456,MARATHON,EQ,20536,12166,59.24
20,1457,MARCO,SM,13500,9000,66.67
20,1458,MARICO,EQ,4938340,3554546,71.98
20,1459,MARINE,EQ,391305,281212,71.87
20,1460,MARKSANS,EQ,5318879,1298673,24.42
20,1461,MARUTI,EQ,343332,179761,52.36
20,1462,MASFIN,EQ,89974,45601,50.68
20,1463,MASON,ST,23000,23000,100.00
20,1464,MASPTOP50,EQ,352584,238282,67.58
20,1465,MASTEK,EQ,171114,77516,45.30
20,1466,MASTER,ST,1500,1000,66.67
20,1467,MASTERTR,EQ,143495,62922,43.85
20,1468,MATRIMONY,EQ,33391,22846,68.42
20,1469,MAWANASUG,EQ,79902,39944,49.99
20,1470,MAXESTATES,EQ,77121,43788,56.78
20,1471,MAXHEALTH,EQ,2231913,1329527,59.57
20,1472,MAXIND,EQ,44391,26642,60.02
20,1473,MAXPOSURE,SM,25000,21000,84.00
20,1474,MAYURUNIQ,EQ,53521,38448,71.84
20,1475,MAZDA,EQ,2068,1048,50.68
20,1476,MAZDOCK,EQ,3065917,665004,21.69
20,1477,MBAPL,EQ,8013,4293,53.58
20,1478,MCL,EQ,51870,26233,50.57
20,1479,MCLEODRUSS,EQ,568491,568381,99.98
20,1480,MCON,SM,29000,27000,93.10
20,1481,MCX,EQ,183559,68659,37.40
20,1482,MDL,SM,51000,47000,92.16
20,1483,MEDANTA,EQ,170281,105696,62.07
20,1484,MEDIASSIST,EQ,449926,333956,74.22
20,1485,MEDICAMEQ,EQ,26450,18623,70.41
20,1486,MEDICO,EQ,328891,221506,67.35
20,1487,MEDIORG,ST,6000,6000,100.00
20,1488,MEDPLUS,EQ,353400,229637,64.98
20,1489,MEGAFLEX,ST,27000,18000,66.67
20,1490,MEGASTAR,EQ,9996,6603,66.06
20,1491,MEGATHERM,SM,44800,32800,73.21
20,1492,MENONBE,EQ,31439,17062,54.27
20,1493,METAL,EQ,73491,52726,71.74
20,1494,METALIETF,EQ,2003514,1134264,56.61
20,1495,METROBRAND,EQ,39021,19978,51.20
20,1496,METROPOLIS,EQ,47120,7950,16.87
20,1497,MFSL,EQ,1349026,943247,69.92
20,1498,MGEL,EQ,92658,61343,66.20
20,1499,MGL,EQ,629023,278946,44.35
20,1500,MHHL,SM,7500,6000,80.00
20,1501,MHLXMIRU,EQ,59162,33507,56.64
20,1502,MHRIL,EQ,79560,40520,50.93
20,1503,MICEL,EQ,180002,112221,62.34
20,1504,MICROPRO,SM,102400,57600,56.25
20,1505,MID150BEES,EQ,248630,168808,67.90
20,1506,MID150CASE,EQ,378118,309976,81.98
20,1507,MIDCAP,EQ,19737,11473,58.13
20,1508,MIDCAPETF,EQ,1100389,854796,77.68
20,1509,MIDCAPIETF,EQ,506610,247042,48.76
20,1510,MIDHANI,EQ,739144,263496,35.65
20,1511,MIDQ50ADD,EQ,4345,2797,64.37
20,1512,MIDSELIETF,EQ,116192,75960,65.37
20,1513,MIDSMALL,EQ,149626,100736,67.33
20,1514,MIEL,ST,4000,4000,100.00
20,1515,MINDACORP,EQ,191232,71235,37.25
20,1516,MINDSPACE,RR,164866,154769,93.88
20,1517,MINDTECK,EQ,237875,105952,44.54
20,1518,MIRZAINT,EQ,207081,154357,74.54
20,1519,MITCON,EQ,8230,6712,81.56
20,1520,MITCONPP,E1,6842,5760,84.19
20,1521,MITTAL,EQ,6753823,5032751,74.52
20,1522,M&M,EQ,3593911,1391182,38.71
20,1523,M&MFIN,EQ,656860,158619,24.15
20,1524,MMFL,EQ,191130,54704,28.62
20,1525,MMTC,EQ,3071653,948063,30.86
20,1526,MNC,EQ,31841,26096,81.96
20,1527,MODEFENCE,EQ,624770,549467,87.95
20,1528,MOGSEC,EQ,2661,2533,95.19
20,1529,MOHEALTH,EQ,54065,49222,91.04
20,1530,MOHITIND,EQ,81363,45359,55.75
20,1531,MOIL,EQ,1159941,613212,52.87
20,1532,MOL,EQ,556671,253030,45.45
20,1533,MOLDTECH,EQ,24287,14101,58.06
20,1534,MOLDTKPAC,EQ,18598,9781,52.59
20,1535,MOLOWVOL,EQ,5525,5213,94.35
20,1536,MOM100,EQ,535667,363462,67.85
20,1537,MOM30IETF,EQ,2674407,2393670,89.50
20,1538,MOM50,EQ,5941,4270,71.87
20,1539,MOMENTUM,EQ,52028,34065,65.47
20,1540,MOMENTUM50,EQ,196127,143063,72.94
20,1541,MOMOMENTUM,EQ,88855,58544,65.89
20,1542,MON100,EQ,769119,572119,74.39
20,1543,MONARCH,EQ,149653,50458,33.72
20,1544,MONIFTY500,EQ,351944,335017,95.19
20,1545,MONOPHARMA,SM,4000,4000,100.00
20,1546,MONQ50,EQ,480956,415111,86.31
20,1547,MONTECARLO,EQ,68916,35950,52.16
20,1548,MOQUALITY,EQ,1145,1082,94.50
20,1549,MOREALTY,EQ,55912,34719,62.10
20,1550,MOREPENLAB,EQ,6047214,1601340,26.48
20,1551,MOS,ST,14800,14400,97.30
20,1552,MOSMALL250,EQ,5044739,4959256,98.31
20,1553,MOTHERSON,EQ,15205774,9192259,60.45
20,1554,MOTILALOFS,EQ,1522321,580196,38.11
20,1555,MOTOGENFIN,EQ,31596,22930,72.57
20,1556,MOVALUE,EQ,52645,40283,76.52
20,1557,MOXSH,SM,3200,3200,100.00
20,1558,MPHASIS,EQ,641475,401911,62.65
20,1559,MPSLTD,EQ,5554,3289,59.22
20,1560,MRF,EQ,5246,1444,27.53
20,1561,MRO-TEK,EQ,7319,4690,64.08
20,1562,MRPL,EQ,1821730,479164,26.30
20,1563,MSTCLTD,EQ,875251,337342,38.54
20,1564,MSUMI,EQ,3881633,2462763,63.45
20,1565,MTARTECH,EQ,80590,35390,43.91
20,1566,MTNL,EQ,3106922,828163,26.66
20,1567,MUFIN,EQ,132373,86996,65.72
20,1568,MUFTI,EQ,795392,532700,66.97
20,1569,MUKANDLTD,EQ,49387,25587,51.81
20,1570,MUKKA,EQ,601105,297045,49.42
20,1571,MULTICAP,EQ,134827,89101,66.09
20,1572,MUNJALAU,EQ,693246,233139,33.63
20,1573,MUNJALSHOW,EQ,81209,45677,56.25
20,1574,MURUDCERA,EQ,46670,32837,70.36
20,1575,MUTHOOTCAP,EQ,19293,9338,48.40
20,1576,MUTHOOTFIN,EQ,285351,131045,45.92
20,1577,MUTHOOTMF,EQ,215319,105699,49.09
20,1578,MVGJL,EQ,102836,53124,51.66
20,1579,MVKAGRO,SM,37200,27600,74.19
20,1580,MWL,SM,21600,14400,66.67
20,1581,MYMUDRA,SM,31200,22800,73.08
20,1582,NACLIND,EQ,92227,48671,52.77
20,1583,NAGAFERT,EQ,425621,247105,58.06
20,1584,NAGREEKCAP,EQ,8736,8736,100.00
20,1585,NAHARCAP,EQ,307656,99883,32.47
20,1586,NAHARINDUS,EQ,119850,37017,30.89
20,1587,NAHARPOLY,EQ,65441,34410,52.58
20,1588,NAHARSPING,EQ,47304,14692,31.06
20,1589,NAMAN,ST,800,800,100.00
20,1590,NAM-INDIA,EQ,426495,238339,55.88
20,1591,NAMOEWASTE,ST,72000,65600,91.11
20,1592,NARMADA,EQ,316228,88381,27.95
20,1593,NATCOPHARM,EQ,441760,258135,58.43
20,1594,NATHBIOGEN,EQ,23726,18313,77.19
20,1595,NATIONALUM,EQ,17378281,4957618,28.53
20,1596,NAUKRI,EQ,241424,126993,52.60
20,1597,NAVA,EQ,92110,54118,58.75
20,1598,NAVINFLUOR,EQ,86627,33026,38.12
20,1599,NAVINIFTY,EQ,1164,780,67.01
20,1600,NAVKARCORP,EQ,468025,207580,44.35
20,1601,NAVNETEDUL,EQ,78522,41335,52.64
20,1602,NAZARA,EQ,424357,184821,43.55
20,1603,NBCC,EQ,7343971,2417659,32.92
20,1604,NBIFIN,EQ,1255,1255,100.00
20,1605,NCC,EQ,2492820,887302,35.59
20,1606,NCLIND,EQ,69110,43592,63.08
20,1607,NDLVENTURE,EQ,13329,9109,68.34
20,1608,NDRAUTO,EQ,64770,33140,51.17
20,1609,NDTV,EQ,2257182,311205,13.79
20,1610,NECCLTD,EQ,100391,58490,58.26
20,1611,NEELAM,ST,432000,396000,91.67
20,1612,NELCAST,EQ,88234,65575,74.32
20,1613,NELCO,EQ,128902,51017,39.58
20,1614,NEOGEN,EQ,81073,21268,26.23
20,1615,NEPHROCARE,ST,400,400,100.00
20,1616,NESCO,EQ,70822,44663,63.06
20,1617,NESTLEIND,EQ,437361,284130,64.96
20,1618,NETF,EQ,1279,1188,92.89
20,1619,NETWEB,EQ,649211,193567,29.82
20,1620,NETWORK18,EQ,3747286,1677522,44.77
20,1621,NEULANDLAB,EQ,51345,22113,43.07
20,1622,NEWGEN,EQ,140381,56104,39.97
20,1623,NEWJAISA,SM,63000,45000,71.43
20,1624,NEXT50,EQ,12021,9032,75.14
20,1625,NEXT50IETF,EQ,398142,299642,75.26
20,1626,NEXTMEDIA,EQ,257841,130797,50.73
20,1627,NFL,EQ,1815192,470068,25.90
20,1628,NGIL,EQ,90614,48677,53.72
20,1629,NGILPP1,E1,4966,4673,94.10
20,1630,NGLFINE,EQ,3813,2352,61.68
20,1631,NH,EQ,125175,91664,73.23
20,1632,NHPC,EQ,18130311,7524950,41.50
20,1633,NIACL,EQ,764142,220390,28.84
20,1634,NIDAN,SM,16000,14000,87.50
20,1635,NIF100BEES,EQ,13591,4868,35.82
20,1636,NIF100IETF,EQ,105187,43775,41.62
20,1637,NIF10GETF,EQ,1395,821,58.85
20,1638,NIF5GETF,EQ,1012,642,63.44
20,1639,NIFITETF,EQ,1306,1101,84.30
20,1640,NIFMID150,EQ,1553,1089,70.12
20,1641,NIFTY1,EQ,38249,20031,52.37
20,1642,NIFTY50ADD,EQ,6981,6712,96.15
20,1643,NIFTYBEES,EQ,2965669,2133561,71.94
20,1644,NIFTYBETF,EQ,761,711,93.43
20,1645,NIFTYETF,EQ,93320,85797,91.94
20,1646,NIFTYIETF,EQ,179520,122558,68.27
20,1647,NIFTYQLITY,EQ,55326,44273,80.02
20,1648,NIITLTD,EQ,12232153,2292393,18.74
20,1649,NIITMTS,EQ,39173,25245,64.44
20,1650,NILAINFRA,EQ,3727181,1094459,29.36
20,1651,NILKAMAL,EQ,3917,1871,47.77
20,1652,NINSYS,EQ,38067,15748,41.37
20,1653,NIPPOBATRY,EQ,4350,2856,65.66
20,1654,NIRMAN,ST,7500,7500,100.00
20,1655,NITINSPIN,EQ,276176,162005,58.66
20,1656,NITIRAJ,EQ,2966,1791,60.38
20,1657,NIVABUPA,EQ,1953771,1077631,55.16
20,1658,NKIND,EQ,465,224,48.17
20,1659,NLCINDIA,EQ,816645,194233,23.78
20,1660,NMDC,EQ,5955020,2555409,42.91
20,1661,NOCIL,EQ,526875,284845,54.06
20,1662,NORTHARC,EQ,553424,223576,40.40
20,1663,NOVAAGRI,EQ,283888,164116,57.81
20,1664,NPBET,EQ,387,277,71.58
20,1665,NPST,SM,13700,8100,59.12
20,1666,NRAIL,EQ,14932,5327,35.68
20,1667,NRBBEARING,EQ,83656,39557,47.29
20,1668,NSIL,EQ,26971,15074,55.89
20,1669,NSLNISP,EQ,3554220,1363768,38.37
20,1670,NTPC,EQ,14225274,5182151,36.43
20,1671,NTPCGREEN,EQ,300960804,111026484,36.89
20,1672,NUCLEUS,EQ,33002,14207,43.05
20,1673,NURECA,EQ,3950,2490,63.04
20,1674,NUVAMA,EQ,56297,27346,48.57
20,1675,NUVOCO,EQ,50434,16281,32.28
20,1676,NV20,EQ,8692,4377,50.36
20,1677,NV20BEES,EQ,9900,7749,78.27
20,1678,NV20IETF,EQ,326311,141602,43.39
20,1679,NXST,RR,410700,323655,78.81
20,1680,NYKAA,EQ,5671819,2287898,40.34
20,1681,OAL,EQ,45481,19991,43.95
20,1682,OBCL,EQ,39763,29761,74.85
20,1683,OBEROIRLTY,EQ,744669,307495,41.29
20,1684,OBSCP,SM,253200,178800,70.62
20,1685,OCCL,EQ,16668,8622,51.73
20,1686,OCCLLTD,EQ,75888,44409,58.52
20,1687,OFSS,EQ,70895,35996,50.77
20,1688,OIL,EQ,1705641,726742,42.61
20,1689,OILIETF,EQ,1304229,559982,42.94
20,1690,OLAELEC,EQ,244701933,47882854,19.57
20,1691,OLECTRA,EQ,720750,189627,26.31
20,1692,OLIL,SM,8400,8400,100.00
20,1693,OMAXAUTO,EQ,110198,84344,76.54
20,1694,OMAXE,EQ,270995,154784,57.12
20,1695,OMFURN,SM,38400,26400,68.75
20,1696,OMINFRAL,EQ,303972,154162,50.72
20,1697,ONDOOR,SM,3900,2700,69.23
20,1698,ONELIFECAP,EQ,5273,4160,78.89
20,1699,ONEPOINT,EQ,540705,367846,68.03
20,1700,ONGC,EQ,11689970,6000373,51.33
20,1701,ONMOBILE,EQ,458453,183311,39.98
20,1702,ONWARDTEC,EQ,34467,16129,46.80
20,1703,ONYX,ST,386000,370000,95.85
20,1704,ORBTEXP,EQ,20203,12383,61.29
20,1705,ORCHPHARMA,EQ,95781,29104,30.39
20,1706,ORIANA,SM,54300,28725,52.90
20,1707,ORICONENT,EQ,229104,132127,57.67
20,1708,ORIENTBELL,EQ,13075,8968,68.59
20,1709,ORIENTCEM,EQ,1340555,457687,34.14
20,1710,ORIENTCER,EQ,96720,50035,51.73
20,1711,ORIENTELEC,EQ,211419,106684,50.46
20,1712,ORIENTHOT,EQ,132339,62774,47.43
20,1713,ORIENTLTD,EQ,383281,83020,21.66
20,1714,ORIENTPPR,EQ,643954,404421,62.80
20,1715,ORIENTTECH,EQ,621160,350711,56.46
20,1716,ORISSAMINE,EQ,5315,2400,45.16
20,1717,ORTINGLOBE,EQ,3002,2794,93.07
20,1718,OSELDEVICE,SM,81600,53600,65.69
20,1719,OSWALGREEN,EQ,659574,339278,51.44
20,1720,OWAIS,SM,16100,11500,71.43
20,1721,PAGEIND,EQ,22236,14516,65.28
20,1722,PAISALO,EQ,2679657,876944,32.73
20,1723,PAKKA,EQ,57330,36812,64.21
20,1724,PALASHSECU,EQ,13560,5215,38.46
20,1725,PANAMAPET,EQ,18335,11004,60.02
20,1726,PAR,EQ,159242,70757,44.43
20,1727,PARACABLES,EQ,1478757,672950,45.51
20,1728,PARADEEP,EQ,3491870,1572052,45.02
20,1729,PARAGMILK,EQ,744376,273287,36.71
20,1730,PARAGON,SM,12000,9600,80.00
20,1731,PARAMOUNT,SM,3600,3600,100.00
20,1732,PARAS,EQ,314373,135256,43.02
20,1733,PARKHOTELS,EQ,2889536,1765701,61.11
20,1734,PARTYCRUS,SM,1000,1000,100.00
20,1735,PASHUPATI,ST,20600,20600,100.00
20,1736,PATANJALI,EQ,261878,172459,65.85
20,1737,PATELENG,EQ,3804485,1731193,45.50
20,1738,PATINTLOG,EQ,1957982,845603,43.19
20,1739,PATTECH,ST,3000,3000,100.00
20,1740,PAYTM,EQ,9576584,2173342,22.69
20,1741,PCBL,EQ,4481647,1910336,42.63
20,1742,PCCL,SM,126400,124400,98.42
20,1743,PDMJEPAPER,EQ,839825,253737,30.21
20,1744,PDSL,EQ,56717,35808,63.13
20,1745,PEARLPOLY,EQ,142170,64691,45.50
20,1746,PEL,EQ,2128329,397306,18.67
20,1747,PELATRO,SM,15600,12000,76.92
20,1748,PENIND,EQ,706078,289739,41.03
20,1749,PENINLAND,EQ,600980,219958,36.60
20,1750,PENTAGON,SM,5000,5000,100.00
20,1751,PERFECT,ST,6000,6000,100.00
20,1752,PERSISTENT,EQ,313105,140702,44.94
20,1753,PETRONET,EQ,1195881,666795,55.76
20,1754,PFC,EQ,6332307,2302759,36.37
20,1755,PFIZER,EQ,27760,19469,70.13
20,1756,PFOCUS,EQ,24500,12574,51.32
20,1757,PFS,EQ,650694,273339,42.01
20,1758,PGEL,EQ,2474445,1083922,43.80
20,1759,PGHH,EQ,5623,1250,22.23
20,1760,PGHL,EQ,47373,35600,75.15
20,1761,PGIL,EQ,43203,22933,53.08
20,1762,PGINVIT,IV,892524,790324,88.55
20,1763,PHANTOMFX,ST,15600,13800,88.46
20,1764,PHARMABEES,EQ,3668101,2342312,63.86
20,1765,PHOENIXLTD,EQ,521726,340163,65.20
20,1766,PHOGLOBAL,ST,36000,32000,88.89
20,1767,PIDILITIND,EQ,186980,67972,36.35
20,1768,PIIND,EQ,130156,78461,60.28
20,1769,PILANIINVS,EQ,3371,1986,58.91
20,1770,PILITA,EQ,110418,65275,59.12
20,1771,PIONEEREMB,EQ,7719,5556,71.98
20,1772,PITTIENG,EQ,65417,20258,30.97
20,1773,PIXTRANS,EQ,472320,73407,15.54
20,1774,PKTEA,EQ,1153,518,44.93
20,1775,PLATIND,EQ,216965,80923,37.30
20,1776,PLAZACABLE,EQ,43336,23820,54.97
20,1777,PNB,EQ,25139229,8657043,34.44
20,1778,PNBGILTS,EQ,238654,115733,48.49
20,1779,PNBHOUSING,EQ,955793,473459,49.54
20,1780,PNC,EQ,69463,34378,49.49
20,1781,PNCINFRA,EQ,1763013,1487884,84.39
20,1782,PNGJL,EQ,303133,126409,41.70
20,1783,POCL,EQ,79650,41495,52.10
20,1784,PODDARMENT,EQ,6716,4912,73.14
20,1785,POKARNA,EQ,76764,35419,46.14
20,1786,POLICYBZR,EQ,868323,508838,58.60
20,1787,POLYCAB,EQ,497850,159254,31.99
20,1788,POLYMED,EQ,209729,52292,24.93
20,1789,POLYPLEX,EQ,205261,86636,42.21
20,1790,POLYSIL,SM,4000,4000,100.00
20,1791,PONNIERODE,EQ,15567,5858,37.63
20,1792,POONAWALLA,EQ,840331,542848,64.60
20,1793,POSITRON,ST,16500,16500,100.00
20,1794,POWERGRID,EQ,12177260,7711805,63.33
20,1795,POWERINDIA,EQ,87518,37909,43.32
20,1796,POWERMECH,EQ,47024,26883,57.17
20,1797,PPAP,EQ,17007,6875,40.42
20,1798,PPL,EQ,70675,33805,47.83
20,1799,PPLPHARMA,EQ,2338308,916832,39.21
20,1800,PPSL,SM,63000,57000,90.48
20,1801,PRAJIND,EQ,979416,256039,26.14
20,1802,PRAKASH,EQ,737623,392950,53.27
20,1803,PRAKASHSTL,EQ,690322,353882,51.26
20,1804,PRAMARA,SM,8000,6000,75.00
20,1805,PRANIK,SM,65600,43200,65.85
20,1806,PRATHAM,ST,25600,25600,100.00
20,1807,PRECAM,EQ,511947,162835,31.81
20,1808,PRECISION,SM,10000,6000,60.00
20,1809,PRECOT,EQ,4538,2798,61.66
20,1810,PRECWIRE,EQ,308244,125383,40.68
20,1811,PREMEXPLN,EQ,88351,50083,56.69
20,1812,PREMIERENE,EQ,2506692,525639,20.97
20,1813,PREMIUM,SM,54000,42000,77.78
20,1814,PRESSTONIC,SM,29600,16000,54.05
20,1815,PRESTIGE,EQ,1327672,611687,46.07
20,1816,PRICOLLTD,EQ,165595,83020,50.13
20,1817,PRIMESECU,EQ,35554,23424,65.88
20,1818,PRINCEPIPE,EQ,153653,75552,49.17
20,1819,PRITI,EQ,53572,27869,52.02
20,1820,PRITIKA,ST,33000,22000,66.67
20,1821,PRITIKAUTO,EQ,2455170,890931,36.29
20,1822,PRIVISCL,EQ,56316,23293,41.36
20,1823,PRIZOR,ST,42400,41600,98.11
20,1824,PRLIND,SM,64000,40000,62.50
20,1825,PROLIFE,SM,4000,3500,87.50
20,1826,PROPEQUITY,SM,6600,6600,100.00
20,1827,PROV,SM,480,480,100.00
20,1828,PROZONER,EQ,75428,39822,52.79
20,1829,PRSMJOHNSN,EQ,538247,121754,22.62
20,1830,PRUDENT,EQ,44167,13258,30.02
20,1831,PSB,EQ,651033,194772,29.92
20,1832,PSFL,SM,2000,2000,100.00
20,1833,PSPPROJECT,EQ,965413,203062,21.03
20,1834,PSUBANK,EQ,15983,11095,69.42
20,1835,PSUBANKADD,EQ,2993,2600,86.87
20,1836,PSUBNKBEES,EQ,835763,365621,43.75
20,1837,PSUBNKIETF,EQ,79394,38654,48.69
20,1838,PTC,EQ,948712,508363,53.58
20,1839,PTCIL,EQ,14124,4142,29.33
20,1840,PTL,EQ,33752,18262,54.11
20,1841,PULZ,ST,16000,16000,100.00
20,1842,PUNJABCHEM,EQ,8184,5779,70.61
20,1843,PURVA,EQ,19038,14107,74.10
20,1844,PURVFLEXI,SM,63200,41600,65.82
20,1845,PVRINOX,EQ,1298962,298142,22.95
20,1846,PVSL,EQ,135056,116288,86.10
20,1847,PVTBANIETF,EQ,845248,589970,69.80
20,1848,PVTBANKADD,EQ,126260,125257,99.21
20,1849,PYRAMID,EQ,255383,80242,31.42
20,1850,QGOLDHALF,EQ,82951,47591,57.37
20,1851,QMSMEDI,SM,8000,5000,62.50
20,1852,QNIFTY,EQ,509,279,54.81
20,1853,QUADPRO,SM,72000,60000,83.33
20,1854,QUAL30IETF,EQ,59146,37641,63.64
20,1855,QUESS,EQ,4581000,406057,8.86
20,1856,QUESTLAB,SM,7200,6000,83.33
20,1857,QUICKHEAL,EQ,229935,54439,23.68
20,1858,QUICKTOUCH,SM,20500,12500,60.98
20,1859,QVCEL,ST,6400,6400,100.00
20,1860,RACE,EQ,14729,7267,49.34
20,1861,RACLGEAR,EQ,10640,7579,71.23
20,1862,RADIANTCMS,EQ,99402,53421,53.74
20,1863,RADICO,EQ,83016,38782,46.72
20,1864,RADIOCITY,EQ,187493,99731,53.19
20,1865,RADIOCITY,P1,3585,1619,45.16
20,1866,RADIOWALLA,SM,16000,11200,70.00
20,1867,RAILTEL,EQ,2964168,621146,20.96
20,1868,RAIN,EQ,568551,282727,49.73
20,1869,RAINBOW,EQ,271638,105881,38.98
20,1870,RAJESHEXPO,EQ,833113,304801,36.59
20,1871,RAJINDLTD,SM,21000,15000,71.43
20,1872,RAJMET,EQ,660222,428410,64.89
20,1873,RAJRATAN,EQ,231332,144680,62.54
20,1874,RAJSREESUG,EQ,37004,13375,36.14
20,1875,RALLIS,EQ,191349,75403,39.41
20,1876,RAMANEWS,EQ,23814,13036,54.74
20,1877,RAMAPHO,EQ,7243,4478,61.83
20,1878,RAMASTEEL,EQ,15149255,3808908,25.14
20,1879,RAMCOCEM,EQ,1088089,474517,43.61
20,1880,RAMCOIND,EQ,172861,97988,56.69
20,1881,RAMCOSYS,EQ,47941,28664,59.79
20,1882,RAMKY,EQ,488909,127123,26.00
20,1883,RAMRAT,EQ,25479,13203,51.82
20,1884,RANASUG,EQ,267704,121116,45.24
20,1885,RANEHOLDIN,EQ,5520,2838,51.41
20,1886,RAPPID,SM,12600,12000,95.24
20,1887,RATEGAIN,EQ,267522,149767,55.98
20,1888,RATNAMANI,EQ,12949,5599,43.24
20,1889,RATNAVEER,EQ,347605,158357,45.56
20,1890,RAYMOND,EQ,254232,81106,31.90
20,1891,RAYMONDLSL,EQ,68469,28736,41.97
20,1892,RBA,EQ,1145709,614259,53.61
20,1893,RBLBANK,EQ,4599958,2000179,43.48
20,1894,RBMINFRA,ST,23200,21600,93.10
20,1895,RBS,SM,412800,147200,35.66
20,1896,RCDL,SM,3000,3000,100.00
20,1897,RCF,EQ,3054294,588337,19.26
20,1898,RECLTD,EQ,4437672,1502149,33.85
20,1899,REDINGTON,EQ,1333735,556298,41.71
20,1900,REDTAPE,EQ,45935,26445,57.57
20,1901,REFRACTORY,ST,13000,13000,100.00
20,1902,RELAXO,EQ,51787,20953,40.46
20,1903,RELCHEMQ,EQ,24245,14086,58.10
20,1904,RELIABLE,EQ,10875,8195,75.36
20,1905,RELIANCE,EQ,9572746,5187301,54.19
20,1906,RELIGARE,EQ,920152,659729,71.70
20,1907,REMSONSIND,EQ,156569,107608,68.73
20,1908,REMUS,SM,4700,3800,80.85
20,1909,RENUKA,EQ,9682093,2479086,25.60
20,1910,REPCOHOME,EQ,85431,50753,59.41
20,1911,REPL,EQ,11578,6471,55.89
20,1912,REPRO,EQ,45329,15001,33.09
20,1913,RESPONIND,EQ,191679,45444,23.71
20,1914,REXPIPES,SM,2000,2000,100.00
20,1915,RGL,EQ,294919,154315,52.32
20,1916,RHIM,EQ,59912,25991,43.38
20,1917,RHL,EQ,5421,4104,75.71
20,1918,RICOAUTO,EQ,342522,166962,48.74
20,1919,RIIL,EQ,755777,109266,14.46
20,1920,RILINFRA,ST,8400,8400,100.00
20,1921,RISHABH,EQ,45250,19652,43.43
20,1922,RITCO,EQ,109843,43271,39.39
20,1923,RITES,EQ,3531759,1277483,36.17
20,1924,RKEC,EQ,158124,125837,79.58
20,1925,RKFORGE,EQ,123260,47166,38.27
20,1926,RKSWAMY,EQ,115992,67089,57.84
20,1927,RMDRIP,ST,500,500,100.00
20,1928,RML,EQ,23630,6153,26.04
20,1929,RNFI,SM,33600,25200,75.00
20,1930,ROCKINGDCE,SM,208500,96000,46.04
20,1931,ROHLTD,EQ,41835,20288,48.50
20,1932,ROLEXRINGS,EQ,4080,2531,62.03
20,1933,ROML,EQ,9113,7992,87.70
20,1934,ROSSARI,EQ,57609,12771,22.17
20,1935,ROTO,EQ,833920,195473,23.44
20,1936,ROUTE,EQ,33182,17146,51.67
20,1937,ROXHITECH,SM,43200,33600,77.78
20,1938,RPEL,EQ,37054,24406,65.87
20,1939,RPGLIFE,EQ,10116,5294,52.33
20,1940,RPPINFRA,EQ,872892,277656,31.81
20,1941,RPPL,EQ,67989,38658,56.86
20,1942,RPSGVENT,EQ,51557,37996,73.70
20,1943,RPTECH,EQ,129814,57714,44.46
20,1944,RRKABEL,EQ,395061,24901,6.30
20,1945,RSWM,EQ,55798,24246,43.45
20,1946,RSYSTEMS,EQ,315665,241119,76.38
20,1947,RTNINDIA,EQ,3505909,1269821,36.22
20,1948,RTNPOWER,EQ,9625540,5638386,58.58
20,1949,RUBFILA,EQ,1019534,372922,36.58
20,1950,RUBYMILLS,EQ,1134324,182695,16.11
20,1951,RUCHIRA,EQ,49197,35352,71.86
20,1952,RULKA,SM,13800,8700,63.04
20,1953,RUPA,EQ,78035,34484,44.19
20,1954,RUSHIL,EQ,259980,123638,47.56
20,1955,RUSTOMJEE,EQ,50919,25497,50.07
20,1956,RVHL,EQ,61728,27220,44.10
20,1957,RVNL,EQ,5527098,1701148,30.78
20,1958,SAAKSHI,SM,19200,17400,90.63
20,1959,SABAR,ST,80000,70000,87.50
20,1960,SADBHAV,EQ,1453871,795167,54.69
20,1961,SADBHIN,EQ,119788,91619,76.48
20,1962,SADHAV,SM,18600,13800,74.19
20,1963,SADHNANIQ,EQ,243898,106412,43.63
20,1964,SAFARI,EQ,46442,26261,56.55
20,1965,SAGARDEEP,EQ,12708,9357,73.63
20,1966,SAGCEM,EQ,67093,31415,46.82
20,1967,SAGILITY,EQ,103883169,44383060,42.72
20,1968,SAHAJ,SM,20000,16000,80.00
20,1969,SAHAJSOLAR,ST,27000,25400,94.07
20,1970,SAHANA,SM,8625,5250,60.87
20,1971,SAHASRA,SM,340800,198000,58.10
20,1972,SAHYADRI,EQ,3771,2384,63.22
20,1973,SAIFL,SM,8000,5600,70.00
20,1974,SAIL,EQ,13214253,3540074,26.79
20,1975,SAJHOTELS,SM,204000,122000,59.80
20,1976,SAKAR,EQ,18385,8815,47.95
20,1977,SAKHTISUG,EQ,178251,76346,42.83
20,1978,SAKSOFT,EQ,144972,65426,45.13
20,1979,SALASAR,EQ,4029451,2429563,60.30
20,1980,SALONA,EQ,1936,1078,55.68
20,1981,SALSTEEL,EQ,57156,36463,63.80
20,1982,SALZERELEC,EQ,64077,27355,42.69
20,1983,SAMBHAAV,EQ,56426,26154,46.35
20,1984,SAMHI,EQ,1976168,1335086,67.56
20,1985,SAMMAANCAP,EQ,7800500,3052584,39.13
20,1986,SAMPANN,EQ,68059,31834,46.77
20,1987,SANDESH,EQ,1534,1037,67.60
20,1988,SANDHAR,EQ,74197,42585,57.39
20,1989,SANDUMA,EQ,335615,180451,53.77
20,1990,SANGAMIND,EQ,19075,10254,53.76
20,1991,SANGANI,ST,3000,3000,100.00
20,1992,SANGHIIND,EQ,617053,181125,29.35
20,1993,SANGHVIMOV,EQ,726853,398958,54.89
20,1994,SANGINITA,EQ,81954,48490,59.17
20,1995,SANOFI,EQ,14256,9238,64.80
20,1996,SANOFICONR,EQ,2602,1724,66.26
20,1997,SANSERA,EQ,149772,78998,52.75
20,1998,SANSTAR,EQ,620572,298603,48.12
20,1999,SAPPHIRE,EQ,326649,182243,55.79
20,2000,SARDAEN,EQ,152496,49649,32.56
20,2001,SAREGAMA,EQ,268780,72004,26.79
20,2002,SARLAPOLY,EQ,1562074,909312,58.21
20,2003,SAROJA,SM,1600,1600,100.00
20,2004,SARTELE,SM,155500,114500,73.63
20,2005,SARVESHWAR,EQ,8830455,3341262,37.84
20,2006,SASKEN,EQ,38482,17191,44.67
20,2007,SASTASUNDR,EQ,33093,15310,46.26
20,2008,SATECH,ST,49000,43000,87.76
20,2009,SATIA,EQ,177820,101120,56.87
20,2010,SATIN,EQ,483807,338851,70.04
20,2011,SATINDLTD,EQ,266785,115709,43.37
20,2012,SATIPOLY,SM,2000,1500,75.00
20,2013,SAURASHCEM,EQ,51466,31117,60.46
20,2014,SBC,EQ,3746030,1227797,32.78
20,2015,SBCL,EQ,125599,63362,50.45
20,2016,SBFC,EQ,1675993,634759,37.87
20,2017,SBGLP,EQ,78557,31632,40.27
20,2018,SBICARD,EQ,909536,465648,51.20
20,2019,SBIETFCON,EQ,9016,4740,52.57
20,2020,SBIETFIT,EQ,8192,6513,79.50
20,2021,SBIETFPB,EQ,5220,4604,88.20
20,2022,SBIETFQLTY,EQ,959,531,55.37
20,2023,SBILIFE,EQ,467560,260268,55.67
20,2024,SBIN,EQ,8375108,2513440,30.01
20,2025,SBINEQWETF,EQ,12004,5654,47.10
20,2026,SBISILVER,EQ,85400,68850,80.62
20,2027,SCHAEFFLER,EQ,90008,24680,27.42
20,2028,SCHAND,EQ,65060,36721,56.44
20,2029,SCHNEIDER,EQ,325662,135192,41.51
20,2030,SCI,EQ,3752763,984548,26.24
20,2031,SCILAL,EQ,4088565,1094441,26.77
20,2032,SCL24A,ZS,10,10,100.00
20,2033,SCL25924A,N1,10,10,100.00
20,2034,SCL310524,ZF,20,10,50.00
20,2035,SCLZC25B,AT,101,100,99.01
20,2036,SCML,SM,15000,11000,73.33
20,2037,SDBL,EQ,827738,529055,63.92
20,2038,SDL26BEES,EQ,4542,3474,76.49
20,2039,SDREAMS,SM,11000,7000,63.64
20,2040,SEAMECLTD,EQ,40707,25038,61.51
20,2041,SECL,SM,12500,12500,100.00
20,2042,SECMARK,EQ,2174,1331,61.22
20,2043,SECURKLOUD,EQ,26293,19117,72.71
20,2044,SEL,ST,3400,3400,100.00
20,2045,SELAN,EQ,31282,19496,62.32
20,2046,SELMC,EQ,9725,7325,75.32
20,2047,SENCO,EQ,121113,56198,46.40
20,2048,SENSEXADD,EQ,1529,1255,82.08
20,2049,SENSEXETF,EQ,5254,3433,65.34
20,2050,SENSEXIETF,EQ,2307,1609,69.74
20,2051,SEPC,EQ,13667672,5948962,43.53
20,2052,SERVICE,SM,14000,12000,85.71
20,2053,SERVOTECH,EQ,559635,278664,49.79
20,2054,SESHAPAPER,EQ,11037,7783,70.52
20,2055,SETCO,EQ,60486,34717,57.40
20,2056,SETF10GILT,EQ,11723,11338,96.72
20,2057,SETFGOLD,EQ,3538961,3003317,84.86
20,2058,SETFNIF50,EQ,197822,125858,63.62
20,2059,SETFNIFBK,EQ,29272,26081,89.10
20,2060,SETFNN50,EQ,24969,14981,60.00
20,2061,SFL,EQ,183970,116706,63.44
20,2062,SFLZC25A,ZK,20,20,100.00
20,2063,SFLZC26A,ZC,20,10,50.00
20,2064,SGBAPR28I,GB,452,169,37.39
20,2065,SGBAUG27,GB,84,84,100.00
20,2066,SGBAUG28V,GB,328,279,85.06
20,2067,SGBAUG29V,GB,283,191,67.49
20,2068,SGBAUG30,GB,154,105,68.18
20,2069,SGBD29VIII,GB,54,53,98.15
20,2070,SGBDC27VII,GB,1,1,100.00
20,2071,SGBDE30III,GB,99,61,61.62
20,2072,SGBDE31III,GB,1400,943,67.36
20,2073,SGBDEC26,GB,3,3,100.00
20,2074,SGBFEB27,GB,15,15,100.00
20,2075,SGBFEB29XI,GB,9,7,77.78
20,2076,SGBFEB32IV,GB,2022,1724,85.26
20,2077,SGBJAN26,GB,13,13,100.00
20,2078,SGBJAN29IX,GB,27,18,66.67
20,2079,SGBJAN29X,GB,21,11,52.38
20,2080,SGBJAN30IX,GB,164,146,89.02
20,2081,SGBJU29III,GB,42,42,100.00
20,2082,SGBJUL25,GB,77,71,92.21
20,2083,SGBJUL27,GB,7,7,100.00
20,2084,SGBJUL28IV,GB,56,46,82.14
20,2085,SGBJUL29IV,GB,101,96,95.05
20,2086,SGBJUN28,GB,83,83,100.00
20,2087,SGBJUN29II,GB,291,239,82.13
20,2088,SGBJUN30,GB,21,15,71.43
20,2089,SGBJUN31I,GB,374,257,68.72
20,2090,SGBMAR25,GB,25,23,92.00
20,2091,SGBMAR28X,GB,2,2,100.00
20,2092,SGBMAR30X,GB,298,147,49.33
20,2093,SGBMAR31IV,GB,106,98,92.45
20,2094,SGBMAY25,GB,27,18,66.67
20,2095,SGBMAY26,GB,21,19,90.48
20,2096,SGBMAY28,GB,99,92,92.93
20,2097,SGBMAY29I,GB,828,714,86.23
20,2098,SGBMR29XII,GB,588,389,66.16
20,2099,SGBN28VIII,GB,73,49,67.12
20,2100,SGBNOV25,GB,1,1,100.00
20,2101,SGBNOV25IX,GB,85,60,70.59
20,2102,SGBNOV25VI,GB,110,105,95.45
20,2103,SGBNOV26,GB,2,2,100.00
20,2104,SGBNV29VII,GB,98,64,65.31
20,2105,SGBOC28VII,GB,111,101,90.99
20,2106,SGBOCT25,GB,10,7,70.00
20,2107,SGBOCT25IV,GB,29,26,89.66
20,2108,SGBOCT25V,GB,5,4,80.00
20,2109,SGBOCT27,GB,73,70,95.89
20,2110,SGBOCT27VI,GB,12,12,100.00
20,2111,SGBSEP27,GB,50,40,80.00
20,2112,SGBSEP28VI,GB,50,46,92.00
20,2113,SGBSEP29VI,GB,136,93,68.38
20,2114,SGBSEP31II,GB,1287,1076,83.61
20,2115,SGIL,EQ,513444,223690,43.57
20,2116,SHAILY,EQ,1025378,469597,45.80
20,2117,SHAKTIPUMP,EQ,1174403,642934,54.75
20,2118,SHALBY,EQ,213939,145406,67.97
20,2119,SHALPAINTS,EQ,101082,54560,53.98
20,2120,SHANKARA,EQ,121264,75049,61.89
20,2121,SHANTHALA,SM,21600,16800,77.78
20,2122,SHANTI,EQ,4786,3855,80.55
20,2123,SHANTIGEAR,EQ,25385,16145,63.60
20,2124,SHARDACROP,EQ,467484,181087,38.74
20,2125,SHARDAMOTR,EQ,12671,7217,56.96
20,2126,SHAREINDIA,EQ,447341,165533,37.00
20,2127,SHARIABEES,EQ,2664,1353,50.79
20,2128,SHEETAL,SM,20000,10000,50.00
20,2129,SHEMAROO,EQ,84123,35015,41.62
20,2130,SHERA,SM,41000,27000,65.85
20,2131,SHIGAN,SM,10500,9000,85.71
20,2132,SHILPAMED,EQ,479064,182598,38.12
20,2133,SHIVALIK,EQ,34016,22478,66.08
20,2134,SHIVAMAUTO,EQ,108591,51669,47.58
20,2135,SHIVAMILLS,EQ,9041,6582,72.80
20,2136,SHIVATEX,EQ,7717,3179,41.19
20,2137,SHK,EQ,323148,174678,54.06
20,2138,SHOPERSTOP,EQ,48843,25093,51.37
20,2139,SHREDIGCEM,EQ,121225,65641,54.15
20,2140,SHREECEM,EQ,22143,7144,32.26
20,2141,SHREEKARNI,SM,4350,4200,96.55
20,2142,SHREEOSFM,SM,20000,16000,80.00
20,2143,SHREERAMA,EQ,192766,192754,99.99
20,2144,SHREYANIND,EQ,21465,16595,77.31
20,2145,SHRIPISTON,EQ,65601,33600,51.22
20,2146,SHRIRAMFIN,EQ,812950,389440,47.90
20,2147,SHRIRAMPPS,EQ,1316492,688768,52.32
20,2148,SHRITECH,SM,76000,58000,76.32
20,2149,SHUBHLAXMI,ST,30000,26000,86.67
20,2150,SHUBHSHREE,ST,10800,10800,100.00
20,2151,SHYAMCENT,EQ,456098,224995,49.33
20,2152,SHYAMMETL,EQ,181945,131352,72.19
20,2153,SIDDHIKA,SM,4000,3000,75.00
20,2154,SIEMENS,EQ,1360472,182187,13.39
20,2155,SIGACHI,EQ,2098866,785510,37.43
20,2156,SIGIND,EQ,26080,17816,68.31
20,2157,SIGMA,EQ,35508,15571,43.85
20,2158,SIGNATURE,EQ,241551,15362,6.36
20,2159,SIGNPOST,EQ,905448,308761,34.10
20,2160,SIKKO,EQ,55685,31839,57.18
20,2161,SIL,EQ,27291,21891,80.21
20,2162,SILGO,EQ,490468,153297,31.26
20,2163,SILLYMONKS,EQ,3492,2262,64.78
20,2164,SILVER,EQ,59643,46103,77.30
20,2165,SILVER1,EQ,40732,23164,56.87
20,2166,SILVERADD,EQ,242632,231086,95.24
20,2167,SILVERBEES,EQ,6405061,4916360,76.76
20,2168,SILVERETF,EQ,177756,143957,80.99
20,2169,SILVERIETF,EQ,952609,904235,94.92
20,2170,SILVERTUC,EQ,148293,69367,46.78
20,2171,SILVRETF,EQ,12659,7637,60.33
20,2172,SINCLAIR,EQ,323253,226844,70.18
20,2173,SINDHUTRAD,EQ,519327,265470,51.12
20,2174,SINTERCOM,EQ,3065,1405,45.84
20,2175,SIRCA,EQ,120700,70216,58.17
20,2176,SIS,EQ,42419,24216,57.09
20,2177,SIYSIL,EQ,534991,126164,23.58
20,2178,SJLOGISTIC,ST,5750,5750,100.00
20,2179,SJS,EQ,298841,134577,45.03
20,2180,SJVN,EQ,4539803,1262251,27.80
20,2181,SKFINDIA,EQ,25552,11856,46.40
20,2182,SKIPPER,EQ,735741,269277,36.60
20,2183,SKMEGGPROD,EQ,218052,66568,30.53
20,2184,SKP,SM,5500,4500,81.82
20,2185,SLONE,ST,17600,16000,90.91
20,2186,SMALLCAP,EQ,485176,352220,72.60
20,2187,SMCGLOBAL,EQ,100912,55729,55.23
20,2188,SMLISUZU,EQ,14924,6714,44.99
20,2189,SMLT,EQ,19101,11684,61.17
20,2190,SMSPHARMA,EQ,205807,94259,45.80
20,2191,SNOWMAN,EQ,369941,152296,41.17
20,2192,SOBHA,EQ,105822,37356,35.30
20,2193,SOBHAPP,E1,14903,14236,95.52
20,2194,SOFTTECH,EQ,1646,856,52.00
20,2195,SOLARA,EQ,85470,49611,58.04
20,2196,SOLARAPP,E1,3830,2867,74.86
20,2197,SOLARINDS,EQ,28376,12816,45.16
20,2198,SOLEX,SM,9375,7000,74.67
20,2199,SOMANYCERA,EQ,87607,78726,89.86
20,2200,SOMATEX,EQ,39163,13497,34.46
20,2201,SONACOMS,EQ,673597,382996,56.86
20,2202,SONAMAC,ST,10000,8000,80.00
20,2203,SONATSOFTW,EQ,1770032,536813,30.33
20,2204,SOTAC,SM,1200,1200,100.00
20,2205,SOTL,EQ,24388,15460,63.39
20,2206,SOUTHBANK,EQ,7252163,3328601,45.90
20,2207,SOUTHWEST,EQ,101821,69321,68.08
20,2208,SPAL,EQ,8983,4325,48.15
20,2209,SPANDANA,EQ,257973,144250,55.92
20,2210,SPARC,EQ,531890,197558,37.14
20,2211,SPCENET,EQ,1865040,1404977,75.33
20,2212,SPCL,SM,61200,42600,69.61
20,2213,SPECIALITY,EQ,27465,17893,65.15
20,2214,SPECTRUM,SM,8375,7000,83.58
20,2215,SPECTSTM,ST,39200,39200,100.00
20,2216,SPENCERS,EQ,106317,46803,44.02
20,2217,SPIC,EQ,439246,198405,45.17
20,2218,SPLIL,EQ,63651,43544,68.41
20,2219,SPLPETRO,EQ,14795,10121,68.41
20,2220,SPMLINFRA,EQ,1119834,734748,65.61
20,2221,SPORTKING,EQ,161955,87003,53.72
20,2222,SPRL,ST,4000,1600,40.00
20,2223,SREEL,EQ,21718,15397,70.90
20,2224,SRF,EQ,298675,116830,39.12
20,2225,SRGHFL,EQ,4980,1532,30.76
20,2226,SRHHYPOLTD,EQ,34234,14487,42.32
20,2227,SRIVASAVI,SM,4000,4000,100.00
20,2228,SRM,EQ,161572,76157,47.14
20,2229,SSDL,EQ,185354,79764,43.03
20,2230,SSEGL,ST,60600,59600,98.35
20,2231,SSFL,ST,19500,19500,100.00
20,2232,SSWL,EQ,155266,90554,58.32
20,2233,STANLEY,EQ,55396,25615,46.24
20,2234,STAR,EQ,392684,280120,71.33
20,2235,STARCEMENT,EQ,213291,80250,37.62
20,2236,STARHEALTH,EQ,935979,613183,65.51
20,2237,STARPAPER,EQ,10077,5179,51.39
20,2238,STARTECK,EQ,8959,447,4.99
20,2239,STCINDIA,EQ,145039,63491,43.78
20,2240,STEELCAS,EQ,6522,4285,65.70
20,2241,STEELCITY,EQ,58525,27106,46.32
20,2242,STEELXIND,EQ,686986,392465,57.13
20,2243,STEL,EQ,38760,23477,60.57
20,2244,STERTOOLS,EQ,515421,157295,30.52
20,2245,STLTECH,EQ,757849,378806,49.98
20,2246,STOVEKRAFT,EQ,26558,12831,48.31
20,2247,STYLAMIND,EQ,47987,19521,40.68
20,2248,STYLEBAAZA,EQ,251118,172482,68.69
20,2249,STYRENIX,EQ,40589,23528,57.97
20,2250,SUBEXLTD,EQ,4565514,1629120,35.68
20,2251,SUBROS,EQ,35737,14765,41.32
20,2252,SUDARSCHEM,EQ,214617,62301,29.03
20,2253,SUKHJITS,EQ,6437,4056,63.01
20,2254,SULA,EQ,860601,204149,23.72
20,2255,SUMICHEM,EQ,316321,118227,37.38
20,2256,SUMMITSEC,EQ,18345,9701,52.88
20,2257,SUNCLAY,EQ,18431,13748,74.59
20,2258,SUNDARAM,EQ,688795,450251,65.37
20,2259,SUNDARMFIN,EQ,68184,28888,42.37
20,2260,SUNDARMHLD,EQ,40361,22458,55.64
20,2261,SUNDRMFAST,EQ,18136,10727,59.15
20,2262,SUNFLAG,EQ,95876,40854,42.61
20,2263,SUNLITE,SM,25200,24000,95.24
20,2264,SUNPHARMA,EQ,1982546,1503477,75.84
20,2265,SUNREST,SM,1600,1600,100.00
20,2266,SUNTECK,EQ,227290,137589,60.53
20,2267,SUNTV,EQ,759477,404496,53.26
20,2268,SUPERHOUSE,EQ,11254,9173,81.51
20,2269,SUPRAJIT,EQ,360069,61987,17.22
20,2270,SUPREMEIND,EQ,107057,52858,49.37
20,2271,SUPREMEPWR,ST,35000,30000,85.71
20,2272,SUPRIYA,EQ,562436,149414,26.57
20,2273,SURAJEST,EQ,44478,29754,66.90
20,2274,SURANAT&P,EQ,83351,64895,77.86
20,2275,SURANI,ST,5200,5200,100.00
20,2276,SURYALAXMI,EQ,12870,6945,53.96
20,2277,SURYAROSNI,EQ,501450,188826,37.66
20,2278,SURYODAY,EQ,324563,223257,68.79
20,2279,SUTLEJTEX,EQ,44149,26303,59.58
20,2280,SUVEN,EQ,135669,86214,63.55
20,2281,SUVENPHAR,EQ,107251,70315,65.56
20,2282,SUVIDHAA,EQ,280634,177943,63.41
20,2283,SUYOG,EQ,42330,21208,50.10
20,2284,SUZLON,EQ,37152591,16424400,44.21
20,2285,SVPGLOB,EQ,234856,160931,68.52
20,2286,SWANENERGY,EQ,2852655,723199,25.35
20,2287,SWARAJ,ST,18000,18000,100.00
20,2288,SWARAJENG,EQ,5817,3673,63.14
20,2289,SWASTIK,SM,9600,6000,62.50
20,2290,SWELECTES,EQ,34144,15283,44.76
20,2291,SWIGGY,EQ,40301929,8293788,20.58
20,2292,SWSOLAR,EQ,919963,418516,45.49
20,2293,SYLVANPLY,SM,4000,4000,100.00
20,2294,SYMPHONY,EQ,56024,23365,41.71
20,2295,SYNCOMF,EQ,1764643,1073663,60.84
20,2296,SYNGENE,EQ,1663040,559269,33.63
20,2297,SYNOPTICS,SM,3000,3000,100.00
20,2298,SYRMA,EQ,2130737,521626,24.48
20,2299,SYSTANGO,SM,591200,153200,25.91
20,2300,TAC,ST,7200,7200,100.00
20,2301,TAINWALCHM,EQ,11858,5566,46.94
20,2302,TAJGVK,EQ,151938,74177,48.82
20,2303,TAKE,EQ,81045,53865,66.46
20,2304,TALBROAUTO,EQ,2147737,372114,17.33
20,2305,TANLA,EQ,536623,308264,57.45
20,2306,TAPIFRUIT,SM,3000,2250,75.00
20,2307,TARACHAND,EQ,67919,41053,60.44
20,2308,TARC,EQ,1086988,518854,47.73
20,2309,TARMAT,EQ,30225,23553,77.93
20,2310,TARSONS,EQ,286833,271292,94.58
20,2311,TASTYBITE,EQ,4935,3325,67.38
20,2312,TATACHEM,EQ,562395,141670,25.19
20,2313,TATACOMM,EQ,148132,65222,44.03
20,2314,TATACONSUM,EQ,786040,444871,56.60
20,2315,TATAELXSI,EQ,112698,51298,45.52
20,2316,TATAGOLD,EQ,4820899,3186021,66.09
20,2317,TATAINVEST,EQ,19095,7634,39.98
20,2318,TATAMOTORS,EQ,10014685,4182645,41.77
20,2319,TATAPOWER,EQ,7869397,2633293,33.46
20,2320,TATASTEEL,EQ,24895631,7585432,30.47
20,2321,TATATECH,EQ,667310,459907,68.92
20,2322,TATSILV,EQ,1147552,965562,84.14
20,2323,TATVA,EQ,16575,7326,44.20
20,2324,TBI,ST,5400,5400,100.00
20,2325,TBOTEK,EQ,276954,223269,80.62
20,2326,TBZ,EQ,142766,76137,53.33
20,2327,TCHF30,NB,69,69,100.00
20,2328,TCI,EQ,17812,9827,55.17
20,2329,TCIEXP,EQ,30624,18235,59.54
20,2330,TCL,SM,6400,4800,75.00
20,2331,TCLCONS,EQ,21523,13656,63.45
20,2332,TCPLPACK,EQ,5391,4406,81.73
20,2333,TCS,EQ,1558993,948396,60.83
20,2334,TDPOWERSYS,EQ,1594181,627224,39.34
20,2335,TEAMLEASE,EQ,26258,14516,55.28
20,2336,TECH,EQ,20024,16281,81.31
20,2337,TECHERA,ST,116800,116800,100.00
20,2338,TECHLABS,SM,212250,140375,66.14
20,2339,TECHM,EQ,2088228,1232240,59.01
20,2340,TECHNOE,EQ,102615,64763,63.11
20,2341,TEGA,EQ,36546,15525,42.48
20,2342,TEJASNET,EQ,1030352,330497,32.08
20,2343,TEXINFRA,EQ,1072638,689925,64.32
20,2344,TEXMOPIPES,EQ,86794,47542,54.78
20,2345,TEXRAIL,EQ,3177439,983379,30.95
20,2346,TFCILTD,EQ,470384,234309,49.81
20,2347,TGBHOTELS,EQ,10276,7015,68.27
20,2348,TGL,ST,18400,18400,100.00
20,2349,THANGAMAYL,EQ,46786,18618,39.79
20,2350,THEINVEST,EQ,17444,12026,68.94
20,2351,THEJO,EQ,4868,3282,67.42
20,2352,THEMISMED,EQ,223060,135894,60.92
20,2353,THERMAX,EQ,75609,30489,40.32
20,2354,THESL,SM,9000,6000,66.67
20,2355,THOMASCOOK,EQ,524583,300483,57.28
20,2356,THOMASCOTT,EQ,48768,38159,78.25
20,2357,THYROCARE,EQ,42373,24605,58.07
20,2358,TI,EQ,9244401,2187429,23.66
20,2359,TIIL,EQ,22177,16526,74.52
20,2360,TIINDIA,EQ,550815,367101,66.65
20,2361,TIMESGTY,EQ,11648,5515,47.35
20,2362,TIMETECHNO,EQ,842984,323418,38.37
20,2363,TIMKEN,EQ,11533,5105,44.26
20,2364,TIPSFILMS,EQ,19353,7425,38.37
20,2365,TIPSMUSIC,EQ,239555,93563,39.06
20,2366,TIRUMALCHM,EQ,596365,250073,41.93
20,2367,TIRUPATI,SM,5500,5000,90.91
20,2368,TITAGARH,EQ,1635649,339242,20.74
20,2369,TITAN,EQ,732835,369978,50.49
20,2370,TMB,EQ,230074,148530,64.56
20,2371,TNIDETF,EQ,57548,49155,85.42
20,2372,TNPETRO,EQ,63117,33990,53.85
20,2373,TNPL,EQ,142124,90147,63.43
20,2374,TNTELE,EQ,8562,5298,61.88
20,2375,TOKYOPLAST,EQ,3890,3321,85.37
20,2376,TOLINS,EQ,2808209,830143,29.56
20,2377,TOP100CASE,EQ,154186,106047,68.78
20,2378,TOP10ADD,EQ,816594,788167,96.52
20,2379,TORNTPHARM,EQ,283758,186876,65.86
20,2380,TORNTPOWER,EQ,475277,198622,41.79
20,2381,TOTAL,EQ,9468,7285,76.94
20,2382,TOUCHWOOD,EQ,2320,890,38.36
20,2383,TPHQ,EQ,1974617,942980,47.76
20,2384,TPLPLASTEH,EQ,180107,55850,31.01
20,2385,TRACXN,EQ,227275,131678,57.94
20,2386,TRANSTEEL,SM,60000,42000,70.00
20,2387,TRANSWORLD,EQ,407805,180287,44.21
20,2388,TREL,EQ,668472,386223,57.78
20,2389,TRENT,EQ,784373,375522,47.88
20,2390,TRF,EQ,7982,4212,52.77
20,2391,TRIDENT,EQ,4478799,1467823,32.77
20,2392,TRIDHYA,SM,6000,6000,100.00
20,2393,TRIGYN,EQ,132292,65731,49.69
20,2394,TRITURBINE,EQ,16801320,1363367,8.11
20,2395,TRIVENI,EQ,432262,94154,21.78
20,2396,TROM,SM,7800,5400,69.23
20,2397,TRUST,SM,85200,55200,64.79
20,2398,TTKHLTCARE,EQ,3555,2021,56.85
20,2399,TTKPRESTIG,EQ,40522,14511,35.81
20,2400,TTL,EQ,115229,66280,57.52
20,2401,TTML,EQ,67217735,6337671,9.43
20,2402,TUNWAL,SM,124000,80000,64.52
20,2403,TVSHLTD,EQ,3259,1846,56.64
20,2404,TVSMOTOR,EQ,560953,307656,54.85
20,2405,TVSSCS,EQ,484182,276319,57.07
20,2406,TVSSRICHAK,EQ,1437,813,56.58
20,2407,TVTODAY,EQ,86893,42167,48.53
20,2408,UBL,EQ,136934,55613,40.61
20,2409,UCAL,EQ,48931,19822,40.51
20,2410,UCOBANK,EQ,2936139,675540,23.01
20,2411,UDAICEMENT,EQ,143593,84481,58.83
20,2412,UDS,EQ,238916,100016,41.86
20,2413,UFLEX,EQ,88965,50236,56.47
20,2414,UFO,EQ,83080,46768,56.29
20,2415,UGARSUGAR,EQ,279040,120449,43.17
20,2416,UGROCAP,EQ,221717,129800,58.54
20,2417,UHTL,SM,122000,84000,68.85
20,2418,UJJIVANSFB,EQ,7278571,4096032,56.28
20,2419,ULTRACEMCO,EQ,330284,177347,53.70
20,2420,UMA,SM,48000,40000,83.33
20,2421,UMANGDAIRY,EQ,11973,5277,44.07
20,2422,UMESLTD,EQ,132842,96073,72.32
20,2423,UNICHEMLAB,EQ,12275,5917,48.20
20,2424,UNIDT,EQ,3026,1555,51.39
20,2425,UNIECOM,EQ,776316,311126,40.08
20,2426,UNIENTER,EQ,3278,1800,54.91
20,2427,UNIHEALTH,SM,7000,5000,71.43
20,2428,UNIINFO,EQ,26158,14145,54.08
20,2429,UNILEX,SM,8000,6400,80.00
20,2430,UNIONBANK,EQ,7535056,2817154,37.39
20,2431,UNIPARTS,EQ,60838,41039,67.46
20,2432,UNITDSPR,EQ,547190,349533,63.88
20,2433,UNITEDTEA,EQ,3094,2308,74.60
20,2434,UNIVASTU,EQ,72613,31210,42.98
20,2435,UNIVCABLES,EQ,25891,18084,69.85
20,2436,UNIVPHOTO,EQ,3158,1622,51.36
20,2437,UNOMINDA,EQ,716742,373620,52.13
20,2438,UPL,EQ,1703921,544083,31.93
20,2439,URBAN,ST,1600,1600,100.00
20,2440,USASEEDS,SM,900,600,66.67
20,2441,USHAFIN,SM,26400,20800,78.79
20,2442,USHAMART,EQ,554838,217178,39.14
20,2443,USK,EQ,254087,129612,51.01
20,2444,UTIAMC,EQ,154281,79573,51.58
20,2445,UTIBANKETF,EQ,1863162,1858876,99.77
20,2446,UTINEXT50,EQ,76276,47460,62.22
20,2447,UTINIFTETF,EQ,11871,8617,72.59
20,2448,UTISENSETF,EQ,1629,1360,83.49
20,2449,UTISXN50,EQ,1928,1602,83.09
20,2450,UTKARSHBNK,EQ,1925538,1082772,56.23
20,2451,UTSSAV,ST,51600,49800,96.51
20,2452,UTTAMSUGAR,EQ,94965,34375,36.20
20,2453,UWCSL,SM,1000,1000,100.00
20,2454,UYFINCORP,EQ,103048,58385,56.66
20,2455,VADILALIND,EQ,3789,1588,41.91
20,2456,VAIBHAVGBL,EQ,418582,190215,45.44
20,2457,VAKRANGEE,EQ,3528084,1718548,48.71
20,2458,VAL30IETF,EQ,45173,19521,43.21
20,2459,VALIANTLAB,EQ,240585,43494,18.08
20,2460,VALIANTORG,EQ,39322,21948,55.82
20,2461,VARDHACRLC,EQ,85427,45505,53.27
20,2462,VARROC,EQ,104066,55925,53.74
20,2463,VASA,SM,8000,8000,100.00
20,2464,VASCONEQ,EQ,963359,392472,40.74
20,2465,VBL,EQ,1855103,880933,47.49
20,2466,VDEAL,SM,27600,15600,56.52
20,2467,VEDL,EQ,6120311,2890641,47.23
20,2468,VEEDOL,EQ,13608,7905,58.09
20,2469,VEEKAYEM,ST,1500,1500,100.00
20,2470,VENKEYS,EQ,25700,10083,39.23
20,2471,VENUSPIPES,EQ,57178,39353,68.83
20,2472,VENUSREM,EQ,13422,8503,63.35
20,2473,VERANDA,EQ,79094,45737,57.83
20,2474,VERTOZ,EQ,4279652,1683187,39.33
20,2475,VESUVIUS,EQ,6059,2675,44.15
20,2476,VGUARD,EQ,122568,56641,46.21
20,2477,VHL,EQ,2099,1018,48.50
20,2478,VIAZ,SM,12000,12000,100.00
20,2479,VIDHIING,EQ,11761,6286,53.45
20,2480,VIESL,SM,42400,28800,67.92
20,2481,VIJAYA,EQ,146876,37329,25.42
20,2482,VIKASECO,EQ,6794275,1975433,29.07
20,2483,VIKASLIFE,EQ,2631564,1521348,57.81
20,2484,VILAS,ST,22000,21750,98.86
20,2485,VIMTALABS,EQ,292984,71148,24.28
20,2486,VINATIORGA,EQ,20540,13376,65.12
20,2487,VINCOFE,EQ,200813,126894,63.19
20,2488,VINDHYATEL,EQ,4913,2564,52.19
20,2489,VINEETLAB,EQ,162535,53103,32.67
20,2490,VINSYS,SM,7000,4000,57.14
20,2491,VINYAS,ST,3000,3000,100.00
20,2492,VINYLINDIA,EQ,11479,6882,59.95
20,2493,VIPCLOTHNG,EQ,375884,276061,73.44
20,2494,VIPIND,EQ,185525,61944,33.39
20,2495,VIRINCHI,EQ,198479,121854,61.39
20,2496,VISAKAIND,EQ,312725,120322,38.48
20,2497,VISAMAN,SM,6000,6000,100.00
20,2498,VISHNU,EQ,194363,111488,57.36
20,2499,VISHNUINFR,ST,2000,1500,75.00
20,2500,VISHWARAJ,EQ,709735,296499,41.78
20,2501,VISHWAS,SM,3200,3200,100.00
20,2502,VITAL,SM,10800,9600,88.89
20,2503,VIVIANA,ST,4625,4625,100.00
20,2504,VIVIDHA,EQ,569106,402495,70.72
20,2505,VIVO,ST,1600,1600,100.00
20,2506,VLINFRA,ST,37500,34500,92.00
20,2507,VLSFINANCE,EQ,27164,13810,50.84
20,2508,VMARCIND,ST,2250,2250,100.00
20,2509,VMART,EQ,13145,4868,37.03
20,2510,VOLTAMP,EQ,20947,7022,33.52
20,2511,VOLTAS,EQ,1253588,676609,53.97
20,2512,VPRPL,EQ,849385,255316,30.06
20,2513,VR,ST,400,400,100.00
20,2514,VRAJ,EQ,75909,40233,53.00
20,2515,VRLLOG,EQ,59721,29173,48.85
20,2516,VSCL,SM,3000,3000,100.00
20,2517,VSSL,EQ,18788,7333,39.03
20,2518,VSTIND,EQ,145526,76278,52.42
20,2519,VSTL,EQ,45924,20699,45.07
20,2520,VSTTILLERS,EQ,4440,1389,31.28
20,2521,VTL,EQ,101511,47364,46.66
20,2522,WAAREEENER,EQ,2887896,584468,20.24
20,2523,WABAG,EQ,160100,61581,38.46
20,2524,WALCHANNAG,EQ,537802,227242,42.25
20,2525,WCIL,EQ,713915,205684,28.81
20,2526,WEBELSOLAR,EQ,257263,120591,46.87
20,2527,WEIZMANIND,EQ,8763,5770,65.85
20,2528,WEL,EQ,181223,50477,27.85
20,2529,WELCORP,EQ,240265,102961,42.85
20,2530,WELENT,EQ,375028,191363,51.03
20,2531,WELINV,EQ,508,313,61.61
20,2532,WELSPUNLIV,EQ,1225204,492725,40.22
20,2533,WENDT,EQ,152,83,54.61
20,2534,WESTLIFE,EQ,60393,35964,59.55
20,2535,WEWIN,EQ,14556,7386,50.74
20,2536,WHEELS,EQ,29360,14596,49.71
20,2537,WHIRLPOOL,EQ,185214,117232,63.30
20,2538,WILLAMAGOR,EQ,16267,9185,56.46
20,2539,WINDLAS,EQ,35922,18065,50.29
20,2540,WINDMACHIN,EQ,862480,335889,38.94
20,2541,WINNY,SM,1000,1000,100.00
20,2542,WINSOL,SM,24000,18400,76.67
20,2543,WIPL,EQ,3893,2704,69.46
20,2544,WIPRO,EQ,6829838,2948908,43.18
20,2545,WOCKPHARMA,EQ,325111,196227,60.36
20,2546,WOL3D,SM,4000,3000,75.00
20,2547,WOMANCART,ST,1200,1200,100.00
20,2548,WONDERLA,EQ,26803,17008,63.46
20,2549,WORTH,EQ,15276,11964,78.32
20,2550,WSI,EQ,210159,145482,69.22
20,2551,WSTCSTPAPR,EQ,40344,19215,47.63
20,2552,WTICAB,ST,135500,133500,98.52
20,2553,XCHANGING,EQ,150667,80398,53.36
20,2554,XPROINDIA,EQ,540612,126460,23.39
20,2555,XTGLOBAL,EQ,11411,8156,71.47
20,2556,YAARI,EQ,175136,175136,100.00
20,2557,YASHO,EQ,14358,7600,52.93
20,2558,YASHOPTICS,SM,9600,6400,66.67
20,2559,YATHARTH,EQ,281677,137514,48.82
20,2560,YATRA,EQ,301569,213360,70.75
20,2561,YESBANK,EQ,82352775,29739103,36.11
20,2562,YUDIZ,ST,4800,4800,100.00
20,2563,YUKEN,EQ,6889,3703,53.75
20,2564,ZEAL,SM,52800,29400,55.68
20,2565,ZEEL,EQ,9792089,4411081,45.05
20,2566,ZEELEARN,EQ,1286878,787961,61.23
20,2567,ZENITHDRUG,ST,15200,12800,84.21
20,2568,ZENSARTECH,EQ,1017660,335858,33.00
20,2569,ZENTEC,EQ,626375,294513,47.02
20,2570,ZFCVINDIA,EQ,1758871,870694,49.50
20,2571,ZIMLAB,EQ,46690,24583,52.65
20,2572,ZODIACLOTH,EQ,19400,12673,65.32
20,2573,ZOMATO,EQ,66635986,28260853,42.41
20,2574,ZOTA,EQ,11028,7864,71.31
20,2575,ZTECH,ST,14400,14100,97.92
20,2576,ZUARI,EQ,451035,174799,38.76
20,2577,ZUARIIND,EQ,89492,42240,47.20
20,2578,ZYDUSLIFE,EQ,495683,259744,52.40
20,2579,ZYDUSWELL,EQ,80315,35814,44.59
