Security Wise Delivery Position - Compulsory Rolling Settlement
10,MTO,22112024,1241559667,0002579
Trade Date <22-NOV-2024>,Settlement Type <N>
Record Type,Sr No,Name of Security,Quantity Traded,Deliverable Quantity(gross across client level),% of Deliverable Quantity to Traded Quantity
20,1,0MOFSL26,N1,25,25,100.00
20,2,0SCL26,YR,90,90,100.00
20,3,1003ICCL28,NX,17,16,94.12
20,4,1003IIFL29,NC,48,48,100.00
20,5,1003ISFL28,N4,814,799,98.16
20,6,1003SCL30A,NV,28,28,100.00
20,7,1015ECL29,NR,41,41,100.00
20,8,1018GS2026,GS,1,1,100.00
20,9,1025ICCL26,NT,21,15,71.43
20,10,1025NFL25,N5,150,150,100.00
20,11,1025SCL34,Z8,230,230,100.00
20,12,1025UCL25,N8,20,20,100.00
20,13,1030ICCL28,NM,1,1,100.00
20,14,1035UCL26,NA,1,1,100.00
20,15,1040UCL25,N4,41,40,97.56
20,16,1050ISFL28,N5,2710,2696,99.48
20,17,1050NFL26,N7,75,75,100.00
20,18,1065NFL27,NC,549,549,100.00
20,19,1090NFL26,NB,669,600,89.69
20,20,10CAGL27,N5,67,67,100.00
20,21,10IIFL28,N4,2297,2297,100.00
20,22,10IIFL28A,NE,490,370,75.51
20,23,10IIFL29,N6,1,1,100.00
20,24,10NIDO26,N6,194,194,100.00
20,25,10SCL30A,BV,3,3,100.00
20,26,11UCL26,NC,50,25,50.00
20,27,12VCCL27A,N0,1,1,100.00
20,28,182D040425,TB,100,100,100.00
20,29,182D130325,TB,3100,3100,100.00
20,30,182D150525,TB,100,100,100.00
20,31,360ONE,EQ,359373,169568,47.18
20,32,364D051224,TB,300,300,100.00
20,33,364D060225,TB,2000,2000,100.00
20,34,364D120625,TB,15000,15000,100.00
20,35,364D130325,TB,100,100,100.00
20,36,364D161025,TB,100,100,100.00
20,37,364D310725,TB,100,100,100.00
20,38,3IINFOLTD,EQ,346465,164983,47.62
20,39,3MINDIA,EQ,5261,2042,38.81
20,40,3PLAND,EQ,50247,20103,40.01
20,41,563GS2026,GS,201,200,99.50
20,42,574GS2026,GS,7324,7324,100.00
20,43,577GS2030,GS,100,100,100.00
20,44,5PAISA,EQ,30288,12877,42.52
20,45,601GS2028,GS,1,1,100.00
20,46,610GS2031,GS,1,1,100.00
20,47,63MOONS,EQ,254233,117646,46.27
20,48,654GS2032,GS,2500,2500,100.00
20,49,679GS2034,GS,1600,1600,100.00
20,50,689GS2025,GS,850,850,100.00
20,51,692GS2039,GS,600,600,100.00
20,52,697GR2034,GS,100,100,100.00
20,53,699GS2026,GS,100,100,100.00
20,54,699GS2051,GS,800,800,100.00
20,55,702GS2027,GS,2851,2851,100.00
20,56,702GS2031,GS,13670,13670,100.00
20,57,704GS2029,GS,4570,4570,100.00
20,58,704IRFC26,NL,1,1,100.00
20,59,706GS2028,GS,23775,23775,100.00
20,60,709GS2054,GS,1296,901,69.52
20,61,710GS2029,GS,23963,18795,78.43
20,62,717GS2030,GS,1000,1000,100.00
20,63,718GS2037,GS,35000,35000,100.00
20,64,71GS2034,GS,360,300,83.33
20,65,723GS2039,GS,2200,2200,100.00
20,66,725GS2063,GS,55301,55301,100.00
20,67,726GS2032,GS,37400,36400,97.33
20,68,726GS2033,GS,2300,2300,100.00
20,69,729IRFC26,NN,119,119,100.00
20,70,729NHAI26,NC,44,44,100.00
20,71,732GS2030,GS,5800,5800,100.00
20,72,732IRFC25,NI,20,20,100.00
20,73,733GS2026,GS,200,200,100.00
20,74,734GS2064,GS,38537,38537,100.00
20,75,735NABAR31,N1,2,1,50.00
20,76,736GS2052,GS,1800,1800,100.00
20,77,737GS2028,GS,2401,2401,100.00
20,78,737NTPC35C,NA,108,108,100.00
20,79,738GS2027,GS,417492,339924,81.42
20,80,738REC27TF,N2,10,5,50.00
20,81,739NHAI26,N8,1001,1001,100.00
20,82,73GS2053,GS,8590,8240,95.93
20,83,741GS2036,GS,450,450,100.00
20,84,743REC35,NH,39,39,100.00
20,85,746GS2073,GS,6686,6659,99.60
20,86,74GS2035,GS,600,600,100.00
20,87,74GS2062,GS,1006,1006,100.00
20,88,750IRFC35,NK,500,500,100.00
20,89,753IRFC30,NJ,1,1,100.00
20,90,754GS2036,GS,947242,914588,96.55
20,91,758GJ32,SG,100,100,100.00
20,92,760PFCL35,N3,118,118,100.00
20,93,764HUDCO31,N8,1,1,100.00
20,94,764IRFC31,NO,33,33,100.00
20,95,764NABAR31,N2,628,518,82.48
20,96,769NHAI31,NE,569,569,100.00
20,97,76IGT26,ND,50,50,100.00
20,98,76NHAI31,NA,4190,3651,87.14
20,99,774IREDA31,N7,36,36,100.00
20,100,797IGT31,NL,20,20,100.00
20,101,79NHIT35,N1,466,366,78.54
20,102,79NHIT40,N2,1474,1473,99.93
20,103,79NHIT47,N3,362,362,100.00
20,104,801TCH25,N4,200,200,100.00
20,105,805ABFL28,N2,100,100,100.00
20,106,810IRFC27,N2,132,100,75.76
20,107,825IIFL25,N7,40,40,100.00
20,108,82IGT31,NJ,3961,3742,94.47
20,109,830CIFC26,N2,5,5,100.00
20,110,830NHAI27,N2,3200,2370,74.06
20,111,830PFCL27,N5,968,968,100.00
20,112,835IFL25,NV,295,200,67.80
20,113,842IIFL26,NL,914,864,94.53
20,114,846REC28,N6,100,100,100.00
20,115,849NTPC25,N7,14219,13459,94.66
20,116,854NHPC28,N2,5,5,100.00
20,117,85IIFL25,NO,25,25,100.00
20,118,865IFL28,NZ,20,20,100.00
20,119,865IIFL28,NS,154,150,97.40
20,120,865IRFC29,NA,1,1,100.00
20,121,865LTF26,NN,230,210,91.30
20,122,865TCAPS27,N8,170,167,98.24
20,123,871REC28,N9,650,550,84.62
20,124,872MMFSL26,N1,14,14,100.00
20,125,875IIFL26,NM,100,100,100.00
20,126,875NHAI29,N6,361,361,100.00
20,127,875SFL27,ZF,110,110,100.00
20,128,876HUDCO28,ND,4327,3220,74.42
20,129,87LTF27,NH,36,36,100.00
20,130,883GS2041,GS,1,1,100.00
20,131,885MOFSL26,N0,1340,1040,77.61
20,132,888ERFL28,N5,300,290,96.67
20,133,888IHFL25C,NR,9,9,100.00
20,134,888IHFL25F,NC,600,500,83.33
20,135,888IRFC29,NE,50,50,100.00
20,136,888SCL25E,N4,144,125,86.81
20,137,890ICCL23A,NZ,30,30,100.00
20,138,891NTPC33,N6,651,633,97.24
20,139,892PFCL33,N8,613,542,88.42
20,140,894SCL24,ZR,3,3,100.00
20,141,897GS2030,GS,37000,37000,100.00
20,142,897MOFSL29,N4,1525,1507,98.82
20,143,898LTF29,N7,1177,900,76.47
20,144,8ABFL26,N0,40,40,100.00
20,145,901HUDCO34,NE,76,76,100.00
20,146,901NHB34,N6,19,19,100.00
20,147,905LTF27,NF,10,10,100.00
20,148,905PEL26,N1,50,50,100.00
20,149,910CAGL25,N7,1,1,100.00
20,150,910TCAP28,NA,370,370,100.00
20,151,91D300125,TB,800,800,100.00
20,152,921ISFL25,N0,120,120,100.00
20,153,925SCL29A,ZM,116,108,93.10
20,154,92GS2030,GS,6728,5828,86.62
20,155,930SFL28,YP,10,10,100.00
20,156,932AEL27,N3,50,50,100.00
20,157,935LTF29,N5,280,280,100.00
20,158,935MOFSL29,N5,25,25,100.00
20,159,93MOFSL34,N6,105,105,100.00
20,160,93SCL24,ZP,1,1,100.00
20,161,93SCL24A,ZN,200,200,100.00
20,162,943ECL28,NJ,60,60,100.00
20,163,945IFSL25,N4,5,5,100.00
20,164,948SCL26A,NN,101,101,100.00
20,165,948SCL26I,AX,50,50,100.00
20,166,948SCL27D,N1,10,10,100.00
20,167,94IFCI25,NL,54,54,100.00
20,168,94SFL28,YL,100,100,100.00
20,169,950SCL23A,AP,20,10,50.00
20,170,955ICCL25A,NH,34,34,100.00
20,171,956AEL29,N6,2260,1860,82.30
20,172,957IIFLS27,NA,50,50,100.00
20,173,957ISFL26,N2,206,202,98.06
20,174,957NIDO26,N5,19,19,100.00
20,175,965AEL27,N4,704,566,80.40
20,176,965SCL25C,N0,121,121,100.00
20,177,96IIFL28,N5,488,436,89.34
20,178,96IIFL28A,NF,1229,921,74.94
20,179,96SFL24A,NB,18,18,100.00
20,180,975NFL25,N0,23,23,100.00
20,181,97MOFSL34,N7,159,109,68.55
20,182,97SFL29,YZ,105,105,100.00
20,183,98ICCL26,NU,70,70,100.00
20,184,990SCL26,N7,4,4,100.00
20,185,99AEL29,N7,10891,10400,95.49
20,186,9IIFL28,Y0,291,291,100.00
20,187,9MMFSML,N2,130,130,100.00
20,188,9SFL25A,ZH,51,51,100.00
20,189,A2ZINFRA,EQ,108863,60647,55.71
20,190,AAATECH,EQ,9898,6131,61.94
20,191,AADHARHFC,EQ,422079,170652,40.43
20,192,AAKASH,EQ,146445,104116,71.10
20,193,AARON,EQ,205895,53889,26.17
20,194,AARTECH,EQ,154375,79566,51.54
20,195,AARTIDRUGS,EQ,110523,46737,42.29
20,196,AARTIIND,EQ,1013966,361820,35.68
20,197,AARTIPHARM,EQ,391072,149179,38.15
20,198,AARVI,EQ,6236,3924,62.92
20,199,AATMAJ,SM,26000,22000,84.62
20,200,AAVAS,EQ,120725,95649,79.23
20,201,ABAN,EQ,24040,16091,66.93
20,202,ABB,EQ,254886,105271,41.30
20,203,ABBOTINDIA,EQ,6113,1843,30.15
20,204,ABCAPITAL,EQ,2782501,1183170,42.52
20,205,ABCOTS,ST,500,500,100.00
20,206,ABDL,EQ,527315,281305,53.35
20,207,ABFL28,N3,4,4,100.00
20,208,ABFRL,EQ,3286903,1579823,48.06
20,209,ABGSEC,EQ,649,440,67.80
20,210,ABREL,EQ,91915,40354,43.90
20,211,ABSLAMC,EQ,731120,293605,40.16
20,212,ABSLBANETF,EQ,6462,5533,85.62
20,213,ABSLLIQUID,EQ,2734,2554,93.42
20,214,ABSLNN50ET,EQ,24348,15892,65.27
20,215,ABSLPSE,EQ,115642,87354,75.54
20,216,ABSMARINE,SM,48000,32500,67.71
20,217,ACC,EQ,1208356,291005,24.08
20,218,ACCELYA,EQ,9814,6400,65.21
20,219,ACCENTMIC,SM,12000,10500,87.50
20,220,ACCORD,SM,18000,16000,88.89
20,221,ACCURACY,EQ,185299,100391,54.18
20,222,ACE,EQ,153885,53640,34.86
20,223,ACEINTEG,EQ,68883,18838,27.35
20,224,ACI,EQ,174525,67566,38.71
20,225,ACL,EQ,21352,11705,54.82
20,226,ACLGATI,EQ,242778,103232,42.52
20,227,ACMESOLAR,EQ,2397236,910313,37.97
20,228,ACSAL,ST,9000,9000,100.00
20,229,ADANIENSOL,EQ,22987433,5092612,22.15
20,230,ADANIENT,EQ,20939196,2066384,9.87
20,231,ADANIGREEN,EQ,22036694,2835612,12.87
20,232,ADANIPORTS,EQ,27086168,8510048,31.42
20,233,ADANIPOWER,EQ,33493676,4857555,14.50
20,234,ADFFOODS,EQ,578896,144004,24.88
20,235,ADORWELD,EQ,5230,2439,46.63
20,236,ADROITPP1,X1,1280,1079,84.30
20,237,ADSL,EQ,192651,100272,52.05
20,238,ADVANIHOTR,EQ,56389,25378,45.01
20,239,ADVENZYMES,EQ,116696,46300,39.68
20,240,AEGISLOG,EQ,162708,100169,61.56
20,241,AEL120924B,N8,20,20,100.00
20,242,AEROFLEX,EQ,466200,188418,40.42
20,243,AERON,SM,18000,17000,94.44
20,244,AESTHETIK,SM,24000,22000,91.67
20,245,AETHER,EQ,31203,14775,47.35
20,246,AFCONS,EQ,4698464,1603674,34.13
20,247,AFFLE,EQ,151201,80078,52.96
20,248,AFFORDABLE,EQ,13808,8334,60.36
20,249,AFIL,EQ,163725,141270,86.28
20,250,AGARIND,EQ,17496,11362,64.94
20,251,AGARWALFT,SM,3000,0,0.00
20,252,AGI,EQ,105489,55270,52.39
20,253,AGIIL,EQ,216466,99635,46.03
20,254,AGNI,SM,22500,20000,88.89
20,255,AGRITECH,EQ,8822,5810,65.86
20,256,AGROPHOS,EQ,73697,37713,51.17
20,257,AGSTRA,EQ,270629,107259,39.63
20,258,AGUL,SM,4000,4000,100.00
20,259,AHL,EQ,384223,174219,45.34
20,260,AHLADA,EQ,64484,39613,61.43
20,261,AHLEAST,EQ,14410,8812,61.15
20,262,AHLUCONT,EQ,63179,38783,61.39
20,263,AIAENG,EQ,20842,8612,41.32
20,264,AIIL,EQ,31333,17293,55.19
20,265,AIMTRON,ST,25600,22000,85.94
20,266,AIRAN,EQ,200557,129361,64.50
20,267,AIROLAM,EQ,4257,1171,27.51
20,268,AIRTELPP,E1,110881,70039,63.17
20,269,AJANTPHARM,EQ,57301,25973,45.33
20,270,AJMERA,EQ,62442,33118,53.04
20,271,AKANKSHA,ST,10000,9000,90.00
20,272,AKASH,EQ,2845,1830,64.32
20,273,AKG,EQ,14956,10101,67.54
20,274,AKI,EQ,35332,27145,76.83
20,275,AKIKO,SM,4800,4800,100.00
20,276,AKSHARCHEM,EQ,6159,4792,77.80
20,277,AKSHOPTFBR,EQ,697083,184007,26.40
20,278,AKUMS,EQ,35476,35476,100.00
20,279,AKZOINDIA,EQ,17699,6751,38.14
20,280,ALANKIT,EQ,293064,144671,49.36
20,281,ALEMBICLTD,EQ,282688,116655,41.27
20,282,ALICON,EQ,24872,12628,50.77
20,283,ALKALI,EQ,3666,2237,61.02
20,284,ALKEM,EQ,108563,48456,44.63
20,285,ALKYLAMINE,EQ,21718,9655,44.46
20,286,ALLCARGO,EQ,1511362,620949,41.09
20,287,ALLDIGI,EQ,12872,7505,58.30
20,288,ALLETEC,ST,65600,62000,94.51
20,289,ALOKINDS,EQ,5694529,1607676,28.23
20,290,ALPEXSOLAR,SM,96600,56000,57.97
20,291,ALPHA,EQ,1128309,837317,74.21
20,292,ALPHAETF,EQ,704925,560728,79.54
20,293,ALPHAGEO,EQ,8139,5144,63.20
20,294,ALPL30IETF,EQ,3046352,2319606,76.14
20,295,ALUWIND,ST,55500,49500,89.19
20,296,AMBER,EQ,518181,102249,19.73
20,297,AMBEY,SM,82000,76000,92.68
20,298,AMBICAAGAR,EQ,38359,6244,16.28
20,299,AMBIKCO,EQ,9151,5657,61.82
20,300,AMBUJACEM,EQ,11645446,3941411,33.85
20,301,AMDIND,EQ,7565,3899,51.54
20,302,AMEYA,ST,21000,21000,100.00
20,303,AMIORG,EQ,270000,89043,32.98
20,304,AMJLAND,EQ,42210,16449,38.97
20,305,AMNPLST,EQ,6453,3300,51.14
20,306,AMRUTANJAN,EQ,19242,9176,47.69
20,307,ANANDRATHI,EQ,42300,25700,60.76
20,308,ANANTRAJ,EQ,835027,426534,51.08
20,309,ANDHRAPAP,EQ,53931,30016,55.66
20,310,ANDHRSUGAR,EQ,119622,59113,49.42
20,311,ANGELONE,EQ,767923,173608,22.61
20,312,ANLON,SM,4000,2400,60.00
20,313,ANMOL,EQ,118954,58075,48.82
20,314,ANNAPURNA,SM,23750,17000,71.58
20,315,ANUP,EQ,62919,18597,29.56
20,316,ANURAS,EQ,42805,16921,39.53
20,317,APARINDS,EQ,70411,19397,27.55
20,318,APCL,EQ,5848,3404,58.21
20,319,APCOTEXIND,EQ,13451,8031,59.71
20,320,APEX,EQ,72782,35676,49.02
20,321,APLAPOLLO,EQ,885833,616735,69.62
20,322,APLLTD,EQ,54704,26939,49.25
20,323,APOLLO,EQ,1479256,527164,35.64
20,324,APOLLOHOSP,EQ,498633,262732,52.69
20,325,APOLLOPIPE,EQ,44540,26287,59.02
20,326,APOLLOTYRE,EQ,1105580,351383,31.78
20,327,APOLSINHOT,EQ,1331,771,57.93
20,328,APRAMEYA,SM,54000,48000,88.89
20,329,APS,ST,23500,23500,100.00
20,330,APTECHT,EQ,121341,34757,28.64
20,331,APTUS,EQ,180709,92650,51.27
20,332,ARABIAN,SM,14000,10000,71.43
20,333,ARCHIDPLY,EQ,23855,14760,61.87
20,334,ARE&M,EQ,314778,155595,49.43
20,335,ARENTERP,EQ,2274,1721,75.68
20,336,ARHAM,SM,1000,1000,100.00
20,337,ARIES,EQ,464503,127026,27.35
20,338,ARIHANTACA,ST,1600,1600,100.00
20,339,ARIHANTCAP,EQ,406279,160852,39.59
20,340,ARIHANTSUP,EQ,20571,11578,56.28
20,341,ARISTO,ST,9600,9600,100.00
20,342,ARKADE,EQ,943976,403005,42.69
20,343,ARMANFIN,EQ,32773,21113,64.42
20,344,AROGRANITE,EQ,18440,8799,47.72
20,345,ARROWGREEN,EQ,27269,17218,63.14
20,346,ARTEMISMED,EQ,1371794,353787,25.79
20,347,ARTNIRMAN,EQ,1592,1227,77.07
20,348,ARVEE,EQ,1183,538,45.48
20,349,ARVIND,EQ,269861,93983,34.83
20,350,ARVINDFASN,EQ,142687,70417,49.35
20,351,ARVSMART,EQ,216230,79355,36.70
20,352,ASAHIINDIA,EQ,66956,27745,41.44
20,353,ASAL,EQ,7256,3922,54.05
20,354,ASALCBR,EQ,31155,14508,46.57
20,355,ASHALOG,ST,13000,12000,92.31
20,356,ASHAPURMIN,EQ,324455,166206,51.23
20,357,ASHIANA,EQ,49871,28200,56.55
20,358,ASHOKA,EQ,828595,271518,32.77
20,359,ASHOKLEY,EQ,6142077,2704605,44.03
20,360,ASIANENE,EQ,37152,20102,54.11
20,361,ASIANHOTNR,EQ,7223,3555,49.22
20,362,ASIANPAINT,EQ,3805854,2797629,73.51
20,363,ASIANTILES,EQ,454835,211234,46.44
20,364,ASKAUTOLTD,EQ,171842,72133,41.98
20,365,ASMS,EQ,160543,91921,57.26
20,366,ASPINWALL,EQ,4030,1766,43.82
20,367,ASPIRE,ST,22000,18000,81.82
20,368,ASTEC,EQ,9855,6777,68.77
20,369,ASTERDM,EQ,544405,270923,49.76
20,370,ASTRAL,EQ,268430,140159,52.21
20,371,ASTRAMICRO,EQ,82032,43751,53.33
20,372,ASTRAZEN,EQ,11763,2140,18.19
20,373,ASTRON,EQ,383855,127558,33.23
20,374,ATAM,EQ,24851,15020,60.44
20,375,ATFL,EQ,76042,53055,69.77
20,376,ATGL,EQ,4877932,528979,10.84
20,377,ATL,EQ,264792,136062,51.38
20,378,ATMASTCO,ST,25200,25200,100.00
20,379,ATUL,EQ,27112,13834,51.03
20,380,ATULAUTO,EQ,25826,14053,54.41
20,381,AUBANK,EQ,1400380,719462,51.38
20,382,AURDIS,SM,3750,3125,83.33
20,383,AURIONPRO,EQ,18670,12127,64.95
20,384,AUROIMPEX,SM,54400,41600,76.47
20,385,AUROPHARMA,EQ,494219,230574,46.65
20,386,AURUMPP1,X1,13147,13142,99.96
20,387,AUSL,SM,16000,12000,75.00
20,388,AUTOAXLES,EQ,1555,879,56.53
20,389,AUTOBEES,EQ,111229,53275,47.90
20,390,AUTOIETF,EQ,321836,96380,29.95
20,391,AUTOIND,EQ,80842,35214,43.56
20,392,AVADHSUGAR,EQ,53513,16332,30.52
20,393,AVALON,EQ,531122,133368,25.11
20,394,AVANTEL,EQ,454602,200178,44.03
20,395,AVANTIFEED,EQ,192796,50254,26.07
20,396,AVG,EQ,34360,21940,63.85
20,397,AVIANSH,SM,8000,6000,75.00
20,398,AVL,EQ,69547,43835,63.03
20,399,AVONMORE,EQ,166088,105900,63.76
20,400,AVPINFRA,ST,28000,28000,100.00
20,401,AVTNPL,EQ,43406,23229,53.52
20,402,AWFIS,EQ,70121,29360,41.87
20,403,AWHCL,EQ,87610,46985,53.63
20,404,AWL,EQ,7166108,1649062,23.01
20,405,AXISBANK,EQ,16687505,11577214,69.38
20,406,AXISBNKETF,EQ,398,397,99.75
20,407,AXISBPSETF,EQ,10839,7071,65.24
20,408,AXISCADES,EQ,104320,47477,45.51
20,409,AXISCETF,EQ,2944,1736,58.97
20,410,AXISGOLD,EQ,115638,75716,65.48
20,411,AXISHCETF,EQ,1453,1311,90.23
20,412,AXISILVER,EQ,27139,11905,43.87
20,413,AXISNIFTY,EQ,7817,5462,69.87
20,414,AXISTECETF,EQ,5776,5702,98.72
20,415,AXITA,EQ,4543067,1917983,42.22
20,416,AXSENSEX,EQ,2532,2411,95.22
20,417,AZAD,EQ,134535,45697,33.97
20,418,BABAFP,SM,11200,8000,71.43
20,419,BAGFILMS,EQ,223413,118366,52.98
20,420,BAHETI,ST,21750,21000,96.55
20,421,BAIDFIN,EQ,301277,177835,59.03
20,422,BAJAJ-AUTO,EQ,619823,432985,69.86
20,423,BAJAJCON,EQ,286046,130031,45.46
20,424,BAJAJELEC,EQ,25910,11574,44.67
20,425,BAJAJFINSV,EQ,2082813,1354759,65.04
20,426,BAJAJHCARE,EQ,70196,34398,49.00
20,427,BAJAJHFL,EQ,6739102,3048776,45.24
20,428,BAJAJHIND,EQ,7395579,2666050,36.05
20,429,BAJAJHLDNG,EQ,21513,11287,52.47
20,430,BAJEL,EQ,197313,93202,47.24
20,431,BAJFINANCE,EQ,969855,534786,55.14
20,432,BALAJEE,EQ,78635,48454,61.62
20,433,BALAJITELE,EQ,94048,52631,55.96
20,434,BALAMINES,EQ,33393,14502,43.43
20,435,BALAXI,EQ,57304,27644,48.24
20,436,BALCO,ST,7200,7200,100.00
20,437,BALKRISHNA,EQ,39563,13098,33.11
20,438,BALKRISIND,EQ,51770,14449,27.91
20,439,BALMLAWRIE,EQ,169350,73724,43.53
20,440,BALRAMCHIN,EQ,393719,136058,34.56
20,441,BALUFORGE,EQ,381696,198738,52.07
20,442,BANARBEADS,EQ,212276,91122,42.93
20,443,BANARISUG,EQ,663,233,35.14
20,444,BANCOINDIA,EQ,1076754,293748,27.28
20,445,BANDHANBNK,EQ,5267959,1676368,31.82
20,446,BANG,EQ,20000,6341,31.71
20,447,BANKA,EQ,28656,14766,51.53
20,448,BANKBARODA,EQ,16249864,5551019,34.16
20,449,BANKBEES,EQ,749839,466138,62.17
20,450,BANKBETF,EQ,13063,5286,40.47
20,451,BANKETF,EQ,7581,6752,89.06
20,452,BANKETFADD,EQ,32210,31648,98.26
20,453,BANKIETF,EQ,1896191,1075467,56.72
20,454,BANKINDIA,EQ,4958015,1766046,35.62
20,455,BANKNIFTY1,EQ,17058,13815,80.99
20,456,BANKPSU,EQ,1167,755,64.70
20,457,BANSALWIRE,EQ,230340,182020,79.02
20,458,BANSWRAS,EQ,16019,10223,63.82
20,459,BARBEQUE,EQ,33373,18898,56.63
20,460,BASF,EQ,56085,32423,57.81
20,461,BASILIC,ST,172500,149100,86.43
20,462,BATAINDIA,EQ,123381,54535,44.20
20,463,BAWEJA,SM,5600,4800,85.71
20,464,BAYERCROP,EQ,27825,13485,48.46
20,465,BBETF0432,EQ,1435,961,66.97
20,466,BBL,EQ,15335,7288,47.53
20,467,BBNPNBETF,EQ,92,87,94.57
20,468,BBNPPGOLD,EQ,540,531,98.33
20,469,BBOX,EQ,441726,229369,51.93
20,470,BBTC,EQ,67137,20408,30.40
20,471,BBTCL,EQ,2295,1584,69.02
20,472,BCLIND,EQ,397685,176978,44.50
20,473,BCONCEPTS,EQ,11660,6036,51.77
20,474,BDL,EQ,491353,229334,46.67
20,475,BEACON,SM,15000,11000,73.33
20,476,BEARDSELL,EQ,55058,33611,61.05
20,477,BECTORFOOD,EQ,118458,32426,27.37
20,478,BEDMUTHA,EQ,8271,5842,70.63
20,479,BEL,EQ,13268900,4827736,36.38
20,480,BEML,EQ,206873,48209,23.30
20,481,BEPL,EQ,589149,230113,39.06
20,482,BERGEPAINT,EQ,410464,132213,32.21
20,483,BESTAGRO,EQ,149434,81272,54.39
20,484,BETA,SM,5800,3700,63.79
20,485,BEWLTD,SM,133000,112500,84.59
20,486,BFINVEST,EQ,58022,28846,49.72
20,487,BFSI,EQ,153856,96093,62.46
20,488,BGRENERGY,EQ,165028,97966,59.36
20,489,BHAGCHEM,EQ,119277,80261,67.29
20,490,BHAGYANGR,EQ,75896,38624,50.89
20,491,BHANDARI,EQ,226961,141388,62.30
20,492,BHARATFORG,EQ,325496,129124,39.67
20,493,BHARATGEAR,EQ,12769,6984,54.69
20,494,BHARATRAS,EQ,7180,3250,45.26
20,495,BHARATWIRE,EQ,105721,61008,57.71
20,496,BHARTIARTL,EQ,7640321,5233356,68.50
20,497,BHARTIHEXA,EQ,582698,348741,59.85
20,498,BHEL,EQ,15168514,3026629,19.95
20,499,BHINVIT,IV,172228,163976,95.21
20,500,BIGBLOC,EQ,262891,112883,42.94
20,501,BIKAJI,EQ,238773,120635,50.52
20,502,BIKEWO,SM,30000,18000,60.00
20,503,BIOCON,EQ,1533051,667245,43.52
20,504,BIOFILCHEM,EQ,30061,14292,47.54
20,505,BIRET,RR,480450,409338,85.20
20,506,BIRLACABLE,EQ,24454,15468,63.25
20,507,BIRLACORPN,EQ,59048,25702,43.53
20,508,BLACKBUCK,EQ,6737252,2313868,34.34
20,509,BLAL,EQ,30213,17824,58.99
20,510,BLBLIMITED,EQ,60864,34122,56.06
20,511,BLISSGVS,EQ,1477152,478112,32.37
20,512,BLKASHYAP,EQ,343159,176731,51.50
20,513,BLS,EQ,1063452,261405,24.58
20,514,BLSE,EQ,131343,54834,41.75
20,515,BLUEDART,EQ,11781,4790,40.66
20,516,BLUEJET,EQ,167110,101176,60.54
20,517,BLUEPEBBLE,SM,8800,5200,59.09
20,518,BLUESTARCO,EQ,155528,70227,45.15
20,519,BMETRICS,SM,7200,6400,88.89
20,520,BODALCHEM,EQ,156341,80490,51.48
20,521,BOMDYEING,EQ,1387330,453252,32.67
20,522,BOROLTD,EQ,105479,46160,43.76
20,523,BORORENEW,EQ,154237,48976,31.75
20,524,BOROSCI,EQ,77388,22883,29.57
20,525,BOSCHLTD,EQ,11065,3030,27.38
20,526,BOSS,SM,10000,8000,80.00
20,527,BPCL,EQ,6539977,2518795,38.51
20,528,BPL,EQ,78737,44281,56.24
20,529,BRACEPORT,SM,33600,30400,90.48
20,530,BRIGADE,EQ,179165,72084,40.23
20,531,BRITANNIA,EQ,410476,252797,61.59
20,532,BRNL,EQ,28304,14761,52.15
20,533,BSE,EQ,1531614,425684,27.79
20,534,BSE500IETF,EQ,181964,67401,37.04
20,535,BSHSL,EQ,18625,11026,59.20
20,536,BSL,EQ,20898,8507,40.71
20,537,BSLGOLDETF,EQ,40238,28773,71.51
20,538,BSLNIFTY,EQ,178898,106338,59.44
20,539,BSLSENETFG,EQ,751,684,91.08
20,540,BSOFT,EQ,3836258,522207,13.61
20,541,BTML,EQ,245608,165156,67.24
20,542,BULKCORP,SM,1200,1200,100.00
20,543,BUTTERFLY,EQ,15893,10788,67.88
20,544,BVCL,EQ,23414,14181,60.57
20,545,CADSYS,ST,500,500,100.00
20,546,CAGL26,NA,10,10,100.00
20,547,CAMLINFINE,EQ,708616,353584,49.90
20,548,CAMPUS,EQ,415085,109177,26.30
20,549,CAMS,EQ,290935,114667,39.41
20,550,CANARYS,SM,64000,44000,68.75
20,551,CANBK,EQ,26716825,10271022,38.44
20,552,CANFINHOME,EQ,365815,165226,45.17
20,553,CANTABIL,EQ,89928,41308,45.93
20,554,CAPACITE,EQ,393883,155055,39.37
20,555,CAPITALSFB,EQ,48989,41242,84.19
20,556,CAPLIPOINT,EQ,60778,25699,42.28
20,557,CARBORUNIV,EQ,100605,42392,42.14
20,558,CAREERP,EQ,23184,14090,60.77
20,559,CARERATING,EQ,44867,25798,57.50
20,560,CARTRADE,EQ,209341,77245,36.90
20,561,CARYSIL,EQ,54939,31246,56.87
20,562,CASTROLIND,EQ,12043485,1604532,13.32
20,563,CBAZAAR,SM,40000,24000,60.00
20,564,CCL,EQ,1007885,172159,17.08
20,565,CDSL,EQ,2418025,735705,30.43
20,566,CEATLTD,EQ,56165,16936,30.15
20,567,CEIGALL,EQ,176393,75632,42.88
20,568,CELEBRITY,EQ,56716,35492,62.58
20,569,CELLECOR,ST,210000,177000,84.29
20,570,CELLO,EQ,270153,163658,60.58
20,571,CELLPOINT,SM,28800,21600,75.00
20,572,CENTENKA,EQ,12632,6086,48.18
20,573,CENTRALBK,EQ,3519219,921165,26.18
20,574,CENTRUM,EQ,203763,92237,45.27
20,575,CENTUM,EQ,18375,8226,44.77
20,576,CENTURYPLY,EQ,260660,120791,46.34
20,577,CERA,EQ,21273,14019,65.90
20,578,CESC,EQ,1351299,639252,47.31
20,579,CGCL,EQ,94103,34225,36.37
20,580,CGPOWER,EQ,1923796,952908,49.53
20,581,CGRAPHICS,SM,56800,47200,83.10
20,582,CHALET,EQ,103442,57435,55.52
20,583,CHAMBLFERT,EQ,2803083,1522971,54.33
20,584,CHAVDA,SM,52000,38000,73.08
20,585,CHEMBOND,EQ,5343,3670,68.69
20,586,CHEMCON,EQ,25001,11524,46.09
20,587,CHEMFAB,EQ,9172,6176,67.34
20,588,CHEMPLASTS,EQ,92411,44083,47.70
20,589,CHENNPETRO,EQ,1791144,325460,18.17
20,590,CHETANA,SM,6400,6400,100.00
20,591,CHEVIOT,EQ,2671,2014,75.40
20,592,CHOICEIN,EQ,654884,110437,16.86
20,593,CHOLAFIN,EQ,2785943,2173265,78.01
20,594,CHOLAHLDNG,EQ,138651,77054,55.57
20,595,CIEINDIA,EQ,1331160,1207584,90.72
20,596,CIFC26,NK,50,50,100.00
20,597,CIGNITITEC,EQ,264500,140008,52.93
20,598,CINELINE,EQ,14654,7589,51.79
20,599,CINEVISTA,EQ,1058,751,70.98
20,600,CIPLA,EQ,704859,350692,49.75
20,601,CLEAN,EQ,75488,40735,53.96
20,602,CLOUD,ST,25000,25000,100.00
20,603,CLSEL,EQ,42038,15998,38.06
20,604,CLSL,SM,8000,4000,50.00
20,605,CMMIPL,SM,18000,18000,100.00
20,606,CMNL,ST,15000,13500,90.00
20,607,CMRSL,SM,4000,3200,80.00
20,608,CMSINFO,EQ,1081382,679217,62.81
20,609,COALINDIA,EQ,8155453,4604198,56.46
20,610,COASTCORP,EQ,47431,29930,63.10
20,611,COFORGE,EQ,405537,211732,52.21
20,612,COLPAL,EQ,414212,251798,60.79
20,613,COMMITTED,SM,24000,17600,73.33
20,614,COMMOIETF,EQ,90110,53635,59.52
20,615,COMPUSOFT,EQ,40844,25965,63.57
20,616,COMSYN,EQ,110025,47586,43.25
20,617,CONCOR,EQ,476991,126458,26.51
20,618,CONCORDBIO,EQ,74968,27558,36.76
20,619,CONFIPET,EQ,476747,190918,40.05
20,620,CONS,EQ,2953,2241,75.89
20,621,CONSOFINVT,EQ,3901,1783,45.71
20,622,CONSUMBEES,EQ,105372,60180,57.11
20,623,CONSUMIETF,EQ,12478,5358,42.94
20,624,CONTI,ST,3333,3333,100.00
20,625,CONTROLPR,EQ,11569,6091,52.65
20,626,COOLCAPS,ST,6750,6750,100.00
20,627,CORDSCABLE,EQ,17270,9795,56.72
20,628,COROMANDEL,EQ,554100,220376,39.77
20,629,COSMOFIRST,EQ,48051,19330,40.23
20,630,COUNCODOS,EQ,154716,63547,41.07
20,631,CPS,ST,600,600,100.00
20,632,CPSEETF,EQ,4497431,2915082,64.82
20,633,CRAFTSMAN,EQ,45422,17883,39.37
20,634,CRAYONS,SM,16000,9000,56.25
20,635,CREATIVE,EQ,12817,5460,42.60
20,636,CREDITACC,EQ,233619,99282,42.50
20,637,CREST,EQ,17576,7548,42.94
20,638,CRISIL,EQ,80406,17746,22.07
20,639,CROMPTON,EQ,1492331,651660,43.67
20,640,CSBBANK,EQ,162885,51949,31.89
20,641,CSLFINANCE,EQ,16791,9584,57.08
20,642,CTE,EQ,48197,30078,62.41
20,643,CUB,EQ,2728526,1028460,37.69
20,644,CUBEXTUB,EQ,31651,20548,64.92
20,645,CUMMINSIND,EQ,847791,567910,66.99
20,646,CUPID,EQ,259308,152496,58.81
20,647,CYBERMEDIA,EQ,106044,42980,40.53
20,648,CYIENT,EQ,111002,63576,57.27
20,649,CYIENTDLM,EQ,288289,243016,84.30
20,650,DABUR,EQ,1050913,523425,49.81
20,651,DALBHARAT,EQ,225572,102053,45.24
20,652,DALMIASUG,EQ,108146,39309,36.35
20,653,DAMODARIND,EQ,12471,7846,62.91
20,654,DANGEE,EQ,72681,41327,56.86
20,655,DANISH,SM,200100,123300,61.62
20,656,DATAMATICS,EQ,49461,25008,50.56
20,657,DATAPATTNS,EQ,138354,38511,27.84
20,658,DAVANGERE,EQ,1188273,668268,56.24
20,659,DBCORP,EQ,43766,23025,52.61
20,660,DBEIL,EQ,314729,153530,48.78
20,661,DBL,EQ,106000,31093,29.33
20,662,DBOL,EQ,135006,77603,57.48
20,663,DBREALTY,EQ,1568311,676283,43.12
20,664,DBSTOCKBRO,EQ,9496,6681,70.36
20,665,DCAL,EQ,4005221,856525,21.39
20,666,DCBBANK,EQ,978585,516260,52.76
20,667,DCG,SM,260400,156000,59.91
20,668,DCI,EQ,10694,5772,53.97
20,669,DCM,EQ,9756,7699,78.92
20,670,DCMNVL,EQ,11197,9199,82.16
20,671,DCMSHRIRAM,EQ,103095,37681,36.55
20,672,DCMSRIND,EQ,44055,23859,54.16
20,673,DCW,EQ,2189590,821453,37.52
20,674,DCXINDIA,EQ,244056,124326,50.94
20,675,DECCANCE,EQ,7210,4091,56.74
20,676,DECCANTRAN,ST,13200,13200,100.00
20,677,DEEDEV,EQ,134977,67354,49.90
20,678,DEEM,SM,8000,6000,75.00
20,679,DEEPAKFERT,EQ,418700,127711,30.50
20,680,DEEPAKNTR,EQ,336826,65558,19.46
20,681,DEEPINDS,EQ,328067,161366,49.19
20,682,DELAPLEX,SM,9600,9600,100.00
20,683,DELHIVERY,EQ,1614109,1020813,63.24
20,684,DELPHIFX,EQ,5883,3438,58.44
20,685,DELTACORP,EQ,563404,254299,45.14
20,686,DELTAMAGNT,EQ,14017,7274,51.89
20,687,DEN,EQ,591748,198450,33.54
20,688,DENEERS,ST,17400,16800,96.55
20,689,DENORA,EQ,5960,3317,55.65
20,690,DENTALKART,SM,22750,15000,65.93
20,691,DESTINY,ST,21000,19500,92.86
20,692,DEVIT,EQ,919303,210610,22.91
20,693,DEVYANI,EQ,1215658,538240,44.28
20,694,DHAMPURSUG,EQ,254024,97135,38.24
20,695,DHANBANK,EQ,294281,140994,47.91
20,696,DHANI,EQ,9211969,2769520,30.06
20,697,DHANUKA,EQ,21889,12788,58.42
20,698,DHARIWAL,SM,3600,3600,100.00
20,699,DHARMAJ,EQ,119385,67973,56.94
20,700,DHRUV,EQ,145308,110133,75.79
20,701,DHUNINV,EQ,3031,1056,34.84
20,702,DIAMINESQ,EQ,10009,7734,77.27
20,703,DIAMONDYD,EQ,34108,19606,57.48
20,704,DICIND,EQ,2333,1401,60.05
20,705,DIFFNKG,EQ,289985,113282,39.06
20,706,DIGIDRIVE,EQ,28987,16655,57.46
20,707,DIGIKORE,SM,19000,13400,70.53
20,708,DIL,EQ,3063653,797857,26.04
20,709,DISHTV,EQ,9732631,3335230,34.27
20,710,DIVGIITTS,EQ,23894,13212,55.29
20,711,DIVISLAB,EQ,309695,147611,47.66
20,712,DIVOPPBEES,EQ,27209,16622,61.09
20,713,DIVYADHAN,SM,38000,26000,68.42
20,714,DIXON,EQ,401413,84920,21.16
20,715,DJML,EQ,28584,12483,43.67
20,716,DLF,EQ,5603939,1818011,32.44
20,717,DLINKINDIA,EQ,77406,38884,50.23
20,718,DMART,EQ,940870,697551,74.14
20,719,DMCC,EQ,13944,8394,60.20
20,720,DODLA,EQ,67523,22091,32.72
20,721,DOLATALGO,EQ,310113,159299,51.37
20,722,DOLLAR,EQ,17885,9378,52.44
20,723,DOLLEX,SM,4000,4000,100.00
20,724,DOMS,EQ,145043,57538,39.67
20,725,DPABHUSHAN,EQ,13816,5982,43.30
20,726,DPEL,SM,172500,123000,71.30
20,727,DPSCLTD,EQ,190361,91919,48.29
20,728,DPWIRES,EQ,10203,5835,57.19
20,729,DRCSYSTEMS,EQ,73243,45648,62.32
20,730,DREAMFOLKS,EQ,47508,24649,51.88
20,731,DREDGECORP,EQ,28424,13582,47.78
20,732,DRONE,ST,58000,48500,83.62
20,733,DRREDDY,EQ,763755,394661,51.67
20,734,DSSL,EQ,18187,9382,51.59
20,735,DTIL,EQ,19301,11004,57.01
20,736,DUCOL,SM,7200,6400,88.89
20,737,DUCON,EQ,384033,211474,55.07
20,738,DUGLOBAL,SM,2500,2500,100.00
20,739,DURLAX,SM,58000,38000,65.52
20,740,DVL,EQ,71723,33802,47.13
20,741,DWARKESH,EQ,437565,177473,40.56
20,742,DYCL,EQ,171972,59526,34.61
20,743,DYNAMATECH,EQ,8885,2895,32.58
20,744,DYNAMIC,ST,101500,101500,100.00
20,745,EASEMYTRIP,EQ,27928022,6255108,22.40
20,746,EBANKNIFTY,EQ,932,744,79.83
20,747,EBBETF0425,EQ,11259,11252,99.94
20,748,EBBETF0430,EQ,6248,5496,87.96
20,749,EBBETF0431,EQ,9213,7712,83.71
20,750,EBBETF0433,EQ,4404,3863,87.72
20,751,ECLERX,EQ,114159,41628,36.46
20,752,ECOSMOBLTY,EQ,291021,111460,38.30
20,753,EDELWEISS,EQ,2109918,1025091,48.58
20,754,EFACTOR,ST,1600,1600,100.00
20,755,EFFWA,ST,30800,27200,88.31
20,756,EFORCE,SM,37200,31200,83.87
20,757,EGOLD,EQ,4418,3864,87.46
20,758,EICHERMOT,EQ,339941,150752,44.35
20,759,EIDPARRY,EQ,346290,159171,45.96
20,760,EIHAHOTELS,EQ,20691,15443,74.64
20,761,EIHOTEL,EQ,429692,191444,44.55
20,762,EIMCOELECO,EQ,14440,7330,50.76
20,763,EKC,EQ,3198258,890884,27.86
20,764,ELDEHSG,EQ,320,269,84.06
20,765,ELECON,EQ,336806,146877,43.61
20,766,ELECTCAST,EQ,1375696,659662,47.95
20,767,ELGIEQUIP,EQ,142116,51214,36.04
20,768,ELGIRUBCO,EQ,52847,21653,40.97
20,769,ELIN,EQ,118126,62107,52.58
20,770,EMAMILTD,EQ,233237,94339,40.45
20,771,EMAMIPAP,EQ,33510,16079,47.98
20,772,EMAMIREAL,EQ,8180,4186,51.17
20,773,EMBASSY,RR,1353276,1258182,92.97
20,774,EMBDL,EQ,2680773,1012288,37.76
20,775,EMCURE,EQ,173489,73946,42.62
20,776,EMIL,EQ,796517,319777,40.15
20,777,EMKAYTOOLS,SM,150,150,100.00
20,778,EMMBI,EQ,680878,187768,27.58
20,779,EMMIL,SM,16500,13250,80.30
20,780,EMSLIMITED,EQ,166160,53167,32.00
20,781,EMUDHRA,EQ,74370,24515,32.96
20,782,EMULTIMQ,EQ,39669,37329,94.10
20,783,ENDURANCE,EQ,52370,30017,57.32
20,784,ENERGYDEV,EQ,147366,74222,50.37
20,785,ENFUSE,SM,22800,22800,100.00
20,786,ENGINERSIN,EQ,1791427,537300,29.99
20,787,ENIL,EQ,60173,19019,31.61
20,788,ENSER,ST,88000,87500,99.43
20,789,ENTERO,EQ,35584,18729,52.63
20,790,ENVIRO,SM,112000,66000,58.93
20,791,EPIGRAL,EQ,45466,15849,34.86
20,792,EPL,EQ,761420,334492,43.93
20,793,EQUAL50ADD,EQ,2137,1783,83.43
20,794,EQUITASBNK,EQ,1714428,806192,47.02
20,795,ERIS,EQ,35615,16001,44.93
20,796,ESABINDIA,EQ,2822,1411,50.00
20,797,ESAFSFB,EQ,343608,137101,39.90
20,798,ESCONET,ST,400,400,100.00
20,799,ESCORTS,EQ,153988,78085,50.71
20,800,ESFL,ST,36900,35400,95.93
20,801,ESG,EQ,3638,2891,79.47
20,802,ESILVER,EQ,5534,4872,88.04
20,803,ESPRIT,SM,1600,1600,100.00
20,804,ESTER,EQ,101840,49300,48.41
20,805,ETHOSLTD,EQ,19118,8987,47.01
20,806,EUREKAFORB,EQ,220863,138144,62.55
20,807,EVEREADY,EQ,57550,25983,45.15
20,808,EVERESTIND,EQ,36969,22203,60.06
20,809,EVINDIA,EQ,317896,149741,47.10
20,810,EXCELINDUS,EQ,31392,16700,53.20
20,811,EXICOM,EQ,679468,265560,39.08
20,812,EXIDEIND,EQ,1589484,597979,37.62
20,813,EXPLEOSOL,EQ,35352,20825,58.91
20,814,EXXARO,EQ,171921,126322,73.48
20,815,FACT,EQ,133389,31306,23.47
20,816,FAIRCHEMOR,EQ,20138,10775,53.51
20,817,FALCONTECH,SM,7200,4800,66.67
20,818,FAZE3Q,EQ,15051,9602,63.80
20,819,FCL,EQ,190498,86229,45.27
20,820,FCSSOFT,EQ,4240153,2445950,57.69
20,821,FDC,EQ,75957,29312,38.59
20,822,FEDERALBNK,EQ,13076979,5388679,41.21
20,823,FEDFINA,EQ,439418,234381,53.34
20,824,FELIX,ST,3500,3500,100.00
20,825,FIBERWEB,EQ,66950,38404,57.36
20,826,FIDEL,SM,8000,5000,62.50
20,827,FIEMIND,EQ,64497,44030,68.27
20,828,FILATEX,EQ,1122204,383211,34.15
20,829,FINCABLES,EQ,134971,41230,30.55
20,830,FINEORG,EQ,117973,25856,21.92
20,831,FINIETF,EQ,133803,69979,52.30
20,832,FINOPB,EQ,59657,30291,50.78
20,833,FINPIPE,EQ,370763,149924,40.44
20,834,FIRSTCRY,EQ,337798,130701,38.69
20,835,FIVESTAR,EQ,738907,412954,55.89
20,836,FLAIR,EQ,27085,12261,45.27
20,837,FLUOROCHEM,EQ,97011,44999,46.39
20,838,FMCGIETF,EQ,353757,255980,72.36
20,839,FMGOETZE,EQ,32637,15694,48.09
20,840,FONEBOX,SM,3000,3000,100.00
20,841,FOODSIN,EQ,117731,65952,56.02
20,842,FORCAS,SM,57600,57600,100.00
20,843,FORCEMOT,EQ,17208,8069,46.89
20,844,FORGEAUTO,SM,1200,1200,100.00
20,845,FORTIS,EQ,3306695,1729433,52.30
20,846,FOSECOIND,EQ,1093,748,68.44
20,847,FRESHARA,SM,34800,25200,72.41
20,848,FROG,SM,83600,44400,53.11
20,849,FSL,EQ,2504331,668377,26.69
20,850,FUSION,EQ,426055,245492,57.62
20,851,GABRIEL,EQ,122906,49253,40.07
20,852,GAEL,EQ,547232,269175,49.19
20,853,GAIL,EQ,8159852,3236085,39.66
20,854,GAJANAND,ST,9000,9000,100.00
20,855,GALAPREC,EQ,38323,19036,49.67
20,856,GALAXYSURF,EQ,9658,5050,52.29
20,857,GALLANTT,EQ,24121,17080,70.81
20,858,GANDHAR,EQ,119049,50647,42.54
20,859,GANDHITUBE,EQ,2715,1916,70.57
20,860,GANECOS,EQ,50492,16579,32.83
20,861,GANESHBE,EQ,44578,22697,50.92
20,862,GANESHHOUC,EQ,547742,187007,34.14
20,863,GANGESSECU,EQ,84254,28546,33.88
20,864,GARFIBRES,EQ,39006,14689,37.66
20,865,GARUDA,EQ,401994,145565,36.21
20,866,GATEWAY,EQ,419187,156241,37.27
20,867,GEECEE,EQ,7300,3382,46.33
20,868,GENCON,EQ,66420,31867,47.98
20,869,GENESYS,EQ,428407,255087,59.54
20,870,GENSOL,EQ,74823,28418,37.98
20,871,GENUSPAPER,EQ,213126,95308,44.72
20,872,GENUSPOWER,EQ,266068,145062,54.52
20,873,GEOJITFSL,EQ,513868,228755,44.52
20,874,GEPIL,EQ,120853,53242,44.06
20,875,GESHIP,EQ,301711,109325,36.24
20,876,GFLLIMITED,EQ,149778,71892,48.00
20,877,GGBL,SM,43200,29100,67.36
20,878,GHCL,EQ,84326,36742,43.57
20,879,GHCLTEXTIL,EQ,112019,58685,52.39
20,880,GICHSGFIN,EQ,76899,29191,37.96
20,881,GICL,SM,19500,19500,100.00
20,882,GICRE,EQ,810370,354623,43.76
20,883,GILLANDERS,EQ,83375,45461,54.53
20,884,GILLETTE,EQ,17078,6735,39.44
20,885,GILT5YBEES,EQ,336056,259306,77.16
20,886,GINNIFILA,EQ,78291,35552,45.41
20,887,GIPCL,EQ,198177,79911,40.32
20,888,GIRIRAJ,SM,1500,1500,100.00
20,889,GKWLIMITED,EQ,2952,1974,66.87
20,890,GLAND,EQ,101150,36728,36.31
20,891,GLAXO,EQ,288891,233768,80.92
20,892,GLENMARK,EQ,517711,226044,43.66
20,893,GLOBAL,EQ,21685,15648,72.16
20,894,GLOBALPET,SM,4500,3000,66.67
20,895,GLOBE,EQ,788577,592681,75.16
20,896,GLOBUSSPR,EQ,117644,54496,46.32
20,897,GLOSTERLTD,EQ,1674,1022,61.05
20,898,GLS,EQ,82333,37855,45.98
20,899,GMBREW,EQ,30731,15455,50.29
20,900,GMDCLTD,EQ,755754,250629,33.16
20,901,GMMPFAUDLR,EQ,61316,22436,36.59
20,902,GMRINFRA,EQ,14612979,5456454,37.34
20,903,GMRP&UI,EQ,1195915,562077,47.00
20,904,GNA,EQ,15827,8402,53.09
20,905,GNFC,EQ,294644,109092,37.03
20,906,GOACARBON,EQ,12544,5143,41.00
20,907,GOCLCORP,EQ,27862,15400,55.27
20,908,GOCOLORS,EQ,11666,5379,46.11
20,909,GODAVARIB,EQ,325080,170421,52.42
20,910,GODFRYPHLP,EQ,70711,29839,42.20
20,911,GODIGIT,EQ,828626,532004,64.20
20,912,GODREJAGRO,EQ,56770,30823,54.29
20,913,GODREJCP,EQ,719207,526642,73.23
20,914,GODREJIND,EQ,199155,70697,35.50
20,915,GODREJPROP,EQ,1297725,354981,27.35
20,916,GOKEX,EQ,88325,50804,57.52
20,917,GOKULAGRO,EQ,348245,150011,43.08
20,918,GOLD1,EQ,901624,860322,95.42
20,919,GOLDBEES,EQ,12559055,9684369,77.11
20,920,GOLDCASE,EQ,703024,553483,78.73
20,921,GOLDETF,EQ,307303,164379,53.49
20,922,GOLDETFADD,EQ,62280,55748,89.51
20,923,GOLDIAM,EQ,202152,101392,50.16
20,924,GOLDIETF,EQ,2031498,1862599,91.69
20,925,GOLDSHARE,EQ,101573,60090,59.16
20,926,GOLDSTAR,SM,78750,33750,42.86
20,927,GOODLUCK,EQ,73747,35210,47.74
20,928,GOPAL,EQ,251953,96420,38.27
20,929,GOYALALUM,EQ,117284,74837,63.81
20,930,GOYALSALT,SM,9000,9000,100.00
20,931,GPECO,SM,37200,25800,69.35
20,932,GPIL,EQ,968678,342281,35.33
20,933,GPPL,EQ,2872189,908365,31.63
20,934,GPTHEALTH,EQ,251633,194087,77.13
20,935,GPTINFRA,EQ,131778,74058,56.20
20,936,GRANULES,EQ,1035781,540690,52.20
20,937,GRAPHISAD,ST,3600,3600,100.00
20,938,GRAPHITE,EQ,355299,121321,34.15
20,939,GRASIM,EQ,828921,382839,46.19
20,940,GRASIMPP1,E1,91924,87963,95.69
20,941,GRAVITA,EQ,132415,49620,37.47
20,942,GRCL,ST,1250,1250,100.00
20,943,GREAVESCOT,EQ,1122425,449320,40.03
20,944,GREENCHEF,SM,8800,5600,63.64
20,945,GREENLAM,EQ,7778,4399,56.56
20,946,GREENPANEL,EQ,69172,25603,37.01
20,947,GREENPLY,EQ,111848,49506,44.26
20,948,GREENPOWER,EQ,5883747,2632347,44.74
20,949,GRINDWELL,EQ,25922,11719,45.21
20,950,GRINFRA,EQ,24713,12114,49.02
20,951,GRMOVER,EQ,67571,26090,38.61
20,952,GROWWDEFNC,EQ,115441,55701,48.25
20,953,GROWWEV,EQ,324103,192754,59.47
20,954,GROWWGOLD,EQ,225862,140885,62.38
20,955,GROWWLIQID,EQ,36236,26220,72.36
20,956,GRSE,EQ,336103,128113,38.12
20,957,GRWRHITECH,EQ,96155,30835,32.07
20,958,GSEC10IETF,EQ,510,509,99.80
20,959,GSEC10YEAR,EQ,1465,1460,99.66
20,960,GSFC,EQ,1085889,428554,39.47
20,961,GSLSU,EQ,53917,30349,56.29
20,962,GSMFOILS,ST,10000,10000,100.00
20,963,GSPL,EQ,939193,438132,46.65
20,964,GSS,EQ,76479,64388,84.19
20,965,GSTL,SM,108000,89000,82.41
20,966,GTL,EQ,475836,222301,46.72
20,967,GTLINFRA,EQ,41110620,15386762,37.43
20,968,GTPL,EQ,13892,8083,58.18
20,969,GUFICBIO,EQ,87656,43660,49.81
20,970,GUJALKALI,EQ,18319,6652,36.31
20,971,GUJGASLTD,EQ,1097310,579131,52.78
20,972,GUJRAFFIA,EQ,2711,1804,66.54
20,973,GULFOILLUB,EQ,282652,178783,63.25
20,974,GULFPETRO,EQ,179171,82829,46.23
20,975,GULPOLY,EQ,106258,52585,49.49
20,976,GVPTECH,EQ,179751,87583,48.72
20,977,HAL,EQ,1404647,384803,27.39
20,978,HAPPSTMNDS,EQ,210945,99856,47.34
20,979,HAPPYFORGE,EQ,14261,7727,54.18
20,980,HARDWYN,EQ,439718,161278,36.68
20,981,HARIOMPIPE,EQ,45598,17915,39.29
20,982,HARSHA,EQ,22750,9492,41.72
20,983,HATHWAY,EQ,1581412,752292,47.57
20,984,HATSUN,EQ,7151,3647,51.00
20,985,HAVELLS,EQ,740554,402916,54.41
20,986,HBLPOWER,EQ,1496869,477944,31.93
20,987,HBSL,EQ,17051,13141,77.07
20,988,HCC,EQ,9234690,3440078,37.25
20,989,HCG,EQ,103471,62835,60.73
20,990,HCLTECH,EQ,2765950,1525701,55.16
20,991,HDFCAMC,EQ,472525,313220,66.29
20,992,HDFCBANK,EQ,12386806,8137880,65.70
20,993,HDFCBSE500,EQ,26428,21662,81.97
20,994,HDFCGOLD,EQ,3269116,2623987,80.27
20,995,HDFCGROWTH,EQ,23153,15963,68.95
20,996,HDFCLIFE,EQ,1788502,800238,44.74
20,997,HDFCLIQUID,EQ,1625,1597,98.28
20,998,HDFCLOWVOL,EQ,15089,8440,55.93
20,999,HDFCMID150,EQ,183105,151234,82.59
20,1000,HDFCMOMENT,EQ,186692,90477,48.46
20,1001,HDFCNEXT50,EQ,57904,40891,70.62
20,1002,HDFCNIF100,EQ,39330,31698,80.59
20,1003,HDFCNIFBAN,EQ,9215,7720,83.78
20,1004,HDFCNIFIT,EQ,109278,107356,98.24
20,1005,HDFCNIFTY,EQ,54706,35139,64.23
20,1006,HDFCPSUBK,EQ,14162,9546,67.41
20,1007,HDFCPVTBAN,EQ,231144,184223,79.70
20,1008,HDFCQUAL,EQ,10220,6075,59.44
20,1009,HDFCSENSEX,EQ,68309,48383,70.83
20,1010,HDFCSILVER,EQ,266922,142755,53.48
20,1011,HDFCSML250,EQ,423643,271102,63.99
20,1012,HDFCVALUE,EQ,4734,3804,80.35
20,1013,HEADSUP,EQ,9002,5643,62.69
20,1014,HEALTHADD,EQ,309,226,73.14
20,1015,HEALTHIETF,EQ,44982,21032,46.76
20,1016,HEALTHY,EQ,150057,73343,48.88
20,1017,HEG,EQ,193748,73281,37.82
20,1018,HEIDELBERG,EQ,126307,50519,40.00
20,1019,HEMIPROP,EQ,771894,463956,60.11
20,1020,HERANBA,EQ,70196,36378,51.82
20,1021,HERITGFOOD,EQ,315192,155493,49.33
20,1022,HEROMOTOCO,EQ,394712,182334,46.19
20,1023,HESTERBIO,EQ,4166,2189,52.54
20,1024,HEUBACHIND,EQ,36482,15505,42.50
20,1025,HEXATRADEX,EQ,4172,2478,59.40
20,1026,HFCL,EQ,13007261,3124170,24.02
20,1027,HGINFRA,EQ,49579,23782,47.97
20,1028,HGS,EQ,71226,34284,48.13
20,1029,HIGREEN,ST,8800,7200,81.82
20,1030,HIKAL,EQ,269277,94666,35.16
20,1031,HIL,EQ,10213,6889,67.45
20,1032,HILTON,EQ,48568,28322,58.31
20,1033,HIMATSEIDE,EQ,2070762,994685,48.03
20,1034,HINDALCO,EQ,3586402,1662418,46.35
20,1035,HINDCOMPOS,EQ,5243,3183,60.71
20,1036,HINDCON,EQ,37202,23791,63.95
20,1037,HINDCOPPER,EQ,2174690,746438,34.32
20,1038,HINDOILEXP,EQ,347101,161445,46.51
20,1039,HINDPETRO,EQ,2571975,942569,36.65
20,1040,HINDUNILVR,EQ,1696471,1156911,68.20
20,1041,HINDWAREAP,EQ,106008,56806,53.59
20,1042,HINDZINC,EQ,1077937,545297,50.59
20,1043,HIRECT,EQ,24857,10371,41.72
20,1044,HISARMETAL,EQ,9860,5328,54.04
20,1045,HITECH,EQ,337757,154782,45.83
20,1046,HITECHCORP,EQ,7430,4000,53.84
20,1047,HLEGLAS,EQ,42400,17022,40.15
20,1048,HLVLTD,EQ,454995,231377,50.85
20,1049,HMAAGRO,EQ,306411,186561,60.89
20,1050,HMVL,EQ,26046,13025,50.01
20,1051,HNDFDS,EQ,39211,20390,52.00
20,1052,HNGSNGBEES,EQ,146191,99416,68.00
20,1053,HOACFOODS,SM,750,750,100.00
20,1054,HOLMARC,ST,9000,9000,100.00
20,1055,HOMEFIRST,EQ,49825,21365,42.88
20,1056,HOMESFY,SM,1200,1200,100.00
20,1057,HONASA,EQ,4796479,2569124,53.56
20,1058,HONAUT,EQ,4575,2161,47.23
20,1059,HONDAPOWER,EQ,5760,2734,47.47
20,1060,HPAL,EQ,48965,28518,58.24
20,1061,HPIL,EQ,1168,799,68.41
20,1062,HPL,EQ,137602,70623,51.32
20,1063,HSCL,EQ,617313,230707,37.37
20,1064,HTMEDIA,EQ,216494,115776,53.48
20,1065,HUDCO,EQ,2725901,941031,34.52
20,1066,HUHTAMAKI,EQ,94629,53215,56.24
20,1067,HVAX,SM,3900,3600,92.31
20,1068,HYUNDAI,EQ,436515,286391,65.61
20,1069,IBLFL,ST,8000,8000,100.00
20,1070,ICDSLTD,EQ,18486,8249,44.62
20,1071,ICEMAKE,EQ,60019,32806,54.66
20,1072,ICICIB22,EQ,667762,501868,75.16
20,1073,ICICIBANK,EQ,11604338,6844834,58.99
20,1074,ICICIGI,EQ,502559,329052,65.48
20,1075,ICICIPRULI,EQ,358244,163485,45.64
20,1076,ICIL,EQ,170358,74803,43.91
20,1077,ICRA,EQ,2675,1610,60.19
20,1078,IDBI,EQ,4241865,1443006,34.02
20,1079,IDEA,EQ,625748712,262786328,42.00
20,1080,IDEAFORGE,EQ,113988,43550,38.21
20,1081,IDEALTECHO,SM,6000,5000,83.33
20,1082,IDFCFIRSTB,EQ,18942154,7941390,41.92
20,1083,IDFNIFTYET,EQ,46,23,50.00
20,1084,IEL,EQ,756273,377301,49.89
20,1085,IEML,SM,4500,3500,77.78
20,1086,IEX,EQ,3107987,1012538,32.58
20,1087,IFBAGRO,EQ,3600,1929,53.58
20,1088,IFBIND,EQ,189498,169912,89.66
20,1089,IFCI,EQ,15789293,4244744,26.88
20,1090,IFGLEXPOR,EQ,5323,2396,45.01
20,1091,IGARASHI,EQ,33430,13648,40.83
20,1092,IGL,EQ,9643056,6074594,62.99
20,1093,IGPL,EQ,19751,10635,53.85
20,1094,IIFL,EQ,1059196,480575,45.37
20,1095,IIFLHF29,NE,1,1,100.00
20,1096,IIFLHFZC27,NB,100,100,100.00
20,1097,IIFLSEC,EQ,387371,189524,48.93
20,1098,IIFLZC25A,NP,105,105,100.00
20,1099,IIFLZC25B,NW,685,535,78.10
20,1100,IIFLZC25C,N8,10,10,100.00
20,1101,IIFLZC28B,Y1,1,1,100.00
20,1102,IKIO,EQ,43411,23114,53.24
20,1103,IMAGICAA,EQ,742333,324402,43.70
20,1104,IMC1,N3,102,102,100.00
20,1105,IMFA,EQ,769776,257941,33.51
20,1106,IMPAL,EQ,2854,1995,69.90
20,1107,INCREDIBLE,EQ,779979,159660,20.47
20,1108,INDBANK,EQ,38261,19581,51.18
20,1109,INDGN,EQ,129246,49502,38.30
20,1110,INDHOTEL,EQ,4437615,2191212,49.38
20,1111,INDIACEM,EQ,223389,106358,47.61
20,1112,INDIAGLYCO,EQ,69225,21075,30.44
20,1113,INDIAMART,EQ,180507,88281,48.91
20,1114,INDIANB,EQ,871025,327013,37.54
20,1115,INDIANCARD,EQ,2486,1280,51.49
20,1116,INDIANHUME,EQ,32166,15527,48.27
20,1117,INDIASHLTR,EQ,112183,90649,80.80
20,1118,INDIFRA,SM,4000,4000,100.00
20,1119,INDIGO,EQ,966107,625868,64.78
20,1120,INDIGOPNTS,EQ,34381,12533,36.45
20,1121,INDIGRID,IV,233496,214077,91.68
20,1122,INDNIPPON,EQ,9335,5270,56.45
20,1123,INDOAMIN,EQ,115393,34790,30.15
20,1124,INDOBORAX,EQ,84958,36051,42.43
20,1125,INDOCO,EQ,512900,407134,79.38
20,1126,INDORAMA,EQ,92529,57222,61.84
20,1127,INDOSTAR,EQ,68445,44459,64.96
20,1128,INDOUS,EQ,25110,22082,87.94
20,1129,INDOWIND,EQ,163208,100902,61.82
20,1130,INDRAMEDCO,EQ,208632,73141,35.06
20,1131,INDSWFTLTD,EQ,35385,18869,53.32
20,1132,INDTERRAIN,EQ,33877,19945,58.87
20,1133,INDUSINDBK,EQ,4026863,2280499,56.63
20,1134,INDUSTOWER,EQ,3576020,1257865,35.17
20,1135,INFIBEAM,EQ,5677702,2450355,43.16
20,1136,INFINIUM,ST,5500,5500,100.00
20,1137,INFOBEAN,EQ,8548,4553,53.26
20,1138,INFOLLION,ST,2800,2800,100.00
20,1139,INFRABEES,EQ,11960,5597,46.80
20,1140,INFRAIETF,EQ,72074,19684,27.31
20,1141,INFY,EQ,6301486,3723656,59.09
20,1142,INGERRAND,EQ,116452,94789,81.40
20,1143,INM,SM,2400,1800,75.00
20,1144,INNOMET,SM,24000,18000,75.00
20,1145,INNOVACAP,EQ,254282,73968,29.09
20,1146,INNOVANA,SM,2200,1600,72.73
20,1147,INOXGREEN,EQ,1310803,586735,44.76
20,1148,INOXINDIA,EQ,106641,54991,51.57
20,1149,INOXWIND,EQ,4427968,1671792,37.76
20,1150,INSECTICID,EQ,35920,15561,43.32
20,1151,INSPIRE,SM,20000,14000,70.00
20,1152,INTELLECT,EQ,167205,84511,50.54
20,1153,INTERARCH,EQ,462059,171763,37.17
20,1154,INTLCONV,EQ,130818,70722,54.06
20,1155,INVENTURE,EQ,1816058,1119114,61.62
20,1156,IOB,EQ,3952448,823274,20.83
20,1157,IOC,EQ,12070416,5196862,43.05
20,1158,IOLCP,EQ,160294,65656,40.96
20,1159,IONEXCHANG,EQ,116293,56184,48.31
20,1160,IPCALAB,EQ,295562,123386,41.75
20,1161,IPHL,ST,63600,58800,92.45
20,1162,IPL,EQ,75157,42341,56.34
20,1163,IRB,EQ,14836849,4272915,28.80
20,1164,IRBINVIT,IV,486106,477541,98.24
20,1165,IRCON,EQ,3449424,990267,28.71
20,1166,IRCTC,EQ,704780,272523,38.67
20,1167,IREDA,EQ,6235018,1963428,31.49
20,1168,IRFC,EQ,13970799,3142790,22.50
20,1169,IRISDOREME,EQ,109170,49979,45.78
20,1170,IRMENERGY,EQ,27722,18598,67.09
20,1171,ISEC,EQ,106738,59884,56.10
20,1172,ISGEC,EQ,31333,14630,46.69
20,1173,ISHAN,ST,48000,48000,100.00
20,1174,IT,EQ,184897,179978,97.34
20,1175,ITALIANE,ST,2000,2000,100.00
20,1176,ITBEES,EQ,8012991,5377190,67.11
20,1177,ITC,EQ,19464568,11168893,57.38
20,1178,ITDC,EQ,89986,19892,22.11
20,1179,ITDCEM,EQ,1870319,1197769,64.04
20,1180,ITETF,EQ,359212,331262,92.22
20,1181,ITETFADD,EQ,52838,51319,97.13
20,1182,ITI,EQ,3728246,419801,11.26
20,1183,ITIETF,EQ,652039,322425,49.45
20,1184,IVC,EQ,121195,83439,68.85
20,1185,IVP,EQ,192374,57287,29.78
20,1186,IVZINGOLD,EQ,399,328,82.21
20,1187,IVZINNIFTY,EQ,10,10,100.00
20,1188,IWEL,EQ,3929,3428,87.25
20,1189,IXIGO,EQ,173871,66970,38.52
20,1190,IZMO,EQ,91174,50475,55.36
20,1191,JAGRAN,EQ,119947,76939,64.14
20,1192,JAGSNPHARM,EQ,567270,130340,22.98
20,1193,JAIBALAJI,EQ,50719,38082,75.08
20,1194,JAICORPLTD,EQ,377721,115881,30.68
20,1195,JAIPURKURT,EQ,35622,12412,34.84
20,1196,JALAN,SM,87000,84000,96.55
20,1197,JAMNAAUTO,EQ,1827004,995024,54.46
20,1198,JASH,EQ,1353316,381772,28.21
20,1199,JAYAGROGN,EQ,26725,9146,34.22
20,1200,JAYBARMARU,EQ,40115,20300,50.60
20,1201,JAYBEE,SM,185000,77000,41.62
20,1202,JAYNECOIND,EQ,133793,74045,55.34
20,1203,JAYSREETEA,EQ,86902,45465,52.32
20,1204,JBCHEPHARM,EQ,158158,94518,59.76
20,1205,JBMA,EQ,86172,27426,31.83
20,1206,JCHAC,EQ,25188,13302,52.81
20,1207,JEYYAM,SM,12000,12000,100.00
20,1208,JFLLIFE,ST,144000,132000,91.67
20,1209,JGCHEM,EQ,929545,211795,22.78
20,1210,JHS,EQ,97780,63476,64.92
20,1211,JINDALPHOT,EQ,170676,34892,20.44
20,1212,JINDALPOLY,EQ,73089,31963,43.73
20,1213,JINDALSAW,EQ,747653,345902,46.27
20,1214,JINDALSTEL,EQ,895312,187647,20.96
20,1215,JINDRILL,EQ,52648,21372,40.59
20,1216,JINDWORLD,EQ,189618,52474,27.67
20,1217,JIOFIN,EQ,11366576,5214081,45.87
20,1218,JISLDVREQS,EQ,38795,27518,70.93
20,1219,JISLJALEQS,EQ,4426448,2405630,54.35
20,1220,JITFINFRA,EQ,23570,13411,56.90
20,1221,JIWANRAM,SM,6000,6000,100.00
20,1222,J&KBANK,EQ,2793316,1054273,37.74
20,1223,JKCEMENT,EQ,76138,30801,40.45
20,1224,JKIL,EQ,131966,56366,42.71
20,1225,JKLAKSHMI,EQ,110008,47772,43.43
20,1226,JKPAPER,EQ,269277,90936,33.77
20,1227,JKTYRE,EQ,372493,137210,36.84
20,1228,JLHL,EQ,37873,18731,49.46
20,1229,JMA,EQ,12858,9404,73.14
20,1230,JMFINANCIL,EQ,7101898,1500036,21.12
20,1231,JNKINDIA,EQ,24511,15356,62.65
20,1232,JOCIL,EQ,4320,3236,74.91
20,1233,JPOLYINVST,EQ,151697,34067,22.46
20,1234,JPPOWER,EQ,37762413,12298253,32.57
20,1235,JSFB,EQ,60850,38297,62.94
20,1236,JSL,EQ,369544,155733,42.14
20,1237,JSLL,SM,19980,13230,66.22
20,1238,JSWENERGY,EQ,1439252,378831,26.32
20,1239,JSWINFRA,EQ,2066400,804162,38.92
20,1240,JSWSTEEL,EQ,1889389,941653,49.84
20,1241,JTEKTINDIA,EQ,92031,52717,57.28
20,1242,JTLIND,EQ,1001389,633290,63.24
20,1243,JUBLFOOD,EQ,1511063,486160,32.17
20,1244,JUBLINGREA,EQ,176232,70963,40.27
20,1245,JUBLPHARMA,EQ,76010,32773,43.12
20,1246,JUNIORBEES,EQ,322547,218926,67.87
20,1247,JUNIPER,EQ,277508,190860,68.78
20,1248,JUSTDIAL,EQ,123421,46734,37.87
20,1249,JWL,EQ,808742,322861,39.92
20,1250,JYOTHYLAB,EQ,831855,350479,42.13
20,1251,JYOTICNC,EQ,535403,174886,32.66
20,1252,JYOTISTRUC,EQ,13579667,6128226,45.13
20,1253,K2INFRA,SM,488400,298800,61.18
20,1254,KABRAEXTRU,EQ,281986,110381,39.14
20,1255,KAJARIACER,EQ,83001,48173,58.04
20,1256,KAKATCEM,EQ,3929,2735,69.61
20,1257,KALAMANDIR,EQ,272738,154969,56.82
20,1258,KALANA,SM,58000,34000,58.62
20,1259,KALYANIFRG,EQ,2841,2841,100.00
20,1260,KALYANKJIL,EQ,5902907,2152658,36.47
20,1261,KAMATHOTEL,EQ,14050,6881,48.98
20,1262,KAMDHENU,EQ,79645,53877,67.65
20,1263,KANANIIND,EQ,463849,292443,63.05
20,1264,KANDARP,ST,48000,48000,100.00
20,1265,KANORICHEM,EQ,83510,37413,44.80
20,1266,KANPRPLA,EQ,6428,2633,40.96
20,1267,KANSAINER,EQ,1698363,423165,24.92
20,1268,KAPSTON,EQ,4694,2555,54.43
20,1269,KARMAENG,EQ,4753,1608,33.83
20,1270,KARNIKA,ST,19600,19600,100.00
20,1271,KARURVYSYA,EQ,841983,373623,44.37
20,1272,KATARIA,SM,4800,3600,75.00
20,1273,KAUSHALYA,EQ,1356,759,55.97
20,1274,KAYNES,EQ,308507,104368,33.83
20,1275,KBCGLOBAL,EQ,26652675,6925291,25.98
20,1276,KCEIL,SM,41000,33500,81.71
20,1277,KCK,ST,2500,2500,100.00
20,1278,KCP,EQ,296168,104453,35.27
20,1279,KDDL,EQ,7644,3926,51.36
20,1280,KDL,ST,800,800,100.00
20,1281,KEC,EQ,588923,199939,33.95
20,1282,KECL,EQ,114340,52932,46.29
20,1283,KEI,EQ,349846,126754,36.23
20,1284,KEL,ST,14400,14400,100.00
20,1285,KELLTONTEC,EQ,918570,297447,32.38
20,1286,KERNEX,EQ,692949,327746,47.30
20,1287,KESORAMIND,EQ,804580,430381,53.49
20,1288,KFINTECH,EQ,1237085,421887,34.10
20,1289,KHADIM,EQ,12660,9877,78.02
20,1290,KHAICHEM,EQ,299139,83911,28.05
20,1291,KHANDSE,EQ,10220,5028,49.20
20,1292,KHFM,SM,68200,66650,97.73
20,1293,KICL,EQ,4532,2095,46.23
20,1294,KILITCH,EQ,7243,3920,54.12
20,1295,KIMS,EQ,1500113,716104,47.74
20,1296,KINGFA,EQ,6890,4790,69.52
20,1297,KIOCL,EQ,108879,39310,36.10
20,1298,KIRIINDUS,EQ,1457864,456550,31.32
20,1299,KIRLOSBROS,EQ,177696,52309,29.44
20,1300,KIRLOSENG,EQ,258962,111505,43.06
20,1301,KIRLOSIND,EQ,1540,806,52.34
20,1302,KIRLPNU,EQ,69051,42042,60.89
20,1303,KITEX,EQ,943896,375221,39.75
20,1304,KKCL,EQ,28994,17716,61.10
20,1305,KLL,SM,120000,79200,66.00
20,1306,KMEW,EQ,1939,1208,62.30
20,1307,KMSUGAR,EQ,155139,61967,39.94
20,1308,KNAGRI,ST,4000,4000,100.00
20,1309,KNRCON,EQ,854989,286875,33.55
20,1310,KODYTECH,SM,1200,1050,87.50
20,1311,KOHINOOR,EQ,118740,67241,56.63
20,1312,KOKUYOCMLN,EQ,114817,62790,54.69
20,1313,KOLTEPATIL,EQ,304660,136359,44.76
20,1314,KONSTELEC,ST,25000,24000,96.00
20,1315,KONTOR,ST,5400,5400,100.00
20,1316,KOPRAN,EQ,956273,445047,46.54
20,1317,KORE,SM,10750,8250,76.74
20,1318,KOTAKBANK,EQ,3553726,2605053,73.30
20,1319,KOTARISUG,EQ,27979,15215,54.38
20,1320,KOTHARIPET,EQ,54214,26205,48.34
20,1321,KOTHARIPRO,EQ,32235,14875,46.15
20,1322,KOTYARK,SM,49700,31400,63.18
20,1323,KPEL,EQ,122616,83558,68.15
20,1324,KPIGREEN,EQ,505085,368187,72.90
20,1325,KPIL,EQ,172367,94915,55.07
20,1326,KPITTECH,EQ,1208515,700937,58.00
20,1327,KPRMILL,EQ,78572,29358,37.36
20,1328,KRBL,EQ,885385,426007,48.12
20,1329,KREBSBIO,EQ,27350,9948,36.37
20,1330,KRIDHANINF,EQ,40904,32740,80.04
20,1331,KRISHANA,EQ,16314,10271,62.96
20,1332,KRISHCA,SM,125000,79000,63.20
20,1333,KRISHNADEF,ST,4250,4250,100.00
20,1334,KRN,EQ,3675294,457965,12.46
20,1335,KRONOX,EQ,191826,98728,51.47
20,1336,KROSS,EQ,2815507,656234,23.31
20,1337,KRSNAA,EQ,398760,207797,52.11
20,1338,KRYSTAL,EQ,18141,10124,55.81
20,1339,KSB,EQ,74434,38422,51.62
20,1340,KSCL,EQ,55018,23977,43.58
20,1341,KSHITIJPOL,EQ,1482537,805123,54.31
20,1342,KSL,EQ,27934,10630,38.05
20,1343,KSOLVES,EQ,10516,6453,61.36
20,1344,KTKBANK,EQ,813131,426303,52.43
20,1345,KTL,ST,9000,9000,100.00
20,1346,KUANTUM,EQ,17813,10311,57.88
20,1347,LAGNAM,EQ,7738,2027,26.20
20,1348,LAKSHYA,SM,40800,25600,62.75
20,1349,LALPATHLAB,EQ,48933,19436,39.72
20,1350,LAMBODHARA,EQ,22492,9757,43.38
20,1351,LANCORHOL,EQ,59871,16442,27.46
20,1352,LANDMARK,EQ,20656,10285,49.79
20,1353,LAOPALA,EQ,148725,60083,40.40
20,1354,LATENTVIEW,EQ,223429,103601,46.37
20,1355,LAURUSLABS,EQ,4514476,1400671,31.03
20,1356,LAWSIKHO,SM,10000,10000,100.00
20,1357,LAXMICOT,EQ,17385,9775,56.23
20,1358,LEMERITE,ST,249600,236800,94.87
20,1359,LEMONTREE,EQ,5523106,1687839,30.56
20,1360,LEXUS,EQ,64910,18845,29.03
20,1361,LGBBROSLTD,EQ,49570,37692,76.04
20,1362,LGHL,EQ,8045,2993,37.20
20,1363,LIBAS,EQ,119650,63062,52.71
20,1364,LIBERTSHOE,EQ,7508,4632,61.69
20,1365,LICHSGFIN,EQ,1018524,441381,43.34
20,1366,LICI,EQ,947168,269894,28.49
20,1367,LICMFGOLD,EQ,413,301,72.88
20,1368,LICNETFGSC,EQ,34841,29693,85.22
20,1369,LICNETFN50,EQ,787,567,72.05
20,1370,LICNETFSEN,EQ,96,33,34.38
20,1371,LICNFNHGP,EQ,787,241,30.62
20,1372,LICNMID100,EQ,6763,3395,50.20
20,1373,LIKHITHA,EQ,31230,14041,44.96
20,1374,LINC,EQ,13682,9975,72.91
20,1375,LINCOLN,EQ,15737,8542,54.28
20,1376,LINDEINDIA,EQ,35659,13429,37.66
20,1377,LIQUID,EQ,291766,40568,13.90
20,1378,LIQUID1,EQ,683284,375031,54.89
20,1379,LIQUIDADD,EQ,610770,430062,70.41
20,1380,LIQUIDBEES,EQ,2918661,2573063,88.16
20,1381,LIQUIDBETF,EQ,6240,5846,93.69
20,1382,LIQUIDCASE,EQ,5532051,5085583,91.93
20,1383,LIQUIDETF,EQ,203456,141398,69.50
20,1384,LIQUIDIETF,EQ,811901,569285,70.12
20,1385,LIQUIDPLUS,EQ,878,873,99.43
20,1386,LIQUIDSBI,EQ,2054,1186,57.74
20,1387,LIQUIDSHRI,EQ,3343,3030,90.64
20,1388,LLOYDSENGG,EQ,3691738,1504516,40.75
20,1389,LLOYDSENT,EQ,436942,280985,64.31
20,1390,LLOYDSME,EQ,227515,81905,36.00
20,1391,LMW,EQ,15619,8178,52.36
20,1392,LODHA,EQ,1824580,636370,34.88
20,1393,LOKESHMACH,EQ,65195,41619,63.84
20,1394,LORDSCHLO,EQ,17094,6547,38.30
20,1395,LOWVOL,EQ,264,142,53.79
20,1396,LOWVOL1,EQ,245894,170065,69.16
20,1397,LOWVOLIETF,EQ,4102485,3469859,84.58
20,1398,LPDC,EQ,63195,36038,57.03
20,1399,LT,EQ,2534018,1622199,64.02
20,1400,LTF,EQ,3846622,1520265,39.52
20,1401,LTFOODS,EQ,327925,141035,43.01
20,1402,LTGILTBEES,EQ,2111326,1619342,76.70
20,1403,LTIM,EQ,301184,97410,32.34
20,1404,LTTS,EQ,96459,29307,30.38
20,1405,LUMAXIND,EQ,13722,8554,62.34
20,1406,LUMAXTECH,EQ,38382,24489,63.80
20,1407,LUPIN,EQ,410403,261765,63.78
20,1408,LUXIND,EQ,52791,18390,34.84
20,1409,LXCHEM,EQ,430544,165616,38.47
20,1410,LYKALABS,EQ,45249,22776,50.33
20,1411,MACOBSTECH,SM,51200,43200,84.38
20,1412,MACPOWER,EQ,7623,4787,62.80
20,1413,MADHAV,EQ,34879,24752,70.97
20,1414,MADHAVBAUG,SM,1600,1600,100.00
20,1415,MADHUSUDAN,SM,26000,17000,65.38
20,1416,MADRASFERT,EQ,75308,28336,37.63
20,1417,MAFANG,EQ,448379,226767,50.57
20,1418,MAGADSUGAR,EQ,8725,4106,47.06
20,1419,MAGNUM,EQ,137782,88349,64.12
20,1420,MAGSON,SM,8000,4000,50.00
20,1421,MAHABANK,EQ,11565764,3493626,30.21
20,1422,MAHEPC,EQ,46863,13156,28.07
20,1423,MAHESHWARI,EQ,21881,8508,38.88
20,1424,MAHICKRA,SM,11250,6000,53.33
20,1425,MAHKTECH,EQ,1848844,1307328,70.71
20,1426,MAHLIFE,EQ,82121,39658,48.29
20,1427,MAHLOG,EQ,90873,47265,52.01
20,1428,MAHSCOOTER,EQ,10051,4393,43.71
20,1429,MAHSEAMLES,EQ,275159,139912,50.85
20,1430,MAITHANALL,EQ,20773,10751,51.75
20,1431,MAITREYA,ST,12800,11200,87.50
20,1432,MAKEINDIA,EQ,9995,7003,70.07
20,1433,MAKS,SM,3000,3000,100.00
20,1434,MAL,SM,12800,9600,75.00
20,1435,MALUPAPER,EQ,18897,11530,61.01
20,1436,MANAKALUCO,EQ,36230,26323,72.66
20,1437,MANAKCOAT,EQ,172855,115421,66.77
20,1438,MANAKSIA,EQ,39453,29705,75.29
20,1439,MANAKSTEEL,EQ,51054,27669,54.20
20,1440,MANALIPETC,EQ,184106,90873,49.36
20,1441,MANAPPURAM,EQ,6836059,2961087,43.32
20,1442,MANAV,SM,4000,4000,100.00
20,1443,MANBA,EQ,158201,77768,49.16
20,1444,MANCREDIT,EQ,36150,9713,26.87
20,1445,MANDEEP,SM,26000,26000,100.00
20,1446,MANGALAM,EQ,20197,9588,47.47
20,1447,MANGCHEFER,EQ,156833,86138,54.92
20,1448,MANGLMCEM,EQ,192811,127904,66.34
20,1449,MANINDS,EQ,165317,71857,43.47
20,1450,MANINFRA,EQ,559220,188106,33.64
20,1451,MANKIND,EQ,116790,60777,52.04
20,1452,MANOMAY,EQ,3313,2044,61.70
20,1453,MANORAMA,EQ,68909,55745,80.90
20,1454,MANUGRAPH,EQ,11325,10309,91.03
20,1455,MANYAVAR,EQ,112270,50457,44.94
20,1456,MAPMYINDIA,EQ,309316,145198,46.94
20,1457,MARALOVER,EQ,12176,6942,57.01
20,1458,MARATHON,EQ,12512,5353,42.78
20,1459,MARCO,SM,36000,30000,83.33
20,1460,MARICO,EQ,730158,401483,54.99
20,1461,MARINE,EQ,152338,92432,60.68
20,1462,MARKSANS,EQ,2945131,868117,29.48
20,1463,MARUTI,EQ,493678,294731,59.70
20,1464,MASFIN,EQ,178903,101756,56.88
20,1465,MASON,ST,11000,11000,100.00
20,1466,MASPTOP50,EQ,393912,210623,53.47
20,1467,MASTEK,EQ,314234,115459,36.74
20,1468,MASTER,ST,500,500,100.00
20,1469,MASTERTR,EQ,52476,40095,76.41
20,1470,MATRIMONY,EQ,11835,6271,52.99
20,1471,MAWANASUG,EQ,166565,55593,33.38
20,1472,MAXESTATES,EQ,44023,23298,52.92
20,1473,MAXHEALTH,EQ,1895207,1083024,57.15
20,1474,MAXIND,EQ,38732,23005,59.40
20,1475,MAXPOSURE,SM,18000,10000,55.56
20,1476,MAYURUNIQ,EQ,103386,71767,69.42
20,1477,MAZDA,EQ,2350,1476,62.81
20,1478,MAZDOCK,EQ,754122,154134,20.44
20,1479,MBAPL,EQ,56647,44911,79.28
20,1480,MCL,EQ,247380,112880,45.63
20,1481,MCLEODRUSS,EQ,517859,355442,68.64
20,1482,MCON,SM,2000,2000,100.00
20,1483,MCX,EQ,160161,67662,42.25
20,1484,MEDANTA,EQ,248680,137929,55.46
20,1485,MEDIASSIST,EQ,116368,74924,64.39
20,1486,MEDICAMEQ,EQ,260422,35318,13.56
20,1487,MEDICO,EQ,291473,172416,59.15
20,1488,MEDIORG,ST,12000,12000,100.00
20,1489,MEDPLUS,EQ,927417,606046,65.35
20,1490,MEGAFLEX,ST,9000,9000,100.00
20,1491,MEGASTAR,EQ,8527,6292,73.79
20,1492,MEGATHERM,SM,135600,81600,60.18
20,1493,MENONBE,EQ,19596,12260,62.56
20,1494,METAL,EQ,118284,73039,61.75
20,1495,METALIETF,EQ,3576463,1261972,35.29
20,1496,METROBRAND,EQ,45117,24562,54.44
20,1497,METROPOLIS,EQ,106266,46816,44.06
20,1498,MFSL,EQ,659880,362541,54.94
20,1499,MGEL,EQ,214719,125267,58.34
20,1500,MGL,EQ,2039721,518499,25.42
20,1501,MHHL,SM,18000,16500,91.67
20,1502,MHLXMIRU,EQ,24226,7958,32.85
20,1503,MHRIL,EQ,54114,31916,58.98
20,1504,MICEL,EQ,248001,159818,64.44
20,1505,MICROPRO,SM,102400,60800,59.38
20,1506,MID150BEES,EQ,542499,428710,79.03
20,1507,MID150CASE,EQ,454340,268397,59.07
20,1508,MIDCAP,EQ,68521,49344,72.01
20,1509,MIDCAPETF,EQ,1225214,784075,63.99
20,1510,MIDCAPIETF,EQ,485384,183196,37.74
20,1511,MIDHANI,EQ,258951,103363,39.92
20,1512,MIDQ50ADD,EQ,2365,1328,56.15
20,1513,MIDSELIETF,EQ,71971,53437,74.25
20,1514,MIDSMALL,EQ,274845,222021,80.78
20,1515,MIEL,ST,26000,24000,92.31
20,1516,MINDACORP,EQ,113083,34901,30.86
20,1517,MINDSPACE,RR,286225,248478,86.81
20,1518,MINDTECK,EQ,35035,17397,49.66
20,1519,MIRZAINT,EQ,145011,72634,50.09
20,1520,MITCON,EQ,23056,16335,70.85
20,1521,MITCONPP,E1,11034,10888,98.68
20,1522,MITTAL,EQ,11571491,10703269,92.50
20,1523,M&M,EQ,4827125,2699636,55.93
20,1524,M&MFIN,EQ,791911,331088,41.81
20,1525,MMFL,EQ,21968,12459,56.71
20,1526,MMTC,EQ,1407048,297200,21.12
20,1527,MNC,EQ,48210,35965,74.60
20,1528,MODEFENCE,EQ,179336,150607,83.98
20,1529,MOGSEC,EQ,7582,5929,78.20
20,1530,MOHEALTH,EQ,32352,26666,82.42
20,1531,MOHITIND,EQ,58335,34947,59.91
20,1532,MOIL,EQ,1034961,415672,40.16
20,1533,MOL,EQ,446321,172596,38.67
20,1534,MOLDTECH,EQ,22008,12736,57.87
20,1535,MOLDTKPAC,EQ,89758,78926,87.93
20,1536,MOLOWVOL,EQ,41098,39594,96.34
20,1537,MOM100,EQ,254620,170723,67.05
20,1538,MOM30IETF,EQ,3333164,2280484,68.42
20,1539,MOM50,EQ,3260,2457,75.37
20,1540,MOMENTUM,EQ,64151,42854,66.80
20,1541,MOMENTUM50,EQ,147948,112943,76.34
20,1542,MOMOMENTUM,EQ,81001,48702,60.13
20,1543,MON100,EQ,754028,559235,74.17
20,1544,MONARCH,EQ,135948,56831,41.80
20,1545,MONIFTY500,EQ,241316,213602,88.52
20,1546,MONOPHARMA,SM,6000,6000,100.00
20,1547,MONQ50,EQ,150945,94614,62.68
20,1548,MONTECARLO,EQ,9877,3497,35.41
20,1549,MOQUALITY,EQ,9302,8439,90.72
20,1550,MOREALTY,EQ,277848,249774,89.90
20,1551,MOREPENLAB,EQ,5389113,1265573,23.48
20,1552,MOS,ST,35200,33600,95.45
20,1553,MOSMALL250,EQ,548119,435341,79.42
20,1554,MOTHERSON,EQ,9566842,4585887,47.94
20,1555,MOTILALOFS,EQ,2248154,578174,25.72
20,1556,MOTOGENFIN,EQ,10043,6951,69.21
20,1557,MOVALUE,EQ,120418,93261,77.45
20,1558,MOXSH,SM,6400,6400,100.00
20,1559,MPHASIS,EQ,1224485,596941,48.75
20,1560,MPSLTD,EQ,3494,2380,68.12
20,1561,MPTODAY,SM,4000,4000,100.00
20,1562,MRF,EQ,6464,2566,39.70
20,1563,MRO-TEK,EQ,6712,4382,65.29
20,1564,MRPL,EQ,23773291,1834963,7.72
20,1565,MSTCLTD,EQ,186620,55867,29.94
20,1566,MSUMI,EQ,3826609,2385645,62.34
20,1567,MTARTECH,EQ,133442,66628,49.93
20,1568,MTNL,EQ,1620782,556988,34.37
20,1569,MUFIN,EQ,227096,109957,48.42
20,1570,MUFTI,EQ,185244,96860,52.29
20,1571,MUKANDLTD,EQ,77780,43068,55.37
20,1572,MUKKA,EQ,734220,223530,30.44
20,1573,MULTICAP,EQ,53808,35175,65.37
20,1574,MUNJALAU,EQ,447950,212849,47.52
20,1575,MUNJALSHOW,EQ,62404,40795,65.37
20,1576,MURUDCERA,EQ,20868,10692,51.24
20,1577,MUTHOOTCAP,EQ,26438,14078,53.25
20,1578,MUTHOOTFIN,EQ,663522,387352,58.38
20,1579,MUTHOOTMF,EQ,114734,61837,53.90
20,1580,MVGJL,EQ,114444,59163,51.70
20,1581,MVKAGRO,SM,10800,6000,55.56
20,1582,MWL,SM,36000,36000,100.00
20,1583,MYMUDRA,SM,13200,10800,81.82
20,1584,NACLIND,EQ,34939,15585,44.61
20,1585,NAGAFERT,EQ,473805,232034,48.97
20,1586,NAGREEKCAP,EQ,32564,30602,93.97
20,1587,NAHARCAP,EQ,11256,7202,63.98
20,1588,NAHARINDUS,EQ,15607,11762,75.36
20,1589,NAHARPOLY,EQ,6771,4112,60.73
20,1590,NAHARSPING,EQ,22165,12463,56.23
20,1591,NAMAN,ST,31200,27200,87.18
20,1592,NAM-INDIA,EQ,623734,366540,58.77
20,1593,NAMOEWASTE,ST,40000,33600,84.00
20,1594,NARMADA,EQ,86904,53641,61.72
20,1595,NATCOPHARM,EQ,361884,185868,51.36
20,1596,NATHBIOGEN,EQ,9464,6365,67.25
20,1597,NATIONALUM,EQ,35571530,9718255,27.32
20,1598,NAUKRI,EQ,987000,251115,25.44
20,1599,NAVA,EQ,70107,36528,52.10
20,1600,NAVINFLUOR,EQ,82728,36181,43.73
20,1601,NAVINIFTY,EQ,782,443,56.65
20,1602,NAVKARCORP,EQ,1000850,426456,42.61
20,1603,NAVNETEDUL,EQ,75834,56306,74.25
20,1604,NAZARA,EQ,464922,358358,77.08
20,1605,NBCC,EQ,4919766,1864469,37.90
20,1606,NBIFIN,EQ,5563,4975,89.43
20,1607,NCC,EQ,3029554,914389,30.18
20,1608,NCLIND,EQ,140921,85404,60.60
20,1609,NDLVENTURE,EQ,13253,8251,62.26
20,1610,NDRAUTO,EQ,15946,9098,57.06
20,1611,NDTV,EQ,588325,71253,12.11
20,1612,NECCLTD,EQ,172736,86299,49.96
20,1613,NEELAM,ST,546000,516000,94.51
20,1614,NELCAST,EQ,67054,38650,57.64
20,1615,NELCO,EQ,128845,38758,30.08
20,1616,NEOGEN,EQ,20323,6738,33.15
20,1617,NEPHROCARE,ST,12000,12000,100.00
20,1618,NESCO,EQ,66713,38151,57.19
20,1619,NESTLEIND,EQ,771958,479378,62.10
20,1620,NETF,EQ,4179,3392,81.17
20,1621,NETWEB,EQ,92109,41893,45.48
20,1622,NETWORK18,EQ,7470574,2898270,38.80
20,1623,NEULANDLAB,EQ,10814,5334,49.32
20,1624,NEWGEN,EQ,192737,82215,42.66
20,1625,NEWJAISA,SM,3000,3000,100.00
20,1626,NEXT50,EQ,11182,8980,80.31
20,1627,NEXT50IETF,EQ,511481,308032,60.22
20,1628,NEXTMEDIA,EQ,122466,121453,99.17
20,1629,NFL,EQ,1827992,333654,18.25
20,1630,NGIL,EQ,20545,2766,13.46
20,1631,NGILPP1,E1,30551,26690,87.36
20,1632,NGLFINE,EQ,1581,1206,76.28
20,1633,NH,EQ,168064,98095,58.37
20,1634,NHPC,EQ,13620509,5023614,36.88
20,1635,NIACL,EQ,645196,208957,32.39
20,1636,NIDAN,SM,6000,5000,83.33
20,1637,NIF100BEES,EQ,24771,12432,50.19
20,1638,NIF100IETF,EQ,110870,56656,51.10
20,1639,NIF10GETF,EQ,1383,685,49.53
20,1640,NIF5GETF,EQ,569,568,99.82
20,1641,NIFITETF,EQ,4536,4119,90.81
20,1642,NIFMID150,EQ,242,170,70.25
20,1643,NIFTY1,EQ,131772,41617,31.58
20,1644,NIFTY50ADD,EQ,22651,21726,95.92
20,1645,NIFTYBEES,EQ,4698150,2310865,49.19
20,1646,NIFTYBETF,EQ,6279,3023,48.14
20,1647,NIFTYETF,EQ,122357,77612,63.43
20,1648,NIFTYIETF,EQ,418771,154639,36.93
20,1649,NIFTYQLITY,EQ,27038,18042,66.73
20,1650,NIITLTD,EQ,7977075,1617479,20.28
20,1651,NIITMTS,EQ,75321,45838,60.86
20,1652,NILAINFRA,EQ,381353,202401,53.07
20,1653,NILKAMAL,EQ,4600,3224,70.09
20,1654,NINSYS,EQ,6247,4007,64.14
20,1655,NIPPOBATRY,EQ,2983,1878,62.96
20,1656,NIRMAN,ST,13800,13800,100.00
20,1657,NITINSPIN,EQ,145590,77013,52.90
20,1658,NITIRAJ,EQ,8229,4300,52.25
20,1659,NIVABUPA,EQ,2408433,1692248,70.26
20,1660,NKIND,EQ,437,254,58.12
20,1661,NLCINDIA,EQ,5217647,810042,15.53
20,1662,NMDC,EQ,8459522,3571689,42.22
20,1663,NOCIL,EQ,172583,59682,34.58
20,1664,NORTHARC,EQ,280843,121508,43.27
20,1665,NOVAAGRI,EQ,89317,47629,53.33
20,1666,NPBET,EQ,476,337,70.80
20,1667,NPST,SM,15950,10450,65.52
20,1668,NRAIL,EQ,10118,3829,37.84
20,1669,NRBBEARING,EQ,86821,43207,49.77
20,1670,NSIL,EQ,36489,17822,48.84
20,1671,NSLNISP,EQ,1912078,971969,50.83
20,1672,NTPC,EQ,15949254,8587693,53.84
20,1673,NUCLEUS,EQ,26620,13185,49.53
20,1674,NURECA,EQ,5223,3295,63.09
20,1675,NUVAMA,EQ,42185,16711,39.61
20,1676,NUVOCO,EQ,117407,48020,40.90
20,1677,NV20,EQ,12881,5520,42.85
20,1678,NV20BEES,EQ,8647,5839,67.53
20,1679,NV20IETF,EQ,361417,139417,38.58
20,1680,NXST,RR,229800,190267,82.80
20,1681,NYKAA,EQ,2406868,1175832,48.85
20,1682,OAL,EQ,24907,13810,55.45
20,1683,OBCL,EQ,11870,9323,78.54
20,1684,OBEROIRLTY,EQ,630456,247105,39.19
20,1685,OBSCP,SM,187200,124800,66.67
20,1686,OCCL,EQ,17809,9074,50.95
20,1687,OCCLLTD,EQ,607996,178464,29.35
20,1688,OFSS,EQ,146976,69145,47.05
20,1689,OIL,EQ,1956028,872141,44.59
20,1690,OILIETF,EQ,1346340,749543,55.67
20,1691,OLAELEC,EQ,28730513,7498731,26.10
20,1692,OLECTRA,EQ,375965,180019,47.88
20,1693,OLIL,SM,60000,48000,80.00
20,1694,OMAXAUTO,EQ,11382,7450,65.45
20,1695,OMAXE,EQ,106353,52083,48.97
20,1696,OMFURN,SM,120000,100800,84.00
20,1697,OMINFRAL,EQ,309354,129425,41.84
20,1698,ONDOOR,SM,2100,1800,85.71
20,1699,ONELIFECAP,EQ,51002,31744,62.24
20,1700,ONEPOINT,EQ,378000,174353,46.13
20,1701,ONGC,EQ,9637581,4539503,47.10
20,1702,ONMOBILE,EQ,254541,101728,39.97
20,1703,ONWARDTEC,EQ,48461,24878,51.34
20,1704,ONYX,ST,652000,652000,100.00
20,1705,ORBTEXP,EQ,14188,6341,44.69
20,1706,ORCHPHARMA,EQ,86370,25486,29.51
20,1707,ORIANA,SM,43275,24000,55.46
20,1708,ORICONENT,EQ,778429,303130,38.94
20,1709,ORIENTBELL,EQ,8797,5510,62.63
20,1710,ORIENTCEM,EQ,555796,309059,55.61
20,1711,ORIENTCER,EQ,58249,28880,49.58
20,1712,ORIENTELEC,EQ,97435,47166,48.41
20,1713,ORIENTHOT,EQ,453929,304720,67.13
20,1714,ORIENTLTD,EQ,10095,5044,49.97
20,1715,ORIENTPPR,EQ,352728,129553,36.73
20,1716,ORIENTTECH,EQ,962240,379712,39.46
20,1717,ORISSAMINE,EQ,10147,4287,42.25
20,1718,ORTINGLOBE,EQ,5567,5041,90.55
20,1719,OSELDEVICE,SM,64000,44000,68.75
20,1720,OSWALGREEN,EQ,387331,129550,33.45
20,1721,OWAIS,SM,8900,6700,75.28
20,1722,PAGEIND,EQ,97797,67929,69.46
20,1723,PAISALO,EQ,2963912,1102475,37.20
20,1724,PAKKA,EQ,43350,25398,58.59
20,1725,PALASHSECU,EQ,13532,5450,40.27
20,1726,PANAMAPET,EQ,127990,82271,64.28
20,1727,PAR,EQ,534135,195559,36.61
20,1728,PARACABLES,EQ,729541,268203,36.76
20,1729,PARADEEP,EQ,3176865,1118450,35.21
20,1730,PARAGMILK,EQ,590989,256830,43.46
20,1731,PARAGON,SM,98400,70800,71.95
20,1732,PARAMOUNT,SM,2400,2400,100.00
20,1733,PARAS,EQ,226015,73989,32.74
20,1734,PARIN,ST,1500,1500,100.00
20,1735,PARKHOTELS,EQ,550455,417941,75.93
20,1736,PARTYCRUS,SM,1000,1000,100.00
20,1737,PASHUPATI,ST,2600,2600,100.00
20,1738,PATANJALI,EQ,457324,180924,39.56
20,1739,PATELENG,EQ,3204520,1102238,34.40
20,1740,PATINTLOG,EQ,224888,93270,41.47
20,1741,PATTECH,ST,1500,1500,100.00
20,1742,PAYTM,EQ,24483483,4990548,20.38
20,1743,PCBL,EQ,1145855,489500,42.72
20,1744,PCCL,SM,145600,133200,91.48
20,1745,PDMJEPAPER,EQ,1229343,356830,29.03
20,1746,PDSL,EQ,59221,41550,70.16
20,1747,PEARLPOLY,EQ,53579,15364,28.68
20,1748,PEL,EQ,633176,198286,31.32
20,1749,PELATRO,SM,12000,10800,90.00
20,1750,PENIND,EQ,1565575,466068,29.77
20,1751,PENINLAND,EQ,854580,311193,36.41
20,1752,PENTAGON,SM,13000,8000,61.54
20,1753,PERSISTENT,EQ,688598,365689,53.11
20,1754,PETRONET,EQ,1548763,914698,59.06
20,1755,PFC,EQ,16196571,5471910,33.78
20,1756,PFIZER,EQ,12148,6000,49.39
20,1757,PFOCUS,EQ,12386,6120,49.41
20,1758,PFS,EQ,798111,387569,48.56
20,1759,PGEL,EQ,735000,337100,45.86
20,1760,PGHH,EQ,3992,1944,48.70
20,1761,PGHL,EQ,4499,2515,55.90
20,1762,PGIL,EQ,139847,68663,49.10
20,1763,PGINVIT,IV,996222,925328,92.88
20,1764,PHANTOMFX,ST,23700,23100,97.47
20,1765,PHARMABEES,EQ,3217847,2337866,72.65
20,1766,PHOENIXLTD,EQ,943118,566270,60.04
20,1767,PHOGLOBAL,ST,16000,12000,75.00
20,1768,PIDILITIND,EQ,235005,132853,56.53
20,1769,PIIND,EQ,203652,128090,62.90
20,1770,PILANIINVS,EQ,5089,2942,57.81
20,1771,PILITA,EQ,165295,117663,71.18
20,1772,PIONEEREMB,EQ,19449,11338,58.30
20,1773,PITTIENG,EQ,142005,80005,56.34
20,1774,PIXTRANS,EQ,391937,89043,22.72
20,1775,PKTEA,EQ,211,143,67.77
20,1776,PLADAINFO,SM,9000,6000,66.67
20,1777,PLATIND,EQ,200432,86570,43.19
20,1778,PLAZACABLE,EQ,33033,19640,59.46
20,1779,PNB,EQ,38066845,9416771,24.74
20,1780,PNBGILTS,EQ,380099,175812,46.25
20,1781,PNBHOUSING,EQ,2908364,1716184,59.01
20,1782,PNC,EQ,15947,8298,52.03
20,1783,PNCINFRA,EQ,656629,433814,66.07
20,1784,PNGJL,EQ,747715,485564,64.94
20,1785,POCL,EQ,110341,52283,47.38
20,1786,PODDARMENT,EQ,5084,4117,80.98
20,1787,POKARNA,EQ,61427,29227,47.58
20,1788,POLICYBZR,EQ,625706,226140,36.14
20,1789,POLYCAB,EQ,191475,72846,38.04
20,1790,POLYMED,EQ,76679,32372,42.22
20,1791,POLYPLEX,EQ,87905,39893,45.38
20,1792,POLYSIL,SM,2000,2000,100.00
20,1793,PONNIERODE,EQ,20721,11826,57.07
20,1794,POONAWALLA,EQ,727375,303416,41.71
20,1795,POSITRON,ST,26700,26700,100.00
20,1796,POWERGRID,EQ,31523269,22173733,70.34
20,1797,POWERINDIA,EQ,84820,48831,57.57
20,1798,POWERMECH,EQ,54666,32883,60.15
20,1799,PPAP,EQ,32591,21976,67.43
20,1800,PPL,EQ,113136,66865,59.10
20,1801,PPLPHARMA,EQ,3345822,721413,21.56
20,1802,PPSL,SM,93000,90000,96.77
20,1803,PRAJIND,EQ,9431189,748296,7.93
20,1804,PRAKASH,EQ,501806,165496,32.98
20,1805,PRAKASHSTL,EQ,282042,158267,56.11
20,1806,PRANIK,SM,48000,35200,73.33
20,1807,PRATHAM,ST,18400,14800,80.43
20,1808,PRECAM,EQ,144705,45040,31.13
20,1809,PRECOT,EQ,6480,2771,42.76
20,1810,PRECWIRE,EQ,296342,116380,39.27
20,1811,PREMEXPLN,EQ,129281,85412,66.07
20,1812,PREMIERENE,EQ,2134800,443176,20.76
20,1813,PREMIUM,SM,384000,246000,64.06
20,1814,PRESSTONIC,SM,21600,15200,70.37
20,1815,PRESTIGE,EQ,441917,269671,61.02
20,1816,PRICOLLTD,EQ,60992,34535,56.62
20,1817,PRIMESECU,EQ,166047,109697,66.06
20,1818,PRINCEPIPE,EQ,92580,42275,45.66
20,1819,PRITI,EQ,26787,14757,55.09
20,1820,PRITIKA,ST,92000,79000,85.87
20,1821,PRITIKAUTO,EQ,526122,292302,55.56
20,1822,PRIVISCL,EQ,49009,15843,32.33
20,1823,PRIZOR,ST,24000,22400,93.33
20,1824,PRLIND,SM,25000,18000,72.00
20,1825,PROLIFE,SM,3000,3000,100.00
20,1826,PROPEQUITY,SM,3000,2400,80.00
20,1827,PROV,SM,80,80,100.00
20,1828,PROZONER,EQ,124419,69074,55.52
20,1829,PRSMJOHNSN,EQ,213035,110210,51.73
20,1830,PRUDENT,EQ,172993,80906,46.77
20,1831,PSB,EQ,708704,169967,23.98
20,1832,PSFL,SM,18000,12000,66.67
20,1833,PSPPROJECT,EQ,609374,207832,34.11
20,1834,PSUBANK,EQ,37198,31697,85.21
20,1835,PSUBANKADD,EQ,17402,13198,75.84
20,1836,PSUBNKBEES,EQ,6391652,5401969,84.52
20,1837,PSUBNKIETF,EQ,84698,46666,55.10
20,1838,PTC,EQ,1026220,465996,45.41
20,1839,PTCIL,EQ,17577,11885,67.62
20,1840,PTL,EQ,34350,24441,71.15
20,1841,PUNJABCHEM,EQ,2586,1286,49.73
20,1842,PURVA,EQ,68450,27839,40.67
20,1843,PURVFLEXI,SM,24800,21600,87.10
20,1844,PVRINOX,EQ,433892,286779,66.09
20,1845,PVSL,EQ,76126,23168,30.43
20,1846,PVTBANIETF,EQ,1912667,1219820,63.78
20,1847,PVTBANKADD,EQ,77262,69313,89.71
20,1848,PYRAMID,EQ,117952,50882,43.14
20,1849,QGOLDHALF,EQ,65764,61350,93.29
20,1850,QMSMEDI,SM,48000,37000,77.08
20,1851,QNIFTY,EQ,844,474,56.16
20,1852,QUADPRO,SM,204000,180000,88.24
20,1853,QUAL30IETF,EQ,263930,105671,40.04
20,1854,QUESS,EQ,239799,103124,43.00
20,1855,QUESTLAB,SM,4800,3600,75.00
20,1856,QUICKHEAL,EQ,85487,30673,35.88
20,1857,QUICKTOUCH,SM,4500,3500,77.78
20,1858,QVCEL,ST,9600,9600,100.00
20,1859,RACE,EQ,18410,10373,56.34
20,1860,RADIANTCMS,EQ,72136,41950,58.15
20,1861,RADICO,EQ,114570,42238,36.87
20,1862,RADIOCITY,EQ,545662,248287,45.50
20,1863,RADIOCITY,P1,117,117,100.00
20,1864,RADIOWALLA,SM,6400,4800,75.00
20,1865,RAILTEL,EQ,1224832,387873,31.67
20,1866,RAIN,EQ,753226,330268,43.85
20,1867,RAINBOW,EQ,106251,48501,45.65
20,1868,RAJESHEXPO,EQ,308286,109548,35.53
20,1869,RAJINDLTD,SM,36000,28500,79.17
20,1870,RAJMET,EQ,650014,428284,65.89
20,1871,RAJRATAN,EQ,9990,5873,58.79
20,1872,RAJSREESUG,EQ,39916,16095,40.32
20,1873,RALLIS,EQ,610828,234591,38.41
20,1874,RAMANEWS,EQ,24507,15071,61.50
20,1875,RAMAPHO,EQ,7651,2899,37.89
20,1876,RAMASTEEL,EQ,13417859,3834156,28.58
20,1877,RAMCOCEM,EQ,2237416,1043436,46.64
20,1878,RAMCOIND,EQ,240631,105231,43.73
20,1879,RAMCOSYS,EQ,19846,10962,55.24
20,1880,RAMKY,EQ,46167,20023,43.37
20,1881,RAMRAT,EQ,11779,7952,67.51
20,1882,RANASUG,EQ,284164,150424,52.94
20,1883,RANEHOLDIN,EQ,5509,3143,57.05
20,1884,RAPPID,SM,7800,6000,76.92
20,1885,RATEGAIN,EQ,327550,258361,78.88
20,1886,RATNAMANI,EQ,105306,73094,69.41
20,1887,RATNAVEER,EQ,3069838,900084,29.32
20,1888,RAYMOND,EQ,2642942,250230,9.47
20,1889,RAYMONDLSL,EQ,143031,60081,42.01
20,1890,RBA,EQ,1244131,592431,47.62
20,1891,RBLBANK,EQ,4474159,1787822,39.96
20,1892,RBMINFRA,ST,17200,15800,91.86
20,1893,RBS,SM,88000,60800,69.09
20,1894,RCDL,SM,3000,3000,100.00
20,1895,RCF,EQ,1298622,339086,26.11
20,1896,RECLTD,EQ,16581026,6864750,41.40
20,1897,REDINGTON,EQ,2767633,855962,30.93
20,1898,REDTAPE,EQ,40048,20760,51.84
20,1899,REFRACTORY,ST,15000,15000,100.00
20,1900,RELAXO,EQ,106571,41212,38.67
20,1901,RELCHEMQ,EQ,4846,2017,41.62
20,1902,RELIABLE,EQ,3625,2169,59.83
20,1903,RELIANCE,EQ,20471957,12948565,63.25
20,1904,RELIGARE,EQ,493966,273356,55.34
20,1905,REMSONSIND,EQ,18108,10875,60.06
20,1906,REMUS,SM,1050,850,80.95
20,1907,RENUKA,EQ,6759518,1724611,25.51
20,1908,REPCOHOME,EQ,53527,25926,48.44
20,1909,REPL,EQ,6761,4148,61.35
20,1910,REPRO,EQ,5966,3649,61.16
20,1911,RESPONIND,EQ,614173,32060,5.22
20,1912,REXPIPES,SM,2000,2000,100.00
20,1913,RGL,EQ,577952,271282,46.94
20,1914,RHIM,EQ,254793,145989,57.30
20,1915,RHL,EQ,3980,3293,82.74
20,1916,RICOAUTO,EQ,227876,95305,41.82
20,1917,RIIL,EQ,118953,37017,31.12
20,1918,RILINFRA,ST,17000,15700,92.35
20,1919,RISHABH,EQ,14802,8657,58.49
20,1920,RITCO,EQ,56534,28107,49.72
20,1921,RITES,EQ,450939,146264,32.44
20,1922,RKEC,EQ,105211,76761,72.96
20,1923,RKFORGE,EQ,254292,125507,49.36
20,1924,RKSWAMY,EQ,76428,59444,77.78
20,1925,RMDRIP,ST,3500,3500,100.00
20,1926,RML,EQ,9450,4757,50.34
20,1927,RNFI,SM,13200,9600,72.73
20,1928,ROCKINGDCE,SM,16750,9500,56.72
20,1929,ROHLTD,EQ,52045,35890,68.96
20,1930,ROLEXRINGS,EQ,9277,5688,61.31
20,1931,ROML,EQ,3829,2745,71.69
20,1932,ROSSARI,EQ,20491,10783,52.62
20,1933,ROTO,EQ,92689,49330,53.22
20,1934,ROUTE,EQ,28698,14003,48.79
20,1935,ROXHITECH,SM,35200,22400,63.64
20,1936,RPEL,EQ,35237,19367,54.96
20,1937,RPGLIFE,EQ,28746,17484,60.82
20,1938,RPPINFRA,EQ,143958,50270,34.92
20,1939,RPPL,EQ,54054,34475,63.78
20,1940,RPSGVENT,EQ,84449,51472,60.95
20,1941,RPTECH,EQ,217407,100879,46.40
20,1942,RRKABEL,EQ,36964,18730,50.67
20,1943,RSWM,EQ,35926,22338,62.18
20,1944,RSYSTEMS,EQ,118467,84568,71.39
20,1945,RTNINDIA,EQ,3364359,820660,24.39
20,1946,RTNPOWER,EQ,9189282,5345673,58.17
20,1947,RUBFILA,EQ,29061,17276,59.45
20,1948,RUBYMILLS,EQ,20041,13247,66.10
20,1949,RUCHIRA,EQ,26044,13186,50.63
20,1950,RULKA,SM,135900,72600,53.42
20,1951,RUPA,EQ,66002,34751,52.65
20,1952,RUSHIL,EQ,375306,209000,55.69
20,1953,RUSTOMJEE,EQ,37349,19701,52.75
20,1954,RVHL,EQ,20420,9730,47.65
20,1955,RVNL,EQ,2708144,781987,28.88
20,1956,SAAKSHI,SM,10200,9600,94.12
20,1957,SABAR,ST,95000,70000,73.68
20,1958,SADBHAV,EQ,771814,387376,50.19
20,1959,SADBHIN,EQ,154767,109330,70.64
20,1960,SADHAV,SM,15000,11400,76.00
20,1961,SADHNANIQ,EQ,213239,102109,47.88
20,1962,SAFARI,EQ,88263,72754,82.43
20,1963,SAGARDEEP,EQ,18195,10280,56.50
20,1964,SAGCEM,EQ,16925,6794,40.14
20,1965,SAGILITY,EQ,7280226,3576298,49.12
20,1966,SAHAJ,SM,4000,4000,100.00
20,1967,SAHAJSOLAR,ST,19400,16600,85.57
20,1968,SAHANA,SM,28500,19125,67.11
20,1969,SAHASRA,SM,78000,78000,100.00
20,1970,SAHYADRI,EQ,2840,1670,58.80
20,1971,SAIFL,SM,10400,5600,53.85
20,1972,SAIL,EQ,12858702,2684912,20.88
20,1973,SAJHOTELS,SM,52000,34000,65.38
20,1974,SAKAR,EQ,50621,46403,91.67
20,1975,SAKHTISUG,EQ,135112,40369,29.88
20,1976,SAKSOFT,EQ,103474,53060,51.28
20,1977,SALASAR,EQ,9142742,2955298,32.32
20,1978,SALONA,EQ,361,204,56.51
20,1979,SALSTEEL,EQ,69635,33111,47.55
20,1980,SALZERELEC,EQ,47449,23395,49.31
20,1981,SAMBHAAV,EQ,62420,37500,60.08
20,1982,SAMHI,EQ,1110724,563750,50.76
20,1983,SAMMAANCAP,EQ,6943026,2651684,38.19
20,1984,SAMPANN,EQ,24750,14510,58.63
20,1985,SANDESH,EQ,2067,1243,60.14
20,1986,SANDHAR,EQ,47375,25439,53.70
20,1987,SANDUMA,EQ,47055,29185,62.02
20,1988,SANGAMIND,EQ,10254,5871,57.26
20,1989,SANGANI,ST,9000,9000,100.00
20,1990,SANGHIIND,EQ,549276,259164,47.18
20,1991,SANGHVIMOV,EQ,320772,114370,35.65
20,1992,SANGINITA,EQ,22975,18845,82.02
20,1993,SANOFI,EQ,14315,9083,63.45
20,1994,SANOFICONR,EQ,29385,17542,59.70
20,1995,SANSERA,EQ,92929,51023,54.91
20,1996,SANSTAR,EQ,526109,222285,42.25
20,1997,SAPPHIRE,EQ,256140,162784,63.55
20,1998,SARDAEN,EQ,216761,79655,36.75
20,1999,SAREGAMA,EQ,409767,141504,34.53
20,2000,SARLAPOLY,EQ,54645,27126,49.64
20,2001,SARTELE,SM,137000,46000,33.58
20,2002,SARVESHWAR,EQ,2021265,1021779,50.55
20,2003,SASKEN,EQ,31724,11089,34.95
20,2004,SASTASUNDR,EQ,143882,64543,44.86
20,2005,SATECH,ST,2000,2000,100.00
20,2006,SATIA,EQ,111418,74754,67.09
20,2007,SATIN,EQ,420805,230655,54.81
20,2008,SATINDLTD,EQ,329022,148865,45.24
20,2009,SATIPOLY,SM,37000,22000,59.46
20,2010,SAURASHCEM,EQ,65265,36050,55.24
20,2011,SBC,EQ,2442902,1151965,47.16
20,2012,SBCL,EQ,106006,47004,44.34
20,2013,SBFC,EQ,1337697,651032,48.67
20,2014,SBGLP,EQ,325508,235039,72.21
20,2015,SBICARD,EQ,619554,299659,48.37
20,2016,SBIETFCON,EQ,2563,1956,76.32
20,2017,SBIETFIT,EQ,19431,18139,93.35
20,2018,SBIETFPB,EQ,2177,1731,79.51
20,2019,SBIETFQLTY,EQ,4767,3518,73.80
20,2020,SBILIFE,EQ,977581,653008,66.80
20,2021,SBIN,EQ,20665405,7006605,33.90
20,2022,SBINEQWETF,EQ,38890,25976,66.79
20,2023,SBISILVER,EQ,94139,70720,75.12
20,2024,SCHAEFFLER,EQ,33073,22773,68.86
20,2025,SCHAND,EQ,38401,22683,59.07
20,2026,SCHNEIDER,EQ,310432,123472,39.77
20,2027,SCI,EQ,7949181,1542301,19.40
20,2028,SCILAL,EQ,689679,199486,28.92
20,2029,SCL310524A,ZK,87,87,100.00
20,2030,SCLZC25B,AT,20,10,50.00
20,2031,SCLZC25F,Y5,5,5,100.00
20,2032,SCLZC26B,AY,1,1,100.00
20,2033,SCML,SM,9000,8000,88.89
20,2034,SDBL,EQ,446157,209584,46.98
20,2035,SDL26BEES,EQ,862,614,71.23
20,2036,SDREAMS,SM,19000,13000,68.42
20,2037,SEAMECLTD,EQ,57804,45925,79.45
20,2038,SECL,SM,131250,125000,95.24
20,2039,SECMARK,EQ,4656,2303,49.46
20,2040,SECURKLOUD,EQ,14953,8373,56.00
20,2041,SEL,ST,200,200,100.00
20,2042,SELAN,EQ,35706,18674,52.30
20,2043,SELMC,EQ,13553,8914,65.77
20,2044,SENCO,EQ,117293,51654,44.04
20,2045,SENSEXADD,EQ,681,500,73.42
20,2046,SENSEXETF,EQ,44650,21184,47.44
20,2047,SENSEXIETF,EQ,9908,3986,40.23
20,2048,SEPC,EQ,9969047,4267123,42.80
20,2049,SERVICE,SM,4000,4000,100.00
20,2050,SERVOTECH,EQ,649576,281875,43.39
20,2051,SESHAPAPER,EQ,15966,9903,62.03
20,2052,SETCO,EQ,68437,35917,52.48
20,2053,SETF10GILT,EQ,50061,46837,93.56
20,2054,SETFGOLD,EQ,2834384,2462968,86.90
20,2055,SETFNIF50,EQ,391819,266246,67.95
20,2056,SETFNIFBK,EQ,182144,176871,97.11
20,2057,SETFNN50,EQ,24005,12986,54.10
20,2058,SFL,EQ,79101,47182,59.65
20,2059,SGBAPR28I,GB,108,92,85.19
20,2060,SGBAUG27,GB,230,198,86.09
20,2061,SGBAUG28V,GB,583,297,50.94
20,2062,SGBAUG29V,GB,462,273,59.09
20,2063,SGBAUG30,GB,319,272,85.27
20,2064,SGBD29VIII,GB,338,261,77.22
20,2065,SGBDC27VII,GB,53,28,52.83
20,2066,SGBDE30III,GB,242,140,57.85
20,2067,SGBDE31III,GB,901,763,84.68
20,2068,SGBDEC2513,GB,11,11,100.00
20,2069,SGBFEB27,GB,14,9,64.29
20,2070,SGBFEB28IX,GB,51,50,98.04
20,2071,SGBFEB29XI,GB,30,28,93.33
20,2072,SGBFEB32IV,GB,2301,1682,73.10
20,2073,SGBJAN26,GB,35,22,62.86
20,2074,SGBJAN27,GB,10,10,100.00
20,2075,SGBJAN29IX,GB,227,128,56.39
20,2076,SGBJAN29X,GB,45,36,80.00
20,2077,SGBJAN30IX,GB,59,29,49.15
20,2078,SGBJU29III,GB,198,155,78.28
20,2079,SGBJUL25,GB,463,428,92.44
20,2080,SGBJUL27,GB,42,36,85.71
20,2081,SGBJUL28IV,GB,1918,1229,64.08
20,2082,SGBJUL29IV,GB,183,166,90.71
20,2083,SGBJUN27,GB,30,30,100.00
20,2084,SGBJUN28,GB,289,224,77.51
20,2085,SGBJUN29II,GB,148,111,75.00
20,2086,SGBJUN30,GB,271,191,70.48
20,2087,SGBJUN31I,GB,294,261,88.78
20,2088,SGBMAR25,GB,69,45,65.22
20,2089,SGBMAR28X,GB,6,6,100.00
20,2090,SGBMAR30X,GB,185,102,55.14
20,2091,SGBMAR31IV,GB,327,282,86.24
20,2092,SGBMAY25,GB,38,26,68.42
20,2093,SGBMAY28,GB,262,262,100.00
20,2094,SGBMAY29I,GB,477,419,87.84
20,2095,SGBMR29XII,GB,116,106,91.38
20,2096,SGBN28VIII,GB,79,60,75.95
20,2097,SGBNOV258,GB,14,14,100.00
20,2098,SGBNOV25VI,GB,8,8,100.00
20,2099,SGBNV29VII,GB,463,241,52.05
20,2100,SGBOC28VII,GB,157,143,91.08
20,2101,SGBOCT25V,GB,8,8,100.00
20,2102,SGBOCT26,GB,16,9,56.25
20,2103,SGBOCT27,GB,20,20,100.00
20,2104,SGBOCT27VI,GB,26,23,88.46
20,2105,SGBSEP27,GB,89,46,51.69
20,2106,SGBSEP28VI,GB,198,128,64.65
20,2107,SGBSEP29VI,GB,332,286,86.14
20,2108,SGBSEP31II,GB,1198,703,58.68
20,2109,SGIL,EQ,18469,9078,49.15
20,2110,SHAILY,EQ,63280,34637,54.74
20,2111,SHAKTIPUMP,EQ,179525,108736,60.57
20,2112,SHALBY,EQ,310371,251726,81.10
20,2113,SHALPAINTS,EQ,148609,72334,48.67
20,2114,SHANKARA,EQ,57985,36085,62.23
20,2115,SHANTHALA,SM,31200,26400,84.62
20,2116,SHANTI,EQ,45041,35590,79.02
20,2117,SHANTIGEAR,EQ,32787,16949,51.69
20,2118,SHARDACROP,EQ,308834,103156,33.40
20,2119,SHARDAMOTR,EQ,16774,8511,50.74
20,2120,SHAREINDIA,EQ,469003,170177,36.28
20,2121,SHARIABEES,EQ,2836,1988,70.10
20,2122,SHEETAL,SM,24000,22000,91.67
20,2123,SHEMAROO,EQ,12988,6461,49.75
20,2124,SHERA,SM,105000,69000,65.71
20,2125,SHIGAN,SM,22500,15000,66.67
20,2126,SHILPAMED,EQ,944628,338838,35.87
20,2127,SHIVALIK,EQ,48419,18248,37.69
20,2128,SHIVAMAUTO,EQ,52721,25194,47.79
20,2129,SHIVAMILLS,EQ,12375,5632,45.51
20,2130,SHIVATEX,EQ,7253,3845,53.01
20,2131,SHK,EQ,258498,111924,43.30
20,2132,SHOPERSTOP,EQ,29783,18591,62.42
20,2133,SHREDIGCEM,EQ,272805,150610,55.21
20,2134,SHREECEM,EQ,13881,4247,30.60
20,2135,SHREEKARNI,SM,9750,7800,80.00
20,2136,SHREEOSFM,SM,34000,27000,79.41
20,2137,SHREERAMA,EQ,320671,237583,74.09
20,2138,SHREYANIND,EQ,5978,4143,69.30
20,2139,SHRIPISTON,EQ,30994,15470,49.91
20,2140,SHRIRAMFIN,EQ,1638998,1059016,64.61
20,2141,SHRIRAMPPS,EQ,613708,253724,41.34
20,2142,SHRITECH,SM,68000,58000,85.29
20,2143,SHUBHLAXMI,ST,11000,11000,100.00
20,2144,SHUBHSHREE,ST,14400,14400,100.00
20,2145,SHYAMCENT,EQ,200764,108530,54.06
20,2146,SHYAMMETL,EQ,172116,89714,52.12
20,2147,SIDDHIKA,SM,2000,2000,100.00
20,2148,SIEMENS,EQ,349289,111614,31.95
20,2149,SIGACHI,EQ,519787,198869,38.26
20,2150,SIGIND,EQ,20033,9347,46.66
20,2151,SIGMA,EQ,4773,3056,64.03
20,2152,SIGNATURE,EQ,341484,54236,15.88
20,2153,SIGNORIA,ST,6000,6000,100.00
20,2154,SIGNPOST,EQ,43273,20207,46.70
20,2155,SIKKO,EQ,170297,82599,48.50
20,2156,SIL,EQ,49976,31872,63.77
20,2157,SILGO,EQ,28453,18249,64.14
20,2158,SILKFLEX,ST,18000,18000,100.00
20,2159,SILLYMONKS,EQ,7077,4674,66.04
20,2160,SILVER,EQ,99193,77475,78.11
20,2161,SILVER1,EQ,151383,115071,76.01
20,2162,SILVERADD,EQ,153415,133628,87.10
20,2163,SILVERBEES,EQ,5698188,3545443,62.22
20,2164,SILVERETF,EQ,186611,111217,59.60
20,2165,SILVERIETF,EQ,991266,838165,84.56
20,2166,SILVERTUC,EQ,10768,1719,15.96
20,2167,SILVRETF,EQ,15824,13828,87.39
20,2168,SINCLAIR,EQ,28295,20435,72.22
20,2169,SINDHUTRAD,EQ,455496,210206,46.15
20,2170,SINTERCOM,EQ,2632,1843,70.02
20,2171,SIRCA,EQ,181753,112203,61.73
20,2172,SIS,EQ,17089,11199,65.53
20,2173,SIYSIL,EQ,149407,48367,32.37
20,2174,SJLOGISTIC,ST,13750,13750,100.00
20,2175,SJS,EQ,55139,26030,47.21
20,2176,SJVN,EQ,27960948,3023558,10.81
20,2177,SKFINDIA,EQ,20162,9474,46.99
20,2178,SKIPPER,EQ,246097,77060,31.31
20,2179,SKMEGGPROD,EQ,28990,17738,61.19
20,2180,SKP,SM,22500,19000,84.44
20,2181,SLONE,ST,26400,25600,96.97
20,2182,SMALLCAP,EQ,619604,388336,62.67
20,2183,SMCGLOBAL,EQ,113706,66580,58.55
20,2184,SMLISUZU,EQ,9641,6492,67.34
20,2185,SMLT,EQ,18075,9789,54.16
20,2186,SMSPHARMA,EQ,109241,53585,49.05
20,2187,SMVD,SM,4040,4040,100.00
20,2188,SNOWMAN,EQ,1121139,568285,50.69
20,2189,SOBHA,EQ,1023102,164761,16.10
20,2190,SOBHAPP,E1,3523,3171,90.01
20,2191,SOFTTECH,EQ,5322,3644,68.47
20,2192,SOLARA,EQ,137257,82427,60.05
20,2193,SOLARAPP,E1,2854,2408,84.37
20,2194,SOLARINDS,EQ,38815,19431,50.06
20,2195,SOLEX,SM,9625,6125,63.64
20,2196,SOMANYCERA,EQ,24996,17306,69.24
20,2197,SOMATEX,EQ,29680,10358,34.90
20,2198,SONACOMS,EQ,760433,423200,55.65
20,2199,SONAMAC,SM,36000,23000,63.89
20,2200,SONATSOFTW,EQ,723206,439486,60.77
20,2201,SONUINFRA,SM,9000,9000,100.00
20,2202,SOTAC,SM,4800,3600,75.00
20,2203,SOTL,EQ,22065,9696,43.94
20,2204,SOUTHBANK,EQ,11966737,6626467,55.37
20,2205,SOUTHWEST,EQ,96748,60275,62.30
20,2206,SPAL,EQ,21973,10709,48.74
20,2207,SPANDANA,EQ,135464,62797,46.36
20,2208,SPARC,EQ,5043926,492687,9.77
20,2209,SPCENET,EQ,1577699,1105576,70.08
20,2210,SPCL,SM,31200,24600,78.85
20,2211,SPECIALITY,EQ,34981,20190,57.72
20,2212,SPECTRUM,SM,4375,3875,88.57
20,2213,SPECTSTM,ST,114400,112000,97.90
20,2214,SPENCERS,EQ,232476,117087,50.37
20,2215,SPIC,EQ,395080,197378,49.96
20,2216,SPLIL,EQ,20392,12355,60.59
20,2217,SPLPETRO,EQ,21276,12827,60.29
20,2218,SPORTKING,EQ,403114,84804,21.04
20,2219,SPPPOLY,SM,10000,8000,80.00
20,2220,SPRL,ST,8000,8000,100.00
20,2221,SREEL,EQ,15732,9159,58.22
20,2222,SRF,EQ,357851,189423,52.93
20,2223,SRGHFL,EQ,2701,818,30.29
20,2224,SRHHYPOLTD,EQ,46056,21763,47.25
20,2225,SRIVASAVI,SM,9000,6000,66.67
20,2226,SRM,EQ,348139,161575,46.41
20,2227,SSDL,EQ,101025,47292,46.81
20,2228,SSEGL,ST,32200,32200,100.00
20,2229,SSFL,ST,3500,3500,100.00
20,2230,SSWL,EQ,86536,39794,45.99
20,2231,STANLEY,EQ,63487,25887,40.78
20,2232,STAR,EQ,193884,90448,46.65
20,2233,STARCEMENT,EQ,430449,113942,26.47
20,2234,STARHEALTH,EQ,1060477,661050,62.34
20,2235,STARPAPER,EQ,7954,5383,67.68
20,2236,STARTECK,EQ,6669,529,7.93
20,2237,STCINDIA,EQ,117977,25626,21.72
20,2238,STEELCAS,EQ,7856,4648,59.16
20,2239,STEELCITY,EQ,42908,19010,44.30
20,2240,STEELXIND,EQ,492130,348475,70.81
20,2241,STEL,EQ,4157,1727,41.54
20,2242,STERTOOLS,EQ,513212,148812,29.00
20,2243,STLTECH,EQ,843451,288027,34.15
20,2244,STOVEKRAFT,EQ,74977,34614,46.17
20,2245,STYLAMIND,EQ,46821,21615,46.17
20,2246,STYLEBAAZA,EQ,74959,23561,31.43
20,2247,STYRENIX,EQ,25292,14227,56.25
20,2248,SUBEXLTD,EQ,2512026,966241,38.46
20,2249,SUBROS,EQ,19781,7603,38.44
20,2250,SUDARSCHEM,EQ,256227,98817,38.57
20,2251,SUKHJITS,EQ,6628,4458,67.26
20,2252,SULA,EQ,142685,61607,43.18
20,2253,SUMICHEM,EQ,151255,67423,44.58
20,2254,SUMMITSEC,EQ,13651,5677,41.59
20,2255,SUNCLAY,EQ,4344,2011,46.29
20,2256,SUNDARAM,EQ,672023,502341,74.75
20,2257,SUNDARMFIN,EQ,42236,17321,41.01
20,2258,SUNDARMHLD,EQ,82785,45163,54.55
20,2259,SUNDRMFAST,EQ,61390,35765,58.26
20,2260,SUNFLAG,EQ,120332,77270,64.21
20,2261,SUNLITE,SM,98400,76800,78.05
20,2262,SUNPHARMA,EQ,1420813,803823,56.57
20,2263,SUNREST,SM,1600,1600,100.00
20,2264,SUNTECK,EQ,292429,134298,45.92
20,2265,SUNTV,EQ,409424,122552,29.93
20,2266,SUPERHOUSE,EQ,7314,5540,75.75
20,2267,SUPRAJIT,EQ,99044,52405,52.91
20,2268,SUPREMEIND,EQ,101349,74107,73.12
20,2269,SUPREMEPWR,ST,45000,42000,93.33
20,2270,SUPRIYA,EQ,6216813,849728,13.67
20,2271,SURAJEST,EQ,69475,32674,47.03
20,2272,SURANAT&P,EQ,80066,50067,62.53
20,2273,SURANI,ST,16600,16600,100.00
20,2274,SURYALAXMI,EQ,10275,5218,50.78
20,2275,SURYAROSNI,EQ,182039,68707,37.74
20,2276,SURYODAY,EQ,255868,136054,53.17
20,2277,SUTLEJTEX,EQ,59015,25928,43.93
20,2278,SUVEN,EQ,92699,39518,42.63
20,2279,SUVENPHAR,EQ,608325,512023,84.17
20,2280,SUVIDHAA,EQ,104036,73481,70.63
20,2281,SUYOG,EQ,55740,28221,50.63
20,2282,SUZLON,EQ,130345329,62652152,48.07
20,2283,SVPGLOB,EQ,280434,215961,77.01
20,2284,SWANENERGY,EQ,12060786,2129641,17.66
20,2285,SWARAJ,ST,2000,2000,100.00
20,2286,SWARAJENG,EQ,7601,4888,64.31
20,2287,SWASTIK,SM,15600,10800,69.23
20,2288,SWELECTES,EQ,22781,10355,45.45
20,2289,SWIGGY,EQ,3942312,1148938,29.14
20,2290,SWSOLAR,EQ,835953,343800,41.13
20,2291,SYMPHONY,EQ,41613,16939,40.71
20,2292,SYNCOMF,EQ,2218310,1314543,59.26
20,2293,SYNGENE,EQ,224231,94731,42.25
20,2294,SYNOPTICS,SM,600,600,100.00
20,2295,SYRMA,EQ,576212,261147,45.32
20,2296,SYSTANGO,SM,16800,12400,73.81
20,2297,TAC,ST,13200,13200,100.00
20,2298,TAINWALCHM,EQ,17754,7525,42.38
20,2299,TAJGVK,EQ,142853,65283,45.70
20,2300,TAKE,EQ,117940,73579,62.39
20,2301,TALBROAUTO,EQ,54612,29382,53.80
20,2302,TANLA,EQ,558247,307843,55.14
20,2303,TAPIFRUIT,SM,1500,750,50.00
20,2304,TARACHAND,EQ,17580,10264,58.38
20,2305,TARC,EQ,294617,183656,62.34
20,2306,TARMAT,EQ,229795,114978,50.04
20,2307,TARSONS,EQ,26346,14117,53.58
20,2308,TASTYBITE,EQ,2367,897,37.90
20,2309,TATACHEM,EQ,404809,103336,25.53
20,2310,TATACOMM,EQ,162339,74382,45.82
20,2311,TATACONSUM,EQ,1427895,770904,53.99
20,2312,TATAELXSI,EQ,107055,45719,42.71
20,2313,TATAGOLD,EQ,7107615,4433771,62.38
20,2314,TATAINVEST,EQ,34586,16078,46.49
20,2315,TATAMOTORS,EQ,14535112,6760288,46.51
20,2316,TATAPOWER,EQ,11165181,2060246,18.45
20,2317,TATASTEEL,EQ,43710169,19337251,44.24
20,2318,TATATECH,EQ,527538,249225,47.24
20,2319,TATSILV,EQ,784094,685083,87.37
20,2320,TATVA,EQ,17710,9114,51.46
20,2321,TBI,ST,5400,5400,100.00
20,2322,TBOTEK,EQ,69668,55286,79.36
20,2323,TBZ,EQ,140672,54167,38.51
20,2324,TCI,EQ,60989,37004,60.67
20,2325,TCIEXP,EQ,49441,32705,66.15
20,2326,TCL,SM,39200,35200,89.80
20,2327,TCLCONS,EQ,84254,50936,60.46
20,2328,TCPLPACK,EQ,2948,1680,56.99
20,2329,TCS,EQ,3096553,1848709,59.70
20,2330,TDPOWERSYS,EQ,1434674,624969,43.56
20,2331,TEAMLEASE,EQ,11753,7125,60.62
20,2332,TECH,EQ,46082,44607,96.80
20,2333,TECHERA,ST,19200,19200,100.00
20,2334,TECHLABS,SM,45625,33250,72.88
20,2335,TECHM,EQ,2344087,1191701,50.84
20,2336,TECHNOE,EQ,83476,39511,47.33
20,2337,TEGA,EQ,68484,25257,36.88
20,2338,TEJASNET,EQ,655790,172364,26.28
20,2339,TEXINFRA,EQ,251555,152985,60.82
20,2340,TEXMOPIPES,EQ,39025,24490,62.75
20,2341,TEXRAIL,EQ,1004341,358933,35.74
20,2342,TFCILTD,EQ,4683661,1552212,33.14
20,2343,TGBHOTELS,EQ,17015,12007,70.57
20,2344,TGL,ST,3800,3800,100.00
20,2345,THANGAMAYL,EQ,36770,19961,54.29
20,2346,THEINVEST,EQ,22303,16407,73.56
20,2347,THEJO,EQ,4231,2444,57.76
20,2348,THEMISMED,EQ,718318,332123,46.24
20,2349,THERMAX,EQ,151009,60887,40.32
20,2350,THESL,SM,3000,3000,100.00
20,2351,THOMASCOOK,EQ,375605,193397,51.49
20,2352,THOMASCOTT,EQ,51319,34076,66.40
20,2353,THYROCARE,EQ,84870,41397,48.78
20,2354,TI,EQ,930717,276473,29.71
20,2355,TIIL,EQ,10983,7149,65.09
20,2356,TIINDIA,EQ,162265,107248,66.09
20,2357,TIMESCAN,SM,4000,4000,100.00
20,2358,TIMESGTY,EQ,6351,3031,47.72
20,2359,TIMETECHNO,EQ,1009847,412341,40.83
20,2360,TIMKEN,EQ,50644,35362,69.82
20,2361,TIPSFILMS,EQ,9529,5324,55.87
20,2362,TIPSMUSIC,EQ,150548,65832,43.73
20,2363,TIRUMALCHM,EQ,199735,70329,35.21
20,2364,TIRUPATI,SM,500,500,100.00
20,2365,TITAGARH,EQ,516503,161966,31.36
20,2366,TITAN,EQ,2207527,1424764,64.54
20,2367,TMB,EQ,79212,48373,61.07
20,2368,TNIDETF,EQ,84311,61514,72.96
20,2369,TNPETRO,EQ,119799,64969,54.23
20,2370,TNPL,EQ,168423,111019,65.92
20,2371,TNTELE,EQ,6853,4013,58.56
20,2372,TOKYOPLAST,EQ,5943,3264,54.92
20,2373,TOLINS,EQ,66969,32744,48.89
20,2374,TOP100CASE,EQ,159270,115391,72.45
20,2375,TOP10ADD,EQ,201458,182596,90.64
20,2376,TORNTPHARM,EQ,290862,143109,49.20
20,2377,TORNTPOWER,EQ,1109742,357416,32.21
20,2378,TOTAL,EQ,18582,8941,48.12
20,2379,TOUCHWOOD,EQ,2983,2093,70.16
20,2380,TPHQ,EQ,1646662,988137,60.01
20,2381,TPLPLASTEH,EQ,73668,41040,55.71
20,2382,TRACXN,EQ,534651,335070,62.67
20,2383,TRANSTEEL,SM,112000,58000,51.79
20,2384,TRANSWIND,ST,16000,16000,100.00
20,2385,TRANSWORLD,EQ,21683,9683,44.66
20,2386,TREL,EQ,182489,81735,44.79
20,2387,TRENT,EQ,833104,424935,51.01
20,2388,TRF,EQ,20178,11522,57.10
20,2389,TRIDENT,EQ,4354038,1683967,38.68
20,2390,TRIDHYA,SM,6000,6000,100.00
20,2391,TRIGYN,EQ,51694,28443,55.02
20,2392,TRITURBINE,EQ,753991,192612,25.55
20,2393,TRIVENI,EQ,318518,119977,37.67
20,2394,TROM,SM,16200,11400,70.37
20,2395,TRUST,SM,162000,117000,72.22
20,2396,TTKHLTCARE,EQ,5002,3414,68.25
20,2397,TTKPRESTIG,EQ,15161,7787,51.36
20,2398,TTL,EQ,52641,24322,46.20
20,2399,TTML,EQ,2563242,646233,25.21
20,2400,TUNWAL,SM,70000,54000,77.14
20,2401,TVSHLTD,EQ,3758,2377,63.25
20,2402,TVSMOTOR,EQ,483482,197346,40.82
20,2403,TVSSCS,EQ,508396,250910,49.35
20,2404,TVSSRICHAK,EQ,2051,969,47.25
20,2405,TVTODAY,EQ,136905,85861,62.72
20,2406,UBL,EQ,292335,182125,62.30
20,2407,UCAL,EQ,8566,5166,60.31
20,2408,UCOBANK,EQ,3938304,785313,19.94
20,2409,UDAICEMENT,EQ,349195,243343,69.69
20,2410,UDS,EQ,248338,111856,45.04
20,2411,UFLEX,EQ,29742,11934,40.13
20,2412,UFO,EQ,57433,25016,43.56
20,2413,UGARSUGAR,EQ,100995,33107,32.78
20,2414,UGROCAP,EQ,61002,33926,55.61
20,2415,UHTL,SM,692000,272000,39.31
20,2416,UJJIVANSFB,EQ,15315939,9431552,61.58
20,2417,ULTRACEMCO,EQ,328426,158946,48.40
20,2418,UMA,SM,28000,24000,85.71
20,2419,UMANGDAIRY,EQ,8074,4300,53.26
20,2420,UMESLTD,EQ,12401,10891,87.82
20,2421,UNICHEMLAB,EQ,44118,22624,51.28
20,2422,UNIDT,EQ,4635,2153,46.45
20,2423,UNIECOM,EQ,575471,228914,39.78
20,2424,UNIENTER,EQ,13615,5569,40.90
20,2425,UNIHEALTH,SM,2000,2000,100.00
20,2426,UNIINFO,EQ,2838,2022,71.25
20,2427,UNILEX,SM,1600,1600,100.00
20,2428,UNIONBANK,EQ,7863396,3653814,46.47
20,2429,UNIPARTS,EQ,34687,23336,67.28
20,2430,UNITDSPR,EQ,621662,425234,68.40
20,2431,UNITEDTEA,EQ,2484,1510,60.79
20,2432,UNIVASTU,EQ,25811,13650,52.88
20,2433,UNIVCABLES,EQ,9614,4541,47.23
20,2434,UNIVPHOTO,EQ,4692,3638,77.54
20,2435,UNOMINDA,EQ,660668,276817,41.90
20,2436,UPL,EQ,3455747,1520898,44.01
20,2437,URBAN,ST,4800,4800,100.00
20,2438,USASEEDS,SM,300,300,100.00
20,2439,USHAFIN,SM,19200,12800,66.67
20,2440,USHAMART,EQ,416213,101968,24.50
20,2441,USK,EQ,133721,64636,48.34
20,2442,UTIAMC,EQ,206396,81424,39.45
20,2443,UTIBANKETF,EQ,406822,275555,67.73
20,2444,UTINEXT50,EQ,72118,49210,68.24
20,2445,UTINIFTETF,EQ,11813,8058,68.21
20,2446,UTISENSETF,EQ,1419,1192,84.00
20,2447,UTISXN50,EQ,2209,1774,80.31
20,2448,UTKARSHBNK,EQ,1402328,661868,47.20
20,2449,UTSSAV,ST,149400,149400,100.00
20,2450,UTTAMSUGAR,EQ,73153,30413,41.57
20,2451,UWCSL,SM,1000,1000,100.00
20,2452,UYFINCORP,EQ,87163,42162,48.37
20,2453,VADILALIND,EQ,3048,1375,45.11
20,2454,VAIBHAVGBL,EQ,312066,175250,56.16
20,2455,VAKRANGEE,EQ,8978417,3601529,40.11
20,2456,VAL30IETF,EQ,40038,19012,47.48
20,2457,VALIANTLAB,EQ,89781,6746,7.51
20,2458,VALIANTORG,EQ,39561,23490,59.38
20,2459,VARDHACRLC,EQ,20874,13066,62.59
20,2460,VARROC,EQ,124156,55836,44.97
20,2461,VASCONEQ,EQ,536326,289769,54.03
20,2462,VBL,EQ,8080741,5401447,66.84
20,2463,VDEAL,SM,9600,8400,87.50
20,2464,VEDL,EQ,6859041,3147394,45.89
20,2465,VEEDOL,EQ,19076,7106,37.25
20,2466,VEEKAYEM,ST,2500,2000,80.00
20,2467,VENKEYS,EQ,68651,35710,52.02
20,2468,VENUSPIPES,EQ,77350,37865,48.95
20,2469,VENUSREM,EQ,17908,10702,59.76
20,2470,VERA,SM,24000,18000,75.00
20,2471,VERANDA,EQ,90930,41436,45.57
20,2472,VERITAAS,SM,2400,2400,100.00
20,2473,VERTOZ,EQ,3977253,3012086,75.73
20,2474,VESUVIUS,EQ,5976,2659,44.49
20,2475,VGUARD,EQ,200732,89039,44.36
20,2476,VHL,EQ,5783,2063,35.67
20,2477,VIAZ,SM,30000,24000,80.00
20,2478,VIDHIING,EQ,13506,9271,68.64
20,2479,VIESL,SM,107200,58400,54.48
20,2480,VIJAYA,EQ,1812664,305890,16.88
20,2481,VIKASECO,EQ,2537203,1632226,64.33
20,2482,VIKASLIFE,EQ,4064137,2619062,64.44
20,2483,VILAS,ST,104000,103750,99.76
20,2484,VILINBIO,SM,16000,16000,100.00
20,2485,VIMTALABS,EQ,111420,59974,53.83
20,2486,VINATIORGA,EQ,50630,18534,36.61
20,2487,VINCOFE,EQ,310385,195585,63.01
20,2488,VINDHYATEL,EQ,4329,2305,53.25
20,2489,VINEETLAB,EQ,17436,8689,49.83
20,2490,VINSYS,SM,29000,23500,81.03
20,2491,VINYAS,ST,2800,2800,100.00
20,2492,VINYLINDIA,EQ,8943,4241,47.42
20,2493,VIPCLOTHNG,EQ,608173,280714,46.16
20,2494,VIPIND,EQ,887820,218615,24.62
20,2495,VIRINCHI,EQ,75593,38195,50.53
20,2496,VISAKAIND,EQ,128337,72667,56.62
20,2497,VISHNU,EQ,237045,113338,47.81
20,2498,VISHNUINFR,ST,7500,7000,93.33
20,2499,VISHWARAJ,EQ,734103,417827,56.92
20,2500,VISHWAS,SM,94400,60800,64.41
20,2501,VITAL,SM,13200,13200,100.00
20,2502,VIVIANA,ST,4500,4500,100.00
20,2503,VIVIDHA,EQ,977049,460538,47.14
20,2504,VIVO,ST,1600,1600,100.00
20,2505,VLINFRA,ST,22500,22500,100.00
20,2506,VLSFINANCE,EQ,35019,17594,50.24
20,2507,VMARCIND,ST,1750,1750,100.00
20,2508,VMART,EQ,26673,12218,45.81
20,2509,VOLTAMP,EQ,28839,9647,33.45
20,2510,VOLTAS,EQ,1776998,1173316,66.03
20,2511,VPRPL,EQ,651000,212911,32.71
20,2512,VR,ST,1200,1200,100.00
20,2513,VRAJ,EQ,90478,37864,41.85
20,2514,VRLLOG,EQ,28312,12168,42.98
20,2515,VSSL,EQ,20044,13183,65.77
20,2516,VSTIND,EQ,114456,61128,53.41
20,2517,VSTL,EQ,15248,7588,49.76
20,2518,VSTTILLERS,EQ,7940,5922,74.58
20,2519,VTL,EQ,402089,295588,73.51
20,2520,WAAREEENER,EQ,1588761,326064,20.52
20,2521,WABAG,EQ,164133,83816,51.07
20,2522,WALCHANNAG,EQ,301369,118114,39.19
20,2523,WALPAR,SM,8000,6000,75.00
20,2524,WCIL,EQ,129850,59750,46.01
20,2525,WEALTH,EQ,4292,2809,65.45
20,2526,WEBELSOLAR,EQ,406625,200203,49.24
20,2527,WEIZMANIND,EQ,8738,4795,54.88
20,2528,WEL,EQ,83018,19785,23.83
20,2529,WELCORP,EQ,769581,323643,42.05
20,2530,WELENT,EQ,109952,62091,56.47
20,2531,WELINV,EQ,205,134,65.37
20,2532,WELSPUNLIV,EQ,1196780,419718,35.07
20,2533,WENDT,EQ,1020,655,64.22
20,2534,WESTLIFE,EQ,115782,76125,65.75
20,2535,WEWIN,EQ,53403,42522,79.62
20,2536,WHEELS,EQ,10441,5573,53.38
20,2537,WHIRLPOOL,EQ,78435,41405,52.79
20,2538,WILLAMAGOR,EQ,3847,2170,56.41
20,2539,WINDLAS,EQ,72427,33412,46.13
20,2540,WINDMACHIN,EQ,413931,227973,55.08
20,2541,WINSOL,SM,19200,14000,72.92
20,2542,WIPL,EQ,2285,1525,66.74
20,2543,WIPRO,EQ,7366616,2731667,37.08
20,2544,WOCKPHARMA,EQ,573495,237368,41.39
20,2545,WOL3D,SM,2000,2000,100.00
20,2546,WOMANCART,ST,5200,5200,100.00
20,2547,WONDERLA,EQ,36290,23410,64.51
20,2548,WORTH,EQ,6397,4733,73.99
20,2549,WSI,EQ,63178,31472,49.81
20,2550,WSTCSTPAPR,EQ,39123,22804,58.29
20,2551,WTICAB,SM,66000,49500,75.00
20,2552,XCHANGING,EQ,123551,65189,52.76
20,2553,XPROINDIA,EQ,44408,17798,40.08
20,2554,XTGLOBAL,EQ,8981,3148,35.05
20,2555,YAARI,EQ,631413,414960,65.72
20,2556,YASHO,EQ,13835,7278,52.61
20,2557,YASHOPTICS,SM,22400,16000,71.43
20,2558,YATHARTH,EQ,225558,121825,54.01
20,2559,YATRA,EQ,83499,41495,49.70
20,2560,YCCL,SM,15000,12000,80.00
20,2561,YESBANK,EQ,47148202,19831029,42.06
20,2562,YUDIZ,ST,2400,2400,100.00
20,2563,YUKEN,EQ,9210,5366,58.26
20,2564,ZEAL,SM,97200,56400,58.02
20,2565,ZEEL,EQ,8245943,2946711,35.74
20,2566,ZEELEARN,EQ,5006931,3657873,73.06
20,2567,ZENITHDRUG,ST,34400,28000,81.40
20,2568,ZENSARTECH,EQ,379960,136607,35.95
20,2569,ZENTEC,EQ,136190,61357,45.05
20,2570,ZFCVINDIA,EQ,10392,4953,47.66
20,2571,ZIMLAB,EQ,41815,14838,35.48
20,2572,ZODIACLOTH,EQ,7038,5499,78.13
20,2573,ZOMATO,EQ,26626294,11180135,41.99
20,2574,ZOTA,EQ,9483,4871,51.37
20,2575,ZTECH,ST,31200,28800,92.31
20,2576,ZUARI,EQ,220532,105654,47.91
20,2577,ZUARIIND,EQ,64764,37224,57.48
20,2578,ZYDUSLIFE,EQ,295547,127948,43.29
20,2579,ZYDUSWELL,EQ,10736,5799,54.01
