Security Wise Delivery Position - Compulsory Rolling Settlement
10,MTO,06112023,1749393559,0002256
Trade Date <06-NOV-2023>,Settlement Type <N>
Record Type,Sr No,Name of Security,Quantity Traded,Deliverable Quantity(gross across client level),% of Deliverable Quantity to Traded Quantity
20,1,182D040424,TB,100,100,100.00
20,2,182D070324,TB,18900,18900,100.00
20,3,182D110424,TB,100,100,100.00
20,4,182D141223,TB,100,100,100.00
20,5,182D180124,TB,6000,6000,100.00
20,6,182D210324,TB,500,500,100.00
20,7,182D211223,TB,600,600,100.00
20,8,182D301123,TB,200,200,100.00
20,9,21STCENMGM,EQ,4300,3585,83.37
20,10,360ONE,EQ,181150,111616,61.62
20,11,364D020524,TB,10000,10000,100.00
20,12,364D031024,TB,100,100,100.00
20,13,364D040124,TB,400,400,100.00
20,14,364D071223,TB,89100,89100,100.00
20,15,364D080824,TB,400,400,100.00
20,16,364D101024,TB,100,100,100.00
20,17,364D110124,TB,100,100,100.00
20,18,364D110424,TB,2000,2000,100.00
20,19,364D150224,TB,1400,1400,100.00
20,20,364D171024,TB,1200,1200,100.00
20,21,364D190924,TB,1500,1500,100.00
20,22,364D220224,TB,9500,9500,100.00
20,23,364D311024,TB,10000,10000,100.00
20,24,3IINFOLTD,EQ,585249,294070,50.25
20,25,3MINDIA,EQ,1258,702,55.80
20,26,3PLAND,EQ,15315,9955,65.00
20,27,515GS2025,GS,156,155,99.36
20,28,563GS2026,GS,3,3,100.00
20,29,574GS2026,GS,14,2,14.29
20,30,5PAISA,EQ,49973,24481,48.99
20,31,618GS2024,GS,16,16,100.00
20,32,63MOONS,EQ,55918,36164,64.67
20,33,654GS2032,GS,45570,45500,99.85
20,34,664GS2035,GS,1000,1000,100.00
20,35,667GS2035,GS,1,1,100.00
20,36,667GS2050,GS,1521,1521,100.00
20,37,669GS2024,GS,644,609,94.57
20,38,676GS2061,GS,21,21,100.00
20,39,689GS2025,GS,6,6,100.00
20,40,68GS2060,GS,31,31,100.00
20,41,695GS2061,GS,1317,1317,100.00
20,42,699GS2026,GS,199,199,100.00
20,43,699GS2051,GS,1341,1341,100.00
20,44,706GS2028,GS,2202,2102,95.46
20,45,710GS2029,GS,73189,73189,100.00
20,46,717GS2030,GS,23239,23239,100.00
20,47,718GS2033,GS,100,100,100.00
20,48,718GS2037,GS,300,300,100.00
20,49,725GS2063,GS,8501,8501,100.00
20,50,726GS2032,GS,5468,5468,100.00
20,51,726GS2033,GS,1,1,100.00
20,52,736GS2052,GS,1575,1575,100.00
20,53,738GS2027,GS,151601,151601,100.00
20,54,73GS2053,GS,9500,9500,100.00
20,55,741GS2036,GS,414380,414380,100.00
20,56,744AP33,SG,100,100,100.00
20,57,74GS2062,GS,10396,10279,98.87
20,58,754GS2036,GS,907535,897403,98.88
20,59,768GS2023,GS,22295,22295,100.00
20,60,795GS2032,GS,37,37,100.00
20,61,91D010224,TB,300,300,100.00
20,62,91D040124,TB,3700,3700,100.00
20,63,91D071223,TB,600,600,100.00
20,64,91D110124,TB,1000,1000,100.00
20,65,91D171123,TB,200,200,100.00
20,66,91D211223,TB,13400,13400,100.00
20,67,91D231123,TB,16000,16000,100.00
20,68,91D291223,TB,200,200,100.00
20,69,92GS2030,GS,6050,6050,100.00
20,70,AAATECH,EQ,40224,20716,51.50
20,71,AAKASH,EQ,1164973,982566,84.34
20,72,AARON,EQ,12963,7044,54.34
20,73,AARTIDRUGS,EQ,282084,89144,31.60
20,74,AARTIIND,EQ,14781664,2365065,16.00
20,75,AARTIPHARM,EQ,211384,98593,46.64
20,76,AARTIPP,E1,441,407,92.29
20,77,AARTISURF,EQ,67254,30381,45.17
20,78,AARVEEDEN,EQ,94612,60686,64.14
20,79,AARVI,EQ,4863,3031,62.33
20,80,AATMAJ,SM,16000,14000,87.50
20,81,AAVAS,EQ,103245,53002,51.34
20,82,ABB,EQ,231433,148659,64.23
20,83,ABBOTINDIA,EQ,13291,5318,40.01
20,84,ABCAPITAL,EQ,4556996,1649792,36.20
20,85,ABCOTS,SM,10000,8000,80.00
20,86,ABFL,N0,25,25,100.00
20,87,ABFL,N4,126,126,100.00
20,88,ABFRL,EQ,1123491,408738,36.38
20,89,ABINFRA,SM,8000,8000,100.00
20,90,ABMINTLLTD,EQ,845,845,100.00
20,91,ABSLAMC,EQ,43068,23506,54.58
20,92,ABSLBANETF,EQ,234928,229505,97.69
20,93,ABSLLIQUID,EQ,15744,14741,93.63
20,94,ABSLNN50ET,EQ,3160,3051,96.55
20,95,ACC,EQ,203941,81128,39.78
20,96,ACCELYA,EQ,22749,13144,57.78
20,97,ACCORD,SM,2000,2000,100.00
20,98,ACCURACY,EQ,2314497,1077281,46.54
20,99,ACE,EQ,376514,188296,50.01
20,100,ACEINTEG,EQ,4698,2798,59.56
20,101,ACI,EQ,488539,248695,50.91
20,102,ACL,EQ,8384,5161,61.56
20,103,ACSAL,ST,120000,108000,90.00
20,104,ADANIENSOL,EQ,299026,123604,41.34
20,105,ADANIENT,EQ,770061,234998,30.52
20,106,ADANIGREEN,EQ,619386,280346,45.26
20,107,ADANIPORTS,EQ,2270316,1193160,52.55
20,108,ADANIPOWER,EQ,17431088,8497565,48.75
20,109,ADFFOODS,EQ,115706,48888,42.25
20,110,ADORWELD,EQ,67558,29961,44.35
20,111,ADSL,EQ,306729,173117,56.44
20,112,ADVANIHOTR,EQ,909607,329371,36.21
20,113,ADVENZYMES,EQ,251432,94693,37.66
20,114,AEGISCHEM,EQ,2954521,1421979,48.13
20,115,AEROFLEX,EQ,2646496,1027101,38.81
20,116,AETHER,EQ,33542,20100,59.92
20,117,AFFLE,EQ,251898,121085,48.07
20,118,AGARIND,EQ,39445,12819,32.50
20,119,AGARWALFT,SM,18000,18000,100.00
20,120,AGI,EQ,311941,117935,37.81
20,121,AGNI,SM,60000,50000,83.33
20,122,AGROPHOS,EQ,41821,34976,83.63
20,123,AGSTRA,EQ,1724289,1068728,61.98
20,124,AGUL,SM,38000,28000,73.68
20,125,AHL,EQ,166674,32968,19.78
20,126,AHLADA,EQ,28738,18752,65.25
20,127,AHLEAST,EQ,6589,3366,51.09
20,128,AHLUCONT,EQ,31667,19214,60.68
20,129,AIAENG,EQ,92329,30804,33.36
20,130,AILIMITED,SM,36000,36000,100.00
20,131,AIRTELPP,E1,22024,15065,68.40
20,132,AISL,SM,3600,3600,100.00
20,133,AJANTPHARM,EQ,160338,116831,72.87
20,134,AJMERA,EQ,66303,26467,39.92
20,135,AJOONI,EQ,555050,350481,63.14
20,136,AKASH,EQ,67928,14492,21.33
20,137,AKG,EQ,45969,7004,15.24
20,138,AKSHAR,EQ,2330003,2279402,97.83
20,139,AKSHARCHEM,EQ,8179,5704,69.74
20,140,AKZOINDIA,EQ,10153,4722,46.51
20,141,ALANKIT,EQ,1319862,913898,69.24
20,142,ALBERTDAVD,EQ,10050,5738,57.09
20,143,ALEMBICLTD,EQ,754674,388203,51.44
20,144,ALICON,EQ,7642,4229,55.34
20,145,ALKALI,EQ,20657,13782,66.72
20,146,ALKEM,EQ,166232,114826,69.08
20,147,ALKYLAMINE,EQ,28815,12461,43.24
20,148,ALLCARGO,EQ,209603,104625,49.92
20,149,ALLETEC,SM,420000,245600,58.48
20,150,ALLSEC,EQ,119425,66038,55.30
20,151,ALMONDZ,EQ,93226,79351,85.12
20,152,ALOKINDS,EQ,15721451,5599404,35.62
20,153,ALPA,EQ,60133,28076,46.69
20,154,ALPHAETF,EQ,176694,128925,72.97
20,155,ALPHAGEO,EQ,4705,2667,56.68
20,156,AMBANIORG,SM,6000,6000,100.00
20,157,AMBER,EQ,519816,139303,26.80
20,158,AMBIKCO,EQ,16723,7487,44.77
20,159,AMBUJACEM,EQ,1061040,551592,51.99
20,160,AMDIND,EQ,158601,104568,65.93
20,161,AMEYA,SM,14000,12000,85.71
20,162,AMIORG,EQ,31895,19664,61.65
20,163,AMJLAND,EQ,284375,189835,66.76
20,164,AMRUTANJAN,EQ,10562,5466,51.75
20,165,ANANDRATHI,EQ,56815,38393,67.58
20,166,ANANTRAJ,EQ,1213315,418662,34.51
20,167,ANDHRAPAP,EQ,88628,48086,54.26
20,168,ANDHRSUGAR,EQ,501788,203503,40.56
20,169,ANGELONE,EQ,2420122,471046,19.46
20,170,ANLON,SM,34000,26400,77.65
20,171,ANMOL,EQ,718080,380704,53.02
20,172,ANNAPURNA,SM,18000,14500,80.56
20,173,ANUP,EQ,29213,13712,46.94
20,174,ANURAS,EQ,81985,46374,56.56
20,175,ANZEN,IV,2800000,2800000,100.00
20,176,APARINDS,EQ,59005,21384,36.24
20,177,APCL,EQ,27559,15423,55.96
20,178,APCOTEXIND,EQ,43851,21056,48.02
20,179,APEX,EQ,126097,54535,43.25
20,180,APLAPOLLO,EQ,1085603,725417,66.82
20,181,APLLTD,EQ,83752,47471,56.68
20,182,APOLLO,EQ,9845091,4181087,42.47
20,183,APOLLOHOSP,EQ,399720,161351,40.37
20,184,APOLLOPIPE,EQ,62710,32608,52.00
20,185,APOLLOTYRE,EQ,1910913,875547,45.82
20,186,APOLSINHOT,EQ,3694,2462,66.65
20,187,APTECHT,EQ,199592,101649,50.93
20,188,APTUS,EQ,250363,128865,51.47
20,189,ARABIAN,SM,82000,76000,92.68
20,190,ARCHIDPLY,EQ,108519,47880,44.12
20,191,ARCHIES,EQ,38815,20279,52.25
20,192,ARE&M,EQ,278018,175586,63.16
20,193,ARHAM,SM,30000,20000,66.67
20,194,ARIES,EQ,33506,13460,40.17
20,195,ARIHANTACA,SM,1600,1600,100.00
20,196,ARIHANTCAP,EQ,129623,93808,72.37
20,197,ARIHANTSUP,EQ,51717,25422,49.16
20,198,ARISTO,SM,19200,12800,66.67
20,199,ARMANFIN,EQ,22462,12939,57.60
20,200,ARROWGREEN,EQ,30359,17262,56.86
20,201,ARTEMISMED,EQ,142598,78222,54.85
20,202,ARTNIRMAN,EQ,2380,1268,53.28
20,203,ARVEE,EQ,628,201,32.01
20,204,ARVIND,EQ,2113133,609405,28.84
20,205,ARVINDFASN,EQ,354637,150484,42.43
20,206,ARVSMART,EQ,128312,72443,56.46
20,207,ASAHIINDIA,EQ,56090,28059,50.02
20,208,ASAHISONG,EQ,107597,37822,35.15
20,209,ASAL,EQ,15843,8714,55.00
20,210,ASALCBR,EQ,28098,13775,49.02
20,211,ASHIANA,EQ,443777,177589,40.02
20,212,ASHIMASYN,EQ,237947,164422,69.10
20,213,ASHOKA,EQ,1571719,680014,43.27
20,214,ASHOKAMET,EQ,82688,33203,40.15
20,215,ASHOKLEY,EQ,4743939,2279491,48.05
20,216,ASIANENE,EQ,106671,74605,69.94
20,217,ASIANHOTNR,EQ,59674,39519,66.22
20,218,ASIANPAINT,EQ,620959,360925,58.12
20,219,ASIANTILES,EQ,3255520,1395789,42.87
20,220,ASLIND,SM,4000,4000,100.00
20,221,ASPINWALL,EQ,3826,3092,80.82
20,222,ASTEC,EQ,5141,3459,67.28
20,223,ASTERDM,EQ,148486,86788,58.45
20,224,ASTRAL,EQ,512282,200421,39.12
20,225,ASTRAMICRO,EQ,181688,75463,41.53
20,226,ASTRAZEN,EQ,8903,3685,41.39
20,227,ATAM,EQ,49946,35019,70.11
20,228,ATFL,EQ,4441,1815,40.87
20,229,ATGL,EQ,337716,174047,51.54
20,230,ATL,EQ,5671635,3089593,54.47
20,231,ATLANTA,EQ,71769,51850,72.25
20,232,ATUL,EQ,78398,18034,23.00
20,233,ATULAUTO,EQ,221705,97571,44.01
20,234,AUBANK,EQ,3301471,1771307,53.65
20,235,AURDIS,SM,8500,7000,82.35
20,236,AUROIMPEX,SM,12800,9600,75.00
20,237,AUROPHARMA,EQ,1807592,688793,38.11
20,238,AURUM,EQ,63959,51867,81.09
20,239,AURUMPP,E1,3498,2340,66.90
20,240,AUTOAXLES,EQ,11028,7166,64.98
20,241,AUTOBEES,EQ,27064,21605,79.83
20,242,AVADHSUGAR,EQ,125617,37505,29.86
20,243,AVALON,EQ,173551,77673,44.76
20,244,AVANTIFEED,EQ,101439,61717,60.84
20,245,AVG,EQ,23775,10914,45.91
20,246,AVONMORE,EQ,98183,77613,79.05
20,247,AVROIND,EQ,77471,36415,47.00
20,248,AVTNPL,EQ,277049,121565,43.88
20,249,AWHCL,EQ,216424,92028,42.52
20,250,AWL,EQ,1430479,806708,56.39
20,251,AXISBANK,EQ,6552178,3817674,58.27
20,252,AXISBNKETF,EQ,1755,1608,91.62
20,253,AXISBPSETF,EQ,38527,31331,81.32
20,254,AXISCADES,EQ,17119,10172,59.42
20,255,AXISCETF,EQ,233,227,97.42
20,256,AXISGOLD,EQ,76457,47606,62.27
20,257,AXISHCETF,EQ,2191,1679,76.63
20,258,AXISILVER,EQ,31394,26967,85.90
20,259,AXISNIFTY,EQ,5100,4638,90.94
20,260,AXISTECETF,EQ,4546,3290,72.37
20,261,AXITA,EQ,3099745,2004247,64.66
20,262,AXSENSEX,EQ,933,644,69.02
20,263,AYMSYNTEX,EQ,42768,16213,37.91
20,264,BAHETI,SM,9750,9000,92.31
20,265,BAJAJ-AUTO,EQ,394137,258676,65.63
20,266,BAJAJCON,EQ,297986,138990,46.64
20,267,BAJAJELEC,EQ,191156,13692,7.16
20,268,BAJAJFINSV,EQ,917415,492992,53.74
20,269,BAJAJHCARE,EQ,101589,39867,39.24
20,270,BAJAJHIND,EQ,166092473,49855547,30.02
20,271,BAJAJHLDNG,EQ,31959,19679,61.58
20,272,BAJFINANCE,EQ,634043,321692,50.74
20,273,BALAJITELE,EQ,513538,236304,46.01
20,274,BALAMINES,EQ,54127,20696,38.24
20,275,BALAXI,EQ,3268,2564,78.46
20,276,BALKRISHNA,EQ,57537,27713,48.17
20,277,BALKRISIND,EQ,365431,159279,43.59
20,278,BALMLAWRIE,EQ,322776,133301,41.30
20,279,BALPHARMA,EQ,21808,10901,49.99
20,280,BALRAMCHIN,EQ,1661552,426567,25.67
20,281,BANARBEADS,EQ,73498,22558,30.69
20,282,BANARISUG,EQ,1101,523,47.50
20,283,BANCOINDIA,EQ,182700,83622,45.77
20,284,BANDHANBNK,EQ,5305052,2797445,52.73
20,285,BANG,EQ,37067,19703,53.16
20,286,BANKA,EQ,5098,2157,42.31
20,287,BANKBARODA,EQ,37345564,18212266,48.77
20,288,BANKBEES,EQ,317621,234248,73.75
20,289,BANKETF,EQ,521,488,93.67
20,290,BANKINDIA,EQ,11697575,4749881,40.61
20,291,BANSWRAS,EQ,39656,20055,50.57
20,292,BARBEQUE,EQ,225300,39629,17.59
20,293,BASF,EQ,9793,5544,56.61
20,294,BASILIC,SM,176400,102000,57.82
20,295,BASML,EQ,45356,22031,48.57
20,296,BATAINDIA,EQ,312989,106632,34.07
20,297,BAYERCROP,EQ,121788,86850,71.31
20,298,BBETF0432,EQ,2514,2438,96.98
20,299,BBL,EQ,11579,5523,47.70
20,300,BBOX,EQ,233301,113901,48.82
20,301,BBTC,EQ,105257,22189,21.08
20,302,BBTCL,EQ,3856,2872,74.48
20,303,BCG,EQ,16659918,9510259,57.08
20,304,BCLIND,EQ,939049,542983,57.82
20,305,BDL,EQ,858404,395873,46.12
20,306,BECTORFOOD,EQ,106651,41412,38.83
20,307,BEL,EQ,7070089,4067818,57.54
20,308,BEML,EQ,127092,62974,49.55
20,309,BEPL,EQ,260916,128296,49.17
20,310,BERGEPAINT,EQ,1676482,437532,26.10
20,311,BETA,SM,5000,3900,78.00
20,312,BEWLTD,SM,500,375,75.00
20,313,BFINVEST,EQ,17658,9833,55.69
20,314,BFSI,EQ,222842,187654,84.21
20,315,BFUTILITIE,EQ,49046,28625,58.36
20,316,BGRENERGY,EQ,440800,178152,40.42
20,317,BHAGCHEM,EQ,10118,5263,52.02
20,318,BHAGERIA,EQ,24408,14889,61.00
20,319,BHARATFORG,EQ,3643475,1403261,38.51
20,320,BHARATGEAR,EQ,52555,30745,58.50
20,321,BHARATRAS,EQ,551,363,65.88
20,322,BHARATWIRE,EQ,247330,153300,61.98
20,323,BHARTIARTL,EQ,2760800,2048383,74.20
20,324,BHEL,EQ,13327821,3336027,25.03
20,325,BIGBLOC,EQ,91739,54439,59.34
20,326,BIKAJI,EQ,655964,241281,36.78
20,327,BIL,EQ,6450,3881,60.17
20,328,BIOCON,EQ,3115669,1089789,34.98
20,329,BIOFILCHEM,EQ,15451,11012,71.27
20,330,BIRET,RR,58718,47978,81.71
20,331,BIRLACABLE,EQ,105486,55491,52.61
20,332,BIRLACORPN,EQ,84258,46261,54.90
20,333,BIRLAMONEY,EQ,834149,425369,50.99
20,334,BLAL,EQ,71923,46434,64.56
20,335,BLBLIMITED,EQ,73664,48692,66.10
20,336,BLISSGVS,EQ,2059752,1134046,55.06
20,337,BLKASHYAP,EQ,658077,412916,62.75
20,338,BLS,EQ,5616910,1953145,34.77
20,339,BLUEDART,EQ,6476,3578,55.25
20,340,BLUEJET,EQ,2137882,1220215,57.08
20,341,BLUESTARCO,EQ,278402,104878,37.67
20,342,BMETRICS,SM,20000,15200,76.00
20,343,BODALCHEM,EQ,679333,218108,32.11
20,344,BOMDYEING,EQ,2944663,626274,21.27
20,345,BOROLTD,EQ,53388,24596,46.07
20,346,BORORENEW,EQ,513983,122246,23.78
20,347,BOSCHLTD,EQ,8576,3050,35.56
20,348,BPCL,EQ,4536010,2431187,53.60
20,349,BRIGADE,EQ,1914423,372564,19.46
20,350,BRIGHT,SM,69000,63000,91.30
20,351,BRITANNIA,EQ,205763,133100,64.69
20,352,BRITANNIA,N3,2879,2653,92.15
20,353,BRNL,EQ,72313,40782,56.40
20,354,BSE,EQ,1216474,418276,34.38
20,355,BSHSL,EQ,58456,48356,82.72
20,356,BSL,EQ,20294,10292,50.71
20,357,BSLGOLDETF,EQ,7000,3640,52.00
20,358,BSLNIFTY,EQ,1240064,1200627,96.82
20,359,BSLSENETFG,EQ,1193,775,64.96
20,360,BSOFT,EQ,2437161,972323,39.90
20,361,BTML,EQ,101032,75434,74.66
20,362,BURNPUR,EQ,2507081,1603248,63.95
20,363,BUTTERFLY,EQ,4072,2905,71.34
20,364,CADSYS,SM,1000,1000,100.00
20,365,CALSOFT,EQ,13925,9450,67.86
20,366,CAMLINFINE,EQ,335151,152552,45.52
20,367,CAMPUS,EQ,1044038,726363,69.57
20,368,CAMS,EQ,322959,237208,73.45
20,369,CANARYS,SM,240000,212000,88.33
20,370,CANBK,EQ,4339512,1906472,43.93
20,371,CANFINHOME,EQ,314085,118361,37.68
20,372,CANTABIL,EQ,164128,97368,59.32
20,373,CAPACITE,EQ,596077,304673,51.11
20,374,CAPLIPOINT,EQ,98820,47432,48.00
20,375,CAPTRUST,EQ,24849,13456,54.15
20,376,CARBORUNIV,EQ,200342,107631,53.72
20,377,CAREERP,EQ,218889,102227,46.70
20,378,CARERATING,EQ,73102,38782,53.05
20,379,CARTRADE,EQ,242318,128926,53.21
20,380,CARYSIL,EQ,276902,125327,45.26
20,381,CASTROLIND,EQ,796520,381156,47.85
20,382,CCL,EQ,253566,135267,53.35
20,383,CDSL,EQ,3702798,987624,26.67
20,384,CEATLTD,EQ,192545,86783,45.07
20,385,CELLECOR,SM,56400,38400,68.09
20,386,CELLO,EQ,17947726,12312977,68.60
20,387,CELLPOINT,SM,13200,10800,81.82
20,388,CENTENKA,EQ,70395,34169,48.54
20,389,CENTRALBK,EQ,9694139,2735776,28.22
20,390,CENTRUM,EQ,1717935,788566,45.90
20,391,CENTURYPLY,EQ,77211,47093,60.99
20,392,CENTURYTEX,EQ,133250,67811,50.89
20,393,CERA,EQ,14224,6182,43.46
20,394,CESC,EQ,946856,499824,52.79
20,395,CGCL,EQ,126882,41556,32.75
20,396,CGPOWER,EQ,1313908,665361,50.64
20,397,CHALET,EQ,147663,88158,59.70
20,398,CHAMBLFERT,EQ,1997583,854576,42.78
20,399,CHAVDA,SM,488000,276000,56.56
20,400,CHEMBOND,EQ,832110,304543,36.60
20,401,CHEMCON,EQ,40011,21246,53.10
20,402,CHEMFAB,EQ,11782,7434,63.10
20,403,CHEMPLASTS,EQ,76386,33791,44.24
20,404,CHENNPETRO,EQ,1665165,571660,34.33
20,405,CHEVIOT,EQ,5403,2579,47.73
20,406,CHOICEIN,EQ,342878,100105,29.20
20,407,CHOLAFIN,EQ,1566013,596600,38.10
20,408,CHOLAFIN,N2,9,9,100.00
20,409,CHOLAFIN,N6,1102,1102,100.00
20,410,CHOLAHLDNG,EQ,40636,22919,56.40
20,411,CIEINDIA,EQ,451680,251762,55.74
20,412,CIGNITITEC,EQ,587561,237523,40.43
20,413,CIPLA,EQ,1262938,725861,57.47
20,414,CLEAN,EQ,133135,59363,44.59
20,415,CLEDUCATE,BO,1001,1001,100.00
20,416,CLEDUCATE,EQ,201819,113010,56.00
20,417,CLOUD,SM,521000,323000,62.00
20,418,CLOUDPP,E1,38400,32400,84.38
20,419,CLSEL,EQ,165396,88606,53.57
20,420,CLSL,SM,20000,16000,80.00
20,421,CMMIPL,ST,69000,69000,100.00
20,422,CMNL,SM,64500,45000,69.77
20,423,CMRSL,SM,2400,1600,66.67
20,424,CMSINFO,EQ,712272,357418,50.18
20,425,COALINDIA,EQ,10340818,3745427,36.22
20,426,COASTCORP,EQ,62928,51412,81.70
20,427,COCHINSHIP,EQ,3653655,699201,19.14
20,428,COFFEEDAY,EQ,2152417,899366,41.78
20,429,COFORGE,EQ,263008,61140,23.25
20,430,COLPAL,EQ,374812,184254,49.16
20,431,COMMITTED,SM,40000,33600,84.00
20,432,COMPUSOFT,EQ,240588,131391,54.61
20,433,CONCOR,EQ,2593068,1012482,39.05
20,434,CONCORDBIO,EQ,51250,24866,48.52
20,435,CONFIPET,EQ,1401876,723183,51.59
20,436,CONSOFINVT,EQ,28796,19021,66.05
20,437,CONSUMBEES,EQ,25493,16409,64.37
20,438,CONTI,SM,16665,9999,60.00
20,439,CONTROLPR,EQ,41041,17886,43.58
20,440,COOLCAPS,SM,250,250,100.00
20,441,CORALFINAC,EQ,106325,82090,77.21
20,442,CORDSCABLE,EQ,62626,33951,54.21
20,443,COROMANDEL,EQ,617168,469643,76.10
20,444,COSMOFIRST,EQ,23706,11910,50.24
20,445,COUNCODOS,EQ,74343,51356,69.08
20,446,CPS,SM,4200,3600,85.71
20,447,CPSEETF,EQ,647196,416030,64.28
20,448,CRAFTSMAN,EQ,34342,22153,64.51
20,449,CRAYONS,SM,13000,13000,100.00
20,450,CREATIVE,EQ,21996,14334,65.17
20,451,CREATIVEYE,EQ,3175,3175,100.00
20,452,CREDITACC,EQ,170454,101699,59.66
20,453,CREDITACC,N1,316,316,100.00
20,454,CREDITACC,N3,64,64,100.00
20,455,CREDITACC,N7,10,10,100.00
20,456,CREDITACC,N9,198,198,100.00
20,457,CREDITACC,ND,3721,3721,100.00
20,458,CREDITACC,NE,25,25,100.00
20,459,CREST,EQ,6830,3960,57.98
20,460,CRISIL,EQ,166079,108906,65.57
20,461,CROMPTON,EQ,2332573,1021929,43.81
20,462,CROWN,EQ,18315,18315,100.00
20,463,CSBBANK,EQ,271038,123667,45.63
20,464,CSLFINANCE,EQ,46290,21736,46.96
20,465,CTE,EQ,230325,65275,28.34
20,466,CUB,EQ,1845918,881701,47.76
20,467,CUBEXTUB,EQ,138334,42045,30.39
20,468,CUMMINSIND,EQ,551177,190922,34.64
20,469,CUPID,EQ,584634,216950,37.11
20,470,CYBERTECH,EQ,83683,51544,61.59
20,471,CYIENT,EQ,404934,243430,60.12
20,472,CYIENTDLM,EQ,130765,72879,55.73
20,473,DABUR,EQ,478913,233521,48.76
20,474,DALBHARAT,EQ,202015,81690,40.44
20,475,DALMIASUG,EQ,166913,74906,44.88
20,476,DAMODARIND,EQ,65382,40366,61.74
20,477,DATAMATICS,EQ,358118,144662,40.40
20,478,DATAPATTNS,EQ,427944,119946,28.03
20,479,DBCORP,EQ,191144,97709,51.12
20,480,DBL,EQ,2610053,542583,20.79
20,481,DBOL,EQ,107875,46353,42.97
20,482,DBREALTY,EQ,2337558,1523049,65.16
20,483,DCAL,EQ,479068,268132,55.97
20,484,DCBBANK,EQ,1015427,598051,58.90
20,485,DCMNVL,EQ,12568,8404,66.87
20,486,DCMSHRIRAM,EQ,35380,18478,52.23
20,487,DCMSRIND,EQ,108519,55435,51.08
20,488,DCW,EQ,2199719,837238,38.06
20,489,DCXINDIA,EQ,645641,294249,45.57
20,490,DECCANCE,EQ,9958,3136,31.49
20,491,DEEPAKFERT,EQ,632711,258258,40.82
20,492,DEEPAKNTR,EQ,666246,171057,25.67
20,493,DEEPINDS,EQ,253590,101137,39.88
20,494,DELHIVERY,EQ,980350,479503,48.91
20,495,DELPHIFX,EQ,778,541,69.54
20,496,DELTACORP,EQ,8414311,2150650,25.56
20,497,DEN,EQ,14896832,5735629,38.50
20,498,DENEERS,SM,13800,13200,95.65
20,499,DENORA,EQ,17811,7701,43.24
20,500,DENTALKART,SM,69000,45000,65.22
20,501,DESTINY,ST,15000,15000,100.00
20,502,DEVIT,EQ,8928,5752,64.43
20,503,DEVYANI,EQ,2275675,867326,38.11
20,504,DGCONTENT,EQ,12289,10038,81.68
20,505,DHAMPURSUG,EQ,490588,167777,34.20
20,506,DHANBANK,EQ,1642233,884553,53.86
20,507,DHANILOANS,N7,10,10,100.00
20,508,DHANILOANS,N8,148,148,100.00
20,509,DHANILOANS,NF,1,1,100.00
20,510,DHANILOANS,NG,5,5,100.00
20,511,DHANILOANS,NU,11,11,100.00
20,512,DHANUKA,EQ,41592,14836,35.67
20,513,DHARMAJ,EQ,1091041,361318,33.12
20,514,DHRUV,EQ,31998,23057,72.06
20,515,DHUNINV,EQ,2065,1481,71.72
20,516,DIAMINESQ,EQ,3992,2556,64.03
20,517,DIAMONDYD,EQ,29294,17969,61.34
20,518,DICIND,EQ,5255,3955,75.26
20,519,DIGIKORE,SM,18400,16000,86.96
20,520,DISHTV,EQ,48094085,17889265,37.20
20,521,DIVGIITTS,EQ,21737,8183,37.65
20,522,DIVISLAB,EQ,1821472,308224,16.92
20,523,DIVOPPBEES,EQ,15985,12204,76.35
20,524,DIXON,EQ,158948,31068,19.55
20,525,DJML,EQ,16140,12213,75.67
20,526,DKEGL,SM,1500,1500,100.00
20,527,DLF,EQ,2917487,1075325,36.86
20,528,DLINKINDIA,EQ,108985,52780,48.43
20,529,DMART,EQ,277254,202615,73.08
20,530,DMCC,EQ,18401,8738,47.49
20,531,DODLA,EQ,46939,26565,56.59
20,532,DOLATALGO,EQ,269689,138545,51.37
20,533,DOLLAR,EQ,72698,29540,40.63
20,534,DOLLEX,SM,40000,20000,50.00
20,535,DONEAR,EQ,105123,54390,51.74
20,536,DPABHUSHAN,EQ,20048,15664,78.13
20,537,DPSCLTD,EQ,2297821,1058723,46.08
20,538,DPWIRES,EQ,67060,34035,50.75
20,539,DRCSYSTEMS,EQ,25001,20805,83.22
20,540,DREAMFOLKS,EQ,262683,114897,43.74
20,541,DREDGECORP,EQ,594861,165271,27.78
20,542,DRL,SM,6000,6000,100.00
20,543,DRONE,SM,359000,263000,73.26
20,544,DRREDDY,EQ,569497,429668,75.45
20,545,DSPBANKETF,EQ,2490,1485,59.64
20,546,DSPGOLDETF,EQ,1045,770,73.68
20,547,DSPITETF,EQ,5537,3193,57.67
20,548,DSPN50ETF,EQ,282,261,92.55
20,549,DSPNEWETF,EQ,1090620,1089429,99.89
20,550,DSPPSBKETF,EQ,2094,1355,64.71
20,551,DSPPVBKETF,EQ,32567,25099,77.07
20,552,DSPQ50ETF,EQ,2366,1647,69.61
20,553,DSPSENXETF,EQ,1389,871,62.71
20,554,DSPSILVETF,EQ,24692,14309,57.95
20,555,DSSL,EQ,22935,12453,54.30
20,556,DTIL,EQ,1671,1094,65.47
20,557,DUCOL,SM,56000,38400,68.57
20,558,DUCON,EQ,200580,140789,70.19
20,559,DUGLOBAL,SM,160000,112500,70.31
20,560,DVL,EQ,48018,25828,53.79
20,561,DWARKESH,EQ,2818176,961035,34.10
20,562,DYNAMATECH,EQ,4310,1961,45.50
20,563,DYNAMIC,SM,10000,7000,70.00
20,564,DYNPRO,EQ,37309,19062,51.09
20,565,EASEMYTRIP,EQ,13074711,7123357,54.48
20,566,EBBETF0425,EQ,10855,9944,91.61
20,567,EBBETF0430,EQ,1864,1347,72.26
20,568,EBBETF0431,EQ,4189,3357,80.14
20,569,EBBETF0433,EQ,3799,3275,86.21
20,570,ECLERX,EQ,70924,32313,45.56
20,571,ECLFINANCE,NK,5,5,100.00
20,572,ECLFINANCE,NO,179,179,100.00
20,573,ECLFINANCE,NP,2,2,100.00
20,574,ECLFINANCE,NQ,67,67,100.00
20,575,ECLFINANCE,NR,10,10,100.00
20,576,ECLFINANCE,NS,13,5,38.46
20,577,EDELWEISS,EQ,5011702,1991607,39.74
20,578,EFACTOR,SM,355200,249600,70.27
20,579,EICHERMOT,EQ,722080,247045,34.21
20,580,EIDPARRY,EQ,371596,184532,49.66
20,581,EIFFL,EQ,74766,32656,43.68
20,582,EIHAHOTELS,EQ,28459,16743,58.83
20,583,EIHOTEL,EQ,2546911,1017738,39.96
20,584,EIMCOELECO,EQ,12660,6966,55.02
20,585,EKC,EQ,791370,349652,44.18
20,586,ELDEHSG,EQ,16684,8798,52.73
20,587,ELECON,EQ,1414468,451814,31.94
20,588,ELECTCAST,EQ,8499421,3744712,44.06
20,589,ELGIEQUIP,EQ,109227,69762,63.87
20,590,ELIN,EQ,197731,81304,41.12
20,591,EMAMILTD,EQ,281684,127299,45.19
20,592,EMAMIPAP,EQ,20924,11454,54.74
20,593,EMAMIREAL,EQ,60768,40020,65.86
20,594,EMBASSY,RR,189355,160367,84.69
20,595,EMIL,EQ,628253,373633,59.47
20,596,EMKAY,EQ,105523,52222,49.49
20,597,EMKAYTOOLS,SM,15300,8100,52.94
20,598,EMMBI,EQ,24583,13906,56.57
20,599,EMSLIMITED,EQ,630252,324391,51.47
20,600,EMUDHRA,EQ,57684,23690,41.07
20,601,ENDURANCE,EQ,390945,265941,68.03
20,602,ENERGYDEV,EQ,130695,87673,67.08
20,603,ENGINERSIN,EQ,2252996,955274,42.40
20,604,ENIL,EQ,27507,13264,48.22
20,605,EPIGRAL,EQ,86502,27654,31.97
20,606,EPL,EQ,444206,177052,39.86
20,607,EQUITASBNK,EQ,2198064,1444754,65.73
20,608,ERFLNCDI,N6,110,110,100.00
20,609,ERIS,EQ,50773,36616,72.12
20,610,EROSMEDIA,EQ,497130,252915,50.88
20,611,ESABINDIA,EQ,10358,4972,48.00
20,612,ESCORTS,EQ,409967,119652,29.19
20,613,ESFL,SM,57600,50400,87.50
20,614,ESG,EQ,4041,2180,53.95
20,615,ESTER,EQ,96730,53311,55.11
20,616,ETHOSLTD,EQ,36630,13851,37.81
20,617,EUROBOND,SM,17000,13000,76.47
20,618,EVEREADY,EQ,65711,36110,54.95
20,619,EVERESTIND,EQ,6532,2748,42.07
20,620,EXCELINDUS,EQ,5045,2448,48.52
20,621,EXIDEIND,EQ,4740338,1236518,26.09
20,622,EXPLEOSOL,EQ,16137,11063,68.56
20,623,EXXARO,EQ,2104563,505921,24.04
20,624,FACT,EQ,564332,158631,28.11
20,625,FAIRCHEMOR,EQ,28214,17266,61.20
20,626,FAZE3Q,EQ,48526,30463,62.78
20,627,FCL,EQ,173520,80956,46.66
20,628,FCSSOFT,EQ,31777966,15912978,50.08
20,629,FDC,EQ,53067,26545,50.02
20,630,FEDERALBNK,EQ,11103173,6621046,59.63
20,631,FELIX,SM,3000,3000,100.00
20,632,FIBERWEB,EQ,64485,32072,49.74
20,633,FIDEL,SM,6000,5000,83.33
20,634,FIEMIND,EQ,15980,8311,52.01
20,635,FILATEX,EQ,671956,254523,37.88
20,636,FINCABLES,EQ,198642,91939,46.28
20,637,FINEORG,EQ,37094,20797,56.07
20,638,FINOPB,EQ,52856,22871,43.27
20,639,FINPIPE,EQ,1042965,768570,73.69
20,640,FIVESTAR,EQ,334251,194769,58.27
20,641,FLUOROCHEM,EQ,470827,253459,53.83
20,642,FMGOETZE,EQ,34465,23101,67.03
20,643,FOCE,SM,1000,1000,100.00
20,644,FOCUS,EQ,315260,159788,50.68
20,645,FOODSIN,EQ,448537,240143,53.54
20,646,FORTIS,EQ,271790,156548,57.60
20,647,FOSECOIND,EQ,10153,6033,59.42
20,648,FROG,SM,8400,7600,90.48
20,649,FSL,EQ,599165,265151,44.25
20,650,FUSION,EQ,478628,223555,46.71
20,651,GABRIEL,EQ,411486,168937,41.06
20,652,GAEL,EQ,572276,184327,32.21
20,653,GAIL,EQ,6377850,3202535,50.21
20,654,GALAXYSURF,EQ,36275,18152,50.04
20,655,GALLANTT,EQ,154965,67349,43.46
20,656,GANDHITUBE,EQ,8427,4880,57.91
20,657,GANECOS,EQ,88826,34899,39.29
20,658,GANESHBE,EQ,83300,44584,53.52
20,659,GANESHHOUC,EQ,31273,18296,58.50
20,660,GANGESSECU,EQ,9987,6874,68.83
20,661,GARFIBRES,EQ,14879,5119,34.40
20,662,GATEWAY,EQ,298083,165938,55.67
20,663,GATI,EQ,1117393,548045,49.05
20,664,GAYAHWS,EQ,386506,315772,81.70
20,665,GEECEE,EQ,39670,21669,54.62
20,666,GENCON,EQ,801884,664781,82.90
20,667,GENESYS,EQ,55469,33948,61.20
20,668,GENSOL,EQ,107162,61395,57.29
20,669,GENUSPAPER,EQ,1524032,823140,54.01
20,670,GENUSPOWER,EQ,505907,271298,53.63
20,671,GEOJITFSL,EQ,1942202,867092,44.64
20,672,GEPIL,EQ,297489,139734,46.97
20,673,GESHIP,EQ,214502,117346,54.71
20,674,GFLLIMITED,EQ,248568,118237,47.57
20,675,GHCL,EQ,132941,82446,62.02
20,676,GHCLTEXTIL,EQ,336145,235101,69.94
20,677,GICHSGFIN,EQ,890746,443484,49.79
20,678,GICL,SM,87000,75000,86.21
20,679,GICRE,EQ,309068,148395,48.01
20,680,GILLETTE,EQ,12558,5791,46.11
20,681,GILT5YBEES,EQ,526686,510348,96.90
20,682,GINNIFILA,EQ,239873,78550,32.75
20,683,GIPCL,EQ,520153,243183,46.75
20,684,GIRIRAJ,SM,2500,2500,100.00
20,685,GKWLIMITED,EQ,23671,14224,60.09
20,686,GLAND,EQ,805148,241876,30.04
20,687,GLAXO,EQ,200487,146851,73.25
20,688,GLENMARK,EQ,742091,383600,51.69
20,689,GLFL,EQ,310,310,100.00
20,690,GLOBAL,EQ,105155,65019,61.83
20,691,GLOBALPET,SM,163500,111000,67.89
20,692,GLOBALVECT,EQ,120610,49690,41.20
20,693,GLOBUSSPR,EQ,67494,36277,53.75
20,694,GLS,EQ,79871,53641,67.16
20,695,GMBREW,EQ,33191,13462,40.56
20,696,GMDCLTD,EQ,2858793,966273,33.80
20,697,GMMPFAUDLR,EQ,131615,96870,73.60
20,698,GMRINFRA,EQ,3777488,1400999,37.09
20,699,GMRP&UI,EQ,4007676,2284614,57.01
20,700,GNA,EQ,242244,99255,40.97
20,701,GNFC,EQ,1356230,893884,65.91
20,702,GOACARBON,EQ,19351,10923,56.45
20,703,GOCLCORP,EQ,96279,63666,66.13
20,704,GOCOLORS,EQ,60693,39282,64.72
20,705,GODFRYPHLP,EQ,153367,51464,33.56
20,706,GODREJAGRO,EQ,317491,90316,28.45
20,707,GODREJCP,EQ,746619,397515,53.24
20,708,GODREJIND,EQ,432162,235596,54.52
20,709,GODREJPROP,EQ,1383254,375569,27.15
20,710,GOKEX,EQ,334873,131800,39.36
20,711,GOKUL,EQ,262980,127998,48.67
20,712,GOKULAGRO,EQ,221917,111906,50.43
20,713,GOLDBEES,EQ,5369415,4101726,76.39
20,714,GOLDETF,EQ,28539,25799,90.40
20,715,GOLDIAM,EQ,147409,72954,49.49
20,716,GOLDSHARE,EQ,79316,74545,93.98
20,717,GOLDSTAR,SM,101250,101250,100.00
20,718,GOODLUCK,EQ,143748,74180,51.60
20,719,GOYALSALT,SM,81000,60000,74.07
20,720,GPIL,EQ,697030,293330,42.08
20,721,GPPL,EQ,745309,341111,45.77
20,722,GRANULES,EQ,744222,368720,49.54
20,723,GRAPHITE,EQ,413247,152261,36.85
20,724,GRASIM,EQ,291139,119461,41.03
20,725,GRAVITA,EQ,142352,67663,47.53
20,726,GRCL,ST,8000,8000,100.00
20,727,GREAVESCOT,EQ,727402,304585,41.87
20,728,GREENCHEF,SM,45600,32800,71.93
20,729,GREENLAM,EQ,359298,132159,36.78
20,730,GREENPANEL,EQ,147545,70113,47.52
20,731,GREENPLY,EQ,228548,132740,58.08
20,732,GRINDWELL,EQ,21371,12425,58.14
20,733,GRINFRA,EQ,19455,11372,58.45
20,734,GRMOVER,EQ,171888,76131,44.29
20,735,GROBTEA,EQ,99,64,64.65
20,736,GRPLTD,EQ,260,206,79.23
20,737,GRSE,EQ,899720,153995,17.12
20,738,GRWRHITECH,EQ,39389,26687,67.75
20,739,GSEC10YEAR,EQ,105,105,100.00
20,740,GSFC,EQ,2626909,975626,37.14
20,741,GSLSU,EQ,171204,80709,47.14
20,742,GSPL,EQ,519104,266445,51.33
20,743,GSS,EQ,20334,8723,42.90
20,744,GSTL,SM,9000,7000,77.78
20,745,GTLINFRA,EQ,72847823,45487392,62.44
20,746,GTPL,EQ,434491,178968,41.19
20,747,GUFICBIO,EQ,81483,37427,45.93
20,748,GUJALKALI,EQ,81648,26439,32.38
20,749,GUJGASLTD,EQ,736363,222688,30.24
20,750,GULFOILLUB,EQ,110410,67640,61.26
20,751,GULPOLY,EQ,43084,23484,54.51
20,752,HAL,EQ,975588,553967,56.78
20,753,HAPPSTMNDS,EQ,193056,93914,48.65
20,754,HARDWYN,EQ,138085,67716,49.04
20,755,HARIOMPIPE,EQ,64788,27611,42.62
20,756,HARRMALAYA,EQ,11519,6394,55.51
20,757,HARSHA,EQ,92657,42671,46.05
20,758,HATHWAY,EQ,14949890,4381318,29.31
20,759,HATSUN,EQ,14908,9115,61.14
20,760,HAVELLS,EQ,1593562,1108336,69.55
20,761,HBLPOWER,EQ,4625882,1892148,40.90
20,762,HBSL,EQ,14236,10506,73.80
20,763,HCC,EQ,150738534,49950338,33.14
20,764,HCG,EQ,61647,37601,60.99
20,765,HCLTECH,EQ,1175823,787537,66.98
20,766,HDFCAMC,EQ,514415,257732,50.10
20,767,HDFCBANK,EQ,12796865,9045785,70.69
20,768,HDFCBSE500,EQ,3252,1938,59.59
20,769,HDFCGOLD,EQ,292038,169395,58.00
20,770,HDFCGROWTH,EQ,1797,1253,69.73
20,771,HDFCLIFE,EQ,1789823,1182176,66.05
20,772,HDFCLIQUID,EQ,1936,1890,97.62
20,773,HDFCLOWVOL,EQ,11480,7705,67.12
20,774,HDFCMID150,EQ,171419,145193,84.70
20,775,HDFCMOMENT,EQ,25403,7156,28.17
20,776,HDFCNEXT50,EQ,10220,9215,90.17
20,777,HDFCNIF100,EQ,17677,15871,89.78
20,778,HDFCNIFBAN,EQ,1486,1020,68.64
20,779,HDFCNIFIT,EQ,1612,1142,70.84
20,780,HDFCNIFTY,EQ,60901,55293,90.79
20,781,HDFCPVTBAN,EQ,169,152,89.94
20,782,HDFCQUAL,EQ,16084,14366,89.32
20,783,HDFCSENSEX,EQ,2698,2376,88.07
20,784,HDFCSILVER,EQ,172583,138166,80.06
20,785,HDFCSML250,EQ,176871,154570,87.39
20,786,HDFCVALUE,EQ,2280,1819,79.78
20,787,HEADSUP,EQ,38464,24505,63.71
20,788,HEALTHY,EQ,95295,47393,49.73
20,789,HECPROJECT,EQ,95088,2364,2.49
20,790,HEG,EQ,85539,39478,46.15
20,791,HEIDELBERG,EQ,1850544,591005,31.94
20,792,HEMIPROP,EQ,1688416,634749,37.59
20,793,HERANBA,EQ,48793,29149,59.74
20,794,HERCULES,EQ,43961,28022,63.74
20,795,HERITGFOOD,EQ,189332,89014,47.01
20,796,HEROMOTOCO,EQ,850503,462970,54.43
20,797,HESTERBIO,EQ,5370,4335,80.73
20,798,HEUBACHIND,EQ,43436,27086,62.36
20,799,HEXATRADEX,EQ,3941,3064,77.75
20,800,HFCL,EQ,3925113,1712306,43.62
20,801,HGINFRA,EQ,72184,44480,61.62
20,802,HGS,EQ,14211,7215,50.77
20,803,HIGREEN,SM,684800,384000,56.07
20,804,HIKAL,EQ,170893,86759,50.77
20,805,HIL,EQ,12354,6788,54.95
20,806,HILTON,EQ,126478,66262,52.39
20,807,HIMATSEIDE,EQ,2076850,768418,37.00
20,808,HINDALCO,EQ,4294682,2439115,56.79
20,809,HINDCOMPOS,EQ,6651,4200,63.15
20,810,HINDCOPPER,EQ,3129638,1460155,46.66
20,811,HINDMOTORS,EQ,512031,421351,82.29
20,812,HINDOILEXP,EQ,554196,241599,43.59
20,813,HINDPETRO,EQ,5012098,1984542,39.60
20,814,HINDUNILVR,EQ,1338677,1060136,79.19
20,815,HINDWAREAP,EQ,179493,87969,49.01
20,816,HINDZINC,EQ,333777,214879,64.38
20,817,HIRECT,EQ,126783,73345,57.85
20,818,HITECH,EQ,1669952,766689,45.91
20,819,HITECHCORP,EQ,474192,111858,23.59
20,820,HITECHGEAR,EQ,16644,9218,55.38
20,821,HLEGLAS,EQ,63437,27938,44.04
20,822,HLVLTD,EQ,5682855,2996945,52.74
20,823,HMAAGRO,EQ,62672,44238,70.59
20,824,HMVL,EQ,342572,115217,33.63
20,825,HNDFDS,EQ,32585,21421,65.74
20,826,HNGSNGBEES,EQ,96304,67991,70.60
20,827,HOLMARC,SM,132000,81000,61.36
20,828,HOMEFIRST,EQ,192649,127931,66.41
20,829,HOMESFY,SM,36000,24300,67.50
20,830,HONAUT,EQ,1517,761,50.16
20,831,HONDAPOWER,EQ,12698,6432,50.65
20,832,HOVS,EQ,84411,25529,30.24
20,833,HPAL,EQ,111470,47020,42.18
20,834,HPL,EQ,208640,110703,53.06
20,835,HSCL,EQ,1057673,567144,53.62
20,836,HTMEDIA,EQ,390234,224237,57.46
20,837,HUBTOWN,EQ,1158069,737862,63.71
20,838,HUDCO,EQ,22383843,8290629,37.04
20,839,HUDCO,N2,1400,1000,71.43
20,840,HUDCO,N5,50,25,50.00
20,841,HUDCO,N8,1,1,100.00
20,842,HUDCO,N9,261,261,100.00
20,843,HUDCO,ND,100,100,100.00
20,844,HUDCO,NE,1608,1077,66.98
20,845,HUHTAMAKI,EQ,66774,34966,52.36
20,846,IBREALEST,EQ,6369301,2355971,36.99
20,847,IBULHSG,N4,10,10,100.00
20,848,IBULHSGFIN,AP,18,18,100.00
20,849,IBULHSGFIN,BF,158,108,68.35
20,850,IBULHSGFIN,EQ,7826410,3018301,38.57
20,851,IBULHSGFIN,N0,25,25,100.00
20,852,IBULHSGFIN,N8,5,5,100.00
20,853,IBULHSGFIN,N9,40,40,100.00
20,854,IBULHSGFIN,NE,10,10,100.00
20,855,IBULHSGFIN,NN,205,181,88.29
20,856,IBULHSGFIN,NS,170,140,82.35
20,857,IBULHSGFIN,YP,24,24,100.00
20,858,IBULHSGFIN,Z3,29,29,100.00
20,859,IBULHSGFIN,Z5,5,5,100.00
20,860,IBULHSGFIN,ZF,10,10,100.00
20,861,IBULHSGFIN,ZP,41,41,100.00
20,862,IBULHSGFIN,ZR,25,25,100.00
20,863,IBULHSGFIN,ZW,30,30,100.00
20,864,IBULHSGFIN,ZX,78,62,79.49
20,865,ICEMAKE,EQ,17146,10369,60.47
20,866,ICICI500,EQ,80255,49400,61.55
20,867,ICICI5GSEC,EQ,10678,10667,99.90
20,868,ICICIALPLV,EQ,101771,97026,95.34
20,869,ICICIAUTO,EQ,6405,4153,64.84
20,870,ICICIB22,EQ,419845,321914,76.67
20,871,ICICIBANK,EQ,10338367,7029089,67.99
20,872,ICICIBANKN,EQ,31480,21962,69.76
20,873,ICICIBANKP,EQ,8203,7313,89.15
20,874,ICICICOMMO,EQ,17142,15276,89.11
20,875,ICICICONSU,EQ,1326,867,65.38
20,876,ICICIFIN,EQ,21001,14710,70.04
20,877,ICICIFMCG,EQ,5460,3992,73.11
20,878,ICICIGI,EQ,418854,239429,57.16
20,879,ICICIGOLD,EQ,1056794,850249,80.46
20,880,ICICIINFRA,EQ,31645,17372,54.90
20,881,ICICILIQ,EQ,220554,131658,59.69
20,882,ICICILOVOL,EQ,104234,89251,85.63
20,883,ICICIM150,EQ,19576,13519,69.06
20,884,ICICIMCAP,EQ,6649,4702,70.72
20,885,ICICIMOM30,EQ,28355,24292,85.67
20,886,ICICINF100,EQ,10041,5541,55.18
20,887,ICICINIFTY,EQ,204727,181887,88.84
20,888,ICICINV20,EQ,32853,22292,67.85
20,889,ICICINXT50,EQ,79129,54761,69.20
20,890,ICICIPHARM,EQ,24865,18591,74.77
20,891,ICICIPRULI,EQ,827603,649096,78.43
20,892,ICICIQTY30,EQ,1555,1550,99.68
20,893,ICICISENSX,EQ,5073,3027,59.67
20,894,ICICISILVE,EQ,110999,80514,72.54
20,895,ICICITECH,EQ,165250,117576,71.15
20,896,ICIL,EQ,664977,429579,64.60
20,897,ICRA,EQ,882,515,58.39
20,898,IDBI,EQ,4851810,1913683,39.44
20,899,IDEA,EQ,170833667,60667886,35.51
20,900,IDEAFORGE,EQ,343594,151372,44.06
20,901,IDFC,EQ,4531622,2376823,52.45
20,902,IDFCFIRSTB,EQ,20613509,10214581,49.55
20,903,IDFNIFTYET,EQ,309,253,81.88
20,904,IEX,EQ,14494493,5155738,35.57
20,905,IFBAGRO,EQ,6989,4522,64.70
20,906,IFBIND,EQ,14862,8637,58.11
20,907,IFCI,EQ,34776992,8943465,25.72
20,908,IFCI,NH,296,272,91.89
20,909,IFCI,NI,4,4,100.00
20,910,IFCI,NL,120,120,100.00
20,911,IFGLEXPOR,EQ,575704,254393,44.19
20,912,IGARASHI,EQ,34919,16332,46.77
20,913,IGL,EQ,3010466,1906034,63.31
20,914,IGPL,EQ,109047,57450,52.68
20,915,IIFCL,N1,100,100,100.00
20,916,IIFCL,N2,20,20,100.00
20,917,IIFL,EQ,150961,76743,50.84
20,918,IIFL,N6,20,20,100.00
20,919,IIFL,N7,130,130,100.00
20,920,IIFL,NC,2,2,100.00
20,921,IIFL,NE,650,650,100.00
20,922,IIFL,NF,765,665,86.93
20,923,IIFL,NG,100,100,100.00
20,924,IIFL,NL,53,53,100.00
20,925,IIFL,NN,30,30,100.00
20,926,IIFL,NP,17,17,100.00
20,927,IIFL,NS,674,657,97.48
20,928,IIFL,NT,38,38,100.00
20,929,IIFL,NV,165,145,87.88
20,930,IIFL,NX,160,160,100.00
20,931,IIFL,NZ,263,263,100.00
20,932,IIFL,Y0,5,5,100.00
20,933,IIFLSEC,EQ,731135,331885,45.39
20,934,IIHFL,N4,1242,1242,100.00
20,935,IIHFL,N5,2500,2395,95.80
20,936,IIHFL,N8,5,5,100.00
20,937,IIHFL,N9,986,950,96.35
20,938,IIHFL,NC,950,646,68.00
20,939,IITL,EQ,2429504,297841,12.26
20,940,IKIO,EQ,5017409,1239180,24.70
20,941,IMAGICAA,EQ,1188893,550156,46.27
20,942,IMC1,N0,62,41,66.13
20,943,IMC1,N3,21,21,100.00
20,944,IMFA,EQ,340481,165862,48.71
20,945,IMPAL,EQ,6374,4025,63.15
20,946,INCREDFIN,N2,510,510,100.00
20,947,INCREDFIN,N4,30,30,100.00
20,948,INDHOTEL,EQ,2330301,854656,36.68
20,949,INDIACEM,EQ,3613878,971089,26.87
20,950,INDIAGLYCO,EQ,190543,102455,53.77
20,951,INDIAMART,EQ,256566,170173,66.33
20,952,INDIANB,EQ,691442,352465,50.98
20,953,INDIANCARD,EQ,5663,3673,64.86
20,954,INDIANHUME,EQ,29667,19944,67.23
20,955,INDIGO,EQ,1169751,461051,39.41
20,956,INDIGOPNTS,EQ,149169,48556,32.55
20,957,INDIGRID,IV,201952,165366,81.88
20,958,INDIGRID,NJ,781,781,100.00
20,959,INDIGRID,NL,304,265,87.17
20,960,INDNIPPON,EQ,21415,12510,58.42
20,961,INDOAMIN,EQ,59220,28113,47.47
20,962,INDOCO,EQ,74187,36941,49.79
20,963,INDORAMA,EQ,150865,96644,64.06
20,964,INDOTHAI,EQ,615,476,77.40
20,965,INDSWFTLAB,EQ,105649,62814,59.46
20,966,INDTERRAIN,EQ,90098,52309,58.06
20,967,INDUSINDBK,EQ,2090640,1408126,67.35
20,968,INDUSTOWER,EQ,3475802,886944,25.52
20,969,INFIBEAM,EQ,75968459,21383640,28.15
20,970,INFINIUM,SM,7000,6000,85.71
20,971,INFOBEAN,EQ,26705,18669,69.91
20,972,INFOLLION,SM,52000,33600,64.62
20,973,INFRABEES,EQ,4422,3385,76.55
20,974,INFY,EQ,2736381,1947084,71.16
20,975,INGERRAND,EQ,7021,3152,44.89
20,976,INNOVANA,SM,1600,1200,75.00
20,977,INNOVATIVE,SM,21000,21000,100.00
20,978,INOXGREEN,EQ,3798362,1375621,36.22
20,979,INOXWIND,EQ,15737687,6141096,39.02
20,980,INSECTICID,EQ,66561,40582,60.97
20,981,INSPIRE,SM,174000,166000,95.40
20,982,INTELLECT,EQ,262718,115241,43.86
20,983,INTENTECH,EQ,1778762,763313,42.91
20,984,INTLCONV,EQ,153431,78875,51.41
20,985,INVENTURE,EQ,2315140,1667407,72.02
20,986,IOB,EQ,22954410,4247259,18.50
20,987,IOC,EQ,63500708,31392537,49.44
20,988,IOLCP,EQ,226811,110123,48.55
20,989,IONEXCHANG,EQ,394277,285862,72.50
20,990,IPCALAB,EQ,249994,151173,60.47
20,991,IPL,EQ,661584,287662,43.48
20,992,IPSL,SM,2000,2000,100.00
20,993,IRB,EQ,28421525,11202667,39.42
20,994,IRBINVIT,IV,390843,344193,88.06
20,995,IRCON,EQ,11350969,2885422,25.42
20,996,IRCTC,EQ,734713,283631,38.60
20,997,IREDA,N4,50,50,100.00
20,998,IRFC,EQ,28925365,10033779,34.69
20,999,IRFC,N2,612,600,98.04
20,1000,IRFC,N8,10,10,100.00
20,1001,IRFC,N9,59,51,86.44
20,1002,IRFC,NA,248,248,100.00
20,1003,IRFC,ND,1031,1026,99.52
20,1004,IRFC,NE,302,297,98.34
20,1005,IRFC,NH,2,2,100.00
20,1006,IRFC,NJ,1293,893,69.06
20,1007,IRFC,NK,210,210,100.00
20,1008,IRFC,NO,1127,1057,93.79
20,1009,IRISDOREME,EQ,586759,172847,29.46
20,1010,IRMENERGY,EQ,541066,265542,49.08
20,1011,ISEC,EQ,327513,165308,50.47
20,1012,ISFT,EQ,69829,48290,69.15
20,1013,ISGEC,EQ,125105,49996,39.96
20,1014,ISHAN,SM,17600,17600,100.00
20,1015,ISMTLTD,EQ,1963214,905887,46.14
20,1016,ITBEES,EQ,2072745,1441736,69.56
20,1017,ITC,EQ,7308229,5507380,75.36
20,1018,ITDC,EQ,66705,27010,40.49
20,1019,ITDCEM,EQ,889086,447286,50.31
20,1020,ITETF,EQ,2149,2149,100.00
20,1021,ITI,EQ,4982001,937170,18.81
20,1022,IVC,EQ,5067663,2843846,56.12
20,1023,IVP,EQ,167932,89917,53.54
20,1024,IVZINGOLD,EQ,44,18,40.91
20,1025,IWEL,EQ,22476,14033,62.44
20,1026,JAGRAN,EQ,205574,89628,43.60
20,1027,JAGSNPHARM,EQ,25042,15570,62.18
20,1028,JAICORPLTD,EQ,1383385,585348,42.31
20,1029,JAINAM,SM,3000,2000,66.67
20,1030,JAIPURKURT,EQ,17316,3628,20.95
20,1031,JALAN,SM,21000,18000,85.71
20,1032,JAMNAAUTO,EQ,1214805,534092,43.97
20,1033,JASH,EQ,10979,8892,80.99
20,1034,JAYAGROGN,EQ,22920,14210,62.00
20,1035,JAYBARMARU,EQ,53501,34500,64.48
20,1036,JAYNECOIND,EQ,106937,101835,95.23
20,1037,JAYSREETEA,EQ,126649,28721,22.68
20,1038,JBCHEPHARM,EQ,128267,101080,78.80
20,1039,JCHAC,EQ,13011,5556,42.70
20,1040,JETFREIGHT,EQ,419441,225981,53.88
20,1041,JETKNIT,SM,4500,4500,100.00
20,1042,JFLLIFE,SM,2000,2000,100.00
20,1043,JHS,EQ,234190,148461,63.39
20,1044,JINDALPHOT,EQ,47690,29142,61.11
20,1045,JINDALPOLY,EQ,23423,12303,52.53
20,1046,JINDALSAW,EQ,1398161,595977,42.63
20,1047,JINDALSTEL,EQ,5492143,3231376,58.84
20,1048,JINDRILL,EQ,101077,45647,45.16
20,1049,JINDWORLD,EQ,146273,90069,61.58
20,1050,JIOFIN,EQ,11494092,7693138,66.93
20,1051,JISLJALEQS,EQ,3511406,1609503,45.84
20,1052,JIWANRAM,SM,18000,18000,100.00
20,1053,J&KBANK,EQ,2973379,1248633,41.99
20,1054,JKCEMENT,EQ,1228213,258722,21.06
20,1055,JKIL,EQ,88441,49333,55.78
20,1056,JKLAKSHMI,EQ,2320714,525558,22.65
20,1057,JKPAPER,EQ,866704,410537,47.37
20,1058,JKTYRE,EQ,1776232,533211,30.02
20,1059,JLHL,EQ,54363,33649,61.90
20,1060,JMA,EQ,361761,205328,56.76
20,1061,JMFINANCIL,EQ,6715542,2522436,37.56
20,1062,JOCIL,EQ,13064,6104,46.72
20,1063,JPASSOCIAT,EQ,256243266,78015180,30.45
20,1064,JPOLYINVST,EQ,12833,4474,34.86
20,1065,JPPOWER,EQ,873782649,259913772,29.75
20,1066,JSL,EQ,460784,273520,59.36
20,1067,JSLL,SM,21780,14940,68.60
20,1068,JSWENERGY,EQ,1769702,719717,40.67
20,1069,JSWHL,EQ,1731,588,33.97
20,1070,JSWINFRA,EQ,20256529,6243974,30.82
20,1071,JSWSTEEL,EQ,2782755,1736286,62.39
20,1072,JTEKTINDIA,EQ,237106,162760,68.64
20,1073,JTLIND,EQ,177554,86150,48.52
20,1074,JUBLFOOD,EQ,988215,365982,37.03
20,1075,JUBLINDS,EQ,46023,17692,38.44
20,1076,JUBLINGREA,EQ,261602,161740,61.83
20,1077,JUBLPHARMA,EQ,364891,207082,56.75
20,1078,JUNIORBEES,EQ,92836,47149,50.79
20,1079,JUSTDIAL,EQ,150287,117366,78.09
20,1080,JWL,EQ,598772,304822,50.91
20,1081,JYOTHYLAB,EQ,690990,268179,38.81
20,1082,KABRAEXTRU,EQ,42784,19248,44.99
20,1083,KAJARIACER,EQ,319905,248734,77.75
20,1084,KAKATCEM,EQ,11904,6203,52.11
20,1085,KALAMANDIR,EQ,693292,388326,56.01
20,1086,KALYANKJIL,EQ,5973345,2028678,33.96
20,1087,KAMATHOTEL,EQ,20292,14200,69.98
20,1088,KAMDHENU,EQ,96256,23635,24.55
20,1089,KANANIIND,EQ,457571,315615,68.98
20,1090,KANORICHEM,EQ,21789,11431,52.46
20,1091,KANPRPLA,EQ,10387,6724,64.73
20,1092,KANSAINER,EQ,235349,131134,55.72
20,1093,KAPSTON,EQ,34921,18251,52.26
20,1094,KARMAENG,EQ,7381,5389,73.01
20,1095,KARNIKA,SM,196800,144000,73.17
20,1096,KARURVYSYA,EQ,2029329,1028843,50.70
20,1097,KAVVERITEL,EQ,38627,33502,86.73
20,1098,KAYA,EQ,19621,14850,75.68
20,1099,KAYNES,EQ,122049,55227,45.25
20,1100,KBCGLOBAL,EQ,9447264,5030996,53.25
20,1101,KCK,SM,4000,4000,100.00
20,1102,KCP,EQ,599819,270505,45.10
20,1103,KDDL,EQ,27250,8521,31.27
20,1104,KDL,SM,28400,13600,47.89
20,1105,KEC,EQ,655873,358983,54.73
20,1106,KECL,EQ,197986,97843,49.42
20,1107,KEI,EQ,116235,50809,43.71
20,1108,KEL,SM,94800,85200,89.87
20,1109,KELLTONTEC,EQ,657657,309285,47.03
20,1110,KFINTECH,EQ,256636,154131,60.06
20,1111,KHADIM,EQ,140232,55911,39.87
20,1112,KHAICHEM,EQ,50240,27930,55.59
20,1113,KHAITANLTD,EQ,5011,3578,71.40
20,1114,KHANDSE,EQ,131825,37963,28.80
20,1115,KICL,EQ,3721,2173,58.40
20,1116,KIMS,EQ,21824,12959,59.38
20,1117,KINGFA,EQ,5906,2882,48.80
20,1118,KIOCL,EQ,129965,49069,37.76
20,1119,KIRIINDUS,EQ,94195,45543,48.35
20,1120,KIRLOSBROS,EQ,46723,27506,58.87
20,1121,KIRLOSENG,EQ,613297,330897,53.95
20,1122,KIRLOSIND,EQ,1058,691,65.31
20,1123,KIRLPNU,EQ,64995,33373,51.35
20,1124,KITEX,EQ,70854,33436,47.19
20,1125,KKCL,EQ,46682,23355,50.03
20,1126,KMSUGAR,EQ,2065468,778414,37.69
20,1127,KNAGRI,SM,5600,4800,85.71
20,1128,KNRCON,EQ,218390,126870,58.09
20,1129,KODYTECH,SM,12800,11200,87.50
20,1130,KOHINOOR,EQ,251105,58665,23.36
20,1131,KOLTEPATIL,EQ,1371927,318801,23.24
20,1132,KONTOR,SM,22800,20400,89.47
20,1133,KOPRAN,EQ,581571,318049,54.69
20,1134,KORE,SM,7500,5500,73.33
20,1135,KOTAKALPHA,EQ,342001,106871,31.25
20,1136,KOTAKBANK,EQ,1186685,849081,71.55
20,1137,KOTAKBKETF,EQ,10130,8938,88.23
20,1138,KOTAKGOLD,EQ,421306,267094,63.40
20,1139,KOTAKIT,EQ,68018,51090,75.11
20,1140,KOTAKLIQ,EQ,6,6,100.00
20,1141,KOTAKLOVOL,EQ,37247,34276,92.02
20,1142,KOTAKMID50,EQ,10522,6770,64.34
20,1143,KOTAKMNC,EQ,6866,5247,76.42
20,1144,KOTAKNIFTY,EQ,18237,9116,49.99
20,1145,KOTAKNV20,EQ,36790,26751,72.71
20,1146,KOTAKPSUBK,EQ,197592,170328,86.20
20,1147,KOTAKSILVE,EQ,23739,20501,86.36
20,1148,KOTHARIPET,EQ,360046,137637,38.23
20,1149,KOTHARIPRO,EQ,9899,5247,53.01
20,1150,KOTYARK,SM,13800,11600,84.06
20,1151,KPIGREEN,EQ,110980,54326,48.95
20,1152,KPIL,EQ,944536,529483,56.06
20,1153,KPITTECH,EQ,579178,261680,45.18
20,1154,KPRMILL,EQ,280126,69981,24.98
20,1155,KRBL,EQ,235744,96763,41.05
20,1156,KREBSBIO,EQ,192643,115651,60.03
20,1157,KRISHANA,EQ,16978,8985,52.92
20,1158,KRISHCA,SM,217000,164500,75.81
20,1159,KRISHIVAL,SM,1000,1000,100.00
20,1160,KRISHNADEF,SM,16500,13500,81.82
20,1161,KRITI,EQ,48756,26536,54.43
20,1162,KRSNAA,EQ,305730,166354,54.41
20,1163,KSB,EQ,19192,9418,49.07
20,1164,KSCL,EQ,57027,25832,45.30
20,1165,KSL,EQ,49710,20031,40.30
20,1166,KTKBANK,EQ,1582045,786782,49.73
20,1167,KUANTUM,EQ,106942,48571,45.42
20,1168,LAGNAM,EQ,8535,6569,76.97
20,1169,LALPATHLAB,EQ,371162,112975,30.44
20,1170,LAMBODHARA,EQ,8004,4944,61.77
20,1171,LANDMARK,EQ,287360,239975,83.51
20,1172,LAOPALA,EQ,61902,27110,43.80
20,1173,LATENTVIEW,EQ,472723,220217,46.58
20,1174,LATTEYS,EQ,320300,124033,38.72
20,1175,LAURUSLABS,EQ,1274993,417678,32.76
20,1176,LAXMICOT,EQ,101452,19810,19.53
20,1177,LAXMIMACH,EQ,2298,1487,64.71
20,1178,LCCINFOTEC,EQ,68641,68624,99.98
20,1179,LEMERITE,SM,8000,8000,100.00
20,1180,LEMONTREE,EQ,6897381,3028939,43.91
20,1181,LFIC,EQ,2030,1304,64.24
20,1182,LGBBROSLTD,EQ,178205,81184,45.56
20,1183,LGBFORGE,EQ,643598,351366,54.59
20,1184,LGHL,SM,2000,2000,100.00
20,1185,LIBAS,EQ,2861262,738263,25.80
20,1186,LIBERTSHOE,EQ,320540,127418,39.75
20,1187,LICHSGFIN,EQ,1321009,611822,46.31
20,1188,LICI,EQ,580132,351231,60.54
20,1189,LICMFGOLD,EQ,204,109,53.43
20,1190,LICNETFGSC,EQ,5411,4168,77.03
20,1191,LICNETFN50,EQ,600,336,56.00
20,1192,LICNETFSEN,EQ,13,9,69.23
20,1193,LICNFNHGP,EQ,110,74,67.27
20,1194,LIKHITHA,EQ,384871,199889,51.94
20,1195,LINC,EQ,123361,37051,30.03
20,1196,LINCOLN,EQ,175986,73580,41.81
20,1197,LINDEINDIA,EQ,55154,38433,69.68
20,1198,LIQUID,EQ,49090,30981,63.11
20,1199,LIQUIDBEES,EQ,3028710,2816406,92.99
20,1200,LIQUIDETF,EQ,143584,109036,75.94
20,1201,LIQUIDSBI,EQ,265,255,96.23
20,1202,LLOYDS,SM,24000,20000,83.33
20,1203,LLOYDSME,EQ,172683,99770,57.78
20,1204,LODHA,EQ,1601646,749304,46.78
20,1205,LOKESHMACH,EQ,114933,62732,54.58
20,1206,LORDSCHLO,EQ,6142,4002,65.16
20,1207,LOTUSEYE,EQ,13266,4265,32.15
20,1208,LOVABLE,EQ,30706,18757,61.09
20,1209,LOWVOL,EQ,43,36,83.72
20,1210,LOYALTEX,EQ,484,258,53.31
20,1211,LRRPL,SM,3000,3000,100.00
20,1212,LT,EQ,1235499,723380,58.55
20,1213,L&TFH,EQ,13088842,3967663,30.31
20,1214,L&TFINANCE,NC,70,50,71.43
20,1215,L&TFINANCE,NE,2,2,100.00
20,1216,L&TFINANCE,NG,10,10,100.00
20,1217,L&TFINANCE,NI,100,100,100.00
20,1218,L&TFINANCE,NU,53,53,100.00
20,1219,L&TFINANCE,NW,9,9,100.00
20,1220,L&TFINANCE,Y5,21,21,100.00
20,1221,L&TFINANCE,Y7,1,1,100.00
20,1222,LTFOODS,EQ,1218329,698702,57.35
20,1223,LTGILTBEES,EQ,547669,458746,83.76
20,1224,LTIM,EQ,155164,81332,52.42
20,1225,LTTS,EQ,75195,44717,59.47
20,1226,LUMAXIND,EQ,6248,3739,59.84
20,1227,LUMAXTECH,EQ,97655,31833,32.60
20,1228,LUPIN,EQ,666171,280389,42.09
20,1229,LUXIND,EQ,103414,51248,49.56
20,1230,LXCHEM,EQ,1314234,442746,33.69
20,1231,LYKALABS,EQ,86819,66189,76.24
20,1232,MAANALU,EQ,150569,115772,76.89
20,1233,MADHAV,EQ,44435,14323,32.23
20,1234,MADHAVBAUG,SM,4000,4000,100.00
20,1235,MADHUCON,EQ,269831,183171,67.88
20,1236,MADHUSUDAN,SM,60000,54000,90.00
20,1237,MADRASFERT,EQ,427565,163751,38.30
20,1238,MAFANG,EQ,517120,397418,76.85
20,1239,MAGADSUGAR,EQ,56363,16873,29.94
20,1240,MAGSON,SM,332000,260000,78.31
20,1241,MAHABANK,EQ,17443349,5382297,30.86
20,1242,MAHAPEXLTD,EQ,92612,70048,75.64
20,1243,MAHASTEEL,EQ,52492,26190,49.89
20,1244,MAHEPC,EQ,38556,19752,51.23
20,1245,MAHESHWARI,EQ,164690,58398,35.46
20,1246,MAHICKRA,SM,7500,6000,80.00
20,1247,MAHKTECH,EQ,2112872,1557607,73.72
20,1248,MAHLIFE,EQ,177086,69929,39.49
20,1249,MAHLOG,EQ,190812,90866,47.62
20,1250,MAHSCOOTER,EQ,2427,1141,47.01
20,1251,MAHSEAMLES,EQ,353701,175653,49.66
20,1252,MAITHANALL,EQ,28405,16721,58.87
20,1253,MAKEINDIA,EQ,9423,8663,91.93
20,1254,MAKS,SM,12000,7500,62.50
20,1255,MAL,SM,43200,28800,66.67
20,1256,MALLCOM,EQ,5369,3490,65.00
20,1257,MALUPAPER,EQ,198715,105966,53.33
20,1258,MANAKALUCO,EQ,52211,34514,66.10
20,1259,MANAKSIA,EQ,73509,31294,42.57
20,1260,MANAKSTEEL,EQ,40541,21984,54.23
20,1261,MANALIPETC,EQ,287218,158407,55.15
20,1262,MANAPPURAM,EQ,5739262,2129507,37.10
20,1263,MANAV,SM,12000,12000,100.00
20,1264,MANGALAM,EQ,56049,19652,35.06
20,1265,MANGCHEFER,EQ,1899022,957483,50.42
20,1266,MANGLMCEM,EQ,138558,59215,42.74
20,1267,MANINDS,EQ,1600886,651797,40.71
20,1268,MANINFRA,EQ,951423,347095,36.48
20,1269,MANKIND,EQ,321321,231623,72.08
20,1270,MANOMAY,EQ,2056,796,38.72
20,1271,MANORAMA,EQ,4810,2557,53.16
20,1272,MANORG,EQ,7098,4237,59.69
20,1273,MANYAVAR,EQ,39291,17284,43.99
20,1274,MAPMYINDIA,EQ,95846,35149,36.67
20,1275,MARALOVER,EQ,34442,22228,64.54
20,1276,MARATHON,EQ,61796,33096,53.56
20,1277,MARCO,SM,261000,192000,73.56
20,1278,MARICO,EQ,870723,543262,62.39
20,1279,MARKSANS,EQ,4948339,1590114,32.13
20,1280,MARSHALL,EQ,35900,35900,100.00
20,1281,MARUTI,EQ,490459,352640,71.90
20,1282,MASFIN,EQ,43977,23311,53.01
20,1283,MASPTOP50,EQ,83455,70800,84.84
20,1284,MASTEK,EQ,29876,16286,54.51
20,1285,MASTER,SM,5000,5000,100.00
20,1286,MATRIMONY,EQ,11743,6687,56.94
20,1287,MAWANASUG,EQ,625133,197422,31.58
20,1288,MAXHEALTH,EQ,1436518,587141,40.87
20,1289,MAXIND,EQ,32007,21199,66.23
20,1290,MAYURUNIQ,EQ,54142,36462,67.35
20,1291,MAZDA,EQ,43952,12570,28.60
20,1292,MAZDOCK,EQ,1337712,257389,19.24
20,1293,MBAPL,EQ,15010,11748,78.27
20,1294,MBLINFRA,EQ,787259,542232,68.88
20,1295,MCDOWELL-N,EQ,562008,315400,56.12
20,1296,MCON,SM,14000,12000,85.71
20,1297,MCX,EQ,1019770,202363,19.84
20,1298,MDL,SM,4000,4000,100.00
20,1299,MEDANTA,EQ,313107,169212,54.04
20,1300,MEDICAMEQ,EQ,18461,11742,63.60
20,1301,MEDICO,EQ,558561,440563,78.87
20,1302,MEDPLUS,EQ,58586,31551,53.85
20,1303,MEGAFLEX,SM,6000,6000,100.00
20,1304,MEGASTAR,EQ,4480,2480,55.36
20,1305,MENONBE,EQ,51049,29125,57.05
20,1306,MEP,EQ,996601,638965,64.11
20,1307,METROBRAND,EQ,126875,47292,37.27
20,1308,METROPOLIS,EQ,1449720,358556,24.73
20,1309,MFSL,EQ,325621,120097,36.88
20,1310,MGEL,EQ,822485,481901,58.59
20,1311,MGL,EQ,338727,205334,60.62
20,1312,MHHL,SM,52500,40500,77.14
20,1313,MHLXMIRU,EQ,172848,90525,52.37
20,1314,MHRIL,EQ,155070,68074,43.90
20,1315,MICEL,EQ,172589,160550,93.02
20,1316,MID150BEES,EQ,289695,200757,69.30
20,1317,MIDCAPETF,EQ,481758,436452,90.60
20,1318,MIDHANI,EQ,499843,171362,34.28
20,1319,MILTON,SM,48400,44000,90.91
20,1320,MINDACORP,EQ,5482019,2630802,47.99
20,1321,MINDSPACE,RR,388722,360316,92.69
20,1322,MINDTECK,EQ,33403,16801,50.30
20,1323,MIRZAINT,EQ,951524,423162,44.47
20,1324,MITCON,EQ,18810,13044,69.35
20,1325,MITTAL,EQ,2119362,1347436,63.58
20,1326,MKPL,EQ,222879,65988,29.61
20,1327,M&M,EQ,1271868,878236,69.05
20,1328,M&MFIN,EQ,2273658,916217,40.30
20,1329,M&MFIN,N2,892,800,89.69
20,1330,MMFL,EQ,15304,9821,64.17
20,1331,MMP,EQ,19321,17638,91.29
20,1332,MMTC,EQ,6805025,2437721,35.82
20,1333,MODISONLTD,EQ,909103,510905,56.20
20,1334,MOGSEC,EQ,31188,30711,98.47
20,1335,MOHEALTH,EQ,7807,6061,77.64
20,1336,MOIL,EQ,1477079,738087,49.97
20,1337,MOL,EQ,688782,361042,52.42
20,1338,MOLDTECH,EQ,231475,140705,60.79
20,1339,MOLDTKPAC,EQ,55545,28448,51.22
20,1340,MOLOWVOL,EQ,17942,16363,91.20
20,1341,MOM100,EQ,90652,56613,62.45
20,1342,MOM50,EQ,1387,1044,75.27
20,1343,MOMENTUM,EQ,49404,41562,84.13
20,1344,MOMOMENTUM,EQ,18105,11026,60.90
20,1345,MON100,EQ,579324,347545,59.99
20,1346,MONARCH,EQ,1379023,76844,5.57
20,1347,MONIFTY500,EQ,226336,181958,80.39
20,1348,MONOPHARMA,SM,52000,48000,92.31
20,1349,MONQ50,EQ,16800,12412,73.88
20,1350,MONTECARLO,EQ,28120,15165,53.93
20,1351,MOQUALITY,EQ,199,140,70.35
20,1352,MORARJEE,EQ,95037,59111,62.20
20,1353,MOREPENLAB,EQ,1880405,936933,49.83
20,1354,MOS,SM,67200,48000,71.43
20,1355,MOTHERSON,EQ,6785261,3684972,54.31
20,1356,MOTILALOFS,EQ,243538,144670,59.40
20,1357,MOVALUE,EQ,11442,7215,63.06
20,1358,MPHASIS,EQ,584057,263279,45.08
20,1359,MPSLTD,EQ,14571,8484,58.23
20,1360,MRF,EQ,7716,2263,29.33
20,1361,MRO-TEK,EQ,20663,6985,33.80
20,1362,MRPL,EQ,5603146,1544367,27.56
20,1363,MSTCLTD,EQ,357964,157387,43.97
20,1364,MSUMI,EQ,8388984,5091855,60.70
20,1365,MTARTECH,EQ,93153,40480,43.46
20,1366,MTNL,EQ,4284170,1331811,31.09
20,1367,MUKANDLTD,EQ,108304,66252,61.17
20,1368,MUNJALAU,EQ,289940,125307,43.22
20,1369,MUNJALSHOW,EQ,55473,32746,59.03
20,1370,MUTHOOTCAP,EQ,48222,30864,64.00
20,1371,MUTHOOTFIN,EQ,197328,65068,32.97
20,1372,MVGJL,EQ,418125,196711,47.05
20,1373,MWL,SM,12000,3600,30.00
20,1374,NABARD,N2,520,520,100.00
20,1375,NACLIND,EQ,163999,92803,56.59
20,1376,NAGAFERT,EQ,1426390,988347,69.29
20,1377,NAGREEKCAP,EQ,88260,47351,53.65
20,1378,NAGREEKEXP,EQ,9781,5306,54.25
20,1379,NAHARCAP,EQ,2726,1532,56.20
20,1380,NAHARINDUS,EQ,31667,14066,44.42
20,1381,NAHARPOLY,EQ,12176,6165,50.63
20,1382,NAHARSPING,EQ,25226,15657,62.07
20,1383,NAM-INDIA,EQ,1566642,668550,42.67
20,1384,NARMADA,EQ,16929,12234,72.27
20,1385,NATCOPHARM,EQ,502693,237321,47.21
20,1386,NATHBIOGEN,EQ,23285,13820,59.35
20,1387,NATIONALUM,EQ,9475512,5065288,53.46
20,1388,NAUKRI,EQ,271944,119836,44.07
20,1389,NAVA,EQ,226738,118129,52.10
20,1390,NAVIFIN,N1,28,28,100.00
20,1391,NAVIFIN,N3,25,25,100.00
20,1392,NAVIFIN,N4,809,609,75.28
20,1393,NAVIFIN,N5,8,8,100.00
20,1394,NAVIFIN,N7,60,60,100.00
20,1395,NAVIFIN,N8,10,10,100.00
20,1396,NAVINFLUOR,EQ,202226,95170,47.06
20,1397,NAVINIFTY,EQ,3405,3005,88.25
20,1398,NAVKARCORP,EQ,991954,567728,57.23
20,1399,NAVNETEDUL,EQ,1493585,433192,29.00
20,1400,NAZARA,EQ,94270,32916,34.92
20,1401,NBCC,EQ,12056333,3752984,31.13
20,1402,NBIFIN,EQ,180,107,59.44
20,1403,NCC,EQ,3455951,1467769,42.47
20,1404,NCLIND,EQ,538603,220892,41.01
20,1405,NDGL,EQ,458,182,39.74
20,1406,NDL,EQ,71077,53791,75.68
20,1407,NDTV,EQ,152511,91794,60.19
20,1408,NECCLTD,EQ,240798,85611,35.55
20,1409,NECLIFE,EQ,295804,162031,54.78
20,1410,NELCAST,EQ,478265,189781,39.68
20,1411,NELCO,EQ,42503,18902,44.47
20,1412,NEOGEN,EQ,30666,12214,39.83
20,1413,NESCO,EQ,38881,19224,49.44
20,1414,NESTLEIND,EQ,74276,48134,64.80
20,1415,NETF,EQ,2640,1593,60.34
20,1416,NETWEB,EQ,81742,50761,62.10
20,1417,NETWORK18,EQ,3207374,1077619,33.60
20,1418,NEULANDLAB,EQ,36198,22197,61.32
20,1419,NEWJAISA,SM,81000,72000,88.89
20,1420,NEXT50,EQ,406,267,65.76
20,1421,NFL,EQ,2274420,962633,42.32
20,1422,NGIL,EQ,14615,8411,57.55
20,1423,NGLFINE,EQ,545,298,54.68
20,1424,NH,EQ,345326,286409,82.94
20,1425,NHAI,N2,2265,2265,100.00
20,1426,NHAI,N4,105,101,96.19
20,1427,NHAI,N6,728,514,70.60
20,1428,NHAI,N8,1517,1515,99.87
20,1429,NHAI,NA,1285,983,76.50
20,1430,NHAI,NC,11,6,54.55
20,1431,NHAI,NE,914,914,100.00
20,1432,NHBTF2014,N4,110,110,100.00
20,1433,NHIT,N1,7053,7053,100.00
20,1434,NHIT,N2,2971,1970,66.31
20,1435,NHIT,N3,227,227,100.00
20,1436,NHPC,EQ,8216930,3904884,47.52
20,1437,NHPC,N5,595,595,100.00
20,1438,NIACL,EQ,559632,239580,42.81
20,1439,NIBL,EQ,25075,14521,57.91
20,1440,NIDAN,SM,18000,16000,88.89
20,1441,NIDO,N5,144,144,100.00
20,1442,NIDO,N6,206,206,100.00
20,1443,NIF100BEES,EQ,10190,7702,75.58
20,1444,NIFMID150,EQ,294,171,58.16
20,1445,NIFTYBEES,EQ,2167020,1352531,62.41
20,1446,NIFTYETF,EQ,43857,36120,82.36
20,1447,NIFTYQLITY,EQ,51400,38360,74.63
20,1448,NIITLTD,EQ,633400,290643,45.89
20,1449,NIITMTS,EQ,100269,65539,65.36
20,1450,NILASPACES,EQ,585806,383300,65.43
20,1451,NILKAMAL,EQ,5279,2274,43.08
20,1452,NINSYS,EQ,3680,2086,56.68
20,1453,NIRMAN,SM,25200,21000,83.33
20,1454,NITCO,EQ,5864832,2444685,41.68
20,1455,NITINSPIN,EQ,94344,44683,47.36
20,1456,NLCINDIA,EQ,2391813,1287021,53.81
20,1457,NMDC,EQ,7589638,2967270,39.10
20,1458,NOCIL,EQ,658232,354799,53.90
20,1459,NOIDATOLL,EQ,4569426,2332446,51.04
20,1460,NPBET,EQ,585,402,68.72
20,1461,NPST,SM,15300,13200,86.27
20,1462,NRAIL,EQ,23361,15725,67.31
20,1463,NRBBEARING,EQ,72172,35787,49.59
20,1464,NRL,EQ,71496,52092,72.86
20,1465,NSIL,EQ,2400,1392,58.00
20,1466,NSLNISP,EQ,4344946,2428547,55.89
20,1467,NTPC,EQ,5338605,3252089,60.92
20,1468,NTPC,N4,315,315,100.00
20,1469,NTPC,N6,66,66,100.00
20,1470,NTPC,N7,113290,94743,83.63
20,1471,NURECA,EQ,122677,31915,26.02
20,1472,NUVAMA,EQ,45477,22174,48.76
20,1473,NUVOCO,EQ,200718,122395,60.98
20,1474,NV20BEES,EQ,33451,28030,83.79
20,1475,NXST,RR,55529,40129,72.27
20,1476,NYKAA,EQ,9728056,5123635,52.67
20,1477,OAL,EQ,20287,13590,66.99
20,1478,OBCL,EQ,130296,69807,53.58
20,1479,OBEROIRLTY,EQ,742375,311470,41.96
20,1480,OCCL,EQ,11940,7108,59.53
20,1481,OFSS,EQ,28210,14968,53.06
20,1482,OIL,EQ,3352889,1364432,40.69
20,1483,OLECTRA,EQ,789322,283505,35.92
20,1484,OLIL,SM,9600,8400,87.50
20,1485,OMAXAUTO,EQ,39781,24010,60.36
20,1486,OMAXE,EQ,959849,451087,47.00
20,1487,ONDOOR,ST,70800,67200,94.92
20,1488,ONELIFECAP,EQ,153124,109144,71.28
20,1489,ONGC,EQ,8962124,4579008,51.09
20,1490,ONMOBILE,EQ,8007077,1897033,23.69
20,1491,ONWARDTEC,EQ,28447,12877,45.27
20,1492,OPTIEMUS,EQ,188732,82899,43.92
20,1493,ORBTEXP,EQ,38799,22234,57.31
20,1494,ORCHPHARMA,EQ,35343,18774,53.12
20,1495,ORIANA,SM,84300,52200,61.92
20,1496,ORICONENT,EQ,946869,653922,69.06
20,1497,ORIENTALTL,EQ,23054,14313,62.08
20,1498,ORIENTBELL,EQ,58632,40108,68.41
20,1499,ORIENTCEM,EQ,2410723,1129045,46.83
20,1500,ORIENTCER,EQ,322949,250953,77.71
20,1501,ORIENTELEC,EQ,196685,83358,42.38
20,1502,ORIENTHOT,EQ,600750,282683,47.06
20,1503,ORIENTPPR,EQ,1018313,511748,50.25
20,1504,ORISSAMINE,EQ,20446,7844,38.36
20,1505,ORTINLAB,EQ,39593,23264,58.76
20,1506,OSIAHYPER,EQ,571085,55403,9.70
20,1507,OSWALAGRO,EQ,64889,39394,60.71
20,1508,OSWALGREEN,EQ,450499,213641,47.42
20,1509,OSWALSEEDS,EQ,93429,47193,50.51
20,1510,PAGEIND,EQ,15699,6167,39.28
20,1511,PAISALO,EQ,1881009,922041,49.02
20,1512,PAKKA,EQ,323905,157269,48.55
20,1513,PALASHSECU,EQ,5405,1033,19.11
20,1514,PALREDTEC,EQ,19107,11637,60.90
20,1515,PANACEABIO,EQ,203948,102926,50.47
20,1516,PANAMAPET,EQ,214601,107371,50.03
20,1517,PAR,EQ,30067,22873,76.07
20,1518,PARADEEP,EQ,1764354,844478,47.86
20,1519,PARAGMILK,EQ,1356434,605628,44.65
20,1520,PARAGON,ST,73200,73200,100.00
20,1521,PARAS,EQ,461360,127577,27.65
20,1522,PARTYCRUS,SM,20000,20000,100.00
20,1523,PASUPTAC,EQ,134932,84548,62.66
20,1524,PATANJALI,EQ,971376,508019,52.30
20,1525,PATELENG,EQ,4160924,2941047,70.68
20,1526,PAVNAIND,EQ,611,281,45.99
20,1527,PAYTM,EQ,3495725,2004282,57.34
20,1528,PCBL,EQ,2641763,1180121,44.67
20,1529,PCHFL,N6,114,114,100.00
20,1530,PCHFL,N8,250,200,80.00
20,1531,PCJEWELLER,EQ,3566020,1654104,46.39
20,1532,PDMJEPAPER,EQ,289334,139420,48.19
20,1533,PDSL,EQ,98029,43247,44.12
20,1534,PEARLPOLY,EQ,59792,38536,64.45
20,1535,PEL,EQ,401860,123333,30.69
20,1536,PENIND,EQ,717482,273844,38.17
20,1537,PENINLAND,EQ,2565645,1562426,60.90
20,1538,PENTAGOLD,SZ,4800,4800,100.00
20,1539,PENTAGON,SM,9000,9000,100.00
20,1540,PERFECT,SM,24000,18000,75.00
20,1541,PERSISTENT,EQ,354427,111823,31.55
20,1542,PETRONET,EQ,11291751,5224616,46.27
20,1543,PFC,EQ,15066704,8047724,53.41
20,1544,PFC,N5,300,300,100.00
20,1545,PFC,N8,187,187,100.00
20,1546,PFIZER,EQ,15837,5858,36.99
20,1547,PFOCUS,EQ,431068,227649,52.81
20,1548,PFS,EQ,8957602,3507904,39.16
20,1549,PGEL,EQ,30048,20405,67.91
20,1550,PGHH,EQ,2935,1325,45.14
20,1551,PGHL,EQ,5105,2645,51.81
20,1552,PGINVIT,IV,754916,621841,82.37
20,1553,PHANTOMFX,SM,90000,72900,81.00
20,1554,PHARMABEES,EQ,1090972,671600,61.56
20,1555,PHOENIXLTD,EQ,192866,94148,48.82
20,1556,PIDILITIND,EQ,325475,114995,35.33
20,1557,PIIND,EQ,335423,144017,42.94
20,1558,PILANIINVS,EQ,2381,1547,64.97
20,1559,PILITA,EQ,299588,225194,75.17
20,1560,PITTIENG,EQ,61190,25951,42.41
20,1561,PIXTRANS,EQ,11654,5694,48.86
20,1562,PLADAINFO,SM,24000,15000,62.50
20,1563,PLASTIBLEN,EQ,37936,19384,51.10
20,1564,PLAZACABLE,EQ,49169,49169,100.00
20,1565,PNB,EQ,22781133,6089233,26.73
20,1566,PNBGILTS,EQ,1409676,616607,43.74
20,1567,PNBHOUSING,EQ,327045,138330,42.30
20,1568,PNC,EQ,116138,54507,46.93
20,1569,PNCINFRA,EQ,366753,204971,55.89
20,1570,POCL,EQ,84656,27253,32.19
20,1571,PODDARMENT,EQ,64996,29021,44.65
20,1572,POKARNA,EQ,110499,47180,42.70
20,1573,POLICYBZR,EQ,3307284,2179643,65.90
20,1574,POLYCAB,EQ,613383,292837,47.74
20,1575,POLYMED,EQ,179616,69330,38.60
20,1576,POLYPLEX,EQ,82735,32391,39.15
20,1577,PONNIERODE,EQ,627305,216851,34.57
20,1578,POONAWALLA,EQ,3766599,2086391,55.39
20,1579,POWERGRID,EQ,9804415,6798288,69.34
20,1580,POWERINDIA,EQ,12029,4986,41.45
20,1581,POWERMECH,EQ,68131,37080,54.42
20,1582,PPAP,EQ,13370,9047,67.67
20,1583,PPL,EQ,125327,77112,61.53
20,1584,PPLPHARMA,EQ,14099282,5350265,37.95
20,1585,PRAJIND,EQ,533260,238697,44.76
20,1586,PRAMARA,SM,4000,4000,100.00
20,1587,PRECAM,EQ,69420,37756,54.39
20,1588,PRECOT,EQ,2178,1576,72.36
20,1589,PRECWIRE,EQ,228595,112644,49.28
20,1590,PRESTIGE,EQ,1474546,760087,51.55
20,1591,PRICOLLTD,EQ,339403,159557,47.01
20,1592,PRIMESECU,EQ,17476,9022,51.63
20,1593,PRINCEPIPE,EQ,210582,93464,44.38
20,1594,PRITI,EQ,97014,69880,72.03
20,1595,PRITIKA,SM,24000,22000,91.67
20,1596,PRIVISCL,EQ,171253,60407,35.27
20,1597,PROLIFE,SM,1000,1000,100.00
20,1598,PROPEQUITY,SM,40800,34800,85.29
20,1599,PROV,SM,480,480,100.00
20,1600,PROZONER,EQ,1275163,754144,59.14
20,1601,PRSMJOHNSN,EQ,1198357,555367,46.34
20,1602,PRUDENT,EQ,40371,25266,62.58
20,1603,PSB,EQ,3633594,1301131,35.81
20,1604,PSPPROJECT,EQ,207913,69795,33.57
20,1605,PSUBANKICI,EQ,59852,37506,62.66
20,1606,PSUBNKBEES,EQ,1101487,640385,58.14
20,1607,PTC,EQ,2481032,1290634,52.02
20,1608,PTCIL,EQ,1323,861,65.08
20,1609,PTL,EQ,193222,111923,57.92
20,1610,PULZ,SM,76000,62000,81.58
20,1611,PUNJABCHEM,EQ,8710,4729,54.29
20,1612,PURVA,EQ,2242346,625360,27.89
20,1613,PVRINOX,EQ,252346,72008,28.54
20,1614,PYRAMID,EQ,374443,153083,40.88
20,1615,QFIL,SM,5000,5000,100.00
20,1616,QGOLDHALF,EQ,42915,15804,36.83
20,1617,QMSMEDI,SM,20000,18000,90.00
20,1618,QNIFTY,EQ,318,259,81.45
20,1619,QUADPRO,SM,24000,24000,100.00
20,1620,QUESS,EQ,121362,50725,41.80
20,1621,QUICKHEAL,EQ,168261,57724,34.31
20,1622,QUICKTOUCH,SM,28500,28000,98.25
20,1623,RACE,EQ,6779,3863,56.98
20,1624,RADHIKAJWE,EQ,2862859,1344627,46.97
20,1625,RADIANTCMS,EQ,842665,590291,70.05
20,1626,RADICO,EQ,266846,137654,51.59
20,1627,RADIOCITY,EQ,1137859,616354,54.17
20,1628,RADIOCITY,P1,9184,9174,99.89
20,1629,RAILTEL,EQ,11410311,3239930,28.39
20,1630,RAIN,EQ,724559,382381,52.77
20,1631,RAINBOW,EQ,104410,60312,57.76
20,1632,RAJESHEXPO,EQ,329771,173081,52.49
20,1633,RAJRATAN,EQ,34756,19965,57.44
20,1634,RAJTV,EQ,11650,6034,51.79
20,1635,RALLIS,EQ,460078,248563,54.03
20,1636,RAMANEWS,EQ,814688,75122,9.22
20,1637,RAMAPHO,EQ,7656,4792,62.59
20,1638,RAMASTEEL,EQ,7453299,2357692,31.63
20,1639,RAMCOCEM,EQ,563962,331648,58.81
20,1640,RAMCOIND,EQ,279712,131472,47.00
20,1641,RAMCOSYS,EQ,58425,35337,60.48
20,1642,RAMKY,EQ,261930,154757,59.08
20,1643,RAMRAT,EQ,39562,20714,52.36
20,1644,RANASUG,EQ,5193891,2138287,41.17
20,1645,RANEENGINE,EQ,9096,6790,74.65
20,1646,RANEHOLDIN,EQ,8715,4569,52.43
20,1647,RATEGAIN,EQ,467749,222683,47.61
20,1648,RATNAMANI,EQ,52671,23928,45.43
20,1649,RATNAVEER,EQ,289064,157672,54.55
20,1650,RAYMOND,EQ,286289,94747,33.09
20,1651,RBA,EQ,4195775,1429376,34.07
20,1652,RBL,EQ,29552,14806,50.10
20,1653,RBLBANK,EQ,4952285,1761287,35.57
20,1654,RBMINFRA,SM,92000,65000,70.65
20,1655,RCDL,ST,324000,315000,97.22
20,1656,RCF,EQ,1981017,715531,36.12
20,1657,RECLTD,EQ,9262299,3799392,41.02
20,1658,RECLTD,N2,500,500,100.00
20,1659,RECLTD,N9,927,827,89.21
20,1660,RECLTD,NH,10,10,100.00
20,1661,REDINGTON,EQ,690315,391236,56.67
20,1662,REDTAPE,EQ,186080,94229,50.64
20,1663,REFEX,EQ,69949,41436,59.24
20,1664,RELAXO,EQ,58829,32747,55.66
20,1665,RELCHEMQ,EQ,109167,25299,23.17
20,1666,RELIANCE,EQ,5323652,3982611,74.81
20,1667,RELIGARE,EQ,349102,209707,60.07
20,1668,REMUS,SM,475,350,73.68
20,1669,RENUKA,EQ,28927159,6883252,23.80
20,1670,REPCOHOME,EQ,387130,207672,53.64
20,1671,REPL,EQ,95061,50467,53.09
20,1672,REPRO,EQ,36439,24704,67.80
20,1673,RESPONIND,EQ,151875,61211,40.30
20,1674,RGL,EQ,266593,113700,42.65
20,1675,RHIM,EQ,455900,223017,48.92
20,1676,RHL,EQ,8691,6268,72.12
20,1677,RICOAUTO,EQ,447646,198164,44.27
20,1678,RIIL,EQ,359089,100544,28.00
20,1679,RILINFRA,SM,3000,2500,83.33
20,1680,RISHABH,EQ,115710,51184,44.23
20,1681,RITES,EQ,755798,262804,34.77
20,1682,RITEZONE,SM,3200,3200,100.00
20,1683,RKEC,EQ,151119,69179,45.78
20,1684,RKFORGE,EQ,457936,273136,59.65
20,1685,RMDRIP,SM,22000,20000,90.91
20,1686,RML,EQ,15838,6712,42.38
20,1687,ROHLTD,EQ,11947,7402,61.96
20,1688,ROLEXRINGS,EQ,6602,3228,48.89
20,1689,ROML,EQ,3697,1564,42.30
20,1690,ROSSARI,EQ,53207,28541,53.64
20,1691,ROSSELLIND,EQ,140544,36837,26.21
20,1692,ROTO,EQ,91515,46967,51.32
20,1693,ROUTE,EQ,64054,37439,58.45
20,1694,RPGLIFE,EQ,30421,12365,40.65
20,1695,RPOWER,EQ,259712325,65006548,25.03
20,1696,RPPL,EQ,52925,39456,74.55
20,1697,RPSGVENT,EQ,102310,60270,58.91
20,1698,RRKABEL,EQ,217734,94578,43.44
20,1699,RSWM,EQ,35522,22029,62.02
20,1700,RSYSTEMS,EQ,41105,24566,59.76
20,1701,RTNINDIA,EQ,8127433,2883237,35.48
20,1702,RTNPOWER,EQ,74060806,35735961,48.25
20,1703,RUBYMILLS,EQ,23694,12218,51.57
20,1704,RUCHIRA,EQ,204668,113427,55.42
20,1705,RUPA,EQ,473940,201129,42.44
20,1706,RUSHIL,EQ,220796,128457,58.18
20,1707,RUSTOMJEE,EQ,12901,7688,59.59
20,1708,RVNL,EQ,9802051,3488718,35.59
20,1709,SAAKSHI,SM,76800,58800,76.56
20,1710,SADHNANIQ,EQ,2637703,999743,37.90
20,1711,SAFARI,EQ,32625,10674,32.72
20,1712,SAGARDEEP,EQ,54748,27464,50.16
20,1713,SAGCEM,EQ,203890,95173,46.68
20,1714,SAH,EQ,306829,108522,35.37
20,1715,SAHAJ,SM,16000,16000,100.00
20,1716,SAHANA,SM,5000,5000,100.00
20,1717,SAHYADRI,EQ,31553,18518,58.69
20,1718,SAIL,EQ,11705948,4957930,42.35
20,1719,SAKAR,EQ,90683,43833,48.34
20,1720,SAKHTISUG,EQ,3959762,1368004,34.55
20,1721,SAKSOFT,EQ,305170,147982,48.49
20,1722,SALASAR,EQ,554248,264889,47.79
20,1723,SALONA,EQ,1631,1229,75.35
20,1724,SALSTEEL,EQ,340556,210121,61.70
20,1725,SALZERELEC,EQ,359350,184706,51.40
20,1726,SAMHI,EQ,448042,245693,54.84
20,1727,SAMPANN,EQ,33905,25147,74.17
20,1728,SANDESH,EQ,2258,1448,64.13
20,1729,SANDHAR,EQ,62387,37336,59.85
20,1730,SANDUMA,EQ,59622,36908,61.90
20,1731,SANGAMIND,EQ,28810,12830,44.53
20,1732,SANGANI,SM,12000,12000,100.00
20,1733,SANGHVIMOV,EQ,181906,102892,56.56
20,1734,SANGINITA,EQ,117561,52264,44.46
20,1735,SANOFI,EQ,33616,24940,74.19
20,1736,SANSERA,EQ,208774,139877,67.00
20,1737,SAPPHIRE,EQ,122036,95210,78.02
20,1738,SARDAEN,EQ,213960,136537,63.81
20,1739,SAREGAMA,EQ,310177,170589,55.00
20,1740,SARLAPOLY,EQ,77657,45962,59.19
20,1741,SAROJA,SM,3200,3200,100.00
20,1742,SASKEN,EQ,22065,7743,35.09
20,1743,SASTASUNDR,EQ,242972,128932,53.06
20,1744,SATIA,EQ,1261080,725382,57.52
20,1745,SATIN,EQ,622666,269442,43.27
20,1746,SATINDLTD,EQ,595780,295312,49.57
20,1747,SBC,EQ,1372324,540939,39.42
20,1748,SBCL,EQ,162214,96063,59.22
20,1749,SBFC,EQ,1548093,701312,45.30
20,1750,SBGLP,EQ,94784,34680,36.59
20,1751,SBICARD,EQ,1373751,833828,60.70
20,1752,SBIETFCON,EQ,1941,1165,60.02
20,1753,SBIETFIT,EQ,11485,7823,68.11
20,1754,SBIETFPB,EQ,1554,1371,88.22
20,1755,SBIETFQLTY,EQ,687,363,52.84
20,1756,SBILIFE,EQ,377106,210447,55.81
20,1757,SBIN,EQ,16499138,8523583,51.66
20,1758,SCHAEFFLER,EQ,129091,86261,66.82
20,1759,SCHAND,EQ,43613,22034,50.52
20,1760,SCHNEIDER,EQ,333110,148295,44.52
20,1761,SCI,EQ,3452295,1409252,40.82
20,1762,SCML,SM,264000,208000,78.79
20,1763,SCPL,EQ,223668,111883,50.02
20,1764,SDBL,EQ,264955,150674,56.87
20,1765,SDL24BEES,EQ,246,226,91.87
20,1766,SDL26BEES,EQ,2831,2637,93.15
20,1767,SEAMECLTD,EQ,85962,55334,64.37
20,1768,SECL,SM,68750,68750,100.00
20,1769,SECMARK,EQ,1906,899,47.17
20,1770,SECURCRED,EQ,107299,72260,67.34
20,1771,SECURKLOUD,EQ,31880,19995,62.72
20,1772,SEL,SM,4000,4000,100.00
20,1773,SELAN,EQ,65824,27705,42.09
20,1774,SENCO,EQ,1153815,461438,39.99
20,1775,SENSEXETF,EQ,5543,3965,71.53
20,1776,SEPC,EQ,18615764,11175662,60.03
20,1777,SEQUENT,EQ,1414274,483097,34.16
20,1778,SESHAPAPER,EQ,222400,112209,50.45
20,1779,SETF10GILT,EQ,16779,16764,99.91
20,1780,SETFGOLD,EQ,532708,307942,57.81
20,1781,SETFNIF50,EQ,142940,82997,58.06
20,1782,SETFNIFBK,EQ,98731,90325,91.49
20,1783,SETFNN50,EQ,9367,6816,72.77
20,1784,SFL,EQ,32120,17252,53.71
20,1785,SGBAPR28I,GB,109,103,94.50
20,1786,SGBAUG24,GB,135,86,63.70
20,1787,SGBAUG27,GB,54,54,100.00
20,1788,SGBAUG28V,GB,1315,1166,88.67
20,1789,SGBAUG29V,GB,64,61,95.31
20,1790,SGBAUG30,GB,252,194,76.98
20,1791,SGBD29VIII,GB,204,163,79.90
20,1792,SGBDC27VII,GB,20,10,50.00
20,1793,SGBDE30III,GB,350,282,80.57
20,1794,SGBDEC25,GB,1,1,100.00
20,1795,SGBFEB24,GB,216,169,78.24
20,1796,SGBFEB27,GB,1,1,100.00
20,1797,SGBFEB28IX,GB,5,5,100.00
20,1798,SGBFEB29XI,GB,159,98,61.64
20,1799,SGBJ28VIII,GB,14,14,100.00
20,1800,SGBJAN27,GB,127,127,100.00
20,1801,SGBJAN29IX,GB,62,47,75.81
20,1802,SGBJAN29X,GB,49,39,79.59
20,1803,SGBJAN30IX,GB,133,90,67.67
20,1804,SGBJU29III,GB,77,48,62.34
20,1805,SGBJUL25,GB,203,193,95.07
20,1806,SGBJUL27,GB,21,21,100.00
20,1807,SGBJUL28IV,GB,261,239,91.57
20,1808,SGBJUL29IV,GB,45,39,86.67
20,1809,SGBJUN27,GB,1,1,100.00
20,1810,SGBJUN28,GB,162,120,74.07
20,1811,SGBJUN29II,GB,247,170,68.83
20,1812,SGBJUN30,GB,268,195,72.76
20,1813,SGBJUN31I,GB,1310,1045,79.77
20,1814,SGBMAR24,GB,52,50,96.15
20,1815,SGBMAR25,GB,118,85,72.03
20,1816,SGBMAR30X,GB,41,31,75.61
20,1817,SGBMAR31IV,GB,702,478,68.09
20,1818,SGBMAY25,GB,10,10,100.00
20,1819,SGBMAY26,GB,2,2,100.00
20,1820,SGBMAY28,GB,291,245,84.19
20,1821,SGBMAY29I,GB,264,228,86.36
20,1822,SGBMR29XII,GB,440,305,69.32
20,1823,SGBN28VIII,GB,110,90,81.82
20,1824,SGBNOV23,GB,38,38,100.00
20,1825,SGBNOV24,GB,58,56,96.55
20,1826,SGBNOV25,GB,2,2,100.00
20,1827,SGBNOV25VI,GB,1,1,100.00
20,1828,SGBNV29VII,GB,624,613,98.24
20,1829,SGBOC28VII,GB,433,379,87.53
20,1830,SGBOCT25,GB,3,2,66.67
20,1831,SGBOCT25IV,GB,18,18,100.00
20,1832,SGBOCT26,GB,53,51,96.23
20,1833,SGBOCT27,GB,19,19,100.00
20,1834,SGBOCT27VI,GB,5,5,100.00
20,1835,SGBSEP24,GB,7,4,57.14
20,1836,SGBSEP27,GB,15,15,100.00
20,1837,SGBSEP28VI,GB,224,177,79.02
20,1838,SGBSEP29VI,GB,312,287,91.99
20,1839,SGBSEP31II,GB,3233,2813,87.01
20,1840,SHAH,EQ,464547,400427,86.20
20,1841,SHAILY,EQ,6905,3630,52.57
20,1842,SHAKTIPUMP,EQ,334668,121854,36.41
20,1843,SHALBY,EQ,640397,254394,39.72
20,1844,SHALPAINTS,EQ,109243,59475,54.44
20,1845,SHANKARA,EQ,46004,24057,52.29
20,1846,SHANTHALA,ST,238800,216000,90.45
20,1847,SHANTI,EQ,44248,29797,67.34
20,1848,SHANTIGEAR,EQ,37299,18771,50.33
20,1849,SHARDACROP,EQ,38289,22156,57.87
20,1850,SHARDAMOTR,EQ,23110,11305,48.92
20,1851,SHAREINDIA,EQ,268514,148968,55.48
20,1852,SHAREINDIA,W1,2885,2883,99.93
20,1853,SHARIABEES,EQ,8514,7621,89.51
20,1854,SHEMAROO,EQ,77466,38875,50.18
20,1855,SHERA,SM,63000,51000,80.95
20,1856,SHIGAN,SM,6000,6000,100.00
20,1857,SHILPAMED,EQ,155062,71590,46.17
20,1858,SHIVALIK,EQ,8289,4994,60.25
20,1859,SHIVAMILLS,EQ,8853,3768,42.56
20,1860,SHIVATEX,EQ,6673,4687,70.24
20,1861,SHK,EQ,1381257,520335,37.67
20,1862,SHOPERSTOP,EQ,22007,10757,48.88
20,1863,SHRADHA,EQ,19951,9953,49.89
20,1864,SHREDIGCEM,EQ,344337,207249,60.19
20,1865,SHREECEM,EQ,20370,9969,48.94
20,1866,SHREEPUSHK,EQ,71358,37647,52.76
20,1867,SHRENIK,EQ,2482970,2093560,84.32
20,1868,SHREYAS,EQ,36090,19565,54.21
20,1869,SHRIPISTON,EQ,66956,59555,88.95
20,1870,SHRIRAMFIN,EQ,1126831,580589,51.52
20,1871,SHRIRAMFIN,YL,30,30,100.00
20,1872,SHRIRAMFIN,YS,110,110,100.00
20,1873,SHRIRAMFIN,YV,20,20,100.00
20,1874,SHRIRAMFIN,YY,55,55,100.00
20,1875,SHRIRAMFIN,YZ,49,20,40.82
20,1876,SHRIRAMFIN,Z2,30,30,100.00
20,1877,SHRIRAMFIN,Z4,60,30,50.00
20,1878,SHRIRAMFIN,Z9,100,100,100.00
20,1879,SHRIRAMFIN,ZH,50,50,100.00
20,1880,SHRIRAMFIN,ZI,129,129,100.00
20,1881,SHRIRAMFIN,ZK,25,25,100.00
20,1882,SHRIRAMPPS,EQ,8147518,3198483,39.26
20,1883,SHRITECH,SM,72000,40000,55.56
20,1884,SHUBHLAXMI,SM,16000,12000,75.00
20,1885,SHYAMCENT,EQ,458602,273552,59.65
20,1886,SHYAMMETL,EQ,420416,266960,63.50
20,1887,SHYAMTEL,EQ,657,657,100.00
20,1888,SIDDHIKA,SM,3000,3000,100.00
20,1889,SIEMENS,EQ,449246,239582,53.33
20,1890,SIGACHI,EQ,1296454,793827,61.23
20,1891,SIGMA,EQ,18801,8676,46.15
20,1892,SIGNATURE,EQ,272117,159535,58.63
20,1893,SIKKO,EQ,105491,30427,28.84
20,1894,SILGO,EQ,177980,101091,56.80
20,1895,SILINV,EQ,17123,8921,52.10
20,1896,SILLYMONKS,EQ,35176,26836,76.29
20,1897,SILVER,EQ,47040,42135,89.57
20,1898,SILVERBEES,EQ,3077508,2596139,84.36
20,1899,SILVERETF,EQ,35478,26604,74.99
20,1900,SILVERTUC,EQ,2270,939,41.37
20,1901,SILVRETF,EQ,1452,1434,98.76
20,1902,SIMBHALS,EQ,701634,324103,46.19
20,1903,SIRCA,EQ,58629,35093,59.86
20,1904,SIS,EQ,26962,14463,53.64
20,1905,SIYSIL,EQ,155404,81620,52.52
20,1906,SJS,EQ,77846,43727,56.17
20,1907,SJVN,EQ,20267823,6912900,34.11
20,1908,SKFINDIA,EQ,10302,4464,43.33
20,1909,SKIPPER,EQ,255368,141535,55.42
20,1910,SKMEGGPROD,EQ,106644,69022,64.72
20,1911,SKP,SM,17000,16000,94.12
20,1912,SKYGOLD,EQ,80618,39258,48.70
20,1913,SMARTLINK,EQ,5805,3694,63.63
20,1914,SMCGLOBAL,EQ,311847,196882,63.13
20,1915,SMLISUZU,EQ,84348,27726,32.87
20,1916,SMLT,EQ,15595,9392,60.22
20,1917,SMSLIFE,EQ,1191,922,77.41
20,1918,SMSPHARMA,EQ,51026,31757,62.24
20,1919,SMVD,SM,8080,8080,100.00
20,1920,SNOWMAN,EQ,4325853,1558022,36.02
20,1921,SOBHA,EQ,1010562,321165,31.78
20,1922,SOLARA,EQ,183586,75299,41.02
20,1923,SOLARINDS,EQ,39413,12945,32.84
20,1924,SOLEX,SM,6600,5600,84.85
20,1925,SOMANYCERA,EQ,30906,23120,74.81
20,1926,SONACOMS,EQ,580483,367005,63.22
20,1927,SONATSOFTW,EQ,518034,330044,63.71
20,1928,SONUINFRA,SM,18000,18000,100.00
20,1929,SOTL,EQ,120075,70778,58.94
20,1930,SOUTHBANK,EQ,25208441,10405646,41.28
20,1931,SOUTHWEST,EQ,409820,215249,52.52
20,1932,SPAL,EQ,58598,15438,26.35
20,1933,SPANDANA,EQ,357181,147160,41.20
20,1934,SPARC,EQ,798771,190057,23.79
20,1935,SPCENET,EQ,2354826,1526029,64.80
20,1936,SPECIALITY,EQ,49749,27936,56.15
20,1937,SPECTRUM,SM,3000,3000,100.00
20,1938,SPECTSTM,SM,68000,55200,81.18
20,1939,SPENCERS,EQ,128141,52745,41.16
20,1940,SPIC,EQ,434154,213104,49.08
20,1941,SPLIL,EQ,64870,31866,49.12
20,1942,SPLPETRO,EQ,167625,61158,36.49
20,1943,SPORTKING,EQ,4875,2442,50.09
20,1944,SPRL,SM,1600,1600,100.00
20,1945,SREEL,EQ,7876,4377,55.57
20,1946,SRF,EQ,845207,479444,56.73
20,1947,SRGHFL,EQ,6255,4406,70.44
20,1948,SRHHYPOLTD,EQ,12421,7657,61.65
20,1949,SRIVASAVI,SM,18000,14000,77.78
20,1950,SSFL,SM,13000,13000,100.00
20,1951,SSINFRA,SZ,3000,3000,100.00
20,1952,SSWL,EQ,256150,132413,51.69
20,1953,STAR,EQ,533667,208598,39.09
20,1954,STARCEMENT,EQ,234287,82310,35.13
20,1955,STARHEALTH,EQ,298806,182460,61.06
20,1956,STARPAPER,EQ,133158,67446,50.65
20,1957,STARTECK,EQ,156959,51298,32.68
20,1958,STCINDIA,EQ,182023,71520,39.29
20,1959,STEELCAS,EQ,68598,28792,41.97
20,1960,STEELCITY,EQ,33749,12248,36.29
20,1961,STEELXIND,EQ,1381147,942306,68.23
20,1962,STERTOOLS,EQ,26855,14457,53.83
20,1963,STLTECH,EQ,1307085,713949,54.62
20,1964,STOVEKRAFT,EQ,78231,36561,46.73
20,1965,STYLAMIND,EQ,90537,29583,32.68
20,1966,STYRENIX,EQ,41397,25233,60.95
20,1967,SUBEXLTD,EQ,3526708,1424261,40.38
20,1968,SUBROS,EQ,95780,51038,53.29
20,1969,SUDARSCHEM,EQ,233343,94080,40.32
20,1970,SUKHJITS,EQ,16470,10686,64.88
20,1971,SULA,EQ,95490,46807,49.02
20,1972,SUMICHEM,EQ,170950,102945,60.22
20,1973,SUMIT,EQ,87482,12780,14.61
20,1974,SUMMITSEC,EQ,8180,4886,59.73
20,1975,SUNDARMFIN,EQ,26073,10411,39.93
20,1976,SUNDARMHLD,EQ,1257960,505944,40.22
20,1977,SUNDRMFAST,EQ,64552,29974,46.43
20,1978,SUNFLAG,EQ,207634,95514,46.00
20,1979,SUNPHARMA,EQ,1428537,1027858,71.95
20,1980,SUNTECK,EQ,134369,59360,44.18
20,1981,SUNTV,EQ,512872,190278,37.10
20,1982,SUPERHOUSE,EQ,5981,3639,60.84
20,1983,SUPRAJIT,EQ,102329,51293,50.13
20,1984,SUPREMEIND,EQ,93111,28520,30.63
20,1985,SUPRIYA,EQ,279080,112804,40.42
20,1986,SURANASOL,EQ,1047209,502314,47.97
20,1987,SURANAT&P,EQ,445562,354088,79.47
20,1988,SURANI,SM,8400,7600,90.48
20,1989,SURYALAXMI,EQ,63067,12258,19.44
20,1990,SURYAROSNI,EQ,300518,167582,55.76
20,1991,SURYODAY,EQ,278379,130753,46.97
20,1992,SUTLEJTEX,EQ,1690265,772681,45.71
20,1993,SUVEN,EQ,1139598,668889,58.70
20,1994,SUVENPHAR,EQ,143915,80892,56.21
20,1995,SWANENERGY,EQ,2490272,1118919,44.93
20,1996,SWARAJ,SM,14000,13000,92.86
20,1997,SWARAJENG,EQ,4829,2873,59.49
20,1998,SWASTIK,SM,7200,7200,100.00
20,1999,SWELECTES,EQ,42284,25722,60.83
20,2000,SYMPHONY,EQ,24137,11830,49.01
20,2001,SYNCOMF,EQ,5837516,3165237,54.22
20,2002,SYNGENE,EQ,871542,574147,65.88
20,2003,SYNOPTICS,SM,9600,8400,87.50
20,2004,SYRMA,EQ,2612108,856565,32.79
20,2005,SYSTANGO,SM,58400,46800,80.14
20,2006,TAINWALCHM,EQ,10057,8314,82.67
20,2007,TAJGVK,EQ,64114,29551,46.09
20,2008,TALBROAUTO,EQ,275119,156397,56.85
20,2009,TANLA,EQ,399420,165824,41.52
20,2010,TARACHAND,SM,101000,70000,69.31
20,2011,TARC,EQ,949290,592751,62.44
20,2012,TARMAT,EQ,63647,34915,54.86
20,2013,TARSONS,EQ,34504,15664,45.40
20,2014,TASTYBITE,EQ,3313,2329,70.30
20,2015,TATACHEM,EQ,400869,150488,37.54
20,2016,TATACOFFEE,EQ,601062,222540,37.02
20,2017,TATACOMM,EQ,737712,411695,55.81
20,2018,TATACONSUM,EQ,742374,437358,58.91
20,2019,TATAELXSI,EQ,231690,117325,50.64
20,2020,TATAINVEST,EQ,70728,22582,31.93
20,2021,TATAMETALI,EQ,35828,16692,46.59
20,2022,TATAMOTORS,EQ,10801301,6419534,59.43
20,2023,TATAMTRDVR,EQ,1917906,1195702,62.34
20,2024,TATAPOWER,EQ,9389448,3701562,39.42
20,2025,TATASTEEL,EQ,27883152,15032425,53.91
20,2026,TATASTLLP,EQ,64414,42067,65.31
20,2027,TATVA,EQ,17708,10022,56.60
20,2028,TBZ,EQ,1910806,723659,37.87
20,2029,TCFSL,NF,188,113,60.11
20,2030,TCFSL,NJ,251,163,64.94
20,2031,TCFSL,NL,37,37,100.00
20,2032,TCI,EQ,362772,133567,36.82
20,2033,TCIEXP,EQ,14071,6255,44.45
20,2034,TCNSBRANDS,EQ,98979,40164,40.58
20,2035,TCPLPACK,EQ,5542,3261,58.84
20,2036,TCS,EQ,1099852,864446,78.60
20,2037,TDPOWERSYS,EQ,148137,82063,55.40
20,2038,TEAMLEASE,EQ,7726,2713,35.12
20,2039,TECH,EQ,31961,27467,85.94
20,2040,TECHM,EQ,572330,248670,43.45
20,2041,TECHNOE,EQ,110292,45517,41.27
20,2042,TEGA,EQ,106616,44515,41.75
20,2043,TEJASNET,EQ,165481,61247,37.01
20,2044,TEMBO,EQ,37613,8106,21.55
20,2045,TERASOFT,EQ,32201,22362,69.45
20,2046,TEXINFRA,EQ,4829653,2680447,55.50
20,2047,TEXRAIL,EQ,2180616,1033123,47.38
20,2048,TFCILTD,EQ,1871152,891976,47.67
20,2049,TFL,EQ,79192,55115,69.60
20,2050,TGBHOTELS,EQ,757456,493806,65.19
20,2051,THANGAMAYL,EQ,40243,24309,60.41
20,2052,THEINVEST,EQ,24891,19250,77.34
20,2053,THEJO,EQ,3767,2802,74.38
20,2054,THEMISMED,EQ,366113,230632,62.99
20,2055,THERMAX,EQ,101956,49816,48.86
20,2056,THYROCARE,EQ,32503,14736,45.34
20,2057,TI,EQ,4613441,1345259,29.16
20,2058,TIDEWATER,EQ,78835,39261,49.80
20,2059,TIIL,EQ,35214,19965,56.70
20,2060,TIINDIA,EQ,126565,73682,58.22
20,2061,TIJARIA,EQ,9497,8619,90.75
20,2062,TIMESCAN,SM,5000,3000,60.00
20,2063,TIMESGTY,EQ,48040,3258,6.78
20,2064,TIMETECHNO,EQ,1238397,465957,37.63
20,2065,TIMKEN,EQ,96460,86115,89.28
20,2066,TINPLATE,EQ,229090,121517,53.04
20,2067,TIPSFILMS,EQ,12458,8050,64.62
20,2068,TIPSINDLTD,EQ,203633,82884,40.70
20,2069,TIRUMALCHM,EQ,589722,301099,51.06
20,2070,TIRUPATI,SM,1500,1500,100.00
20,2071,TITAGARH,EQ,1703070,663599,38.96
20,2072,TITAN,EQ,1137606,633644,55.70
20,2073,TMB,EQ,123541,76468,61.90
20,2074,TNIDETF,EQ,21842,19113,87.51
20,2075,TNPETRO,EQ,168988,82982,49.11
20,2076,TNPL,EQ,296779,156295,52.66
20,2077,TOKYOPLAST,EQ,13884,7134,51.38
20,2078,TORNTPHARM,EQ,221392,137990,62.33
20,2079,TORNTPOWER,EQ,118080,48558,41.12
20,2080,TOTAL,EQ,11267,5384,47.79
20,2081,TOUCHWOOD,EQ,3471,2222,64.02
20,2082,TPLPLASTEH,EQ,2257796,616284,27.30
20,2083,TRACXN,EQ,3039475,1428961,47.01
20,2084,TRANSTEEL,ST,2862000,2862000,100.00
20,2085,TRANSWIND,SM,20000,20000,100.00
20,2086,TREEHOUSE,EQ,47969,42653,88.92
20,2087,TREL,EQ,949211,529416,55.77
20,2088,TRENT,EQ,537580,225078,41.87
20,2089,TRF,EQ,160896,61517,38.23
20,2090,TRIDENT,EQ,3666370,1767405,48.21
20,2091,TRIGYN,EQ,113787,52495,46.13
20,2092,TRIL,EQ,1582039,735918,46.52
20,2093,TRITURBINE,EQ,587148,273260,46.54
20,2094,TRIVENI,EQ,548576,139661,25.46
20,2095,TRU,EQ,1043225,333391,31.96
20,2096,TTKHLTCARE,EQ,11859,7600,64.09
20,2097,TTKPRESTIG,EQ,36431,18915,51.92
20,2098,TTL,EQ,21321,11960,56.09
20,2099,TTML,EQ,4395316,1442727,32.82
20,2100,TV18BRDCST,EQ,8570986,2514301,29.34
20,2101,TVSELECT,EQ,37460,13076,34.91
20,2102,TVSHLTD,EQ,16778,14243,84.89
20,2103,TVSHLTD,P1,18732,18732,100.00
20,2104,TVSMOTOR,EQ,505748,196529,38.86
20,2105,TVSSCS,EQ,1182397,640045,54.13
20,2106,TVSSRICHAK,EQ,18837,8942,47.47
20,2107,TVTODAY,EQ,620820,305954,49.28
20,2108,UBL,EQ,153446,83699,54.55
20,2109,UCOBANK,EQ,11655486,3617872,31.04
20,2110,UDS,EQ,89830,58903,65.57
20,2111,UFLEX,EQ,49007,26662,54.40
20,2112,UGARSUGAR,EQ,662962,212760,32.09
20,2113,UGROCAP,EQ,278440,148507,53.34
20,2114,UGROCAP,N1,20,20,100.00
20,2115,UGROCAP,N3,10,10,100.00
20,2116,UGROCAP,N4,200,200,100.00
20,2117,UJJIVAN,EQ,1133278,541380,47.77
20,2118,UJJIVANSFB,EQ,35560562,11716181,32.95
20,2119,ULTRACEMCO,EQ,194715,105959,54.42
20,2120,UMA,SM,28000,20000,71.43
20,2121,UMAEXPORTS,EQ,125328,63371,50.56
20,2122,UMANGDAIRY,EQ,13861,5084,36.68
20,2123,UNICHEMLAB,EQ,11373,5263,46.28
20,2124,UNIDT,EQ,6465,3070,47.49
20,2125,UNIENTER,EQ,13246,11191,84.49
20,2126,UNIHEALTH,SM,11000,9000,81.82
20,2127,UNIONBANK,EQ,9368161,3784533,40.40
20,2128,UNIPARTS,EQ,50796,25082,49.38
20,2129,UNITEDPOLY,EQ,3427,2100,61.28
20,2130,UNITEDTEA,EQ,2788,2313,82.96
20,2131,UNIVASTU,EQ,112636,61080,54.23
20,2132,UNIVCABLES,EQ,58970,25708,43.60
20,2133,UNIVPHOTO,EQ,819,573,69.96
20,2134,UNOMINDA,EQ,105920,52158,49.24
20,2135,UPL,EQ,1069714,461249,43.12
20,2136,URAVI,EQ,6346,4791,75.50
20,2137,URBAN,SM,105600,67200,63.64
20,2138,URJA,EQ,35855683,14427157,40.24
20,2139,USASEEDS,SM,3300,3300,100.00
20,2140,USHAMART,EQ,579512,409386,70.64
20,2141,USK,EQ,672380,315004,46.85
20,2142,UTIAMC,EQ,141482,121265,85.71
20,2143,UTIBANKETF,EQ,28128,24048,85.49
20,2144,UTINEXT50,EQ,15968,12504,78.31
20,2145,UTINIFTETF,EQ,29060,26081,89.75
20,2146,UTISENSETF,EQ,531,457,86.06
20,2147,UTISXN50,EQ,763,510,66.84
20,2148,UTKARSHBNK,EQ,6277722,2393614,38.13
20,2149,UTTAMSUGAR,EQ,205020,64645,31.53
20,2150,VADILALIND,EQ,2471,1325,53.62
20,2151,VAIBHAVGBL,EQ,188832,88368,46.80
20,2152,VAISHALI,EQ,20281,11618,57.29
20,2153,VAKRANGEE,EQ,20195488,4286974,21.23
20,2154,VALIANTLAB,EQ,790659,380071,48.07
20,2155,VALIANTORG,EQ,109222,42302,38.73
20,2156,VARDHACRLC,EQ,29577,20705,70.00
20,2157,VARROC,EQ,152597,81149,53.18
20,2158,VASCONEQ,EQ,2415461,1431627,59.27
20,2159,VBL,EQ,3596930,1633942,45.43
20,2160,VCL,EQ,776094,609662,78.56
20,2161,VEDL,EQ,7768055,3281370,42.24
20,2162,VEEKAYEM,SM,2000,2000,100.00
20,2163,VELS,SM,6000,4800,80.00
20,2164,VENKEYS,EQ,23866,10165,42.59
20,2165,VENUSPIPES,EQ,89518,52855,59.04
20,2166,VENUSREM,EQ,38662,17090,44.20
20,2167,VERANDA,EQ,376186,203192,54.01
20,2168,VERTEXPLUS,SM,1800,1800,100.00
20,2169,VERTOZ,EQ,919600,227581,24.75
20,2170,VESUVIUS,EQ,13891,9044,65.11
20,2171,VETO,EQ,58042,26511,45.68
20,2172,VGUARD,EQ,211336,129373,61.22
20,2173,VHL,EQ,295,162,54.92
20,2174,VIAZ,SM,4000,4000,100.00
20,2175,VIDHIING,EQ,10618,4571,43.05
20,2176,VIJAYA,EQ,84584,33265,39.33
20,2177,VIKASLIFE,EQ,11621010,7525953,64.76
20,2178,VIMTALABS,EQ,44930,22461,49.99
20,2179,VINATIORGA,EQ,26633,10154,38.13
20,2180,VINDHYATEL,EQ,19466,9127,46.89
20,2181,VINEETLAB,EQ,161813,23133,14.30
20,2182,VINSYS,SM,28000,25000,89.29
20,2183,VINYAS,SM,76800,48000,62.50
20,2184,VINYLINDIA,EQ,29380,16144,54.95
20,2185,VIPCLOTHNG,EQ,582933,440369,75.54
20,2186,VIPIND,EQ,210975,110811,52.52
20,2187,VIPULLTD,EQ,181106,123641,68.27
20,2188,VISAKAIND,EQ,154654,91466,59.14
20,2189,VISHAL,EQ,365233,193788,53.06
20,2190,VISHNU,EQ,76413,40391,52.86
20,2191,VISHNUINFR,SM,666000,288000,43.24
20,2192,VISHWARAJ,EQ,2447567,1136475,46.43
20,2193,VITAL,SM,27600,24000,86.96
20,2194,VIVIANA,SM,2000,1000,50.00
20,2195,VIVIDHA,EQ,849300,501905,59.10
20,2196,VLEGOV,EQ,1123429,331115,29.47
20,2197,VLSFINANCE,EQ,15450,10065,65.15
20,2198,VMARCIND,SM,60000,47000,78.33
20,2199,VMART,EQ,20430,8268,40.47
20,2200,VOLTAMP,EQ,55107,22704,41.20
20,2201,VOLTAS,EQ,834165,374877,44.94
20,2202,VPRPL,EQ,1871161,706831,37.77
20,2203,VRLLOG,EQ,118196,78464,66.38
20,2204,VSCL,SM,3000,3000,100.00
20,2205,VSSL,EQ,182320,114063,62.56
20,2206,VSTIND,EQ,2996,1630,54.41
20,2207,VSTTILLERS,EQ,6711,3549,52.88
20,2208,VTL,EQ,110757,60674,54.78
20,2209,WABAG,EQ,1101163,362360,32.91
20,2210,WALPAR,SM,14000,12000,85.71
20,2211,WEALTH,EQ,1966,1385,70.45
20,2212,WEBELSOLAR,EQ,253553,161167,63.56
20,2213,WEIZMANIND,EQ,226198,82749,36.58
20,2214,WELCORP,EQ,755052,375024,49.67
20,2215,WELENT,EQ,332183,184634,55.58
20,2216,WELINV,EQ,1296,648,50.00
20,2217,WELSPUNIND,EQ,4828378,1481029,30.67
20,2218,WENDT,EQ,311,203,65.27
20,2219,WESTLIFE,EQ,64220,32249,50.22
20,2220,WHEELS,EQ,38839,29930,77.06
20,2221,WHIRLPOOL,EQ,83096,34521,41.54
20,2222,WILLAMAGOR,EQ,53880,33226,61.67
20,2223,WINDLAS,EQ,55685,26076,46.83
20,2224,WINSOME,EQ,7188,7188,100.00
20,2225,WIPRO,EQ,2469968,1406149,56.93
20,2226,WOCKPHARMA,EQ,472345,172461,36.51
20,2227,WOMANCART,ST,284800,212800,74.72
20,2228,WONDERLA,EQ,167309,60703,36.28
20,2229,WORTH,EQ,15884,9249,58.23
20,2230,WSTCSTPAPR,EQ,219808,87450,39.78
20,2231,XCHANGING,EQ,2152929,982337,45.63
20,2232,XELPMOC,EQ,117294,68342,58.27
20,2233,XPROINDIA,EQ,157159,100727,64.09
20,2234,YASHO,EQ,14387,9571,66.53
20,2235,YATHARTH,EQ,502153,248024,49.39
20,2236,YATRA,EQ,230723,121669,52.73
20,2237,YCCL,SM,111000,93000,83.78
20,2238,YESBANK,EQ,146210916,38275651,26.18
20,2239,YUDIZ,SM,19200,13600,70.83
20,2240,YUKEN,EQ,5769,4442,77.00
20,2241,ZAGGLE,EQ,1057933,555450,52.50
20,2242,ZEAL,SM,7200,4800,66.67
20,2243,ZEEL,EQ,5791400,1901202,32.83
20,2244,ZEEMEDIA,EQ,31500790,13138328,41.71
20,2245,ZENITHEXPO,EQ,2018,1178,58.37
20,2246,ZENSARTECH,EQ,417263,176430,42.28
20,2247,ZFCVINDIA,EQ,3518,1478,42.01
20,2248,ZIMLAB,EQ,412853,192496,46.63
20,2249,ZODIAC,EQ,58149,34620,59.54
20,2250,ZODIACLOTH,EQ,45116,25502,56.53
20,2251,ZOMATO,EQ,186288904,55350218,29.71
20,2252,ZOTA,EQ,38920,22617,58.11
20,2253,ZUARI,EQ,494141,212198,42.94
20,2254,ZUARIIND,EQ,71786,33891,47.21
20,2255,ZYDUSLIFE,EQ,943223,549938,58.30
20,2256,ZYDUSWELL,EQ,63393,14933,23.56
