Security Wise Delivery Position - Compulsory Rolling Settlement
10,MTO,30102023,996985566,0002235
Trade Date <30-OCT-2023>,Settlement Type <N>
Record Type,Sr No,Name of Security,Quantity Traded,Deliverable Quantity(gross across client level),% of Deliverable Quantity to Traded Quantity
20,1,182D070324,TB,700,700,100.00
20,2,182D110124,TB,3500,3500,100.00
20,3,182D140324,TB,12900,12900,100.00
20,4,182D210324,TB,100,100,100.00
20,5,182D211223,TB,100,100,100.00
20,6,182D290324,TB,100,100,100.00
20,7,21STCENMGM,EQ,2663,2473,92.87
20,8,360ONE,EQ,174556,84339,48.32
20,9,364D010824,TB,1900,1900,100.00
20,10,364D020524,TB,13300,10700,80.45
20,11,364D021123,TB,13400,13400,100.00
20,12,364D031024,TB,2000,2000,100.00
20,13,364D040724,TB,41000,41000,100.00
20,14,364D050924,TB,12500,12500,100.00
20,15,364D060624,TB,26100,26100,100.00
20,16,364D080224,TB,1000,500,50.00
20,17,364D080824,TB,700,700,100.00
20,18,364D110424,TB,23800,23800,100.00
20,19,364D130624,TB,8100,8100,100.00
20,20,364D140324,TB,4000,4000,100.00
20,21,364D160824,TB,3200,3200,100.00
20,22,364D180424,TB,33300,33300,100.00
20,23,364D190924,TB,100,100,100.00
20,24,364D211223,TB,100,100,100.00
20,25,364D220324,TB,900,900,100.00
20,26,364D220824,TB,6000,6000,100.00
20,27,364D250424,TB,26300,26300,100.00
20,28,364D250724,TB,6000,6000,100.00
20,29,364D280624,TB,10000,10000,100.00
20,30,364D290324,TB,5700,5700,100.00
20,31,364D301123,TB,200,100,50.00
20,32,3IINFOLTD,EQ,400942,128457,32.04
20,33,3MINDIA,EQ,805,400,49.69
20,34,3PLAND,EQ,16132,16132,100.00
20,35,456GS2023,GS,1,1,100.00
20,36,563GS2026,GS,3,3,100.00
20,37,5PAISA,EQ,182467,35120,19.25
20,38,610GS2031,GS,11,11,100.00
20,39,618GS2024,GS,10,10,100.00
20,40,63MOONS,EQ,54378,34103,62.71
20,41,654GS2032,GS,606,505,83.33
20,42,667GS2035,GS,4,4,100.00
20,43,669GS2024,GS,1111,1102,99.19
20,44,676GS2061,GS,149,78,52.35
20,45,689GS2025,GS,18,18,100.00
20,46,68GS2060,GS,1,1,100.00
20,47,695GS2061,GS,27,12,44.44
20,48,699GS2051,GS,1404,1402,99.86
20,49,706GS2028,GS,29493,27172,92.13
20,50,710GS2029,GS,81410,81410,100.00
20,51,717GS2030,GS,17441,17441,100.00
20,52,718GS2033,GS,200,200,100.00
20,53,725GS2063,GS,5200,5200,100.00
20,54,726GS2032,GS,14980,14980,100.00
20,55,726GS2033,GS,272490,272490,100.00
20,56,727GS2026,GS,1,1,100.00
20,57,733MH31,SG,20000,20000,100.00
20,58,736GS2052,GS,26065,24116,92.52
20,59,738GS2027,GS,602207,581552,96.57
20,60,73GS2053,GS,16800,16700,99.40
20,61,741GS2036,GS,1080020,1065904,98.69
20,62,74GS2062,GS,794,794,100.00
20,63,754GS2036,GS,207515,179647,86.57
20,64,757GS2033,GS,1,1,100.00
20,65,772GS2025,GS,1970,1970,100.00
20,66,824GS2027,GS,802,802,100.00
20,67,833GS2026,GS,225,224,99.56
20,68,84GS2024,GS,500,500,100.00
20,69,91D040124,TB,1100,1100,100.00
20,70,91D071223,TB,500,500,100.00
20,71,91D091123,TB,600,600,100.00
20,72,91D211223,TB,100,100,100.00
20,73,91D231123,TB,300,300,100.00
20,74,91D291223,TB,100,100,100.00
20,75,92GS2030,GS,5020,5020,100.00
20,76,AAATECH,EQ,192601,53202,27.62
20,77,AAKASH,EQ,317678,217540,68.48
20,78,AARON,EQ,7160,3789,52.92
20,79,AARTIDRUGS,EQ,187681,88308,47.05
20,80,AARTIIND,EQ,630639,244978,38.85
20,81,AARTIPHARM,EQ,72722,34544,47.50
20,82,AARTIPP,E1,1,1,100.00
20,83,AARTISURF,EQ,9004,4443,49.34
20,84,AARVEEDEN,EQ,9259,2864,30.93
20,85,AARVI,EQ,16238,7525,46.34
20,86,AATMAJ,SM,16000,14000,87.50
20,87,AAVAS,EQ,313371,170271,54.34
20,88,ABB,EQ,114014,37043,32.49
20,89,ABBOTINDIA,EQ,10699,3077,28.76
20,90,ABCAPITAL,EQ,1594913,366930,23.01
20,91,ABCOTS,SM,20000,14000,70.00
20,92,ABFL,N4,140,140,100.00
20,93,ABFL,N5,2224,2224,100.00
20,94,ABFRL,EQ,2064070,825866,40.01
20,95,ABFRL,W1,2,0,0.00
20,96,ABINFRA,SM,4000,4000,100.00
20,97,ABMINTLLTD,EQ,591,591,100.00
20,98,ABSLAMC,EQ,47032,24687,52.49
20,99,ABSLBANETF,EQ,1154988,1042533,90.26
20,100,ABSLLIQUID,EQ,121,47,38.84
20,101,ABSLNN50ET,EQ,2851,2557,89.69
20,102,ACC,EQ,162949,43126,26.47
20,103,ACCELYA,EQ,26941,14055,52.17
20,104,ACE,EQ,558853,301351,53.92
20,105,ACEINTEG,EQ,10716,9505,88.70
20,106,ACI,EQ,162329,74585,45.95
20,107,ACL,EQ,19536,9612,49.20
20,108,ACSAL,ST,336000,324000,96.43
20,109,ADANIENSOL,EQ,414510,141141,34.05
20,110,ADANIENT,EQ,996448,163798,16.44
20,111,ADANIGREEN,EQ,2041633,318726,15.61
20,112,ADANIPORTS,EQ,3522068,1981120,56.25
20,113,ADANIPOWER,EQ,9014732,2225776,24.69
20,114,ADFFOODS,EQ,152569,60731,39.81
20,115,ADORWELD,EQ,19535,5050,25.85
20,116,ADSL,EQ,170736,62056,36.35
20,117,ADVANIHOTR,EQ,100113,29220,29.19
20,118,ADVENZYMES,EQ,87632,47733,54.47
20,119,AEGISCHEM,EQ,213932,117893,55.11
20,120,AEROFLEX,EQ,422854,154879,36.63
20,121,AETHER,EQ,38510,22978,59.67
20,122,AFFLE,EQ,112476,52136,46.35
20,123,AGARIND,EQ,43595,12668,29.06
20,124,AGARWALFT,SM,39000,27000,69.23
20,125,AGI,EQ,134111,53460,39.86
20,126,AGNI,SM,40000,30000,75.00
20,127,AGROPHOS,EQ,35326,23495,66.51
20,128,AGSTRA,EQ,312374,253511,81.16
20,129,AGUL,SM,110000,98000,89.09
20,130,AHL,EQ,548766,411913,75.06
20,131,AHLADA,EQ,124222,47569,38.29
20,132,AHLEAST,EQ,2480,1128,45.48
20,133,AHLUCONT,EQ,37526,19677,52.44
20,134,AIAENG,EQ,22132,10814,48.86
20,135,AILIMITED,SM,12000,6000,50.00
20,136,AIRTELPP,E1,65806,42178,64.09
20,137,AJANTPHARM,EQ,73252,45478,62.08
20,138,AJMERA,EQ,46043,18321,39.79
20,139,AJOONI,EQ,2304566,1206151,52.34
20,140,AKASH,EQ,36362,10345,28.45
20,141,AKG,EQ,62364,15966,25.60
20,142,AKSHAR,EQ,51764,49639,95.89
20,143,AKSHARCHEM,EQ,4719,2555,54.14
20,144,AKZOINDIA,EQ,8189,4637,56.62
20,145,ALANKIT,EQ,913543,652728,71.45
20,146,ALBERTDAVD,EQ,6927,3480,50.24
20,147,ALEMBICLTD,EQ,6558086,1087431,16.58
20,148,ALICON,EQ,4523,2816,62.26
20,149,ALKALI,EQ,10867,6396,58.86
20,150,ALKEM,EQ,169649,61259,36.11
20,151,ALKYLAMINE,EQ,21401,13555,63.34
20,152,ALLCARGO,EQ,139657,79255,56.75
20,153,ALLETEC,SM,87200,59200,67.89
20,154,ALLSEC,EQ,386543,140027,36.23
20,155,ALMONDZ,EQ,39869,25189,63.18
20,156,ALOKINDS,EQ,6767032,2626285,38.81
20,157,ALPA,EQ,23562,12588,53.43
20,158,ALPHAETF,EQ,15103,7501,49.67
20,159,ALPHAGEO,EQ,9416,5712,60.66
20,160,AMBANIORG,SM,4000,4000,100.00
20,161,AMBER,EQ,99950,36089,36.11
20,162,AMBIKCO,EQ,5310,3311,62.35
20,163,AMBUJACEM,EQ,1290400,612524,47.47
20,164,AMDIND,EQ,60420,19068,31.56
20,165,AMEYA,SM,2000,2000,100.00
20,166,AMIORG,EQ,29203,16209,55.50
20,167,AMJLAND,EQ,47346,28908,61.06
20,168,AMRUTANJAN,EQ,13135,5872,44.70
20,169,ANANDRATHI,EQ,44656,20345,45.56
20,170,ANANTRAJ,EQ,1078413,534029,49.52
20,171,ANDHRAPAP,EQ,311031,122586,39.41
20,172,ANDHRSUGAR,EQ,351649,206448,58.71
20,173,ANGELONE,EQ,1435050,324526,22.61
20,174,ANLON,SM,4800,4000,83.33
20,175,ANMOL,EQ,61053,45430,74.41
20,176,ANNAPURNA,SM,49500,37500,75.76
20,177,ANUP,EQ,526070,72924,13.86
20,178,ANURAS,EQ,184163,73709,40.02
20,179,APARINDS,EQ,174356,41953,24.06
20,180,APCL,EQ,16508,8190,49.61
20,181,APCOTEXIND,EQ,28991,14160,48.84
20,182,APEX,EQ,38162,17179,45.02
20,183,APLAPOLLO,EQ,398418,223910,56.20
20,184,APLLTD,EQ,134991,78061,57.83
20,185,APOLLO,EQ,3132401,1062783,33.93
20,186,APOLLOHOSP,EQ,234759,128210,54.61
20,187,APOLLOPIPE,EQ,66746,33487,50.17
20,188,APOLLOTYRE,EQ,541858,180993,33.40
20,189,APOLSINHOT,EQ,1556,1206,77.51
20,190,APTECHT,EQ,199887,80327,40.19
20,191,APTUS,EQ,451432,309412,68.54
20,192,ARABIAN,SM,76000,50000,65.79
20,193,ARCHIDPLY,EQ,34044,16200,47.59
20,194,ARCHIES,EQ,78441,60557,77.20
20,195,ARE&M,EQ,503388,297756,59.15
20,196,ARHAM,SM,32000,22000,68.75
20,197,ARIES,EQ,44377,17378,39.16
20,198,ARIHANTCAP,EQ,73171,39582,54.10
20,199,ARIHANTSUP,EQ,43180,24385,56.47
20,200,ARISTO,SM,17600,11200,63.64
20,201,ARMANFIN,EQ,14054,7781,55.37
20,202,ARROWGREEN,EQ,602025,144010,23.92
20,203,ARTEMISMED,EQ,62005,31467,50.75
20,204,ARTNIRMAN,EQ,3858,2406,62.36
20,205,ARVEE,EQ,2363,190,8.04
20,206,ARVIND,EQ,589567,170798,28.97
20,207,ARVINDFASN,EQ,260558,106622,40.92
20,208,ARVSMART,EQ,92030,57459,62.44
20,209,ASAHIINDIA,EQ,35986,15489,43.04
20,210,ASAHISONG,EQ,13674,6717,49.12
20,211,ASAL,EQ,19368,10296,53.16
20,212,ASALCBR,EQ,54025,26797,49.60
20,213,ASHIANA,EQ,61443,31775,51.71
20,214,ASHIMASYN,EQ,99074,59880,60.44
20,215,ASHOKA,EQ,1113311,317739,28.54
20,216,ASHOKAMET,EQ,76732,19445,25.34
20,217,ASHOKLEY,EQ,7160344,2736330,38.22
20,218,ASIANENE,EQ,37080,23541,63.49
20,219,ASIANHOTNR,EQ,6543,4351,66.50
20,220,ASIANPAINT,EQ,878885,510844,58.12
20,221,ASIANTILES,EQ,5186441,1644473,31.71
20,222,ASPINWALL,EQ,2575,1295,50.29
20,223,ASTEC,EQ,38743,15448,39.87
20,224,ASTERDM,EQ,178298,91371,51.25
20,225,ASTRAL,EQ,822819,419217,50.95
20,226,ASTRAMICRO,EQ,319746,99651,31.17
20,227,ASTRAZEN,EQ,5925,3144,53.06
20,228,ATAM,EQ,9747,6509,66.78
20,229,ATFL,EQ,2092,1489,71.18
20,230,ATGL,EQ,1062861,464007,43.66
20,231,ATL,EQ,1052381,433772,41.22
20,232,ATLANTA,EQ,33810,31227,92.36
20,233,ATUL,EQ,14670,3890,26.52
20,234,ATULAUTO,EQ,115135,59929,52.05
20,235,AUBANK,EQ,8750585,3256716,37.22
20,236,AURDIS,SM,3000,3000,100.00
20,237,AUROIMPEX,SM,8000,6400,80.00
20,238,AUROPHARMA,EQ,2023423,717571,35.46
20,239,AURUM,EQ,42390,22881,53.98
20,240,AURUMPP,E1,1091,1090,99.91
20,241,AUTOAXLES,EQ,25964,12287,47.32
20,242,AUTOBEES,EQ,81438,43565,53.49
20,243,AVADHSUGAR,EQ,286309,68386,23.89
20,244,AVALON,EQ,317733,148306,46.68
20,245,AVANTIFEED,EQ,128330,80705,62.89
20,246,AVG,EQ,18991,6825,35.94
20,247,AVROIND,EQ,39845,9771,24.52
20,248,AVSL,ST,1000,1000,100.00
20,249,AVTNPL,EQ,156409,71068,45.44
20,250,AWHCL,EQ,214876,67520,31.42
20,251,AWL,EQ,833574,310679,37.27
20,252,AXISBANK,EQ,5270567,2369388,44.96
20,253,AXISBNKETF,EQ,24927,24665,98.95
20,254,AXISBPSETF,EQ,15260,8619,56.48
20,255,AXISCADES,EQ,10855,7549,69.54
20,256,AXISCETF,EQ,620,441,71.13
20,257,AXISGOLD,EQ,127516,105239,82.53
20,258,AXISHCETF,EQ,1393,667,47.88
20,259,AXISILVER,EQ,27030,21657,80.12
20,260,AXISNIFTY,EQ,6271,4883,77.87
20,261,AXISTECETF,EQ,4645,2753,59.27
20,262,AXITA,EQ,330144,274089,83.02
20,263,AXSENSEX,EQ,547,471,86.11
20,264,AYMSYNTEX,EQ,35974,11001,30.58
20,265,BAHETI,SM,19500,17250,88.46
20,266,BAJAJ-AUTO,EQ,360967,210044,58.19
20,267,BAJAJCON,EQ,359017,138311,38.52
20,268,BAJAJELEC,EQ,21776,6287,28.87
20,269,BAJAJFINSV,EQ,850025,263165,30.96
20,270,BAJAJHCARE,EQ,166371,55425,33.31
20,271,BAJAJHIND,EQ,31814555,11119781,34.95
20,272,BAJAJHLDNG,EQ,19034,7859,41.29
20,273,BAJFINANCE,EQ,799276,311932,39.03
20,274,BALAJITELE,EQ,128686,42383,32.94
20,275,BALAMINES,EQ,29091,18973,65.22
20,276,BALAXI,EQ,3325,1911,57.47
20,277,BALKRISHNA,EQ,46926,12903,27.50
20,278,BALKRISIND,EQ,325343,112647,34.62
20,279,BALMLAWRIE,EQ,175927,68766,39.09
20,280,BALPHARMA,EQ,20334,9303,45.75
20,281,BALRAMCHIN,EQ,914588,247260,27.04
20,282,BANARBEADS,EQ,2754,1148,41.68
20,283,BANARISUG,EQ,1377,779,56.57
20,284,BANCOINDIA,EQ,47196,23598,50.00
20,285,BANDHANBNK,EQ,5337538,1628828,30.52
20,286,BANG,EQ,48367,9789,20.24
20,287,BANKA,EQ,11988,4135,34.49
20,288,BANKBARODA,EQ,11946838,4716305,39.48
20,289,BANKBEES,EQ,445577,298433,66.98
20,290,BANKETF,EQ,751,510,67.91
20,291,BANKINDIA,EQ,9072361,2568468,28.31
20,292,BANSWRAS,EQ,49667,21947,44.19
20,293,BARBEQUE,EQ,71060,46094,64.87
20,294,BASF,EQ,3750,2107,56.19
20,295,BASILIC,SM,367200,166800,45.42
20,296,BASML,EQ,45127,26130,57.90
20,297,BATAINDIA,EQ,138752,34122,24.59
20,298,BAYERCROP,EQ,4768,2734,57.34
20,299,BBETF0432,EQ,2672,2390,89.45
20,300,BBL,EQ,65651,22045,33.58
20,301,BBOX,EQ,1414973,332877,23.53
20,302,BBTC,EQ,155131,33791,21.78
20,303,BBTCL,EQ,1696,1209,71.29
20,304,BCG,EQ,12450940,5617707,45.12
20,305,BCLIND,EQ,535395,203585,38.03
20,306,BDL,EQ,159943,46136,28.85
20,307,BECTORFOOD,EQ,339497,134247,39.54
20,308,BEL,EQ,9052085,4284720,47.33
20,309,BEML,EQ,94950,22547,23.75
20,310,BEPL,EQ,525205,309405,58.91
20,311,BERGEPAINT,EQ,992646,530477,53.44
20,312,BETA,SM,6500,5700,87.69
20,313,BEWLTD,SM,625,500,80.00
20,314,BFINVEST,EQ,58726,11795,20.08
20,315,BFSI,EQ,90724,64933,71.57
20,316,BFUTILITIE,EQ,254665,147659,57.98
20,317,BGRENERGY,EQ,515898,150069,29.09
20,318,BHAGCHEM,EQ,6972,5492,78.77
20,319,BHAGERIA,EQ,13444,6172,45.91
20,320,BHARATFORG,EQ,1536810,363314,23.64
20,321,BHARATGEAR,EQ,34938,17973,51.44
20,322,BHARATRAS,EQ,382,195,51.05
20,323,BHARATWIRE,EQ,709541,275586,38.84
20,324,BHARTIARTL,EQ,3686773,2636879,71.52
20,325,BHEL,EQ,18259367,5388821,29.51
20,326,BIGBLOC,EQ,224590,130160,57.95
20,327,BIKAJI,EQ,300492,199022,66.23
20,328,BIL,EQ,5799,3097,53.41
20,329,BIOCON,EQ,2213338,970768,43.86
20,330,BIOFILCHEM,EQ,9390,3143,33.47
20,331,BIRET,RR,64680,56863,87.91
20,332,BIRLACABLE,EQ,107461,54053,50.30
20,333,BIRLACORPN,EQ,92830,32529,35.04
20,334,BIRLAMONEY,EQ,104350,58368,55.93
20,335,BLAL,EQ,93255,41085,44.06
20,336,BLBLIMITED,EQ,52455,33034,62.98
20,337,BLISSGVS,EQ,140267,72707,51.83
20,338,BLKASHYAP,EQ,258237,110600,42.83
20,339,BLS,EQ,3683859,1213795,32.95
20,340,BLUEDART,EQ,30886,18786,60.82
20,341,BLUESTARCO,EQ,108127,52672,48.71
20,342,BMETRICS,SM,5200,4000,76.92
20,343,BODALCHEM,EQ,164617,78735,47.83
20,344,BOMDYEING,EQ,3600350,812812,22.58
20,345,BOROLTD,EQ,66053,28049,42.46
20,346,BORORENEW,EQ,101976,39571,38.80
20,347,BOSCHLTD,EQ,17238,4161,24.14
20,348,BPCL,EQ,10936594,3848149,35.19
20,349,BRIGADE,EQ,180531,134782,74.66
20,350,BRIGHT,SM,237000,153000,64.56
20,351,BRITANNIA,EQ,450526,288058,63.94
20,352,BRITANNIA,N3,2844,2643,92.93
20,353,BRNL,EQ,101734,44326,43.57
20,354,BSE,EQ,2171548,460887,21.22
20,355,BSHSL,EQ,8462,5672,67.03
20,356,BSL,EQ,1175,753,64.09
20,357,BSLGOLDETF,EQ,848063,663951,78.29
20,358,BSLNIFTY,EQ,477617,445056,93.18
20,359,BSLSENETFG,EQ,2102,2058,97.91
20,360,BSOFT,EQ,823028,297195,36.11
20,361,BTML,EQ,23087,11666,50.53
20,362,BURNPUR,EQ,210411,96651,45.93
20,363,BUTTERFLY,EQ,8540,5324,62.34
20,364,CADSYS,SM,21000,21000,100.00
20,365,CALSOFT,EQ,24909,12672,50.87
20,366,CAMLINFINE,EQ,156264,78124,49.99
20,367,CAMPUS,EQ,565435,275838,48.78
20,368,CAMS,EQ,86508,49398,57.10
20,369,CANARYS,SM,396000,312000,78.79
20,370,CANBK,EQ,7619529,1806998,23.72
20,371,CANFINHOME,EQ,480397,192818,40.14
20,372,CANTABIL,EQ,34562,14076,40.73
20,373,CAPACITE,EQ,709754,304090,42.84
20,374,CAPLIPOINT,EQ,36571,15036,41.11
20,375,CAPTRUST,EQ,5458,3489,63.92
20,376,CARBORUNIV,EQ,301754,219354,72.69
20,377,CAREERP,EQ,194834,106180,54.50
20,378,CARERATING,EQ,56940,28764,50.52
20,379,CARTRADE,EQ,134134,54475,40.61
20,380,CARYSIL,EQ,39126,19472,49.77
20,381,CASTROLIND,EQ,970323,356562,36.75
20,382,CCL,EQ,49061,19608,39.97
20,383,CDSL,EQ,4402952,1060012,24.08
20,384,CEATLTD,EQ,108005,56637,52.44
20,385,CELEBRITY,EQ,2699649,1233964,45.71
20,386,CELLECOR,SM,552000,366000,66.30
20,387,CELLPOINT,SM,12000,9600,80.00
20,388,CENTENKA,EQ,30820,16350,53.05
20,389,CENTRALBK,EQ,19145421,3275744,17.11
20,390,CENTRUM,EQ,766479,130223,16.99
20,391,CENTURYPLY,EQ,109412,70529,64.46
20,392,CENTURYTEX,EQ,207775,72780,35.03
20,393,CERA,EQ,5881,2019,34.33
20,394,CESC,EQ,1629158,749443,46.00
20,395,CGCL,EQ,163012,47976,29.43
20,396,CGPOWER,EQ,1341022,785685,58.59
20,397,CHALET,EQ,150541,83084,55.19
20,398,CHAMBLFERT,EQ,934460,269848,28.88
20,399,CHAVDA,SM,670000,224000,33.43
20,400,CHEMBOND,EQ,13813,9030,65.37
20,401,CHEMCON,EQ,31929,20026,62.72
20,402,CHEMFAB,EQ,50995,22161,43.46
20,403,CHEMPLASTS,EQ,35749,16790,46.97
20,404,CHENNPETRO,EQ,8280185,1316094,15.89
20,405,CHEVIOT,EQ,6384,2904,45.49
20,406,CHOICEIN,EQ,326631,95961,29.38
20,407,CHOLAFIN,EQ,872127,369795,42.40
20,408,CHOLAFIN,N6,20,20,100.00
20,409,CHOLAHLDNG,EQ,326015,155960,47.84
20,410,CIEINDIA,EQ,511212,267878,52.40
20,411,CIGNITITEC,EQ,100001,48544,48.54
20,412,CIPLA,EQ,2853500,1184244,41.50
20,413,CLEAN,EQ,72957,41725,57.19
20,414,CLEDUCATE,BO,90,90,100.00
20,415,CLEDUCATE,EQ,76854,53398,69.48
20,416,CLOUD,SM,1226000,531000,43.31
20,417,CLOUDPP,E1,468000,289200,61.79
20,418,CLSEL,EQ,205363,108048,52.61
20,419,CLSL,SM,32000,24000,75.00
20,420,CMNL,SM,43500,36000,82.76
20,421,CMRSL,SM,8800,6400,72.73
20,422,CMSINFO,EQ,682467,268002,39.27
20,423,COALINDIA,EQ,6229982,2172475,34.87
20,424,COASTCORP,EQ,27801,18835,67.75
20,425,COCHINSHIP,EQ,1486735,338116,22.74
20,426,COFFEEDAY,EQ,1416862,474753,33.51
20,427,COFORGE,EQ,266860,64532,24.18
20,428,COLPAL,EQ,522401,281575,53.90
20,429,COMMITTED,ST,49600,46400,93.55
20,430,COMPUSOFT,EQ,72862,32702,44.88
20,431,CONCOR,EQ,986581,346620,35.13
20,432,CONCORDBIO,EQ,80362,37994,47.28
20,433,CONFIPET,EQ,696852,270327,38.79
20,434,CONSOFINVT,EQ,26916,15772,58.60
20,435,CONSUMBEES,EQ,16983,9266,54.56
20,436,CONTROLPR,EQ,57076,19097,33.46
20,437,COOLCAPS,SM,750,750,100.00
20,438,CORALFINAC,EQ,76272,30287,39.71
20,439,CORDSCABLE,EQ,74600,39378,52.79
20,440,COROMANDEL,EQ,852518,434468,50.96
20,441,COSMOFIRST,EQ,23503,7372,31.37
20,442,COUNCODOS,EQ,57771,38432,66.52
20,443,CPS,SM,1200,1200,100.00
20,444,CPSEETF,EQ,615145,239909,39.00
20,445,CRAFTSMAN,EQ,229942,57477,25.00
20,446,CRAYONS,SM,22000,15000,68.18
20,447,CREATIVE,EQ,21039,10045,47.74
20,448,CREATIVEYE,EQ,88,88,100.00
20,449,CREDITACC,EQ,602319,291236,48.35
20,450,CREDITACC,N5,17,17,100.00
20,451,CREDITACC,N8,79,40,50.63
20,452,CREDITACC,N9,242,242,100.00
20,453,CREDITACC,ND,500,500,100.00
20,454,CREDITACC,NE,100,50,50.00
20,455,CREST,EQ,7002,4803,68.59
20,456,CRISIL,EQ,25771,9624,37.34
20,457,CROMPTON,EQ,1726639,1188987,68.86
20,458,CROWN,EQ,44417,33209,74.77
20,459,CSBBANK,EQ,341213,170888,50.08
20,460,CSLFINANCE,EQ,38190,23006,60.24
20,461,CTE,EQ,16435,7680,46.73
20,462,CUB,EQ,9573396,3192279,33.35
20,463,CUBEXTUB,EQ,78106,22380,28.65
20,464,CUMMINSIND,EQ,579771,274485,47.34
20,465,CUPID,EQ,1290339,363343,28.16
20,466,CYBERTECH,EQ,408978,127853,31.26
20,467,CYIENT,EQ,696119,354436,50.92
20,468,CYIENTDLM,EQ,157409,74747,47.49
20,469,DAAWAT,EQ,6157996,1748688,28.40
20,470,DABUR,EQ,1711768,1361641,79.55
20,471,DALBHARAT,EQ,232897,129715,55.70
20,472,DALMIASUG,EQ,172241,55656,32.31
20,473,DAMODARIND,EQ,54041,13618,25.20
20,474,DATAMATICS,EQ,764540,212495,27.79
20,475,DATAPATTNS,EQ,68118,28160,41.34
20,476,DBCORP,EQ,134894,67375,49.95
20,477,DBL,EQ,350277,102966,29.40
20,478,DBOL,EQ,141085,50132,35.53
20,479,DBREALTY,EQ,3288558,2025423,61.59
20,480,DCAL,EQ,184773,99197,53.69
20,481,DCBBANK,EQ,653718,272258,41.65
20,482,DCMNVL,EQ,68204,34058,49.94
20,483,DCMSHRIRAM,EQ,60238,25513,42.35
20,484,DCMSRIND,EQ,111834,65269,58.36
20,485,DCW,EQ,1450190,350551,24.17
20,486,DCXINDIA,EQ,260058,131780,50.67
20,487,DECCANCE,EQ,8693,4031,46.37
20,488,DEEPAKFERT,EQ,253318,102252,40.37
20,489,DEEPAKNTR,EQ,145786,60689,41.63
20,490,DEEPINDS,EQ,84212,35290,41.91
20,491,DELHIVERY,EQ,557285,212320,38.10
20,492,DELPHIFX,EQ,357,336,94.12
20,493,DELTACORP,EQ,7424234,1214953,16.36
20,494,DEN,EQ,1222970,340876,27.87
20,495,DENEERS,SM,6600,6000,90.91
20,496,DENORA,EQ,15837,7934,50.10
20,497,DENTALKART,SM,52500,38250,72.86
20,498,DESTINY,ST,6000,6000,100.00
20,499,DEVIT,EQ,16721,10572,63.23
20,500,DEVYANI,EQ,2279441,1341281,58.84
20,501,DGCONTENT,EQ,4189,3050,72.81
20,502,DHAMPURSUG,EQ,736615,154583,20.99
20,503,DHANBANK,EQ,1202607,623348,51.83
20,504,DHANILOANS,N6,187,187,100.00
20,505,DHANILOANS,N7,254,249,98.03
20,506,DHANILOANS,NH,990,990,100.00
20,507,DHANILOANS,NP,20,20,100.00
20,508,DHANILOANS,NS,100,100,100.00
20,509,DHANUKA,EQ,19227,9634,50.11
20,510,DHARMAJ,EQ,209780,111375,53.09
20,511,DHRUV,EQ,22709,12330,54.30
20,512,DHUNINV,EQ,3884,2505,64.50
20,513,DIAMINESQ,EQ,6283,4211,67.02
20,514,DIAMONDYD,EQ,24934,22516,90.30
20,515,DICIND,EQ,6178,2129,34.46
20,516,DIGIKORE,SM,24000,22400,93.33
20,517,DISHTV,EQ,6990824,1996163,28.55
20,518,DIVGIITTS,EQ,15383,6782,44.09
20,519,DIVISLAB,EQ,244149,115692,47.39
20,520,DIVOPPBEES,EQ,16296,11359,69.70
20,521,DIXON,EQ,865009,318507,36.82
20,522,DJML,EQ,3254,2397,73.66
20,523,DKEGL,SM,3000,1500,50.00
20,524,DLF,EQ,8141820,3450505,42.38
20,525,DLINKINDIA,EQ,242959,112600,46.35
20,526,DMART,EQ,254298,159028,62.54
20,527,DMCC,EQ,13402,7887,58.85
20,528,DODLA,EQ,62075,30205,48.66
20,529,DOLATALGO,EQ,242708,110888,45.69
20,530,DOLLAR,EQ,27873,11373,40.80
20,531,DOLLEX,SM,116000,116000,100.00
20,532,DONEAR,EQ,127264,61350,48.21
20,533,DPABHUSHAN,EQ,6667,4974,74.61
20,534,DPSCLTD,EQ,217713,77295,35.50
20,535,DPWIRES,EQ,185312,38788,20.93
20,536,DRCSYSTEMS,EQ,35649,10721,30.07
20,537,DREAMFOLKS,EQ,297877,126225,42.37
20,538,DREDGECORP,EQ,180682,55837,30.90
20,539,DRONE,SM,96000,82000,85.42
20,540,DRREDDY,EQ,538320,299582,55.65
20,541,DSPBANKETF,EQ,1205,794,65.89
20,542,DSPGOLDETF,EQ,7564,7285,96.31
20,543,DSPITETF,EQ,11588,9951,85.87
20,544,DSPN50ETF,EQ,340,188,55.29
20,545,DSPNEWETF,EQ,5837,5078,87.00
20,546,DSPPSBKETF,EQ,1968,893,45.38
20,547,DSPPVBKETF,EQ,2001654,2001003,99.97
20,548,DSPQ50ETF,EQ,2997,1651,55.09
20,549,DSPSENXETF,EQ,27,13,48.15
20,550,DSPSILVETF,EQ,2934,1894,64.55
20,551,DSSL,EQ,78960,34917,44.22
20,552,DTIL,EQ,2073,986,47.56
20,553,DUCOL,SM,13600,12800,94.12
20,554,DUCON,EQ,155762,105545,67.76
20,555,DUGLOBAL,SM,35000,30000,85.71
20,556,DVL,EQ,44312,21743,49.07
20,557,DWARKESH,EQ,1370594,499646,36.45
20,558,DYNAMATECH,EQ,12523,6222,49.68
20,559,DYNAMIC,SM,22000,21000,95.45
20,560,DYNPRO,EQ,12807,5007,39.10
20,561,EASEMYTRIP,EQ,6862112,2953365,43.04
20,562,EBBETF0425,EQ,4171,3951,94.73
20,563,EBBETF0430,EQ,3616,3228,89.27
20,564,EBBETF0431,EQ,9314,8070,86.64
20,565,EBBETF0433,EQ,10570,9886,93.53
20,566,ECLERX,EQ,74961,32890,43.88
20,567,ECLFINANCE,NJ,105,105,100.00
20,568,ECLFINANCE,NK,30,30,100.00
20,569,ECLFINANCE,NO,698,698,100.00
20,570,ECLFINANCE,NP,11,11,100.00
20,571,EDELWEISS,EQ,2430238,961332,39.56
20,572,EFACTOR,SM,64000,56000,87.50
20,573,EICHERMOT,EQ,257392,113451,44.08
20,574,EIDPARRY,EQ,349927,179692,51.35
20,575,EIFFL,EQ,108676,98339,90.49
20,576,EIHAHOTELS,EQ,18775,8475,45.14
20,577,EIHOTEL,EQ,3128929,751808,24.03
20,578,EIMCOELECO,EQ,33406,18252,54.64
20,579,EKC,EQ,239147,102575,42.89
20,580,ELDEHSG,EQ,1418,1209,85.26
20,581,ELECON,EQ,283920,131122,46.18
20,582,ELECTCAST,EQ,4586345,1488546,32.46
20,583,ELGIEQUIP,EQ,388240,134758,34.71
20,584,ELIN,EQ,96370,39588,41.08
20,585,EMAMILTD,EQ,161213,59902,37.16
20,586,EMAMIPAP,EQ,8768,5762,65.72
20,587,EMAMIREAL,EQ,609508,198045,32.49
20,588,EMBASSY,RR,229909,208440,90.66
20,589,EMIL,EQ,1239139,851721,68.73
20,590,EMKAY,EQ,28282,14728,52.08
20,591,EMKAYTOOLS,SM,7200,5100,70.83
20,592,EMMBI,EQ,34387,20166,58.64
20,593,EMSLIMITED,EQ,313010,163421,52.21
20,594,EMUDHRA,EQ,67701,25169,37.18
20,595,ENDURANCE,EQ,122737,98319,80.11
20,596,ENERGYDEV,EQ,61304,44468,72.54
20,597,ENGINERSIN,EQ,4143731,1369456,33.05
20,598,ENIL,EQ,22692,7912,34.87
20,599,EPIGRAL,EQ,22195,12623,56.87
20,600,EPL,EQ,279766,155307,55.51
20,601,EQUITASBNK,EQ,5882732,4230597,71.92
20,602,ERFLNCDI,N5,224,224,100.00
20,603,ERFLNCDI,N6,269,269,100.00
20,604,ERIS,EQ,103912,45669,43.95
20,605,EROSMEDIA,EQ,223072,105632,47.35
20,606,ESABINDIA,EQ,5314,3097,58.28
20,607,ESCORTS,EQ,215723,25728,11.93
20,608,ESFL,SM,871200,387600,44.49
20,609,ESG,EQ,419622,416228,99.19
20,610,ESTER,EQ,56203,19921,35.44
20,611,ETHOSLTD,EQ,18044,9924,55.00
20,612,EUROBOND,SM,118000,74000,62.71
20,613,EVEREADY,EQ,35467,20553,57.95
20,614,EVERESTIND,EQ,16839,8846,52.53
20,615,EXCELINDUS,EQ,3013,1811,60.11
20,616,EXIDEIND,EQ,2396032,1114673,46.52
20,617,EXPLEOSOL,EQ,18004,8970,49.82
20,618,EXXARO,EQ,97704,33176,33.96
20,619,FACT,EQ,1235740,179894,14.56
20,620,FAIRCHEMOR,EQ,10617,5227,49.23
20,621,FAZE3Q,EQ,64054,29044,45.34
20,622,FCL,EQ,201661,92387,45.81
20,623,FCSSOFT,EQ,5046297,2988445,59.22
20,624,FDC,EQ,47680,24551,51.49
20,625,FEDERALBNK,EQ,10041391,3690685,36.75
20,626,FELIX,SM,8000,5000,62.50
20,627,FIBERWEB,EQ,33091,21908,66.21
20,628,FIDEL,SM,6000,6000,100.00
20,629,FIEMIND,EQ,17471,8687,49.72
20,630,FILATEX,EQ,665622,487983,73.31
20,631,FINCABLES,EQ,1499782,346966,23.13
20,632,FINEORG,EQ,9190,4143,45.08
20,633,FINOPB,EQ,28506,12906,45.27
20,634,FINPIPE,EQ,477428,169485,35.50
20,635,FIVESTAR,EQ,204200,98235,48.11
20,636,FLUOROCHEM,EQ,96600,65555,67.86
20,637,FMGOETZE,EQ,29254,16995,58.09
20,638,FOCE,SM,5000,5000,100.00
20,639,FOCUS,EQ,924097,583396,63.13
20,640,FOODSIN,EQ,229744,94515,41.14
20,641,FORTIS,EQ,694809,344875,49.64
20,642,FOSECOIND,EQ,1350,582,43.11
20,643,FROG,SM,12000,11200,93.33
20,644,FSL,EQ,618592,203504,32.90
20,645,FUSION,EQ,357626,268038,74.95
20,646,GABRIEL,EQ,488905,120998,24.75
20,647,GAEL,EQ,216204,74453,34.44
20,648,GAIL,EQ,7895004,2909530,36.85
20,649,GALAXYSURF,EQ,9269,3084,33.27
20,650,GALLANTT,EQ,48346,18129,37.50
20,651,GANDHITUBE,EQ,27877,5469,19.62
20,652,GANECOS,EQ,51436,31995,62.20
20,653,GANESHBE,EQ,77323,42738,55.27
20,654,GANESHHOUC,EQ,96519,51564,53.42
20,655,GANGESSECU,EQ,15051,7540,50.10
20,656,GARFIBRES,EQ,5842,2765,47.33
20,657,GATEWAY,EQ,692860,449497,64.88
20,658,GATI,EQ,232080,77071,33.21
20,659,GEECEE,EQ,54763,20382,37.22
20,660,GENCON,EQ,178082,72533,40.73
20,661,GENESYS,EQ,40228,21086,52.42
20,662,GENSOL,EQ,25632,12403,48.39
20,663,GENUSPAPER,EQ,377837,168369,44.56
20,664,GENUSPOWER,EQ,292354,189633,64.86
20,665,GEOJITFSL,EQ,2434055,912022,37.47
20,666,GEPIL,EQ,298949,139116,46.54
20,667,GESHIP,EQ,463489,151790,32.75
20,668,GFLLIMITED,EQ,82415,42940,52.10
20,669,GHCL,EQ,83637,51600,61.70
20,670,GHCLTEXTIL,EQ,193342,95776,49.54
20,671,GICHSGFIN,EQ,124723,35682,28.61
20,672,GICL,SM,15000,15000,100.00
20,673,GICRE,EQ,290670,113301,38.98
20,674,GILLETTE,EQ,3997,1816,45.43
20,675,GILT5YBEES,EQ,267906,267383,99.80
20,676,GINNIFILA,EQ,241958,210986,87.20
20,677,GIPCL,EQ,524262,211626,40.37
20,678,GIRIRAJ,SM,2000,1900,95.00
20,679,GKWLIMITED,EQ,7489,3516,46.95
20,680,GLAND,EQ,1157918,999815,86.35
20,681,GLAXO,EQ,26951,17205,63.84
20,682,GLENMARK,EQ,567688,287681,50.68
20,683,GLFL,EQ,3707,3707,100.00
20,684,GLOBAL,EQ,33844,20621,60.93
20,685,GLOBALPET,SM,10500,9000,85.71
20,686,GLOBALVECT,EQ,31359,14857,47.38
20,687,GLOBUSSPR,EQ,34417,18123,52.66
20,688,GLS,EQ,231200,186826,80.81
20,689,GMBREW,EQ,27518,12061,43.83
20,690,GMDCLTD,EQ,3834008,747647,19.50
20,691,GMMPFAUDLR,EQ,64502,32986,51.14
20,692,GMRINFRA,EQ,5157734,1348908,26.15
20,693,GMRP&UI,EQ,1231167,756451,61.44
20,694,GNA,EQ,273204,145439,53.23
20,695,GNFC,EQ,3427603,942599,27.50
20,696,GOACARBON,EQ,20244,8047,39.75
20,697,GOCLCORP,EQ,119757,61733,51.55
20,698,GOCOLORS,EQ,54647,38995,71.36
20,699,GODFRYPHLP,EQ,151305,40367,26.68
20,700,GODREJAGRO,EQ,43979,19898,45.24
20,701,GODREJCP,EQ,537204,305161,56.81
20,702,GODREJIND,EQ,80251,35703,44.49
20,703,GODREJPROP,EQ,734835,240094,32.67
20,704,GOKEX,EQ,297678,91309,30.67
20,705,GOKUL,EQ,344041,106393,30.92
20,706,GOKULAGRO,EQ,70186,25205,35.91
20,707,GOLDBEES,EQ,4571747,3559101,77.85
20,708,GOLDETF,EQ,7915,7093,89.61
20,709,GOLDIAM,EQ,149775,88317,58.97
20,710,GOLDSHARE,EQ,3194020,3173682,99.36
20,711,GOLDSTAR,SM,22500,22500,100.00
20,712,GOODLUCK,EQ,414762,139223,33.57
20,713,GOYALSALT,SM,51000,33000,64.71
20,714,GPIL,EQ,226180,121436,53.69
20,715,GPPL,EQ,1162296,450051,38.72
20,716,GRANULES,EQ,384027,138332,36.02
20,717,GRAPHITE,EQ,445189,106379,23.90
20,718,GRASIM,EQ,512491,217305,42.40
20,719,GRAVITA,EQ,72506,39384,54.32
20,720,GREAVESCOT,EQ,439244,227961,51.90
20,721,GREENCHEF,SM,40000,32000,80.00
20,722,GREENLAM,EQ,1160189,180376,15.55
20,723,GREENPANEL,EQ,90704,36121,39.82
20,724,GREENPLY,EQ,69395,30803,44.39
20,725,GRINDWELL,EQ,65227,52755,80.88
20,726,GRINFRA,EQ,13041,8518,65.32
20,727,GRMOVER,EQ,92643,26839,28.97
20,728,GROBTEA,EQ,507,469,92.50
20,729,GRPLTD,EQ,293,264,90.10
20,730,GRSE,EQ,621277,120472,19.39
20,731,GRWRHITECH,EQ,10001,4764,47.64
20,732,GSEC10YEAR,EQ,56,54,96.43
20,733,GSFC,EQ,6832027,1285233,18.81
20,734,GSLSU,EQ,148991,59048,39.63
20,735,GSPL,EQ,262574,87318,33.25
20,736,GSS,EQ,10035,4148,41.34
20,737,GSTL,SM,7000,7000,100.00
20,738,GTLINFRA,EQ,10197130,6609949,64.82
20,739,GTPL,EQ,23224,10812,46.56
20,740,GUFICBIO,EQ,122188,59220,48.47
20,741,GUJALKALI,EQ,74211,28808,38.82
20,742,GUJGASLTD,EQ,1295921,316158,24.40
20,743,GULFOILLUB,EQ,353183,171544,48.57
20,744,GULPOLY,EQ,32166,16895,52.52
20,745,HAL,EQ,796456,422223,53.01
20,746,HAPPSTMNDS,EQ,129688,66654,51.40
20,747,HARDWYN,EQ,129758,73089,56.33
20,748,HARIOMPIPE,EQ,63119,31970,50.65
20,749,HARRMALAYA,EQ,18319,13354,72.90
20,750,HARSHA,EQ,74091,42187,56.94
20,751,HATHWAY,EQ,5104604,1213526,23.77
20,752,HATSUN,EQ,35219,20849,59.20
20,753,HAVELLS,EQ,497634,268468,53.95
20,754,HBLPOWER,EQ,1774108,729730,41.13
20,755,HBSL,EQ,152199,14525,9.54
20,756,HCC,EQ,32209013,8058315,25.02
20,757,HCG,EQ,75264,42039,55.86
20,758,HCLTECH,EQ,1158770,650521,56.14
20,759,HDFCAMC,EQ,391411,159006,40.62
20,760,HDFCBANK,EQ,11655491,7157538,61.41
20,761,HDFCBSE500,EQ,9753,1918,19.67
20,762,HDFCGOLD,EQ,625256,387953,62.05
20,763,HDFCGROWTH,EQ,1537,1197,77.88
20,764,HDFCLIFE,EQ,1882245,1024831,54.45
20,765,HDFCLIQUID,EQ,1720,1680,97.67
20,766,HDFCLOWVOL,EQ,4345,3496,80.46
20,767,HDFCMID150,EQ,110427,91408,82.78
20,768,HDFCMOMENT,EQ,56014,25798,46.06
20,769,HDFCNEXT50,EQ,7121,3993,56.07
20,770,HDFCNIF100,EQ,22468,6102,27.16
20,771,HDFCNIFBAN,EQ,5469,4564,83.45
20,772,HDFCNIFIT,EQ,3960,3529,89.12
20,773,HDFCNIFTY,EQ,60512,49026,81.02
20,774,HDFCPVTBAN,EQ,2198,1866,84.90
20,775,HDFCQUAL,EQ,5629,5398,95.90
20,776,HDFCSENSEX,EQ,4220,3263,77.32
20,777,HDFCSILVER,EQ,45253,31474,69.55
20,778,HDFCSML250,EQ,253558,231071,91.13
20,779,HDFCVALUE,EQ,2124,1047,49.29
20,780,HEADSUP,EQ,259088,121517,46.90
20,781,HEALTHY,EQ,52849,32450,61.40
20,782,HECPROJECT,EQ,16011,7958,49.70
20,783,HEG,EQ,82868,23686,28.58
20,784,HEIDELBERG,EQ,102419,51668,50.45
20,785,HEMIPROP,EQ,4384356,1558042,35.54
20,786,HERANBA,EQ,41636,18660,44.82
20,787,HERCULES,EQ,22050,9937,45.07
20,788,HERITGFOOD,EQ,296199,179925,60.74
20,789,HEROMOTOCO,EQ,265215,87199,32.88
20,790,HESTERBIO,EQ,1007,425,42.20
20,791,HEUBACHIND,EQ,48303,23339,48.32
20,792,HEXATRADEX,EQ,2630,1369,52.05
20,793,HFCL,EQ,4846851,1571589,32.42
20,794,HGINFRA,EQ,31993,14307,44.72
20,795,HGS,EQ,12177,7587,62.31
20,796,HIGREEN,SM,187200,108800,58.12
20,797,HIKAL,EQ,146152,82457,56.42
20,798,HIL,EQ,6643,3007,45.27
20,799,HILTON,EQ,18017,11739,65.16
20,800,HIMATSEIDE,EQ,2123990,605315,28.50
20,801,HINDALCO,EQ,7523779,4240687,56.36
20,802,HINDCOMPOS,EQ,3434,2095,61.01
20,803,HINDCOPPER,EQ,3557914,1008700,28.35
20,804,HINDMOTORS,EQ,343151,207962,60.60
20,805,HINDOILEXP,EQ,525719,208450,39.65
20,806,HINDPETRO,EQ,3326372,1033270,31.06
20,807,HINDUNILVR,EQ,875135,553346,63.23
20,808,HINDWAREAP,EQ,39306,21619,55.00
20,809,HINDZINC,EQ,325580,194605,59.77
20,810,HIRECT,EQ,61847,21624,34.96
20,811,HITECH,EQ,3445737,1281577,37.19
20,812,HITECHCORP,EQ,33659,13436,39.92
20,813,HITECHGEAR,EQ,14764,5683,38.49
20,814,HLEGLAS,EQ,48075,19033,39.59
20,815,HLVLTD,EQ,1777233,536092,30.16
20,816,HMAAGRO,EQ,67994,49724,73.13
20,817,HMVL,EQ,147112,101243,68.82
20,818,HNDFDS,EQ,86660,54508,62.90
20,819,HNGSNGBEES,EQ,97988,73878,75.39
20,820,HOLMARC,SM,33000,18000,54.55
20,821,HOMEFIRST,EQ,258382,134781,52.16
20,822,HONAUT,EQ,2457,1531,62.31
20,823,HONDAPOWER,EQ,7125,2449,34.37
20,824,HOVS,EQ,31448,6931,22.04
20,825,HPAL,EQ,114136,35813,31.38
20,826,HPL,EQ,266081,146958,55.23
20,827,HSCL,EQ,1033236,531489,51.44
20,828,HTMEDIA,EQ,374718,142471,38.02
20,829,HUBTOWN,EQ,127114,40842,32.13
20,830,HUDCO,EQ,6452535,2391443,37.06
20,831,HUDCO,N2,635,435,68.50
20,832,HUDCO,N8,506,506,100.00
20,833,HUDCO,N9,315,169,53.65
20,834,HUDCO,ND,3059,2314,75.65
20,835,HUDCO,NE,247,165,66.80
20,836,HUHTAMAKI,EQ,93166,43976,47.20
20,837,IBREALEST,EQ,5693258,1458830,25.62
20,838,IBUCCREDIT,NG,44,22,50.00
20,839,IBULHSGFIN,AB,1,1,100.00
20,840,IBULHSGFIN,AI,10,10,100.00
20,841,IBULHSGFIN,AN,6,6,100.00
20,842,IBULHSGFIN,AT,10,10,100.00
20,843,IBULHSGFIN,BF,49,42,85.71
20,844,IBULHSGFIN,BI,10,10,100.00
20,845,IBULHSGFIN,EQ,6735967,2783143,41.32
20,846,IBULHSGFIN,N0,25,25,100.00
20,847,IBULHSGFIN,NA,341,341,100.00
20,848,IBULHSGFIN,NE,1,1,100.00
20,849,IBULHSGFIN,NQ,32,32,100.00
20,850,IBULHSGFIN,Y3,47,47,100.00
20,851,IBULHSGFIN,YG,15,15,100.00
20,852,IBULHSGFIN,YK,1,1,100.00
20,853,IBULHSGFIN,YT,30,30,100.00
20,854,IBULHSGFIN,YZ,31,31,100.00
20,855,IBULHSGFIN,Z5,5,5,100.00
20,856,IBULHSGFIN,ZK,5,5,100.00
20,857,IBULHSGFIN,ZR,42,21,50.00
20,858,IBULHSGFIN,ZW,40,40,100.00
20,859,IBULHSGFIN,ZX,10,10,100.00
20,860,ICEMAKE,EQ,35476,15209,42.87
20,861,ICICI500,EQ,58741,51104,87.00
20,862,ICICI5GSEC,EQ,968,902,93.18
20,863,ICICIALPLV,EQ,149072,142098,95.32
20,864,ICICIAUTO,EQ,51435,15907,30.93
20,865,ICICIB22,EQ,566756,507685,89.58
20,866,ICICIBANK,EQ,7687791,4280229,55.68
20,867,ICICIBANKN,EQ,1261355,1093187,86.67
20,868,ICICIBANKP,EQ,15825,12124,76.61
20,869,ICICICOMMO,EQ,13273,9860,74.29
20,870,ICICICONSU,EQ,16239,13575,83.60
20,871,ICICIFIN,EQ,20684,16001,77.36
20,872,ICICIFMCG,EQ,2259,1839,81.41
20,873,ICICIGI,EQ,222640,99057,44.49
20,874,ICICIGOLD,EQ,587693,506310,86.15
20,875,ICICIINFRA,EQ,29778,18499,62.12
20,876,ICICILIQ,EQ,262791,199622,75.96
20,877,ICICILOVOL,EQ,172545,141518,82.02
20,878,ICICIM150,EQ,122690,59296,48.33
20,879,ICICIMCAP,EQ,36309,7692,21.18
20,880,ICICIMOM30,EQ,34990,14861,42.47
20,881,ICICINF100,EQ,8777,5389,61.40
20,882,ICICINIFTY,EQ,250421,214747,85.75
20,883,ICICINV20,EQ,27108,17257,63.66
20,884,ICICINXT50,EQ,74350,56554,76.06
20,885,ICICIPHARM,EQ,21595,13626,63.10
20,886,ICICIPRULI,EQ,765664,434176,56.71
20,887,ICICIQTY30,EQ,464,428,92.24
20,888,ICICISENSX,EQ,1535,1372,89.38
20,889,ICICISILVE,EQ,168117,84632,50.34
20,890,ICICITECH,EQ,153204,63934,41.73
20,891,ICIL,EQ,3240080,887010,27.38
20,892,ICRA,EQ,1286,674,52.41
20,893,IDBI,EQ,10045182,4407712,43.88
20,894,IDEA,EQ,361623422,77378293,21.40
20,895,IDEAFORGE,EQ,116502,55454,47.60
20,896,IDFC,EQ,18113123,7560026,41.74
20,897,IDFCFIRSTB,EQ,70055215,21772163,31.08
20,898,IDFNIFTYET,EQ,1608,1244,77.36
20,899,IEX,EQ,2876345,1059054,36.82
20,900,IFBAGRO,EQ,2403,1480,61.59
20,901,IFBIND,EQ,16857,8738,51.84
20,902,IFCI,EQ,27291022,4960859,18.18
20,903,IFCI,NH,459,459,100.00
20,904,IFCI,NL,565,465,82.30
20,905,IFGLEXPOR,EQ,17938,9523,53.09
20,906,IGARASHI,EQ,55758,24963,44.77
20,907,IGL,EQ,2323555,1161428,49.98
20,908,IGPL,EQ,21284,10023,47.09
20,909,IIFCL,N4,3,3,100.00
20,910,IIFL,EQ,675364,355453,52.63
20,911,IIFL,N7,45,35,77.78
20,912,IIFL,NC,50,50,100.00
20,913,IIFL,NE,271,271,100.00
20,914,IIFL,NF,1768,1711,96.78
20,915,IIFL,NJ,250,250,100.00
20,916,IIFL,NL,1106,1086,98.19
20,917,IIFL,NM,130,130,100.00
20,918,IIFL,NO,271,271,100.00
20,919,IIFL,NS,2040,2040,100.00
20,920,IIFL,NW,121,121,100.00
20,921,IIFL,NZ,379,379,100.00
20,922,IIFLSEC,EQ,1134671,408768,36.03
20,923,IIHFL,N4,36,36,100.00
20,924,IIHFL,N5,1255,1245,99.20
20,925,IIHFL,N9,462,462,100.00
20,926,IIHFL,NC,259,165,63.71
20,927,IITL,EQ,75826,31801,41.94
20,928,IKIO,EQ,235314,106528,45.27
20,929,IMAGICAA,EQ,1925316,796845,41.39
20,930,IMC1,N0,260,260,100.00
20,931,IMFA,EQ,115091,61580,53.51
20,932,IMPAL,EQ,706,534,75.64
20,933,INCREDFIN,N2,75,50,66.67
20,934,INDHOTEL,EQ,5308844,1601676,30.17
20,935,INDIACEM,EQ,1588044,373810,23.54
20,936,INDIAGLYCO,EQ,21163,9793,46.27
20,937,INDIAMART,EQ,455369,145705,32.00
20,938,INDIANB,EQ,871862,428411,49.14
20,939,INDIANCARD,EQ,1669,1122,67.23
20,940,INDIANHUME,EQ,31037,17163,55.30
20,941,INDIGO,EQ,631220,363457,57.58
20,942,INDIGOPNTS,EQ,53527,26692,49.87
20,943,INDIGRID,IV,290913,251725,86.53
20,944,INDIGRID,NJ,1657,1150,69.40
20,945,INDNIPPON,EQ,30537,16644,54.50
20,946,INDOAMIN,EQ,33579,14245,42.42
20,947,INDOCO,EQ,132005,49259,37.32
20,948,INDORAMA,EQ,335885,129973,38.70
20,949,INDOTHAI,EQ,8084,6340,78.43
20,950,INDSWFTLAB,EQ,60689,22461,37.01
20,951,INDTERRAIN,EQ,278808,103535,37.13
20,952,INDUSINDBK,EQ,2255111,1336295,59.26
20,953,INDUSTOWER,EQ,8786437,3185215,36.25
20,954,INFIBEAM,EQ,16457123,3370156,20.48
20,955,INFINIUM,SM,22500,19000,84.44
20,956,INFOBEAN,EQ,10265,4537,44.20
20,957,INFOLLION,SM,19200,13600,70.83
20,958,INFRABEES,EQ,2738,1815,66.29
20,959,INFY,EQ,2667696,1542504,57.82
20,960,INGERRAND,EQ,5406,2644,48.91
20,961,INNOVANA,SM,200,200,100.00
20,962,INNOVATIVE,SM,39000,33000,84.62
20,963,INOXGREEN,EQ,1541702,753037,48.84
20,964,INOXWIND,EQ,6641514,2387797,35.95
20,965,INSECTICID,EQ,111837,37494,33.53
20,966,INSPIRE,SM,6000,4000,66.67
20,967,INTELLECT,EQ,1769726,335347,18.95
20,968,INTENTECH,EQ,232589,133617,57.45
20,969,INTLCONV,EQ,380054,237073,62.38
20,970,INVENTURE,EQ,1509579,966357,64.02
20,971,IOB,EQ,63681160,8134019,12.77
20,972,IOC,EQ,10175983,4816283,47.33
20,973,IOLCP,EQ,94811,29925,31.56
20,974,IONEXCHANG,EQ,196271,103795,52.88
20,975,IPCALAB,EQ,184582,61064,33.08
20,976,IPL,EQ,476634,222315,46.64
20,977,IPSL,SM,7000,7000,100.00
20,978,IRB,EQ,58815778,14621899,24.86
20,979,IRBINVIT,IV,275449,258572,93.87
20,980,IRCON,EQ,8862371,2165780,24.44
20,981,IRCTC,EQ,988891,428260,43.31
20,982,IREDA,N6,500,500,100.00
20,983,IREDA,N7,200,200,100.00
20,984,IRFC,EQ,44719772,8409661,18.81
20,985,IRFC,N9,62,62,100.00
20,986,IRFC,NA,7,7,100.00
20,987,IRFC,NB,50,50,100.00
20,988,IRFC,ND,100,50,50.00
20,989,IRFC,NE,50,50,100.00
20,990,IRFC,NI,281,231,82.21
20,991,IRFC,NJ,26,26,100.00
20,992,IRFC,NK,260,260,100.00
20,993,IRFC,NN,212,211,99.53
20,994,IRFC,NO,200,200,100.00
20,995,IRISDOREME,EQ,180875,45462,25.13
20,996,IRMENERGY,EQ,687495,171223,24.91
20,997,ISEC,EQ,191920,83454,43.48
20,998,ISFT,EQ,8396,4933,58.75
20,999,ISGEC,EQ,72629,36525,50.29
20,1000,ISHAN,SM,80000,51200,64.00
20,1001,ISMTLTD,EQ,913306,356796,39.07
20,1002,ITBEES,EQ,2318989,1488190,64.17
20,1003,ITC,EQ,7618033,5019200,65.89
20,1004,ITDC,EQ,175452,46226,26.35
20,1005,ITDCEM,EQ,914175,442856,48.44
20,1006,ITETF,EQ,1926,1819,94.44
20,1007,ITI,EQ,2673089,435348,16.29
20,1008,IVC,EQ,843563,670687,79.51
20,1009,IVP,EQ,37979,19761,52.03
20,1010,IVZINGOLD,EQ,54,28,51.85
20,1011,IVZINNIFTY,EQ,2,1,50.00
20,1012,IWEL,EQ,15458,8724,56.44
20,1013,JAGRAN,EQ,310673,176150,56.70
20,1014,JAGSNPHARM,EQ,7309,3576,48.93
20,1015,JAICORPLTD,EQ,1641409,549936,33.50
20,1016,JAINAM,SM,2000,2000,100.00
20,1017,JAIPURKURT,EQ,28618,15290,53.43
20,1018,JALAN,SM,9000,9000,100.00
20,1019,JAMNAAUTO,EQ,1163000,508769,43.75
20,1020,JASH,EQ,895,611,68.27
20,1021,JAYAGROGN,EQ,435988,127427,29.23
20,1022,JAYBARMARU,EQ,204676,94682,46.26
20,1023,JAYNECOIND,EQ,239818,94511,39.41
20,1024,JAYSREETEA,EQ,34167,13188,38.60
20,1025,JBCHEPHARM,EQ,108119,70211,64.94
20,1026,JCHAC,EQ,39343,19497,49.56
20,1027,JETFREIGHT,EQ,2148235,753496,35.08
20,1028,JETKNIT,SM,4500,4500,100.00
20,1029,JFLLIFE,SM,4000,4000,100.00
20,1030,JHS,EQ,215830,153332,71.04
20,1031,JINDALPHOT,EQ,28896,13402,46.38
20,1032,JINDALPOLY,EQ,29213,13984,47.87
20,1033,JINDALSAW,EQ,3136770,1363168,43.46
20,1034,JINDALSTEL,EQ,1093581,424012,38.77
20,1035,JINDRILL,EQ,110042,30747,27.94
20,1036,JINDWORLD,EQ,61980,18914,30.52
20,1037,JIOFIN,EQ,13508666,7913930,58.58
20,1038,JISLJALEQS,EQ,6002481,3241448,54.00
20,1039,JIWANRAM,SM,30000,30000,100.00
20,1040,J&KBANK,EQ,3135294,913932,29.15
20,1041,JKCEMENT,EQ,190425,147256,77.33
20,1042,JKIL,EQ,224995,59801,26.58
20,1043,JKLAKSHMI,EQ,313002,143217,45.76
20,1044,JKPAPER,EQ,408540,172214,42.15
20,1045,JKTYRE,EQ,1080554,230745,21.35
20,1046,JLHL,EQ,25194,11580,45.96
20,1047,JMA,EQ,222755,78323,35.16
20,1048,JMFINANCIL,EQ,2459744,885698,36.01
20,1049,JOCIL,EQ,12464,8638,69.30
20,1050,JPASSOCIAT,EQ,193815108,61329904,31.64
20,1051,JPOLYINVST,EQ,27372,10572,38.62
20,1052,JPPOWER,EQ,158053255,37840037,23.94
20,1053,JSL,EQ,593978,361249,60.82
20,1054,JSLL,SM,90000,64700,71.89
20,1055,JSWENERGY,EQ,2842071,675078,23.75
20,1056,JSWHL,EQ,2603,933,35.84
20,1057,JSWINFRA,EQ,5625385,3240920,57.61
20,1058,JSWSTEEL,EQ,1162173,489768,42.14
20,1059,JTEKTINDIA,EQ,109616,74911,68.34
20,1060,JTLIND,EQ,317247,210011,66.20
20,1061,JUBLFOOD,EQ,2502645,959545,38.34
20,1062,JUBLINDS,EQ,11274,6640,58.90
20,1063,JUBLINGREA,EQ,536052,393873,73.48
20,1064,JUBLPHARMA,EQ,1217764,508156,41.73
20,1065,JUNIORBEES,EQ,75451,43160,57.20
20,1066,JUSTDIAL,EQ,62087,20152,32.46
20,1067,JWL,EQ,2199581,936510,42.58
20,1068,JYOTHYLAB,EQ,358988,144038,40.12
20,1069,KABRAEXTRU,EQ,51574,30801,59.72
20,1070,KAJARIACER,EQ,86082,39422,45.80
20,1071,KAKATCEM,EQ,6964,3630,52.13
20,1072,KALAMANDIR,EQ,381715,175570,46.00
20,1073,KALYANKJIL,EQ,3060863,1186037,38.75
20,1074,KAMATHOTEL,EQ,111016,54478,49.07
20,1075,KAMDHENU,EQ,19106,9013,47.17
20,1076,KANANIIND,EQ,219394,163345,74.45
20,1077,KANORICHEM,EQ,26595,11458,43.08
20,1078,KANPRPLA,EQ,3749,1662,44.33
20,1079,KANSAINER,EQ,71998,36311,50.43
20,1080,KAPSTON,EQ,25461,15760,61.90
20,1081,KARNIKA,SM,28800,27200,94.44
20,1082,KARURVYSYA,EQ,1219599,583619,47.85
20,1083,KAVVERITEL,EQ,26514,15838,59.73
20,1084,KAYA,EQ,15547,10379,66.76
20,1085,KAYNES,EQ,45289,21374,47.19
20,1086,KBCGLOBAL,EQ,4268086,2707817,63.44
20,1087,KCP,EQ,351926,126692,36.00
20,1088,KDDL,EQ,22598,9730,43.06
20,1089,KDL,SM,13200,11600,87.88
20,1090,KEC,EQ,143922,56305,39.12
20,1091,KECL,EQ,244634,125388,51.26
20,1092,KEI,EQ,296043,129427,43.72
20,1093,KEL,SM,7200,6000,83.33
20,1094,KELLTONTEC,EQ,407375,161968,39.76
20,1095,KFINTECH,EQ,92172,53257,57.78
20,1096,KHADIM,EQ,253851,92434,36.41
20,1097,KHAICHEM,EQ,82969,54127,65.24
20,1098,KHANDSE,EQ,15711,7698,49.00
20,1099,KHFM,SM,31000,24800,80.00
20,1100,KICL,EQ,1564,733,46.87
20,1101,KIMS,EQ,53797,34494,64.12
20,1102,KINGFA,EQ,3333,1485,44.55
20,1103,KIOCL,EQ,687006,286829,41.75
20,1104,KIRIINDUS,EQ,65407,31183,47.68
20,1105,KIRLOSBROS,EQ,33245,19412,58.39
20,1106,KIRLOSENG,EQ,248595,101175,40.70
20,1107,KIRLOSIND,EQ,1247,645,51.72
20,1108,KIRLPNU,EQ,51193,32591,63.66
20,1109,KITEX,EQ,87266,36001,41.25
20,1110,KKCL,EQ,40462,13807,34.12
20,1111,KMSUGAR,EQ,656878,134785,20.52
20,1112,KNAGRI,SM,10400,8000,76.92
20,1113,KNRCON,EQ,625767,417659,66.74
20,1114,KODYTECH,SM,134400,87200,64.88
20,1115,KOHINOOR,EQ,285393,54318,19.03
20,1116,KOLTEPATIL,EQ,143672,61096,42.52
20,1117,KONTOR,SM,22800,22800,100.00
20,1118,KOPRAN,EQ,765598,305709,39.93
20,1119,KORE,SM,17000,13500,79.41
20,1120,KOTAKALPHA,EQ,150157,129411,86.18
20,1121,KOTAKBANK,EQ,1511563,797757,52.78
20,1122,KOTAKBKETF,EQ,107126,95727,89.36
20,1123,KOTAKCONS,EQ,396,359,90.66
20,1124,KOTAKGOLD,EQ,329420,204584,62.10
20,1125,KOTAKIT,EQ,48252,36851,76.37
20,1126,KOTAKLIQ,EQ,522,517,99.04
20,1127,KOTAKLOVOL,EQ,5226,3349,64.08
20,1128,KOTAKMID50,EQ,44457,31140,70.05
20,1129,KOTAKMNC,EQ,2766,1412,51.05
20,1130,KOTAKNIFTY,EQ,36666,25591,69.79
20,1131,KOTAKNV20,EQ,9960,7142,71.71
20,1132,KOTAKPSUBK,EQ,7762,4631,59.66
20,1133,KOTAKSILVE,EQ,9526,8365,87.81
20,1134,KOTHARIPET,EQ,95223,35057,36.82
20,1135,KOTHARIPRO,EQ,3930,2696,68.60
20,1136,KOTYARK,SM,334400,171000,51.14
20,1137,KPIGREEN,EQ,115927,41063,35.42
20,1138,KPIL,EQ,186301,104544,56.12
20,1139,KPITTECH,EQ,3037769,480347,15.81
20,1140,KPRMILL,EQ,753769,309575,41.07
20,1141,KRBL,EQ,223203,62386,27.95
20,1142,KREBSBIO,EQ,9232,3953,42.82
20,1143,KRISHANA,EQ,33783,22388,66.27
20,1144,KRISHCA,SM,100000,86000,86.00
20,1145,KRISHIVAL,SM,8500,7500,88.24
20,1146,KRISHNADEF,SM,26500,21500,81.13
20,1147,KRITI,EQ,24416,14037,57.49
20,1148,KRSNAA,EQ,38827,21934,56.49
20,1149,KSB,EQ,186634,146446,78.47
20,1150,KSCL,EQ,91467,32450,35.48
20,1151,KSL,EQ,391221,62227,15.91
20,1152,KTKBANK,EQ,864897,376878,43.57
20,1153,KUANTUM,EQ,59404,22437,37.77
20,1154,LAGNAM,EQ,41650,26667,64.03
20,1155,LALPATHLAB,EQ,181739,99236,54.60
20,1156,LAMBODHARA,EQ,16386,8327,50.82
20,1157,LANDMARK,EQ,50806,21363,42.05
20,1158,LAOPALA,EQ,91518,30872,33.73
20,1159,LATENTVIEW,EQ,720915,312484,43.35
20,1160,LATTEYS,EQ,77773,22999,29.57
20,1161,LAURUSLABS,EQ,972811,281199,28.91
20,1162,LAXMICOT,EQ,104627,52007,49.71
20,1163,LAXMIMACH,EQ,2511,1196,47.63
20,1164,LEMERITE,SM,14400,9600,66.67
20,1165,LEMONTREE,EQ,3697706,1502209,40.63
20,1166,LFIC,EQ,4299,2882,67.04
20,1167,LGBBROSLTD,EQ,54271,27301,50.30
20,1168,LGBFORGE,EQ,68473,46166,67.42
20,1169,LIBAS,EQ,1869755,66899,3.58
20,1170,LIBERTSHOE,EQ,345376,81699,23.66
20,1171,LICHSGFIN,EQ,2207793,691229,31.31
20,1172,LICI,EQ,465617,262674,56.41
20,1173,LICMFGOLD,EQ,441,344,78.00
20,1174,LICNETFGSC,EQ,12494,7289,58.34
20,1175,LICNETFN50,EQ,155,112,72.26
20,1176,LICNETFSEN,EQ,2145,138,6.43
20,1177,LICNFNHGP,EQ,2504,124,4.95
20,1178,LIKHITHA,EQ,93598,45615,48.74
20,1179,LINC,EQ,62175,27084,43.56
20,1180,LINCOLN,EQ,28913,15122,52.30
20,1181,LINDEINDIA,EQ,32086,10474,32.64
20,1182,LIQUID,EQ,49325,15565,31.56
20,1183,LIQUIDBEES,EQ,2583800,1863561,72.12
20,1184,LIQUIDETF,EQ,366112,311087,84.97
20,1185,LLOYDS,SM,32000,30000,93.75
20,1186,LLOYDSME,EQ,101159,66476,65.71
20,1187,LODHA,EQ,1300281,407793,31.36
20,1188,LOKESHMACH,EQ,809773,223292,27.57
20,1189,LORDSCHLO,EQ,16607,9754,58.73
20,1190,LOTUSEYE,EQ,3113,2808,90.20
20,1191,LOVABLE,EQ,16250,9809,60.36
20,1192,LOWVOL,EQ,55,37,67.27
20,1193,LOYALTEX,EQ,152,103,67.76
20,1194,LT,EQ,1693052,1025189,60.55
20,1195,L&TFH,EQ,9325463,3231375,34.65
20,1196,L&TFINANCE,NC,77,77,100.00
20,1197,L&TFINANCE,NE,116,116,100.00
20,1198,L&TFINANCE,NG,672,496,73.81
20,1199,L&TFINANCE,NO,757,757,100.00
20,1200,L&TFINANCE,NU,172,92,53.49
20,1201,L&TFINANCE,NW,4,4,100.00
20,1202,L&TFINANCE,Y5,153,153,100.00
20,1203,L&TFINANCE,Y7,99,99,100.00
20,1204,LTGILTBEES,EQ,113545,107900,95.03
20,1205,LTIM,EQ,276530,142451,51.51
20,1206,LTTS,EQ,136413,57713,42.31
20,1207,LUMAXIND,EQ,2206,1220,55.30
20,1208,LUMAXTECH,EQ,59932,33333,55.62
20,1209,LUPIN,EQ,1570477,831588,52.95
20,1210,LUXIND,EQ,37049,20309,54.82
20,1211,LXCHEM,EQ,498212,150054,30.12
20,1212,LYKALABS,EQ,87531,47681,54.47
20,1213,MAANALU,EQ,218144,168446,77.22
20,1214,MADHAV,EQ,25473,7517,29.51
20,1215,MADHAVBAUG,SM,3600,3200,88.89
20,1216,MADHUCON,EQ,25932,16134,62.22
20,1217,MADHUSUDAN,SM,114000,100000,87.72
20,1218,MADRASFERT,EQ,714782,110995,15.53
20,1219,MAFANG,EQ,293938,141796,48.24
20,1220,MAGADSUGAR,EQ,96140,26064,27.11
20,1221,MAGSON,SM,22000,18000,81.82
20,1222,MAHABANK,EQ,24508802,4708548,19.21
20,1223,MAHAPEXLTD,EQ,24224,22554,93.11
20,1224,MAHASTEEL,EQ,439240,155181,35.33
20,1225,MAHEPC,EQ,235622,82098,34.84
20,1226,MAHESHWARI,EQ,225458,83958,37.24
20,1227,MAHKTECH,EQ,376223,305789,81.28
20,1228,MAHLIFE,EQ,188425,138416,73.46
20,1229,MAHLOG,EQ,173024,96875,55.99
20,1230,MAHSCOOTER,EQ,4442,2395,53.92
20,1231,MAHSEAMLES,EQ,442798,281709,63.62
20,1232,MAITHANALL,EQ,17517,6581,37.57
20,1233,MAKEINDIA,EQ,4248,3640,85.69
20,1234,MAKS,SM,52500,36000,68.57
20,1235,MAL,SM,32000,24000,75.00
20,1236,MALLCOM,EQ,5426,3025,55.75
20,1237,MALUPAPER,EQ,23513,8523,36.25
20,1238,MANAKALUCO,EQ,44061,23766,53.94
20,1239,MANAKSIA,EQ,57435,26641,46.38
20,1240,MANAKSTEEL,EQ,80592,34283,42.54
20,1241,MANALIPETC,EQ,480177,176357,36.73
20,1242,MANAPPURAM,EQ,6319097,2982179,47.19
20,1243,MANGALAM,EQ,44162,14375,32.55
20,1244,MANGCHEFER,EQ,180028,99775,55.42
20,1245,MANGLMCEM,EQ,226529,153607,67.81
20,1246,MANINDS,EQ,363866,189905,52.19
20,1247,MANINFRA,EQ,566005,212105,37.47
20,1248,MANKIND,EQ,110192,50504,45.83
20,1249,MANOMAY,EQ,2173,1383,63.64
20,1250,MANORAMA,EQ,3656,2715,74.26
20,1251,MANORG,EQ,5423,3387,62.46
20,1252,MANYAVAR,EQ,73479,30981,42.16
20,1253,MAPMYINDIA,EQ,340593,88052,25.85
20,1254,MARALOVER,EQ,16659,10569,63.44
20,1255,MARATHON,EQ,44813,23265,51.92
20,1256,MARCO,SM,72000,60000,83.33
20,1257,MARICO,EQ,1068984,613931,57.43
20,1258,MARKSANS,EQ,1002521,542418,54.11
20,1259,MARSHALL,EQ,316828,167199,52.77
20,1260,MARUTI,EQ,991168,476045,48.03
20,1261,MASFIN,EQ,22140,10214,46.13
20,1262,MASPTOP50,EQ,382234,169666,44.39
20,1263,MASTEK,EQ,107004,34063,31.83
20,1264,MASTER,SM,65000,64000,98.46
20,1265,MATRIMONY,EQ,6733,4150,61.64
20,1266,MAWANASUG,EQ,108085,25885,23.95
20,1267,MAXHEALTH,EQ,1499242,1136246,75.79
20,1268,MAXIND,EQ,88858,29367,33.05
20,1269,MAYURUNIQ,EQ,22256,11361,51.05
20,1270,MAZDA,EQ,8139,3420,42.02
20,1271,MAZDOCK,EQ,1593751,343729,21.57
20,1272,MBAPL,EQ,41612,26444,63.55
20,1273,MBLINFRA,EQ,115079,111631,97.00
20,1274,MCDOWELL-N,EQ,667943,324064,48.52
20,1275,MCON,SM,11000,9000,81.82
20,1276,MCX,EQ,500622,94339,18.84
20,1277,MDL,SM,4000,2000,50.00
20,1278,MEDANTA,EQ,214459,162619,75.83
20,1279,MEDICAMEQ,EQ,614714,73078,11.89
20,1280,MEDICO,EQ,593548,445038,74.98
20,1281,MEDPLUS,EQ,100264,38055,37.95
20,1282,MEGAFLEX,SM,12000,12000,100.00
20,1283,MEGASTAR,EQ,16744,12406,74.09
20,1284,MENONBE,EQ,55337,22779,41.16
20,1285,MEP,EQ,187154,141397,75.55
20,1286,METROBRAND,EQ,39149,11132,28.43
20,1287,METROPOLIS,EQ,337054,146980,43.61
20,1288,MFSL,EQ,764331,513453,67.18
20,1289,MGEL,EQ,159437,87120,54.64
20,1290,MGL,EQ,1808306,139326,7.70
20,1291,MHHL,SM,228000,184500,80.92
20,1292,MHLXMIRU,EQ,5144,3667,71.29
20,1293,MHRIL,EQ,143172,58304,40.72
20,1294,MICEL,EQ,1921155,933108,48.57
20,1295,MID150BEES,EQ,347725,282268,81.18
20,1296,MIDCAPETF,EQ,572299,423290,73.96
20,1297,MIDHANI,EQ,326868,130237,39.84
20,1298,MILTON,SM,8800,8800,100.00
20,1299,MINDACORP,EQ,394352,154760,39.24
20,1300,MINDSPACE,RR,58846,43611,74.11
20,1301,MINDTECK,EQ,30002,14903,49.67
20,1302,MIRZAINT,EQ,533427,220193,41.28
20,1303,MITCON,EQ,9473,7406,78.18
20,1304,MITTAL,EQ,489113,233434,47.73
20,1305,MKPL,EQ,140041,69631,49.72
20,1306,M&M,EQ,2637486,1210710,45.90
20,1307,M&MFIN,EQ,29974283,11169337,37.26
20,1308,M&MFIN,N1,35,35,100.00
20,1309,M&MFIN,N2,480,480,100.00
20,1310,M&MFIN,N3,100,100,100.00
20,1311,MMFL,EQ,13703,7853,57.31
20,1312,MMP,EQ,5567,4653,83.58
20,1313,MMTC,EQ,14945724,4875101,32.62
20,1314,MOGSEC,EQ,41569,39664,95.42
20,1315,MOHEALTH,EQ,4999,2556,51.13
20,1316,MOIL,EQ,1385452,343507,24.79
20,1317,MOL,EQ,282131,144167,51.10
20,1318,MOLDTECH,EQ,418687,215933,51.57
20,1319,MOLDTKPAC,EQ,78441,37750,48.13
20,1320,MOLOWVOL,EQ,1917,118,6.16
20,1321,MOM100,EQ,202203,146978,72.69
20,1322,MOM50,EQ,8868,4868,54.89
20,1323,MOMENTUM,EQ,47284,24015,50.79
20,1324,MOMOMENTUM,EQ,55192,15886,28.78
20,1325,MON100,EQ,384271,278921,72.58
20,1326,MONARCH,EQ,414238,148688,35.89
20,1327,MONIFTY500,EQ,28043,20741,73.96
20,1328,MONOPHARMA,SM,36000,28000,77.78
20,1329,MONQ50,EQ,15723,8411,53.49
20,1330,MONTECARLO,EQ,12003,6584,54.85
20,1331,MOQUALITY,EQ,743,742,99.87
20,1332,MORARJEE,EQ,409424,167958,41.02
20,1333,MOREPENLAB,EQ,1603224,431454,26.91
20,1334,MOS,SM,224000,73600,32.86
20,1335,MOTHERSON,EQ,4389924,2264694,51.59
20,1336,MOTILALOFS,EQ,350637,128854,36.75
20,1337,MOVALUE,EQ,4587,3191,69.57
20,1338,MOXSH,SM,7200,7200,100.00
20,1339,MPHASIS,EQ,526663,216265,41.06
20,1340,MPSLTD,EQ,33913,15126,44.60
20,1341,MRF,EQ,4654,994,21.36
20,1342,MRO-TEK,EQ,43103,13497,31.31
20,1343,MRPL,EQ,17394302,2562680,14.73
20,1344,MSTCLTD,EQ,182555,63510,34.79
20,1345,MSUMI,EQ,2713026,1387985,51.16
20,1346,MTARTECH,EQ,158436,78720,49.69
20,1347,MTNL,EQ,5348101,975584,18.24
20,1348,MUKANDLTD,EQ,228560,129308,56.58
20,1349,MUNJALAU,EQ,92619,46990,50.73
20,1350,MUNJALSHOW,EQ,18800,9541,50.75
20,1351,MURUDCERA,EQ,924014,427966,46.32
20,1352,MUTHOOTCAP,EQ,181267,75686,41.75
20,1353,MUTHOOTFIN,EQ,544198,148400,27.27
20,1354,MVGJL,EQ,167375,101137,60.43
20,1355,MWL,SM,8400,8400,100.00
20,1356,NABARD,N2,1546,1000,64.68
20,1357,NACLIND,EQ,108036,67683,62.65
20,1358,NAGAFERT,EQ,417804,275652,65.98
20,1359,NAGREEKCAP,EQ,6195,3005,48.51
20,1360,NAGREEKEXP,EQ,13604,2740,20.14
20,1361,NAHARCAP,EQ,6398,3841,60.03
20,1362,NAHARINDUS,EQ,45644,18010,39.46
20,1363,NAHARPOLY,EQ,13985,6357,45.46
20,1364,NAHARSPING,EQ,43555,25498,58.54
20,1365,NAM-INDIA,EQ,402987,104964,26.05
20,1366,NARMADA,EQ,5713,2319,40.59
20,1367,NATCOPHARM,EQ,246832,145513,58.95
20,1368,NATHBIOGEN,EQ,22483,14732,65.53
20,1369,NATIONALUM,EQ,4576393,1911796,41.78
20,1370,NAUKRI,EQ,280927,182410,64.93
20,1371,NAVA,EQ,348195,183462,52.69
20,1372,NAVIFIN,N0,284,284,100.00
20,1373,NAVIFIN,N2,82,82,100.00
20,1374,NAVIFIN,N5,32,32,100.00
20,1375,NAVIFIN,N7,100,100,100.00
20,1376,NAVINFLUOR,EQ,484497,293137,60.50
20,1377,NAVINIFTY,EQ,430,283,65.81
20,1378,NAVKARCORP,EQ,384671,190931,49.63
20,1379,NAVNETEDUL,EQ,215339,112034,52.03
20,1380,NAZARA,EQ,126493,41605,32.89
20,1381,NBCC,EQ,55216321,11378386,20.61
20,1382,NBIFIN,EQ,163,141,86.50
20,1383,NCC,EQ,4241956,2046383,48.24
20,1384,NCLIND,EQ,101813,54171,53.21
20,1385,NDGL,EQ,487,244,50.10
20,1386,NDL,EQ,46272,30544,66.01
20,1387,NDTV,EQ,182569,59546,32.62
20,1388,NECCLTD,EQ,109754,31820,28.99
20,1389,NECLIFE,EQ,189006,63591,33.64
20,1390,NELCAST,EQ,269002,113165,42.07
20,1391,NELCO,EQ,37268,14297,38.36
20,1392,NEOGEN,EQ,38012,16905,44.47
20,1393,NESCO,EQ,25828,11993,46.43
20,1394,NESTLEIND,EQ,72614,33479,46.11
20,1395,NETF,EQ,10059,3367,33.47
20,1396,NETWEB,EQ,74854,39816,53.19
20,1397,NETWORK18,EQ,1233089,352300,28.57
20,1398,NEULANDLAB,EQ,11066,6255,56.52
20,1399,NEWGEN,EQ,211554,116086,54.87
20,1400,NEWJAISA,SM,813000,519000,63.84
20,1401,NEXT50,EQ,1036,675,65.15
20,1402,NFL,EQ,4636940,1376593,29.69
20,1403,NGIL,EQ,221245,28261,12.77
20,1404,NGLFINE,EQ,2757,1181,42.84
20,1405,NH,EQ,172046,88491,51.43
20,1406,NHAI,N2,11821,11817,99.97
20,1407,NHAI,N3,2,2,100.00
20,1408,NHAI,N4,133,128,96.24
20,1409,NHAI,N5,10,10,100.00
20,1410,NHAI,N6,178,135,75.84
20,1411,NHAI,N8,60,57,95.00
20,1412,NHAI,N9,643,643,100.00
20,1413,NHAI,NA,28,28,100.00
20,1414,NHAI,NC,2,2,100.00
20,1415,NHAI,NE,1431,1431,100.00
20,1416,NHBTF2014,N4,85,85,100.00
20,1417,NHBTF2014,N6,10,10,100.00
20,1418,NHBTF2023,N6,50,50,100.00
20,1419,NHIT,N1,4752,4752,100.00
20,1420,NHIT,N2,959,932,97.18
20,1421,NHIT,N3,1045,795,76.08
20,1422,NHPC,EQ,11505454,6001496,52.16
20,1423,NIACL,EQ,371587,133260,35.86
20,1424,NIBL,EQ,4972,3931,79.06
20,1425,NIDAN,SM,7000,5000,71.43
20,1426,NIDO,N6,221,221,100.00
20,1427,NIDO,N7,160,100,62.50
20,1428,NIF100BEES,EQ,9248,5587,60.41
20,1429,NIFMID150,EQ,568,442,77.82
20,1430,NIFTYBEES,EQ,2918057,1673854,57.36
20,1431,NIFTYETF,EQ,62113,59906,96.45
20,1432,NIFTYQLITY,EQ,18051,11308,62.64
20,1433,NIITLTD,EQ,790712,187903,23.76
20,1434,NIITMTS,EQ,444478,195722,44.03
20,1435,NILASPACES,EQ,220565,145707,66.06
20,1436,NILKAMAL,EQ,2350,1462,62.21
20,1437,NINSYS,EQ,4597,2246,48.86
20,1438,NIRMAN,SM,31200,25200,80.77
20,1439,NITCO,EQ,2064740,1076212,52.12
20,1440,NITINSPIN,EQ,74464,35330,47.45
20,1441,NLCINDIA,EQ,5456439,1767307,32.39
20,1442,NMDC,EQ,6267611,2500805,39.90
20,1443,NOCIL,EQ,256442,94110,36.70
20,1444,NOIDATOLL,EQ,351419,234168,66.63
20,1445,NPBET,EQ,665,524,78.80
20,1446,NPST,SM,14000,12300,87.86
20,1447,NRAIL,EQ,27376,17930,65.50
20,1448,NRBBEARING,EQ,46238,19311,41.76
20,1449,NRL,EQ,74301,48007,64.61
20,1450,NSIL,EQ,1697,991,58.40
20,1451,NSLNISP,EQ,7520812,3492946,46.44
20,1452,NTPC,EQ,8812268,4314660,48.96
20,1453,NTPC,N4,100,100,100.00
20,1454,NTPC,N6,63,63,100.00
20,1455,NTPC,N7,6454,6292,97.49
20,1456,NTPC,NB,149,149,100.00
20,1457,NTPC,ND,270,270,100.00
20,1458,NURECA,EQ,17174,8584,49.98
20,1459,NUVAMA,EQ,97836,59770,61.09
20,1460,NUVOCO,EQ,86578,41313,47.72
20,1461,NV20BEES,EQ,36536,30846,84.43
20,1462,NXST,RR,73709,53915,73.15
20,1463,NYKAA,EQ,1488112,626453,42.10
20,1464,OAL,EQ,3731,2581,69.18
20,1465,OBCL,EQ,97670,43495,44.53
20,1466,OBEROIRLTY,EQ,880204,282358,32.08
20,1467,OCCL,EQ,5350,3244,60.64
20,1468,OFSS,EQ,39290,19303,49.13
20,1469,OIL,EQ,899406,329297,36.61
20,1470,OLECTRA,EQ,526270,163757,31.12
20,1471,OLIL,SM,44400,38400,86.49
20,1472,OMAXAUTO,EQ,42858,31775,74.14
20,1473,OMAXE,EQ,373540,197727,52.93
20,1474,OMFURN,SM,9600,9600,100.00
20,1475,ONELIFECAP,EQ,8496,4705,55.38
20,1476,ONGC,EQ,7352638,3563642,48.47
20,1477,ONMOBILE,EQ,786590,285769,36.33
20,1478,ONWARDTEC,EQ,75306,33606,44.63
20,1479,OPTIEMUS,EQ,362304,143004,39.47
20,1480,ORBTEXP,EQ,63507,38706,60.95
20,1481,ORCHPHARMA,EQ,12790,7828,61.20
20,1482,ORIANA,SM,60900,40500,66.50
20,1483,ORICONENT,EQ,238834,150927,63.19
20,1484,ORIENTALTL,EQ,31294,26499,84.68
20,1485,ORIENTBELL,EQ,7503,5269,70.23
20,1486,ORIENTCEM,EQ,1060183,488291,46.06
20,1487,ORIENTCER,EQ,125282,47801,38.15
20,1488,ORIENTELEC,EQ,105935,37967,35.84
20,1489,ORIENTHOT,EQ,1602199,934260,58.31
20,1490,ORIENTPPR,EQ,889578,261579,29.40
20,1491,ORISSAMINE,EQ,48725,9190,18.86
20,1492,ORTINLAB,EQ,18212,12150,66.71
20,1493,OSIAHYPER,EQ,2541163,283253,11.15
20,1494,OSWALAGRO,EQ,292894,89727,30.63
20,1495,OSWALGREEN,EQ,261717,158553,60.58
20,1496,OSWALSEEDS,EQ,21254,18693,87.95
20,1497,PAGEIND,EQ,27682,12757,46.08
20,1498,PAISALO,EQ,968727,485132,50.08
20,1499,PAKKA,EQ,195814,99346,50.73
20,1500,PALASHSECU,EQ,119752,26096,21.79
20,1501,PALREDTEC,EQ,26307,15109,57.43
20,1502,PANACEABIO,EQ,150239,57758,38.44
20,1503,PANAMAPET,EQ,115796,66938,57.81
20,1504,PAR,EQ,117513,56709,48.26
20,1505,PARADEEP,EQ,1242235,534034,42.99
20,1506,PARAGMILK,EQ,310419,154487,49.77
20,1507,PARAS,EQ,156721,38971,24.87
20,1508,PARTYCRUS,SM,8000,8000,100.00
20,1509,PASUPTAC,EQ,512414,241586,47.15
20,1510,PATELENG,EQ,2273312,1485841,65.36
20,1511,PAVNAIND,EQ,2527,1497,59.24
20,1512,PAYTM,EQ,2595660,1545913,59.56
20,1513,PCBL,EQ,1641216,693465,42.25
20,1514,PCHFL,NA,10,10,100.00
20,1515,PCJEWELLER,EQ,2001530,1029477,51.43
20,1516,PDMJEPAPER,EQ,221231,75450,34.10
20,1517,PDSL,EQ,239764,117241,48.90
20,1518,PEARLPOLY,EQ,311084,116072,37.31
20,1519,PEL,EQ,432912,86956,20.09
20,1520,PENIND,EQ,998438,405606,40.62
20,1521,PENINLAND,EQ,6361580,3053644,48.00
20,1522,PENTAGOLD,SZ,1800,1800,100.00
20,1523,PENTAGON,SM,2000,1000,50.00
20,1524,PERFECT,SM,6000,6000,100.00
20,1525,PERSISTENT,EQ,409498,94606,23.10
20,1526,PETRONET,EQ,20131240,6644788,33.01
20,1527,PFC,EQ,8589899,2949629,34.34
20,1528,PFC,N3,139,139,100.00
20,1529,PFC,N5,300,300,100.00
20,1530,PFC,N8,172,134,77.91
20,1531,PFIZER,EQ,26622,6906,25.94
20,1532,PFOCUS,EQ,74947,45758,61.05
20,1533,PFS,EQ,8514656,3543928,41.62
20,1534,PGEL,EQ,55205,21655,39.23
20,1535,PGHH,EQ,3781,1621,42.87
20,1536,PGHL,EQ,4621,2620,56.70
20,1537,PGINVIT,IV,927865,802804,86.52
20,1538,PHANTOMFX,SM,106200,75000,70.62
20,1539,PHARMABEES,EQ,1269367,757378,59.67
20,1540,PHOENIXLTD,EQ,161814,77075,47.63
20,1541,PIDILITIND,EQ,311774,222551,71.38
20,1542,PIIND,EQ,117438,52938,45.08
20,1543,PILANIINVS,EQ,3055,1711,56.01
20,1544,PILITA,EQ,513220,385122,75.04
20,1545,PITTIENG,EQ,91815,35544,38.71
20,1546,PIXTRANS,EQ,100925,39370,39.01
20,1547,PLADAINFO,SM,87000,57000,65.52
20,1548,PLASTIBLEN,EQ,88538,29825,33.69
20,1549,PLAZACABLE,EQ,651973,529095,81.15
20,1550,PNB,EQ,45878932,10971754,23.91
20,1551,PNBGILTS,EQ,1800683,274142,15.22
20,1552,PNBHOUSING,EQ,338438,117885,34.83
20,1553,PNC,EQ,60604,5454,9.00
20,1554,PNCINFRA,EQ,107439,42964,39.99
20,1555,POCL,EQ,32460,17610,54.25
20,1556,PODDARMENT,EQ,4364,3411,78.16
20,1557,POKARNA,EQ,45176,18210,40.31
20,1558,POLICYBZR,EQ,2603689,1515820,58.22
20,1559,POLYCAB,EQ,554716,151825,27.37
20,1560,POLYMED,EQ,21796,8238,37.80
20,1561,POLYPLEX,EQ,82555,41734,50.55
20,1562,PONNIERODE,EQ,73829,37703,51.07
20,1563,POONAWALLA,EQ,1219465,666119,54.62
20,1564,POWERGRID,EQ,7679981,4644087,60.47
20,1565,POWERINDIA,EQ,10857,4840,44.58
20,1566,POWERMECH,EQ,17962,12509,69.64
20,1567,PPAP,EQ,34316,19032,55.46
20,1568,PPL,EQ,201493,104721,51.97
20,1569,PPLPHARMA,EQ,22924321,5627634,24.55
20,1570,PRAJIND,EQ,462118,168646,36.49
20,1571,PRAMARA,SM,20000,18000,90.00
20,1572,PRECAM,EQ,108556,52359,48.23
20,1573,PRECISION,SM,12000,12000,100.00
20,1574,PRECOT,EQ,4016,3627,90.31
20,1575,PRECWIRE,EQ,571074,189485,33.18
20,1576,PREMIERPOL,EQ,86481,43064,49.80
20,1577,PRESTIGE,EQ,670629,144851,21.60
20,1578,PRICOLLTD,EQ,573858,241828,42.14
20,1579,PRIMESECU,EQ,72103,38643,53.59
20,1580,PRINCEPIPE,EQ,43328,19758,45.60
20,1581,PRITI,EQ,26106,17123,65.59
20,1582,PRITIKA,SM,68000,64000,94.12
20,1583,PRIVISCL,EQ,8694,4654,53.53
20,1584,PROLIFE,SM,2500,2000,80.00
20,1585,PROPEQUITY,SM,30600,27600,90.20
20,1586,PROV,SM,3520,2400,68.18
20,1587,PROZONER,EQ,2059466,1081532,52.52
20,1588,PRSMJOHNSN,EQ,2860140,454207,15.88
20,1589,PRUDENT,EQ,58456,35022,59.91
20,1590,PSB,EQ,2408867,478281,19.86
20,1591,PSPPROJECT,EQ,72560,48940,67.45
20,1592,PSUBANKICI,EQ,198228,86324,43.55
20,1593,PSUBNKBEES,EQ,1192668,597880,50.13
20,1594,PTC,EQ,1652870,542506,32.82
20,1595,PTCIL,EQ,4828,3006,62.26
20,1596,PTL,EQ,262761,153291,58.34
20,1597,PULZ,SM,6000,6000,100.00
20,1598,PUNJABCHEM,EQ,97039,29651,30.56
20,1599,PURVA,EQ,553186,150791,27.26
20,1600,PVRINOX,EQ,282051,126450,44.83
20,1601,PYRAMID,EQ,573707,80816,14.09
20,1602,QFIL,SM,10000,10000,100.00
20,1603,QGOLDHALF,EQ,21410,13744,64.19
20,1604,QMSMEDI,SM,219000,90000,41.10
20,1605,QNIFTY,EQ,257,216,84.05
20,1606,QUADPRO,SM,168000,156000,92.86
20,1607,QUESS,EQ,42925,21733,50.63
20,1608,QUICKHEAL,EQ,324165,118307,36.50
20,1609,QUICKTOUCH,SM,3500,3500,100.00
20,1610,RACE,EQ,2911,2174,74.68
20,1611,RADHIKAJWE,EQ,554956,391205,70.49
20,1612,RADIANTCMS,EQ,399183,216193,54.16
20,1613,RADICO,EQ,128080,82074,64.08
20,1614,RADIOCITY,EQ,263542,162225,61.56
20,1615,RADIOCITY,P1,915,915,100.00
20,1616,RAILTEL,EQ,1671473,438472,26.23
20,1617,RAIN,EQ,607402,262892,43.28
20,1618,RAINBOW,EQ,113535,64232,56.57
20,1619,RAJESHEXPO,EQ,598918,291516,48.67
20,1620,RAJRATAN,EQ,32898,19543,59.40
20,1621,RAJTV,EQ,6807,3450,50.68
20,1622,RALLIS,EQ,290419,133482,45.96
20,1623,RAMANEWS,EQ,229545,29321,12.77
20,1624,RAMAPHO,EQ,9097,4654,51.16
20,1625,RAMASTEEL,EQ,1695661,626472,36.95
20,1626,RAMCOCEM,EQ,145683,44765,30.73
20,1627,RAMCOIND,EQ,798887,328418,41.11
20,1628,RAMCOSYS,EQ,174017,57276,32.91
20,1629,RAMKY,EQ,43713,24701,56.51
20,1630,RAMRAT,EQ,46004,20433,44.42
20,1631,RANASUG,EQ,2238594,449446,20.08
20,1632,RANEENGINE,EQ,6191,3702,59.80
20,1633,RANEHOLDIN,EQ,177214,33654,18.99
20,1634,RATEGAIN,EQ,845314,298848,35.35
20,1635,RATNAMANI,EQ,30769,14944,48.57
20,1636,RATNAVEER,EQ,574963,253479,44.09
20,1637,RAYMOND,EQ,150010,55539,37.02
20,1638,RBA,EQ,972148,417770,42.97
20,1639,RBL,EQ,55267,8161,14.77
20,1640,RBLBANK,EQ,7781448,1875379,24.10
20,1641,RBMINFRA,SM,83000,63000,75.90
20,1642,RCF,EQ,3811431,943561,24.76
20,1643,RECLTD,EQ,7839191,1774981,22.64
20,1644,RECLTD,N9,272,272,100.00
20,1645,RECLTD,NF,106,106,100.00
20,1646,RECLTD,NG,58,29,50.00
20,1647,RECLTD,NI,10,10,100.00
20,1648,REDINGTON,EQ,711958,351667,49.39
20,1649,REDTAPE,EQ,110323,60019,54.40
20,1650,REFEX,EQ,300133,117003,38.98
20,1651,RELAXO,EQ,44633,22633,50.71
20,1652,RELCHEMQ,EQ,55220,14047,25.44
20,1653,RELIANCE,EQ,8406652,4926931,58.61
20,1654,RELIGARE,EQ,604551,348120,57.58
20,1655,REMUS,SM,1525,850,55.74
20,1656,RENUKA,EQ,9857379,2355418,23.89
20,1657,REPCOHOME,EQ,86584,39177,45.25
20,1658,REPL,EQ,693916,199283,28.72
20,1659,REPRO,EQ,8632,5758,66.71
20,1660,RESPONIND,EQ,128816,31362,24.35
20,1661,REXPIPES,SM,2000,2000,100.00
20,1662,RGL,EQ,154177,53369,34.62
20,1663,RHIM,EQ,74424,32406,43.54
20,1664,RHL,EQ,4761,2379,49.97
20,1665,RICHA,SM,37000,37000,100.00
20,1666,RICOAUTO,EQ,726910,330108,45.41
20,1667,RIIL,EQ,335891,70329,20.94
20,1668,RILINFRA,SM,220900,179400,81.21
20,1669,RISHABH,EQ,61332,25486,41.55
20,1670,RITES,EQ,365312,137138,37.54
20,1671,RKEC,EQ,184996,61711,33.36
20,1672,RKFORGE,EQ,440551,255952,58.10
20,1673,RMDRIP,SM,22000,22000,100.00
20,1674,RML,EQ,189141,34002,17.98
20,1675,ROHLTD,EQ,57934,29129,50.28
20,1676,ROLEXRINGS,EQ,9031,3811,42.20
20,1677,ROML,EQ,5495,3623,65.93
20,1678,ROSSARI,EQ,79413,36648,46.15
20,1679,ROSSELLIND,EQ,55193,23750,43.03
20,1680,ROTO,EQ,39481,16444,41.65
20,1681,ROUTE,EQ,96066,52663,54.82
20,1682,RPGLIFE,EQ,32145,11287,35.11
20,1683,RPOWER,EQ,61855118,10647728,17.21
20,1684,RPPL,EQ,19814,9583,48.36
20,1685,RPSGVENT,EQ,38247,19649,51.37
20,1686,RRKABEL,EQ,177925,75126,42.22
20,1687,RSWM,EQ,42285,22137,52.35
20,1688,RSYSTEMS,EQ,22452,14126,62.92
20,1689,RTNINDIA,EQ,1541395,494688,32.09
20,1690,RTNPOWER,EQ,37684122,17028297,45.19
20,1691,RUBYMILLS,EQ,8143,4807,59.03
20,1692,RUCHIRA,EQ,66567,41181,61.86
20,1693,RUPA,EQ,52328,21842,41.74
20,1694,RUSHIL,EQ,649632,245769,37.83
20,1695,RUSTOMJEE,EQ,8170,5170,63.28
20,1696,RVNL,EQ,10466570,2414090,23.06
20,1697,SAAKSHI,SM,87600,64800,73.97
20,1698,SADHNANIQ,EQ,2217574,664206,29.95
20,1699,SAFARI,EQ,43529,15162,34.83
20,1700,SAGARDEEP,EQ,84870,29230,34.44
20,1701,SAGCEM,EQ,95724,47461,49.58
20,1702,SAH,EQ,150534,96189,63.90
20,1703,SAHANA,SM,8000,8000,100.00
20,1704,SAHYADRI,EQ,3064,1895,61.85
20,1705,SAIL,EQ,10725366,4387457,40.91
20,1706,SAKAR,EQ,13114,7276,55.48
20,1707,SAKHTISUG,EQ,573746,170080,29.64
20,1708,SAKSOFT,EQ,336032,141646,42.15
20,1709,SALASAR,EQ,647450,314798,48.62
20,1710,SALONA,EQ,1549,842,54.36
20,1711,SALZERELEC,EQ,81075,41700,51.43
20,1712,SAMHI,EQ,405871,264000,65.05
20,1713,SAMPANN,EQ,10160,6518,64.15
20,1714,SANDESH,EQ,270,166,61.48
20,1715,SANDHAR,EQ,39128,20531,52.47
20,1716,SANDUMA,EQ,10782,5196,48.19
20,1717,SANGAMIND,EQ,139309,82668,59.34
20,1718,SANGHVIMOV,EQ,65966,41786,63.34
20,1719,SANGINITA,EQ,29925,19801,66.17
20,1720,SANOFI,EQ,16184,9803,60.57
20,1721,SANSERA,EQ,314497,239672,76.21
20,1722,SAPPHIRE,EQ,323104,286542,88.68
20,1723,SARDAEN,EQ,587042,340038,57.92
20,1724,SAREGAMA,EQ,254309,105222,41.38
20,1725,SARLAPOLY,EQ,76585,41257,53.87
20,1726,SAROJA,SM,3200,3200,100.00
20,1727,SASKEN,EQ,11484,5156,44.90
20,1728,SASTASUNDR,EQ,41729,23662,56.70
20,1729,SATIA,EQ,273782,102629,37.49
20,1730,SATIN,EQ,2513715,680687,27.08
20,1731,SATINDLTD,EQ,498386,183682,36.86
20,1732,SBC,EQ,1555560,509721,32.77
20,1733,SBCL,EQ,94086,48801,51.87
20,1734,SBFC,EQ,717795,319813,44.55
20,1735,SBGLP,EQ,63447,22967,36.20
20,1736,SBICARD,EQ,7239819,3831233,52.92
20,1737,SBIETFCON,EQ,1106,655,59.22
20,1738,SBIETFIT,EQ,4813,2902,60.30
20,1739,SBIETFPB,EQ,785,410,52.23
20,1740,SBIETFQLTY,EQ,2540,1560,61.42
20,1741,SBILIFE,EQ,1242401,695620,55.99
20,1742,SBIN,EQ,8593704,3958500,46.06
20,1743,SCHAEFFLER,EQ,225534,155433,68.92
20,1744,SCHAND,EQ,20026,9624,48.06
20,1745,SCHNEIDER,EQ,208408,74004,35.51
20,1746,SCI,EQ,1414380,499561,35.32
20,1747,SCML,SM,132000,94000,71.21
20,1748,SCPL,EQ,6264,3504,55.94
20,1749,SDBL,EQ,330844,156560,47.32
20,1750,SDL24BEES,EQ,206,149,72.33
20,1751,SDL26BEES,EQ,541,455,84.10
20,1752,SEAMECLTD,EQ,102301,42563,41.61
20,1753,SECMARK,EQ,24991,6764,27.07
20,1754,SECURCRED,EQ,33115,19791,59.76
20,1755,SECURKLOUD,EQ,14426,9424,65.33
20,1756,SEL,SM,6400,5600,87.50
20,1757,SELAN,EQ,80605,29365,36.43
20,1758,SENCO,EQ,262726,128360,48.86
20,1759,SENSEXETF,EQ,13745,8432,61.35
20,1760,SEPC,EQ,7349564,3940779,53.62
20,1761,SEQUENT,EQ,2445884,283260,11.58
20,1762,SESHAPAPER,EQ,42164,18058,42.83
20,1763,SETF10GILT,EQ,5901,5358,90.80
20,1764,SETFGOLD,EQ,370604,239069,64.51
20,1765,SETFNIF50,EQ,291962,266595,91.31
20,1766,SETFNIFBK,EQ,35419,22752,64.24
20,1767,SETFNN50,EQ,13392,11478,85.71
20,1768,SFL,EQ,55531,33972,61.18
20,1769,SGBAPR28I,GB,298,231,77.52
20,1770,SGBAUG24,GB,92,76,82.61
20,1771,SGBAUG27,GB,6,5,83.33
20,1772,SGBAUG28V,GB,1067,851,79.76
20,1773,SGBAUG29V,GB,279,261,93.55
20,1774,SGBAUG30,GB,45,42,93.33
20,1775,SGBD29VIII,GB,135,121,89.63
20,1776,SGBDC27VII,GB,12,11,91.67
20,1777,SGBDE30III,GB,295,179,60.68
20,1778,SGBFEB24,GB,12,12,100.00
20,1779,SGBFEB27,GB,27,18,66.67
20,1780,SGBFEB28IX,GB,4,4,100.00
20,1781,SGBFEB29XI,GB,95,54,56.84
20,1782,SGBJ28VIII,GB,100,100,100.00
20,1783,SGBJAN29IX,GB,193,185,95.85
20,1784,SGBJAN29X,GB,72,62,86.11
20,1785,SGBJAN30IX,GB,177,168,94.92
20,1786,SGBJU29III,GB,22,16,72.73
20,1787,SGBJUL25,GB,97,97,100.00
20,1788,SGBJUL27,GB,13,12,92.31
20,1789,SGBJUL28IV,GB,616,517,83.93
20,1790,SGBJUL29IV,GB,383,263,68.67
20,1791,SGBJUN27,GB,25,25,100.00
20,1792,SGBJUN28,GB,155,102,65.81
20,1793,SGBJUN29II,GB,211,211,100.00
20,1794,SGBJUN30,GB,315,305,96.83
20,1795,SGBJUN31I,GB,1083,654,60.39
20,1796,SGBMAR24,GB,70,55,78.57
20,1797,SGBMAR25,GB,10,10,100.00
20,1798,SGBMAR28X,GB,105,105,100.00
20,1799,SGBMAR30X,GB,442,240,54.30
20,1800,SGBMAR31IV,GB,588,380,64.63
20,1801,SGBMAY25,GB,53,53,100.00
20,1802,SGBMAY28,GB,236,236,100.00
20,1803,SGBMAY29I,GB,200,192,96.00
20,1804,SGBMR29XII,GB,262,209,79.77
20,1805,SGBN28VIII,GB,190,190,100.00
20,1806,SGBNOV23,GB,32,32,100.00
20,1807,SGBNOV24,GB,221,166,75.11
20,1808,SGBNOV25,GB,5,5,100.00
20,1809,SGBNOV26,GB,204,204,100.00
20,1810,SGBNV29VII,GB,147,121,82.31
20,1811,SGBOC28VII,GB,970,728,75.05
20,1812,SGBOCT25,GB,5,5,100.00
20,1813,SGBOCT25IV,GB,46,44,95.65
20,1814,SGBOCT26,GB,1,1,100.00
20,1815,SGBOCT27,GB,17,16,94.12
20,1816,SGBOCT27VI,GB,435,426,97.93
20,1817,SGBSEP24,GB,13,13,100.00
20,1818,SGBSEP27,GB,4,4,100.00
20,1819,SGBSEP28VI,GB,418,316,75.60
20,1820,SGBSEP29VI,GB,272,172,63.24
20,1821,SGBSEP31II,GB,4205,3924,93.32
20,1822,SHAH,EQ,3517489,1911765,54.35
20,1823,SHAILY,EQ,3867,2148,55.55
20,1824,SHAKTIPUMP,EQ,116414,35456,30.46
20,1825,SHALBY,EQ,567068,176472,31.12
20,1826,SHALPAINTS,EQ,80181,33357,41.60
20,1827,SHANKARA,EQ,38164,16341,42.82
20,1828,SHANTI,EQ,11407,6126,53.70
20,1829,SHANTIGEAR,EQ,65319,29243,44.77
20,1830,SHARDACROP,EQ,33396,11257,33.71
20,1831,SHARDAMOTR,EQ,24519,12107,49.38
20,1832,SHAREINDIA,EQ,180071,60331,33.50
20,1833,SHAREINDIA,W1,1250,1201,96.08
20,1834,SHARIABEES,EQ,625,419,67.04
20,1835,SHEMAROO,EQ,31480,15871,50.42
20,1836,SHERA,SM,25000,22000,88.00
20,1837,SHIGAN,SM,16500,15000,90.91
20,1838,SHILPAMED,EQ,517880,221083,42.69
20,1839,SHIVALIK,EQ,55716,26415,47.41
20,1840,SHIVAMILLS,EQ,33867,5018,14.82
20,1841,SHIVATEX,EQ,2812,1140,40.54
20,1842,SHK,EQ,69021,35830,51.91
20,1843,SHOPERSTOP,EQ,21350,5054,23.67
20,1844,SHRADHA,EQ,23148,11569,49.98
20,1845,SHREDIGCEM,EQ,367004,138968,37.87
20,1846,SHREECEM,EQ,25503,14753,57.85
20,1847,SHREEPUSHK,EQ,24576,12451,50.66
20,1848,SHRENIK,EQ,1368443,1313465,95.98
20,1849,SHREYAS,EQ,32651,12896,39.50
20,1850,SHRIRAMFIN,EQ,2037598,1082846,53.14
20,1851,SHRIRAMFIN,YI,2,2,100.00
20,1852,SHRIRAMFIN,YL,180,140,77.78
20,1853,SHRIRAMFIN,YS,100,100,100.00
20,1854,SHRIRAMFIN,Z2,150,150,100.00
20,1855,SHRIRAMFIN,ZC,17,17,100.00
20,1856,SHRIRAMFIN,ZE,3,3,100.00
20,1857,SHRIRAMFIN,ZH,100,100,100.00
20,1858,SHRIRAMPPS,EQ,1456391,469849,32.26
20,1859,SHRITECH,SM,44000,20000,45.45
20,1860,SHUBHLAXMI,SM,24000,16000,66.67
20,1861,SHYAMCENT,EQ,249423,173213,69.45
20,1862,SHYAMMETL,EQ,268947,122802,45.66
20,1863,SHYAMTEL,EQ,695,695,100.00
20,1864,SICALLOG,EQ,5592,5592,100.00
20,1865,SIDDHIKA,SM,3000,3000,100.00
20,1866,SIEMENS,EQ,127405,44137,34.64
20,1867,SIGACHI,EQ,1298628,677934,52.20
20,1868,SIGMA,EQ,16547,7340,44.36
20,1869,SIGNATURE,EQ,421307,292798,69.50
20,1870,SIKKO,EQ,62664,11544,18.42
20,1871,SILGO,EQ,96285,88577,91.99
20,1872,SILINV,EQ,14390,12097,84.07
20,1873,SILLYMONKS,EQ,6366,3852,60.51
20,1874,SILVER,EQ,64781,51334,79.24
20,1875,SILVERBEES,EQ,2142651,1554019,72.53
20,1876,SILVERETF,EQ,11777,7162,60.81
20,1877,SILVERTUC,EQ,3595,1332,37.05
20,1878,SILVRETF,EQ,23584,22842,96.85
20,1879,SIMBHALS,EQ,141965,67486,47.54
20,1880,SINTERCOM,EQ,1448,1079,74.52
20,1881,SIRCA,EQ,78472,36272,46.22
20,1882,SIS,EQ,20419,10303,50.46
20,1883,SIYSIL,EQ,36253,18920,52.19
20,1884,SJS,EQ,140409,81438,58.00
20,1885,SJVN,EQ,17563823,4214438,23.99
20,1886,SKFINDIA,EQ,5049,2450,48.52
20,1887,SKIPPER,EQ,117356,62871,53.57
20,1888,SKMEGGPROD,EQ,83768,46425,55.42
20,1889,SKP,SM,24500,22000,89.80
20,1890,SKYGOLD,EQ,41222,28915,70.14
20,1891,SMARTLINK,EQ,7847,3806,48.50
20,1892,SMCGLOBAL,EQ,100711,51102,50.74
20,1893,SMLISUZU,EQ,160421,54456,33.95
20,1894,SMLT,EQ,12913,6964,53.93
20,1895,SMSLIFE,EQ,1533,967,63.08
20,1896,SMSPHARMA,EQ,17084,7690,45.01
20,1897,SNOWMAN,EQ,292745,143281,48.94
20,1898,SOBHA,EQ,247359,103782,41.96
20,1899,SOLARA,EQ,64687,29330,45.34
20,1900,SOLARINDS,EQ,51527,24540,47.63
20,1901,SOLEX,SM,6400,5800,90.63
20,1902,SOMANYCERA,EQ,23266,15106,64.93
20,1903,SOMICONVEY,EQ,608599,177330,29.14
20,1904,SONACOMS,EQ,989644,639256,64.59
20,1905,SONATSOFTW,EQ,472905,180944,38.26
20,1906,SONUINFRA,SM,30000,27000,90.00
20,1907,SOTL,EQ,60631,30412,50.16
20,1908,SOUTHBANK,EQ,26351304,6708240,25.46
20,1909,SOUTHWEST,EQ,55861,28090,50.29
20,1910,SPAL,EQ,45348,20921,46.13
20,1911,SPANDANA,EQ,626648,318544,50.83
20,1912,SPARC,EQ,1339493,222680,16.62
20,1913,SPCENET,EQ,1881158,1285195,68.32
20,1914,SPECIALITY,EQ,38626,15246,39.47
20,1915,SPECTRUM,SM,6375,6250,98.04
20,1916,SPECTSTM,SM,23200,16800,72.41
20,1917,SPENCERS,EQ,111834,60204,53.83
20,1918,SPIC,EQ,628590,216551,34.45
20,1919,SPLIL,EQ,22945,13463,58.68
20,1920,SPLPETRO,EQ,105329,40305,38.27
20,1921,SPORTKING,EQ,4820,3041,63.09
20,1922,SREEL,EQ,27603,10230,37.06
20,1923,SRF,EQ,510094,230143,45.12
20,1924,SRGHFL,EQ,10351,4726,45.66
20,1925,SRHHYPOLTD,EQ,11195,5691,50.84
20,1926,SRIVASAVI,SM,55000,43000,78.18
20,1927,SSFL,SM,19000,15000,78.95
20,1928,SSINFRA,SZ,3000,3000,100.00
20,1929,SSWL,EQ,292510,172438,58.95
20,1930,STAR,EQ,1419009,231554,16.32
20,1931,STARCEMENT,EQ,367438,109269,29.74
20,1932,STARHEALTH,EQ,270945,198567,73.29
20,1933,STARPAPER,EQ,33759,13427,39.77
20,1934,STARTECK,EQ,59788,15843,26.50
20,1935,STCINDIA,EQ,479127,182281,38.04
20,1936,STEELCAS,EQ,14573,5655,38.80
20,1937,STEELCITY,EQ,19627,10317,52.57
20,1938,STEELXIND,EQ,1275424,971071,76.14
20,1939,STERTOOLS,EQ,31229,19161,61.36
20,1940,STLTECH,EQ,3836965,915332,23.86
20,1941,STOVEKRAFT,EQ,141638,72985,51.53
20,1942,STYLAMIND,EQ,28245,15384,54.47
20,1943,STYRENIX,EQ,70521,42908,60.84
20,1944,SUBEXLTD,EQ,1372213,618465,45.07
20,1945,SUBROS,EQ,12485,7169,57.42
20,1946,SUDARSCHEM,EQ,56077,22636,40.37
20,1947,SUKHJITS,EQ,4337,2009,46.32
20,1948,SULA,EQ,107820,42565,39.48
20,1949,SUMICHEM,EQ,281084,118651,42.21
20,1950,SUMIT,EQ,49841,10661,21.39
20,1951,SUMMITSEC,EQ,7160,3750,52.37
20,1952,SUNDARMFIN,EQ,34912,14495,41.52
20,1953,SUNDARMHLD,EQ,96221,45542,47.33
20,1954,SUNDRMFAST,EQ,231906,206701,89.13
20,1955,SUNFLAG,EQ,215530,99476,46.15
20,1956,SUNPHARMA,EQ,1078813,615498,57.05
20,1957,SUNTECK,EQ,1439449,860101,59.75
20,1958,SUNTV,EQ,1186744,511325,43.09
20,1959,SUPERHOUSE,EQ,9825,4469,45.49
20,1960,SUPRAJIT,EQ,99996,41363,41.36
20,1961,SUPREMEIND,EQ,311575,65887,21.15
20,1962,SUPRIYA,EQ,95234,33960,35.66
20,1963,SURANASOL,EQ,192611,114498,59.45
20,1964,SURANAT&P,EQ,74731,48409,64.78
20,1965,SURANI,SM,800,800,100.00
20,1966,SURYALAXMI,EQ,8448,4534,53.67
20,1967,SURYAROSNI,EQ,436092,174605,40.04
20,1968,SURYODAY,EQ,165760,61734,37.24
20,1969,SUTLEJTEX,EQ,211729,70925,33.50
20,1970,SUVEN,EQ,2194874,1393703,63.50
20,1971,SUVENPHAR,EQ,165475,61616,37.24
20,1972,SWANENERGY,EQ,12875973,2119016,16.46
20,1973,SWARAJ,SM,1000,1000,100.00
20,1974,SWARAJENG,EQ,10415,5113,49.09
20,1975,SWASTIK,SM,26400,20400,77.27
20,1976,SWELECTES,EQ,9629,5713,59.33
20,1977,SYMPHONY,EQ,11492,5831,50.74
20,1978,SYNCOMF,EQ,1946873,1036137,53.22
20,1979,SYNGENE,EQ,305207,168453,55.19
20,1980,SYNOPTICS,SM,29400,21600,73.47
20,1981,SYRMA,EQ,476756,159123,33.38
20,1982,SYSTANGO,SM,162000,107200,66.17
20,1983,TAINWALCHM,EQ,1364,767,56.23
20,1984,TAJGVK,EQ,66788,28909,43.28
20,1985,TALBROAUTO,EQ,1154833,487769,42.24
20,1986,TANLA,EQ,373734,151911,40.65
20,1987,TAPIFRUIT,SM,1500,1500,100.00
20,1988,TARACHAND,SM,41000,35000,85.37
20,1989,TARC,EQ,1586540,684498,43.14
20,1990,TARMAT,EQ,147075,59679,40.58
20,1991,TARSONS,EQ,58592,22463,38.34
20,1992,TASTYBITE,EQ,552,262,47.46
20,1993,TATACAPHSG,N6,114,100,87.72
20,1994,TATACHEM,EQ,406988,181028,44.48
20,1995,TATACOFFEE,EQ,352493,122285,34.69
20,1996,TATACOMM,EQ,919616,314437,34.19
20,1997,TATACONSUM,EQ,1147541,673879,58.72
20,1998,TATAELXSI,EQ,110688,49993,45.17
20,1999,TATAINVEST,EQ,65007,22895,35.22
20,2000,TATAMETALI,EQ,28508,12747,44.71
20,2001,TATAMOTORS,EQ,12786883,4448376,34.79
20,2002,TATAMTRDVR,EQ,1507025,629797,41.79
20,2003,TATAPOWER,EQ,5661460,2011592,35.53
20,2004,TATASTEEL,EQ,18753217,7111077,37.92
20,2005,TATASTLLP,EQ,44008,22599,51.35
20,2006,TATVA,EQ,11165,6810,60.99
20,2007,TBZ,EQ,209077,68698,32.86
20,2008,TCFSL,NF,67,67,100.00
20,2009,TCFSL,NJ,1153,1053,91.33
20,2010,TCFSL,NL,452,252,55.75
20,2011,TCI,EQ,44265,12248,27.67
20,2012,TCIEXP,EQ,26582,13440,50.56
20,2013,TCNSBRANDS,EQ,143897,44360,30.83
20,2014,TCPLPACK,EQ,8412,3123,37.13
20,2015,TCS,EQ,910972,442422,48.57
20,2016,TDPOWERSYS,EQ,145830,84409,57.88
20,2017,TEAMLEASE,EQ,14137,9147,64.70
20,2018,TECH,EQ,5464,2814,51.50
20,2019,TECHM,EQ,2255915,1182844,52.43
20,2020,TECHNOE,EQ,30941,14332,46.32
20,2021,TEGA,EQ,86491,58604,67.76
20,2022,TEJASNET,EQ,213885,61933,28.96
20,2023,TEMBO,EQ,31444,5008,15.93
20,2024,TERASOFT,EQ,35506,20323,57.24
20,2025,TEXINFRA,EQ,405986,232020,57.15
20,2026,TEXRAIL,EQ,941561,476661,50.62
20,2027,TFCILTD,EQ,289775,162001,55.91
20,2028,TFL,EQ,20345,7435,36.54
20,2029,TGBHOTELS,EQ,129552,66331,51.20
20,2030,THANGAMAYL,EQ,27371,14673,53.61
20,2031,THEINVEST,EQ,5640,1796,31.84
20,2032,THEJO,EQ,2542,1438,56.57
20,2033,THEMISMED,EQ,65221,35711,54.75
20,2034,THERMAX,EQ,36553,10850,29.68
20,2035,THYROCARE,EQ,16559,8915,53.84
20,2036,TI,EQ,260623,110448,42.38
20,2037,TIDEWATER,EQ,18864,11075,58.71
20,2038,TIIL,EQ,11217,6959,62.04
20,2039,TIINDIA,EQ,161767,50753,31.37
20,2040,TIJARIA,EQ,45416,34828,76.69
20,2041,TIMESCAN,SM,1000,1000,100.00
20,2042,TIMESGTY,EQ,53599,12930,24.12
20,2043,TIMETECHNO,EQ,3328254,1174636,35.29
20,2044,TIMKEN,EQ,24295,16174,66.57
20,2045,TINPLATE,EQ,99578,41769,41.95
20,2046,TIPSINDLTD,EQ,140290,94450,67.32
20,2047,TIRUMALCHM,EQ,109308,45309,41.45
20,2048,TIRUPATI,SM,1000,1000,100.00
20,2049,TITAGARH,EQ,902288,255549,28.32
20,2050,TITAN,EQ,802316,472413,58.88
20,2051,TMB,EQ,152539,61105,40.06
20,2052,TNIDETF,EQ,18982,14166,74.63
20,2053,TNPETRO,EQ,395370,98513,24.92
20,2054,TNPL,EQ,171755,72407,42.16
20,2055,TOKYOPLAST,EQ,43553,21116,48.48
20,2056,TORNTPHARM,EQ,287857,99010,34.40
20,2057,TORNTPOWER,EQ,181946,54465,29.93
20,2058,TOTAL,EQ,29994,19095,63.66
20,2059,TOUCHWOOD,EQ,12095,6213,51.37
20,2060,TPLPLASTEH,EQ,158970,44849,28.21
20,2061,TRACXN,EQ,1063607,453678,42.65
20,2062,TRANSWIND,SM,8000,8000,100.00
20,2063,TREEHOUSE,EQ,77085,38098,49.42
20,2064,TREL,EQ,706042,367328,52.03
20,2065,TRENT,EQ,483782,148361,30.67
20,2066,TRF,EQ,628539,109469,17.42
20,2067,TRIDENT,EQ,8065132,2039244,25.28
20,2068,TRIDHYA,SM,9000,9000,100.00
20,2069,TRIGYN,EQ,48652,19866,40.83
20,2070,TRIL,EQ,1560523,705357,45.20
20,2071,TRITURBINE,EQ,792498,250297,31.58
20,2072,TRIVENI,EQ,475463,172586,36.30
20,2073,TRU,EQ,1348466,314507,23.32
20,2074,TTKHLTCARE,EQ,18297,10116,55.29
20,2075,TTKPRESTIG,EQ,43863,19122,43.59
20,2076,TTL,EQ,6567,4643,70.70
20,2077,TTML,EQ,2746935,871768,31.74
20,2078,TV18BRDCST,EQ,6316594,1324752,20.97
20,2079,TVSELECT,EQ,46690,22417,48.01
20,2080,TVSHLTD,EQ,4251,3393,79.82
20,2081,TVSHLTD,P1,17076,17076,100.00
20,2082,TVSMOTOR,EQ,912901,381208,41.76
20,2083,TVSSCS,EQ,736861,328702,44.61
20,2084,TVSSRICHAK,EQ,7107,3293,46.33
20,2085,TVTODAY,EQ,97065,51126,52.67
20,2086,UBL,EQ,222473,105728,47.52
20,2087,UCOBANK,EQ,18655164,4587692,24.59
20,2088,UDS,EQ,169798,38839,22.87
20,2089,UFLEX,EQ,50991,21668,42.49
20,2090,UGARSUGAR,EQ,304796,80598,26.44
20,2091,UGROCAP,EQ,513939,234398,45.61
20,2092,UGROCAP,N1,10,10,100.00
20,2093,UGROCAP,N4,100,100,100.00
20,2094,UGROCAP,N6,25,25,100.00
20,2095,UJAAS,EQ,767221,354497,46.21
20,2096,UJJIVAN,EQ,764000,357100,46.74
20,2097,UJJIVANSFB,EQ,23282251,7892323,33.90
20,2098,ULTRACEMCO,EQ,244073,102998,42.20
20,2099,UMAEXPORTS,EQ,17073,10856,63.59
20,2100,UMANGDAIRY,EQ,5164,3892,75.37
20,2101,UNICHEMLAB,EQ,94213,60555,64.27
20,2102,UNIDT,EQ,9415,4683,49.74
20,2103,UNIENTER,EQ,3374,2079,61.62
20,2104,UNIHEALTH,SM,76000,41000,53.95
20,2105,UNIONBANK,EQ,32368940,13202073,40.79
20,2106,UNIPARTS,EQ,46449,23756,51.14
20,2107,UNITEDPOLY,EQ,1638,1528,93.28
20,2108,UNITEDTEA,EQ,369,314,85.09
20,2109,UNIVASTU,EQ,237246,99025,41.74
20,2110,UNIVCABLES,EQ,48615,21185,43.58
20,2111,UNIVPHOTO,EQ,798,502,62.91
20,2112,UNOMINDA,EQ,86776,40808,47.03
20,2113,UPL,EQ,7164172,1849353,25.81
20,2114,URAVI,EQ,4221,2933,69.49
20,2115,URBAN,SM,19200,19200,100.00
20,2116,URJA,EQ,1615619,717378,44.40
20,2117,USASEEDS,SM,2400,1800,75.00
20,2118,USHAMART,EQ,1313298,573943,43.70
20,2119,USK,EQ,121256,63960,52.75
20,2120,UTIAMC,EQ,68458,39854,58.22
20,2121,UTIBANKETF,EQ,185009,147399,79.67
20,2122,UTINEXT50,EQ,6681,4382,65.59
20,2123,UTINIFTETF,EQ,42638,38109,89.38
20,2124,UTISENSETF,EQ,1283,707,55.11
20,2125,UTISXN50,EQ,2426,1474,60.76
20,2126,UTKARSHBNK,EQ,3546955,1413676,39.86
20,2127,UTTAMSUGAR,EQ,210911,72232,34.25
20,2128,VADILALIND,EQ,1556,780,50.13
20,2129,VAIBHAVGBL,EQ,158405,62805,39.65
20,2130,VAISHALI,EQ,37915,22450,59.21
20,2131,VAKRANGEE,EQ,4188853,1347099,32.16
20,2132,VALIANTLAB,EQ,920494,293910,31.93
20,2133,VALIANTORG,EQ,18642,9408,50.47
20,2134,VARDHACRLC,EQ,127516,58222,45.66
20,2135,VARROC,EQ,221532,108239,48.86
20,2136,VASCONEQ,EQ,3015752,1399641,46.41
20,2137,VBL,EQ,1778116,1102983,62.03
20,2138,VCL,EQ,294802,158113,53.63
20,2139,VEDL,EQ,2745365,1227406,44.71
20,2140,VEEKAYEM,SM,6000,4000,66.67
20,2141,VENKEYS,EQ,14964,6144,41.06
20,2142,VENUSPIPES,EQ,255088,147646,57.88
20,2143,VENUSREM,EQ,99940,36557,36.58
20,2144,VERANDA,EQ,36838,22264,60.44
20,2145,VERTEXPLUS,SM,600,600,100.00
20,2146,VERTOZ,EQ,805401,194525,24.15
20,2147,VESUVIUS,EQ,23456,14232,60.68
20,2148,VETO,EQ,39989,20542,51.37
20,2149,VGUARD,EQ,211146,91469,43.32
20,2150,VHL,EQ,190,107,56.32
20,2151,VIAZ,SM,2000,2000,100.00
20,2152,VIDHIING,EQ,7662,4773,62.29
20,2153,VIJAYA,EQ,401527,184618,45.98
20,2154,VIKASLIFE,EQ,24520391,10505230,42.84
20,2155,VILINBIO,SM,8000,8000,100.00
20,2156,VIMTALABS,EQ,264245,66968,25.34
20,2157,VINATIORGA,EQ,17449,9319,53.41
20,2158,VINDHYATEL,EQ,18682,10258,54.91
20,2159,VINEETLAB,EQ,119957,23055,19.22
20,2160,VINSYS,SM,3000,3000,100.00
20,2161,VINYAS,SM,32800,22400,68.29
20,2162,VINYLINDIA,EQ,12361,6350,51.37
20,2163,VIPCLOTHNG,EQ,377631,175251,46.41
20,2164,VIPIND,EQ,212885,114283,53.68
20,2165,VIPULLTD,EQ,210198,169484,80.63
20,2166,VISAKAIND,EQ,132049,57261,43.36
20,2167,VISHAL,EQ,223785,83666,37.39
20,2168,VISHNU,EQ,90683,50152,55.30
20,2169,VISHNUINFR,SM,454000,248000,54.63
20,2170,VISHWARAJ,EQ,589258,260432,44.20
20,2171,VITAL,SM,78000,57600,73.85
20,2172,VIVIANA,SM,12000,12000,100.00
20,2173,VIVIDHA,EQ,329698,321898,97.63
20,2174,VIVO,SM,4800,3200,66.67
20,2175,VLEGOV,EQ,262740,226967,86.38
20,2176,VLSFINANCE,EQ,23889,13662,57.19
20,2177,VMARCIND,SM,103000,74000,71.84
20,2178,VMART,EQ,153148,77217,50.42
20,2179,VOLTAMP,EQ,76444,34572,45.23
20,2180,VOLTAS,EQ,802038,230598,28.75
20,2181,VPRPL,EQ,1092923,518964,47.48
20,2182,VRLLOG,EQ,34831,16887,48.48
20,2183,VSCL,SM,3000,3000,100.00
20,2184,VSSL,EQ,44826,21939,48.94
20,2185,VSTIND,EQ,2035,1095,53.81
20,2186,VSTTILLERS,EQ,6890,3783,54.91
20,2187,VTL,EQ,356563,185254,51.96
20,2188,WABAG,EQ,187048,78777,42.12
20,2189,WALPAR,SM,2000,2000,100.00
20,2190,WEALTH,EQ,3581,1643,45.88
20,2191,WEBELSOLAR,EQ,867716,406779,46.88
20,2192,WEIZMANIND,EQ,275897,80390,29.14
20,2193,WELCORP,EQ,1239878,513786,41.44
20,2194,WELENT,EQ,230348,119704,51.97
20,2195,WELINV,EQ,6791,2649,39.01
20,2196,WELSPUNIND,EQ,50124322,5039939,10.05
20,2197,WENDT,EQ,1468,730,49.73
20,2198,WESTLIFE,EQ,367488,259082,70.50
20,2199,WHEELS,EQ,8225,3599,43.76
20,2200,WHIRLPOOL,EQ,16237,6720,41.39
20,2201,WILLAMAGOR,EQ,15285,2728,17.85
20,2202,WINDLAS,EQ,43114,28055,65.07
20,2203,WINSOME,EQ,7869,7869,100.00
20,2204,WIPRO,EQ,2344372,1037095,44.24
20,2205,WOCKPHARMA,EQ,397808,159057,39.98
20,2206,WOMANCART,ST,35200,35200,100.00
20,2207,WONDERLA,EQ,390597,127943,32.76
20,2208,WORTH,EQ,12988,6187,47.64
20,2209,WSTCSTPAPR,EQ,362272,207833,57.37
20,2210,XCHANGING,EQ,1032147,408353,39.56
20,2211,XELPMOC,EQ,6150,3805,61.87
20,2212,XPROINDIA,EQ,43250,15499,35.84
20,2213,YASHO,EQ,11752,9016,76.72
20,2214,YATHARTH,EQ,505045,310107,61.40
20,2215,YATRA,EQ,562506,239496,42.58
20,2216,YCCL,SM,18000,15000,83.33
20,2217,YESBANK,EQ,120388059,25402792,21.10
20,2218,YUDIZ,SM,20800,19200,92.31
20,2219,YUKEN,EQ,6185,3356,54.26
20,2220,ZAGGLE,EQ,763578,406966,53.30
20,2221,ZEAL,SM,69600,53400,76.72
20,2222,ZEEL,EQ,11390994,2459614,21.59
20,2223,ZEEMEDIA,EQ,6961382,2440300,35.05
20,2224,ZENITHEXPO,EQ,4538,3856,84.97
20,2225,ZENSARTECH,EQ,563476,173401,30.77
20,2226,ZFCVINDIA,EQ,2909,1487,51.12
20,2227,ZIMLAB,EQ,98342,42381,43.10
20,2228,ZODIAC,EQ,134736,74032,54.95
20,2229,ZODIACLOTH,EQ,25855,12752,49.32
20,2230,ZOMATO,EQ,48282252,22155172,45.89
20,2231,ZOTA,EQ,43278,29578,68.34
20,2232,ZUARI,EQ,38807,17107,44.08
20,2233,ZUARIIND,EQ,29068,11199,38.53
20,2234,ZYDUSLIFE,EQ,788028,396029,50.26
20,2235,ZYDUSWELL,EQ,24916,17794,71.42
