Security Wise Delivery Position - Compulsory Rolling Settlement
10,MTO,27102023,1012875586,0002188
Trade Date <27-OCT-2023>,Settlement Type <N>
Record Type,Sr No,Name of Security,Quantity Traded,Deliverable Quantity(gross across client level),% of Deliverable Quantity to Traded Quantity
20,1,182D040124,TB,400,200,50.00
20,2,182D040424,TB,400,200,50.00
20,3,182D071223,TB,600,600,100.00
20,4,182D080224,TB,100,100,100.00
20,5,182D091123,TB,100,100,100.00
20,6,182D110424,TB,400,200,50.00
20,7,182D180124,TB,100,100,100.00
20,8,182D250424,TB,5000,5000,100.00
20,9,21STCENMGM,EQ,1101,846,76.84
20,10,360ONE,EQ,81762,49622,60.69
20,11,364D010824,TB,100,100,100.00
20,12,364D021123,TB,10000,10000,100.00
20,13,364D110424,TB,300,300,100.00
20,14,364D140324,TB,1000,1000,100.00
20,15,364D180424,TB,100,100,100.00
20,16,364D200624,TB,1000,1000,100.00
20,17,364D220324,TB,300,300,100.00
20,18,3IINFOLTD,EQ,573842,219908,38.32
20,19,3MINDIA,EQ,2905,679,23.37
20,20,3PLAND,EQ,18567,11452,61.68
20,21,574GS2026,GS,1,1,100.00
20,22,5PAISA,EQ,101467,35791,35.27
20,23,618GS2024,GS,4,4,100.00
20,24,63MOONS,EQ,73934,42578,57.59
20,25,654GS2032,GS,223,211,94.62
20,26,667GS2035,GS,2000,2000,100.00
20,27,667GS2050,GS,1231,1231,100.00
20,28,669GS2024,GS,25263,25262,100.00
20,29,676GS2061,GS,1,1,100.00
20,30,695GS2061,GS,100,100,100.00
20,31,699GS2026,GS,210424,210249,99.92
20,32,699GS2051,GS,177,100,56.50
20,33,706GS2028,GS,18340,18340,100.00
20,34,710GS2029,GS,59004,59004,100.00
20,35,717GS2030,GS,46055,46055,100.00
20,36,718GS2033,GS,1198,1198,100.00
20,37,718GS2037,GS,525,500,95.24
20,38,725GS2063,GS,200,200,100.00
20,39,726GS2032,GS,35500,30500,85.92
20,40,726GS2033,GS,700,700,100.00
20,41,736GS2052,GS,19047,17700,92.93
20,42,738GS2027,GS,775863,775207,99.92
20,43,73GS2053,GS,1700,1700,100.00
20,44,741GS2036,GS,91091,91091,100.00
20,45,74GS2062,GS,703,703,100.00
20,46,754GS2036,GS,475649,458460,96.39
20,47,824GS2027,GS,7865,7865,100.00
20,48,826GS2027,GS,1050,1050,100.00
20,49,833GS2026,GS,1990,1990,100.00
20,50,91D021123,TB,100,100,100.00
20,51,91D071223,TB,100,100,100.00
20,52,91D091123,TB,5200,5200,100.00
20,53,91D110124,TB,500,300,60.00
20,54,91D141223,TB,1100,1100,100.00
20,55,91D180124,TB,100,100,100.00
20,56,91D211223,TB,100,100,100.00
20,57,91D231123,TB,400,400,100.00
20,58,91D291223,TB,100,100,100.00
20,59,92GS2030,GS,3825,3425,89.54
20,60,AAATECH,EQ,218192,69972,32.07
20,61,AAKASH,EQ,184669,151338,81.95
20,62,AARON,EQ,22029,11593,52.63
20,63,AARTIDRUGS,EQ,338536,110380,32.61
20,64,AARTIIND,EQ,747107,298988,40.02
20,65,AARTIPHARM,EQ,114515,64660,56.46
20,66,AARTIPP,E1,66,66,100.00
20,67,AARTISURF,EQ,20282,6904,34.04
20,68,AARVEEDEN,EQ,21550,9505,44.11
20,69,AARVI,EQ,13939,9743,69.90
20,70,AATMAJ,SM,14000,10000,71.43
20,71,AAVAS,EQ,417927,220391,52.73
20,72,ABB,EQ,262816,111289,42.34
20,73,ABBOTINDIA,EQ,6072,2077,34.21
20,74,ABCAPITAL,EQ,1614433,461408,28.58
20,75,ABFL,N1,10,10,100.00
20,76,ABFL,N4,577,577,100.00
20,77,ABFL,N5,7473,6473,86.62
20,78,ABFRL,EQ,1582232,518716,32.78
20,79,ABFRL,W1,169,169,100.00
20,80,ABMINTLLTD,EQ,1172,1171,99.91
20,81,ABSLAMC,EQ,498807,406779,81.55
20,82,ABSLBANETF,EQ,11960,8096,67.69
20,83,ABSLLIQUID,EQ,11785,11032,93.61
20,84,ABSLNN50ET,EQ,3161,1896,59.98
20,85,ACC,EQ,449396,107190,23.85
20,86,ACCELYA,EQ,27592,10715,38.83
20,87,ACE,EQ,385796,216905,56.22
20,88,ACEINTEG,EQ,1646,764,46.42
20,89,ACI,EQ,104283,43862,42.06
20,90,ACL,EQ,24273,18986,78.22
20,91,ACSAL,ST,807000,600000,74.35
20,92,ADANIENSOL,EQ,741463,402245,54.25
20,93,ADANIENT,EQ,1244293,252417,20.29
20,94,ADANIGREEN,EQ,902416,275361,30.51
20,95,ADANIPORTS,EQ,2995404,1497245,49.98
20,96,ADANIPOWER,EQ,14877588,4076915,27.40
20,97,ADFFOODS,EQ,230586,69075,29.96
20,98,ADORWELD,EQ,15929,7255,45.55
20,99,ADSL,EQ,309320,151677,49.04
20,100,ADVANIHOTR,EQ,168617,57693,34.22
20,101,ADVENZYMES,EQ,157890,44454,28.16
20,102,AEGISCHEM,EQ,578010,293393,50.76
20,103,AEROFLEX,EQ,690947,315621,45.68
20,104,AETHER,EQ,107352,63680,59.32
20,105,AFFLE,EQ,80936,36188,44.71
20,106,AGARIND,EQ,31346,12215,38.97
20,107,AGARWALFT,SM,63000,48000,76.19
20,108,AGI,EQ,672564,258880,38.49
20,109,AGNI,SM,25000,20000,80.00
20,110,AGROPHOS,EQ,44989,27466,61.05
20,111,AGSTRA,EQ,180406,80246,44.48
20,112,AGUL,SM,2000,2000,100.00
20,113,AHL,EQ,112783,60270,53.44
20,114,AHLADA,EQ,36969,17017,46.03
20,115,AHLEAST,EQ,2951,1426,48.32
20,116,AHLUCONT,EQ,88831,47485,53.46
20,117,AIAENG,EQ,33863,19016,56.16
20,118,AILIMITED,SM,6000,6000,100.00
20,119,AIRTELPP,E1,643556,626233,97.31
20,120,AJANTPHARM,EQ,182120,104381,57.31
20,121,AJMERA,EQ,85205,32889,38.60
20,122,AJOONI,EQ,277431,130505,47.04
20,123,AKASH,EQ,46565,25327,54.39
20,124,AKG,EQ,76057,8831,11.61
20,125,AKSHAR,EQ,30115,21730,72.16
20,126,AKSHARCHEM,EQ,5294,2093,39.54
20,127,AKZOINDIA,EQ,7996,3835,47.96
20,128,ALANKIT,EQ,494262,338031,68.39
20,129,ALBERTDAVD,EQ,6686,4077,60.98
20,130,ALEMBICLTD,EQ,4560126,693898,15.22
20,131,ALICON,EQ,3455,1971,57.05
20,132,ALKALI,EQ,4295,2450,57.04
20,133,ALKEM,EQ,101943,48589,47.66
20,134,ALKYLAMINE,EQ,29165,16256,55.74
20,135,ALLCARGO,EQ,182985,90653,49.54
20,136,ALLETEC,SM,44800,28800,64.29
20,137,ALLSEC,EQ,105716,55509,52.51
20,138,ALMONDZ,EQ,35839,30025,83.78
20,139,ALOKINDS,EQ,8007889,2706072,33.79
20,140,ALPA,EQ,32272,18668,57.85
20,141,ALPHAETF,EQ,36539,23755,65.01
20,142,ALPHAGEO,EQ,22698,11402,50.23
20,143,AMBER,EQ,109513,40910,37.36
20,144,AMBIKCO,EQ,10584,5339,50.44
20,145,AMBUJACEM,EQ,1693364,757608,44.74
20,146,AMDIND,EQ,124034,64416,51.93
20,147,AMEYA,SM,8000,4000,50.00
20,148,AMIABLE,SM,6400,4800,75.00
20,149,AMIORG,EQ,43755,22007,50.30
20,150,AMJLAND,EQ,59885,25808,43.10
20,151,AMRUTANJAN,EQ,70160,12150,17.32
20,152,ANANDRATHI,EQ,35137,18393,52.35
20,153,ANANTRAJ,EQ,2758376,1399048,50.72
20,154,ANDHRAPAP,EQ,170843,81224,47.54
20,155,ANDHRSUGAR,EQ,151868,66730,43.94
20,156,ANGELONE,EQ,1723752,393796,22.85
20,157,ANLON,SM,4800,4800,100.00
20,158,ANMOL,EQ,317706,210836,66.36
20,159,ANNAPURNA,SM,30000,21000,70.00
20,160,ANUP,EQ,18719,6990,37.34
20,161,ANURAS,EQ,231875,157548,67.95
20,162,APARINDS,EQ,170247,51079,30.00
20,163,APCL,EQ,34625,17406,50.27
20,164,APCOTEXIND,EQ,40287,25609,63.57
20,165,APEX,EQ,69548,29381,42.25
20,166,APLAPOLLO,EQ,519342,347219,66.86
20,167,APLLTD,EQ,81105,33838,41.72
20,168,APOLLO,EQ,4098153,1442235,35.19
20,169,APOLLOHOSP,EQ,333727,171353,51.35
20,170,APOLLOPIPE,EQ,113218,55337,48.88
20,171,APOLLOTYRE,EQ,779238,250653,32.17
20,172,APOLSINHOT,EQ,4289,2982,69.53
20,173,APTECHT,EQ,250314,92437,36.93
20,174,APTUS,EQ,293125,172355,58.80
20,175,ARABIAN,SM,62000,56000,90.32
20,176,ARCHIDPLY,EQ,97815,35689,36.49
20,177,ARCHIES,EQ,86354,23931,27.71
20,178,ARE&M,EQ,191571,127380,66.49
20,179,ARHAM,SM,6000,6000,100.00
20,180,ARIES,EQ,53022,24414,46.05
20,181,ARIHANTACA,SM,1600,1600,100.00
20,182,ARIHANTCAP,EQ,236832,149714,63.22
20,183,ARIHANTSUP,EQ,41825,29828,71.32
20,184,ARISTO,SM,1600,1600,100.00
20,185,ARMANFIN,EQ,9765,5247,53.73
20,186,ARROWGREEN,EQ,624601,156467,25.05
20,187,ARTEMISMED,EQ,134255,67491,50.27
20,188,ARTNIRMAN,EQ,7660,5491,71.68
20,189,ARVEE,EQ,4303,1232,28.63
20,190,ARVIND,EQ,743293,239213,32.18
20,191,ARVINDFASN,EQ,248887,148276,59.58
20,192,ARVSMART,EQ,112438,58130,51.70
20,193,ASAHIINDIA,EQ,47591,20899,43.91
20,194,ASAHISONG,EQ,59732,22199,37.16
20,195,ASAL,EQ,38369,17054,44.45
20,196,ASALCBR,EQ,36191,17013,47.01
20,197,ASHIANA,EQ,67989,30326,44.60
20,198,ASHIMASYN,EQ,507014,279812,55.19
20,199,ASHOKA,EQ,2391219,837964,35.04
20,200,ASHOKAMET,EQ,41830,34160,81.66
20,201,ASHOKLEY,EQ,5166324,1977133,38.27
20,202,ASIANENE,EQ,61398,34963,56.94
20,203,ASIANHOTNR,EQ,1109,664,59.87
20,204,ASIANPAINT,EQ,1708185,1039600,60.86
20,205,ASIANTILES,EQ,1430697,552651,38.63
20,206,ASPINWALL,EQ,3504,1995,56.93
20,207,ASTEC,EQ,10880,6500,59.74
20,208,ASTERDM,EQ,246623,116324,47.17
20,209,ASTRAL,EQ,252287,98328,38.97
20,210,ASTRAMICRO,EQ,448306,160009,35.69
20,211,ASTRAZEN,EQ,15150,6153,40.61
20,212,ATAM,EQ,22965,16390,71.37
20,213,ATFL,EQ,3679,1959,53.25
20,214,ATGL,EQ,2354557,1164460,49.46
20,215,ATL,EQ,1513081,804829,53.19
20,216,ATUL,EQ,157839,98876,62.64
20,217,ATULAUTO,EQ,183262,72191,39.39
20,218,AUBANK,EQ,1251035,737169,58.92
20,219,AURDIS,SM,6000,6000,100.00
20,220,AUROIMPEX,SM,16000,16000,100.00
20,221,AUROPHARMA,EQ,1025711,587741,57.30
20,222,AURUM,EQ,43751,26605,60.81
20,223,AURUMPP,E1,13386,10427,77.89
20,224,AUTOAXLES,EQ,6475,3415,52.74
20,225,AUTOBEES,EQ,33747,26704,79.13
20,226,AVADHSUGAR,EQ,186826,48043,25.72
20,227,AVALON,EQ,664717,312849,47.06
20,228,AVANTIFEED,EQ,88903,39090,43.97
20,229,AVG,EQ,26811,12952,48.31
20,230,AVROIND,EQ,11293,6714,59.45
20,231,AVSL,ST,3000,3000,100.00
20,232,AVTNPL,EQ,192329,111347,57.89
20,233,AWHCL,EQ,584884,143605,24.55
20,234,AWL,EQ,1272301,423846,33.31
20,235,AXISBANK,EQ,13443016,9104133,67.72
20,236,AXISBNKETF,EQ,185492,184445,99.44
20,237,AXISBPSETF,EQ,35187,25552,72.62
20,238,AXISCADES,EQ,32360,19334,59.75
20,239,AXISCETF,EQ,619,517,83.52
20,240,AXISGOLD,EQ,63985,45724,71.46
20,241,AXISHCETF,EQ,2489,1948,78.26
20,242,AXISILVER,EQ,4903,3201,65.29
20,243,AXISNIFTY,EQ,41174,26610,64.63
20,244,AXISTECETF,EQ,3505,1261,35.98
20,245,AXSENSEX,EQ,941,615,65.36
20,246,AYMSYNTEX,EQ,42447,22389,52.75
20,247,BAHETI,SM,22500,15000,66.67
20,248,BAJAJ-AUTO,EQ,843465,535848,63.53
20,249,BAJAJCON,EQ,472155,186285,39.45
20,250,BAJAJELEC,EQ,24235,9165,37.82
20,251,BAJAJFINSV,EQ,2003579,705018,35.19
20,252,BAJAJHCARE,EQ,241588,83651,34.63
20,253,BAJAJHIND,EQ,23671579,7895003,33.35
20,254,BAJAJHLDNG,EQ,13991,5839,41.73
20,255,BAJFINANCE,EQ,911944,465684,51.06
20,256,BALAJITELE,EQ,237625,115109,48.44
20,257,BALAMINES,EQ,22781,9879,43.37
20,258,BALAXI,EQ,1772,1246,70.32
20,259,BALKRISHNA,EQ,71762,24846,34.62
20,260,BALKRISIND,EQ,207553,111801,53.87
20,261,BALMLAWRIE,EQ,276561,111596,40.35
20,262,BALPHARMA,EQ,7739,3740,48.33
20,263,BALRAMCHIN,EQ,1312589,420486,32.03
20,264,BANARBEADS,EQ,3307,1668,50.44
20,265,BANARISUG,EQ,2743,1024,37.33
20,266,BANCOINDIA,EQ,66049,38167,57.79
20,267,BANDHANBNK,EQ,5005707,1974787,39.45
20,268,BANG,EQ,37402,16886,45.15
20,269,BANKA,EQ,15305,5485,35.84
20,270,BANKBARODA,EQ,14885363,4097539,27.53
20,271,BANKBEES,EQ,589516,448893,76.15
20,272,BANKETF,EQ,1691,1236,73.09
20,273,BANKINDIA,EQ,27867753,6600062,23.68
20,274,BANSWRAS,EQ,36191,17515,48.40
20,275,BARBEQUE,EQ,32403,14062,43.40
20,276,BASF,EQ,8663,4230,48.83
20,277,BASILIC,SM,223200,110400,49.46
20,278,BASML,EQ,33475,17030,50.87
20,279,BATAINDIA,EQ,77824,29585,38.02
20,280,BAYERCROP,EQ,10620,6058,57.04
20,281,BBETF0432,EQ,1390,1365,98.20
20,282,BBL,EQ,12071,4836,40.06
20,283,BBOX,EQ,3662944,785744,21.45
20,284,BBTC,EQ,414427,85059,20.52
20,285,BBTCL,EQ,6391,1481,23.17
20,286,BCG,EQ,12783657,6412912,50.16
20,287,BCLIND,EQ,1180473,531710,45.04
20,288,BDL,EQ,376172,123893,32.94
20,289,BECTORFOOD,EQ,267408,83458,31.21
20,290,BEL,EQ,8761931,4702302,53.67
20,291,BEML,EQ,172218,52195,30.31
20,292,BEPL,EQ,379679,167876,44.22
20,293,BERGEPAINT,EQ,2250687,1405525,62.45
20,294,BETA,SM,2800,1400,50.00
20,295,BEWLTD,SM,2750,2000,72.73
20,296,BFINVEST,EQ,22133,7782,35.16
20,297,BFSI,EQ,152172,143482,94.29
20,298,BFUTILITIE,EQ,129069,40840,31.64
20,299,BGRENERGY,EQ,300482,118205,39.34
20,300,BHAGCHEM,EQ,4848,2752,56.77
20,301,BHAGERIA,EQ,23796,16218,68.15
20,302,BHARATFORG,EQ,615619,287263,46.66
20,303,BHARATGEAR,EQ,31173,14762,47.36
20,304,BHARATRAS,EQ,329,176,53.50
20,305,BHARATWIRE,EQ,380873,217325,57.06
20,306,BHARTIARTL,EQ,3508393,2699564,76.95
20,307,BHEL,EQ,13964054,3548427,25.41
20,308,BIGBLOC,EQ,85749,40667,47.43
20,309,BIKAJI,EQ,338035,273222,80.83
20,310,BIL,EQ,9494,5047,53.16
20,311,BIOCON,EQ,2766883,1540629,55.68
20,312,BIOFILCHEM,EQ,14202,6262,44.09
20,313,BIRET,RR,43672,35310,80.85
20,314,BIRLACABLE,EQ,86776,47637,54.90
20,315,BIRLACORPN,EQ,94212,68090,72.27
20,316,BIRLAMONEY,EQ,167980,76044,45.27
20,317,BLAL,EQ,154429,76997,49.86
20,318,BLBLIMITED,EQ,61339,36984,60.29
20,319,BLISSGVS,EQ,212404,96585,45.47
20,320,BLKASHYAP,EQ,381924,194615,50.96
20,321,BLS,EQ,5223659,2136517,40.90
20,322,BLUEDART,EQ,65131,57974,89.01
20,323,BLUESTARCO,EQ,122276,70075,57.31
20,324,BMETRICS,SM,6000,6000,100.00
20,325,BODALCHEM,EQ,163535,63527,38.85
20,326,BOMDYEING,EQ,2959008,944800,31.93
20,327,BOROLTD,EQ,58920,30960,52.55
20,328,BORORENEW,EQ,167161,70280,42.04
20,329,BOSCHLTD,EQ,23336,14627,62.68
20,330,BPCL,EQ,1498044,583421,38.95
20,331,BRIGADE,EQ,128210,58704,45.79
20,332,BRIGHT,SM,72000,63000,87.50
20,333,BRITANNIA,EQ,382794,270675,70.71
20,334,BRITANNIA,N3,4045,3827,94.61
20,335,BRNL,EQ,190957,115423,60.44
20,336,BSE,EQ,2991288,632226,21.14
20,337,BSHSL,EQ,10354,7532,72.74
20,338,BSL,EQ,2888,1855,64.23
20,339,BSLGOLDETF,EQ,339632,312136,91.90
20,340,BSLNIFTY,EQ,144300,109308,75.75
20,341,BSLSENETFG,EQ,366,217,59.29
20,342,BSOFT,EQ,1436568,362016,25.20
20,343,BTML,EQ,209260,130544,62.38
20,344,BURNPUR,EQ,311463,141408,45.40
20,345,BUTTERFLY,EQ,1131,471,41.64
20,346,CADSYS,SM,14000,12000,85.71
20,347,CALSOFT,EQ,23322,13754,58.97
20,348,CAMLINFINE,EQ,314030,157164,50.05
20,349,CAMPUS,EQ,941541,479587,50.94
20,350,CAMS,EQ,97364,58965,60.56
20,351,CANARYS,SM,436000,300000,68.81
20,352,CANBK,EQ,27201958,6633132,24.38
20,353,CANFINHOME,EQ,575335,264796,46.02
20,354,CANTABIL,EQ,21293,7642,35.89
20,355,CAPACITE,EQ,422684,164380,38.89
20,356,CAPLIPOINT,EQ,52548,21209,40.36
20,357,CAPTRUST,EQ,6630,3566,53.79
20,358,CARBORUNIV,EQ,390771,185276,47.41
20,359,CARERATING,EQ,126209,109856,87.04
20,360,CARTRADE,EQ,115206,49651,43.10
20,361,CARYSIL,EQ,121770,59063,48.50
20,362,CASTROLIND,EQ,461588,237442,51.44
20,363,CCL,EQ,45005,17067,37.92
20,364,CDSL,EQ,1073086,347999,32.43
20,365,CEATLTD,EQ,183271,112935,61.62
20,366,CELEBRITY,EQ,5014377,2338251,46.63
20,367,CELLECOR,SM,352800,237600,67.35
20,368,CELLPOINT,SM,22800,18000,78.95
20,369,CENTENKA,EQ,36119,20825,57.66
20,370,CENTRALBK,EQ,50321677,5664032,11.26
20,371,CENTRUM,EQ,455017,232164,51.02
20,372,CENTURYPLY,EQ,35736,14964,41.87
20,373,CENTURYTEX,EQ,107998,41255,38.20
20,374,CERA,EQ,10461,3013,28.80
20,375,CESC,EQ,1657738,800144,48.27
20,376,CGCL,EQ,100388,41116,40.96
20,377,CGPOWER,EQ,1827772,1045010,57.17
20,378,CHALET,EQ,198076,129664,65.46
20,379,CHAMBLFERT,EQ,1400874,520919,37.19
20,380,CHAVDA,SM,240000,150000,62.50
20,381,CHEMBOND,EQ,13096,7442,56.83
20,382,CHEMCON,EQ,30367,15871,52.26
20,383,CHEMFAB,EQ,79405,37908,47.74
20,384,CHEMPLASTS,EQ,76775,47670,62.09
20,385,CHENNPETRO,EQ,3049522,848922,27.84
20,386,CHEVIOT,EQ,7279,4224,58.03
20,387,CHOICEIN,EQ,423735,76704,18.10
20,388,CHOLAFIN,EQ,2141573,1291019,60.28
20,389,CHOLAFIN,N0,3,3,100.00
20,390,CHOLAHLDNG,EQ,224136,174922,78.04
20,391,CIEINDIA,EQ,569743,386375,67.82
20,392,CIGNITITEC,EQ,201253,72587,36.07
20,393,CIPLA,EQ,1775011,427419,24.08
20,394,CLEAN,EQ,59152,25122,42.47
20,395,CLEDUCATE,BO,10114,10114,100.00
20,396,CLEDUCATE,EQ,169941,117276,69.01
20,397,CLOUD,SM,1372000,516000,37.61
20,398,CLOUDPP,E1,350400,309600,88.36
20,399,CLSEL,EQ,187851,73286,39.01
20,400,CLSL,SM,14000,14000,100.00
20,401,CMNL,SM,54000,48000,88.89
20,402,CMRSL,SM,19200,18400,95.83
20,403,CMSINFO,EQ,458465,256988,56.05
20,404,COALINDIA,EQ,10503070,3530163,33.61
20,405,COASTCORP,EQ,14028,8352,59.54
20,406,COCHINSHIP,EQ,4503610,446912,9.92
20,407,COFFEEDAY,EQ,1727561,812442,47.03
20,408,COFORGE,EQ,540268,318846,59.02
20,409,COLPAL,EQ,1000307,328159,32.81
20,410,COMMITTED,ST,225600,171200,75.89
20,411,COMPINFO,EQ,115528,52198,45.18
20,412,COMPUSOFT,EQ,96934,59727,61.62
20,413,CONCOR,EQ,891975,420448,47.14
20,414,CONCORDBIO,EQ,223192,71131,31.87
20,415,CONFIPET,EQ,1093805,522011,47.72
20,416,CONSOFINVT,EQ,47016,20360,43.30
20,417,CONSUMBEES,EQ,36156,25534,70.62
20,418,CONTROLPR,EQ,73917,27482,37.18
20,419,COOLCAPS,SM,1500,1500,100.00
20,420,CORALFINAC,EQ,252312,79261,31.41
20,421,CORDSCABLE,EQ,186796,66512,35.61
20,422,COROMANDEL,EQ,355916,164600,46.25
20,423,COSMOFIRST,EQ,70145,49786,70.98
20,424,COUNCODOS,EQ,77316,34281,44.34
20,425,CPS,SM,5400,5400,100.00
20,426,CPSEETF,EQ,678830,398870,58.76
20,427,CRAFTSMAN,EQ,42191,17034,40.37
20,428,CRAYONS,SM,22000,20000,90.91
20,429,CREATIVE,EQ,24086,14006,58.15
20,430,CREATIVEYE,EQ,30,30,100.00
20,431,CREDITACC,EQ,855531,310115,36.25
20,432,CREDITACC,N1,17,17,100.00
20,433,CREDITACC,N3,10,10,100.00
20,434,CREDITACC,N5,388,360,92.78
20,435,CREDITACC,ND,572,572,100.00
20,436,CREST,EQ,7892,4431,56.15
20,437,CRISIL,EQ,39891,21079,52.84
20,438,CROMPTON,EQ,2513131,1732820,68.95
20,439,CROWN,EQ,14865,9600,64.58
20,440,CSBBANK,EQ,393057,179395,45.64
20,441,CSLFINANCE,EQ,21591,10740,49.74
20,442,CTE,EQ,46440,18995,40.90
20,443,CUB,EQ,4471149,1392922,31.15
20,444,CUBEXTUB,EQ,40813,9959,24.40
20,445,CUMMINSIND,EQ,360754,218818,60.66
20,446,CUPID,EQ,2326328,497217,21.37
20,447,CYBERTECH,EQ,906724,207896,22.93
20,448,CYIENT,EQ,427851,210400,49.18
20,449,CYIENTDLM,EQ,211387,108808,51.47
20,450,DAAWAT,EQ,1032484,350824,33.98
20,451,DABUR,EQ,2125985,1297766,61.04
20,452,DALBHARAT,EQ,159841,71601,44.80
20,453,DALMIASUG,EQ,178162,57158,32.08
20,454,DAMODARIND,EQ,51763,27943,53.98
20,455,DATAMATICS,EQ,115018,43681,37.98
20,456,DATAPATTNS,EQ,135598,38078,28.08
20,457,DBCORP,EQ,257343,137381,53.38
20,458,DBL,EQ,530080,132837,25.06
20,459,DBOL,EQ,142818,58533,40.98
20,460,DBREALTY,EQ,4697192,2821713,60.07
20,461,DCAL,EQ,271806,95978,35.31
20,462,DCBBANK,EQ,1140577,591862,51.89
20,463,DCMNVL,EQ,52657,33385,63.40
20,464,DCMSHRIRAM,EQ,105314,13161,12.50
20,465,DCMSRIND,EQ,135476,84819,62.61
20,466,DCW,EQ,1565413,537776,34.35
20,467,DCXINDIA,EQ,258667,93948,36.32
20,468,DECCANCE,EQ,7174,3890,54.22
20,469,DEEPAKFERT,EQ,468222,203331,43.43
20,470,DEEPAKNTR,EQ,138814,45324,32.65
20,471,DEEPINDS,EQ,115747,60888,52.60
20,472,DELHIVERY,EQ,394200,216986,55.04
20,473,DELPHIFX,EQ,3545,2375,67.00
20,474,DELTACORP,EQ,11437354,2979898,26.05
20,475,DEN,EQ,3620822,665719,18.39
20,476,DENEERS,SM,22800,21600,94.74
20,477,DENORA,EQ,13720,7402,53.95
20,478,DENTALKART,SM,26000,17000,65.38
20,479,DESTINY,ST,54000,54000,100.00
20,480,DEVIT,EQ,35638,20019,56.17
20,481,DEVYANI,EQ,2101903,1386324,65.96
20,482,DGCONTENT,EQ,8642,4968,57.49
20,483,DHAMPURSUG,EQ,498055,88568,17.78
20,484,DHANBANK,EQ,2143269,1025329,47.84
20,485,DHANILOANS,N6,51,51,100.00
20,486,DHANILOANS,NG,1,1,100.00
20,487,DHANILOANS,NU,100,100,100.00
20,488,DHANILOANS,NX,1,1,100.00
20,489,DHANUKA,EQ,39892,16577,41.55
20,490,DHARMAJ,EQ,990529,404074,40.79
20,491,DHRUV,EQ,34249,18192,53.12
20,492,DHUNINV,EQ,7407,3619,48.86
20,493,DIAMINESQ,EQ,5285,2558,48.40
20,494,DIAMONDYD,EQ,11109,7741,69.68
20,495,DICIND,EQ,1957,1181,60.35
20,496,DIGIKORE,SM,31200,26400,84.62
20,497,DISHTV,EQ,15867206,5869431,36.99
20,498,DIVGIITTS,EQ,16897,7219,42.72
20,499,DIVISLAB,EQ,283983,163412,57.54
20,500,DIVOPPBEES,EQ,18182,17078,93.93
20,501,DIXON,EQ,1180350,370901,31.42
20,502,DJML,EQ,1745,1174,67.28
20,503,DLF,EQ,4062846,1994222,49.08
20,504,DLINKINDIA,EQ,158646,59101,37.25
20,505,DMART,EQ,365480,274330,75.06
20,506,DMCC,EQ,157880,115277,73.02
20,507,DODLA,EQ,72811,24885,34.18
20,508,DOLATALGO,EQ,219230,98920,45.12
20,509,DOLLAR,EQ,32013,14779,46.17
20,510,DOLLEX,SM,60000,60000,100.00
20,511,DONEAR,EQ,170905,59943,35.07
20,512,DPABHUSHAN,EQ,21104,16965,80.39
20,513,DPSCLTD,EQ,330647,84662,25.60
20,514,DPWIRES,EQ,105412,17472,16.57
20,515,DRCSYSTEMS,EQ,37313,18551,49.72
20,516,DREAMFOLKS,EQ,175560,83986,47.84
20,517,DREDGECORP,EQ,167385,63194,37.75
20,518,DRONE,SM,326000,166000,50.92
20,519,DRREDDY,EQ,431945,188215,43.57
20,520,DSPBANKETF,EQ,3493,1759,50.36
20,521,DSPGOLDETF,EQ,1184,1000,84.46
20,522,DSPITETF,EQ,63564,57623,90.65
20,523,DSPN50ETF,EQ,19284,19146,99.28
20,524,DSPNEWETF,EQ,10628,9547,89.83
20,525,DSPPSBKETF,EQ,1097159,1088911,99.25
20,526,DSPPVBKETF,EQ,1500,1494,99.60
20,527,DSPQ50ETF,EQ,2382,1685,70.74
20,528,DSPSENXETF,EQ,68,55,80.88
20,529,DSPSILVETF,EQ,3281,2669,81.35
20,530,DSSL,EQ,281216,63967,22.75
20,531,DTIL,EQ,6548,4299,65.65
20,532,DUCOL,SM,9600,8000,83.33
20,533,DUGLOBAL,SM,35000,27500,78.57
20,534,DVL,EQ,56545,28010,49.54
20,535,DWARKESH,EQ,3388773,978370,28.87
20,536,DYNAMATECH,EQ,14245,5471,38.41
20,537,DYNAMIC,SM,24000,22000,91.67
20,538,DYNPRO,EQ,28219,19203,68.05
20,539,EASEMYTRIP,EQ,8996795,3309147,36.78
20,540,EBBETF0425,EQ,8980,5716,63.65
20,541,EBBETF0430,EQ,28603,26358,92.15
20,542,EBBETF0431,EQ,13252,12620,95.23
20,543,EBBETF0433,EQ,6642,6476,97.50
20,544,ECLERX,EQ,52763,24983,47.35
20,545,ECLFINANCE,NK,1046,1026,98.09
20,546,ECLFINANCE,NO,957,957,100.00
20,547,ECLFINANCE,NP,194,194,100.00
20,548,ECLFINANCE,NQ,2,2,100.00
20,549,ECLFINANCE,NR,362,352,97.24
20,550,ECLFINANCE,NS,497,497,100.00
20,551,EDELWEISS,EQ,2812733,1016200,36.13
20,552,EFACTOR,SM,144000,104000,72.22
20,553,EICHERMOT,EQ,293097,142433,48.60
20,554,EIDPARRY,EQ,250998,129527,51.60
20,555,EIFFL,EQ,66499,56307,84.67
20,556,EIHAHOTELS,EQ,9048,4243,46.89
20,557,EIHOTEL,EQ,641663,348650,54.34
20,558,EIMCOELECO,EQ,17414,10613,60.95
20,559,EKC,EQ,327597,152470,46.54
20,560,ELDEHSG,EQ,1850,1011,54.65
20,561,ELECON,EQ,243908,100583,41.24
20,562,ELECTCAST,EQ,5893601,2256550,38.29
20,563,ELGIEQUIP,EQ,115241,46407,40.27
20,564,ELIN,EQ,162724,75400,46.34
20,565,EMAMILTD,EQ,124817,63751,51.08
20,566,EMAMIPAP,EQ,11025,6170,55.96
20,567,EMAMIREAL,EQ,245097,102812,41.95
20,568,EMBASSY,RR,115886,90376,77.99
20,569,EMIL,EQ,506031,283544,56.03
20,570,EMKAY,EQ,61830,31621,51.14
20,571,EMKAYTOOLS,SM,2400,2400,100.00
20,572,EMMBI,EQ,66127,32381,48.97
20,573,EMSLIMITED,EQ,652535,372546,57.09
20,574,EMUDHRA,EQ,52360,21199,40.49
20,575,ENDURANCE,EQ,198675,175605,88.39
20,576,ENERGYDEV,EQ,60598,34436,56.83
20,577,ENGINERSIN,EQ,7662325,1727526,22.55
20,578,ENIL,EQ,52233,19913,38.12
20,579,EPIGRAL,EQ,23372,13177,56.38
20,580,EPL,EQ,394488,240883,61.06
20,581,EQUITASBNK,EQ,2921565,1533826,52.50
20,582,ERFLNCDI,N5,281,266,94.66
20,583,ERFLNCDI,N6,200,200,100.00
20,584,ERIS,EQ,69075,46682,67.58
20,585,EROSMEDIA,EQ,322533,98881,30.66
20,586,ESABINDIA,EQ,5377,2896,53.86
20,587,ESCORTS,EQ,197206,59514,30.18
20,588,ESFL,SM,49200,42000,85.37
20,589,ESG,EQ,9938,8220,82.71
20,590,ESTER,EQ,57412,31107,54.18
20,591,ETHOSLTD,EQ,26158,15724,60.11
20,592,EUROBOND,SM,53000,46000,86.79
20,593,EVEREADY,EQ,116390,74980,64.42
20,594,EVERESTIND,EQ,22477,11262,50.10
20,595,EXCELINDUS,EQ,4840,2604,53.80
20,596,EXIDEIND,EQ,897365,299574,33.38
20,597,EXPLEOSOL,EQ,22325,11715,52.47
20,598,EXXARO,EQ,98392,38705,39.34
20,599,FACT,EQ,1258185,188443,14.98
20,600,FAIRCHEMOR,EQ,21895,7397,33.78
20,601,FAZE3Q,EQ,88532,42656,48.18
20,602,FCL,EQ,197624,78082,39.51
20,603,FCSSOFT,EQ,8479192,3771466,44.48
20,604,FDC,EQ,122958,39896,32.45
20,605,FEDERALBNK,EQ,11627544,5723306,49.22
20,606,FELIX,SM,13000,10000,76.92
20,607,FIBERWEB,EQ,25509,13618,53.39
20,608,FIDEL,SM,24000,18000,75.00
20,609,FIEMIND,EQ,19718,9306,47.20
20,610,FILATEX,EQ,1192634,820557,68.80
20,611,FINCABLES,EQ,680892,270190,39.68
20,612,FINEORG,EQ,15129,7779,51.42
20,613,FINOPB,EQ,25167,14297,56.81
20,614,FINPIPE,EQ,622665,315272,50.63
20,615,FIVESTAR,EQ,275438,151416,54.97
20,616,FLUOROCHEM,EQ,47238,24677,52.24
20,617,FMGOETZE,EQ,48101,21361,44.41
20,618,FOCE,SM,1000,1000,100.00
20,619,FOCUS,EQ,503161,381836,75.89
20,620,FOODSIN,EQ,371984,198070,53.25
20,621,FORTIS,EQ,770484,597335,77.53
20,622,FOSECOIND,EQ,1722,829,48.14
20,623,FROG,SM,14800,11600,78.38
20,624,FSL,EQ,1338157,516254,38.58
20,625,FUSION,EQ,166941,93218,55.84
20,626,GABRIEL,EQ,400263,136204,34.03
20,627,GAEL,EQ,530861,122230,23.02
20,628,GAIL,EQ,9937564,5331755,53.65
20,629,GALAXYSURF,EQ,6595,3047,46.20
20,630,GALLANTT,EQ,80991,26574,32.81
20,631,GANDHITUBE,EQ,5839,2823,48.35
20,632,GANECOS,EQ,62194,36161,58.14
20,633,GANESHBE,EQ,87084,53687,61.65
20,634,GANESHHOUC,EQ,74797,39248,52.47
20,635,GANGESSECU,EQ,19792,11867,59.96
20,636,GARFIBRES,EQ,6385,3959,62.00
20,637,GATEWAY,EQ,464730,251235,54.06
20,638,GATI,EQ,313390,118223,37.72
20,639,GEECEE,EQ,21879,10360,47.35
20,640,GENCON,EQ,481410,322860,67.07
20,641,GENESYS,EQ,35552,19120,53.78
20,642,GENSOL,EQ,47599,24347,51.15
20,643,GENUSPAPER,EQ,862300,305382,35.41
20,644,GENUSPOWER,EQ,291454,159217,54.63
20,645,GEOJITFSL,EQ,2575740,781272,30.33
20,646,GEPIL,EQ,398505,106948,26.84
20,647,GESHIP,EQ,157186,54339,34.57
20,648,GFLLIMITED,EQ,210314,127558,60.65
20,649,GHCL,EQ,145000,86251,59.48
20,650,GHCLTEXTIL,EQ,299073,168545,56.36
20,651,GICHSGFIN,EQ,209968,58997,28.10
20,652,GICRE,EQ,420974,180270,42.82
20,653,GILLETTE,EQ,7722,3796,49.16
20,654,GILT5YBEES,EQ,511693,430164,84.07
20,655,GIPCL,EQ,951233,345462,36.32
20,656,GKWLIMITED,EQ,6010,4319,71.86
20,657,GLAND,EQ,125030,56678,45.33
20,658,GLAXO,EQ,81687,69470,85.04
20,659,GLENMARK,EQ,514179,252635,49.13
20,660,GLFL,EQ,10486,8238,78.56
20,661,GLOBAL,EQ,24694,13966,56.56
20,662,GLOBALPET,SM,3000,3000,100.00
20,663,GLOBALVECT,EQ,124439,62725,50.41
20,664,GLOBUSSPR,EQ,57261,29246,51.07
20,665,GLS,EQ,136607,84796,62.07
20,666,GMBREW,EQ,47574,21223,44.61
20,667,GMDCLTD,EQ,6535152,1370187,20.97
20,668,GMMPFAUDLR,EQ,251481,86483,34.39
20,669,GMRINFRA,EQ,4130005,1892671,45.83
20,670,GMRP&UI,EQ,3079406,1788251,58.07
20,671,GNA,EQ,253180,82668,32.65
20,672,GNFC,EQ,1333284,307468,23.06
20,673,GOACARBON,EQ,27408,14497,52.89
20,674,GOCLCORP,EQ,508792,292374,57.46
20,675,GOCOLORS,EQ,71337,40382,56.61
20,676,GODFRYPHLP,EQ,60355,22443,37.18
20,677,GODREJAGRO,EQ,82452,41665,50.53
20,678,GODREJCP,EQ,783105,501390,64.03
20,679,GODREJIND,EQ,312372,182109,58.30
20,680,GODREJPROP,EQ,548552,310957,56.69
20,681,GOKEX,EQ,481874,142689,29.61
20,682,GOKUL,EQ,431575,143079,33.15
20,683,GOKULAGRO,EQ,86327,36485,42.26
20,684,GOLDBEES,EQ,4682849,3403570,72.68
20,685,GOLDETF,EQ,20633,19101,92.58
20,686,GOLDIAM,EQ,227303,123489,54.33
20,687,GOLDSHARE,EQ,150393,131759,87.61
20,688,GOLDSTAR,SM,22500,22500,100.00
20,689,GOODLUCK,EQ,709386,419368,59.12
20,690,GOYALSALT,SM,72000,48000,66.67
20,691,GPIL,EQ,368458,202776,55.03
20,692,GPPL,EQ,1372127,590458,43.03
20,693,GRANULES,EQ,531185,230007,43.30
20,694,GRAPHITE,EQ,703349,167718,23.85
20,695,GRASIM,EQ,288384,126879,44.00
20,696,GRAVITA,EQ,110873,56958,51.37
20,697,GREAVESCOT,EQ,500970,263763,52.65
20,698,GREENCHEF,SM,14400,12800,88.89
20,699,GREENLAM,EQ,91563,46057,50.30
20,700,GREENPANEL,EQ,181270,111401,61.46
20,701,GREENPLY,EQ,172516,99609,57.74
20,702,GRINDWELL,EQ,139582,97798,70.06
20,703,GRINFRA,EQ,17291,7908,45.73
20,704,GRMOVER,EQ,55707,30965,55.59
20,705,GROBTEA,EQ,64,35,54.69
20,706,GRPLTD,EQ,301,189,62.79
20,707,GRSE,EQ,2169160,223131,10.29
20,708,GRWRHITECH,EQ,45035,20394,45.28
20,709,GSEC10YEAR,EQ,133,133,100.00
20,710,GSFC,EQ,4264992,970653,22.76
20,711,GSLSU,EQ,458239,130633,28.51
20,712,GSPL,EQ,342783,168268,49.09
20,713,GSS,EQ,32317,16654,51.53
20,714,GSTL,SM,10000,8000,80.00
20,715,GTLINFRA,EQ,15988200,15224316,95.22
20,716,GTPL,EQ,53741,21064,39.20
20,717,GUFICBIO,EQ,118990,53596,45.04
20,718,GUJALKALI,EQ,131359,56633,43.11
20,719,GUJGASLTD,EQ,656655,379243,57.75
20,720,GULFOILLUB,EQ,655155,274261,41.86
20,721,GULPOLY,EQ,33992,16277,47.88
20,722,HAL,EQ,1140613,618882,54.26
20,723,HAPPSTMNDS,EQ,181769,93581,51.48
20,724,HARDWYN,EQ,34907,20427,58.52
20,725,HARIOMPIPE,EQ,113974,46767,41.03
20,726,HARRMALAYA,EQ,15424,7417,48.09
20,727,HARSHA,EQ,50503,21350,42.27
20,728,HATHWAY,EQ,9575848,1939576,20.25
20,729,HATSUN,EQ,31315,21640,69.10
20,730,HAVELLS,EQ,567880,332387,58.53
20,731,HBLPOWER,EQ,979132,448034,45.76
20,732,HBSL,EQ,124614,28391,22.78
20,733,HCC,EQ,34737952,8876374,25.55
20,734,HCG,EQ,71366,35450,49.67
20,735,HCLTECH,EQ,2675348,1695675,63.38
20,736,HDFCAMC,EQ,322157,173822,53.96
20,737,HDFCBANK,EQ,15970266,11120498,69.63
20,738,HDFCBSE500,EQ,15087,8094,53.65
20,739,HDFCGOLD,EQ,666110,419732,63.01
20,740,HDFCGROWTH,EQ,6172,5498,89.08
20,741,HDFCLIFE,EQ,1348147,751509,55.74
20,742,HDFCLIQUID,EQ,200,200,100.00
20,743,HDFCLOWVOL,EQ,13442,3957,29.44
20,744,HDFCMID150,EQ,217684,164810,75.71
20,745,HDFCMOMENT,EQ,96912,93743,96.73
20,746,HDFCNEXT50,EQ,7710,4717,61.18
20,747,HDFCNIF100,EQ,29266,15281,52.21
20,748,HDFCNIFBAN,EQ,23535,19973,84.87
20,749,HDFCNIFIT,EQ,2758,2723,98.73
20,750,HDFCNIFTY,EQ,222536,216240,97.17
20,751,HDFCPVTBAN,EQ,2469,2356,95.42
20,752,HDFCQUAL,EQ,16019,15438,96.37
20,753,HDFCSENSEX,EQ,4398,3971,90.29
20,754,HDFCSILVER,EQ,287994,246301,85.52
20,755,HDFCSML250,EQ,216128,173733,80.38
20,756,HDFCVALUE,EQ,3222,1822,56.55
20,757,HEADSUP,EQ,162199,85380,52.64
20,758,HEALTHY,EQ,172358,131845,76.49
20,759,HECPROJECT,EQ,4269,3286,76.97
20,760,HEG,EQ,151297,49123,32.47
20,761,HEIDELBERG,EQ,126180,67028,53.12
20,762,HEMIPROP,EQ,1532986,644622,42.05
20,763,HERANBA,EQ,46953,28069,59.78
20,764,HERCULES,EQ,18314,10003,54.62
20,765,HERITGFOOD,EQ,626550,301472,48.12
20,766,HEROMOTOCO,EQ,314423,120109,38.20
20,767,HESTERBIO,EQ,1523,1065,69.93
20,768,HEUBACHIND,EQ,241017,59784,24.80
20,769,HEXATRADEX,EQ,3333,2914,87.43
20,770,HFCL,EQ,8884326,3411882,38.40
20,771,HGINFRA,EQ,51795,27270,52.65
20,772,HGS,EQ,18263,10686,58.51
20,773,HIGREEN,SM,262400,163200,62.20
20,774,HIKAL,EQ,124899,68786,55.07
20,775,HIL,EQ,5826,3064,52.59
20,776,HILTON,EQ,35210,22864,64.94
20,777,HIMATSEIDE,EQ,1766207,821634,46.52
20,778,HINDALCO,EQ,6193726,3653004,58.98
20,779,HINDCOMPOS,EQ,5861,2456,41.90
20,780,HINDCOPPER,EQ,5520942,1580062,28.62
20,781,HINDMOTORS,EQ,436840,273335,62.57
20,782,HINDOILEXP,EQ,991854,431136,43.47
20,783,HINDPETRO,EQ,1597061,637815,39.94
20,784,HINDUNILVR,EQ,1784812,1335534,74.83
20,785,HINDWAREAP,EQ,63962,30242,47.28
20,786,HINDZINC,EQ,346211,211046,60.96
20,787,HIRECT,EQ,53929,20760,38.50
20,788,HITECH,EQ,2998356,1382948,46.12
20,789,HITECHCORP,EQ,24419,16024,65.62
20,790,HITECHGEAR,EQ,14151,5973,42.21
20,791,HLEGLAS,EQ,68184,23486,34.45
20,792,HLVLTD,EQ,1606065,567408,35.33
20,793,HMAAGRO,EQ,30413,15478,50.89
20,794,HMVL,EQ,194157,107721,55.48
20,795,HNDFDS,EQ,118409,64757,54.69
20,796,HNGSNGBEES,EQ,12683,8435,66.51
20,797,HOLMARC,SM,27000,21000,77.78
20,798,HOMEFIRST,EQ,318791,123260,38.66
20,799,HONAUT,EQ,4130,2990,72.40
20,800,HONDAPOWER,EQ,10615,3115,29.35
20,801,HOVS,EQ,27720,14567,52.55
20,802,HPAL,EQ,113051,24968,22.09
20,803,HPL,EQ,214824,141909,66.06
20,804,HSCL,EQ,1163019,615136,52.89
20,805,HTMEDIA,EQ,692179,381986,55.19
20,806,HUBTOWN,EQ,207408,123990,59.78
20,807,HUDCO,EQ,14954859,6220892,41.60
20,808,HUDCO,N2,519,500,96.34
20,809,HUDCO,N5,2521,2521,100.00
20,810,HUDCO,N8,626,446,71.25
20,811,HUDCO,N9,209,209,100.00
20,812,HUDCO,ND,982,982,100.00
20,813,HUDCO,NE,235,215,91.49
20,814,HUHTAMAKI,EQ,381203,128656,33.75
20,815,IBREALEST,EQ,6230956,2322333,37.27
20,816,IBUCCREDIT,NS,55,55,100.00
20,817,IBULHSG,N4,7,6,85.71
20,818,IBULHSGFIN,AG,5,5,100.00
20,819,IBULHSGFIN,AX,200,200,100.00
20,820,IBULHSGFIN,BF,155,155,100.00
20,821,IBULHSGFIN,BV,50,50,100.00
20,822,IBULHSGFIN,EQ,10779871,2072273,19.22
20,823,IBULHSGFIN,N0,2,2,100.00
20,824,IBULHSGFIN,NA,458,455,99.34
20,825,IBULHSGFIN,NQ,10,10,100.00
20,826,IBULHSGFIN,Y5,5,5,100.00
20,827,IBULHSGFIN,Y6,5,5,100.00
20,828,IBULHSGFIN,YI,11,11,100.00
20,829,IBULHSGFIN,YV,7,7,100.00
20,830,IBULHSGFIN,Z3,39,39,100.00
20,831,IBULHSGFIN,ZD,3,3,100.00
20,832,IBULHSGFIN,ZX,100,100,100.00
20,833,ICEMAKE,EQ,57128,24134,42.25
20,834,ICICI500,EQ,437933,397633,90.80
20,835,ICICI5GSEC,EQ,50856,50602,99.50
20,836,ICICIALPLV,EQ,43496,24876,57.19
20,837,ICICIAUTO,EQ,22289,5896,26.45
20,838,ICICIB22,EQ,226888,139734,61.59
20,839,ICICIBANK,EQ,8645505,5640911,65.25
20,840,ICICIBANKN,EQ,1289487,1118487,86.74
20,841,ICICIBANKP,EQ,7561,5874,77.69
20,842,ICICICOMMO,EQ,16800,14427,85.88
20,843,ICICICONSU,EQ,38135,33108,86.82
20,844,ICICIFIN,EQ,55015,39922,72.57
20,845,ICICIFMCG,EQ,6794,5518,81.22
20,846,ICICIGI,EQ,347173,253685,73.07
20,847,ICICIGOLD,EQ,488308,406223,83.19
20,848,ICICIINFRA,EQ,5434,3915,72.05
20,849,ICICILIQ,EQ,455086,232671,51.13
20,850,ICICILOVOL,EQ,201968,129868,64.30
20,851,ICICIM150,EQ,43738,22329,51.05
20,852,ICICIMCAP,EQ,10099,8325,82.43
20,853,ICICIMOM30,EQ,49926,42591,85.31
20,854,ICICINF100,EQ,8882,8080,90.97
20,855,ICICINIFTY,EQ,461863,269874,58.43
20,856,ICICINV20,EQ,28312,24977,88.22
20,857,ICICINXT50,EQ,67946,52220,76.86
20,858,ICICIPHARM,EQ,5807,3692,63.58
20,859,ICICIPRULI,EQ,491684,208772,42.46
20,860,ICICIQTY30,EQ,160,90,56.25
20,861,ICICISENSX,EQ,3658,2933,80.18
20,862,ICICISILVE,EQ,153676,102959,67.00
20,863,ICICITECH,EQ,120036,79480,66.21
20,864,ICIL,EQ,7551551,1652539,21.88
20,865,ICRA,EQ,11833,11062,93.48
20,866,IDBI,EQ,11470144,4226221,36.85
20,867,IDEA,EQ,207190392,34940771,16.86
20,868,IDEAFORGE,EQ,227559,89289,39.24
20,869,IDFC,EQ,7517996,3836786,51.03
20,870,IDFCFIRSTB,EQ,29641971,14537920,49.05
20,871,IDFNIFTYET,EQ,1787,1717,96.08
20,872,IEX,EQ,4382722,2234291,50.98
20,873,IFBAGRO,EQ,11022,6010,54.53
20,874,IFBIND,EQ,42609,27895,65.47
20,875,IFCI,EQ,33525861,7040841,21.00
20,876,IFCI,NH,155,155,100.00
20,877,IFCI,NL,180,180,100.00
20,878,IFGLEXPOR,EQ,20814,11756,56.48
20,879,IGARASHI,EQ,66343,25129,37.88
20,880,IGL,EQ,2219322,1265805,57.04
20,881,IGPL,EQ,33625,10327,30.71
20,882,IIFCL,N1,300,300,100.00
20,883,IIFCL,N4,23,23,100.00
20,884,IIFL,EQ,332735,182883,54.96
20,885,IIFL,N7,95,95,100.00
20,886,IIFL,NE,50,50,100.00
20,887,IIFL,NF,3603,2411,66.92
20,888,IIFL,NG,100,50,50.00
20,889,IIFL,NJ,1,1,100.00
20,890,IIFL,NL,1164,1164,100.00
20,891,IIFL,NM,50,50,100.00
20,892,IIFL,NO,139,139,100.00
20,893,IIFL,NP,10,10,100.00
20,894,IIFL,NS,3424,3391,99.04
20,895,IIFL,NU,353,313,88.67
20,896,IIFL,NV,25,25,100.00
20,897,IIFL,NW,10,10,100.00
20,898,IIFL,NZ,857,847,98.83
20,899,IIFLSEC,EQ,4130534,739855,17.91
20,900,IIHFL,N4,29,29,100.00
20,901,IIHFL,N5,762,762,100.00
20,902,IIHFL,N7,1,1,100.00
20,903,IIHFL,N8,112,112,100.00
20,904,IIHFL,N9,3083,2920,94.71
20,905,IIHFL,NA,8,8,100.00
20,906,IIHFL,NC,938,938,100.00
20,907,IIHFL,NE,10,10,100.00
20,908,IITL,EQ,209807,93459,44.55
20,909,IKIO,EQ,264995,133680,50.45
20,910,IMAGICAA,EQ,1636249,851104,52.02
20,911,IMC1,N0,71,61,85.92
20,912,IMC1,N2,10,10,100.00
20,913,IMC1,N3,112,112,100.00
20,914,IMFA,EQ,159653,96968,60.74
20,915,IMPAL,EQ,3296,2447,74.24
20,916,INCREDFIN,N2,10,10,100.00
20,917,INCREDFIN,N4,10,10,100.00
20,918,INDHOTEL,EQ,8113269,3793310,46.75
20,919,INDIACEM,EQ,2657041,718875,27.06
20,920,INDIAGLYCO,EQ,58894,32773,55.65
20,921,INDIAMART,EQ,239787,83084,34.65
20,922,INDIANB,EQ,1593993,490812,30.79
20,923,INDIANCARD,EQ,5858,3566,60.87
20,924,INDIANHUME,EQ,48769,30936,63.43
20,925,INDIGO,EQ,371457,211286,56.88
20,926,INDIGOPNTS,EQ,60636,27515,45.38
20,927,INDIGRID,IV,67867,61965,91.30
20,928,INDIGRID,NJ,100,100,100.00
20,929,INDNIPPON,EQ,26622,14181,53.27
20,930,INDOAMIN,EQ,34763,17705,50.93
20,931,INDOCO,EQ,82548,43128,52.25
20,932,INDORAMA,EQ,177733,94100,52.94
20,933,INDOTHAI,EQ,2076,1327,63.92
20,934,INDSWFTLAB,EQ,87163,40494,46.46
20,935,INDTERRAIN,EQ,187931,130615,69.50
20,936,INDUSINDBK,EQ,2424655,1305928,53.86
20,937,INDUSTOWER,EQ,7811228,2654468,33.98
20,938,INFIBEAM,EQ,20934791,5357014,25.59
20,939,INFINIUM,SM,22000,22000,100.00
20,940,INFOBEAN,EQ,14578,7740,53.09
20,941,INFOLLION,SM,176000,81600,46.36
20,942,INFRABEES,EQ,5966,3089,51.78
20,943,INFY,EQ,4634358,3050496,65.82
20,944,INGERRAND,EQ,15148,7555,49.87
20,945,INNOVANA,SM,1200,1200,100.00
20,946,INNOVATIVE,SM,42000,39000,92.86
20,947,INOXGREEN,EQ,793887,299153,37.68
20,948,INOXWIND,EQ,2539186,846473,33.34
20,949,INSECTICID,EQ,20005,9860,49.29
20,950,INSPIRE,SM,18000,16000,88.89
20,951,INTELLECT,EQ,441117,186230,42.22
20,952,INTENTECH,EQ,121802,79046,64.90
20,953,INTLCONV,EQ,205083,110156,53.71
20,954,INVENTURE,EQ,2791666,1772939,63.51
20,955,IOB,EQ,148485987,10260398,6.91
20,956,IOC,EQ,6454064,3439091,53.29
20,957,IOLCP,EQ,169126,59373,35.11
20,958,IONEXCHANG,EQ,219385,120180,54.78
20,959,IPCALAB,EQ,239178,104184,43.56
20,960,IPL,EQ,771621,356810,46.24
20,961,IPSL,SM,22000,20000,90.91
20,962,IRB,EQ,22358948,8196404,36.66
20,963,IRBINVIT,IV,241091,205531,85.25
20,964,IRCON,EQ,16333693,4081896,24.99
20,965,IRCTC,EQ,1056784,416298,39.39
20,966,IREDA,N6,122,122,100.00
20,967,IRFC,EQ,71117911,13036181,18.33
20,968,IRFC,N4,130,115,88.46
20,969,IRFC,N9,500,500,100.00
20,970,IRFC,NA,54,54,100.00
20,971,IRFC,ND,10,10,100.00
20,972,IRFC,NE,26,26,100.00
20,973,IRFC,NI,991,991,100.00
20,974,IRFC,NJ,1211,1193,98.51
20,975,IRFC,NK,1087,1087,100.00
20,976,IRFC,NN,10,10,100.00
20,977,IRFC,NO,350,300,85.71
20,978,IRISDOREME,EQ,80971,41502,51.26
20,979,IRMENERGY,EQ,1272674,468491,36.81
20,980,ISEC,EQ,187172,107512,57.44
20,981,ISFT,EQ,23667,10374,43.83
20,982,ISGEC,EQ,56647,26431,46.66
20,983,ISHAN,SM,219200,206400,94.16
20,984,ISMTLTD,EQ,2754859,755968,27.44
20,985,ITBEES,EQ,2624625,1779346,67.79
20,986,ITC,EQ,13132487,8727617,66.46
20,987,ITDC,EQ,132266,38212,28.89
20,988,ITDCEM,EQ,1094009,452776,41.39
20,989,ITETF,EQ,4850,3372,69.53
20,990,ITI,EQ,3795236,689188,18.16
20,991,IVP,EQ,30623,15332,50.07
20,992,IVZINGOLD,EQ,16,11,68.75
20,993,IVZINNIFTY,EQ,14,9,64.29
20,994,IWEL,EQ,3279,2006,61.18
20,995,JAGRAN,EQ,177996,107152,60.20
20,996,JAGSNPHARM,EQ,14834,8703,58.67
20,997,JAICORPLTD,EQ,2283700,1026302,44.94
20,998,JAINAM,SM,5000,4000,80.00
20,999,JAIPURKURT,EQ,22980,16038,69.79
20,1000,JALAN,SM,36000,30000,83.33
20,1001,JAMNAAUTO,EQ,1425438,460831,32.33
20,1002,JASH,EQ,4810,2892,60.12
20,1003,JAYAGROGN,EQ,19599,10864,55.43
20,1004,JAYBARMARU,EQ,55132,46104,83.62
20,1005,JAYNECOIND,EQ,200419,113647,56.70
20,1006,JAYSREETEA,EQ,53758,29931,55.68
20,1007,JBCHEPHARM,EQ,58695,33379,56.87
20,1008,JCHAC,EQ,15529,7242,46.64
20,1009,JETKNIT,SM,1500,1500,100.00
20,1010,JHS,EQ,90148,60571,67.19
20,1011,JINDALPHOT,EQ,55495,21497,38.74
20,1012,JINDALPOLY,EQ,17787,7601,42.73
20,1013,JINDALSAW,EQ,2849002,1170106,41.07
20,1014,JINDALSTEL,EQ,1452775,566563,39.00
20,1015,JINDRILL,EQ,57342,28409,49.54
20,1016,JINDWORLD,EQ,99385,34434,34.65
20,1017,JIOFIN,EQ,20929447,13721669,65.56
20,1018,JISLJALEQS,EQ,4058951,1994612,49.14
20,1019,JIWANRAM,SM,54000,42000,77.78
20,1020,J&KBANK,EQ,7958327,1642515,20.64
20,1021,JKCEMENT,EQ,32163,10467,32.54
20,1022,JKIL,EQ,231275,102103,44.15
20,1023,JKLAKSHMI,EQ,322636,185694,57.56
20,1024,JKPAPER,EQ,434962,184117,42.33
20,1025,JKTYRE,EQ,1899671,338339,17.81
20,1026,JLHL,EQ,39186,18490,47.19
20,1027,JMA,EQ,33454,29372,87.80
20,1028,JMFINANCIL,EQ,4431891,1753262,39.56
20,1029,JOCIL,EQ,13644,7101,52.04
20,1030,JPASSOCIAT,EQ,93635810,24907239,26.60
20,1031,JPOLYINVST,EQ,23273,8796,37.79
20,1032,JPPOWER,EQ,95636281,25611698,26.78
20,1033,JSL,EQ,941639,666140,70.74
20,1034,JSLL,SM,30500,20500,67.21
20,1035,JSWENERGY,EQ,5942760,1751536,29.47
20,1036,JSWHL,EQ,75533,71457,94.60
20,1037,JSWINFRA,EQ,4251314,1628358,38.30
20,1038,JSWSTEEL,EQ,1588987,651307,40.99
20,1039,JTEKTINDIA,EQ,85918,47135,54.86
20,1040,JTLIND,EQ,340295,209682,61.62
20,1041,JUBLFOOD,EQ,1511883,569074,37.64
20,1042,JUBLINDS,EQ,27562,16653,60.42
20,1043,JUBLINGREA,EQ,635894,543466,85.46
20,1044,JUBLPHARMA,EQ,3710049,718000,19.35
20,1045,JUNIORBEES,EQ,203694,115188,56.55
20,1046,JUSTDIAL,EQ,102811,57216,55.65
20,1047,JWL,EQ,753321,392644,52.12
20,1048,JYOTHYLAB,EQ,409042,163049,39.86
20,1049,KABRAEXTRU,EQ,121283,54485,44.92
20,1050,KAJARIACER,EQ,190784,100244,52.54
20,1051,KAKATCEM,EQ,4940,2537,51.36
20,1052,KALAMANDIR,EQ,605487,280079,46.26
20,1053,KALYANKJIL,EQ,2901300,1102677,38.01
20,1054,KAMATHOTEL,EQ,109007,67356,61.79
20,1055,KAMDHENU,EQ,117983,44717,37.90
20,1056,KANANIIND,EQ,96610,75129,77.77
20,1057,KANORICHEM,EQ,46192,24463,52.96
20,1058,KANPRPLA,EQ,12221,5236,42.84
20,1059,KANSAINER,EQ,192512,153931,79.96
20,1060,KAPSTON,EQ,148855,63907,42.93
20,1061,KARNIKA,SM,68800,44800,65.12
20,1062,KARURVYSYA,EQ,3384585,1678843,49.60
20,1063,KAYA,EQ,20467,10600,51.79
20,1064,KAYNES,EQ,120792,68049,56.34
20,1065,KBCGLOBAL,EQ,2449966,1711391,69.85
20,1066,KCP,EQ,255046,136430,53.49
20,1067,KDDL,EQ,29797,15490,51.99
20,1068,KDL,SM,83200,58400,70.19
20,1069,KEC,EQ,126472,45982,36.36
20,1070,KECL,EQ,300778,126140,41.94
20,1071,KEI,EQ,151416,94408,62.35
20,1072,KEL,SM,42000,42000,100.00
20,1073,KELLTONTEC,EQ,719445,334363,46.48
20,1074,KFINTECH,EQ,196006,86183,43.97
20,1075,KHADIM,EQ,682261,180056,26.39
20,1076,KHAICHEM,EQ,61189,23334,38.13
20,1077,KHANDSE,EQ,32058,5677,17.71
20,1078,KICL,EQ,1878,1124,59.85
20,1079,KIMS,EQ,113157,78162,69.07
20,1080,KINGFA,EQ,4112,2206,53.65
20,1081,KIOCL,EQ,183636,109788,59.79
20,1082,KIRIINDUS,EQ,68086,33146,48.68
20,1083,KIRLOSBROS,EQ,79578,40506,50.90
20,1084,KIRLOSENG,EQ,382177,165653,43.34
20,1085,KIRLOSIND,EQ,2759,1105,40.05
20,1086,KIRLPNU,EQ,312099,256908,82.32
20,1087,KITEX,EQ,87827,33566,38.22
20,1088,KKCL,EQ,107503,26566,24.71
20,1089,KMSUGAR,EQ,628746,185309,29.47
20,1090,KNAGRI,SM,9600,8000,83.33
20,1091,KNRCON,EQ,417917,228411,54.65
20,1092,KODYTECH,SM,119200,109600,91.95
20,1093,KOHINOOR,EQ,101053,57122,56.53
20,1094,KOLTEPATIL,EQ,239960,72475,30.20
20,1095,KONTOR,SM,28800,22800,79.17
20,1096,KOPRAN,EQ,458695,171221,37.33
20,1097,KORE,SM,8000,7000,87.50
20,1098,KOTAKALPHA,EQ,458311,377049,82.27
20,1099,KOTAKBANK,EQ,2974830,1859519,62.51
20,1100,KOTAKBKETF,EQ,189621,170912,90.13
20,1101,KOTAKCONS,EQ,310,298,96.13
20,1102,KOTAKGOLD,EQ,250817,208704,83.21
20,1103,KOTAKIT,EQ,48203,40932,84.92
20,1104,KOTAKLIQ,EQ,199,199,100.00
20,1105,KOTAKLOVOL,EQ,10918,9575,87.70
20,1106,KOTAKMID50,EQ,57832,49538,85.66
20,1107,KOTAKMNC,EQ,13840,8461,61.13
20,1108,KOTAKNIFTY,EQ,22038,19408,88.07
20,1109,KOTAKNV20,EQ,7005,4324,61.73
20,1110,KOTAKPSUBK,EQ,442673,423951,95.77
20,1111,KOTAKSILVE,EQ,37036,32075,86.60
20,1112,KOTHARIPET,EQ,145569,59335,40.76
20,1113,KOTHARIPRO,EQ,5392,3303,61.26
20,1114,KOTYARK,SM,69400,46000,66.28
20,1115,KPIGREEN,EQ,87610,35838,40.91
20,1116,KPIL,EQ,229758,112785,49.09
20,1117,KPITTECH,EQ,1093767,408280,37.33
20,1118,KPRMILL,EQ,290665,143619,49.41
20,1119,KRBL,EQ,359169,103265,28.75
20,1120,KREBSBIO,EQ,24454,6715,27.46
20,1121,KRISHANA,EQ,36605,25872,70.68
20,1122,KRISHCA,SM,64000,48000,75.00
20,1123,KRISHIVAL,SM,2500,2000,80.00
20,1124,KRISHNADEF,SM,20000,17000,85.00
20,1125,KRITI,EQ,35212,21643,61.46
20,1126,KRSNAA,EQ,26327,15264,57.98
20,1127,KSB,EQ,24653,10908,44.25
20,1128,KSCL,EQ,150841,58056,38.49
20,1129,KSL,EQ,43472,22926,52.74
20,1130,KTKBANK,EQ,2692541,749607,27.84
20,1131,KUANTUM,EQ,104011,38533,37.05
20,1132,LALPATHLAB,EQ,85046,22429,26.37
20,1133,LAMBODHARA,EQ,32088,11686,36.42
20,1134,LANDMARK,EQ,47030,21932,46.63
20,1135,LAOPALA,EQ,176148,39773,22.58
20,1136,LATENTVIEW,EQ,561761,248284,44.20
20,1137,LATTEYS,EQ,112366,62754,55.85
20,1138,LAURUSLABS,EQ,1305960,526658,40.33
20,1139,LAXMICOT,EQ,19409,7161,36.90
20,1140,LAXMIMACH,EQ,5201,2848,54.76
20,1141,LEMERITE,SM,12800,11200,87.50
20,1142,LEMONTREE,EQ,7172519,2655924,37.03
20,1143,LFIC,EQ,6463,3821,59.12
20,1144,LGBBROSLTD,EQ,80202,28822,35.94
20,1145,LGBFORGE,EQ,88210,32998,37.41
20,1146,LIBAS,EQ,1439648,107070,7.44
20,1147,LIBERTSHOE,EQ,248410,63373,25.51
20,1148,LICHSGFIN,EQ,2352666,1228225,52.21
20,1149,LICI,EQ,617526,384503,62.27
20,1150,LICMFGOLD,EQ,134,114,85.07
20,1151,LICNETFGSC,EQ,91905,83654,91.02
20,1152,LICNETFN50,EQ,384,221,57.55
20,1153,LICNETFSEN,EQ,198,83,41.92
20,1154,LICNFNHGP,EQ,3871,87,2.25
20,1155,LIKHITHA,EQ,95869,48374,50.46
20,1156,LINC,EQ,36770,20634,56.12
20,1157,LINCOLN,EQ,45427,29504,64.95
20,1158,LINDEINDIA,EQ,29893,12705,42.50
20,1159,LIQUID,EQ,35905,33677,93.79
20,1160,LIQUIDBEES,EQ,2513174,2117752,84.27
20,1161,LIQUIDETF,EQ,314401,199159,63.35
20,1162,LLOYDS,SM,15000,15000,100.00
20,1163,LLOYDSME,EQ,141223,76724,54.33
20,1164,LODHA,EQ,1142622,398817,34.90
20,1165,LOKESHMACH,EQ,141533,66573,47.04
20,1166,LORDSCHLO,EQ,5531,2856,51.64
20,1167,LOVABLE,EQ,26758,14882,55.62
20,1168,LOYALTEX,EQ,1428,523,36.62
20,1169,LT,EQ,2399538,1708475,71.20
20,1170,L&TFH,EQ,13833458,6552101,47.36
20,1171,L&TFINANCE,NE,28,19,67.86
20,1172,L&TFINANCE,NG,3618,2500,69.10
20,1173,L&TFINANCE,NI,167,167,100.00
20,1174,L&TFINANCE,NU,141,141,100.00
20,1175,L&TFINANCE,Y5,165,145,87.88
20,1176,L&TFINANCE,Y7,2,2,100.00
20,1177,LTGILTBEES,EQ,1027076,890684,86.72
20,1178,LTIM,EQ,183188,86515,47.23
20,1179,LTTS,EQ,154989,74688,48.19
20,1180,LUMAXIND,EQ,2072,1057,51.01
20,1181,LUMAXTECH,EQ,70770,26284,37.14
20,1182,LUPIN,EQ,453195,188586,41.61
20,1183,LUXIND,EQ,36167,18357,50.76
20,1184,LXCHEM,EQ,1630944,475791,29.17
20,1185,LYKALABS,EQ,87450,41304,47.23
20,1186,MADHAV,EQ,20617,7768,37.68
20,1187,MADHAVBAUG,SM,8000,5600,70.00
20,1188,MADHUCON,EQ,32436,20509,63.23
20,1189,MADHUSUDAN,SM,40000,26000,65.00
20,1190,MADRASFERT,EQ,621377,128534,20.69
20,1191,MAFANG,EQ,952662,481707,50.56
20,1192,MAGADSUGAR,EQ,60469,19703,32.58
20,1193,MAGSON,SM,10000,8000,80.00
20,1194,MAHABANK,EQ,57653831,11739420,20.36
20,1195,MAHAPEXLTD,EQ,8371,4879,58.28
20,1196,MAHASTEEL,EQ,110759,82323,74.33
20,1197,MAHEPC,EQ,32008,12324,38.50
20,1198,MAHESHWARI,EQ,22100,8008,36.24
20,1199,MAHKTECH,EQ,328997,260183,79.08
20,1200,MAHLIFE,EQ,276439,86044,31.13
20,1201,MAHLOG,EQ,246020,131393,53.41
20,1202,MAHSCOOTER,EQ,6841,3041,44.45
20,1203,MAHSEAMLES,EQ,313995,129463,41.23
20,1204,MAITHANALL,EQ,22771,9768,42.90
20,1205,MAKEINDIA,EQ,18449,17668,95.77
20,1206,MAL,SM,35200,20800,59.09
20,1207,MALLCOM,EQ,6816,4083,59.90
20,1208,MALUPAPER,EQ,49445,14402,29.13
20,1209,MANAKALUCO,EQ,46008,26160,56.86
20,1210,MANAKSIA,EQ,119301,45260,37.94
20,1211,MANAKSTEEL,EQ,48510,26059,53.72
20,1212,MANALIPETC,EQ,505108,273914,54.23
20,1213,MANAPPURAM,EQ,5747448,1819107,31.65
20,1214,MANGALAM,EQ,77292,23167,29.97
20,1215,MANGCHEFER,EQ,88080,40302,45.76
20,1216,MANGLMCEM,EQ,465308,265588,57.08
20,1217,MANINDS,EQ,548875,275382,50.17
20,1218,MANINFRA,EQ,776823,362180,46.62
20,1219,MANKIND,EQ,114938,67812,59.00
20,1220,MANOMAY,EQ,1549,1319,85.15
20,1221,MANORAMA,EQ,4410,2536,57.51
20,1222,MANORG,EQ,4961,2501,50.41
20,1223,MANYAVAR,EQ,35911,16447,45.80
20,1224,MAPMYINDIA,EQ,143267,61559,42.97
20,1225,MARALOVER,EQ,17128,9639,56.28
20,1226,MARATHON,EQ,78742,42641,54.15
20,1227,MARCO,SM,126000,96000,76.19
20,1228,MARICO,EQ,565260,338452,59.88
20,1229,MARKSANS,EQ,1005303,457389,45.50
20,1230,MARSHALL,EQ,49349,36961,74.90
20,1231,MARUTI,EQ,1116713,486228,43.54
20,1232,MASFIN,EQ,35533,13631,38.36
20,1233,MASPTOP50,EQ,113070,89392,79.06
20,1234,MASTEK,EQ,51535,25366,49.22
20,1235,MASTER,SM,7000,7000,100.00
20,1236,MATRIMONY,EQ,5274,3125,59.25
20,1237,MAWANASUG,EQ,151104,53988,35.73
20,1238,MAXHEALTH,EQ,2562523,2092955,81.68
20,1239,MAXIND,EQ,251805,87971,34.94
20,1240,MAYURUNIQ,EQ,60943,34871,57.22
20,1241,MAZDA,EQ,12668,3917,30.92
20,1242,MAZDOCK,EQ,3288195,418691,12.73
20,1243,MBAPL,EQ,23972,14033,58.54
20,1244,MBLINFRA,EQ,60389,47576,78.78
20,1245,MCDOWELL-N,EQ,702387,374195,53.27
20,1246,MCON,SM,9000,9000,100.00
20,1247,MCX,EQ,1233420,304528,24.69
20,1248,MDL,SM,2000,2000,100.00
20,1249,MEDANTA,EQ,177734,87816,49.41
20,1250,MEDICAMEQ,EQ,10184,6331,62.17
20,1251,MEDICO,EQ,168905,46334,27.43
20,1252,MEDPLUS,EQ,118787,58753,49.46
20,1253,MEGAFLEX,SM,9000,9000,100.00
20,1254,MEGASTAR,EQ,7949,1980,24.91
20,1255,MENONBE,EQ,83400,35386,42.43
20,1256,MEP,EQ,653180,408352,62.52
20,1257,METROBRAND,EQ,87079,24174,27.76
20,1258,METROPOLIS,EQ,205840,113710,55.24
20,1259,MFSL,EQ,290529,131218,45.17
20,1260,MGEL,EQ,218049,143264,65.70
20,1261,MGL,EQ,805510,326626,40.55
20,1262,MHHL,SM,33000,27000,81.82
20,1263,MHLXMIRU,EQ,6873,2562,37.28
20,1264,MHRIL,EQ,174632,67431,38.61
20,1265,MICEL,EQ,2165982,1093572,50.49
20,1266,MID150BEES,EQ,292875,217389,74.23
20,1267,MIDCAPETF,EQ,589534,419564,71.17
20,1268,MIDHANI,EQ,948838,234738,24.74
20,1269,MILTON,SM,17600,13200,75.00
20,1270,MINDACORP,EQ,565998,302160,53.39
20,1271,MINDSPACE,RR,87595,71634,81.78
20,1272,MINDTECK,EQ,73967,30919,41.80
20,1273,MIRZAINT,EQ,466862,162734,34.86
20,1274,MITCON,EQ,42600,7906,18.56
20,1275,MITTAL,EQ,351185,143301,40.80
20,1276,MKPL,EQ,95035,46111,48.52
20,1277,M&M,EQ,3341111,2166039,64.83
20,1278,M&MFIN,EQ,2478528,658307,26.56
20,1279,M&MFIN,N2,521,521,100.00
20,1280,MMFL,EQ,15210,8717,57.31
20,1281,MMTC,EQ,36308608,9571749,26.36
20,1282,MOGSEC,EQ,16031,16002,99.82
20,1283,MOHEALTH,EQ,1152,746,64.76
20,1284,MOIL,EQ,1125658,361558,32.12
20,1285,MOL,EQ,377440,174672,46.28
20,1286,MOLDTECH,EQ,206780,149561,72.33
20,1287,MOLDTKPAC,EQ,71362,46599,65.30
20,1288,MOLOWVOL,EQ,50056,49743,99.37
20,1289,MOM100,EQ,197979,136971,69.18
20,1290,MOM50,EQ,34675,32778,94.53
20,1291,MOMENTUM,EQ,123125,121750,98.88
20,1292,MOMOMENTUM,EQ,18572,14048,75.64
20,1293,MON100,EQ,600103,442219,73.69
20,1294,MONARCH,EQ,1063790,167069,15.71
20,1295,MONIFTY500,EQ,433118,350571,80.94
20,1296,MONOPHARMA,SM,104000,76000,73.08
20,1297,MONQ50,EQ,11732,8990,76.63
20,1298,MONTECARLO,EQ,27080,7519,27.77
20,1299,MOQUALITY,EQ,101,95,94.06
20,1300,MORARJEE,EQ,45124,26221,58.11
20,1301,MOREPENLAB,EQ,1293726,561053,43.37
20,1302,MOS,SM,8000,8000,100.00
20,1303,MOTHERSON,EQ,3745625,1517910,40.52
20,1304,MOTILALOFS,EQ,184249,76387,41.46
20,1305,MOVALUE,EQ,19570,10732,54.84
20,1306,MPHASIS,EQ,348807,206105,59.09
20,1307,MPSLTD,EQ,26852,10460,38.95
20,1308,MPTODAY,SM,2000,2000,100.00
20,1309,MRF,EQ,3807,1275,33.49
20,1310,MRO-TEK,EQ,27490,12551,45.66
20,1311,MRPL,EQ,10104714,2243129,22.20
20,1312,MSTCLTD,EQ,362746,105490,29.08
20,1313,MSUMI,EQ,5162113,2293787,44.44
20,1314,MTARTECH,EQ,170136,78650,46.23
20,1315,MTNL,EQ,6840430,1269041,18.55
20,1316,MUKANDLTD,EQ,142571,67870,47.60
20,1317,MUNJALAU,EQ,141959,77543,54.62
20,1318,MUNJALSHOW,EQ,91176,47319,51.90
20,1319,MURUDCERA,EQ,625507,307872,49.22
20,1320,MUTHOOTCAP,EQ,46170,23124,50.08
20,1321,MUTHOOTFIN,EQ,303443,101257,33.37
20,1322,MVGJL,EQ,261736,122934,46.97
20,1323,MWL,SM,6000,6000,100.00
20,1324,NABARD,N2,216,216,100.00
20,1325,NACLIND,EQ,56725,41227,72.68
20,1326,NAGAFERT,EQ,494237,312875,63.30
20,1327,NAGREEKEXP,EQ,28676,6149,21.44
20,1328,NAHARCAP,EQ,5533,3476,62.82
20,1329,NAHARINDUS,EQ,103598,41904,40.45
20,1330,NAHARPOLY,EQ,20847,11953,57.34
20,1331,NAHARSPING,EQ,78182,30954,39.59
20,1332,NAM-INDIA,EQ,399821,179456,44.88
20,1333,NARMADA,EQ,10011,8486,84.77
20,1334,NATCOPHARM,EQ,344406,181281,52.64
20,1335,NATHBIOGEN,EQ,24901,13862,55.67
20,1336,NATIONALUM,EQ,4813748,2293276,47.64
20,1337,NAUKRI,EQ,98089,40759,41.55
20,1338,NAVA,EQ,388942,185562,47.71
20,1339,NAVIFIN,N1,95,95,100.00
20,1340,NAVIFIN,N2,10,10,100.00
20,1341,NAVIFIN,N5,2,2,100.00
20,1342,NAVIFIN,N6,100,100,100.00
20,1343,NAVIFIN,N7,74,74,100.00
20,1344,NAVIFIN,N8,40,40,100.00
20,1345,NAVINFLUOR,EQ,264861,144712,54.64
20,1346,NAVINIFTY,EQ,5234,4143,79.16
20,1347,NAVKARCORP,EQ,492990,200398,40.65
20,1348,NAVNETEDUL,EQ,217775,87878,40.35
20,1349,NAZARA,EQ,112361,55631,49.51
20,1350,NBCC,EQ,32446451,6793289,20.94
20,1351,NBIFIN,EQ,49,32,65.31
20,1352,NCC,EQ,3100475,1471543,47.46
20,1353,NCLIND,EQ,123631,60479,48.92
20,1354,NDGL,EQ,944,605,64.09
20,1355,NDL,EQ,61292,30339,49.50
20,1356,NDTV,EQ,306137,67138,21.93
20,1357,NECCLTD,EQ,329188,82635,25.10
20,1358,NECLIFE,EQ,109794,59541,54.23
20,1359,NELCAST,EQ,294803,134440,45.60
20,1360,NELCO,EQ,61361,18885,30.78
20,1361,NEOGEN,EQ,56577,22329,39.47
20,1362,NESCO,EQ,41508,16101,38.79
20,1363,NESTLEIND,EQ,130437,67581,51.81
20,1364,NETF,EQ,5169,1632,31.57
20,1365,NETWEB,EQ,216810,159970,73.78
20,1366,NETWORK18,EQ,1717197,516716,30.09
20,1367,NEULANDLAB,EQ,20652,10128,49.04
20,1368,NEWGEN,EQ,411975,173563,42.13
20,1369,NEWJAISA,SM,690000,366000,53.04
20,1370,NEXT50,EQ,1152,892,77.43
20,1371,NFL,EQ,3581476,1174116,32.78
20,1372,NGIL,EQ,612722,326532,53.29
20,1373,NGLFINE,EQ,3430,1690,49.27
20,1374,NH,EQ,173655,83266,47.95
20,1375,NHAI,N2,1449,1443,99.59
20,1376,NHAI,N4,166,165,99.40
20,1377,NHAI,N6,50,50,100.00
20,1378,NHAI,N8,1121,1100,98.13
20,1379,NHAI,N9,5,5,100.00
20,1380,NHAI,NA,1087,887,81.60
20,1381,NHAI,NC,10,10,100.00
20,1382,NHAI,ND,3000,3000,100.00
20,1383,NHAI,NE,558,494,88.53
20,1384,NHBTF2014,N6,32,32,100.00
20,1385,NHBTF2023,N6,25,25,100.00
20,1386,NHIT,N1,4552,4163,91.45
20,1387,NHIT,N2,2201,2201,100.00
20,1388,NHIT,N3,6882,6882,100.00
20,1389,NHPC,EQ,18412382,9142101,49.65
20,1390,NIACL,EQ,627073,202874,32.35
20,1391,NIDAN,SM,10000,8000,80.00
20,1392,NIDO,N6,403,403,100.00
20,1393,NIF100BEES,EQ,14265,12333,86.46
20,1394,NIFMID150,EQ,5117,3501,68.42
20,1395,NIFTYBEES,EQ,4091227,2869845,70.15
20,1396,NIFTYETF,EQ,104475,100984,96.66
20,1397,NIFTYQLITY,EQ,117480,111147,94.61
20,1398,NIITLTD,EQ,528787,150237,28.41
20,1399,NIITMTS,EQ,275328,161465,58.64
20,1400,NILKAMAL,EQ,1937,756,39.03
20,1401,NINSYS,EQ,4944,2359,47.71
20,1402,NIRMAN,SM,21600,14400,66.67
20,1403,NITCO,EQ,80895,53926,66.66
20,1404,NITINSPIN,EQ,113685,51656,45.44
20,1405,NLCINDIA,EQ,8943789,2174299,24.31
20,1406,NMDC,EQ,9872315,4637189,46.97
20,1407,NOCIL,EQ,299912,153988,51.34
20,1408,NOIDATOLL,EQ,357033,237245,66.45
20,1409,NPBET,EQ,290,284,97.93
20,1410,NPST,SM,30800,27600,89.61
20,1411,NRAIL,EQ,32065,16942,52.84
20,1412,NRBBEARING,EQ,135123,61802,45.74
20,1413,NRL,EQ,69607,49042,70.46
20,1414,NSIL,EQ,1952,1135,58.15
20,1415,NSLNISP,EQ,6531642,3515914,53.83
20,1416,NTPC,EQ,10519462,5151381,48.97
20,1417,NTPC,N4,1,1,100.00
20,1418,NTPC,N7,20660,20655,99.98
20,1419,NTPC,NB,21,21,100.00
20,1420,NTPC,ND,160,160,100.00
20,1421,NURECA,EQ,18163,7803,42.96
20,1422,NUVAMA,EQ,33254,21167,63.65
20,1423,NUVOCO,EQ,89819,57289,63.78
20,1424,NV20BEES,EQ,13094,8833,67.46
20,1425,NXST,RR,226240,167995,74.26
20,1426,NYKAA,EQ,3392628,2179378,64.24
20,1427,OAL,EQ,7329,3370,45.98
20,1428,OBCL,EQ,249270,68900,27.64
20,1429,OBEROIRLTY,EQ,481797,204658,42.48
20,1430,OCCL,EQ,16179,7234,44.71
20,1431,OFSS,EQ,70373,43878,62.35
20,1432,OIL,EQ,1326059,793076,59.81
20,1433,OLECTRA,EQ,1229651,327390,26.62
20,1434,OLIL,SM,109200,50400,46.15
20,1435,OMAXAUTO,EQ,31517,21654,68.71
20,1436,OMAXE,EQ,442935,333412,75.27
20,1437,OMFURN,SM,31200,28800,92.31
20,1438,ONELIFECAP,EQ,38280,21171,55.31
20,1439,ONGC,EQ,6422123,4348147,67.71
20,1440,ONMOBILE,EQ,821487,249512,30.37
20,1441,ONWARDTEC,EQ,163133,35465,21.74
20,1442,OPTIEMUS,EQ,689331,199104,28.88
20,1443,ORBTEXP,EQ,8789,4975,56.60
20,1444,ORCHPHARMA,EQ,5799,3258,56.18
20,1445,ORIANA,SM,18000,15600,86.67
20,1446,ORICONENT,EQ,204228,124351,60.89
20,1447,ORIENTALTL,EQ,23417,15003,64.07
20,1448,ORIENTBELL,EQ,5804,3841,66.18
20,1449,ORIENTCEM,EQ,1237893,532989,43.06
20,1450,ORIENTCER,EQ,140235,80540,57.43
20,1451,ORIENTELEC,EQ,82654,33085,40.03
20,1452,ORIENTHOT,EQ,1877127,1055817,56.25
20,1453,ORIENTPPR,EQ,1328861,529833,39.87
20,1454,ORISSAMINE,EQ,84795,15921,18.78
20,1455,ORTINLAB,EQ,26687,20698,77.56
20,1456,OSIAHYPER,EQ,726517,104748,14.42
20,1457,OSWALAGRO,EQ,68045,39828,58.53
20,1458,OSWALGREEN,EQ,206089,106358,51.61
20,1459,OSWALSEEDS,EQ,18713,11485,61.37
20,1460,PAGEIND,EQ,13896,7706,55.45
20,1461,PAISALO,EQ,2366671,962504,40.67
20,1462,PAKKA,EQ,667667,218409,32.71
20,1463,PALASHSECU,EQ,9224,866,9.39
20,1464,PALREDTEC,EQ,22015,14085,63.98
20,1465,PANACEABIO,EQ,195064,71925,36.87
20,1466,PANAMAPET,EQ,119940,71890,59.94
20,1467,PAR,EQ,5434,3622,66.65
20,1468,PARADEEP,EQ,4213115,2072686,49.20
20,1469,PARAGMILK,EQ,683104,370690,54.27
20,1470,PARAS,EQ,230225,58436,25.38
20,1471,PARIN,SM,2000,2000,100.00
20,1472,PARTYCRUS,SM,12000,10000,83.33
20,1473,PASUPTAC,EQ,130271,79246,60.83
20,1474,PATELENG,EQ,3769432,2206328,58.53
20,1475,PAVNAIND,EQ,946,587,62.05
20,1476,PAYTM,EQ,2716127,1081867,39.83
20,1477,PCBL,EQ,1793231,749533,41.80
20,1478,PCHFL,NA,75,55,73.33
20,1479,PCJEWELLER,EQ,2403555,1391085,57.88
20,1480,PDMJEPAPER,EQ,402615,130797,32.49
20,1481,PDSL,EQ,241665,124382,51.47
20,1482,PEARLPOLY,EQ,48272,30822,63.85
20,1483,PEL,EQ,678914,203207,29.93
20,1484,PENIND,EQ,1454424,487092,33.49
20,1485,PENINLAND,EQ,1967701,1264314,64.25
20,1486,PENTAGON,SM,6000,6000,100.00
20,1487,PERFECT,SM,12000,12000,100.00
20,1488,PERSISTENT,EQ,948305,241224,25.44
20,1489,PETRONET,EQ,817496,419908,51.37
20,1490,PFC,EQ,8633736,2175786,25.20
20,1491,PFC,N3,28,28,100.00
20,1492,PFC,N5,1150,950,82.61
20,1493,PFC,N6,55,55,100.00
20,1494,PFC,N8,46,46,100.00
20,1495,PFIZER,EQ,12196,5502,45.11
20,1496,PFOCUS,EQ,749293,400831,53.49
20,1497,PFS,EQ,2464007,928365,37.68
20,1498,PGEL,EQ,87126,31668,36.35
20,1499,PGHH,EQ,15845,13614,85.92
20,1500,PGHL,EQ,2913,1557,53.45
20,1501,PGINVIT,IV,678552,556473,82.01
20,1502,PHANTOMFX,SM,48000,37200,77.50
20,1503,PHARMABEES,EQ,1449348,851281,58.74
20,1504,PHOENIXLTD,EQ,173864,111485,64.12
20,1505,PIDILITIND,EQ,422263,317655,75.23
20,1506,PIIND,EQ,167643,104908,62.58
20,1507,PILANIINVS,EQ,2634,1619,61.47
20,1508,PILITA,EQ,560396,317344,56.63
20,1509,PITTIENG,EQ,326716,150075,45.93
20,1510,PIXTRANS,EQ,7519,3873,51.51
20,1511,PLADAINFO,ST,99000,96000,96.97
20,1512,PLASTIBLEN,EQ,44192,25528,57.77
20,1513,PLAZACABLE,EQ,581099,413169,71.10
20,1514,PNB,EQ,97582651,18215006,18.67
20,1515,PNBGILTS,EQ,5251992,749303,14.27
20,1516,PNBHOUSING,EQ,689104,170490,24.74
20,1517,PNC,EQ,14947,6229,41.67
20,1518,PNCINFRA,EQ,199732,94283,47.20
20,1519,POCL,EQ,23592,13498,57.21
20,1520,PODDARHOUS,EQ,22693,9416,41.49
20,1521,PODDARMENT,EQ,3925,2233,56.89
20,1522,POKARNA,EQ,113731,47736,41.97
20,1523,POLICYBZR,EQ,825172,393441,47.68
20,1524,POLYCAB,EQ,652732,311676,47.75
20,1525,POLYMED,EQ,78569,58384,74.31
20,1526,POLYPLEX,EQ,77044,40121,52.08
20,1527,PONNIERODE,EQ,184058,43747,23.77
20,1528,POONAWALLA,EQ,1855989,807796,43.52
20,1529,POWERGRID,EQ,9995487,6957091,69.60
20,1530,POWERINDIA,EQ,15220,6177,40.58
20,1531,POWERMECH,EQ,13929,9227,66.24
20,1532,PPAP,EQ,10074,4967,49.31
20,1533,PPL,EQ,284573,118012,41.47
20,1534,PPLPHARMA,EQ,2790959,1498690,53.70
20,1535,PRAJIND,EQ,797874,283168,35.49
20,1536,PRAMARA,SM,8000,8000,100.00
20,1537,PRECAM,EQ,152789,79069,51.75
20,1538,PRECISION,SM,10000,10000,100.00
20,1539,PRECOT,EQ,3874,2935,75.76
20,1540,PRECWIRE,EQ,415242,179499,43.23
20,1541,PREMIERPOL,EQ,741283,234582,31.65
20,1542,PRESTIGE,EQ,1872390,622906,33.27
20,1543,PRICOLLTD,EQ,382629,154305,40.33
20,1544,PRIMESECU,EQ,15812,7466,47.22
20,1545,PRINCEPIPE,EQ,68781,30784,44.76
20,1546,PRITI,EQ,19947,12322,61.77
20,1547,PRITIKA,SM,64000,56000,87.50
20,1548,PRIVISCL,EQ,16407,11585,70.61
20,1549,PROPEQUITY,SM,13200,10800,81.82
20,1550,PROV,SM,2720,2240,82.35
20,1551,PROZONER,EQ,988464,445697,45.09
20,1552,PRSMJOHNSN,EQ,2992912,293925,9.82
20,1553,PRUDENT,EQ,94490,46196,48.89
20,1554,PSB,EQ,5022583,903101,17.98
20,1555,PSPPROJECT,EQ,43118,22600,52.41
20,1556,PSUBANKICI,EQ,104999,58681,55.89
20,1557,PSUBNKBEES,EQ,7386870,4243074,57.44
20,1558,PTC,EQ,3744377,1462620,39.06
20,1559,PTCIL,EQ,5581,3081,55.21
20,1560,PTL,EQ,272355,150632,55.31
20,1561,PULZ,SM,4000,4000,100.00
20,1562,PUNJABCHEM,EQ,95068,40840,42.96
20,1563,PURVA,EQ,716616,232372,32.43
20,1564,PVRINOX,EQ,346883,169407,48.84
20,1565,PYRAMID,EQ,583532,129678,22.22
20,1566,QFIL,SM,2000,2000,100.00
20,1567,QGOLDHALF,EQ,45606,13987,30.67
20,1568,QMSMEDI,SM,68000,34000,50.00
20,1569,QNIFTY,EQ,262,193,73.66
20,1570,QUESS,EQ,105586,51947,49.20
20,1571,QUICKHEAL,EQ,499668,157146,31.45
20,1572,QUICKTOUCH,SM,6000,6000,100.00
20,1573,RACE,EQ,6156,4647,75.49
20,1574,RADHIKAJWE,EQ,1005026,564305,56.15
20,1575,RADIANTCMS,EQ,285761,142046,49.71
20,1576,RADICO,EQ,171660,87778,51.13
20,1577,RADIOCITY,EQ,1394817,609874,43.72
20,1578,RADIOCITY,P1,10203,10203,100.00
20,1579,RAILTEL,EQ,4809251,967349,20.11
20,1580,RAIN,EQ,883079,420252,47.59
20,1581,RAINBOW,EQ,234699,139268,59.34
20,1582,RAJESHEXPO,EQ,1384963,709830,51.25
20,1583,RAJRATAN,EQ,43669,23094,52.88
20,1584,RAJTV,EQ,7885,4950,62.78
20,1585,RALLIS,EQ,908777,371147,40.84
20,1586,RAMANEWS,EQ,328751,36932,11.23
20,1587,RAMAPHO,EQ,9764,5981,61.26
20,1588,RAMASTEEL,EQ,2956503,939543,31.78
20,1589,RAMCOCEM,EQ,203280,55080,27.10
20,1590,RAMCOIND,EQ,610503,254002,41.61
20,1591,RAMCOSYS,EQ,66021,23127,35.03
20,1592,RAMKY,EQ,79469,39779,50.06
20,1593,RAMRAT,EQ,102100,32119,31.46
20,1594,RANASUG,EQ,1412754,447157,31.65
20,1595,RANEHOLDIN,EQ,4796,3064,63.89
20,1596,RATEGAIN,EQ,1144431,320930,28.04
20,1597,RATNAMANI,EQ,38296,20131,52.57
20,1598,RATNAVEER,EQ,451437,228475,50.61
20,1599,RAYMOND,EQ,200934,77725,38.68
20,1600,RBA,EQ,1267548,571475,45.09
20,1601,RBL,EQ,30544,5815,19.04
20,1602,RBLBANK,EQ,19601412,6032820,30.78
20,1603,RBMINFRA,SM,306000,108000,35.29
20,1604,RCF,EQ,6002740,1486481,24.76
20,1605,RECLTD,EQ,9403379,2560394,27.23
20,1606,RECLTD,N9,100,100,100.00
20,1607,RECLTD,NF,1300,1100,84.62
20,1608,RECLTD,NH,515,515,100.00
20,1609,RECLTD,NI,1,1,100.00
20,1610,REDINGTON,EQ,1396838,509539,36.48
20,1611,REDTAPE,EQ,194461,92959,47.80
20,1612,REFEX,EQ,227440,123611,54.35
20,1613,RELAXO,EQ,86455,29612,34.25
20,1614,RELCHEMQ,EQ,52791,16586,31.42
20,1615,RELIANCE,EQ,5885542,3669399,62.35
20,1616,RELIGARE,EQ,726996,472477,64.99
20,1617,REMUS,SM,1500,1000,66.67
20,1618,RENUKA,EQ,8843628,2400779,27.15
20,1619,REPCOHOME,EQ,151433,65155,43.03
20,1620,REPL,EQ,405219,158072,39.01
20,1621,REPRO,EQ,16736,10756,64.27
20,1622,RESPONIND,EQ,139909,47225,33.75
20,1623,REXPIPES,SM,4000,4000,100.00
20,1624,RGL,EQ,218413,64529,29.54
20,1625,RHIM,EQ,79321,35323,44.53
20,1626,RHL,EQ,3726,2458,65.97
20,1627,RICHA,SM,5000,5000,100.00
20,1628,RICOAUTO,EQ,511765,234010,45.73
20,1629,RIIL,EQ,307145,80786,26.30
20,1630,RILINFRA,SM,63100,36100,57.21
20,1631,RISHABH,EQ,118339,48345,40.85
20,1632,RITES,EQ,721309,299468,41.52
20,1633,RITEZONE,SM,16000,16000,100.00
20,1634,RKEC,EQ,140507,41635,29.63
20,1635,RKFORGE,EQ,790266,491472,62.19
20,1636,RMDRIP,SM,14000,14000,100.00
20,1637,RML,EQ,23810,7849,32.97
20,1638,ROHLTD,EQ,52085,28864,55.42
20,1639,ROLEXRINGS,EQ,36020,20436,56.74
20,1640,ROML,EQ,16046,4464,27.82
20,1641,ROSSARI,EQ,81147,38832,47.85
20,1642,ROSSELLIND,EQ,58972,21727,36.84
20,1643,ROTO,EQ,77961,27274,34.98
20,1644,ROUTE,EQ,169414,110459,65.20
20,1645,RPGLIFE,EQ,19621,8881,45.26
20,1646,RPOWER,EQ,33325399,8304572,24.92
20,1647,RPPL,EQ,35061,24026,68.53
20,1648,RPSGVENT,EQ,32226,18180,56.41
20,1649,RRKABEL,EQ,169055,74989,44.36
20,1650,RSWM,EQ,29458,14042,47.67
20,1651,RSYSTEMS,EQ,66787,33808,50.62
20,1652,RTNINDIA,EQ,1378981,511419,37.09
20,1653,RTNPOWER,EQ,36573086,16916873,46.25
20,1654,RUBYMILLS,EQ,14541,7482,51.45
20,1655,RUCHIRA,EQ,104307,56419,54.09
20,1656,RUPA,EQ,52828,25572,48.41
20,1657,RUSHIL,EQ,489920,228718,46.68
20,1658,RUSTOMJEE,EQ,9637,6448,66.91
20,1659,RVNL,EQ,16533451,3256608,19.70
20,1660,SAAKSHI,SM,84000,52800,62.86
20,1661,SABAR,SM,10000,10000,100.00
20,1662,SADHNANIQ,EQ,3198358,995654,31.13
20,1663,SAFARI,EQ,101806,32092,31.52
20,1664,SAGARDEEP,EQ,87661,11567,13.20
20,1665,SAGCEM,EQ,70959,37090,52.27
20,1666,SAH,EQ,85630,25326,29.58
20,1667,SAHAJ,SM,20000,16000,80.00
20,1668,SAHANA,SM,39000,39000,100.00
20,1669,SAHYADRI,EQ,5645,2871,50.86
20,1670,SAIL,EQ,7823423,2639056,33.73
20,1671,SAKAR,EQ,20627,6414,31.10
20,1672,SAKHTISUG,EQ,587037,202671,34.52
20,1673,SAKSOFT,EQ,108817,70766,65.03
20,1674,SALASAR,EQ,291409,144851,49.71
20,1675,SALONA,EQ,3010,1487,49.40
20,1676,SALZERELEC,EQ,72954,30977,42.46
20,1677,SAMHI,EQ,385127,215271,55.90
20,1678,SANDESH,EQ,630,406,64.44
20,1679,SANDHAR,EQ,72079,31641,43.90
20,1680,SANDUMA,EQ,22452,12800,57.01
20,1681,SANGAMIND,EQ,110132,70145,63.69
20,1682,SANGHVIMOV,EQ,77642,44343,57.11
20,1683,SANGINITA,EQ,21372,15332,71.74
20,1684,SANOFI,EQ,23460,10990,46.85
20,1685,SANSERA,EQ,148674,97168,65.36
20,1686,SAPPHIRE,EQ,95550,46081,48.23
20,1687,SARDAEN,EQ,253026,147051,58.12
20,1688,SAREGAMA,EQ,196619,68072,34.62
20,1689,SARLAPOLY,EQ,111451,38882,34.89
20,1690,SAROJA,SM,8000,8000,100.00
20,1691,SASKEN,EQ,32170,11640,36.18
20,1692,SASTASUNDR,EQ,22599,11047,48.88
20,1693,SATIA,EQ,305866,153384,50.15
20,1694,SATIN,EQ,2192392,543184,24.78
20,1695,SATINDLTD,EQ,746053,348879,46.76
20,1696,SBC,EQ,1613799,496437,30.76
20,1697,SBCL,EQ,115671,61874,53.49
20,1698,SBFC,EQ,4764278,1825304,38.31
20,1699,SBGLP,EQ,224076,116849,52.15
20,1700,SBICARD,EQ,604104,290238,48.04
20,1701,SBIETFCON,EQ,1896,1439,75.90
20,1702,SBIETFIT,EQ,4517,3690,81.69
20,1703,SBIETFPB,EQ,2778,2523,90.82
20,1704,SBIETFQLTY,EQ,1256,863,68.71
20,1705,SBILIFE,EQ,654531,303748,46.41
20,1706,SBIN,EQ,10415296,3890100,37.35
20,1707,SCHAEFFLER,EQ,112014,66087,59.00
20,1708,SCHAND,EQ,29667,11160,37.62
20,1709,SCHNEIDER,EQ,315064,113960,36.17
20,1710,SCI,EQ,2745903,960435,34.98
20,1711,SCML,SM,368000,214000,58.15
20,1712,SCPL,EQ,4872,3121,64.06
20,1713,SDBL,EQ,387387,201490,52.01
20,1714,SDL24BEES,EQ,624,564,90.38
20,1715,SDL26BEES,EQ,224,93,41.52
20,1716,SEAMECLTD,EQ,26843,12073,44.98
20,1717,SECMARK,EQ,20540,6098,29.69
20,1718,SECURCRED,EQ,130701,78802,60.29
20,1719,SECURKLOUD,EQ,25300,14242,56.29
20,1720,SELAN,EQ,85487,34481,40.33
20,1721,SENCO,EQ,208978,96021,45.95
20,1722,SENSEXETF,EQ,31329,19095,60.95
20,1723,SEPC,EQ,11420956,6558944,57.43
20,1724,SEQUENT,EQ,2739676,470203,17.16
20,1725,SESHAPAPER,EQ,77362,33048,42.72
20,1726,SETF10GILT,EQ,42405,40661,95.89
20,1727,SETFGOLD,EQ,1300930,1036540,79.68
20,1728,SETFNIF50,EQ,489537,426023,87.03
20,1729,SETFNIFBK,EQ,187554,169728,90.50
20,1730,SETFNN50,EQ,13201,11719,88.77
20,1731,SFL,EQ,39944,17318,43.36
20,1732,SGBAPR28I,GB,734,667,90.87
20,1733,SGBAUG24,GB,86,72,83.72
20,1734,SGBAUG27,GB,7,7,100.00
20,1735,SGBAUG28V,GB,816,623,76.35
20,1736,SGBAUG29V,GB,201,184,91.54
20,1737,SGBAUG30,GB,259,221,85.33
20,1738,SGBD29VIII,GB,769,316,41.09
20,1739,SGBDE30III,GB,366,218,59.56
20,1740,SGBDEC2512,GB,2,2,100.00
20,1741,SGBDEC2513,GB,7,7,100.00
20,1742,SGBFEB24,GB,39,39,100.00
20,1743,SGBFEB28IX,GB,2,2,100.00
20,1744,SGBFEB29XI,GB,20,17,85.00
20,1745,SGBJ28VIII,GB,6,6,100.00
20,1746,SGBJAN26,GB,2,2,100.00
20,1747,SGBJAN27,GB,65,65,100.00
20,1748,SGBJAN29IX,GB,653,620,94.95
20,1749,SGBJAN29X,GB,47,30,63.83
20,1750,SGBJAN30IX,GB,14,11,78.57
20,1751,SGBJU29III,GB,329,209,63.53
20,1752,SGBJUL25,GB,109,89,81.65
20,1753,SGBJUL28IV,GB,488,357,73.16
20,1754,SGBJUL29IV,GB,307,230,74.92
20,1755,SGBJUN28,GB,142,120,84.51
20,1756,SGBJUN29II,GB,152,100,65.79
20,1757,SGBJUN30,GB,188,113,60.11
20,1758,SGBJUN31I,GB,1279,1163,90.93
20,1759,SGBMAR24,GB,49,48,97.96
20,1760,SGBMAR25,GB,2,2,100.00
20,1761,SGBMAR30X,GB,57,57,100.00
20,1762,SGBMAR31IV,GB,317,200,63.09
20,1763,SGBMAY25,GB,4,4,100.00
20,1764,SGBMAY26,GB,3,3,100.00
20,1765,SGBMAY28,GB,238,238,100.00
20,1766,SGBMAY29I,GB,462,389,84.20
20,1767,SGBMR29XII,GB,312,218,69.87
20,1768,SGBN28VIII,GB,347,347,100.00
20,1769,SGBNOV23,GB,15,15,100.00
20,1770,SGBNOV24,GB,108,108,100.00
20,1771,SGBNOV25,GB,1,1,100.00
20,1772,SGBNOV25IX,GB,1,1,100.00
20,1773,SGBNOV26,GB,3,3,100.00
20,1774,SGBNV29VII,GB,195,155,79.49
20,1775,SGBOC28VII,GB,1141,606,53.11
20,1776,SGBOCT25IV,GB,202,202,100.00
20,1777,SGBOCT25V,GB,7,7,100.00
20,1778,SGBOCT26,GB,51,51,100.00
20,1779,SGBOCT27,GB,64,64,100.00
20,1780,SGBOCT27VI,GB,18,17,94.44
20,1781,SGBSEP24,GB,151,142,94.04
20,1782,SGBSEP27,GB,82,82,100.00
20,1783,SGBSEP28VI,GB,480,258,53.75
20,1784,SGBSEP29VI,GB,1022,643,62.92
20,1785,SGBSEP31II,GB,6806,6103,89.67
20,1786,SHAH,EQ,1351559,654842,48.45
20,1787,SHAILY,EQ,4659,3058,65.64
20,1788,SHAKTIPUMP,EQ,213949,70037,32.74
20,1789,SHALBY,EQ,2020173,444802,22.02
20,1790,SHALPAINTS,EQ,375880,141528,37.65
20,1791,SHANKARA,EQ,96760,33606,34.73
20,1792,SHANTI,EQ,8196,6100,74.43
20,1793,SHANTIGEAR,EQ,144304,57270,39.69
20,1794,SHARDACROP,EQ,76924,23021,29.93
20,1795,SHARDAMOTR,EQ,16493,8848,53.65
20,1796,SHAREINDIA,EQ,348304,124076,35.62
20,1797,SHAREINDIA,W1,7839,7083,90.36
20,1798,SHARIABEES,EQ,5051,4887,96.75
20,1799,SHEMAROO,EQ,70684,37779,53.45
20,1800,SHERA,SM,30000,20000,66.67
20,1801,SHIGAN,SM,4500,3000,66.67
20,1802,SHILPAMED,EQ,202903,67561,33.30
20,1803,SHIVALIK,EQ,8091,6605,81.63
20,1804,SHIVAMILLS,EQ,96126,5511,5.73
20,1805,SHIVATEX,EQ,9162,7399,80.76
20,1806,SHK,EQ,173844,90747,52.20
20,1807,SHOPERSTOP,EQ,93516,50943,54.48
20,1808,SHRADHA,EQ,141252,45435,32.17
20,1809,SHREDIGCEM,EQ,1355687,376934,27.80
20,1810,SHREECEM,EQ,19096,10432,54.63
20,1811,SHREEPUSHK,EQ,31396,15810,50.36
20,1812,SHRENIK,EQ,1630491,1249387,76.63
20,1813,SHREYAS,EQ,50648,15862,31.32
20,1814,SHRIRAMFIN,EQ,5011333,1480513,29.54
20,1815,SHRIRAMFIN,YI,5,5,100.00
20,1816,SHRIRAMFIN,YL,10,10,100.00
20,1817,SHRIRAMFIN,YP,600,600,100.00
20,1818,SHRIRAMFIN,YV,75,75,100.00
20,1819,SHRIRAMFIN,YY,1,1,100.00
20,1820,SHRIRAMFIN,Z4,17,17,100.00
20,1821,SHRIRAMPPS,EQ,3070897,1107863,36.08
20,1822,SHRITECH,SM,22000,18000,81.82
20,1823,SHUBHLAXMI,SM,9000,6000,66.67
20,1824,SHYAMCENT,EQ,289770,142802,49.28
20,1825,SHYAMMETL,EQ,401956,209478,52.11
20,1826,SHYAMTEL,EQ,586,397,67.75
20,1827,SICALLOG,EQ,2243,2243,100.00
20,1828,SIDDHIKA,SM,1000,1000,100.00
20,1829,SIEMENS,EQ,155625,83741,53.81
20,1830,SIGACHI,EQ,1275272,776587,60.90
20,1831,SIGMA,EQ,7180,4745,66.09
20,1832,SIGNATURE,EQ,427530,178828,41.83
20,1833,SIKKO,EQ,84047,19061,22.68
20,1834,SILINV,EQ,1141,899,78.79
20,1835,SILLYMONKS,EQ,1071,926,86.46
20,1836,SILVER,EQ,112171,90179,80.39
20,1837,SILVERBEES,EQ,1283657,949389,73.96
20,1838,SILVERETF,EQ,108229,79949,73.87
20,1839,SILVERTUC,EQ,4076,1659,40.70
20,1840,SILVRETF,EQ,6535,4379,67.01
20,1841,SIMBHALS,EQ,74658,48273,64.66
20,1842,SINTERCOM,EQ,3238,2749,84.90
20,1843,SIRCA,EQ,47752,25570,53.55
20,1844,SIS,EQ,29058,11829,40.71
20,1845,SIYSIL,EQ,38005,17663,46.48
20,1846,SJS,EQ,86173,43999,51.06
20,1847,SJVN,EQ,25340751,5748078,22.68
20,1848,SKFINDIA,EQ,11591,6973,60.16
20,1849,SKIPPER,EQ,232360,106495,45.83
20,1850,SKMEGGPROD,EQ,220786,107207,48.56
20,1851,SKP,SM,36000,30000,83.33
20,1852,SKYGOLD,EQ,260808,138798,53.22
20,1853,SMARTLINK,EQ,5743,2013,35.05
20,1854,SMCGLOBAL,EQ,160664,96267,59.92
20,1855,SMLISUZU,EQ,112676,43472,38.58
20,1856,SMLT,EQ,12992,5921,45.57
20,1857,SMSLIFE,EQ,179,157,87.71
20,1858,SMSPHARMA,EQ,31415,16350,52.05
20,1859,SMVD,SM,8080,8080,100.00
20,1860,SNOWMAN,EQ,343195,156237,45.52
20,1861,SOBHA,EQ,330437,115764,35.03
20,1862,SOLARA,EQ,103683,51531,49.70
20,1863,SOLARINDS,EQ,29446,15368,52.19
20,1864,SOLEX,SM,6000,6000,100.00
20,1865,SOMANYCERA,EQ,52312,28011,53.55
20,1866,SOMICONVEY,EQ,1150617,260478,22.64
20,1867,SONACOMS,EQ,1816563,776427,42.74
20,1868,SONATSOFTW,EQ,1682891,387586,23.03
20,1869,SONUINFRA,SM,3000,3000,100.00
20,1870,SOTL,EQ,159772,82788,51.82
20,1871,SOUTHBANK,EQ,35902653,10883265,30.31
20,1872,SOUTHWEST,EQ,104921,64212,61.20
20,1873,SPAL,EQ,100842,62650,62.13
20,1874,SPANDANA,EQ,1075149,644477,59.94
20,1875,SPARC,EQ,569126,114353,20.09
20,1876,SPCENET,EQ,2302852,1436677,62.39
20,1877,SPECIALITY,EQ,57185,35026,61.25
20,1878,SPECTSTM,SM,43200,33600,77.78
20,1879,SPENCERS,EQ,75351,32343,42.92
20,1880,SPIC,EQ,749656,279694,37.31
20,1881,SPLIL,EQ,168170,40134,23.87
20,1882,SPLPETRO,EQ,111658,54753,49.04
20,1883,SPORTKING,EQ,9315,6421,68.93
20,1884,SREEL,EQ,22399,7850,35.05
20,1885,SRF,EQ,869519,260871,30.00
20,1886,SRGHFL,EQ,5731,4637,80.91
20,1887,SRHHYPOLTD,EQ,18317,7670,41.87
20,1888,SRIVASAVI,SM,3000,3000,100.00
20,1889,SSFL,SM,39000,33000,84.62
20,1890,SSWL,EQ,519479,236899,45.60
20,1891,STAR,EQ,290444,141277,48.64
20,1892,STARCEMENT,EQ,462372,212756,46.01
20,1893,STARHEALTH,EQ,219653,121508,55.32
20,1894,STARPAPER,EQ,50656,19113,37.73
20,1895,STCINDIA,EQ,332486,133736,40.22
20,1896,STEELCAS,EQ,32229,5755,17.86
20,1897,STEELCITY,EQ,35003,16198,46.28
20,1898,STEELXIND,EQ,1330236,888405,66.79
20,1899,STERTOOLS,EQ,29010,14314,49.34
20,1900,STLTECH,EQ,20751731,6337013,30.54
20,1901,STOVEKRAFT,EQ,104191,56293,54.03
20,1902,STYLAMIND,EQ,30444,14111,46.35
20,1903,STYRENIX,EQ,111738,64775,57.97
20,1904,SUBEXLTD,EQ,2102178,769778,36.62
20,1905,SUBROS,EQ,39203,15574,39.73
20,1906,SUDARSCHEM,EQ,98934,52612,53.18
20,1907,SUKHJITS,EQ,7703,4823,62.61
20,1908,SULA,EQ,146145,61990,42.42
20,1909,SUMICHEM,EQ,850799,371358,43.65
20,1910,SUMIT,EQ,87225,54075,61.99
20,1911,SUMMITSEC,EQ,7145,3867,54.12
20,1912,SUNDARMFIN,EQ,66161,35220,53.23
20,1913,SUNDARMHLD,EQ,186318,109373,58.70
20,1914,SUNDRMFAST,EQ,76792,42900,55.87
20,1915,SUNFLAG,EQ,341708,102513,30.00
20,1916,SUNPHARMA,EQ,1250965,780442,62.39
20,1917,SUNTECK,EQ,852402,170807,20.04
20,1918,SUNTV,EQ,516722,179916,34.82
20,1919,SUPERHOUSE,EQ,14389,5329,37.04
20,1920,SUPRAJIT,EQ,150938,71598,47.44
20,1921,SUPREMEIND,EQ,118955,41598,34.97
20,1922,SUPRIYA,EQ,137136,60922,44.42
20,1923,SURANAT&P,EQ,80721,58311,72.24
20,1924,SURANI,SM,48000,48000,100.00
20,1925,SURYALAXMI,EQ,12758,4625,36.25
20,1926,SURYAROSNI,EQ,438052,246133,56.19
20,1927,SURYODAY,EQ,181871,85784,47.17
20,1928,SUTLEJTEX,EQ,166482,85507,51.36
20,1929,SUVEN,EQ,164413,101408,61.68
20,1930,SUVENPHAR,EQ,116797,57471,49.21
20,1931,SWANENERGY,EQ,25831619,3476218,13.46
20,1932,SWARAJENG,EQ,13729,8259,60.16
20,1933,SWASTIK,SM,34800,27600,79.31
20,1934,SWELECTES,EQ,32482,19179,59.05
20,1935,SYMPHONY,EQ,26379,13697,51.92
20,1936,SYNCOMF,EQ,2220357,953421,42.94
20,1937,SYNGENE,EQ,1277547,921307,72.12
20,1938,SYNOPTICS,SM,24600,17400,70.73
20,1939,SYRMA,EQ,611753,221757,36.25
20,1940,SYSTANGO,SM,60800,46400,76.32
20,1941,TAINWALCHM,EQ,3977,2465,61.98
20,1942,TAJGVK,EQ,59061,22368,37.87
20,1943,TALBROAUTO,EQ,1099136,278433,25.33
20,1944,TANLA,EQ,653496,165205,25.28
20,1945,TAPIFRUIT,SM,1500,1500,100.00
20,1946,TARACHAND,SM,36000,28000,77.78
20,1947,TARC,EQ,1385845,574298,41.44
20,1948,TARMAT,EQ,373077,134509,36.05
20,1949,TARSONS,EQ,158113,70955,44.88
20,1950,TASTYBITE,EQ,890,415,46.63
20,1951,TATACAPHSG,N4,62,62,100.00
20,1952,TATACAPHSG,N6,25,25,100.00
20,1953,TATACHEM,EQ,404416,171617,42.44
20,1954,TATACOFFEE,EQ,215440,74164,34.42
20,1955,TATACOMM,EQ,2036119,1351346,66.37
20,1956,TATACONSUM,EQ,797507,454248,56.96
20,1957,TATAELXSI,EQ,110987,47528,42.82
20,1958,TATAINVEST,EQ,127361,25438,19.97
20,1959,TATAMETALI,EQ,29170,11056,37.90
20,1960,TATAMOTORS,EQ,10232856,3308083,32.33
20,1961,TATAMTRDVR,EQ,1976130,909315,46.01
20,1962,TATAPOWER,EQ,7031353,2935398,41.75
20,1963,TATASTEEL,EQ,28424007,12772992,44.94
20,1964,TATASTLLP,EQ,45153,18798,41.63
20,1965,TATVA,EQ,21259,13397,63.02
20,1966,TBZ,EQ,438961,165161,37.63
20,1967,TCFSL,NJ,145,145,100.00
20,1968,TCI,EQ,25775,12283,47.65
20,1969,TCIEXP,EQ,19569,9859,50.38
20,1970,TCNSBRANDS,EQ,87258,31012,35.54
20,1971,TCPLPACK,EQ,25266,10903,43.15
20,1972,TCS,EQ,1108851,626899,56.54
20,1973,TDPOWERSYS,EQ,195884,126170,64.41
20,1974,TEAMLEASE,EQ,16518,12559,76.03
20,1975,TECH,EQ,7574,4616,60.95
20,1976,TECHM,EQ,1382498,703744,50.90
20,1977,TECHNOE,EQ,100317,68275,68.06
20,1978,TEGA,EQ,104764,69529,66.37
20,1979,TEJASNET,EQ,332556,100506,30.22
20,1980,TEMBO,EQ,42035,12161,28.93
20,1981,TERASOFT,EQ,26748,18004,67.31
20,1982,TEXINFRA,EQ,293188,189964,64.79
20,1983,TEXRAIL,EQ,1381104,703124,50.91
20,1984,TFCILTD,EQ,391375,182296,46.58
20,1985,TFL,EQ,109657,49553,45.19
20,1986,TGBHOTELS,EQ,41810,33019,78.97
20,1987,THANGAMAYL,EQ,21762,12435,57.14
20,1988,THEINVEST,EQ,20218,4283,21.18
20,1989,THEJO,EQ,3241,2089,64.46
20,1990,THEMISMED,EQ,47958,26321,54.88
20,1991,THERMAX,EQ,55789,30301,54.31
20,1992,THYROCARE,EQ,20493,10275,50.14
20,1993,TI,EQ,267271,128380,48.03
20,1994,TIDEWATER,EQ,13099,6456,49.29
20,1995,TIIL,EQ,13037,7795,59.79
20,1996,TIINDIA,EQ,234429,134741,57.48
20,1997,TIJARIA,EQ,75320,27785,36.89
20,1998,TIMESGTY,EQ,83286,31429,37.74
20,1999,TIMETECHNO,EQ,5545097,1969237,35.51
20,2000,TIMKEN,EQ,57073,49823,87.30
20,2001,TINPLATE,EQ,104306,42476,40.72
20,2002,TIPSINDLTD,EQ,161402,64200,39.78
20,2003,TIRUMALCHM,EQ,211050,103057,48.83
20,2004,TIRUPATI,SM,5000,5000,100.00
20,2005,TITAGARH,EQ,1490168,447606,30.04
20,2006,TITAN,EQ,1050608,696457,66.29
20,2007,TMB,EQ,196822,132110,67.12
20,2008,TNIDETF,EQ,15834,12524,79.10
20,2009,TNPETRO,EQ,316057,93909,29.71
20,2010,TNPL,EQ,225376,104510,46.37
20,2011,TOKYOPLAST,EQ,20834,15872,76.18
20,2012,TORNTPHARM,EQ,695215,398411,57.31
20,2013,TORNTPOWER,EQ,936763,815217,87.02
20,2014,TOTAL,EQ,378958,75834,20.01
20,2015,TOUCHWOOD,EQ,75545,35259,46.67
20,2016,TPLPLASTEH,EQ,245836,81368,33.10
20,2017,TRACXN,EQ,812754,440929,54.25
20,2018,TRANSWIND,SM,8000,8000,100.00
20,2019,TREEHOUSE,EQ,20980,14682,69.98
20,2020,TREL,EQ,897876,473519,52.74
20,2021,TRENT,EQ,999445,457150,45.74
20,2022,TRF,EQ,111202,40344,36.28
20,2023,TRIDENT,EQ,7030536,2109385,30.00
20,2024,TRIDHYA,SM,30000,24000,80.00
20,2025,TRIGYN,EQ,82326,33390,40.56
20,2026,TRIL,EQ,617400,294041,47.63
20,2027,TRITURBINE,EQ,808456,364389,45.07
20,2028,TRIVENI,EQ,632164,152782,24.17
20,2029,TRU,EQ,2420569,730016,30.16
20,2030,TTKHLTCARE,EQ,4698,2732,58.15
20,2031,TTKPRESTIG,EQ,247151,37797,15.29
20,2032,TTL,EQ,8465,5792,68.42
20,2033,TTML,EQ,3000821,1025967,34.19
20,2034,TV18BRDCST,EQ,7748914,2251948,29.06
20,2035,TVSELECT,EQ,71983,27151,37.72
20,2036,TVSHLTD,EQ,2352,1798,76.45
20,2037,TVSHLTD,P1,40837,37738,92.41
20,2038,TVSMOTOR,EQ,737466,364926,49.48
20,2039,TVSSCS,EQ,2106636,1021360,48.48
20,2040,TVSSRICHAK,EQ,14900,6555,43.99
20,2041,TVTODAY,EQ,101287,47338,46.74
20,2042,UBL,EQ,152114,63778,41.93
20,2043,UCOBANK,EQ,41423980,6098875,14.72
20,2044,UDS,EQ,203052,149699,73.72
20,2045,UFLEX,EQ,59755,23655,39.59
20,2046,UGARSUGAR,EQ,275403,101928,37.01
20,2047,UGROCAP,EQ,1071865,409520,38.21
20,2048,UGROCAP,N4,138,138,100.00
20,2049,UGROCAP,N5,50,50,100.00
20,2050,UGROCAP,N6,50,50,100.00
20,2051,UGROCAP,N7,630,630,100.00
20,2052,UJAAS,EQ,883664,763885,86.45
20,2053,UJJIVAN,EQ,994368,400438,40.27
20,2054,UJJIVANSFB,EQ,24013404,6059579,25.23
20,2055,ULTRACEMCO,EQ,227682,114404,50.25
20,2056,UMA,SM,40000,20000,50.00
20,2057,UMAEXPORTS,EQ,33386,13206,39.56
20,2058,UMANGDAIRY,EQ,15079,6150,40.79
20,2059,UNICHEMLAB,EQ,35754,18864,52.76
20,2060,UNIDT,EQ,13751,9004,65.48
20,2061,UNIENTER,EQ,4136,2678,64.75
20,2062,UNIHEALTH,SM,13000,12000,92.31
20,2063,UNIONBANK,EQ,32310058,13204452,40.87
20,2064,UNIPARTS,EQ,66276,35304,53.27
20,2065,UNITEDPOLY,EQ,1853,1392,75.12
20,2066,UNITEDTEA,EQ,1526,1243,81.45
20,2067,UNIVASTU,EQ,825825,245248,29.70
20,2068,UNIVCABLES,EQ,41337,15570,37.67
20,2069,UNIVPHOTO,EQ,1737,1004,57.80
20,2070,UNOMINDA,EQ,348874,176006,50.45
20,2071,UPL,EQ,2425358,1171633,48.31
20,2072,URAVI,EQ,1267,703,55.49
20,2073,URBAN,SM,20400,15600,76.47
20,2074,URJA,EQ,2244679,773195,34.45
20,2075,USHAMART,EQ,1703068,453734,26.64
20,2076,USK,EQ,274056,128973,47.06
20,2077,UTIAMC,EQ,112016,64420,57.51
20,2078,UTIBANKETF,EQ,977710,949824,97.15
20,2079,UTINEXT50,EQ,44270,33853,76.47
20,2080,UTINIFTETF,EQ,23953,20540,85.75
20,2081,UTISENSETF,EQ,3227,2963,91.82
20,2082,UTISXN50,EQ,5338,2830,53.02
20,2083,UTKARSHBNK,EQ,5700491,2562217,44.95
20,2084,UTTAMSUGAR,EQ,197990,77876,39.33
20,2085,VADILALIND,EQ,3234,2006,62.03
20,2086,VAIBHAVGBL,EQ,269288,79488,29.52
20,2087,VAISHALI,EQ,61371,42513,69.27
20,2088,VAKRANGEE,EQ,4964251,2313984,46.61
20,2089,VALIANTLAB,EQ,603401,196268,32.53
20,2090,VALIANTORG,EQ,37691,19336,51.30
20,2091,VARDHACRLC,EQ,103096,48950,47.48
20,2092,VARROC,EQ,247512,117176,47.34
20,2093,VASCONEQ,EQ,3083367,1566886,50.82
20,2094,VBL,EQ,2410663,1207797,50.10
20,2095,VCL,EQ,774597,444266,57.35
20,2096,VEDL,EQ,4623399,2108823,45.61
20,2097,VELS,SM,6000,3600,60.00
20,2098,VENKEYS,EQ,20888,9254,44.30
20,2099,VENUSPIPES,EQ,1269040,271803,21.42
20,2100,VENUSREM,EQ,404434,80540,19.91
20,2101,VERANDA,EQ,47688,32428,68.00
20,2102,VERTOZ,EQ,278047,96573,34.73
20,2103,VESUVIUS,EQ,7725,4978,64.44
20,2104,VETO,EQ,89585,46284,51.66
20,2105,VGUARD,EQ,107375,54931,51.16
20,2106,VHL,EQ,172,121,70.35
20,2107,VIAZ,SM,4000,4000,100.00
20,2108,VIDHIING,EQ,6905,2481,35.93
20,2109,VIJAYA,EQ,69015,25409,36.82
20,2110,VIKASLIFE,EQ,22693514,9928923,43.75
20,2111,VILINBIO,SM,8000,4000,50.00
20,2112,VIMTALABS,EQ,32595,15884,48.73
20,2113,VINATIORGA,EQ,38607,22601,58.54
20,2114,VINDHYATEL,EQ,28618,15664,54.73
20,2115,VINEETLAB,EQ,63311,5565,8.79
20,2116,VINSYS,SM,20000,15000,75.00
20,2117,VINYAS,SM,116800,81600,69.86
20,2118,VINYLINDIA,EQ,28529,9306,32.62
20,2119,VIPCLOTHNG,EQ,452521,252064,55.70
20,2120,VIPIND,EQ,227291,103191,45.40
20,2121,VIPULLTD,EQ,220083,183898,83.56
20,2122,VISAKAIND,EQ,183633,101158,55.09
20,2123,VISHAL,EQ,393261,116024,29.50
20,2124,VISHNU,EQ,107279,59671,55.62
20,2125,VISHNUINFR,SM,374000,258000,68.98
20,2126,VISHWARAJ,EQ,654735,264030,40.33
20,2127,VITAL,SM,15600,13200,84.62
20,2128,VIVIANA,SM,8000,8000,100.00
20,2129,VIVIDHA,EQ,258273,223234,86.43
20,2130,VLEGOV,EQ,87348,65154,74.59
20,2131,VLSFINANCE,EQ,67025,40038,59.74
20,2132,VMARCIND,SM,69000,42000,60.87
20,2133,VMART,EQ,41727,19378,46.44
20,2134,VOLTAMP,EQ,216320,101978,47.14
20,2135,VOLTAS,EQ,689843,346691,50.26
20,2136,VPRPL,EQ,3185559,1413580,44.37
20,2137,VRLLOG,EQ,216403,114954,53.12
20,2138,VSSL,EQ,105582,51954,49.21
20,2139,VSTIND,EQ,3808,2068,54.31
20,2140,VSTTILLERS,EQ,9100,3211,35.29
20,2141,VTL,EQ,217789,86805,39.86
20,2142,WABAG,EQ,458667,262391,57.21
20,2143,WEALTH,EQ,8758,4440,50.70
20,2144,WEBELSOLAR,EQ,227293,145508,64.02
20,2145,WEIZMANIND,EQ,22460,12546,55.86
20,2146,WELCORP,EQ,772205,393919,51.01
20,2147,WELENT,EQ,403869,162956,40.35
20,2148,WELINV,EQ,11999,4932,41.10
20,2149,WELSPUNIND,EQ,30339679,4327442,14.26
20,2150,WENDT,EQ,415,197,47.47
20,2151,WESTLIFE,EQ,1255757,815219,64.92
20,2152,WHEELS,EQ,16763,7651,45.64
20,2153,WHIRLPOOL,EQ,40323,21242,52.68
20,2154,WILLAMAGOR,EQ,11187,4591,41.04
20,2155,WINDLAS,EQ,14469,7873,54.41
20,2156,WINSOME,EQ,18748,18748,100.00
20,2157,WIPRO,EQ,3101406,1525690,49.19
20,2158,WOCKPHARMA,EQ,604293,247288,40.92
20,2159,WOMANCART,ST,542400,542400,100.00
20,2160,WONDERLA,EQ,229767,58536,25.48
20,2161,WORTH,EQ,10475,6964,66.48
20,2162,WSTCSTPAPR,EQ,172619,69368,40.19
20,2163,XCHANGING,EQ,127934,60226,47.08
20,2164,XELPMOC,EQ,16459,8590,52.19
20,2165,XPROINDIA,EQ,58415,18765,32.12
20,2166,YASHO,EQ,5483,3581,65.31
20,2167,YATHARTH,EQ,207848,88586,42.62
20,2168,YATRA,EQ,511899,297416,58.10
20,2169,YCCL,SM,30000,24000,80.00
20,2170,YESBANK,EQ,74336446,31108619,41.85
20,2171,YUDIZ,SM,4000,3200,80.00
20,2172,YUKEN,EQ,48759,42317,86.79
20,2173,ZAGGLE,EQ,1243591,470431,37.83
20,2174,ZEAL,SM,39600,39600,100.00
20,2175,ZEEL,EQ,7945658,2054693,25.86
20,2176,ZEEMEDIA,EQ,5252592,1882942,35.85
20,2177,ZENITHEXPO,EQ,2607,1666,63.90
20,2178,ZENSARTECH,EQ,871575,363589,41.72
20,2179,ZFCVINDIA,EQ,10186,5892,57.84
20,2180,ZIMLAB,EQ,112044,53365,47.63
20,2181,ZODIAC,EQ,156180,81947,52.47
20,2182,ZODIACLOTH,EQ,55703,23330,41.88
20,2183,ZOMATO,EQ,43738547,17450406,39.90
20,2184,ZOTA,EQ,30097,16935,56.27
20,2185,ZUARI,EQ,49958,23959,47.96
20,2186,ZUARIIND,EQ,22975,11081,48.23
20,2187,ZYDUSLIFE,EQ,544189,320426,58.88
20,2188,ZYDUSWELL,EQ,30562,12919,42.27
