Security Wise Delivery Position - Compulsory Rolling Settlement
10,MTO,26102023,1283866306,0002246
Trade Date <26-OCT-2023>,Settlement Type <N>
Record Type,Sr No,Name of Security,Quantity Traded,Deliverable Quantity(gross across client level),% of Deliverable Quantity to Traded Quantity
20,1,182D070324,TB,800,700,87.50
20,2,182D071223,TB,600,600,100.00
20,3,182D110124,TB,600,600,100.00
20,4,182D140324,TB,2200,2200,100.00
20,5,182D141223,TB,100,100,100.00
20,6,182D161123,TB,2300,2000,86.96
20,7,182D210324,TB,600,600,100.00
20,8,182D231123,TB,1000,1000,100.00
20,9,21STCENMGM,EQ,6333,6331,99.97
20,10,360ONE,EQ,118370,52811,44.62
20,11,364D060624,TB,100,100,100.00
20,12,364D080824,TB,4000,4000,100.00
20,13,364D101024,TB,700,700,100.00
20,14,364D110424,TB,500,500,100.00
20,15,364D161123,TB,500,500,100.00
20,16,364D220324,TB,2000,2000,100.00
20,17,364D220824,TB,1000,1000,100.00
20,18,3IINFOLTD,EQ,770037,284350,36.93
20,19,3MINDIA,EQ,3270,1994,60.98
20,20,3PLAND,EQ,17626,11515,65.33
20,21,456GS2023,GS,1,1,100.00
20,22,522GS2025,GS,1799,949,52.75
20,23,563GS2026,GS,636,636,100.00
20,24,574GS2026,GS,204,3,1.47
20,25,5PAISA,EQ,137870,56956,41.31
20,26,610GS2031,GS,1000,500,50.00
20,27,63MOONS,EQ,143182,63628,44.44
20,28,645GS2029,GS,5,5,100.00
20,29,664GS2035,GS,2,2,100.00
20,30,667GS2035,GS,6,3,50.00
20,31,667GS2050,GS,801,801,100.00
20,32,669GS2024,GS,6432,5432,84.45
20,33,676GS2061,GS,26,26,100.00
20,34,689GS2025,GS,30,30,100.00
20,35,695GS2061,GS,120,120,100.00
20,36,699GS2026,GS,5935,5935,100.00
20,37,699GS2051,GS,2,1,50.00
20,38,706GS2028,GS,36324,36324,100.00
20,39,710GS2029,GS,74200,74200,100.00
20,40,717GS2030,GS,26768,26618,99.44
20,41,718GS2033,GS,404,302,74.75
20,42,718GS2037,GS,4581,4581,100.00
20,43,725GS2063,GS,13900,13900,100.00
20,44,726GS2029,GS,1000,500,50.00
20,45,726GS2032,GS,2896,2896,100.00
20,46,726GS2033,GS,2401,2401,100.00
20,47,732GS2024,GS,5,5,100.00
20,48,736GS2052,GS,7326,7321,99.93
20,49,737GS2028,GS,1,1,100.00
20,50,738GS2027,GS,126497,115622,91.40
20,51,73GS2053,GS,1800,1800,100.00
20,52,741GS2036,GS,220830,220823,100.00
20,53,74GS2062,GS,49,49,100.00
20,54,754GS2036,GS,747379,744772,99.65
20,55,768GS2023,GS,6500,5000,76.92
20,56,772GS2025,GS,8,8,100.00
20,57,824GS2027,GS,1482,1000,67.48
20,58,833GS2026,GS,502,502,100.00
20,59,91D071223,TB,3000,3000,100.00
20,60,91D091123,TB,1000,1000,100.00
20,61,91D141223,TB,1100,1100,100.00
20,62,91D180124,TB,100,100,100.00
20,63,91D211223,TB,1000,1000,100.00
20,64,91D231123,TB,100,100,100.00
20,65,91D291223,TB,1400,1400,100.00
20,66,92GS2030,GS,10125,10125,100.00
20,67,AAATECH,EQ,79962,23016,28.78
20,68,AAKASH,EQ,201609,118696,58.87
20,69,AARON,EQ,22573,13416,59.43
20,70,AARTIDRUGS,EQ,546775,140635,25.72
20,71,AARTIIND,EQ,1440086,663019,46.04
20,72,AARTIPHARM,EQ,127126,62488,49.15
20,73,AARTIPP,E1,67,60,89.55
20,74,AARTISURF,EQ,10782,5568,51.64
20,75,AARVEEDEN,EQ,14982,7523,50.21
20,76,AARVI,EQ,17422,8409,48.27
20,77,AATMAJ,SM,24000,14000,58.33
20,78,AAVAS,EQ,271616,159324,58.66
20,79,ABB,EQ,302100,161603,53.49
20,80,ABBOTINDIA,EQ,12651,6596,52.14
20,81,ABCAPITAL,EQ,2402243,654574,27.25
20,82,ABFL,N0,10,10,100.00
20,83,ABFL,N2,44204,44204,100.00
20,84,ABFL,N4,1,1,100.00
20,85,ABFL,N5,1910,1820,95.29
20,86,ABFRL,EQ,5260386,2034521,38.68
20,87,ABINFRA,SM,4000,4000,100.00
20,88,ABMINTLLTD,EQ,2006,1995,99.45
20,89,ABSLAMC,EQ,155473,81477,52.41
20,90,ABSLBANETF,EQ,56695,50070,88.31
20,91,ABSLLIQUID,EQ,604,379,62.75
20,92,ABSLNN50ET,EQ,5975,3865,64.69
20,93,ACC,EQ,690300,117965,17.09
20,94,ACCELYA,EQ,41990,18319,43.63
20,95,ACCORD,SM,2000,2000,100.00
20,96,ACE,EQ,328999,164832,50.10
20,97,ACEINTEG,EQ,5400,2351,43.54
20,98,ACI,EQ,490716,213116,43.43
20,99,ACL,EQ,22862,14629,63.99
20,100,ACSAL,ST,45000,45000,100.00
20,101,ADANIENSOL,EQ,1134296,414093,36.51
20,102,ADANIENT,EQ,2226073,502889,22.59
20,103,ADANIGREEN,EQ,1138154,362679,31.87
20,104,ADANIPORTS,EQ,3855358,1672594,43.38
20,105,ADANIPOWER,EQ,12759045,3399214,26.64
20,106,ADFFOODS,EQ,496599,142837,28.76
20,107,ADORWELD,EQ,32549,15936,48.96
20,108,ADSL,EQ,314682,137549,43.71
20,109,ADVANIHOTR,EQ,154318,67385,43.67
20,110,ADVENZYMES,EQ,178472,100696,56.42
20,111,AEGISCHEM,EQ,984900,457414,46.44
20,112,AEROFLEX,EQ,962754,373743,38.82
20,113,AETHER,EQ,96767,69021,71.33
20,114,AFFLE,EQ,196381,110794,56.42
20,115,AGARIND,EQ,52790,15092,28.59
20,116,AGARWALFT,SM,24000,21000,87.50
20,117,AGI,EQ,393589,199399,50.66
20,118,AGNI,SM,75000,60000,80.00
20,119,AGROPHOS,EQ,57874,41510,71.72
20,120,AGSTRA,EQ,228095,72763,31.90
20,121,AHL,EQ,207052,104619,50.53
20,122,AHLADA,EQ,37085,21518,58.02
20,123,AHLEAST,EQ,10362,5975,57.66
20,124,AHLUCONT,EQ,135556,86625,63.90
20,125,AIAENG,EQ,37737,20201,53.53
20,126,AILIMITED,SM,24000,24000,100.00
20,127,AIRTELPP,E1,160027,132196,82.61
20,128,AISL,SM,1200,1200,100.00
20,129,AJANTPHARM,EQ,425508,318452,74.84
20,130,AJMERA,EQ,99414,28364,28.53
20,131,AJOONI,EQ,392855,280253,71.34
20,132,AKASH,EQ,83146,20143,24.23
20,133,AKG,EQ,53028,10477,19.76
20,134,AKSHAR,EQ,57625,47100,81.74
20,135,AKSHARCHEM,EQ,9005,5354,59.46
20,136,AKZOINDIA,EQ,16875,8024,47.55
20,137,ALANKIT,EQ,432064,260718,60.34
20,138,ALBERTDAVD,EQ,36117,27021,74.82
20,139,ALEMBICLTD,EQ,6619958,789572,11.93
20,140,ALICON,EQ,10475,4808,45.90
20,141,ALKALI,EQ,17940,10131,56.47
20,142,ALKEM,EQ,61488,28297,46.02
20,143,ALKYLAMINE,EQ,40189,21572,53.68
20,144,ALLCARGO,EQ,219987,103300,46.96
20,145,ALLETEC,SM,96000,70400,73.33
20,146,ALLSEC,EQ,26400,13536,51.27
20,147,ALMONDZ,EQ,76014,21092,27.75
20,148,ALOKINDS,EQ,16884848,5023634,29.75
20,149,ALPA,EQ,135955,47519,34.95
20,150,ALPHAGEO,EQ,9672,3407,35.23
20,151,AMARAJABAT,EQ,450074,269988,59.99
20,152,AMBER,EQ,174470,55235,31.66
20,153,AMBIKCO,EQ,11760,6938,59.00
20,154,AMBUJACEM,EQ,2296586,1156870,50.37
20,155,AMDIND,EQ,217849,72313,33.19
20,156,AMEYA,SM,8000,8000,100.00
20,157,AMIABLE,SM,8000,6400,80.00
20,158,AMIORG,EQ,111830,52045,46.54
20,159,AMJLAND,EQ,32289,16310,50.51
20,160,AMRUTANJAN,EQ,32161,18927,58.85
20,161,ANANDRATHI,EQ,67002,33292,49.69
20,162,ANANTRAJ,EQ,1857991,1121813,60.38
20,163,ANDHRAPAP,EQ,341070,131641,38.60
20,164,ANDHRSUGAR,EQ,187112,68248,36.47
20,165,ANGELONE,EQ,1679781,310741,18.50
20,166,ANLON,SM,3600,3600,100.00
20,167,ANMOL,EQ,228002,162626,71.33
20,168,ANNAPURNA,SM,70000,44000,62.86
20,169,ANUP,EQ,48031,18041,37.56
20,170,ANURAS,EQ,101198,61178,60.45
20,171,APARINDS,EQ,539025,109953,20.40
20,172,APCL,EQ,46157,22038,47.75
20,173,APCOTEXIND,EQ,113740,35265,31.00
20,174,APEX,EQ,110110,55632,50.52
20,175,APLAPOLLO,EQ,847701,546124,64.42
20,176,APLLTD,EQ,164615,65556,39.82
20,177,APOLLO,EQ,8301645,2304957,27.77
20,178,APOLLOHOSP,EQ,836962,566432,67.68
20,179,APOLLOPIPE,EQ,196092,40608,20.71
20,180,APOLLOTYRE,EQ,1509438,683703,45.30
20,181,APOLSINHOT,EQ,2683,1548,57.70
20,182,APTECHT,EQ,227408,93913,41.30
20,183,APTUS,EQ,257616,121926,47.33
20,184,ARABIAN,SM,62000,54000,87.10
20,185,ARCHIDPLY,EQ,103866,35253,33.94
20,186,ARCHIES,EQ,109285,26513,24.26
20,187,ARHAM,SM,27000,24000,88.89
20,188,ARIES,EQ,74522,33973,45.59
20,189,ARIHANTACA,SM,1600,1600,100.00
20,190,ARIHANTCAP,EQ,233530,135506,58.03
20,191,ARIHANTSUP,EQ,95665,36498,38.15
20,192,ARISTO,SM,16000,12800,80.00
20,193,ARMANFIN,EQ,8997,4453,49.49
20,194,ARROWGREEN,EQ,86108,34273,39.80
20,195,ARTEMISMED,EQ,318237,150026,47.14
20,196,ARTNIRMAN,EQ,1651,1086,65.78
20,197,ARVEE,EQ,2737,1043,38.11
20,198,ARVIND,EQ,994735,340014,34.18
20,199,ARVINDFASN,EQ,427999,173901,40.63
20,200,ARVSMART,EQ,73484,31081,42.30
20,201,ASAHIINDIA,EQ,59869,26699,44.60
20,202,ASAHISONG,EQ,30240,23914,79.08
20,203,ASAL,EQ,29527,14525,49.19
20,204,ASALCBR,EQ,78444,43208,55.08
20,205,ASHIANA,EQ,126293,62757,49.69
20,206,ASHIMASYN,EQ,327646,158210,48.29
20,207,ASHOKA,EQ,3713278,918691,24.74
20,208,ASHOKAMET,EQ,17687,10969,62.02
20,209,ASHOKLEY,EQ,5001214,2059124,41.17
20,210,ASIANENE,EQ,76478,43959,57.48
20,211,ASIANHOTNR,EQ,3923,2478,63.17
20,212,ASIANPAINT,EQ,1834111,969111,52.84
20,213,ASIANTILES,EQ,3555356,1018347,28.64
20,214,ASLIND,SM,8000,8000,100.00
20,215,ASPINWALL,EQ,5869,4908,83.63
20,216,ASTEC,EQ,14033,6991,49.82
20,217,ASTERDM,EQ,1043461,470041,45.05
20,218,ASTRAL,EQ,675909,400431,59.24
20,219,ASTRAMICRO,EQ,699908,195820,27.98
20,220,ASTRAZEN,EQ,11076,5832,52.65
20,221,ATAM,EQ,12438,7055,56.72
20,222,ATFL,EQ,3613,1894,52.42
20,223,ATGL,EQ,1111655,440205,39.60
20,224,ATL,EQ,2095301,850529,40.59
20,225,ATUL,EQ,84307,54559,64.71
20,226,ATULAUTO,EQ,448166,151383,33.78
20,227,AUBANK,EQ,2065324,814447,39.43
20,228,AURDIS,SM,6000,6000,100.00
20,229,AUROIMPEX,SM,27200,22400,82.35
20,230,AUROPHARMA,EQ,1937880,1086709,56.08
20,231,AURUM,EQ,149679,78506,52.45
20,232,AURUMPP,E1,17036,10688,62.74
20,233,AUTOAXLES,EQ,20989,10363,49.37
20,234,AUTOBEES,EQ,126758,76824,60.61
20,235,AVADHSUGAR,EQ,121425,41999,34.59
20,236,AVALON,EQ,3591889,1415717,39.41
20,237,AVANTIFEED,EQ,366879,117641,32.07
20,238,AVG,EQ,40677,19332,47.53
20,239,AVROIND,EQ,47376,17905,37.79
20,240,AVTNPL,EQ,436278,219773,50.37
20,241,AWHCL,EQ,992920,178332,17.96
20,242,AWL,EQ,1621419,637448,39.31
20,243,AXISBANK,EQ,17540495,8641291,49.26
20,244,AXISBNKETF,EQ,4228,3835,90.70
20,245,AXISBPSETF,EQ,17992,11719,65.13
20,246,AXISCADES,EQ,64686,34679,53.61
20,247,AXISCETF,EQ,512,287,56.05
20,248,AXISGOLD,EQ,153254,122036,79.63
20,249,AXISHCETF,EQ,3725,2013,54.04
20,250,AXISILVER,EQ,12369,9039,73.08
20,251,AXISNIFTY,EQ,20199,13877,68.70
20,252,AXISTECETF,EQ,2460,1511,61.42
20,253,AXSENSEX,EQ,2589,1360,52.53
20,254,AYMSYNTEX,EQ,11721,7017,59.87
20,255,BAHETI,SM,9000,9000,100.00
20,256,BAJAJ-AUTO,EQ,746266,475851,63.76
20,257,BAJAJCON,EQ,894072,239981,26.84
20,258,BAJAJELEC,EQ,30528,14377,47.09
20,259,BAJAJFINSV,EQ,1780025,921319,51.76
20,260,BAJAJHCARE,EQ,273634,98137,35.86
20,261,BAJAJHIND,EQ,51286926,12789089,24.94
20,262,BAJAJHLDNG,EQ,21099,10543,49.97
20,263,BAJFINANCE,EQ,1324630,725915,54.80
20,264,BALAJITELE,EQ,320442,118046,36.84
20,265,BALAMINES,EQ,42443,24128,56.85
20,266,BALAXI,EQ,1745,1214,69.57
20,267,BALKRISHNA,EQ,35666,18705,52.44
20,268,BALKRISIND,EQ,563889,226582,40.18
20,269,BALMLAWRIE,EQ,739833,265543,35.89
20,270,BALPHARMA,EQ,48516,18748,38.64
20,271,BALRAMCHIN,EQ,1738903,678153,39.00
20,272,BANARBEADS,EQ,6167,5259,85.28
20,273,BANARISUG,EQ,39743,7673,19.31
20,274,BANCOINDIA,EQ,125900,63402,50.36
20,275,BANDHANBNK,EQ,10920565,5214063,47.75
20,276,BANG,EQ,77262,29698,38.44
20,277,BANKA,EQ,9971,4916,49.30
20,278,BANKBARODA,EQ,29658835,12209676,41.17
20,279,BANKBEES,EQ,1262360,1059596,83.94
20,280,BANKETF,EQ,7902,7006,88.66
20,281,BANKINDIA,EQ,17580514,5904813,33.59
20,282,BANSWRAS,EQ,52188,28761,55.11
20,283,BARBEQUE,EQ,64819,38677,59.67
20,284,BASF,EQ,9722,5765,59.30
20,285,BASILIC,SM,96000,60000,62.50
20,286,BASML,EQ,108548,46755,43.07
20,287,BATAINDIA,EQ,178383,80874,45.34
20,288,BAYERCROP,EQ,9385,5757,61.34
20,289,BBETF0432,EQ,3314,3174,95.78
20,290,BBL,EQ,31761,13040,41.06
20,291,BBOX,EQ,965165,403151,41.77
20,292,BBTC,EQ,403687,76069,18.84
20,293,BBTCL,EQ,18855,14340,76.05
20,294,BCG,EQ,13283251,6540422,49.24
20,295,BCLIND,EQ,198143,88951,44.89
20,296,BDL,EQ,745841,216940,29.09
20,297,BECTORFOOD,EQ,715400,125536,17.55
20,298,BEL,EQ,18167694,10712203,58.96
20,299,BEML,EQ,300378,78085,26.00
20,300,BEPL,EQ,498720,228693,45.86
20,301,BERGEPAINT,EQ,3216925,1735700,53.96
20,302,BETA,SM,6200,4200,67.74
20,303,BEWLTD,SM,1250,1250,100.00
20,304,BFINVEST,EQ,36038,8752,24.29
20,305,BFSI,EQ,403579,367123,90.97
20,306,BFUTILITIE,EQ,185771,71837,38.67
20,307,BGRENERGY,EQ,454564,158721,34.92
20,308,BHAGCHEM,EQ,5300,3187,60.13
20,309,BHAGERIA,EQ,19298,7615,39.46
20,310,BHARATFORG,EQ,1236865,741209,59.93
20,311,BHARATGEAR,EQ,36809,19659,53.41
20,312,BHARATRAS,EQ,862,491,56.96
20,313,BHARATWIRE,EQ,397550,200918,50.54
20,314,BHARTIARTL,EQ,6595332,3981682,60.37
20,315,BHEL,EQ,18497619,3893585,21.05
20,316,BIGBLOC,EQ,137452,66130,48.11
20,317,BIKAJI,EQ,602536,428176,71.06
20,318,BIL,EQ,20557,8973,43.65
20,319,BIOCON,EQ,3304417,1564138,47.33
20,320,BIOFILCHEM,EQ,19317,8733,45.21
20,321,BIRET,RR,86783,74184,85.48
20,322,BIRLACABLE,EQ,176170,83069,47.15
20,323,BIRLACORPN,EQ,97743,53887,55.13
20,324,BIRLAMONEY,EQ,618269,256335,41.46
20,325,BLAL,EQ,96881,54417,56.17
20,326,BLBLIMITED,EQ,166919,82476,49.41
20,327,BLISSGVS,EQ,145807,73385,50.33
20,328,BLKASHYAP,EQ,788844,338374,42.89
20,329,BLS,EQ,2234238,824181,36.89
20,330,BLUEDART,EQ,13447,8349,62.09
20,331,BLUESTARCO,EQ,160222,90795,56.67
20,332,BMETRICS,SM,1600,1600,100.00
20,333,BODALCHEM,EQ,378029,151640,40.11
20,334,BOMDYEING,EQ,4529312,1282741,28.32
20,335,BOROLTD,EQ,91162,45334,49.73
20,336,BORORENEW,EQ,415195,194126,46.76
20,337,BOSCHLTD,EQ,23748,13222,55.68
20,338,BPCL,EQ,3871939,2096351,54.14
20,339,BRIGADE,EQ,145576,93442,64.19
20,340,BRIGHT,SM,246000,201000,81.71
20,341,BRITANNIA,EQ,488909,319036,65.25
20,342,BRITANNIA,N3,2899,2866,98.86
20,343,BRNL,EQ,145687,72831,49.99
20,344,BSE,EQ,6510271,1472516,22.62
20,345,BSHSL,EQ,19081,15176,79.53
20,346,BSL,EQ,6389,2710,42.42
20,347,BSLGOLDETF,EQ,890188,860536,96.67
20,348,BSLNIFTY,EQ,165108,130361,78.95
20,349,BSLSENETFG,EQ,1771,1730,97.68
20,350,BSOFT,EQ,2237755,750796,33.55
20,351,BTML,EQ,177241,139113,78.49
20,352,BURNPUR,EQ,173217,99763,57.59
20,353,BUTTERFLY,EQ,3143,1390,44.23
20,354,CADSYS,SM,2000,2000,100.00
20,355,CALSOFT,EQ,44909,33229,73.99
20,356,CAMLINFINE,EQ,370945,165947,44.74
20,357,CAMPUS,EQ,2318835,1396950,60.24
20,358,CAMS,EQ,168620,99858,59.22
20,359,CANARYS,SM,1172000,652000,55.63
20,360,CANBK,EQ,12237292,2943152,24.05
20,361,CANFINHOME,EQ,987386,458156,46.40
20,362,CANTABIL,EQ,19332,4963,25.67
20,363,CAPACITE,EQ,1103647,397784,36.04
20,364,CAPLIPOINT,EQ,89532,45657,51.00
20,365,CAPTRUST,EQ,32144,16975,52.81
20,366,CARBORUNIV,EQ,126744,70738,55.81
20,367,CARERATING,EQ,51509,23681,45.97
20,368,CARTRADE,EQ,151679,48970,32.29
20,369,CARYSIL,EQ,112585,62373,55.40
20,370,CASTROLIND,EQ,939971,442621,47.09
20,371,CCL,EQ,148312,83141,56.06
20,372,CDSL,EQ,1517577,503987,33.21
20,373,CEATLTD,EQ,303772,149468,49.20
20,374,CELEBRITY,EQ,2208495,679369,30.76
20,375,CELLECOR,SM,284400,176400,62.03
20,376,CELLPOINT,SM,10800,9600,88.89
20,377,CENTENKA,EQ,35959,19854,55.21
20,378,CENTRALBK,EQ,43148324,5317397,12.32
20,379,CENTRUM,EQ,503264,296402,58.90
20,380,CENTURYPLY,EQ,76124,33576,44.11
20,381,CENTURYTEX,EQ,184731,66854,36.19
20,382,CERA,EQ,29831,10715,35.92
20,383,CESC,EQ,3074312,1418510,46.14
20,384,CGCL,EQ,123173,44592,36.20
20,385,CGPOWER,EQ,2225309,1196268,53.76
20,386,CHALET,EQ,488379,110584,22.64
20,387,CHAMBLFERT,EQ,2254962,767192,34.02
20,388,CHAVDA,SM,122000,82000,67.21
20,389,CHEMBOND,EQ,50347,25806,51.26
20,390,CHEMCON,EQ,53262,24765,46.50
20,391,CHEMFAB,EQ,15543,7752,49.87
20,392,CHEMPLASTS,EQ,67697,33996,50.22
20,393,CHENNPETRO,EQ,3900049,1141817,29.28
20,394,CHEVIOT,EQ,14705,9709,66.03
20,395,CHOICEIN,EQ,252325,64085,25.40
20,396,CHOLAFIN,EQ,1472625,769251,52.24
20,397,CHOLAFIN,N0,20,20,100.00
20,398,CHOLAHLDNG,EQ,167764,132537,79.00
20,399,CIEINDIA,EQ,812035,531140,65.41
20,400,CIGNITITEC,EQ,178183,72486,40.68
20,401,CIPLA,EQ,2016469,1111381,55.12
20,402,CLEAN,EQ,84420,44060,52.19
20,403,CLEDUCATE,EQ,103224,62643,60.69
20,404,CLOUD,SM,1055000,527000,49.95
20,405,CLOUDPP,E1,1200,1200,100.00
20,406,CLSEL,EQ,178948,97593,54.54
20,407,CLSL,SM,82000,76000,92.68
20,408,CMNL,SM,51000,48000,94.12
20,409,CMSINFO,EQ,585038,253298,43.30
20,410,COALINDIA,EQ,8329092,3362629,40.37
20,411,COASTCORP,EQ,27121,13303,49.05
20,412,COCHINSHIP,EQ,4396619,565718,12.87
20,413,COFFEEDAY,EQ,2596883,761797,29.34
20,414,COFORGE,EQ,878546,500861,57.01
20,415,COLPAL,EQ,536277,283216,52.81
20,416,COMMITTED,ST,38400,38400,100.00
20,417,COMPINFO,EQ,214396,135168,63.05
20,418,COMPUSOFT,EQ,80246,51782,64.53
20,419,CONCOR,EQ,810939,401672,49.53
20,420,CONCORDBIO,EQ,124140,62222,50.12
20,421,CONFIPET,EQ,1244005,466394,37.49
20,422,CONSOFINVT,EQ,50491,22034,43.64
20,423,CONSUMBEES,EQ,36355,25674,70.62
20,424,CONTROLPR,EQ,122290,57754,47.23
20,425,COOLCAPS,SM,1500,1000,66.67
20,426,CORALFINAC,EQ,310043,74232,23.94
20,427,CORDSCABLE,EQ,87566,41371,47.25
20,428,COROMANDEL,EQ,867029,303272,34.98
20,429,COSMOFIRST,EQ,48580,26070,53.66
20,430,COUNCODOS,EQ,87774,48606,55.38
20,431,CPS,SM,600,600,100.00
20,432,CPSEETF,EQ,1763528,1421136,80.58
20,433,CRAFTSMAN,EQ,55955,27766,49.62
20,434,CRAYONS,SM,18000,16000,88.89
20,435,CREATIVE,EQ,10681,6924,64.83
20,436,CREATIVEYE,EQ,2936,2686,91.49
20,437,CREDITACC,EQ,731487,372788,50.96
20,438,CREDITACC,N1,264,264,100.00
20,439,CREDITACC,N3,100,100,100.00
20,440,CREDITACC,N4,365,200,54.79
20,441,CREDITACC,N5,3,3,100.00
20,442,CREDITACC,ND,117,117,100.00
20,443,CREST,EQ,18177,9980,54.90
20,444,CRISIL,EQ,41009,18452,45.00
20,445,CROMPTON,EQ,1978362,1080579,54.62
20,446,CROWN,EQ,33489,27342,81.64
20,447,CSBBANK,EQ,273902,124045,45.29
20,448,CSLFINANCE,EQ,34449,21465,62.31
20,449,CTE,EQ,118440,23953,20.22
20,450,CUB,EQ,4206648,1782434,42.37
20,451,CUBEXTUB,EQ,57380,31078,54.16
20,452,CUMMINSIND,EQ,694676,446851,64.33
20,453,CUPID,EQ,311590,66088,21.21
20,454,CYBERTECH,EQ,133688,41045,30.70
20,455,CYIENT,EQ,699775,388567,55.53
20,456,CYIENTDLM,EQ,295771,108239,36.60
20,457,DAAWAT,EQ,1548135,601125,38.83
20,458,DABUR,EQ,2400780,1763329,73.45
20,459,DALBHARAT,EQ,242006,131493,54.33
20,460,DALMIASUG,EQ,100657,26506,26.33
20,461,DAMODARIND,EQ,206359,51341,24.88
20,462,DATAMATICS,EQ,143415,52666,36.72
20,463,DATAPATTNS,EQ,261383,99639,38.12
20,464,DBCORP,EQ,508185,169334,33.32
20,465,DBL,EQ,1421408,230524,16.22
20,466,DBOL,EQ,411343,127112,30.90
20,467,DBREALTY,EQ,2013945,1174834,58.33
20,468,DCAL,EQ,411567,147993,35.96
20,469,DCBBANK,EQ,1387295,629805,45.40
20,470,DCMNVL,EQ,29211,16683,57.11
20,471,DCMSHRIRAM,EQ,43958,10437,23.74
20,472,DCMSRIND,EQ,214703,115402,53.75
20,473,DCW,EQ,3983567,1796033,45.09
20,474,DCXINDIA,EQ,518440,187172,36.10
20,475,DECCANCE,EQ,13728,8338,60.74
20,476,DEEPAKFERT,EQ,786565,329893,41.94
20,477,DEEPAKNTR,EQ,266494,118148,44.33
20,478,DEEPINDS,EQ,249050,100698,40.43
20,479,DELHIVERY,EQ,595705,372443,62.52
20,480,DELPHIFX,EQ,9036,4510,49.91
20,481,DELTACORP,EQ,7557993,2589877,34.27
20,482,DEN,EQ,3193466,950723,29.77
20,483,DENEERS,SM,14400,10800,75.00
20,484,DENORA,EQ,20046,10269,51.23
20,485,DENTALKART,SM,27000,21000,77.78
20,486,DESTINY,ST,24000,24000,100.00
20,487,DEVIT,EQ,75457,48252,63.95
20,488,DEVYANI,EQ,3162763,2017892,63.80
20,489,DGCONTENT,EQ,5450,3311,60.75
20,490,DHAMPURSUG,EQ,811554,163083,20.10
20,491,DHANBANK,EQ,3622987,2052178,56.64
20,492,DHANILOANS,N6,203,203,100.00
20,493,DHANILOANS,N7,92,91,98.91
20,494,DHANILOANS,N8,2,2,100.00
20,495,DHANILOANS,NP,1,1,100.00
20,496,DHANILOANS,NU,98,98,100.00
20,497,DHANILOANS,NX,11,11,100.00
20,498,DHANUKA,EQ,29947,14301,47.75
20,499,DHARMAJ,EQ,177972,81834,45.98
20,500,DHRUV,EQ,90620,31275,34.51
20,501,DHUNINV,EQ,7499,3546,47.29
20,502,DIAMINESQ,EQ,8112,3921,48.34
20,503,DIAMONDYD,EQ,12680,8354,65.88
20,504,DICIND,EQ,3235,1604,49.58
20,505,DIGIKORE,SM,26400,21600,81.82
20,506,DISHTV,EQ,12058605,3237566,26.85
20,507,DIVGIITTS,EQ,34226,11950,34.91
20,508,DIVISLAB,EQ,538755,250374,46.47
20,509,DIVOPPBEES,EQ,31424,22124,70.40
20,510,DIXON,EQ,433669,160890,37.10
20,511,DJML,EQ,3692,2803,75.92
20,512,DKEGL,SM,9000,9000,100.00
20,513,DLF,EQ,4361390,2347571,53.83
20,514,DLINKINDIA,EQ,221165,69214,31.30
20,515,DMART,EQ,289964,169509,58.46
20,516,DMCC,EQ,138420,120974,87.40
20,517,DODLA,EQ,141481,53278,37.66
20,518,DOLATALGO,EQ,334512,150241,44.91
20,519,DOLLAR,EQ,70508,33179,47.06
20,520,DOLLEX,SM,40000,24000,60.00
20,521,DONEAR,EQ,379969,112614,29.64
20,522,DPABHUSHAN,EQ,66308,41097,61.98
20,523,DPSCLTD,EQ,220938,99584,45.07
20,524,DPWIRES,EQ,39322,10019,25.48
20,525,DRCSYSTEMS,EQ,43959,14031,31.92
20,526,DREAMFOLKS,EQ,605494,272107,44.94
20,527,DREDGECORP,EQ,137902,48370,35.08
20,528,DRONE,SM,74000,56000,75.68
20,529,DRREDDY,EQ,308829,130913,42.39
20,530,DSPBANKETF,EQ,9936,9738,98.01
20,531,DSPGOLDETF,EQ,22717,11350,49.96
20,532,DSPITETF,EQ,8716,4262,48.90
20,533,DSPN50ETF,EQ,2387,2069,86.68
20,534,DSPNEWETF,EQ,120980,116554,96.34
20,535,DSPPSBKETF,EQ,2898,2568,88.61
20,536,DSPPVBKETF,EQ,7378,7352,99.65
20,537,DSPQ50ETF,EQ,9431,7027,74.51
20,538,DSPSENXETF,EQ,725,528,72.83
20,539,DSPSILVETF,EQ,6615,4796,72.50
20,540,DSSL,EQ,49580,23803,48.01
20,541,DTIL,EQ,11547,6035,52.26
20,542,DUCOL,SM,12800,11200,87.50
20,543,DUGLOBAL,SM,20000,15000,75.00
20,544,DVL,EQ,89338,40192,44.99
20,545,DWARKESH,EQ,2051864,786066,38.31
20,546,DYNAMATECH,EQ,23919,12906,53.96
20,547,DYNAMIC,SM,30000,24000,80.00
20,548,DYNPRO,EQ,24724,15848,64.10
20,549,EASEMYTRIP,EQ,11349431,4222217,37.20
20,550,EBBETF0425,EQ,20856,20525,98.41
20,551,EBBETF0430,EQ,13958,13684,98.04
20,552,EBBETF0431,EQ,10979,10754,97.95
20,553,EBBETF0433,EQ,4683,4022,85.89
20,554,ECLERX,EQ,92777,53761,57.95
20,555,ECLFINANCE,NJ,80,80,100.00
20,556,ECLFINANCE,NK,15,10,66.67
20,557,ECLFINANCE,NO,1609,1569,97.51
20,558,ECLFINANCE,NP,269,232,86.25
20,559,ECLFINANCE,NQ,151,151,100.00
20,560,ECLFINANCE,NR,551,529,96.01
20,561,ECLFINANCE,NS,1,1,100.00
20,562,EDELWEISS,EQ,4097116,1501453,36.65
20,563,EFACTOR,SM,100800,72000,71.43
20,564,EICHERMOT,EQ,428619,220457,51.43
20,565,EIDPARRY,EQ,358345,166188,46.38
20,566,EIFFL,EQ,48237,43855,90.92
20,567,EIHAHOTELS,EQ,35448,15843,44.69
20,568,EIHOTEL,EQ,733831,367503,50.08
20,569,EIMCOELECO,EQ,24427,14054,57.53
20,570,EKC,EQ,536517,239180,44.58
20,571,ELDEHSG,EQ,3954,2148,54.32
20,572,ELECON,EQ,543502,168854,31.07
20,573,ELECTCAST,EQ,6110195,2103588,34.43
20,574,ELGIEQUIP,EQ,139824,69962,50.04
20,575,ELIN,EQ,334661,146691,43.83
20,576,EMAMILTD,EQ,265351,135652,51.12
20,577,EMAMIPAP,EQ,30314,12990,42.85
20,578,EMAMIREAL,EQ,380829,179028,47.01
20,579,EMBASSY,RR,1438982,1407551,97.82
20,580,EMIL,EQ,1994561,1087829,54.54
20,581,EMKAY,EQ,49382,25706,52.06
20,582,EMKAYTOOLS,SM,600,600,100.00
20,583,EMMBI,EQ,120982,65282,53.96
20,584,EMSLIMITED,EQ,519697,233224,44.88
20,585,EMUDHRA,EQ,110256,38174,34.62
20,586,ENDURANCE,EQ,212041,179596,84.70
20,587,ENERGYDEV,EQ,187623,128117,68.28
20,588,ENGINERSIN,EQ,6455880,2927199,45.34
20,589,ENIL,EQ,104904,30766,29.33
20,590,EPIGRAL,EQ,52461,28406,54.15
20,591,EPL,EQ,545653,312886,57.34
20,592,EQUITASBNK,EQ,6507185,2307551,35.46
20,593,ERFLNCDI,N6,180,180,100.00
20,594,ERIS,EQ,169210,136581,80.72
20,595,EROSMEDIA,EQ,837228,514889,61.50
20,596,ESABINDIA,EQ,9951,4320,43.41
20,597,ESCORTS,EQ,364803,144325,39.56
20,598,ESFL,SM,63600,51600,81.13
20,599,ESG,EQ,150385,135525,90.12
20,600,ESTER,EQ,82172,49557,60.31
20,601,ETHOSLTD,EQ,49590,28059,56.58
20,602,EUROBOND,SM,17000,16000,94.12
20,603,EVEREADY,EQ,91183,37365,40.98
20,604,EVERESTIND,EQ,11891,4476,37.64
20,605,EXCELINDUS,EQ,9476,5659,59.72
20,606,EXIDEIND,EQ,2212835,844541,38.17
20,607,EXPLEOSOL,EQ,23251,11814,50.81
20,608,EXXARO,EQ,178867,82125,45.91
20,609,FACT,EQ,1297473,189093,14.57
20,610,FAIRCHEMOR,EQ,22552,9404,41.70
20,611,FAZE3Q,EQ,203507,80139,39.38
20,612,FCL,EQ,314257,122246,38.90
20,613,FCSSOFT,EQ,10772003,4172407,38.73
20,614,FDC,EQ,108005,43039,39.85
20,615,FEDERALBNK,EQ,19469168,9113265,46.81
20,616,FELIX,SM,10000,9000,90.00
20,617,FIBERWEB,EQ,46349,26778,57.77
20,618,FIDEL,SM,12000,12000,100.00
20,619,FIEMIND,EQ,36779,15902,43.24
20,620,FILATEX,EQ,1615603,1128884,69.87
20,621,FINCABLES,EQ,512225,272910,53.28
20,622,FINEORG,EQ,21854,14442,66.08
20,623,FINOPB,EQ,54959,22750,41.39
20,624,FINPIPE,EQ,829693,325646,39.25
20,625,FIVESTAR,EQ,336480,206727,61.44
20,626,FLUOROCHEM,EQ,152360,66495,43.64
20,627,FMGOETZE,EQ,91724,52140,56.84
20,628,FOCE,SM,9000,9000,100.00
20,629,FOCUS,EQ,315412,186581,59.15
20,630,FOODSIN,EQ,1015025,399198,39.33
20,631,FORTIS,EQ,4607990,3786545,82.17
20,632,FOSECOIND,EQ,2972,1921,64.64
20,633,FROG,SM,18400,15200,82.61
20,634,FSL,EQ,2300319,861300,37.44
20,635,FUSION,EQ,500227,320758,64.12
20,636,GABRIEL,EQ,730500,279459,38.26
20,637,GAEL,EQ,1423788,303145,21.29
20,638,GAIL,EQ,13170505,6376989,48.42
20,639,GALAXYSURF,EQ,17519,8890,50.74
20,640,GALLANTT,EQ,186690,83127,44.53
20,641,GANDHITUBE,EQ,7728,3435,44.45
20,642,GANECOS,EQ,51935,24340,46.87
20,643,GANESHBE,EQ,133513,81648,61.15
20,644,GANESHHOUC,EQ,85028,41584,48.91
20,645,GANGESSECU,EQ,11734,6616,56.38
20,646,GARFIBRES,EQ,14509,8625,59.45
20,647,GATEWAY,EQ,798091,458905,57.50
20,648,GATI,EQ,452438,151571,33.50
20,649,GEECEE,EQ,32056,17781,55.47
20,650,GENCON,EQ,285346,143392,50.25
20,651,GENESYS,EQ,33315,14248,42.77
20,652,GENSOL,EQ,70953,25459,35.88
20,653,GENUSPAPER,EQ,1092216,288522,26.42
20,654,GENUSPOWER,EQ,808108,431979,53.46
20,655,GEOJITFSL,EQ,573498,247435,43.14
20,656,GEPIL,EQ,370106,181100,48.93
20,657,GESHIP,EQ,282196,100867,35.74
20,658,GFLLIMITED,EQ,256907,106759,41.56
20,659,GHCL,EQ,278866,152517,54.69
20,660,GHCLTEXTIL,EQ,630349,312799,49.62
20,661,GICHSGFIN,EQ,360742,102398,28.39
20,662,GICL,SM,3000,3000,100.00
20,663,GICRE,EQ,604218,255973,42.36
20,664,GILLETTE,EQ,13781,7349,53.33
20,665,GILT5YBEES,EQ,576125,381625,66.24
20,666,GIPCL,EQ,1508086,528793,35.06
20,667,GIRIRAJ,SM,600,600,100.00
20,668,GKWLIMITED,EQ,12028,6831,56.79
20,669,GLAND,EQ,257149,93413,36.33
20,670,GLAXO,EQ,63644,39804,62.54
20,671,GLENMARK,EQ,884483,348552,39.41
20,672,GLFL,EQ,8610,8610,100.00
20,673,GLOBAL,EQ,28216,15003,53.17
20,674,GLOBALPET,SM,9000,9000,100.00
20,675,GLOBALVECT,EQ,78677,29397,37.36
20,676,GLOBUSSPR,EQ,181268,117441,64.79
20,677,GLS,EQ,198479,127036,64.00
20,678,GMBREW,EQ,46489,18340,39.45
20,679,GMDCLTD,EQ,8466850,1601716,18.92
20,680,GMMPFAUDLR,EQ,166357,107192,64.43
20,681,GMRINFRA,EQ,7448507,2259514,30.34
20,682,GMRP&UI,EQ,2353388,1348423,57.30
20,683,GNA,EQ,76945,37126,48.25
20,684,GNFC,EQ,1057608,286318,27.07
20,685,GOACARBON,EQ,44543,17361,38.98
20,686,GOCLCORP,EQ,306764,162115,52.85
20,687,GOCOLORS,EQ,64326,43071,66.96
20,688,GODFRYPHLP,EQ,134585,38737,28.78
20,689,GODREJAGRO,EQ,116252,58724,50.51
20,690,GODREJCP,EQ,652068,453280,69.51
20,691,GODREJIND,EQ,271139,134573,49.63
20,692,GODREJPROP,EQ,551320,309997,56.23
20,693,GOKEX,EQ,500933,221560,44.23
20,694,GOKUL,EQ,2090077,446821,21.38
20,695,GOKULAGRO,EQ,156881,80313,51.19
20,696,GOLDBEES,EQ,8832646,6719277,76.07
20,697,GOLDETF,EQ,27055,19184,70.91
20,698,GOLDIAM,EQ,233306,103558,44.39
20,699,GOLDSHARE,EQ,990016,947540,95.71
20,700,GOLDSTAR,SM,45000,45000,100.00
20,701,GOODLUCK,EQ,177623,78516,44.20
20,702,GOYALSALT,SM,159000,102000,64.15
20,703,GPIL,EQ,522158,255256,48.88
20,704,GPPL,EQ,1410193,459153,32.56
20,705,GRANULES,EQ,756435,338467,44.75
20,706,GRAPHITE,EQ,1355152,417883,30.84
20,707,GRASIM,EQ,1136566,615820,54.18
20,708,GRAVITA,EQ,275870,122790,44.51
20,709,GRCL,ST,4000,4000,100.00
20,710,GREAVESCOT,EQ,761478,338116,44.40
20,711,GREENCHEF,SM,30400,25600,84.21
20,712,GREENLAM,EQ,43335,15156,34.97
20,713,GREENPANEL,EQ,286639,134787,47.02
20,714,GREENPLY,EQ,130866,63669,48.65
20,715,GRINDWELL,EQ,45342,30969,68.30
20,716,GRINFRA,EQ,119735,107429,89.72
20,717,GRMOVER,EQ,68418,29097,42.53
20,718,GROBTEA,EQ,147,61,41.50
20,719,GRPLTD,EQ,575,475,82.61
20,720,GRSE,EQ,2838282,388955,13.70
20,721,GRWRHITECH,EQ,53315,28073,52.65
20,722,GSEC10YEAR,EQ,2,1,50.00
20,723,GSFC,EQ,4935403,1195666,24.23
20,724,GSLSU,EQ,494434,166969,33.77
20,725,GSPL,EQ,866447,517452,59.72
20,726,GSS,EQ,33621,10324,30.71
20,727,GSTL,SM,7000,5000,71.43
20,728,GTLINFRA,EQ,24694145,21446099,86.85
20,729,GTPL,EQ,185841,115464,62.13
20,730,GUFICBIO,EQ,163608,76866,46.98
20,731,GUJALKALI,EQ,130962,51342,39.20
20,732,GUJGASLTD,EQ,1569194,1001756,63.84
20,733,GULFOILLUB,EQ,1020643,204182,20.01
20,734,GULPOLY,EQ,62571,24640,39.38
20,735,HAL,EQ,1478145,665080,44.99
20,736,HAPPSTMNDS,EQ,297809,152027,51.05
20,737,HARDWYN,EQ,103271,58030,56.19
20,738,HARIOMPIPE,EQ,109282,49327,45.14
20,739,HARRMALAYA,EQ,33780,19551,57.88
20,740,HARSHA,EQ,83704,49697,59.37
20,741,HATHWAY,EQ,11492067,2585252,22.50
20,742,HATSUN,EQ,34418,13603,39.52
20,743,HAVELLS,EQ,758444,391387,51.60
20,744,HBLPOWER,EQ,2115450,845817,39.98
20,745,HBSL,EQ,85205,8997,10.56
20,746,HCC,EQ,48383482,11644951,24.07
20,747,HCG,EQ,118907,72792,61.22
20,748,HCLTECH,EQ,4617424,3037087,65.77
20,749,HDFCAMC,EQ,582680,275415,47.27
20,750,HDFCBANK,EQ,27780899,16371972,58.93
20,751,HDFCBSE500,EQ,8643,5699,65.94
20,752,HDFCGOLD,EQ,1101026,878509,79.79
20,753,HDFCGROWTH,EQ,10002,9268,92.66
20,754,HDFCLIFE,EQ,2011512,1033941,51.40
20,755,HDFCLIQUID,EQ,6979,6489,92.98
20,756,HDFCLOWVOL,EQ,17187,9484,55.18
20,757,HDFCMID150,EQ,225206,118944,52.82
20,758,HDFCMOMENT,EQ,42283,24559,58.08
20,759,HDFCNEXT50,EQ,28708,19061,66.40
20,760,HDFCNIF100,EQ,32013,28117,87.83
20,761,HDFCNIFBAN,EQ,6310,4773,75.64
20,762,HDFCNIFIT,EQ,3820,3114,81.52
20,763,HDFCNIFTY,EQ,106689,93544,87.68
20,764,HDFCPVTBAN,EQ,1659,1308,78.84
20,765,HDFCQUAL,EQ,2927,2588,88.42
20,766,HDFCSENSEX,EQ,10383,9024,86.91
20,767,HDFCSILVER,EQ,184072,152710,82.96
20,768,HDFCSML250,EQ,301071,203743,67.67
20,769,HDFCVALUE,EQ,10650,4307,40.44
20,770,HEADSUP,EQ,881329,321624,36.49
20,771,HEALTHY,EQ,92851,64722,69.71
20,772,HECPROJECT,EQ,7995,5718,71.52
20,773,HEG,EQ,328355,94509,28.78
20,774,HEIDELBERG,EQ,250149,170023,67.97
20,775,HEMIPROP,EQ,3780221,1274853,33.72
20,776,HERANBA,EQ,41544,19037,45.82
20,777,HERCULES,EQ,39887,14819,37.15
20,778,HERITGFOOD,EQ,804077,486264,60.47
20,779,HEROMOTOCO,EQ,461475,252088,54.63
20,780,HESTERBIO,EQ,1747,1021,58.44
20,781,HEUBACHIND,EQ,55892,23159,41.44
20,782,HEXATRADEX,EQ,9561,8045,84.14
20,783,HFCL,EQ,6922516,2406978,34.77
20,784,HGINFRA,EQ,91455,49291,53.90
20,785,HGS,EQ,19516,11302,57.91
20,786,HIGREEN,SM,483200,316800,65.56
20,787,HIKAL,EQ,177584,78694,44.31
20,788,HIL,EQ,12358,8235,66.64
20,789,HILTON,EQ,121725,33886,27.84
20,790,HIMATSEIDE,EQ,1647933,669338,40.62
20,791,HINDALCO,EQ,6625855,3315428,50.04
20,792,HINDCOMPOS,EQ,9083,5010,55.16
20,793,HINDCOPPER,EQ,4781118,1410202,29.50
20,794,HINDMOTORS,EQ,530984,271843,51.20
20,795,HINDOILEXP,EQ,1180470,455071,38.55
20,796,HINDPETRO,EQ,3201973,1543344,48.20
20,797,HINDUNILVR,EQ,2650560,1943446,73.32
20,798,HINDWAREAP,EQ,62634,31120,49.69
20,799,HINDZINC,EQ,557107,354808,63.69
20,800,HIRECT,EQ,46725,27605,59.08
20,801,HITECH,EQ,1864561,616435,33.06
20,802,HITECHCORP,EQ,31754,17407,54.82
20,803,HITECHGEAR,EQ,15850,8481,53.51
20,804,HLEGLAS,EQ,116771,68963,59.06
20,805,HLVLTD,EQ,1584572,660784,41.70
20,806,HMAAGRO,EQ,80751,46959,58.15
20,807,HMVL,EQ,306206,90930,29.70
20,808,HNDFDS,EQ,88381,54806,62.01
20,809,HNGSNGBEES,EQ,9098,6536,71.84
20,810,HOLMARC,SM,33000,24000,72.73
20,811,HOMEFIRST,EQ,167245,61686,36.88
20,812,HONAUT,EQ,4846,3087,63.70
20,813,HONDAPOWER,EQ,17807,5672,31.85
20,814,HOVS,EQ,53687,21238,39.56
20,815,HPAL,EQ,116995,35256,30.13
20,816,HPL,EQ,526385,229957,43.69
20,817,HSCL,EQ,2236006,1142468,51.09
20,818,HTMEDIA,EQ,1056863,483600,45.76
20,819,HUBTOWN,EQ,386429,187174,48.44
20,820,HUDCO,EQ,12573433,3259523,25.92
20,821,HUDCO,N2,940,940,100.00
20,822,HUDCO,N5,682,682,100.00
20,823,HUDCO,N8,1,1,100.00
20,824,HUDCO,ND,2334,2323,99.53
20,825,HUDCO,NE,75,75,100.00
20,826,HUHTAMAKI,EQ,294897,140704,47.71
20,827,IBREALEST,EQ,8719329,2466472,28.29
20,828,IBUCCREDIT,NS,160,100,62.50
20,829,IBULHSGFIN,AG,5,5,100.00
20,830,IBULHSGFIN,AN,10,10,100.00
20,831,IBULHSGFIN,AR,10,10,100.00
20,832,IBULHSGFIN,AT,14,12,85.71
20,833,IBULHSGFIN,BF,211,211,100.00
20,834,IBULHSGFIN,BJ,32,32,100.00
20,835,IBULHSGFIN,BV,30,30,100.00
20,836,IBULHSGFIN,EQ,15889638,4507849,28.37
20,837,IBULHSGFIN,N9,2,2,100.00
20,838,IBULHSGFIN,NA,135,135,100.00
20,839,IBULHSGFIN,NE,25,25,100.00
20,840,IBULHSGFIN,NN,26,26,100.00
20,841,IBULHSGFIN,NQ,250,250,100.00
20,842,IBULHSGFIN,NT,164,164,100.00
20,843,IBULHSGFIN,NY,50,50,100.00
20,844,IBULHSGFIN,YC,10,10,100.00
20,845,IBULHSGFIN,YK,72,72,100.00
20,846,IBULHSGFIN,YN,1,1,100.00
20,847,IBULHSGFIN,YT,5,5,100.00
20,848,IBULHSGFIN,YV,3,3,100.00
20,849,IBULHSGFIN,YX,20,20,100.00
20,850,IBULHSGFIN,Z9,4,4,100.00
20,851,IBULHSGFIN,ZP,91,91,100.00
20,852,IBULHSGFIN,ZR,5,5,100.00
20,853,IBULHSGFIN,ZS,3,3,100.00
20,854,IBULHSGFIN,ZU,5,5,100.00
20,855,IBULHSGFIN,ZW,50,50,100.00
20,856,ICEMAKE,EQ,98012,37428,38.19
20,857,ICICI10GS,EQ,9,5,55.56
20,858,ICICI500,EQ,104841,81997,78.21
20,859,ICICI5GSEC,EQ,1607,1060,65.96
20,860,ICICIALPLV,EQ,36332,34057,93.74
20,861,ICICIAUTO,EQ,14016,9544,68.09
20,862,ICICIB22,EQ,557818,414240,74.26
20,863,ICICIBANK,EQ,21693345,11847343,54.61
20,864,ICICIBANKN,EQ,1065947,717273,67.29
20,865,ICICIBANKP,EQ,64032,55620,86.86
20,866,ICICICOMMO,EQ,18897,14234,75.32
20,867,ICICICONSU,EQ,369798,359163,97.12
20,868,ICICIFIN,EQ,42757,31299,73.20
20,869,ICICIFMCG,EQ,43520,33678,77.39
20,870,ICICIGI,EQ,368083,192122,52.20
20,871,ICICIGOLD,EQ,1136406,858253,75.52
20,872,ICICIINFRA,EQ,20778,14610,70.31
20,873,ICICILIQ,EQ,257680,149414,57.98
20,874,ICICILOVOL,EQ,514948,496316,96.38
20,875,ICICIM150,EQ,88608,74957,84.59
20,876,ICICIMCAP,EQ,25869,15598,60.30
20,877,ICICIMOM30,EQ,141671,131380,92.74
20,878,ICICINF100,EQ,20212,17293,85.56
20,879,ICICINIFTY,EQ,545058,452385,83.00
20,880,ICICINV20,EQ,45388,33596,74.02
20,881,ICICINXT50,EQ,73222,50518,68.99
20,882,ICICIPHARM,EQ,17776,9485,53.36
20,883,ICICIPRULI,EQ,1031823,368246,35.69
20,884,ICICIQTY30,EQ,301509,300395,99.63
20,885,ICICISENSX,EQ,7610,6627,87.08
20,886,ICICISILVE,EQ,229902,166095,72.25
20,887,ICICITECH,EQ,246038,170310,69.22
20,888,ICIL,EQ,1029821,538245,52.27
20,889,ICRA,EQ,3189,1618,50.74
20,890,IDBI,EQ,9607459,2762433,28.75
20,891,IDEA,EQ,163742432,33443385,20.42
20,892,IDEAFORGE,EQ,495162,320679,64.76
20,893,IDFC,EQ,8688575,4180757,48.12
20,894,IDFCFIRSTB,EQ,51415393,19733499,38.38
20,895,IDFNIFTYET,EQ,526,494,93.92
20,896,IEX,EQ,4744258,1772950,37.37
20,897,IFBAGRO,EQ,4713,3115,66.09
20,898,IFBIND,EQ,14457,6617,45.77
20,899,IFCI,EQ,49505687,7955773,16.07
20,900,IFCI,NH,1070,1069,99.91
20,901,IFCI,NL,30,30,100.00
20,902,IFGLEXPOR,EQ,28979,13639,47.07
20,903,IGARASHI,EQ,52819,15198,28.77
20,904,IGL,EQ,3330812,1554345,46.67
20,905,IGPL,EQ,33073,15210,45.99
20,906,IIFL,EQ,749481,379271,50.60
20,907,IIFL,N6,75,75,100.00
20,908,IIFL,NC,133,133,100.00
20,909,IIFL,NE,106,106,100.00
20,910,IIFL,NF,1606,1430,89.04
20,911,IIFL,NG,737,737,100.00
20,912,IIFL,NJ,10,10,100.00
20,913,IIFL,NL,961,959,99.79
20,914,IIFL,NM,1,1,100.00
20,915,IIFL,NO,417,242,58.03
20,916,IIFL,NR,4,4,100.00
20,917,IIFL,NS,2668,2668,100.00
20,918,IIFL,NU,6798,6539,96.19
20,919,IIFL,NW,310,310,100.00
20,920,IIFL,NZ,460,460,100.00
20,921,IIFL,Y0,58,58,100.00
20,922,IIFLSEC,EQ,3953597,770041,19.48
20,923,IIHFL,N5,1722,1722,100.00
20,924,IIHFL,N6,10,10,100.00
20,925,IIHFL,N7,9,9,100.00
20,926,IIHFL,N8,1,1,100.00
20,927,IIHFL,N9,440,440,100.00
20,928,IIHFL,NA,18,18,100.00
20,929,IIHFL,NC,327,327,100.00
20,930,IIHFL,NE,10,10,100.00
20,931,IITL,EQ,19450,10413,53.54
20,932,IKIO,EQ,355742,132212,37.17
20,933,IMAGICAA,EQ,1834363,821133,44.76
20,934,IMC1,N0,1,1,100.00
20,935,IMC1,N1,20,20,100.00
20,936,IMFA,EQ,178366,83462,46.79
20,937,IMPAL,EQ,2067,1612,77.99
20,938,INCREDFIN,N2,61,61,100.00
20,939,INCREDFIN,N4,25,25,100.00
20,940,INDHOTEL,EQ,6679568,4166063,62.37
20,941,INDIACEM,EQ,2742828,637207,23.23
20,942,INDIAGLYCO,EQ,98205,53034,54.00
20,943,INDIAMART,EQ,143111,76744,53.63
20,944,INDIANB,EQ,2057125,707285,34.38
20,945,INDIANCARD,EQ,7696,4446,57.77
20,946,INDIANHUME,EQ,97563,61353,62.89
20,947,INDIGO,EQ,755290,521643,69.07
20,948,INDIGOPNTS,EQ,171204,57532,33.60
20,949,INDIGRID,IV,315718,272917,86.44
20,950,INDIGRID,NJ,1504,1304,86.70
20,951,INDNIPPON,EQ,20077,10800,53.79
20,952,INDOAMIN,EQ,77004,35036,45.50
20,953,INDOCO,EQ,268571,162784,60.61
20,954,INDORAMA,EQ,294501,123471,41.93
20,955,INDOTHAI,EQ,1487,1046,70.34
20,956,INDSWFTLAB,EQ,162575,101676,62.54
20,957,INDTERRAIN,EQ,234330,149366,63.74
20,958,INDUSINDBK,EQ,4194418,1430738,34.11
20,959,INDUSTOWER,EQ,9398072,2944220,31.33
20,960,INFIBEAM,EQ,26863511,6517356,24.26
20,961,INFINIUM,SM,6000,6000,100.00
20,962,INFOBEAN,EQ,23339,11970,51.29
20,963,INFOLLION,SM,16000,11200,70.00
20,964,INFRABEES,EQ,11491,8567,74.55
20,965,INFY,EQ,6357656,3628009,57.07
20,966,INGERRAND,EQ,21745,10328,47.50
20,967,INNOVANA,SM,29600,27600,93.24
20,968,INNOVATIVE,SM,33000,33000,100.00
20,969,INOXGREEN,EQ,1118256,380334,34.01
20,970,INOXWIND,EQ,1893654,641821,33.89
20,971,INSECTICID,EQ,31442,19819,63.03
20,972,INSPIRE,SM,8000,6000,75.00
20,973,INTELLECT,EQ,336125,155333,46.21
20,974,INTENTECH,EQ,70660,41434,58.64
20,975,INTLCONV,EQ,343053,160521,46.79
20,976,INVENTURE,EQ,3106130,1746075,56.21
20,977,IOB,EQ,97417425,6790802,6.97
20,978,IOC,EQ,10108394,5358915,53.01
20,979,IOLCP,EQ,315228,119382,37.87
20,980,IONEXCHANG,EQ,319806,154387,48.28
20,981,IPCALAB,EQ,681224,361544,53.07
20,982,IPL,EQ,749053,174589,23.31
20,983,IPSL,SM,6000,6000,100.00
20,984,IRB,EQ,47421840,11707542,24.69
20,985,IRBINVIT,IV,253772,224126,88.32
20,986,IRCON,EQ,27766483,5587218,20.12
20,987,IRCTC,EQ,1821947,820701,45.05
20,988,IREDA,N4,30,30,100.00
20,989,IRFC,EQ,109965024,25740605,23.41
20,990,IRFC,N2,1437,818,56.92
20,991,IRFC,N6,10,10,100.00
20,992,IRFC,N9,225,225,100.00
20,993,IRFC,NA,630,630,100.00
20,994,IRFC,NB,100,100,100.00
20,995,IRFC,NE,110,110,100.00
20,996,IRFC,NI,160,160,100.00
20,997,IRFC,NJ,100,100,100.00
20,998,IRFC,NK,300,200,66.67
20,999,IRFC,NN,86,86,100.00
20,1000,IRFC,NO,2044,2006,98.14
20,1001,IRISDOREME,EQ,97019,38036,39.20
20,1002,IRMENERGY,EQ,5429213,2025057,37.30
20,1003,ISEC,EQ,474108,287488,60.64
20,1004,ISFT,EQ,117897,53272,45.19
20,1005,ISGEC,EQ,80830,30245,37.42
20,1006,ISHAN,SM,65600,64000,97.56
20,1007,ISMTLTD,EQ,601767,220856,36.70
20,1008,ITBEES,EQ,6993128,5412907,77.40
20,1009,ITC,EQ,18801214,11527415,61.31
20,1010,ITDC,EQ,182597,54000,29.57
20,1011,ITDCEM,EQ,1517370,750912,49.49
20,1012,ITI,EQ,7124413,924831,12.98
20,1013,IVP,EQ,10471,7263,69.36
20,1014,IVZINGOLD,EQ,27,17,62.96
20,1015,IVZINNIFTY,EQ,1,1,100.00
20,1016,IWEL,EQ,8709,5496,63.11
20,1017,JAGRAN,EQ,402297,165718,41.19
20,1018,JAGSNPHARM,EQ,13465,7755,57.59
20,1019,JAICORPLTD,EQ,3937013,1079460,27.42
20,1020,JAINAM,SM,4000,4000,100.00
20,1021,JAIPURKURT,EQ,40890,30557,74.73
20,1022,JALAN,SM,12000,12000,100.00
20,1023,JAMNAAUTO,EQ,1737814,839167,48.29
20,1024,JASH,EQ,13883,8294,59.74
20,1025,JAYAGROGN,EQ,26254,15782,60.11
20,1026,JAYBARMARU,EQ,171081,70771,41.37
20,1027,JAYNECOIND,EQ,683837,383481,56.08
20,1028,JAYSREETEA,EQ,61617,22501,36.52
20,1029,JBCHEPHARM,EQ,146348,73254,50.05
20,1030,JCHAC,EQ,27971,11470,41.01
20,1031,JFLLIFE,SM,8000,4000,50.00
20,1032,JHS,EQ,145453,104662,71.96
20,1033,JINDALPHOT,EQ,126389,47982,37.96
20,1034,JINDALPOLY,EQ,54776,18640,34.03
20,1035,JINDALSAW,EQ,5259019,2437808,46.35
20,1036,JINDALSTEL,EQ,2320101,996700,42.96
20,1037,JINDRILL,EQ,73976,33332,45.06
20,1038,JINDWORLD,EQ,437498,54493,12.46
20,1039,JIOFIN,EQ,23734035,11665484,49.15
20,1040,JISLJALEQS,EQ,5314183,2409781,45.35
20,1041,JIWANRAM,SM,120000,102000,85.00
20,1042,J&KBANK,EQ,5478177,1257658,22.96
20,1043,JKCEMENT,EQ,71404,29404,41.18
20,1044,JKIL,EQ,350882,209284,59.65
20,1045,JKLAKSHMI,EQ,162544,91612,56.36
20,1046,JKPAPER,EQ,1114324,391068,35.09
20,1047,JKTYRE,EQ,1628631,413508,25.39
20,1048,JLHL,EQ,53385,32572,61.01
20,1049,JMA,EQ,53602,37825,70.57
20,1050,JMFINANCIL,EQ,3819982,832039,21.78
20,1051,JOCIL,EQ,18344,10177,55.48
20,1052,JPASSOCIAT,EQ,35427267,10703842,30.21
20,1053,JPOLYINVST,EQ,52886,11736,22.19
20,1054,JPPOWER,EQ,119482274,25039010,20.96
20,1055,JSL,EQ,1009902,604638,59.87
20,1056,JSLL,SM,11000,7500,68.18
20,1057,JSWENERGY,EQ,11514552,3419704,29.70
20,1058,JSWHL,EQ,55108,51592,93.62
20,1059,JSWINFRA,EQ,5038029,1885382,37.42
20,1060,JSWSTEEL,EQ,2519570,1289098,51.16
20,1061,JTEKTINDIA,EQ,155923,89424,57.35
20,1062,JTLIND,EQ,685354,261708,38.19
20,1063,JUBLFOOD,EQ,10081408,4069344,40.36
20,1064,JUBLINDS,EQ,18715,8444,45.12
20,1065,JUBLINGREA,EQ,167520,78465,46.84
20,1066,JUBLPHARMA,EQ,722560,270030,37.37
20,1067,JUNIORBEES,EQ,189225,144025,76.11
20,1068,JUSTDIAL,EQ,135588,49500,36.51
20,1069,JWL,EQ,1676552,699539,41.72
20,1070,JYOTHYLAB,EQ,1264939,602641,47.64
20,1071,KABRAEXTRU,EQ,97932,58314,59.55
20,1072,KAJARIACER,EQ,292645,186847,63.85
20,1073,KAKATCEM,EQ,17017,8180,48.07
20,1074,KALAMANDIR,EQ,1969486,1232357,62.57
20,1075,KALYANKJIL,EQ,5741348,2729870,47.55
20,1076,KAMATHOTEL,EQ,59531,39314,66.04
20,1077,KAMDHENU,EQ,177681,57882,32.58
20,1078,KANANIIND,EQ,354343,182505,51.51
20,1079,KANORICHEM,EQ,65161,43076,66.11
20,1080,KANPRPLA,EQ,17459,11010,63.06
20,1081,KANSAINER,EQ,342196,278361,81.35
20,1082,KAPSTON,EQ,21532,21467,99.70
20,1083,KARNIKA,ST,32000,28800,90.00
20,1084,KARURVYSYA,EQ,6360397,4364195,68.62
20,1085,KAYA,EQ,23452,10663,45.47
20,1086,KAYNES,EQ,170454,100456,58.93
20,1087,KBCGLOBAL,EQ,4104538,2052418,50.00
20,1088,KCK,SM,4000,4000,100.00
20,1089,KCP,EQ,653923,294151,44.98
20,1090,KDDL,EQ,41197,17031,41.34
20,1091,KDL,SM,14400,14400,100.00
20,1092,KEC,EQ,313979,79011,25.16
20,1093,KECL,EQ,472243,201475,42.66
20,1094,KEI,EQ,290303,153785,52.97
20,1095,KEL,SM,40800,33600,82.35
20,1096,KELLTONTEC,EQ,919635,307274,33.41
20,1097,KFINTECH,EQ,262605,143619,54.69
20,1098,KHADIM,EQ,258000,78700,30.50
20,1099,KHAICHEM,EQ,126600,44163,34.88
20,1100,KHANDSE,EQ,26620,6034,22.67
20,1101,KHFM,SM,12400,12400,100.00
20,1102,KICL,EQ,4882,2500,51.21
20,1103,KIMS,EQ,84552,62592,74.03
20,1104,KINGFA,EQ,7494,4108,54.82
20,1105,KIOCL,EQ,1118331,312926,27.98
20,1106,KIRIINDUS,EQ,84700,41602,49.12
20,1107,KIRLOSBROS,EQ,103919,49324,47.46
20,1108,KIRLOSENG,EQ,576295,295493,51.27
20,1109,KIRLOSIND,EQ,5965,4147,69.52
20,1110,KIRLPNU,EQ,73907,35921,48.60
20,1111,KITEX,EQ,134613,59074,43.88
20,1112,KKCL,EQ,202771,46019,22.70
20,1113,KMSUGAR,EQ,1100607,285394,25.93
20,1114,KNAGRI,SM,8000,4800,60.00
20,1115,KNRCON,EQ,1044358,419022,40.12
20,1116,KODYTECH,SM,45600,28800,63.16
20,1117,KOHINOOR,EQ,121157,59496,49.11
20,1118,KOLTEPATIL,EQ,174824,57128,32.68
20,1119,KONTOR,SM,24000,20400,85.00
20,1120,KOPRAN,EQ,574845,236799,41.19
20,1121,KORE,SM,6000,5000,83.33
20,1122,KOTAKALPHA,EQ,884730,541177,61.17
20,1123,KOTAKBANK,EQ,6279280,3903446,62.16
20,1124,KOTAKBKETF,EQ,51907,27318,52.63
20,1125,KOTAKCONS,EQ,292,159,54.45
20,1126,KOTAKGOLD,EQ,261487,214465,82.02
20,1127,KOTAKIT,EQ,97659,74686,76.48
20,1128,KOTAKLIQ,EQ,64,38,59.38
20,1129,KOTAKLOVOL,EQ,30238,28078,92.86
20,1130,KOTAKMID50,EQ,27908,22026,78.92
20,1131,KOTAKMNC,EQ,17710,6557,37.02
20,1132,KOTAKNIFTY,EQ,90122,76793,85.21
20,1133,KOTAKNV20,EQ,22574,15283,67.70
20,1134,KOTAKPSUBK,EQ,160918,145705,90.55
20,1135,KOTAKSILVE,EQ,30086,28774,95.64
20,1136,KOTHARIPET,EQ,306455,78572,25.64
20,1137,KOTHARIPRO,EQ,14829,9804,66.11
20,1138,KOTYARK,SM,24800,19000,76.61
20,1139,KPIGREEN,EQ,140476,56776,40.42
20,1140,KPIL,EQ,350711,143462,40.91
20,1141,KPITTECH,EQ,960493,496339,51.68
20,1142,KPRMILL,EQ,545380,275870,50.58
20,1143,KRBL,EQ,273909,120872,44.13
20,1144,KREBSBIO,EQ,29544,6371,21.56
20,1145,KRISHANA,EQ,42843,18623,43.47
20,1146,KRISHCA,SM,24000,22000,91.67
20,1147,KRISHIVAL,SM,2500,2000,80.00
20,1148,KRISHNADEF,SM,24000,15000,62.50
20,1149,KRITI,EQ,63547,34418,54.16
20,1150,KRSNAA,EQ,65737,32958,50.14
20,1151,KSB,EQ,47228,15155,32.09
20,1152,KSCL,EQ,193633,79388,41.00
20,1153,KSL,EQ,67119,25953,38.67
20,1154,KTKBANK,EQ,1720745,761723,44.27
20,1155,KUANTUM,EQ,132982,52664,39.60
20,1156,LALPATHLAB,EQ,158608,49075,30.94
20,1157,LAMBODHARA,EQ,21002,10340,49.23
20,1158,LANDMARK,EQ,132344,71248,53.84
20,1159,LAOPALA,EQ,129419,64647,49.95
20,1160,LATENTVIEW,EQ,477613,212250,44.44
20,1161,LATTEYS,EQ,90340,48617,53.82
20,1162,LAURUSLABS,EQ,5130895,3376715,65.81
20,1163,LAXMICOT,EQ,57158,14557,25.47
20,1164,LAXMIMACH,EQ,16660,8330,50.00
20,1165,LEMERITE,SM,6400,6400,100.00
20,1166,LEMONTREE,EQ,8426058,3097878,36.77
20,1167,LFIC,EQ,6628,3643,54.96
20,1168,LGBBROSLTD,EQ,50825,27907,54.91
20,1169,LGBFORGE,EQ,234987,124611,53.03
20,1170,LIBAS,EQ,2413264,148040,6.13
20,1171,LIBERTSHOE,EQ,435852,116303,26.68
20,1172,LICHSGFIN,EQ,1441537,527974,36.63
20,1173,LICI,EQ,1084441,618099,57.00
20,1174,LICMFGOLD,EQ,345,255,73.91
20,1175,LICNETFGSC,EQ,45637,44321,97.12
20,1176,LICNETFN50,EQ,789,449,56.91
20,1177,LICNETFSEN,EQ,317,76,23.97
20,1178,LICNFNHGP,EQ,1767,98,5.55
20,1179,LIKHITHA,EQ,230985,112348,48.64
20,1180,LINC,EQ,98820,37814,38.27
20,1181,LINCOLN,EQ,98856,54624,55.26
20,1182,LINDEINDIA,EQ,56418,18015,31.93
20,1183,LIQUID,EQ,55341,53139,96.02
20,1184,LIQUIDBEES,EQ,2960793,2276618,76.89
20,1185,LIQUIDETF,EQ,425936,237903,55.85
20,1186,LLOYDS,SM,42000,36000,85.71
20,1187,LLOYDSME,EQ,353866,232980,65.84
20,1188,LODHA,EQ,2148132,764312,35.58
20,1189,LOKESHMACH,EQ,174761,64491,36.90
20,1190,LORDSCHLO,EQ,7524,4104,54.55
20,1191,LOVABLE,EQ,19103,11020,57.69
20,1192,LOWVOL,EQ,47,47,100.00
20,1193,LOYALTEX,EQ,540,402,74.44
20,1194,LT,EQ,3286109,2316267,70.49
20,1195,L&TFH,EQ,14721489,6472832,43.97
20,1196,L&TFINANCE,NC,100,100,100.00
20,1197,L&TFINANCE,NE,5,5,100.00
20,1198,L&TFINANCE,NG,20,20,100.00
20,1199,L&TFINANCE,NO,11,11,100.00
20,1200,L&TFINANCE,NQ,40,40,100.00
20,1201,L&TFINANCE,Y5,10,5,50.00
20,1202,L&TFINANCE,Y7,630,630,100.00
20,1203,LTGILTBEES,EQ,518714,301691,58.16
20,1204,LTIM,EQ,405185,183175,45.21
20,1205,LTTS,EQ,180823,72503,40.10
20,1206,LUMAXIND,EQ,8291,3883,46.83
20,1207,LUMAXTECH,EQ,88140,35188,39.92
20,1208,LUPIN,EQ,490371,160256,32.68
20,1209,LUXIND,EQ,50286,23526,46.78
20,1210,LXCHEM,EQ,782043,410667,52.51
20,1211,LYKALABS,EQ,52619,30551,58.06
20,1212,MACPOWER,EQ,321095,124121,38.66
20,1213,MADHAV,EQ,66283,14041,21.18
20,1214,MADHAVBAUG,SM,5600,4800,85.71
20,1215,MADHUCON,EQ,30005,15136,50.44
20,1216,MADHUSUDAN,SM,30000,28000,93.33
20,1217,MADRASFERT,EQ,792876,130269,16.43
20,1218,MAFANG,EQ,599544,424936,70.88
20,1219,MAGADSUGAR,EQ,38685,12650,32.70
20,1220,MAGSON,SM,18000,14000,77.78
20,1221,MAHABANK,EQ,68077537,12526390,18.40
20,1222,MAHAPEXLTD,EQ,15928,10357,65.02
20,1223,MAHASTEEL,EQ,34346,19631,57.16
20,1224,MAHEPC,EQ,61672,26525,43.01
20,1225,MAHESHWARI,EQ,28070,14400,51.30
20,1226,MAHICKRA,SM,1500,1500,100.00
20,1227,MAHKTECH,EQ,463134,303857,65.61
20,1228,MAHLIFE,EQ,333785,230801,69.15
20,1229,MAHLOG,EQ,350162,179794,51.35
20,1230,MAHSCOOTER,EQ,6290,1821,28.95
20,1231,MAHSEAMLES,EQ,387330,210013,54.22
20,1232,MAITHANALL,EQ,45752,22487,49.15
20,1233,MAKEINDIA,EQ,73736,73057,99.08
20,1234,MAKS,SM,60000,42000,70.00
20,1235,MAL,SM,105600,67200,63.64
20,1236,MALLCOM,EQ,18316,7209,39.36
20,1237,MALUPAPER,EQ,108594,18602,17.13
20,1238,MANAKALUCO,EQ,83007,36054,43.43
20,1239,MANAKSIA,EQ,200661,114722,57.17
20,1240,MANAKSTEEL,EQ,132061,60825,46.06
20,1241,MANALIPETC,EQ,1093530,369303,33.77
20,1242,MANAPPURAM,EQ,15163861,6578553,43.38
20,1243,MANGALAM,EQ,49113,16829,34.27
20,1244,MANGCHEFER,EQ,262049,140477,53.61
20,1245,MANGLMCEM,EQ,234770,171265,72.95
20,1246,MANINDS,EQ,397612,181841,45.73
20,1247,MANINFRA,EQ,1344815,543700,40.43
20,1248,MANKIND,EQ,268477,208656,77.72
20,1249,MANOMAY,EQ,1480,1050,70.95
20,1250,MANORAMA,EQ,8503,5126,60.28
20,1251,MANORG,EQ,7381,4899,66.37
20,1252,MANYAVAR,EQ,208679,152570,73.11
20,1253,MAPMYINDIA,EQ,208911,63405,30.35
20,1254,MARALOVER,EQ,15542,9712,62.49
20,1255,MARATHON,EQ,60385,28687,47.51
20,1256,MARCO,SM,42000,33000,78.57
20,1257,MARICO,EQ,800857,432754,54.04
20,1258,MARKSANS,EQ,2438926,1081994,44.36
20,1259,MARSHALL,EQ,178680,64884,36.31
20,1260,MARUTI,EQ,506129,290069,57.31
20,1261,MASFIN,EQ,49043,24523,50.00
20,1262,MASPTOP50,EQ,87600,60531,69.10
20,1263,MASTEK,EQ,65760,27101,41.21
20,1264,MASTER,SM,21000,20000,95.24
20,1265,MATRIMONY,EQ,12944,6649,51.37
20,1266,MAWANASUG,EQ,297449,87285,29.34
20,1267,MAXHEALTH,EQ,1923369,1350706,70.23
20,1268,MAXIND,EQ,75634,38895,51.43
20,1269,MAYURUNIQ,EQ,84008,43984,52.36
20,1270,MAZDA,EQ,15766,7518,47.68
20,1271,MAZDOCK,EQ,3021942,513139,16.98
20,1272,MBAPL,EQ,22793,9547,41.89
20,1273,MBLINFRA,EQ,145262,92119,63.42
20,1274,MCDOWELL-N,EQ,744678,378649,50.85
20,1275,MCON,SM,6000,6000,100.00
20,1276,MCX,EQ,1311699,334718,25.52
20,1277,MEDANTA,EQ,395376,178614,45.18
20,1278,MEDICAMEQ,EQ,11845,7096,59.91
20,1279,MEDICO,EQ,409232,271990,66.46
20,1280,MEDPLUS,EQ,436122,201741,46.26
20,1281,MEGAFLEX,SM,27000,27000,100.00
20,1282,MEGASTAR,EQ,7464,4817,64.54
20,1283,MENONBE,EQ,199721,74052,37.08
20,1284,MEP,EQ,254268,153812,60.49
20,1285,METROBRAND,EQ,330049,92326,27.97
20,1286,METROPOLIS,EQ,448466,149921,33.43
20,1287,MFSL,EQ,693694,398356,57.43
20,1288,MGEL,EQ,207577,138880,66.91
20,1289,MGL,EQ,617562,245457,39.75
20,1290,MHHL,SM,84000,57000,67.86
20,1291,MHLXMIRU,EQ,6621,3493,52.76
20,1292,MHRIL,EQ,270892,102223,37.74
20,1293,MICEL,EQ,46851,46851,100.00
20,1294,MID150BEES,EQ,991684,619638,62.48
20,1295,MIDCAPETF,EQ,871979,780697,89.53
20,1296,MIDHANI,EQ,854479,239764,28.06
20,1297,MILTON,SM,8800,4400,50.00
20,1298,MINDACORP,EQ,1008906,444298,44.04
20,1299,MINDPOOL,SM,1000,1000,100.00
20,1300,MINDSPACE,RR,48878,36390,74.45
20,1301,MINDTECK,EQ,70873,38380,54.15
20,1302,MIRZAINT,EQ,616473,264820,42.96
20,1303,MITCON,EQ,47199,31258,66.23
20,1304,MITTAL,EQ,296425,46048,15.53
20,1305,MKPL,EQ,169179,88619,52.38
20,1306,M&M,EQ,3343802,1923540,57.53
20,1307,M&MFIN,EQ,3237026,1551440,47.93
20,1308,M&MFIN,N1,65,65,100.00
20,1309,M&MFIN,N2,653,603,92.34
20,1310,MMFL,EQ,27685,15328,55.37
20,1311,MMTC,EQ,708776,608777,85.89
20,1312,MOGSEC,EQ,22425,16619,74.11
20,1313,MOHEALTH,EQ,14926,6805,45.59
20,1314,MOIL,EQ,1665329,433400,26.02
20,1315,MOL,EQ,894565,518712,57.98
20,1316,MOLDTECH,EQ,234576,157105,66.97
20,1317,MOLDTKPAC,EQ,60286,26298,43.62
20,1318,MOLOWVOL,EQ,3225,1565,48.53
20,1319,MOM100,EQ,426822,360119,84.37
20,1320,MOM50,EQ,17772,14330,80.63
20,1321,MOMENTUM,EQ,9524,6468,67.91
20,1322,MOMOMENTUM,EQ,34215,26183,76.52
20,1323,MON100,EQ,719086,489369,68.05
20,1324,MONARCH,EQ,332518,59708,17.96
20,1325,MONIFTY500,EQ,273357,153081,56.00
20,1326,MONOPHARMA,SM,64000,48000,75.00
20,1327,MONQ50,EQ,9704,6155,63.43
20,1328,MONTECARLO,EQ,46196,12033,26.05
20,1329,MOQUALITY,EQ,304,293,96.38
20,1330,MORARJEE,EQ,34906,18265,52.33
20,1331,MOREPENLAB,EQ,2125678,650842,30.62
20,1332,MOS,SM,32000,27200,85.00
20,1333,MOTHERSON,EQ,14051182,7493921,53.33
20,1334,MOTILALOFS,EQ,197391,81268,41.17
20,1335,MOVALUE,EQ,9329,5548,59.47
20,1336,MOXSH,SM,2400,1600,66.67
20,1337,MPHASIS,EQ,751490,299647,39.87
20,1338,MPSLTD,EQ,39849,15571,39.08
20,1339,MRF,EQ,5675,2224,39.19
20,1340,MRO-TEK,EQ,65447,19802,30.26
20,1341,MRPL,EQ,9240296,2497293,27.03
20,1342,MSTCLTD,EQ,321688,108922,33.86
20,1343,MSUMI,EQ,6719084,3793016,56.45
20,1344,MTARTECH,EQ,360559,124322,34.48
20,1345,MTNL,EQ,7554606,1310452,17.35
20,1346,MUKANDLTD,EQ,223760,95497,42.68
20,1347,MUNJALAU,EQ,149120,62358,41.82
20,1348,MUNJALSHOW,EQ,109910,70968,64.57
20,1349,MURUDCERA,EQ,758558,346244,45.65
20,1350,MUTHOOTCAP,EQ,80017,39294,49.11
20,1351,MUTHOOTFIN,EQ,1224518,688792,56.25
20,1352,MVGJL,EQ,449045,197296,43.94
20,1353,NABARD,N1,150,150,100.00
20,1354,NABARD,N2,13977,10645,76.16
20,1355,NACLIND,EQ,63845,40006,62.66
20,1356,NAGAFERT,EQ,740099,459304,62.06
20,1357,NAGREEKEXP,EQ,33037,9699,29.36
20,1358,NAHARCAP,EQ,8425,3764,44.68
20,1359,NAHARINDUS,EQ,99088,40189,40.56
20,1360,NAHARPOLY,EQ,11288,4816,42.66
20,1361,NAHARSPING,EQ,55439,31982,57.69
20,1362,NAM-INDIA,EQ,645297,358935,55.62
20,1363,NARMADA,EQ,77980,74651,95.73
20,1364,NATCOPHARM,EQ,427209,215120,50.35
20,1365,NATHBIOGEN,EQ,38757,21603,55.74
20,1366,NATIONALUM,EQ,6405032,1966056,30.70
20,1367,NAUKRI,EQ,263110,148035,56.26
20,1368,NAVA,EQ,396801,188332,47.46
20,1369,NAVIFIN,N0,2,2,100.00
20,1370,NAVIFIN,N1,96,96,100.00
20,1371,NAVIFIN,N3,1100,1100,100.00
20,1372,NAVIFIN,N5,10,10,100.00
20,1373,NAVIFIN,N7,3042,3042,100.00
20,1374,NAVIFIN,N8,11,11,100.00
20,1375,NAVINFLUOR,EQ,264742,122268,46.18
20,1376,NAVINIFTY,EQ,6310,3160,50.08
20,1377,NAVKARCORP,EQ,571861,252542,44.16
20,1378,NAVNETEDUL,EQ,284231,113032,39.77
20,1379,NAZARA,EQ,257572,75697,29.39
20,1380,NBCC,EQ,51346194,7032274,13.70
20,1381,NBIFIN,EQ,137,87,63.50
20,1382,NCC,EQ,6860359,2565269,37.39
20,1383,NCLIND,EQ,167931,99267,59.11
20,1384,NDGL,EQ,683,342,50.07
20,1385,NDL,EQ,149920,89330,59.59
20,1386,NDTV,EQ,382503,106485,27.84
20,1387,NECCLTD,EQ,2944470,99370,3.37
20,1388,NECLIFE,EQ,263876,137524,52.12
20,1389,NELCAST,EQ,268589,123704,46.06
20,1390,NELCO,EQ,93271,33947,36.40
20,1391,NEOGEN,EQ,42357,17540,41.41
20,1392,NESCO,EQ,88770,42469,47.84
20,1393,NESTLEIND,EQ,126940,59228,46.66
20,1394,NETF,EQ,9826,6382,64.95
20,1395,NETWEB,EQ,162887,92210,56.61
20,1396,NETWORK18,EQ,3054146,768087,25.15
20,1397,NEULANDLAB,EQ,18536,9402,50.72
20,1398,NEWGEN,EQ,328478,143051,43.55
20,1399,NEWJAISA,SM,126000,108000,85.71
20,1400,NEXT50,EQ,1663,1580,95.01
20,1401,NFL,EQ,3905873,1097376,28.10
20,1402,NGIL,EQ,356820,17740,4.97
20,1403,NGLFINE,EQ,3726,1722,46.22
20,1404,NH,EQ,373776,252876,67.65
20,1405,NHAI,N2,12955,11725,90.51
20,1406,NHAI,N3,1,1,100.00
20,1407,NHAI,N4,41,41,100.00
20,1408,NHAI,N5,71,58,81.69
20,1409,NHAI,N6,5154,4533,87.95
20,1410,NHAI,N8,50,50,100.00
20,1411,NHAI,N9,1000,1000,100.00
20,1412,NHAI,NA,1906,1406,73.77
20,1413,NHAI,NC,2,1,50.00
20,1414,NHAI,NE,54,53,98.15
20,1415,NHBTF2014,N5,152,152,100.00
20,1416,NHBTF2014,N6,110,78,70.91
20,1417,NHBTF2023,N3,4,2,50.00
20,1418,NHBTF2023,N6,143,143,100.00
20,1419,NHIT,N1,5621,5521,98.22
20,1420,NHIT,N2,1665,1435,86.19
20,1421,NHIT,N3,1142,1142,100.00
20,1422,NHPC,EQ,12875069,5374960,41.75
20,1423,NHPC,N6,50,50,100.00
20,1424,NIACL,EQ,1355864,473184,34.90
20,1425,NIDAN,SM,9000,7000,77.78
20,1426,NIDO,N5,5,5,100.00
20,1427,NIDO,N6,50,50,100.00
20,1428,NIF100BEES,EQ,43925,35138,80.00
20,1429,NIFMID150,EQ,1560,1215,77.88
20,1430,NIFTYBEES,EQ,11342653,9973511,87.93
20,1431,NIFTYETF,EQ,165520,154974,93.63
20,1432,NIFTYQLITY,EQ,26736,14808,55.39
20,1433,NIITLTD,EQ,875470,240553,27.48
20,1434,NIITMTS,EQ,506738,242384,47.83
20,1435,NILKAMAL,EQ,2138,1138,53.23
20,1436,NINSYS,EQ,10562,3916,37.08
20,1437,NIRMAN,SM,52800,42000,79.55
20,1438,NITCO,EQ,210349,111272,52.90
20,1439,NITINSPIN,EQ,113271,51834,45.76
20,1440,NLCINDIA,EQ,2120878,911507,42.98
20,1441,NMDC,EQ,9474292,4226256,44.61
20,1442,NOCIL,EQ,1135472,647818,57.05
20,1443,NOIDATOLL,EQ,461872,311985,67.55
20,1444,NPBET,EQ,287,286,99.65
20,1445,NPST,SM,25200,19200,76.19
20,1446,NRAIL,EQ,13705,6600,48.16
20,1447,NRBBEARING,EQ,151440,69429,45.85
20,1448,NRL,EQ,71825,43962,61.21
20,1449,NSIL,EQ,3810,2465,64.70
20,1450,NSLNISP,EQ,5530213,2341267,42.34
20,1451,NTPC,EQ,17410264,10844377,62.29
20,1452,NTPC,N4,430,430,100.00
20,1453,NTPC,N7,72983,66331,90.89
20,1454,NTPC,NB,1,1,100.00
20,1455,NTPC,NC,3,3,100.00
20,1456,NTPC,ND,200,200,100.00
20,1457,NUCLEUS,EQ,99565,51839,52.07
20,1458,NURECA,EQ,30523,11581,37.94
20,1459,NUVAMA,EQ,98080,65907,67.20
20,1460,NUVOCO,EQ,78847,36029,45.69
20,1461,NV20BEES,EQ,19080,17883,93.73
20,1462,NXST,RR,151022,100204,66.35
20,1463,NYKAA,EQ,5241899,3083450,58.82
20,1464,OAL,EQ,17619,11505,65.30
20,1465,OBCL,EQ,198497,57382,28.91
20,1466,OBEROIRLTY,EQ,583849,322485,55.23
20,1467,OCCL,EQ,46009,18621,40.47
20,1468,OFSS,EQ,46324,19586,42.28
20,1469,OIL,EQ,1044784,417924,40.00
20,1470,OLECTRA,EQ,606739,275472,45.40
20,1471,OLIL,SM,44400,42000,94.59
20,1472,OMAXAUTO,EQ,50751,31582,62.23
20,1473,OMAXE,EQ,523161,260995,49.89
20,1474,OMFURN,SM,9600,9600,100.00
20,1475,ONELIFECAP,EQ,59743,31515,52.75
20,1476,ONGC,EQ,8474867,3996076,47.15
20,1477,ONMOBILE,EQ,1592115,423857,26.62
20,1478,ONWARDTEC,EQ,70939,38175,53.81
20,1479,OPTIEMUS,EQ,245758,62048,25.25
20,1480,ORBTEXP,EQ,22102,13181,59.64
20,1481,ORCHPHARMA,EQ,13796,7312,53.00
20,1482,ORIANA,SM,69600,38400,55.17
20,1483,ORICONENT,EQ,417599,236017,56.52
20,1484,ORIENTALTL,EQ,48508,29468,60.75
20,1485,ORIENTBELL,EQ,11310,6639,58.70
20,1486,ORIENTCEM,EQ,1292784,525477,40.65
20,1487,ORIENTCER,EQ,290543,142221,48.95
20,1488,ORIENTELEC,EQ,165441,64707,39.11
20,1489,ORIENTHOT,EQ,1297694,585192,45.09
20,1490,ORIENTPPR,EQ,2610216,848905,32.52
20,1491,ORISSAMINE,EQ,168964,28752,17.02
20,1492,ORTINLAB,EQ,45592,27449,60.21
20,1493,OSIAHYPER,EQ,73582,61052,82.97
20,1494,OSWALAGRO,EQ,372789,183342,49.18
20,1495,OSWALGREEN,EQ,305884,128473,42.00
20,1496,OSWALSEEDS,EQ,25615,11426,44.61
20,1497,PAGEIND,EQ,28909,13432,46.46
20,1498,PAISALO,EQ,4286161,1488958,34.74
20,1499,PAKKA,EQ,497954,186528,37.46
20,1500,PALASHSECU,EQ,2252,1289,57.24
20,1501,PALREDTEC,EQ,30385,22055,72.59
20,1502,PANACEABIO,EQ,241336,94877,39.31
20,1503,PANAMAPET,EQ,87738,36716,41.85
20,1504,PAR,EQ,13857,7224,52.13
20,1505,PARADEEP,EQ,6969389,4282217,61.44
20,1506,PARAGMILK,EQ,761787,312344,41.00
20,1507,PARAS,EQ,419768,102249,24.36
20,1508,PARTYCRUS,SM,14000,14000,100.00
20,1509,PASUPTAC,EQ,260297,129021,49.57
20,1510,PATELENG,EQ,9024722,4554519,50.47
20,1511,PATTECH,SM,12000,9000,75.00
20,1512,PAVNAIND,EQ,711,418,58.79
20,1513,PAYTM,EQ,3276337,1481891,45.23
20,1514,PCBL,EQ,2260090,830550,36.75
20,1515,PCHFL,N6,98,94,95.92
20,1516,PCHFL,NA,12,12,100.00
20,1517,PCJEWELLER,EQ,2731749,1243732,45.53
20,1518,PDMJEPAPER,EQ,572452,169191,29.56
20,1519,PDSL,EQ,212702,137838,64.80
20,1520,PEARLPOLY,EQ,94199,37329,39.63
20,1521,PEL,EQ,1033445,261944,25.35
20,1522,PENIND,EQ,3076960,1082474,35.18
20,1523,PENINLAND,EQ,1911509,983518,51.45
20,1524,PENTAGON,SM,10000,10000,100.00
20,1525,PERFECT,SM,6000,6000,100.00
20,1526,PERSISTENT,EQ,459145,181497,39.53
20,1527,PETRONET,EQ,1640778,858210,52.31
20,1528,PFC,EQ,19102624,7245136,37.93
20,1529,PFC,N5,1756,1756,100.00
20,1530,PFC,N6,4,2,50.00
20,1531,PFC,N8,170,170,100.00
20,1532,PFIZER,EQ,34360,27075,78.80
20,1533,PFOCUS,EQ,41381,20824,50.32
20,1534,PFS,EQ,2345901,871705,37.16
20,1535,PGEL,EQ,113593,45598,40.14
20,1536,PGHH,EQ,3526,1943,55.10
20,1537,PGHL,EQ,5800,3518,60.66
20,1538,PGINVIT,IV,1379247,1266615,91.83
20,1539,PHANTOMFX,SM,150600,111000,73.71
20,1540,PHARMABEES,EQ,2485681,1940710,78.08
20,1541,PHOENIXLTD,EQ,331827,229508,69.16
20,1542,PIDILITIND,EQ,280265,163627,58.38
20,1543,PIIND,EQ,327822,196833,60.04
20,1544,PILANIINVS,EQ,9955,4776,47.98
20,1545,PILITA,EQ,974734,800743,82.15
20,1546,PITTIENG,EQ,193188,81003,41.93
20,1547,PIXTRANS,EQ,26974,15157,56.19
20,1548,PLADAINFO,ST,90000,78000,86.67
20,1549,PLASTIBLEN,EQ,46126,21262,46.10
20,1550,PNB,EQ,96629399,21279941,22.02
20,1551,PNBGILTS,EQ,4250155,557759,13.12
20,1552,PNBHOUSING,EQ,395691,114426,28.92
20,1553,PNC,EQ,28298,11367,40.17
20,1554,PNCINFRA,EQ,694601,363599,52.35
20,1555,POCL,EQ,33760,15149,44.87
20,1556,PODDARHOUS,EQ,27253,10778,39.55
20,1557,PODDARMENT,EQ,8242,3095,37.55
20,1558,POKARNA,EQ,197307,102662,52.03
20,1559,POLICYBZR,EQ,1589636,1028234,64.68
20,1560,POLYCAB,EQ,841759,379038,45.03
20,1561,POLYMED,EQ,109922,58352,53.08
20,1562,POLYPLEX,EQ,132159,64525,48.82
20,1563,PONNIERODE,EQ,28403,11166,39.31
20,1564,POONAWALLA,EQ,2385470,1107935,46.45
20,1565,POWERGRID,EQ,11070090,6147532,55.53
20,1566,POWERINDIA,EQ,36956,19418,52.54
20,1567,POWERMECH,EQ,31726,18837,59.37
20,1568,PPAP,EQ,11665,6213,53.26
20,1569,PPL,EQ,428192,199037,46.48
20,1570,PPLPHARMA,EQ,3186920,1424615,44.70
20,1571,PRAJIND,EQ,1317797,586142,44.48
20,1572,PRAMARA,SM,2000,2000,100.00
20,1573,PRECAM,EQ,233772,74584,31.90
20,1574,PRECISION,SM,32000,14000,43.75
20,1575,PRECOT,EQ,25455,15830,62.19
20,1576,PRECWIRE,EQ,610343,200168,32.80
20,1577,PREMIERPOL,EQ,1583979,277912,17.55
20,1578,PRESTIGE,EQ,1536873,523247,34.05
20,1579,PRICOLLTD,EQ,491111,196213,39.95
20,1580,PRIMESECU,EQ,50291,26479,52.65
20,1581,PRINCEPIPE,EQ,114049,45460,39.86
20,1582,PRITI,EQ,82169,52029,63.32
20,1583,PRITIKA,SM,24000,16000,66.67
20,1584,PRIVISCL,EQ,21714,13802,63.56
20,1585,PROLIFE,SM,2000,2000,100.00
20,1586,PROPEQUITY,SM,12000,7200,60.00
20,1587,PROV,SM,3360,2240,66.67
20,1588,PROZONER,EQ,1970207,637703,32.37
20,1589,PRSMJOHNSN,EQ,13910242,1133785,8.15
20,1590,PRUDENT,EQ,30501,13640,44.72
20,1591,PSB,EQ,3731278,712581,19.10
20,1592,PSPPROJECT,EQ,94821,48228,50.86
20,1593,PSUBANKICI,EQ,144513,114227,79.04
20,1594,PSUBNKBEES,EQ,2737199,1943174,70.99
20,1595,PTC,EQ,3411610,1272048,37.29
20,1596,PTCIL,EQ,4626,3188,68.91
20,1597,PTL,EQ,350636,147022,41.93
20,1598,PUNJABCHEM,EQ,45580,17182,37.70
20,1599,PURVA,EQ,1261096,415209,32.92
20,1600,PVRINOX,EQ,876650,567956,64.79
20,1601,PYRAMID,EQ,871273,207932,23.87
20,1602,QFIL,SM,2000,2000,100.00
20,1603,QGOLDHALF,EQ,22209,10269,46.24
20,1604,QMSMEDI,SM,22000,19000,86.36
20,1605,QNIFTY,EQ,5135,3655,71.18
20,1606,QUESS,EQ,170591,84177,49.34
20,1607,QUICKHEAL,EQ,279166,98735,35.37
20,1608,QUICKTOUCH,SM,20000,12000,60.00
20,1609,RACE,EQ,8421,5870,69.71
20,1610,RADHIKAJWE,EQ,2280756,1221467,53.56
20,1611,RADIANTCMS,EQ,432469,192373,44.48
20,1612,RADICO,EQ,283419,159563,56.30
20,1613,RADIOCITY,EQ,1242448,713945,57.46
20,1614,RADIOCITY,P1,10827,10827,100.00
20,1615,RAILTEL,EQ,3618353,814061,22.50
20,1616,RAIN,EQ,1253590,618058,49.30
20,1617,RAINBOW,EQ,593680,435698,73.39
20,1618,RAJESHEXPO,EQ,2897144,1164300,40.19
20,1619,RAJRATAN,EQ,82726,39033,47.18
20,1620,RAJTV,EQ,15511,4553,29.35
20,1621,RALLIS,EQ,4660624,731405,15.69
20,1622,RAMANEWS,EQ,142623,46851,32.85
20,1623,RAMAPHO,EQ,11325,7822,69.07
20,1624,RAMASTEEL,EQ,3838084,1676786,43.69
20,1625,RAMCOCEM,EQ,232004,63770,27.49
20,1626,RAMCOIND,EQ,959721,413178,43.05
20,1627,RAMCOSYS,EQ,99839,45227,45.30
20,1628,RAMKY,EQ,129623,68913,53.16
20,1629,RAMRAT,EQ,80790,35086,43.43
20,1630,RANASUG,EQ,2627896,587085,22.34
20,1631,RANEHOLDIN,EQ,16576,9465,57.10
20,1632,RATEGAIN,EQ,218860,98657,45.08
20,1633,RATNAMANI,EQ,28150,11515,40.91
20,1634,RATNAVEER,EQ,609466,252887,41.49
20,1635,RAYMOND,EQ,173419,74030,42.69
20,1636,RBA,EQ,3049631,1058117,34.70
20,1637,RBL,EQ,46221,4772,10.32
20,1638,RBLBANK,EQ,27537994,12210003,44.34
20,1639,RBMINFRA,SM,3000,3000,100.00
20,1640,RCF,EQ,4963156,1364990,27.50
20,1641,RECLTD,EQ,22159911,8765594,39.56
20,1642,RECLTD,N2,150,150,100.00
20,1643,RECLTD,N6,81,81,100.00
20,1644,RECLTD,N9,507,357,70.41
20,1645,RECLTD,NI,1691,1691,100.00
20,1646,REDINGTON,EQ,1218303,535949,43.99
20,1647,REDTAPE,EQ,292149,145732,49.88
20,1648,REFEX,EQ,268687,78559,29.24
20,1649,RELAXO,EQ,128141,67291,52.51
20,1650,RELCHEMQ,EQ,53953,12192,22.60
20,1651,RELIABLE,SM,2400,2400,100.00
20,1652,RELIANCE,EQ,7611267,5001208,65.71
20,1653,RELIGARE,EQ,1185200,575850,48.59
20,1654,REMUS,SM,1300,800,61.54
20,1655,RENUKA,EQ,16384690,4065999,24.82
20,1656,REPCOHOME,EQ,543297,207407,38.18
20,1657,REPL,EQ,61018,34641,56.77
20,1658,REPRO,EQ,20530,13803,67.23
20,1659,RESPONIND,EQ,115214,32718,28.40
20,1660,REXPIPES,SM,4000,4000,100.00
20,1661,RGL,EQ,405199,117136,28.91
20,1662,RHIM,EQ,132503,65141,49.16
20,1663,RHL,EQ,13771,6543,47.51
20,1664,RICHA,SM,12000,12000,100.00
20,1665,RICOAUTO,EQ,819093,287424,35.09
20,1666,RIIL,EQ,700888,98495,14.05
20,1667,RILINFRA,SM,5000,4000,80.00
20,1668,RISHABH,EQ,459388,207331,45.13
20,1669,RITES,EQ,1203486,345092,28.67
20,1670,RKEC,EQ,340853,78683,23.08
20,1671,RKFORGE,EQ,474721,254065,53.52
20,1672,RMDRIP,SM,4000,4000,100.00
20,1673,RML,EQ,36382,9810,26.96
20,1674,ROHLTD,EQ,46915,18467,39.36
20,1675,ROLEXRINGS,EQ,31978,20335,63.59
20,1676,ROML,EQ,13158,3777,28.70
20,1677,ROSSARI,EQ,70878,47546,67.08
20,1678,ROSSELLIND,EQ,87334,27499,31.49
20,1679,ROTO,EQ,137664,55839,40.56
20,1680,ROUTE,EQ,130366,82231,63.08
20,1681,RPGLIFE,EQ,22689,9607,42.34
20,1682,RPOWER,EQ,76547213,16056665,20.98
20,1683,RPPL,EQ,53224,37978,71.36
20,1684,RPSGVENT,EQ,76198,45168,59.28
20,1685,RRKABEL,EQ,301173,132690,44.06
20,1686,RSWM,EQ,65215,36008,55.21
20,1687,RSYSTEMS,EQ,38232,22383,58.55
20,1688,RTNINDIA,EQ,3542495,1134117,32.01
20,1689,RTNPOWER,EQ,96839413,30333775,31.32
20,1690,RUBYMILLS,EQ,21212,9604,45.28
20,1691,RUCHIRA,EQ,118459,47500,40.10
20,1692,RUPA,EQ,98600,36893,37.42
20,1693,RUSHIL,EQ,166740,83076,49.82
20,1694,RUSTOMJEE,EQ,34401,16298,47.38
20,1695,RVNL,EQ,28015351,5965040,21.29
20,1696,SAAKSHI,SM,104400,67200,64.37
20,1697,SADHNANIQ,EQ,1491234,377524,25.32
20,1698,SAFARI,EQ,121851,55325,45.40
20,1699,SAGARDEEP,EQ,82896,16307,19.67
20,1700,SAGCEM,EQ,152290,61884,40.64
20,1701,SAH,EQ,90350,33891,37.51
20,1702,SAHAJ,SM,8000,8000,100.00
20,1703,SAHANA,SM,57000,57000,100.00
20,1704,SAHYADRI,EQ,10492,6090,58.04
20,1705,SAIL,EQ,11702863,3517953,30.06
20,1706,SAKAR,EQ,44584,24015,53.86
20,1707,SAKHTISUG,EQ,970819,273780,28.20
20,1708,SAKSOFT,EQ,401740,173457,43.18
20,1709,SALASAR,EQ,884990,292769,33.08
20,1710,SALONA,EQ,5450,2266,41.58
20,1711,SALZERELEC,EQ,118543,50080,42.25
20,1712,SAMHI,EQ,1144468,645656,56.42
20,1713,SANDESH,EQ,769,536,69.70
20,1714,SANDHAR,EQ,127213,66566,52.33
20,1715,SANDUMA,EQ,27127,13853,51.07
20,1716,SANGAMIND,EQ,80561,42130,52.30
20,1717,SANGANI,SM,9000,9000,100.00
20,1718,SANGHVIMOV,EQ,171636,80866,47.11
20,1719,SANGINITA,EQ,40112,25288,63.04
20,1720,SANOFI,EQ,22423,17878,79.73
20,1721,SANSERA,EQ,83968,51178,60.95
20,1722,SAPPHIRE,EQ,128520,76038,59.16
20,1723,SARDAEN,EQ,337603,172992,51.24
20,1724,SAREGAMA,EQ,253282,122282,48.28
20,1725,SARLAPOLY,EQ,165662,67629,40.82
20,1726,SAROJA,SM,11200,9600,85.71
20,1727,SASKEN,EQ,43488,16530,38.01
20,1728,SASTASUNDR,EQ,64961,23635,36.38
20,1729,SATIA,EQ,576980,262676,45.53
20,1730,SATIN,EQ,416084,188951,45.41
20,1731,SATINDLTD,EQ,1171771,548792,46.83
20,1732,SBC,EQ,1831555,889816,48.58
20,1733,SBCL,EQ,266381,156513,58.76
20,1734,SBFC,EQ,982529,494790,50.36
20,1735,SBGLP,EQ,18487,10131,54.80
20,1736,SBICARD,EQ,692713,331496,47.85
20,1737,SBIETFCON,EQ,2297,1154,50.24
20,1738,SBIETFIT,EQ,17029,12902,75.76
20,1739,SBIETFPB,EQ,2560,1707,66.68
20,1740,SBIETFQLTY,EQ,4305,3325,77.24
20,1741,SBILIFE,EQ,1107874,623239,56.26
20,1742,SBIN,EQ,19424825,8700995,44.79
20,1743,SCHAEFFLER,EQ,29398,15351,52.22
20,1744,SCHAND,EQ,86206,38930,45.16
20,1745,SCHNEIDER,EQ,510335,178825,35.04
20,1746,SCI,EQ,3183724,937190,29.44
20,1747,SCML,ST,174000,168000,96.55
20,1748,SCPL,EQ,8083,5661,70.04
20,1749,SDBL,EQ,1078175,513142,47.59
20,1750,SDL24BEES,EQ,160,114,71.25
20,1751,SDL26BEES,EQ,352,224,63.64
20,1752,SEAMECLTD,EQ,54690,25513,46.65
20,1753,SECL,SM,18750,18750,100.00
20,1754,SECMARK,EQ,27277,9440,34.61
20,1755,SECURCRED,EQ,108904,68216,62.64
20,1756,SECURKLOUD,EQ,32877,20764,63.16
20,1757,SEL,SM,3200,3200,100.00
20,1758,SELAN,EQ,110599,38923,35.19
20,1759,SENCO,EQ,381411,176677,46.32
20,1760,SENSEXETF,EQ,228234,66733,29.24
20,1761,SEPC,EQ,17339807,9687277,55.87
20,1762,SEQUENT,EQ,4719809,670929,14.22
20,1763,SERVICE,SM,4000,4000,100.00
20,1764,SESHAPAPER,EQ,198919,83232,41.84
20,1765,SETF10GILT,EQ,9595,9594,99.99
20,1766,SETFGOLD,EQ,1623995,1295708,79.79
20,1767,SETFNIF50,EQ,3662088,3286558,89.75
20,1768,SETFNIFBK,EQ,87566,57934,66.16
20,1769,SETFNN50,EQ,24773,20866,84.23
20,1770,SFL,EQ,54312,20351,37.47
20,1771,SGBAPR28I,GB,137,105,76.64
20,1772,SGBAUG24,GB,83,64,77.11
20,1773,SGBAUG27,GB,56,56,100.00
20,1774,SGBAUG28V,GB,924,749,81.06
20,1775,SGBAUG29V,GB,315,233,73.97
20,1776,SGBAUG30,GB,495,358,72.32
20,1777,SGBD29VIII,GB,592,382,64.53
20,1778,SGBDC27VII,GB,5,5,100.00
20,1779,SGBDE30III,GB,115,77,66.96
20,1780,SGBDEC25,GB,21,21,100.00
20,1781,SGBDEC2512,GB,1,1,100.00
20,1782,SGBDEC2513,GB,6,6,100.00
20,1783,SGBDEC26,GB,1,1,100.00
20,1784,SGBFEB24,GB,39,38,97.44
20,1785,SGBFEB28IX,GB,54,54,100.00
20,1786,SGBFEB29XI,GB,1087,737,67.80
20,1787,SGBJ28VIII,GB,60,57,95.00
20,1788,SGBJAN26,GB,124,124,100.00
20,1789,SGBJAN27,GB,37,36,97.30
20,1790,SGBJAN29IX,GB,771,669,86.77
20,1791,SGBJAN29X,GB,54,41,75.93
20,1792,SGBJAN30IX,GB,337,207,61.42
20,1793,SGBJU29III,GB,418,288,68.90
20,1794,SGBJUL25,GB,146,126,86.30
20,1795,SGBJUL28IV,GB,519,488,94.03
20,1796,SGBJUL29IV,GB,144,100,69.44
20,1797,SGBJUN27,GB,5,5,100.00
20,1798,SGBJUN28,GB,26,21,80.77
20,1799,SGBJUN29II,GB,155,132,85.16
20,1800,SGBJUN30,GB,42,34,80.95
20,1801,SGBJUN31I,GB,2213,1802,81.43
20,1802,SGBMAR24,GB,56,51,91.07
20,1803,SGBMAR25,GB,91,63,69.23
20,1804,SGBMAR28X,GB,172,166,96.51
20,1805,SGBMAR30X,GB,65,65,100.00
20,1806,SGBMAR31IV,GB,510,464,90.98
20,1807,SGBMAY25,GB,32,22,68.75
20,1808,SGBMAY26,GB,3,3,100.00
20,1809,SGBMAY28,GB,139,139,100.00
20,1810,SGBMAY29I,GB,1133,812,71.67
20,1811,SGBMR29XII,GB,245,204,83.27
20,1812,SGBN28VIII,GB,413,391,94.67
20,1813,SGBNOV23,GB,105,100,95.24
20,1814,SGBNOV24,GB,311,301,96.78
20,1815,SGBNOV25,GB,10,10,100.00
20,1816,SGBNOV258,GB,161,123,76.40
20,1817,SGBNOV25VI,GB,10,10,100.00
20,1818,SGBNV29VII,GB,172,162,94.19
20,1819,SGBOC28VII,GB,486,178,36.63
20,1820,SGBOCT25,GB,3,3,100.00
20,1821,SGBOCT25IV,GB,5,5,100.00
20,1822,SGBOCT25V,GB,2,2,100.00
20,1823,SGBOCT26,GB,3,3,100.00
20,1824,SGBOCT27,GB,15,15,100.00
20,1825,SGBOCT27VI,GB,9,9,100.00
20,1826,SGBSEP24,GB,274,238,86.86
20,1827,SGBSEP27,GB,95,95,100.00
20,1828,SGBSEP28VI,GB,707,451,63.79
20,1829,SGBSEP29VI,GB,464,399,85.99
20,1830,SGBSEP31II,GB,5250,4550,86.67
20,1831,SHAH,EQ,1000628,584043,58.37
20,1832,SHAILY,EQ,22986,19252,83.76
20,1833,SHAKTIPUMP,EQ,826140,152165,18.42
20,1834,SHALBY,EQ,334894,121828,36.38
20,1835,SHALPAINTS,EQ,436896,224104,51.29
20,1836,SHANKARA,EQ,64466,30192,46.83
20,1837,SHANTI,EQ,35254,13802,39.15
20,1838,SHANTIGEAR,EQ,561899,135591,24.13
20,1839,SHARDACROP,EQ,126783,50663,39.96
20,1840,SHARDAMOTR,EQ,78378,46491,59.32
20,1841,SHAREINDIA,EQ,769315,172599,22.44
20,1842,SHAREINDIA,W1,6891,6582,95.52
20,1843,SHARIABEES,EQ,1737,1449,83.42
20,1844,SHEMAROO,EQ,84898,38932,45.86
20,1845,SHERA,SM,78000,68000,87.18
20,1846,SHIGAN,SM,34500,28500,82.61
20,1847,SHILPAMED,EQ,435505,115588,26.54
20,1848,SHIVALIK,EQ,8281,5707,68.92
20,1849,SHIVAMILLS,EQ,210541,4205,2.00
20,1850,SHIVATEX,EQ,6226,3704,59.49
20,1851,SHK,EQ,367898,151097,41.07
20,1852,SHOPERSTOP,EQ,37774,14578,38.59
20,1853,SHRADHA,EQ,70629,7307,10.35
20,1854,SHREDIGCEM,EQ,616289,254623,41.32
20,1855,SHREECEM,EQ,56816,31938,56.21
20,1856,SHREEPUSHK,EQ,50493,28627,56.69
20,1857,SHRENIK,EQ,1711742,1694148,98.97
20,1858,SHREYAS,EQ,51467,23187,45.05
20,1859,SHRIRAMFIN,EQ,958593,436158,45.50
20,1860,SHRIRAMFIN,YI,1,1,100.00
20,1861,SHRIRAMFIN,YP,120,120,100.00
20,1862,SHRIRAMFIN,YS,50,50,100.00
20,1863,SHRIRAMFIN,YY,92,92,100.00
20,1864,SHRIRAMFIN,YZ,50,50,100.00
20,1865,SHRIRAMFIN,Z2,200,200,100.00
20,1866,SHRIRAMFIN,Z5,10,10,100.00
20,1867,SHRIRAMFIN,Z8,75,75,100.00
20,1868,SHRIRAMFIN,Z9,492,300,60.98
20,1869,SHRIRAMFIN,ZC,75,75,100.00
20,1870,SHRIRAMFIN,ZH,100,100,100.00
20,1871,SHRIRAMPPS,EQ,2407449,682843,28.36
20,1872,SHRITECH,SM,52000,36000,69.23
20,1873,SHUBHLAXMI,SM,21000,19000,90.48
20,1874,SHYAMCENT,EQ,315014,152668,48.46
20,1875,SHYAMMETL,EQ,602160,283942,47.15
20,1876,SHYAMTEL,EQ,85,85,100.00
20,1877,SIDDHIKA,SM,1000,1000,100.00
20,1878,SIEMENS,EQ,404993,210930,52.08
20,1879,SIGACHI,EQ,2176643,804111,36.94
20,1880,SIGMA,EQ,15830,9411,59.45
20,1881,SIGNATURE,EQ,1142300,861906,75.45
20,1882,SIKKO,EQ,75487,27709,36.71
20,1883,SILINV,EQ,1384,988,71.39
20,1884,SILLYMONKS,EQ,3561,1537,43.16
20,1885,SILVER,EQ,66962,49573,74.03
20,1886,SILVERBEES,EQ,3035432,2588538,85.28
20,1887,SILVERETF,EQ,284730,263245,92.45
20,1888,SILVERTUC,EQ,16335,10629,65.07
20,1889,SILVRETF,EQ,1543,1377,89.24
20,1890,SIMBHALS,EQ,165057,66213,40.12
20,1891,SINTERCOM,EQ,7776,7517,96.67
20,1892,SIRCA,EQ,83499,42413,50.79
20,1893,SIS,EQ,177879,78459,44.11
20,1894,SIYSIL,EQ,91287,36290,39.75
20,1895,SJS,EQ,514263,279599,54.37
20,1896,SJVN,EQ,26932375,6227332,23.12
20,1897,SKFINDIA,EQ,20263,8987,44.35
20,1898,SKIPPER,EQ,366783,158456,43.20
20,1899,SKMEGGPROD,EQ,155398,86295,55.53
20,1900,SKP,SM,8000,7000,87.50
20,1901,SKYGOLD,EQ,144394,89157,61.75
20,1902,SMARTLINK,EQ,14109,7318,51.87
20,1903,SMCGLOBAL,EQ,313471,162060,51.70
20,1904,SMLISUZU,EQ,25947,9724,37.48
20,1905,SMLT,EQ,47118,26581,56.41
20,1906,SMSLIFE,EQ,1123,814,72.48
20,1907,SMSPHARMA,EQ,52578,25903,49.27
20,1908,SMVD,SM,12120,12120,100.00
20,1909,SNOWMAN,EQ,1006609,464978,46.19
20,1910,SOBHA,EQ,435499,187441,43.04
20,1911,SOLARA,EQ,128296,60404,47.08
20,1912,SOLARINDS,EQ,78356,45386,57.92
20,1913,SOLEX,SM,6400,4400,68.75
20,1914,SOMANYCERA,EQ,241465,65540,27.14
20,1915,SOMICONVEY,EQ,429349,192269,44.78
20,1916,SONACOMS,EQ,8247071,2160127,26.19
20,1917,SONATSOFTW,EQ,2424964,532965,21.98
20,1918,SONUINFRA,SM,15000,15000,100.00
20,1919,SOTAC,SM,4800,3600,75.00
20,1920,SOTL,EQ,356043,193511,54.35
20,1921,SOUTHBANK,EQ,44148120,14264170,32.31
20,1922,SOUTHWEST,EQ,112994,51842,45.88
20,1923,SPAL,EQ,66592,33055,49.64
20,1924,SPANDANA,EQ,108814,51371,47.21
20,1925,SPARC,EQ,1077395,296706,27.54
20,1926,SPCENET,EQ,3011475,1758191,58.38
20,1927,SPECIALITY,EQ,127641,76894,60.24
20,1928,SPECTSTM,SM,25600,19200,75.00
20,1929,SPENCERS,EQ,96962,46066,47.51
20,1930,SPIC,EQ,1543093,514527,33.34
20,1931,SPLIL,EQ,233531,43519,18.64
20,1932,SPLPETRO,EQ,99466,38254,38.46
20,1933,SPORTKING,EQ,23831,10976,46.06
20,1934,SREEL,EQ,32082,11845,36.92
20,1935,SRF,EQ,520179,223225,42.91
20,1936,SRGHFL,EQ,3333,1597,47.91
20,1937,SRHHYPOLTD,EQ,19624,8593,43.79
20,1938,SRIVASAVI,SM,6000,6000,100.00
20,1939,SSFL,SM,15000,15000,100.00
20,1940,SSWL,EQ,575162,214665,37.32
20,1941,STAR,EQ,179657,68685,38.23
20,1942,STARCEMENT,EQ,597670,169673,28.39
20,1943,STARHEALTH,EQ,468605,315204,67.26
20,1944,STARPAPER,EQ,115947,40812,35.20
20,1945,STCINDIA,EQ,32756,32752,99.99
20,1946,STEELCAS,EQ,50743,23305,45.93
20,1947,STEELCITY,EQ,24869,10157,40.84
20,1948,STEELXIND,EQ,1535056,786816,51.26
20,1949,STERTOOLS,EQ,44191,25625,57.99
20,1950,STLTECH,EQ,1798980,510973,28.40
20,1951,STOVEKRAFT,EQ,120300,52183,43.38
20,1952,STYLAMIND,EQ,50166,20207,40.28
20,1953,STYRENIX,EQ,140197,60942,43.47
20,1954,SUBEXLTD,EQ,3229609,1438972,44.56
20,1955,SUBROS,EQ,65365,22974,35.15
20,1956,SUDARSCHEM,EQ,296197,112111,37.85
20,1957,SUKHJITS,EQ,14480,6539,45.16
20,1958,SULA,EQ,265277,114217,43.06
20,1959,SUMICHEM,EQ,443291,261245,58.93
20,1960,SUMIT,EQ,39542,22960,58.06
20,1961,SUMMITSEC,EQ,16291,5725,35.14
20,1962,SUNDARMFIN,EQ,145268,69343,47.73
20,1963,SUNDARMHLD,EQ,171815,117097,68.15
20,1964,SUNDRMFAST,EQ,94663,43944,46.42
20,1965,SUNFLAG,EQ,445703,224125,50.29
20,1966,SUNPHARMA,EQ,2223975,1324791,59.57
20,1967,SUNTECK,EQ,331814,128307,38.67
20,1968,SUNTV,EQ,1205433,647950,53.75
20,1969,SUPERHOUSE,EQ,18945,10289,54.31
20,1970,SUPRAJIT,EQ,398575,270569,67.88
20,1971,SUPREMEIND,EQ,215575,68133,31.61
20,1972,SUPRIYA,EQ,298687,128094,42.89
20,1973,SURANAT&P,EQ,126231,56678,44.90
20,1974,SURANI,SM,4000,4000,100.00
20,1975,SURYALAXMI,EQ,21458,10799,50.33
20,1976,SURYAROSNI,EQ,417247,150101,35.97
20,1977,SURYODAY,EQ,562309,211751,37.66
20,1978,SUTLEJTEX,EQ,343370,177904,51.81
20,1979,SUVEN,EQ,408581,203014,49.69
20,1980,SUVENPHAR,EQ,380960,189957,49.86
20,1981,SWANENERGY,EQ,5269450,1758320,33.37
20,1982,SWARAJ,SM,4000,4000,100.00
20,1983,SWARAJENG,EQ,12113,5705,47.10
20,1984,SWASTIK,SM,46800,37200,79.49
20,1985,SWELECTES,EQ,69993,29533,42.19
20,1986,SYMPHONY,EQ,108688,31585,29.06
20,1987,SYNCOMF,EQ,3402062,1432455,42.11
20,1988,SYNGENE,EQ,2553939,1599342,62.62
20,1989,SYNOPTICS,SM,47400,34200,72.15
20,1990,SYRMA,EQ,1232882,643443,52.19
20,1991,SYSTANGO,SM,84800,72000,84.91
20,1992,TAINWALCHM,EQ,7556,5551,73.46
20,1993,TAJGVK,EQ,167995,58099,34.58
20,1994,TALBROAUTO,EQ,82762,36151,43.68
20,1995,TANLA,EQ,962244,288904,30.02
20,1996,TAPIFRUIT,SM,12000,10500,87.50
20,1997,TARACHAND,SM,66000,46000,69.70
20,1998,TARC,EQ,2025340,707957,34.95
20,1999,TARMAT,EQ,124001,47199,38.06
20,2000,TARSONS,EQ,155915,84396,54.13
20,2001,TASTYBITE,EQ,2211,936,42.33
20,2002,TATACAPHSG,N4,5,5,100.00
20,2003,TATACAPHSG,N6,65,64,98.46
20,2004,TATACAPHSG,NB,20,10,50.00
20,2005,TATACHEM,EQ,1061128,509162,47.98
20,2006,TATACOFFEE,EQ,379964,170012,44.74
20,2007,TATACOMM,EQ,1002839,507893,50.65
20,2008,TATACONSUM,EQ,1966650,1018152,51.77
20,2009,TATAELXSI,EQ,126826,71895,56.69
20,2010,TATAINVEST,EQ,153516,35869,23.36
20,2011,TATAMETALI,EQ,110216,35961,32.63
20,2012,TATAMOTORS,EQ,8889373,3699423,41.62
20,2013,TATAMTRDVR,EQ,1936218,760636,39.28
20,2014,TATAPOWER,EQ,9272278,3474816,37.48
20,2015,TATASTEEL,EQ,36298907,18083675,49.82
20,2016,TATASTLLP,EQ,62511,34081,54.52
20,2017,TATVA,EQ,18479,11325,61.29
20,2018,TBZ,EQ,453079,161387,35.62
20,2019,TCFSL,NE,10,10,100.00
20,2020,TCFSL,NF,902,702,77.83
20,2021,TCFSL,NJ,964,952,98.76
20,2022,TCFSL,NL,1898,1798,94.73
20,2023,TCI,EQ,38353,16197,42.23
20,2024,TCIEXP,EQ,35190,21416,60.86
20,2025,TCNSBRANDS,EQ,169008,53581,31.70
20,2026,TCPLPACK,EQ,13493,7332,54.34
20,2027,TCS,EQ,1984471,1206477,60.80
20,2028,TDPOWERSYS,EQ,440402,271100,61.56
20,2029,TEAMLEASE,EQ,15221,7734,50.81
20,2030,TECH,EQ,17089,10308,60.32
20,2031,TECHM,EQ,7099401,3469039,48.86
20,2032,TECHNOE,EQ,58233,24669,42.36
20,2033,TEGA,EQ,77605,29666,38.23
20,2034,TEJASNET,EQ,574465,178599,31.09
20,2035,TEMBO,EQ,40702,9487,23.31
20,2036,TERASOFT,EQ,91614,42096,45.95
20,2037,TEXINFRA,EQ,269602,73804,27.38
20,2038,TEXRAIL,EQ,3439327,1612035,46.87
20,2039,TFCILTD,EQ,613798,219215,35.71
20,2040,TFL,EQ,40423,24543,60.72
20,2041,TGBHOTELS,EQ,106314,56178,52.84
20,2042,THANGAMAYL,EQ,42670,22141,51.89
20,2043,THEINVEST,EQ,9360,5185,55.40
20,2044,THEJO,EQ,10122,6458,63.80
20,2045,THEMISMED,EQ,86764,52199,60.16
20,2046,THERMAX,EQ,66885,48323,72.25
20,2047,THYROCARE,EQ,51316,22676,44.19
20,2048,TI,EQ,536188,171436,31.97
20,2049,TIDEWATER,EQ,68813,34330,49.89
20,2050,TIIL,EQ,18592,8941,48.09
20,2051,TIINDIA,EQ,174879,118573,67.80
20,2052,TIJARIA,EQ,121447,53044,43.68
20,2053,TIMESCAN,SM,2000,1000,50.00
20,2054,TIMESGTY,EQ,137454,43864,31.91
20,2055,TIMETECHNO,EQ,1737436,602949,34.70
20,2056,TIMKEN,EQ,73333,54480,74.29
20,2057,TINPLATE,EQ,145050,41029,28.29
20,2058,TIPSINDLTD,EQ,230158,94322,40.98
20,2059,TIRUMALCHM,EQ,384237,206578,53.76
20,2060,TITAGARH,EQ,2473834,598837,24.21
20,2061,TITAN,EQ,1124281,643658,57.25
20,2062,TMB,EQ,107405,56315,52.43
20,2063,TNIDETF,EQ,24373,21173,86.87
20,2064,TNPETRO,EQ,590545,180508,30.57
20,2065,TNPL,EQ,1096709,420012,38.30
20,2066,TOKYOPLAST,EQ,36876,18207,49.37
20,2067,TORNTPHARM,EQ,433022,208486,48.15
20,2068,TORNTPOWER,EQ,343497,121927,35.50
20,2069,TOTAL,EQ,30646,8217,26.81
20,2070,TOUCHWOOD,EQ,27773,24088,86.73
20,2071,TPLPLASTEH,EQ,139861,58241,41.64
20,2072,TRACXN,EQ,722125,258904,35.85
20,2073,TRANSWIND,SM,12000,12000,100.00
20,2074,TREEHOUSE,EQ,58405,33992,58.20
20,2075,TREL,EQ,1486109,713875,48.04
20,2076,TRENT,EQ,966275,516744,53.48
20,2077,TRF,EQ,115911,31533,27.20
20,2078,TRIDENT,EQ,9369773,2564591,27.37
20,2079,TRIDHYA,SM,63000,45000,71.43
20,2080,TRIGYN,EQ,159954,64934,40.60
20,2081,TRIL,EQ,866545,389201,44.91
20,2082,TRITURBINE,EQ,1454179,698948,48.06
20,2083,TRIVENI,EQ,1043934,380749,36.47
20,2084,TRU,EQ,2390667,475133,19.87
20,2085,TTKHLTCARE,EQ,21831,14975,68.60
20,2086,TTKPRESTIG,EQ,37594,14509,38.59
20,2087,TTL,EQ,5406,3613,66.83
20,2088,TTML,EQ,3755440,1214009,32.33
20,2089,TV18BRDCST,EQ,14737403,3863884,26.22
20,2090,TVSELECT,EQ,50876,12957,25.47
20,2091,TVSHLTD,EQ,3015,1971,65.37
20,2092,TVSHLTD,P1,109586,109586,100.00
20,2093,TVSMOTOR,EQ,988912,560772,56.71
20,2094,TVSSCS,EQ,1323291,710214,53.67
20,2095,TVSSRICHAK,EQ,15584,6594,42.31
20,2096,TVTODAY,EQ,122715,44464,36.23
20,2097,UBL,EQ,118916,38907,32.72
20,2098,UCOBANK,EQ,31166726,3965012,12.72
20,2099,UDS,EQ,140372,58980,42.02
20,2100,UFLEX,EQ,137926,57645,41.79
20,2101,UGARSUGAR,EQ,427480,144906,33.90
20,2102,UGROCAP,EQ,332762,152533,45.84
20,2103,UGROCAP,N1,220,220,100.00
20,2104,UGROCAP,N5,12,12,100.00
20,2105,UGROCAP,N6,200,200,100.00
20,2106,UGROCAP,N7,376,376,100.00
20,2107,UJAAS,EQ,1453475,468269,32.22
20,2108,UJJIVAN,EQ,1295793,499446,38.54
20,2109,UJJIVANSFB,EQ,22534007,6600075,29.29
20,2110,ULTRACEMCO,EQ,637430,494690,77.61
20,2111,UMA,SM,4000,4000,100.00
20,2112,UMAEXPORTS,EQ,54090,28865,53.36
20,2113,UMANGDAIRY,EQ,18053,6756,37.42
20,2114,UNICHEMLAB,EQ,43968,24718,56.22
20,2115,UNIDT,EQ,22920,12331,53.80
20,2116,UNIENTER,EQ,6299,3221,51.14
20,2117,UNIHEALTH,SM,19000,13000,68.42
20,2118,UNIONBANK,EQ,20883382,7807367,37.39
20,2119,UNIPARTS,EQ,95398,48968,51.33
20,2120,UNITEDPOLY,EQ,7344,6956,94.72
20,2121,UNITEDTEA,EQ,2606,1878,72.06
20,2122,UNIVASTU,EQ,1301129,253692,19.50
20,2123,UNIVCABLES,EQ,67389,34029,50.50
20,2124,UNIVPHOTO,EQ,2577,1988,77.14
20,2125,UNOMINDA,EQ,550619,304436,55.29
20,2126,UPL,EQ,4015200,2364754,58.90
20,2127,URAVI,EQ,15984,9934,62.15
20,2128,URBAN,SM,18000,13200,73.33
20,2129,URJA,EQ,3377682,1184485,35.07
20,2130,USASEEDS,SM,900,900,100.00
20,2131,USHAMART,EQ,2234046,790917,35.40
20,2132,USK,EQ,355018,179520,50.57
20,2133,UTIAMC,EQ,183935,134197,72.96
20,2134,UTIBANKETF,EQ,232971,152273,65.36
20,2135,UTINEXT50,EQ,26670,14506,54.39
20,2136,UTINIFTETF,EQ,72450,48840,67.41
20,2137,UTISENSETF,EQ,3507,2759,78.67
20,2138,UTISXN50,EQ,930,795,85.48
20,2139,UTKARSHBNK,EQ,7146529,2801555,39.20
20,2140,UTTAMSUGAR,EQ,164271,40261,24.51
20,2141,UWCSL,SM,4000,4000,100.00
20,2142,VADILALIND,EQ,6463,3012,46.60
20,2143,VAIBHAVGBL,EQ,329120,147261,44.74
20,2144,VAISHALI,EQ,34096,16350,47.95
20,2145,VAKRANGEE,EQ,4716271,2448341,51.91
20,2146,VALIANTLAB,EQ,656139,290016,44.20
20,2147,VALIANTORG,EQ,39326,16350,41.58
20,2148,VARDHACRLC,EQ,77044,41660,54.07
20,2149,VARROC,EQ,348626,211902,60.78
20,2150,VASCONEQ,EQ,3888334,1626638,41.83
20,2151,VBL,EQ,4594411,2603875,56.67
20,2152,VCL,EQ,910820,528565,58.03
20,2153,VEDL,EQ,7706350,4143809,53.77
20,2154,VELS,SM,15600,12000,76.92
20,2155,VENKEYS,EQ,28471,8153,28.64
20,2156,VENUSPIPES,EQ,104552,51209,48.98
20,2157,VENUSREM,EQ,153265,40681,26.54
20,2158,VERANDA,EQ,69443,29852,42.99
20,2159,VERTEXPLUS,SM,2400,2400,100.00
20,2160,VERTOZ,EQ,137289,30697,22.36
20,2161,VESUVIUS,EQ,10015,5950,59.41
20,2162,VETO,EQ,166364,64932,39.03
20,2163,VGUARD,EQ,145560,71280,48.97
20,2164,VHL,EQ,443,265,59.82
20,2165,VIAZ,SM,2000,2000,100.00
20,2166,VIDHIING,EQ,55816,15458,27.69
20,2167,VIJAYA,EQ,347410,246976,71.09
20,2168,VIKASLIFE,EQ,49845848,11988097,24.05
20,2169,VIMTALABS,EQ,69712,31722,45.50
20,2170,VINATIORGA,EQ,39735,24743,62.27
20,2171,VINDHYATEL,EQ,19815,9458,47.73
20,2172,VINEETLAB,EQ,61546,23189,37.68
20,2173,VINSYS,SM,19000,13000,68.42
20,2174,VINYAS,SM,67200,60000,89.29
20,2175,VINYLINDIA,EQ,30225,12713,42.06
20,2176,VIPCLOTHNG,EQ,483052,220661,45.68
20,2177,VIPIND,EQ,518559,208279,40.16
20,2178,VIPULLTD,EQ,157091,91560,58.28
20,2179,VISAKAIND,EQ,522329,193460,37.04
20,2180,VISHAL,EQ,452364,158355,35.01
20,2181,VISHNU,EQ,125638,72572,57.76
20,2182,VISHNUINFR,SM,724000,428000,59.12
20,2183,VISHWARAJ,EQ,1074109,437910,40.77
20,2184,VITAL,SM,43200,26400,61.11
20,2185,VIVIANA,SM,10000,10000,100.00
20,2186,VIVIDHA,EQ,609027,560745,92.07
20,2187,VLEGOV,EQ,280591,201086,71.67
20,2188,VLSFINANCE,EQ,44637,28764,64.44
20,2189,VMARCIND,SM,153000,96000,62.75
20,2190,VMART,EQ,37248,13678,36.72
20,2191,VOLTAMP,EQ,212977,85535,40.16
20,2192,VOLTAS,EQ,1495324,724930,48.48
20,2193,VPRPL,EQ,2796881,756479,27.05
20,2194,VRLLOG,EQ,67165,28610,42.60
20,2195,VSCL,SM,3000,3000,100.00
20,2196,VSSL,EQ,127398,51893,40.73
20,2197,VSTIND,EQ,4258,2450,57.54
20,2198,VSTTILLERS,EQ,14861,5204,35.02
20,2199,VTL,EQ,234341,124154,52.98
20,2200,WABAG,EQ,460121,214074,46.53
20,2201,WALPAR,SM,8000,6000,75.00
20,2202,WEALTH,EQ,33370,10838,32.48
20,2203,WEBELSOLAR,EQ,1481611,448072,30.24
20,2204,WEIZMANIND,EQ,19558,8212,41.99
20,2205,WELCORP,EQ,1105559,469274,42.45
20,2206,WELENT,EQ,254468,120267,47.26
20,2207,WELINV,EQ,33299,9373,28.15
20,2208,WELSPUNIND,EQ,19381601,3355508,17.31
20,2209,WENDT,EQ,748,364,48.66
20,2210,WESTLIFE,EQ,462304,258590,55.94
20,2211,WHEELS,EQ,24225,11614,47.94
20,2212,WHIRLPOOL,EQ,124981,93577,74.87
20,2213,WILLAMAGOR,EQ,11668,6648,56.98
20,2214,WINDLAS,EQ,31629,16137,51.02
20,2215,WINSOME,EQ,1079,1079,100.00
20,2216,WIPRO,EQ,5497791,2634066,47.91
20,2217,WOCKPHARMA,EQ,740844,268994,36.31
20,2218,WONDERLA,EQ,382888,112471,29.37
20,2219,WORTH,EQ,20577,10928,53.11
20,2220,WSTCSTPAPR,EQ,390499,147479,37.77
20,2221,XCHANGING,EQ,251004,124517,49.61
20,2222,XELPMOC,EQ,33127,22624,68.29
20,2223,XPROINDIA,EQ,104721,38565,36.83
20,2224,YASHO,EQ,9377,6116,65.22
20,2225,YATHARTH,EQ,187359,70990,37.89
20,2226,YATRA,EQ,819375,415012,50.65
20,2227,YCCL,SM,18000,18000,100.00
20,2228,YESBANK,EQ,153370332,48580890,31.68
20,2229,YUDIZ,SM,10400,8000,76.92
20,2230,YUKEN,EQ,19941,10697,53.64
20,2231,ZAGGLE,EQ,1793758,753115,41.99
20,2232,ZEAL,SM,18000,13200,73.33
20,2233,ZEEL,EQ,5686883,1963286,34.52
20,2234,ZEEMEDIA,EQ,6009635,2264588,37.68
20,2235,ZENITHEXPO,EQ,1730,847,48.96
20,2236,ZENSARTECH,EQ,1399731,507559,36.26
20,2237,ZFCVINDIA,EQ,4659,2333,50.08
20,2238,ZIMLAB,EQ,171290,80097,46.76
20,2239,ZODIAC,EQ,20783,20779,99.98
20,2240,ZODIACLOTH,EQ,50136,22233,44.35
20,2241,ZOMATO,EQ,108605538,45800826,42.17
20,2242,ZOTA,EQ,33685,16297,48.38
20,2243,ZUARI,EQ,61731,22659,36.71
20,2244,ZUARIIND,EQ,43734,23855,54.55
20,2245,ZYDUSLIFE,EQ,452936,222384,49.10
20,2246,ZYDUSWELL,EQ,144195,125692,87.17
