Security Wise Delivery Position - Compulsory Rolling Settlement
10,MTO,15092023,2454464059,0002135
Trade Date <15-SEP-2023>,Settlement Type <N>
Record Type,Sr No,Name of Security,Quantity Traded,Deliverable Quantity(gross across client level),% of Deliverable Quantity to Traded Quantity
20,1,1018GS2026,GS,51,51,100.00
20,2,182D051023,TB,500,500,100.00
20,3,182D121023,TB,800,800,100.00
20,4,182D191023,TB,100,100,100.00
20,5,182D231123,TB,300,200,66.67
20,6,182D261023,TB,400,200,50.00
20,7,21STCENMGM,EQ,17048,11452,67.18
20,8,360ONE,EQ,3637141,3162648,86.95
20,9,364D040124,TB,100,100,100.00
20,10,364D050924,TB,100,100,100.00
20,11,364D080824,TB,10000,10000,100.00
20,12,364D160824,TB,5000,5000,100.00
20,13,364D161123,TB,13000,13000,100.00
20,14,3IINFOLTD,EQ,715298,455950,63.74
20,15,3MINDIA,EQ,4559,2962,64.97
20,16,3PLAND,EQ,5298,3390,63.99
20,17,456GS2023,GS,2279,2279,100.00
20,18,515GS2025,GS,20,10,50.00
20,19,563GS2026,GS,13,13,100.00
20,20,585GS2030,GS,9,9,100.00
20,21,5PAISA,EQ,73413,37861,51.57
20,22,618GS2024,GS,41,41,100.00
20,23,63MOONS,EQ,66137,47439,71.73
20,24,667GS2035,GS,3160,3154,99.81
20,25,667GS2050,GS,880,880,100.00
20,26,669GS2024,GS,2001,2001,100.00
20,27,676GS2061,GS,1,1,100.00
20,28,68GS2060,GS,15,15,100.00
20,29,695GS2061,GS,4,4,100.00
20,30,699GS2026,GS,100000,100000,100.00
20,31,699GS2051,GS,1404,1403,99.93
20,32,706GS2028,GS,500,500,100.00
20,33,710GS2029,GS,23915,23915,100.00
20,34,717GS2030,GS,150,150,100.00
20,35,718GS2033,GS,365,365,100.00
20,36,718GS2037,GS,3854,3854,100.00
20,37,725GS2063,GS,100,100,100.00
20,38,726GS2032,GS,16087,16087,100.00
20,39,726GS2033,GS,200,200,100.00
20,40,727GS2026,GS,200,200,100.00
20,41,738GS2027,GS,174061,172652,99.19
20,42,73GS2053,GS,3100,3100,100.00
20,43,741GS2036,GS,227,226,99.56
20,44,74GS2062,GS,7,7,100.00
20,45,754GS2036,GS,344282,340381,98.87
20,46,772GS2055,GS,3,3,100.00
20,47,824GS2027,GS,72,72,100.00
20,48,826GS2027,GS,110,110,100.00
20,49,828GS2027,GS,10100,10100,100.00
20,50,82GS2025,GS,8,8,100.00
20,51,91D071223,TB,100,100,100.00
20,52,91D091123,TB,200,200,100.00
20,53,91D121023,TB,12000,12000,100.00
20,54,91D191023,TB,15000,15000,100.00
20,55,91D210923,TB,200,200,100.00
20,56,AAATECH,EQ,61116,17688,28.94
20,57,AARTIDRUGS,EQ,364075,225910,62.05
20,58,AARTIIND,EQ,1570200,904629,57.61
20,59,AARTIPHARM,EQ,362750,158184,43.61
20,60,AARTIPP,E1,36,35,97.22
20,61,AARTISURF,EQ,7760,3841,49.50
20,62,AARVEEDEN,EQ,43482,28294,65.07
20,63,AARVI,EQ,6435,5449,84.68
20,64,AATMAJ,SM,16000,14000,87.50
20,65,AAVAS,EQ,239831,176401,73.55
20,66,ABAN,EQ,192743,100577,52.18
20,67,ABB,EQ,223156,137088,61.43
20,68,ABBOTINDIA,EQ,22279,9710,43.58
20,69,ABCAPITAL,EQ,4753361,2728716,57.41
20,70,ABCOTS,SM,4000,4000,100.00
20,71,ABFRL,EQ,1263942,528534,41.82
20,72,ABINFRA,SM,4000,4000,100.00
20,73,ABSLAMC,EQ,71125,31569,44.39
20,74,ABSLBANETF,EQ,40765,28482,69.87
20,75,ABSLLIQUID,EQ,2029,248,12.22
20,76,ABSLNN50ET,EQ,3427,2265,66.09
20,77,ACC,EQ,247463,133312,53.87
20,78,ACCELYA,EQ,13333,7993,59.95
20,79,ACCORD,SM,2000,2000,100.00
20,80,ACE,EQ,155658,76189,48.95
20,81,ACI,EQ,146730,76786,52.33
20,82,ADANIENSOL,EQ,7152425,4188635,58.56
20,83,ADANIENT,EQ,1547001,520014,33.61
20,84,ADANIGREEN,EQ,1393292,745453,53.50
20,85,ADANIPORTS,EQ,4013431,2106635,52.49
20,86,ADANIPOWER,EQ,18213490,11528948,63.30
20,87,ADFFOODS,EQ,188019,115030,61.18
20,88,ADORWELD,EQ,9500,5131,54.01
20,89,ADROITINFO,EQ,820301,413812,50.45
20,90,ADSL,EQ,282269,129356,45.83
20,91,ADVANIHOTR,EQ,39710,26299,66.23
20,92,ADVENZYMES,EQ,161552,85630,53.00
20,93,AEGISCHEM,EQ,911787,597599,65.54
20,94,AEROFLEX,EQ,925930,479775,51.82
20,95,AETHER,EQ,56026,36392,64.96
20,96,AFFLE,EQ,603867,378844,62.74
20,97,AGARIND,EQ,87956,41393,47.06
20,98,AGARWALFT,SM,3000,3000,100.00
20,99,AGI,EQ,126798,69650,54.93
20,100,AGNI,SM,25000,25000,100.00
20,101,AGROPHOS,EQ,67318,42419,63.01
20,102,AGSTRA,EQ,162191,87634,54.03
20,103,AGUL,SM,8000,8000,100.00
20,104,AHL,EQ,754413,223651,29.65
20,105,AHLADA,EQ,30116,10256,34.05
20,106,AHLEAST,EQ,10909,6255,57.34
20,107,AHLUCONT,EQ,24812,16999,68.51
20,108,AIAENG,EQ,657739,372458,56.63
20,109,AILIMITED,SM,24000,24000,100.00
20,110,AIRAN,EQ,720202,176443,24.50
20,111,AIRTELPP,E1,278970,219904,78.83
20,112,AISL,SM,9600,9600,100.00
20,113,AJANTPHARM,EQ,400656,240175,59.95
20,114,AJMERA,EQ,24864,11839,47.62
20,115,AJOONI,EQ,3366268,1558524,46.30
20,116,AKASH,EQ,45998,13385,29.10
20,117,AKG,EQ,46609,42114,90.36
20,118,AKSHARCHEM,EQ,12065,7410,61.42
20,119,AKSHOPTFBR,EQ,519709,310403,59.73
20,120,AKZOINDIA,EQ,26046,16632,63.86
20,121,ALANKIT,EQ,292558,185840,63.52
20,122,ALBERTDAVD,EQ,5403,2853,52.80
20,123,ALEMBICLTD,EQ,436085,190576,43.70
20,124,ALICON,EQ,14952,7620,50.96
20,125,ALKALI,EQ,16771,9634,57.44
20,126,ALKEM,EQ,168718,77367,45.86
20,127,ALKYLAMINE,EQ,32099,17657,55.01
20,128,ALLCARGO,EQ,325982,222160,68.15
20,129,ALLETEC,SM,102400,68800,67.19
20,130,ALLSEC,EQ,30268,19834,65.53
20,131,ALMONDZ,EQ,309365,116435,37.64
20,132,ALOKINDS,EQ,18569448,5335315,28.73
20,133,ALPA,EQ,56796,34147,60.12
20,134,ALPHAGEO,EQ,13748,8247,59.99
20,135,ALPSINDUS,EQ,245854,217150,88.32
20,136,AMARAJABAT,EQ,316391,170135,53.77
20,137,AMBER,EQ,150495,46166,30.68
20,138,AMBIKCO,EQ,9422,5406,57.38
20,139,AMBUJACEM,EQ,2963506,1697972,57.30
20,140,AMEYA,SM,32000,20000,62.50
20,141,AMIORG,EQ,162801,60966,37.45
20,142,AMJLAND,EQ,194143,81397,41.93
20,143,AMRUTANJAN,EQ,40270,21911,54.41
20,144,ANANDRATHI,EQ,38795,22758,58.66
20,145,ANANTRAJ,EQ,2068445,1320851,63.86
20,146,ANDHRAPAP,EQ,473322,234950,49.64
20,147,ANDHRSUGAR,EQ,710349,315529,44.42
20,148,ANDREWYU,EQ,16783166,4294146,25.59
20,149,ANGELONE,EQ,820331,347158,42.32
20,150,ANLON,SM,7200,4800,66.67
20,151,ANNAPURNA,SM,60000,45000,75.00
20,152,ANUP,EQ,33826,19850,58.68
20,153,ANURAS,EQ,120506,77294,64.14
20,154,APARINDS,EQ,878504,499465,56.85
20,155,APCL,EQ,19150,11832,61.79
20,156,APCOTEXIND,EQ,36364,13211,36.33
20,157,APEX,EQ,215514,67117,31.14
20,158,APLAPOLLO,EQ,559252,331548,59.28
20,159,APLLTD,EQ,151691,99571,65.64
20,160,APOLLO,EQ,582612,341691,58.65
20,161,APOLLOHOSP,EQ,658355,386987,58.78
20,162,APOLLOPIPE,EQ,129105,60431,46.81
20,163,APOLLOTYRE,EQ,4544616,1995571,43.91
20,164,APTECHT,EQ,231797,115944,50.02
20,165,APTUS,EQ,737196,446043,60.51
20,166,ARHAM,SM,3000,3000,100.00
20,167,ARIES,EQ,155660,55045,35.36
20,168,ARIHANTACA,SM,1600,1600,100.00
20,169,ARIHANTCAP,EQ,2520082,894383,35.49
20,170,ARIHANTSUP,EQ,106360,28966,27.23
20,171,ARISTO,SM,32000,25600,80.00
20,172,ARMANFIN,EQ,5118,2300,44.94
20,173,AROGRANITE,EQ,64374,39757,61.76
20,174,ARTEMISMED,EQ,158198,87691,55.43
20,175,ARVIND,EQ,2902398,1090887,37.59
20,176,ARVINDFASN,EQ,69170,34452,49.81
20,177,ARVSMART,EQ,41155,26903,65.37
20,178,ASAHIINDIA,EQ,357990,218327,60.99
20,179,ASAHISONG,EQ,23427,9054,38.65
20,180,ASAL,EQ,46144,17525,37.98
20,181,ASALCBR,EQ,25375,16656,65.64
20,182,ASHAPURMIN,EQ,1330685,636120,47.80
20,183,ASHIANA,EQ,65453,45977,70.24
20,184,ASHIMASYN,EQ,120649,72968,60.48
20,185,ASHOKA,EQ,3041862,1364876,44.87
20,186,ASHOKLEY,EQ,9610066,4226869,43.98
20,187,ASIANENE,EQ,89666,78013,87.00
20,188,ASIANPAINT,EQ,1568607,895772,57.11
20,189,ASIANTILES,EQ,344692,218369,63.35
20,190,ASPINWALL,EQ,13957,8665,62.08
20,191,ASTEC,EQ,18922,8550,45.19
20,192,ASTERDM,EQ,4070075,3357750,82.50
20,193,ASTRAL,EQ,364216,183896,50.49
20,194,ASTRAMICRO,EQ,1824941,484818,26.57
20,195,ASTRAZEN,EQ,33711,14914,44.24
20,196,ASTRON,EQ,175428,89673,51.12
20,197,ATAM,EQ,9368,6599,70.44
20,198,ATFL,EQ,4937,2591,52.48
20,199,ATGL,EQ,433760,266457,61.43
20,200,ATL,EQ,924420,543537,58.80
20,201,ATUL,EQ,19990,9348,46.76
20,202,ATULAUTO,EQ,178864,70833,39.60
20,203,AUBANK,EQ,918800,434078,47.24
20,204,AURDIS,SM,7000,6000,85.71
20,205,AUROIMPEX,SM,22400,19200,85.71
20,206,AUROPHARMA,EQ,2310793,1530271,66.22
20,207,AURUM,EQ,37274,22163,59.46
20,208,AURUMPP,E1,2737,1705,62.29
20,209,AUSOMENT,EQ,7004,2963,42.30
20,210,AUTOAXLES,EQ,57591,34898,60.60
20,211,AUTOBEES,EQ,179967,111397,61.90
20,212,AVADHSUGAR,EQ,225484,58318,25.86
20,213,AVALON,EQ,236014,118112,50.04
20,214,AVANTIFEED,EQ,614526,275376,44.81
20,215,AVG,EQ,276831,195119,70.48
20,216,AVROIND,EQ,38087,5612,14.73
20,217,AVTNPL,EQ,118326,80022,67.63
20,218,AWHCL,EQ,63915,33072,51.74
20,219,AWL,EQ,878952,560712,63.79
20,220,AXISBANK,EQ,8986157,5713908,63.59
20,221,AXISBNKETF,EQ,1324,746,56.34
20,222,AXISBPSETF,EQ,24268,15949,65.72
20,223,AXISCETF,EQ,4072,3970,97.50
20,224,AXISGOLD,EQ,45032,22032,48.93
20,225,AXISHCETF,EQ,4962,4032,81.26
20,226,AXISILVER,EQ,11421,6323,55.36
20,227,AXISNIFTY,EQ,2027,1472,72.62
20,228,AXISTECETF,EQ,3413,2245,65.78
20,229,AXSENSEX,EQ,2249,1939,86.22
20,230,AYMSYNTEX,EQ,11059,5899,53.34
20,231,BAHETI,SM,4500,3000,66.67
20,232,BAIDFIN,EQ,980933,214162,21.83
20,233,BAJAJ-AUTO,EQ,1689829,462039,27.34
20,234,BAJAJCON,EQ,461218,246127,53.36
20,235,BAJAJFINSV,EQ,3116428,2211831,70.97
20,236,BAJAJHCARE,EQ,322789,139339,43.17
20,237,BAJAJHIND,EQ,14383138,7265940,50.52
20,238,BAJAJHLDNG,EQ,71560,50821,71.02
20,239,BAJFINANCE,EQ,787494,392081,49.79
20,240,BALAJITELE,EQ,175610,84906,48.35
20,241,BALAMINES,EQ,43848,25787,58.81
20,242,BALAXI,EQ,1700,1309,77.00
20,243,BALKRISHNA,EQ,64108,25158,39.24
20,244,BALKRISIND,EQ,466711,268229,57.47
20,245,BALMLAWRIE,EQ,2504632,1003150,40.05
20,246,BALPHARMA,EQ,17425,11360,65.19
20,247,BALRAMCHIN,EQ,4859126,1360988,28.01
20,248,BANARBEADS,EQ,28464,8509,29.89
20,249,BANARISUG,EQ,2454,1393,56.76
20,250,BANCOINDIA,EQ,105072,55685,53.00
20,251,BANDHANBNK,EQ,20378402,8859193,43.47
20,252,BANG,EQ,25867,14649,56.63
20,253,BANKA,EQ,27538,19447,70.62
20,254,BANKBARODA,EQ,16238012,6544480,40.30
20,255,BANKBEES,EQ,354221,203001,57.31
20,256,BANKETF,EQ,18889,18520,98.05
20,257,BANKINDIA,EQ,31986443,9871746,30.86
20,258,BANSWRAS,EQ,66140,34740,52.52
20,259,BARBEQUE,EQ,75538,42974,56.89
20,260,BASF,EQ,38433,20387,53.05
20,261,BASILIC,ST,560400,505200,90.15
20,262,BASML,EQ,57790,36200,62.64
20,263,BATAINDIA,EQ,354547,172911,48.77
20,264,BAYERCROP,EQ,33174,21850,65.86
20,265,BBETF0432,EQ,1454,1431,98.42
20,266,BBL,EQ,29085,14500,49.85
20,267,BBOX,EQ,83103,49785,59.91
20,268,BBTC,EQ,149637,70488,47.11
20,269,BBTCL,EQ,3278,1998,60.95
20,270,BCG,EQ,56222387,31527964,56.08
20,271,BCLIND,EQ,457299,173026,37.84
20,272,BDL,EQ,373350,158764,42.52
20,273,BECTORFOOD,EQ,237070,143339,60.46
20,274,BEDMUTHA,EQ,88131,38611,43.81
20,275,BEL,EQ,9651337,5801313,60.11
20,276,BEML,EQ,564326,111898,19.83
20,277,BEPL,EQ,395997,195408,49.35
20,278,BERGEPAINT,EQ,742098,357023,48.11
20,279,BETA,SM,2000,1800,90.00
20,280,BEWLTD,SM,750,750,100.00
20,281,BFINVEST,EQ,57984,24988,43.09
20,282,BFSI,EQ,683554,449787,65.80
20,283,BFUTILITIE,EQ,163924,116177,70.87
20,284,BGRENERGY,EQ,403733,196588,48.69
20,285,BHAGCHEM,EQ,2525,1202,47.60
20,286,BHAGERIA,EQ,21224,11528,54.32
20,287,BHARATFORG,EQ,2341714,677579,28.94
20,288,BHARATGEAR,EQ,36261,23629,65.16
20,289,BHARATRAS,EQ,867,514,59.28
20,290,BHARATWIRE,EQ,294882,102210,34.66
20,291,BHARTIARTL,EQ,14003428,8317237,59.39
20,292,BHEL,EQ,23253842,7302209,31.40
20,293,BIGBLOC,EQ,50376,30210,59.97
20,294,BIKAJI,EQ,435333,214276,49.22
20,295,BIOCON,EQ,6956452,3235561,46.51
20,296,BIOFILCHEM,EQ,201656,127550,63.25
20,297,BIRET,RR,6431635,5613283,87.28
20,298,BIRLACABLE,EQ,621210,298403,48.04
20,299,BIRLACORPN,EQ,170281,102542,60.22
20,300,BIRLAMONEY,EQ,107234,46790,43.63
20,301,BLAL,EQ,601948,262688,43.64
20,302,BLBLIMITED,EQ,853251,392439,45.99
20,303,BLISSGVS,EQ,206586,105028,50.84
20,304,BLKASHYAP,EQ,398026,196771,49.44
20,305,BLS,EQ,3306215,1372406,41.51
20,306,BLUEDART,EQ,34132,19248,56.39
20,307,BLUESTARCO,EQ,198070,157859,79.70
20,308,BMETRICS,SM,21200,17600,83.02
20,309,BODALCHEM,EQ,692883,346612,50.02
20,310,BOMDYEING,EQ,12588598,2580288,20.50
20,311,BOROLTD,EQ,56341,35317,62.68
20,312,BORORENEW,EQ,360555,232039,64.36
20,313,BOSCHLTD,EQ,25736,16036,62.31
20,314,BPCL,EQ,6191704,4106453,66.32
20,315,BPL,EQ,7304479,1822789,24.95
20,316,BRIGADE,EQ,166302,100079,60.18
20,317,BRIGHT,SM,303000,264000,87.13
20,318,BRITANNIA,EQ,408326,287804,70.48
20,319,BRITANNIA,N3,2641,2534,95.95
20,320,BRNL,EQ,291757,192961,66.14
20,321,BSE,EQ,1023185,352079,34.41
20,322,BSLGOLDETF,EQ,9858,4633,47.00
20,323,BSLNIFTY,EQ,125392,80044,63.84
20,324,BSLSENETFG,EQ,1764,1596,90.48
20,325,BSOFT,EQ,1947037,917147,47.10
20,326,BTML,EQ,16737,12010,71.76
20,327,BURNPUR,EQ,339614,251907,74.17
20,328,BUTTERFLY,EQ,5863,2613,44.57
20,329,BYKE,EQ,162166,98746,60.89
20,330,CADSYS,SM,62000,48000,77.42
20,331,CALSOFT,EQ,81430,43250,53.11
20,332,CAMLINFINE,EQ,1380992,712532,51.60
20,333,CAMPUS,EQ,690886,417395,60.41
20,334,CAMS,EQ,89802,40669,45.29
20,335,CANBK,EQ,7514308,1948195,25.93
20,336,CANFINHOME,EQ,464526,197520,42.52
20,337,CANTABIL,EQ,24493,10593,43.25
20,338,CAPACITE,EQ,791744,338968,42.81
20,339,CAPLIPOINT,EQ,130730,59173,45.26
20,340,CAPTRUST,EQ,24860,13688,55.06
20,341,CARBORUNIV,EQ,253430,190126,75.02
20,342,CARERATING,EQ,75508,37550,49.73
20,343,CARTRADE,EQ,104600,54104,51.72
20,344,CARYSIL,EQ,45406,24374,53.68
20,345,CASTROLIND,EQ,2717129,1757790,64.69
20,346,CCL,EQ,305252,223700,73.28
20,347,CDSL,EQ,2037830,595174,29.21
20,348,CEATLTD,EQ,159550,83012,52.03
20,349,CELEBRITY,EQ,848012,125064,14.75
20,350,CELLPOINT,SM,19200,13200,68.75
20,351,CENTENKA,EQ,18616,11465,61.59
20,352,CENTRALBK,EQ,138121063,23206405,16.80
20,353,CENTRUM,EQ,262237,172610,65.82
20,354,CENTURYPLY,EQ,130303,64726,49.67
20,355,CENTURYTEX,EQ,185098,85693,46.30
20,356,CERA,EQ,25416,14447,56.84
20,357,CESC,EQ,4595131,2027457,44.12
20,358,CGCL,EQ,1503215,973624,64.77
20,359,CGPOWER,EQ,4031729,2807429,69.63
20,360,CHALET,EQ,106076,42363,39.94
20,361,CHAMBLFERT,EQ,3698105,1733261,46.87
20,362,CHEMBOND,EQ,31387,10122,32.25
20,363,CHEMCON,EQ,52395,26069,49.75
20,364,CHEMFAB,EQ,20853,10014,48.02
20,365,CHEMPLASTS,EQ,124567,64474,51.76
20,366,CHENNPETRO,EQ,3565662,1439756,40.38
20,367,CHEVIOT,EQ,2634,1882,71.45
20,368,CHOICEIN,EQ,543991,44668,8.21
20,369,CHOLAFIN,EQ,4663976,2734311,58.63
20,370,CHOLAFIN,N0,106,106,100.00
20,371,CHOLAFIN,N6,120,120,100.00
20,372,CHOLAFIN,N8,91,91,100.00
20,373,CHOLAHLDNG,EQ,183236,118717,64.79
20,374,CIEINDIA,EQ,840424,345426,41.10
20,375,CIGNITITEC,EQ,70312,43064,61.25
20,376,CINEVISTA,EQ,130831,71878,54.94
20,377,CIPLA,EQ,1938487,1438402,74.20
20,378,CLEAN,EQ,206898,135910,65.69
20,379,CLEDUCATE,EQ,42301,22312,52.75
20,380,CLOUD,SM,372000,290000,77.96
20,381,CLSEL,EQ,73399,39121,53.30
20,382,CLSL,SM,114000,68000,59.65
20,383,CMNL,SM,75000,48000,64.00
20,384,CMRSL,SM,800,800,100.00
20,385,CMSINFO,EQ,1127850,623447,55.28
20,386,COALINDIA,EQ,13288180,5629008,42.36
20,387,COASTCORP,EQ,16795,8213,48.90
20,388,COCHINSHIP,EQ,4812191,734202,15.26
20,389,COFFEEDAY,EQ,5103329,3101915,60.78
20,390,COFORGE,EQ,462273,186628,40.37
20,391,COLPAL,EQ,932609,647917,69.47
20,392,COMPINFO,EQ,248602,136766,55.01
20,393,COMPUSOFT,EQ,60388,41945,69.46
20,394,CONCOR,EQ,976388,585322,59.95
20,395,CONCORDBIO,EQ,77723,37234,47.91
20,396,CONFIPET,EQ,2946184,1102996,37.44
20,397,CONSUMBEES,EQ,45923,37353,81.34
20,398,CONTROLPR,EQ,18348,9224,50.27
20,399,COOLCAPS,SM,6000,4250,70.83
20,400,CORALFINAC,EQ,97615,65324,66.92
20,401,COROMANDEL,EQ,309546,182772,59.05
20,402,COSMOFIRST,EQ,75428,38781,51.41
20,403,COUNCODOS,EQ,107353,75528,70.35
20,404,CPS,ST,31800,27000,84.91
20,405,CPSEETF,EQ,831425,540622,65.02
20,406,CRAFTSMAN,EQ,70999,38994,54.92
20,407,CRAYONS,SM,118000,76000,64.41
20,408,CREATIVE,EQ,13108,7008,53.46
20,409,CREATIVEYE,EQ,19302,19302,100.00
20,410,CREDITACC,EQ,421052,314919,74.79
20,411,CREDITACC,N5,160,155,96.88
20,412,CREDITACC,N7,10,10,100.00
20,413,CREDITACC,N9,1,1,100.00
20,414,CREDITACC,ND,5974,5974,100.00
20,415,CREST,EQ,21392,16729,78.20
20,416,CRISIL,EQ,16286,10501,64.48
20,417,CROMPTON,EQ,2051872,1276296,62.20
20,418,CSBBANK,EQ,978819,568970,58.13
20,419,CSLFINANCE,EQ,402356,302375,75.15
20,420,CUB,EQ,3685050,964858,26.18
20,421,CUBEXTUB,EQ,100212,69295,69.15
20,422,CUMMINSIND,EQ,653183,382327,58.53
20,423,CUPID,EQ,152941,55782,36.47
20,424,CYIENT,EQ,431531,240049,55.63
20,425,CYIENTDLM,EQ,78269,34485,44.06
20,426,DAAWAT,EQ,1105129,503466,45.56
20,427,DABUR,EQ,2463912,1666874,67.65
20,428,DALBHARAT,EQ,401541,286084,71.25
20,429,DALMIASUG,EQ,428168,141372,33.02
20,430,DAMODARIND,EQ,116749,55607,47.63
20,431,DANGEE,EQ,767539,480330,62.58
20,432,DATAMATICS,EQ,96745,49501,51.17
20,433,DATAPATTNS,EQ,1657875,1082700,65.31
20,434,DBCORP,EQ,1085870,578583,53.28
20,435,DBL,EQ,376873,133986,35.55
20,436,DBOL,EQ,256485,124629,48.59
20,437,DBREALTY,EQ,2085570,1348735,64.67
20,438,DBSTOCKBRO,EQ,26677,11563,43.34
20,439,DCAL,EQ,405907,150310,37.03
20,440,DCBBANK,EQ,2819563,1382929,49.05
20,441,DCM,EQ,19783,9911,50.10
20,442,DCMFINSERV,EQ,17462,6229,35.67
20,443,DCMNVL,EQ,7146,3542,49.57
20,444,DCMSHRIRAM,EQ,70908,29213,41.20
20,445,DCMSRIND,EQ,157701,107567,68.21
20,446,DCW,EQ,19723546,5923175,30.03
20,447,DCXINDIA,EQ,455094,177924,39.10
20,448,DECCANCE,EQ,8467,4990,58.93
20,449,DEEPAKFERT,EQ,822135,306760,37.31
20,450,DEEPAKNTR,EQ,496926,311082,62.60
20,451,DEEPINDS,EQ,169744,64765,38.15
20,452,DELHIVERY,EQ,1305881,775798,59.41
20,453,DELPHIFX,EQ,596,465,78.02
20,454,DELTACORP,EQ,2006197,1164819,58.06
20,455,DEN,EQ,14506496,4108980,28.33
20,456,DENEERS,SM,2400,2400,100.00
20,457,DENORA,EQ,3620,1761,48.65
20,458,DENTALKART,SM,14000,13000,92.86
20,459,DESTINY,SM,12000,12000,100.00
20,460,DEVYANI,EQ,1281453,586095,45.74
20,461,DGCONTENT,EQ,39741,33918,85.35
20,462,DHAMPURSUG,EQ,1411511,423088,29.97
20,463,DHANBANK,EQ,45035157,14420277,32.02
20,464,DHANILOANS,N6,200,200,100.00
20,465,DHANILOANS,N7,205,105,51.22
20,466,DHANILOANS,N8,295,235,79.66
20,467,DHANILOANS,NF,30,30,100.00
20,468,DHANILOANS,NX,151,151,100.00
20,469,DHANILOANS,Y5,31,31,100.00
20,470,DHANUKA,EQ,43981,19463,44.25
20,471,DHARMAJ,EQ,52531,25383,48.32
20,472,DHRUV,EQ,101440,58357,57.53
20,473,DHUNINV,EQ,2913,2061,70.75
20,474,DIAMONDYD,EQ,14462,9221,63.76
20,475,DICIND,EQ,1474,1138,77.20
20,476,DISHTV,EQ,20276816,7049711,34.77
20,477,DIVGIITTS,EQ,30217,15363,50.84
20,478,DIVISLAB,EQ,315409,151611,48.07
20,479,DIVOPPBEES,EQ,14265,12500,87.63
20,480,DIXON,EQ,311092,124304,39.96
20,481,DJML,EQ,1367,1053,77.03
20,482,DKEGL,SM,6000,3000,50.00
20,483,DLF,EQ,2341930,1209659,51.65
20,484,DLINKINDIA,EQ,125558,44140,35.16
20,485,DMART,EQ,252016,166186,65.94
20,486,DMCC,EQ,18865,9288,49.23
20,487,DNAMEDIA,EQ,112566,100534,89.31
20,488,DODLA,EQ,228227,91712,40.18
20,489,DOLATALGO,EQ,113928,64157,56.31
20,490,DOLLAR,EQ,104035,47818,45.96
20,491,DOLLEX,SM,32000,12000,37.50
20,492,DONEAR,EQ,223830,82943,37.06
20,493,DPABHUSHAN,EQ,63595,30751,48.35
20,494,DPSCLTD,EQ,326381,223034,68.34
20,495,DPWIRES,EQ,25014,10233,40.91
20,496,DRCSYSTEMS,EQ,46674,24971,53.50
20,497,DREAMFOLKS,EQ,245568,150805,61.41
20,498,DREDGECORP,EQ,99010,36074,36.43
20,499,DRONE,SM,62000,40000,64.52
20,500,DRREDDY,EQ,413821,270276,65.31
20,501,DSPBANKETF,EQ,5163,3325,64.40
20,502,DSPGOLDETF,EQ,19758,15701,79.47
20,503,DSPITETF,EQ,12906,7793,60.38
20,504,DSPN50ETF,EQ,503,502,99.80
20,505,DSPNEWETF,EQ,5853,5657,96.65
20,506,DSPPSBKETF,EQ,1494,1026,68.67
20,507,DSPPVBKETF,EQ,47934,47673,99.46
20,508,DSPQ50ETF,EQ,10635,8685,81.66
20,509,DSPSENXETF,EQ,465,388,83.44
20,510,DSPSILVETF,EQ,20141,5985,29.72
20,511,DSSL,EQ,13797,8036,58.24
20,512,DTIL,EQ,4167,2035,48.84
20,513,DUCOL,SM,4800,4800,100.00
20,514,DUGLOBAL,SM,65000,57500,88.46
20,515,DVL,EQ,35395,24544,69.34
20,516,DWARKESH,EQ,7166855,2369932,33.07
20,517,DYNAMATECH,EQ,14332,5866,40.93
20,518,DYNAMIC,SM,92000,72000,78.26
20,519,DYNPRO,EQ,16682,10232,61.34
20,520,EASEMYTRIP,EQ,15414202,6438447,41.77
20,521,EBBETF0425,EQ,5818,5496,94.47
20,522,EBBETF0430,EQ,5634,5348,94.92
20,523,EBBETF0431,EQ,6623,6499,98.13
20,524,EBBETF0433,EQ,2928,2785,95.12
20,525,ECLERX,EQ,725441,131153,18.08
20,526,ECLFINANCE,NJ,140,100,71.43
20,527,ECLFINANCE,NK,1495,1485,99.33
20,528,ECLFINANCE,NO,811,811,100.00
20,529,ECLFINANCE,NP,45,45,100.00
20,530,ECLFINANCE,NR,955,953,99.79
20,531,ECLFINANCE,NS,60,60,100.00
20,532,EDELWEISS,EQ,2855518,1414683,49.54
20,533,EICHERMOT,EQ,1169429,734792,62.83
20,534,EIDPARRY,EQ,2113264,746844,35.34
20,535,EIFFL,EQ,17803,14423,81.01
20,536,EIHAHOTELS,EQ,5781,2986,51.65
20,537,EIHOTEL,EQ,2468076,1900764,77.01
20,538,EIMCOELECO,EQ,7452,5120,68.71
20,539,EKC,EQ,2229111,986591,44.26
20,540,ELDEHSG,EQ,4224,1828,43.28
20,541,ELECON,EQ,389565,189755,48.71
20,542,ELECTCAST,EQ,1566915,729037,46.53
20,543,ELGIEQUIP,EQ,394189,224064,56.84
20,544,ELGIRUBCO,EQ,866389,451140,52.07
20,545,ELIN,EQ,227167,137888,60.70
20,546,EMAMILTD,EQ,726845,497862,68.50
20,547,EMAMIPAP,EQ,26885,10750,39.99
20,548,EMAMIREAL,EQ,111141,65430,58.87
20,549,EMBASSY,RR,638037,583307,91.42
20,550,EMKAY,EQ,29604,17172,58.01
20,551,EMKAYTOOLS,SM,1200,1200,100.00
20,552,EMMBI,EQ,90798,62469,68.80
20,553,EMUDHRA,EQ,183117,76089,41.55
20,554,ENDURANCE,EQ,272323,199425,73.23
20,555,ENERGYDEV,EQ,158461,102461,64.66
20,556,ENGINERSIN,EQ,5502063,2607738,47.40
20,557,ENIL,EQ,93155,47606,51.10
20,558,EPIGRAL,EQ,46338,28898,62.36
20,559,EPL,EQ,686702,408534,59.49
20,560,EQUITASBNK,EQ,4655148,2941600,63.19
20,561,ERFLNCDI,N6,25,25,100.00
20,562,ERIS,EQ,140677,95362,67.79
20,563,EROSMEDIA,EQ,508810,288991,56.80
20,564,ESABINDIA,EQ,5374,2522,46.93
20,565,ESCORTS,EQ,279649,104489,37.36
20,566,ESFL,SM,48000,36000,75.00
20,567,ESG,EQ,10026,8168,81.47
20,568,ESTER,EQ,206329,99154,48.06
20,569,ETHOSLTD,EQ,174071,73331,42.13
20,570,EUROBOND,SM,4000,4000,100.00
20,571,EVEREADY,EQ,152450,56290,36.92
20,572,EVERESTIND,EQ,13733,7755,56.47
20,573,EXCELINDUS,EQ,25496,12901,50.60
20,574,EXIDEIND,EQ,4681735,3237192,69.15
20,575,EXPLEOSOL,EQ,12139,6427,52.95
20,576,EXXARO,EQ,183649,69880,38.05
20,577,FACT,EQ,8178230,1239095,15.15
20,578,FAIRCHEMOR,EQ,12678,6195,48.86
20,579,FAZE3Q,EQ,427389,158227,37.02
20,580,FCL,EQ,197474,96551,48.89
20,581,FCSSOFT,EQ,17982335,8001792,44.50
20,582,FDC,EQ,225066,131382,58.37
20,583,FEDERALBNK,EQ,8614702,4363075,50.65
20,584,FELIX,SM,2000,2000,100.00
20,585,FIBERWEB,EQ,227252,119011,52.37
20,586,FIDEL,SM,15000,9000,60.00
20,587,FIEMIND,EQ,97259,61176,62.90
20,588,FILATEX,EQ,548057,194329,35.46
20,589,FINCABLES,EQ,320373,152941,47.74
20,590,FINEORG,EQ,19709,11534,58.52
20,591,FINOPB,EQ,37585,18645,49.61
20,592,FINPIPE,EQ,1036841,676628,65.26
20,593,FIVESTAR,EQ,654087,498217,76.17
20,594,FLUOROCHEM,EQ,109122,60536,55.48
20,595,FMGOETZE,EQ,923632,426067,46.13
20,596,FOCE,SM,10200,10200,100.00
20,597,FOCUS,EQ,28896,22285,77.12
20,598,FOODSIN,EQ,277659,178149,64.16
20,599,FORCEMOT,EQ,24259,13070,53.88
20,600,FORTIS,EQ,1477926,1229834,83.21
20,601,FOSECOIND,EQ,3284,1440,43.85
20,602,FROG,SM,56800,44400,78.17
20,603,FSL,EQ,5802901,1949355,33.59
20,604,FUSION,EQ,126174,62968,49.91
20,605,GABRIEL,EQ,406228,236597,58.24
20,606,GAEL,EQ,3463989,662337,19.12
20,607,GAIL,EQ,27553333,21603350,78.41
20,608,GALAXYSURF,EQ,10133,5669,55.95
20,609,GALLANTT,EQ,160381,64941,40.49
20,610,GANDHITUBE,EQ,11823,3268,27.64
20,611,GANECOS,EQ,22212,11014,49.59
20,612,GANESHBE,EQ,102479,59582,58.14
20,613,GANESHHOUC,EQ,120278,78341,65.13
20,614,GANGESSECU,EQ,86461,62349,72.11
20,615,GARFIBRES,EQ,7064,4061,57.49
20,616,GATEWAY,EQ,2390935,1056648,44.19
20,617,GATI,EQ,836241,273306,32.68
20,618,GEECEE,EQ,121917,83068,68.13
20,619,GENESYS,EQ,63975,35175,54.98
20,620,GENSOL,EQ,15242,10767,70.64
20,621,GENUSPAPER,EQ,701446,320948,45.76
20,622,GENUSPOWER,EQ,1062267,655834,61.74
20,623,GEOJITFSL,EQ,451630,231972,51.36
20,624,GEPIL,EQ,190060,75859,39.91
20,625,GESHIP,EQ,673451,370978,55.09
20,626,GET&D,EQ,119926,104566,87.19
20,627,GFLLIMITED,EQ,62360,46653,74.81
20,628,GHCL,EQ,613473,406098,66.20
20,629,GHCLTEXTIL,EQ,437183,266195,60.89
20,630,GICHSGFIN,EQ,724068,304876,42.11
20,631,GICRE,EQ,6578374,1944114,29.55
20,632,GILLANDERS,EQ,162005,61021,37.67
20,633,GILLETTE,EQ,83964,47928,57.08
20,634,GILT5YBEES,EQ,141424,103713,73.33
20,635,GIPCL,EQ,2328832,936945,40.23
20,636,GIRIRAJ,SM,600,600,100.00
20,637,GLAND,EQ,269279,143006,53.11
20,638,GLAXO,EQ,306690,183193,59.73
20,639,GLENMARK,EQ,1238233,697817,56.36
20,640,GLFL,EQ,1896,1406,74.16
20,641,GLOBAL,EQ,16001,9522,59.51
20,642,GLOBALPET,SM,24000,18000,75.00
20,643,GLOBE,EQ,2712306,1463055,53.94
20,644,GLOBUSSPR,EQ,139116,71764,51.59
20,645,GLS,EQ,539978,260476,48.24
20,646,GMBREW,EQ,40890,20467,50.05
20,647,GMDCLTD,EQ,8505813,1602987,18.85
20,648,GMMPFAUDLR,EQ,835550,511971,61.27
20,649,GMRINFRA,EQ,6556647,3279398,50.02
20,650,GMRP&UI,EQ,5906332,4081905,69.11
20,651,GNA,EQ,218596,118732,54.32
20,652,GNFC,EQ,1496747,886317,59.22
20,653,GOACARBON,EQ,35367,17311,48.95
20,654,GOCLCORP,EQ,30150,14313,47.47
20,655,GOCOLORS,EQ,34605,24346,70.35
20,656,GODFRYPHLP,EQ,26807,12500,46.63
20,657,GODREJAGRO,EQ,186892,122819,65.72
20,658,GODREJCP,EQ,1450898,1053901,72.64
20,659,GODREJIND,EQ,1351184,1042496,77.15
20,660,GODREJPROP,EQ,266282,103241,38.77
20,661,GOKEX,EQ,282001,112228,39.80
20,662,GOKUL,EQ,102116,49850,48.82
20,663,GOKULAGRO,EQ,157941,90452,57.27
20,664,GOLDBEES,EQ,2701704,1811581,67.05
20,665,GOLDETF,EQ,4955,4784,96.55
20,666,GOLDIAM,EQ,136804,71678,52.39
20,667,GOLDSHARE,EQ,21797,15280,70.10
20,668,GOLDSTAR,SM,90000,90000,100.00
20,669,GOODLUCK,EQ,49719,27354,55.02
20,670,GOODYEAR,EQ,7943,4006,50.43
20,671,GPIL,EQ,916009,423932,46.28
20,672,GPPL,EQ,2799991,1121473,40.05
20,673,GRANULES,EQ,2432640,914431,37.59
20,674,GRAPHITE,EQ,591357,205692,34.78
20,675,GRASIM,EQ,1666149,732753,43.98
20,676,GRAUWEIL,EQ,257785,106942,41.48
20,677,GRAVITA,EQ,448526,229759,51.23
20,678,GREAVESCOT,EQ,2341570,789027,33.70
20,679,GREENCHEF,SM,33600,25600,76.19
20,680,GREENLAM,EQ,10632,6270,58.97
20,681,GREENPANEL,EQ,290720,170974,58.81
20,682,GREENPLY,EQ,274541,170115,61.96
20,683,GRETEX,SM,6000,6000,100.00
20,684,GRINDWELL,EQ,102709,81616,79.46
20,685,GRINFRA,EQ,131331,87160,66.37
20,686,GRMOVER,EQ,192842,92788,48.12
20,687,GROBTEA,EQ,474,276,58.23
20,688,GRSE,EQ,5059649,598141,11.82
20,689,GRWRHITECH,EQ,16440,9949,60.52
20,690,GSEC10YEAR,EQ,534,279,52.25
20,691,GSFC,EQ,2583593,1194944,46.25
20,692,GSLSU,EQ,202936,46371,22.85
20,693,GSPL,EQ,710464,438262,61.69
20,694,GSS,EQ,117005,60987,52.12
20,695,GSTL,SM,22000,22000,100.00
20,696,GTLINFRA,EQ,172546389,94897840,55.00
20,697,GTPL,EQ,275463,99285,36.04
20,698,GUFICBIO,EQ,344405,115178,33.44
20,699,GUJALKALI,EQ,218895,107153,48.95
20,700,GUJGASLTD,EQ,834338,463536,55.56
20,701,GULFOILLUB,EQ,54284,35032,64.53
20,702,GULFPETRO,EQ,126005,70464,55.92
20,703,GULPOLY,EQ,312490,142836,45.71
20,704,GVKPIL,EQ,1664399,1664399,100.00
20,705,HAL,EQ,393110,219434,55.82
20,706,HAPPSTMNDS,EQ,1100459,440811,40.06
20,707,HARDWYN,EQ,807787,702495,86.97
20,708,HARIOMPIPE,EQ,39191,11806,30.12
20,709,HARRMALAYA,EQ,150448,75864,50.43
20,710,HARSHA,EQ,108820,64711,59.47
20,711,HATHWAY,EQ,13293622,3884437,29.22
20,712,HATSUN,EQ,2983139,2434899,81.62
20,713,HAVELLS,EQ,1526334,754971,49.46
20,714,HBLPOWER,EQ,1180793,498585,42.22
20,715,HBSL,EQ,14847,10020,67.49
20,716,HCC,EQ,23803345,18148938,76.25
20,717,HCG,EQ,103171,49598,48.07
20,718,HCLTECH,EQ,4286280,2772523,64.68
20,719,HDFCAMC,EQ,650547,311203,47.84
20,720,HDFCBANK,EQ,86705601,62176243,71.71
20,721,HDFCBSE500,EQ,50878,42642,83.81
20,722,HDFCGOLD,EQ,462490,275032,59.47
20,723,HDFCGROWTH,EQ,667,657,98.50
20,724,HDFCLIFE,EQ,6827895,5267702,77.15
20,725,HDFCLIQUID,EQ,222,187,84.23
20,726,HDFCLOWVOL,EQ,175,169,96.57
20,727,HDFCMID150,EQ,16254,10534,64.81
20,728,HDFCMOMENT,EQ,7904,6682,84.54
20,729,HDFCNEXT50,EQ,383,243,63.45
20,730,HDFCNIF100,EQ,83711,83576,99.84
20,731,HDFCNIFBAN,EQ,1993,1317,66.08
20,732,HDFCNIFIT,EQ,3626,2953,81.44
20,733,HDFCNIFTY,EQ,27244,20427,74.98
20,734,HDFCPVTBAN,EQ,618,604,97.73
20,735,HDFCQUAL,EQ,1868,713,38.17
20,736,HDFCSENSEX,EQ,1485,1149,77.37
20,737,HDFCSILVER,EQ,69570,41429,59.55
20,738,HDFCSML250,EQ,72840,51333,70.47
20,739,HDFCVALUE,EQ,514,513,99.81
20,740,HEADSUP,EQ,26426,20707,78.36
20,741,HEALTHY,EQ,223764,199839,89.31
20,742,HECPROJECT,EQ,5870,3361,57.26
20,743,HEG,EQ,207104,91081,43.98
20,744,HEIDELBERG,EQ,675312,407501,60.34
20,745,HEMIPROP,EQ,632899,284411,44.94
20,746,HERANBA,EQ,40330,21611,53.59
20,747,HERCULES,EQ,38016,14697,38.66
20,748,HERITGFOOD,EQ,352047,135825,38.58
20,749,HEROMOTOCO,EQ,949607,302783,31.89
20,750,HESTERBIO,EQ,5188,3346,64.49
20,751,HEUBACHIND,EQ,28736,17064,59.38
20,752,HEXATRADEX,EQ,2041,1146,56.15
20,753,HFCL,EQ,8133621,4276621,52.58
20,754,HGINFRA,EQ,128075,61650,48.14
20,755,HGS,EQ,27560,16034,58.18
20,756,HIKAL,EQ,239214,130153,54.41
20,757,HIL,EQ,6391,3771,59.00
20,758,HILTON,EQ,216609,95394,44.04
20,759,HIMATSEIDE,EQ,301555,114633,38.01
20,760,HINDALCO,EQ,8515363,4912673,57.69
20,761,HINDCOMPOS,EQ,7660,5088,66.42
20,762,HINDCOPPER,EQ,4889241,1654395,33.84
20,763,HINDMOTORS,EQ,635752,327387,51.50
20,764,HINDOILEXP,EQ,3762772,1638816,43.55
20,765,HINDPETRO,EQ,10861910,6781128,62.43
20,766,HINDUNILVR,EQ,3750697,2919768,77.85
20,767,HINDWAREAP,EQ,52512,30577,58.23
20,768,HINDZINC,EQ,538269,388792,72.23
20,769,HITECH,EQ,1509255,702173,46.52
20,770,HITECHGEAR,EQ,5186,3416,65.87
20,771,HLEGLAS,EQ,48608,30420,62.58
20,772,HLVLTD,EQ,2091685,1245228,59.53
20,773,HMAAGRO,EQ,84752,41940,49.49
20,774,HNDFDS,EQ,74298,49190,66.21
20,775,HNGSNGBEES,EQ,21254,14655,68.95
20,776,HOMEFIRST,EQ,129410,68555,52.98
20,777,HOMESFY,SM,3900,3000,76.92
20,778,HONAUT,EQ,3195,1962,61.41
20,779,HONDAPOWER,EQ,13444,5124,38.11
20,780,HPAL,EQ,87785,24897,28.36
20,781,HPL,EQ,237848,111924,47.06
20,782,HSCL,EQ,14793324,8859262,59.89
20,783,HTMEDIA,EQ,8645491,3069281,35.50
20,784,HUDCO,EQ,8350242,2950248,35.33
20,785,HUDCO,N2,880,880,100.00
20,786,HUDCO,N5,49,49,100.00
20,787,HUDCO,N8,455,140,30.77
20,788,HUDCO,NE,64,64,100.00
20,789,HUHTAMAKI,EQ,49506,25411,51.33
20,790,IBMFNIFTY,EQ,86,61,70.93
20,791,IBREALEST,EQ,8858532,2569827,29.01
20,792,IBUCCREDIT,ND,56,56,100.00
20,793,IBUCCREDIT,NG,5,5,100.00
20,794,IBUCCREDIT,NH,41,21,51.22
20,795,IBUCCREDIT,NJ,10,10,100.00
20,796,IBUCCREDIT,NO,10,10,100.00
20,797,IBUCCREDIT,NZ,25,25,100.00
20,798,IBULHSGFIN,AB,59,59,100.00
20,799,IBULHSGFIN,AG,171,171,100.00
20,800,IBULHSGFIN,AJ,5,5,100.00
20,801,IBULHSGFIN,AT,12,12,100.00
20,802,IBULHSGFIN,BC,30,30,100.00
20,803,IBULHSGFIN,EQ,21940800,7502627,34.19
20,804,IBULHSGFIN,N8,18,18,100.00
20,805,IBULHSGFIN,N9,3067,3067,100.00
20,806,IBULHSGFIN,NA,582,582,100.00
20,807,IBULHSGFIN,NE,529,528,99.81
20,808,IBULHSGFIN,NT,100,100,100.00
20,809,IBULHSGFIN,Y3,40,40,100.00
20,810,IBULHSGFIN,YN,6,6,100.00
20,811,IBULHSGFIN,YR,30,30,100.00
20,812,IBULHSGFIN,YT,9,9,100.00
20,813,IBULHSGFIN,YZ,12,12,100.00
20,814,IBULHSGFIN,Z3,20,20,100.00
20,815,IBULHSGFIN,ZK,21,20,95.24
20,816,IBULHSGFIN,ZN,30,30,100.00
20,817,IBULHSGFIN,ZP,60,60,100.00
20,818,IBULHSGFIN,ZR,300,300,100.00
20,819,IBULHSGFIN,ZS,1000,1000,100.00
20,820,IBULHSGFIN,ZX,5,5,100.00
20,821,ICEMAKE,EQ,15574,11026,70.80
20,822,ICICI10GS,EQ,485,460,94.85
20,823,ICICI500,EQ,35552,23748,66.80
20,824,ICICI5GSEC,EQ,31,26,83.87
20,825,ICICIALPLV,EQ,68290,65147,95.40
20,826,ICICIAUTO,EQ,37185,26763,71.97
20,827,ICICIB22,EQ,599947,487424,81.24
20,828,ICICIBANK,EQ,13307980,7110193,53.43
20,829,ICICIBANKN,EQ,125741,84074,66.86
20,830,ICICIBANKP,EQ,7529,5081,67.49
20,831,ICICICOMMO,EQ,23235,17851,76.83
20,832,ICICICONSU,EQ,6094,3298,54.12
20,833,ICICIFIN,EQ,28606,10967,38.34
20,834,ICICIFMCG,EQ,9138,8023,87.80
20,835,ICICIGI,EQ,733387,455261,62.08
20,836,ICICIGOLD,EQ,101428,78233,77.13
20,837,ICICIINFRA,EQ,13281,7019,52.85
20,838,ICICILIQ,EQ,286925,176977,61.68
20,839,ICICILOVOL,EQ,95919,91977,95.89
20,840,ICICIM150,EQ,27472,20195,73.51
20,841,ICICIMCAP,EQ,3754,2615,69.66
20,842,ICICIMOM30,EQ,33069,27325,82.63
20,843,ICICINF100,EQ,21889,15698,71.72
20,844,ICICINIFTY,EQ,178478,103754,58.13
20,845,ICICINV20,EQ,29453,21179,71.91
20,846,ICICINXT50,EQ,63095,32888,52.12
20,847,ICICIPHARM,EQ,10819,7968,73.65
20,848,ICICIPRULI,EQ,4150275,2079283,50.10
20,849,ICICIQTY30,EQ,6168,5930,96.14
20,850,ICICISENSX,EQ,2272,1858,81.78
20,851,ICICISILVE,EQ,224934,175087,77.84
20,852,ICICITECH,EQ,286806,174386,60.80
20,853,ICIL,EQ,466262,222754,47.77
20,854,ICRA,EQ,1437,787,54.77
20,855,IDBI,EQ,22164101,7640521,34.47
20,856,IDEA,EQ,525814217,167586876,31.87
20,857,IDEAFORGE,EQ,74154,36478,49.19
20,858,IDFC,EQ,11939947,8208940,68.75
20,859,IDFCFIRSTB,EQ,20016713,7976636,39.85
20,860,IDFNIFTYET,EQ,110,104,94.55
20,861,IEX,EQ,5623303,2740788,48.74
20,862,IFBAGRO,EQ,10000,3341,33.41
20,863,IFBIND,EQ,19935,5947,29.83
20,864,IFCI,EQ,24222535,10395485,42.92
20,865,IFCI,NH,15,15,100.00
20,866,IFCI,NL,55,52,94.55
20,867,IFGLEXPOR,EQ,21769,11243,51.65
20,868,IGARASHI,EQ,45382,20291,44.71
20,869,IGL,EQ,1192738,535349,44.88
20,870,IGPL,EQ,236118,96830,41.01
20,871,IIFCL,N2,2,2,100.00
20,872,IIFL,EQ,476007,295845,62.15
20,873,IIFL,N7,110,110,100.00
20,874,IIFL,NC,150,150,100.00
20,875,IIFL,ND,239,239,100.00
20,876,IIFL,NE,313,313,100.00
20,877,IIFL,NF,990,890,89.90
20,878,IIFL,NG,50,50,100.00
20,879,IIFL,NH,366,358,97.81
20,880,IIFL,NI,389,389,100.00
20,881,IIFL,NJ,167,117,70.06
20,882,IIFL,NM,25,25,100.00
20,883,IIFL,NO,230,230,100.00
20,884,IIFL,NS,151,151,100.00
20,885,IIFL,NU,1315,1105,84.03
20,886,IIFL,NW,350,350,100.00
20,887,IIFL,NZ,174,174,100.00
20,888,IIFLSEC,EQ,596049,378160,63.44
20,889,IIHFL,N4,1057,920,87.04
20,890,IIHFL,N5,1050,1049,99.90
20,891,IIHFL,N6,597,586,98.16
20,892,IIHFL,N7,10,10,100.00
20,893,IIHFL,NC,1000,1000,100.00
20,894,IKIO,EQ,304688,156404,51.33
20,895,IMAGICAA,EQ,1354787,665956,49.16
20,896,IMC1,N0,91,51,56.04
20,897,IMC1,N1,126,100,79.37
20,898,IMC1,N2,345,200,57.97
20,899,IMC1,N3,192,114,59.38
20,900,IMFA,EQ,45789,21055,45.98
20,901,IMPAL,EQ,2082,1609,77.28
20,902,INCREDFIN,N2,60,50,83.33
20,903,INCREDIBLE,EQ,85477,50410,58.97
20,904,INDBANK,EQ,7450059,1968380,26.42
20,905,INDHOTEL,EQ,5623551,2692893,47.89
20,906,INDIACEM,EQ,2374340,766045,32.26
20,907,INDIAGLYCO,EQ,75331,34618,45.95
20,908,INDIAMART,EQ,563107,380271,67.53
20,909,INDIANB,EQ,2694553,1166763,43.30
20,910,INDIANCARD,EQ,9667,4958,51.29
20,911,INDIANHUME,EQ,52779,29437,55.77
20,912,INDIGO,EQ,2527706,1687073,66.74
20,913,INDIGOPNTS,EQ,45478,23721,52.16
20,914,INDIGRID,IV,192845,176284,91.41
20,915,INDIGRID,ND,25,25,100.00
20,916,INDIGRID,NJ,9093,8419,92.59
20,917,INDNIPPON,EQ,204976,108118,52.75
20,918,INDOAMIN,EQ,136597,74271,54.37
20,919,INDOCO,EQ,190226,97990,51.51
20,920,INDORAMA,EQ,270309,104667,38.72
20,921,INDSWFTLAB,EQ,172244,114132,66.26
20,922,INDTERRAIN,EQ,143042,90084,62.98
20,923,INDUSINDBK,EQ,1647901,995751,60.43
20,924,INDUSTOWER,EQ,29291456,16225121,55.39
20,925,INFIBEAM,EQ,109395383,24869248,22.73
20,926,INFINIUM,SM,8000,8000,100.00
20,927,INFOBEAN,EQ,8693,4706,54.14
20,928,INFOLLION,SM,20800,17600,84.62
20,929,INFOMEDIA,EQ,25596,20191,78.88
20,930,INFRABEES,EQ,3454,2474,71.63
20,931,INFY,EQ,8657816,5674517,65.54
20,932,INGERRAND,EQ,9388,5172,55.09
20,933,INNOVANA,SM,18000,16800,93.33
20,934,INNOVATIVE,SM,468000,396000,84.62
20,935,INOXGREEN,EQ,2376158,946322,39.83
20,936,INOXWIND,EQ,389425,223859,57.48
20,937,INSECTICID,EQ,66784,27932,41.82
20,938,INTELLECT,EQ,1564385,394163,25.20
20,939,INTENTECH,EQ,750449,352705,47.00
20,940,INTLCONV,EQ,171508,99928,58.26
20,941,INVENTURE,EQ,3341241,2034875,60.90
20,942,IOB,EQ,152172830,24523078,16.12
20,943,IOC,EQ,35184771,23854669,67.80
20,944,IOLCP,EQ,1949686,544621,27.93
20,945,IONEXCHANG,EQ,2533176,1742810,68.80
20,946,IPCALAB,EQ,1953868,535161,27.39
20,947,IPL,EQ,851174,402835,47.33
20,948,IPSL,SM,4000,4000,100.00
20,949,IRB,EQ,46746456,29380159,62.85
20,950,IRBINVIT,IV,1123516,1094732,97.44
20,951,IRCON,EQ,15668406,5082291,32.44
20,952,IRCTC,EQ,1614958,810147,50.17
20,953,IREDA,N7,1302,1300,99.85
20,954,IRFC,EQ,77020431,22973210,29.83
20,955,IRFC,N2,126,113,89.68
20,956,IRFC,N4,201,201,100.00
20,957,IRFC,N7,100,100,100.00
20,958,IRFC,N9,700,700,100.00
20,959,IRFC,NA,3,3,100.00
20,960,IRFC,NI,6,6,100.00
20,961,IRFC,NJ,1,1,100.00
20,962,IRFC,NK,9,9,100.00
20,963,IRFC,NL,10,10,100.00
20,964,IRFC,NO,217,215,99.08
20,965,IRISDOREME,EQ,40349,8153,20.21
20,966,ISEC,EQ,639691,256976,40.17
20,967,ISFT,EQ,26864,18393,68.47
20,968,ISGEC,EQ,76887,38868,50.55
20,969,ISHAN,SM,6400,3200,50.00
20,970,ISMTLTD,EQ,323009,153730,47.59
20,971,ITBEES,EQ,5518889,3698950,67.02
20,972,ITC,EQ,15077136,10523981,69.80
20,973,ITDC,EQ,37077,10093,27.22
20,974,ITDCEM,EQ,933719,429295,45.98
20,975,ITI,EQ,9970210,1205023,12.09
20,976,IVP,EQ,17032,8523,50.04
20,977,IVZINGOLD,EQ,17,14,82.35
20,978,IWEL,EQ,3197,1941,60.71
20,979,JAGRAN,EQ,665593,282575,42.45
20,980,JAGSNPHARM,EQ,27379,9405,34.35
20,981,JAICORPLTD,EQ,1036989,397309,38.31
20,982,JAINAM,SM,4000,3000,75.00
20,983,JAIPURKURT,EQ,18305,11669,63.75
20,984,JALAN,SM,147000,114000,77.55
20,985,JAMNAAUTO,EQ,1646706,809870,49.18
20,986,JASH,EQ,2223,1266,56.95
20,987,JAYAGROGN,EQ,14491,8460,58.38
20,988,JAYBARMARU,EQ,18654,11451,61.39
20,989,JAYNECOIND,EQ,284173,219360,77.19
20,990,JAYSREETEA,EQ,86089,39828,46.26
20,991,JBCHEPHARM,EQ,93492,63999,68.45
20,992,JCHAC,EQ,170462,122458,71.84
20,993,JINDALPHOT,EQ,56214,51651,91.88
20,994,JINDALPOLY,EQ,16823,8820,52.43
20,995,JINDALSAW,EQ,1589578,853602,53.70
20,996,JINDALSTEL,EQ,2256202,1097829,48.66
20,997,JINDRILL,EQ,56197,30033,53.44
20,998,JINDWORLD,EQ,85873,39035,45.46
20,999,JIOFIN,EQ,27416106,19443644,70.92
20,1000,JISLJALEQS,EQ,1816769,1076919,59.28
20,1001,J&KBANK,EQ,10957317,2659590,24.27
20,1002,JKCEMENT,EQ,46803,21411,45.75
20,1003,JKIL,EQ,149528,77359,51.74
20,1004,JKLAKSHMI,EQ,348064,230039,66.09
20,1005,JKPAPER,EQ,972235,464284,47.75
20,1006,JKTYRE,EQ,1075480,488358,45.41
20,1007,JMA,EQ,38873,16703,42.97
20,1008,JMFINANCIL,EQ,4007361,2095794,52.30
20,1009,JOCIL,EQ,64194,42030,65.47
20,1010,JPASSOCIAT,EQ,56626046,25859154,45.67
20,1011,JPOLYINVST,EQ,5255,3108,59.14
20,1012,JPPOWER,EQ,297705640,85165695,28.61
20,1013,JSL,EQ,3244358,2184186,67.32
20,1014,JSLL,SM,16500,14000,84.85
20,1015,JSWENERGY,EQ,4347819,1218690,28.03
20,1016,JSWHL,EQ,2012,1093,54.32
20,1017,JSWSTEEL,EQ,4454542,2753016,61.80
20,1018,JTEKTINDIA,EQ,377976,175995,46.56
20,1019,JTLIND,EQ,1405545,983315,69.96
20,1020,JUBLFOOD,EQ,2744458,1051270,38.31
20,1021,JUBLINDS,EQ,32840,10988,33.46
20,1022,JUBLINGREA,EQ,213725,105880,49.54
20,1023,JUBLPHARMA,EQ,140607,61975,44.08
20,1024,JUNIORBEES,EQ,61763,37228,60.28
20,1025,JUSTDIAL,EQ,181447,127586,70.32
20,1026,JWL,EQ,1897310,932734,49.16
20,1027,JYOTHYLAB,EQ,465163,183818,39.52
20,1028,KABRAEXTRU,EQ,80609,42666,52.93
20,1029,KAJARIACER,EQ,188234,114970,61.08
20,1030,KAKATCEM,EQ,16622,9513,57.23
20,1031,KALYANKJIL,EQ,7666817,4605704,60.07
20,1032,KAMATHOTEL,EQ,23391,16628,71.09
20,1033,KAMDHENU,EQ,63673,25968,40.78
20,1034,KANANIIND,EQ,205572,156421,76.09
20,1035,KANDARP,SM,80000,68000,85.00
20,1036,KANORICHEM,EQ,72676,38387,52.82
20,1037,KANPRPLA,EQ,31709,2076,6.55
20,1038,KANSAINER,EQ,1033483,910356,88.09
20,1039,KAPSTON,EQ,6401,6271,97.97
20,1040,KARURVYSYA,EQ,6477333,4189646,64.68
20,1041,KAUSHALYA,EQ,61295,44076,71.91
20,1042,KAYA,EQ,9415,5824,61.86
20,1043,KAYNES,EQ,217402,149021,68.55
20,1044,KCK,SM,4000,4000,100.00
20,1045,KCP,EQ,194058,95977,49.46
20,1046,KCPSUGIND,EQ,1292774,583614,45.14
20,1047,KDDL,EQ,16628,6708,40.34
20,1048,KDL,SM,1600,1600,100.00
20,1049,KEC,EQ,449950,202754,45.06
20,1050,KECL,EQ,111149,68957,62.04
20,1051,KEI,EQ,338057,242056,71.60
20,1052,KELLTONTEC,EQ,1004130,366761,36.53
20,1053,KENNAMET,EQ,3686,1338,36.30
20,1054,KEYFINSERV,EQ,13774,3172,23.03
20,1055,KFINTECH,EQ,233982,94307,40.31
20,1056,KHADIM,EQ,82635,41816,50.60
20,1057,KHAICHEM,EQ,129988,59158,45.51
20,1058,KHFM,SM,18600,18600,100.00
20,1059,KICL,EQ,8536,4490,52.60
20,1060,KIMS,EQ,624146,554367,88.82
20,1061,KINGFA,EQ,4558,2308,50.64
20,1062,KIOCL,EQ,286462,86610,30.23
20,1063,KIRIINDUS,EQ,224520,104964,46.75
20,1064,KIRLFER,EQ,157783,76698,48.61
20,1065,KIRLOSBROS,EQ,163653,88147,53.86
20,1066,KIRLOSENG,EQ,2437464,1762657,72.32
20,1067,KIRLOSIND,EQ,7702,3635,47.20
20,1068,KIRLPNU,EQ,64886,36621,56.44
20,1069,KITEX,EQ,169889,63719,37.51
20,1070,KKCL,EQ,48160,23705,49.22
20,1071,KMSUGAR,EQ,653206,271063,41.50
20,1072,KNAGRI,SM,16000,8000,50.00
20,1073,KNRCON,EQ,621910,374597,60.23
20,1074,KOHINOOR,EQ,88461,57615,65.13
20,1075,KOLTEPATIL,EQ,446976,227419,50.88
20,1076,KOPRAN,EQ,160558,97036,60.44
20,1077,KORE,SM,19000,14000,73.68
20,1078,KOTAKALPHA,EQ,229622,141350,61.56
20,1079,KOTAKBANK,EQ,4121540,2950951,71.60
20,1080,KOTAKBKETF,EQ,941928,875610,92.96
20,1081,KOTAKCONS,EQ,3951,2585,65.43
20,1082,KOTAKGOLD,EQ,357265,297028,83.14
20,1083,KOTAKIT,EQ,90679,46878,51.70
20,1084,KOTAKLIQ,EQ,200,100,50.00
20,1085,KOTAKLOVOL,EQ,16028,10978,68.49
20,1086,KOTAKMID50,EQ,67799,62397,92.03
20,1087,KOTAKMNC,EQ,18256,15755,86.30
20,1088,KOTAKNIFTY,EQ,26938,23514,87.29
20,1089,KOTAKNV20,EQ,11837,6370,53.81
20,1090,KOTAKPSUBK,EQ,822154,804715,97.88
20,1091,KOTAKSILVE,EQ,29954,22616,75.50
20,1092,KOTHARIPET,EQ,230194,101074,43.91
20,1093,KOTHARIPRO,EQ,15759,11061,70.19
20,1094,KOTYARK,SM,7600,7000,92.11
20,1095,KOVAI,EQ,4349,2195,50.47
20,1096,KPIGREEN,EQ,125968,81722,64.88
20,1097,KPIL,EQ,651671,493751,75.77
20,1098,KPITTECH,EQ,531104,301050,56.68
20,1099,KPRMILL,EQ,203384,106676,52.45
20,1100,KRBL,EQ,389759,196130,50.32
20,1101,KRISHANA,EQ,56297,49719,88.32
20,1102,KRISHCA,SM,16000,14000,87.50
20,1103,KRISHIVAL,SM,1000,1000,100.00
20,1104,KRISHNADEF,SM,80000,60000,75.00
20,1105,KRITI,EQ,28478,18556,65.16
20,1106,KRSNAA,EQ,59044,30078,50.94
20,1107,KSB,EQ,33101,16289,49.21
20,1108,KSCL,EQ,1197287,410759,34.31
20,1109,KSL,EQ,688025,177321,25.77
20,1110,KTKBANK,EQ,2291026,1188981,51.90
20,1111,KUANTUM,EQ,288993,104390,36.12
20,1112,LALPATHLAB,EQ,408809,125326,30.66
20,1113,LAMBODHARA,EQ,34988,22796,65.15
20,1114,LANDMARK,EQ,72947,22547,30.91
20,1115,LAOPALA,EQ,58068,30403,52.36
20,1116,LATENTVIEW,EQ,570501,268713,47.10
20,1117,LAURUSLABS,EQ,2134121,1033909,48.45
20,1118,LAXMICOT,EQ,26183,21238,81.11
20,1119,LAXMIMACH,EQ,3048,2196,72.05
20,1120,LEMERITE,SM,8000,8000,100.00
20,1121,LEMONTREE,EQ,12830187,5099067,39.74
20,1122,LFIC,EQ,6188,4219,68.18
20,1123,LGBBROSLTD,EQ,64758,41949,64.78
20,1124,LGBFORGE,EQ,80942,50047,61.83
20,1125,LGHL,SM,8000,8000,100.00
20,1126,LIBAS,EQ,38941,25683,65.95
20,1127,LIBERTSHOE,EQ,119885,41097,34.28
20,1128,LICHSGFIN,EQ,2462184,1451977,58.97
20,1129,LICI,EQ,1743786,776735,44.54
20,1130,LICMFGOLD,EQ,1998,1945,97.35
20,1131,LICNETFGSC,EQ,4391,3861,87.93
20,1132,LICNETFN50,EQ,181,90,49.72
20,1133,LICNETFSEN,EQ,125,119,95.20
20,1134,LICNFNHGP,EQ,333,332,99.70
20,1135,LIKHITHA,EQ,132549,68441,51.63
20,1136,LINC,EQ,12177,8204,67.37
20,1137,LINCOLN,EQ,42315,21465,50.73
20,1138,LINDEINDIA,EQ,53851,29195,54.21
20,1139,LIQUID,EQ,58223,45323,77.84
20,1140,LIQUIDBEES,EQ,2526540,1745743,69.10
20,1141,LIQUIDETF,EQ,493449,291326,59.04
20,1142,LLOYDS,SM,12000,6000,50.00
20,1143,LLOYDSME,EQ,264812,187501,70.81
20,1144,LODHA,EQ,1965261,1469836,74.79
20,1145,LORDSCHLO,EQ,9283,7056,76.01
20,1146,LOVABLE,EQ,30148,16631,55.16
20,1147,LOWVOL,EQ,46,38,82.61
20,1148,LOYALTEX,EQ,1637,1211,73.98
20,1149,LPDC,EQ,177348,97401,54.92
20,1150,LT,EQ,1655275,1011520,61.11
20,1151,L&TFH,EQ,5806772,2813502,48.45
20,1152,L&TFINANCE,NC,134,134,100.00
20,1153,L&TFINANCE,NE,107,107,100.00
20,1154,L&TFINANCE,NI,300,300,100.00
20,1155,L&TFINANCE,NO,39,39,100.00
20,1156,L&TFINANCE,NQ,625,450,72.00
20,1157,L&TFINANCE,NU,63,63,100.00
20,1158,L&TFINANCE,Y5,101,100,99.01
20,1159,L&TFINANCE,Y7,558,558,100.00
20,1160,L&TFINANCE,Y9,1623,1300,80.10
20,1161,LTGILTBEES,EQ,468547,464215,99.08
20,1162,LTIM,EQ,296245,156497,52.83
20,1163,LTTS,EQ,238674,90691,38.00
20,1164,LUMAXIND,EQ,4790,1836,38.33
20,1165,LUMAXTECH,EQ,300376,152501,50.77
20,1166,LUPIN,EQ,967345,624957,64.61
20,1167,LUXIND,EQ,90763,53002,58.40
20,1168,LXCHEM,EQ,594227,244898,41.21
20,1169,LYKALABS,EQ,48575,23933,49.27
20,1170,MACPOWER,EQ,28012,20770,74.15
20,1171,MADHAV,EQ,10449,4786,45.80
20,1172,MADHAVBAUG,SM,1600,1600,100.00
20,1173,MADRASFERT,EQ,2831424,712452,25.16
20,1174,MAFANG,EQ,151927,128614,84.66
20,1175,MAGADSUGAR,EQ,92506,31412,33.96
20,1176,MAGSON,SM,38000,28000,73.68
20,1177,MAHABANK,EQ,107660126,28729563,26.69
20,1178,MAHEPC,EQ,32521,19716,60.63
20,1179,MAHKTECH,EQ,367316,259633,70.68
20,1180,MAHLIFE,EQ,275291,178376,64.80
20,1181,MAHLOG,EQ,144160,79383,55.07
20,1182,MAHSCOOTER,EQ,13155,8000,60.81
20,1183,MAHSEAMLES,EQ,362753,189696,52.29
20,1184,MAITHANALL,EQ,32513,16989,52.25
20,1185,MAKEINDIA,EQ,2647,2147,81.11
20,1186,MAKS,SM,18000,18000,100.00
20,1187,MALLCOM,EQ,8423,5843,69.37
20,1188,MALUPAPER,EQ,126774,61710,48.68
20,1189,MANAKALUCO,EQ,255854,120108,46.94
20,1190,MANAKSIA,EQ,146045,70041,47.96
20,1191,MANAKSTEEL,EQ,150658,84354,55.99
20,1192,MANALIPETC,EQ,1008781,646503,64.09
20,1193,MANAPPURAM,EQ,6341366,3681312,58.05
20,1194,MANGALAM,EQ,112701,77445,68.72
20,1195,MANGCHEFER,EQ,446282,250044,56.03
20,1196,MANGLMCEM,EQ,63480,40265,63.43
20,1197,MANINDS,EQ,412157,182693,44.33
20,1198,MANINFRA,EQ,1131578,570430,50.41
20,1199,MANKIND,EQ,165612,107569,64.95
20,1200,MANOMAY,EQ,11484,9592,83.52
20,1201,MANORAMA,EQ,3797,2170,57.15
20,1202,MANORG,EQ,5850,3460,59.15
20,1203,MANYAVAR,EQ,230924,118723,51.41
20,1204,MAPMYINDIA,EQ,55242,23900,43.26
20,1205,MARALOVER,EQ,276149,151823,54.98
20,1206,MARATHON,EQ,421760,182828,43.35
20,1207,MARICO,EQ,1751444,1227647,70.09
20,1208,MARKSANS,EQ,1228773,668791,54.43
20,1209,MARSHALL,EQ,199375,130316,65.36
20,1210,MARUTI,EQ,544616,385532,70.79
20,1211,MASFIN,EQ,59836,33035,55.21
20,1212,MASPTOP50,EQ,208159,165414,79.47
20,1213,MASTEK,EQ,57191,27895,48.78
20,1214,MATRIMONY,EQ,15753,9210,58.47
20,1215,MAWANASUG,EQ,723309,343594,47.50
20,1216,MAXHEALTH,EQ,4633092,3454398,74.56
20,1217,MAXIND,EQ,113004,50494,44.68
20,1218,MAYURUNIQ,EQ,57630,35977,62.43
20,1219,MAZDA,EQ,5003,2373,47.43
20,1220,MAZDOCK,EQ,8151918,1813943,22.25
20,1221,MBAPL,EQ,7182,4245,59.11
20,1222,MCDOWELL-N,EQ,1025493,521290,50.83
20,1223,MCX,EQ,552036,203780,36.91
20,1224,MDL,SM,44000,42000,95.45
20,1225,MEDANTA,EQ,602128,422475,70.16
20,1226,MEDICAMEQ,EQ,10410,6957,66.83
20,1227,MEDICO,EQ,140400,48200,34.33
20,1228,MEDPLUS,EQ,374653,273668,73.05
20,1229,MEGAFLEX,SM,27000,27000,100.00
20,1230,MENONBE,EQ,170243,94591,55.56
20,1231,MEP,EQ,651347,338417,51.96
20,1232,METROBRAND,EQ,53592,23242,43.37
20,1233,METROPOLIS,EQ,933729,288751,30.92
20,1234,MFSL,EQ,1000139,692738,69.26
20,1235,MGL,EQ,417549,256480,61.43
20,1236,MHHL,SM,21000,15000,71.43
20,1237,MHRIL,EQ,392073,200684,51.19
20,1238,MID150BEES,EQ,809517,698140,86.24
20,1239,MIDCAPETF,EQ,7987917,7820675,97.91
20,1240,MIDHANI,EQ,848179,316745,37.34
20,1241,MINDACORP,EQ,471189,247147,52.45
20,1242,MINDPOOL,SM,2000,2000,100.00
20,1243,MINDSPACE,RR,3411245,2888929,84.69
20,1244,MIRZAINT,EQ,309795,232424,75.03
20,1245,MITCON,EQ,15123,8461,55.95
20,1246,MKPL,EQ,136970,58810,42.94
20,1247,M&M,EQ,5425897,3321107,61.21
20,1248,M&MFIN,EQ,2526642,1153069,45.64
20,1249,M&MFIN,N1,9,9,100.00
20,1250,M&MFIN,N2,288,288,100.00
20,1251,M&MFIN,N3,146,146,100.00
20,1252,MMFL,EQ,26843,12627,47.04
20,1253,MMTC,EQ,8229782,3045981,37.01
20,1254,MOGSEC,EQ,797,550,69.01
20,1255,MOHEALTH,EQ,4862,2291,47.12
20,1256,MOHITIND,EQ,55515,22768,41.01
20,1257,MOIL,EQ,455473,164512,36.12
20,1258,MOKSH,EQ,519598,399089,76.81
20,1259,MOL,EQ,918552,565427,61.56
20,1260,MOLDTECH,EQ,73640,44784,60.81
20,1261,MOLDTKPAC,EQ,110542,58596,53.01
20,1262,MOLOWVOL,EQ,527,271,51.42
20,1263,MOM100,EQ,147053,95658,65.05
20,1264,MOM50,EQ,5200,4422,85.04
20,1265,MOMENTUM,EQ,13068,9123,69.81
20,1266,MOMOMENTUM,EQ,9952,8794,88.36
20,1267,MON100,EQ,337403,190773,56.54
20,1268,MONARCH,EQ,60383,14182,23.49
20,1269,MONOPHARMA,ST,268000,260000,97.01
20,1270,MONQ50,EQ,13781,9276,67.31
20,1271,MONTECARLO,EQ,49809,28573,57.37
20,1272,MORARJEE,EQ,35857,18543,51.71
20,1273,MOREPENLAB,EQ,3756807,1053049,28.03
20,1274,MOS,SM,91200,76800,84.21
20,1275,MOTHERSON,EQ,6853250,4758154,69.43
20,1276,MOTILALOFS,EQ,615733,434101,70.50
20,1277,MOVALUE,EQ,3583,2541,70.92
20,1278,MPHASIS,EQ,618418,296312,47.91
20,1279,MPSLTD,EQ,10050,5293,52.67
20,1280,MPTODAY,SM,2000,2000,100.00
20,1281,MRF,EQ,14149,5113,36.14
20,1282,MRO-TEK,EQ,6608,3020,45.70
20,1283,MRPL,EQ,5001037,1860954,37.21
20,1284,MSTCLTD,EQ,944156,394673,41.80
20,1285,MSUMI,EQ,3328333,1802922,54.17
20,1286,MTARTECH,EQ,1327746,804688,60.61
20,1287,MTNL,EQ,36450717,10134215,27.80
20,1288,MUKANDLTD,EQ,233609,132626,56.77
20,1289,MUKTAARTS,EQ,63842,34541,54.10
20,1290,MUNJALAU,EQ,181158,70313,38.81
20,1291,MUNJALSHOW,EQ,179398,97429,54.31
20,1292,MUTHOOTCAP,EQ,341230,115747,33.92
20,1293,MUTHOOTFIN,EQ,538984,219760,40.77
20,1294,MWL,SM,14400,12000,83.33
20,1295,NABARD,N2,1155,1100,95.24
20,1296,NACLIND,EQ,107875,60156,55.76
20,1297,NAGAFERT,EQ,2934944,1545866,52.67
20,1298,NAHARCAP,EQ,20476,12115,59.17
20,1299,NAHARINDUS,EQ,184363,95965,52.05
20,1300,NAHARPOLY,EQ,28076,14381,51.22
20,1301,NAHARSPING,EQ,44051,24268,55.09
20,1302,NAM-INDIA,EQ,934896,619117,66.22
20,1303,NARMADA,EQ,42007,28175,67.07
20,1304,NATCOPHARM,EQ,796970,352399,44.22
20,1305,NATHBIOGEN,EQ,334624,126862,37.91
20,1306,NATIONALUM,EQ,16664082,9379887,56.29
20,1307,NAUKRI,EQ,824454,549567,66.66
20,1308,NAVA,EQ,480019,246529,51.36
20,1309,NAVIFIN,N0,71,71,100.00
20,1310,NAVIFIN,N1,107,107,100.00
20,1311,NAVIFIN,N2,47,47,100.00
20,1312,NAVIFIN,N5,36,36,100.00
20,1313,NAVIFIN,N7,61,61,100.00
20,1314,NAVINFLUOR,EQ,50181,25156,50.13
20,1315,NAVKARCORP,EQ,783149,285443,36.45
20,1316,NAVNETEDUL,EQ,374941,171678,45.79
20,1317,NAZARA,EQ,2070847,1217000,58.77
20,1318,NBCC,EQ,25486777,7660189,30.06
20,1319,NBIFIN,EQ,135,107,79.26
20,1320,NCC,EQ,11608149,6262463,53.95
20,1321,NCLIND,EQ,112280,66222,58.98
20,1322,NDGL,EQ,235,199,84.68
20,1323,NDL,EQ,102357,81254,79.38
20,1324,NDTV,EQ,221997,110625,49.83
20,1325,NECCLTD,EQ,523831,226336,43.21
20,1326,NECCLTDPP,E1,35321,35104,99.39
20,1327,NECLIFE,EQ,251541,150583,59.86
20,1328,NELCAST,EQ,144004,85515,59.38
20,1329,NELCO,EQ,89398,38655,43.24
20,1330,NEOGEN,EQ,58196,36624,62.93
20,1331,NESCO,EQ,127806,73144,57.23
20,1332,NESTLEIND,EQ,116141,73266,63.08
20,1333,NETF,EQ,1769,740,41.83
20,1334,NETWEB,EQ,64170,38092,59.36
20,1335,NETWORK18,EQ,2700191,1484425,54.97
20,1336,NEULANDLAB,EQ,31594,19824,62.75
20,1337,NEWGEN,EQ,61598,40771,66.19
20,1338,NEXT50,EQ,2566,2384,92.91
20,1339,NEXTMEDIA,EQ,42521,30519,71.77
20,1340,NFL,EQ,10527628,3224335,30.63
20,1341,NGLFINE,EQ,5252,2111,40.19
20,1342,NH,EQ,820808,359711,43.82
20,1343,NHAI,N2,510,465,91.18
20,1344,NHAI,N5,7,7,100.00
20,1345,NHAI,N6,250,250,100.00
20,1346,NHAI,N8,5,5,100.00
20,1347,NHAI,NA,3064,2739,89.39
20,1348,NHAI,NC,212,212,100.00
20,1349,NHAI,NE,523,523,100.00
20,1350,NHBTF2014,N6,2,2,100.00
20,1351,NHIT,N1,2527,2361,93.43
20,1352,NHIT,N2,304,304,100.00
20,1353,NHIT,N3,1427,1427,100.00
20,1354,NHPC,EQ,56993750,25691513,45.08
20,1355,NIACL,EQ,15963295,3096896,19.40
20,1356,NIDAN,SM,30000,23000,76.67
20,1357,NIF100BEES,EQ,30858,27895,90.40
20,1358,NIFMID150,EQ,898,664,73.94
20,1359,NIFTYBEES,EQ,2369619,1761981,74.36
20,1360,NIFTYETF,EQ,90850,80048,88.11
20,1361,NIFTYQLITY,EQ,31868,25528,80.11
20,1362,NIITLTD,EQ,4611205,1786788,38.75
20,1363,NIITMTS,EQ,230000,115487,50.21
20,1364,NILKAMAL,EQ,1854,1118,60.30
20,1365,NIRMAN,SM,19200,10800,56.25
20,1366,NITCO,EQ,482744,315975,65.45
20,1367,NITINSPIN,EQ,82091,41082,50.04
20,1368,NKIND,EQ,293,273,93.17
20,1369,NLCINDIA,EQ,1714880,833694,48.62
20,1370,NMDC,EQ,27031700,11892771,44.00
20,1371,NOCIL,EQ,557962,251163,45.01
20,1372,NOIDATOLL,EQ,441127,246692,55.92
20,1373,NORBTEAEXP,EQ,39608,38319,96.75
20,1374,NOVARTIND,EQ,6679,3766,56.39
20,1375,NPBET,EQ,918,901,98.15
20,1376,NPST,SM,59600,56800,95.30
20,1377,NRAIL,EQ,30149,11690,38.77
20,1378,NRBBEARING,EQ,311868,183390,58.80
20,1379,NRL,EQ,33264,24368,73.26
20,1380,NSIL,EQ,1136,563,49.56
20,1381,NSLNISP,EQ,51815483,30591415,59.04
20,1382,NTPC,EQ,14098284,7940547,56.32
20,1383,NTPC,N4,200,200,100.00
20,1384,NTPC,N6,687,687,100.00
20,1385,NTPC,N7,20204,15774,78.07
20,1386,NTPC,NA,2,1,50.00
20,1387,NTPC,NB,81,81,100.00
20,1388,NTPC,NC,235,228,97.02
20,1389,NTPC,ND,149,149,100.00
20,1390,NUCLEUS,EQ,30464,16969,55.70
20,1391,NURECA,EQ,49999,22843,45.69
20,1392,NUVOCO,EQ,180158,117169,65.04
20,1393,NV20BEES,EQ,11474,9353,81.51
20,1394,NXST,RR,1114668,906320,81.31
20,1395,NYKAA,EQ,13458591,7443253,55.30
20,1396,OAL,EQ,9624,6642,69.01
20,1397,OBCL,EQ,21127,13563,64.20
20,1398,OBEROIRLTY,EQ,396305,222609,56.17
20,1399,OCCL,EQ,8624,5967,69.19
20,1400,OFSS,EQ,132363,39747,30.03
20,1401,OIL,EQ,5968878,2256510,37.80
20,1402,OLECTRA,EQ,2986688,1872419,62.69
20,1403,OMAXAUTO,EQ,63248,37385,59.11
20,1404,OMAXE,EQ,419976,213779,50.90
20,1405,OMFURN,SM,6000,6000,100.00
20,1406,ONELIFECAP,EQ,27801,18656,67.11
20,1407,ONGC,EQ,19924829,12434864,62.41
20,1408,ONMOBILE,EQ,697644,342058,49.03
20,1409,ONWARDTEC,EQ,23518,9553,40.62
20,1410,OPTIEMUS,EQ,117554,74749,63.59
20,1411,ORIANA,SM,132000,110400,83.64
20,1412,ORIENTALTL,EQ,57981,39396,67.95
20,1413,ORIENTBELL,EQ,11711,7622,65.08
20,1414,ORIENTCEM,EQ,687349,404953,58.92
20,1415,ORIENTELEC,EQ,616327,400298,64.95
20,1416,ORIENTHOT,EQ,342821,172935,50.44
20,1417,ORIENTPPR,EQ,2126765,936677,44.04
20,1418,ORISSAMINE,EQ,7853,3508,44.67
20,1419,OSWALAGRO,EQ,660784,453650,68.65
20,1420,OSWALGREEN,EQ,695765,373867,53.73
20,1421,OSWALSEEDS,EQ,413602,209658,50.69
20,1422,PAGEIND,EQ,47783,29549,61.84
20,1423,PAISALO,EQ,1397519,666292,47.68
20,1424,PAKKA,EQ,224258,135881,60.59
20,1425,PALREDTEC,EQ,14290,9025,63.16
20,1426,PANACEABIO,EQ,3554384,1055973,29.71
20,1427,PANAMAPET,EQ,214545,114255,53.25
20,1428,PARADEEP,EQ,3015826,1272810,42.20
20,1429,PARAGMILK,EQ,413073,199089,48.20
20,1430,PARAS,EQ,526393,198081,37.63
20,1431,PARSVNATH,EQ,438636,296665,67.63
20,1432,PARTYCRUS,SM,28000,20000,71.43
20,1433,PASUPTAC,EQ,120137,57938,48.23
20,1434,PATELENG,EQ,15261317,7259647,47.57
20,1435,PAVNAIND,EQ,2387,810,33.93
20,1436,PAYTM,EQ,10300254,7219728,70.09
20,1437,PCBL,EQ,1633044,810978,49.66
20,1438,PCHFL,N6,15,15,100.00
20,1439,PCJEWELLER,EQ,1490712,960195,64.41
20,1440,PDMJEPAPER,EQ,571614,248423,43.46
20,1441,PDSL,EQ,154118,76537,49.66
20,1442,PEARLPOLY,EQ,124994,62449,49.96
20,1443,PEL,EQ,1978567,1071315,54.15
20,1444,PENIND,EQ,749648,273531,36.49
20,1445,PENINLAND,EQ,561789,333692,59.40
20,1446,PENTAGOLD,ST,19800,19800,100.00
20,1447,PENTAGON,SM,4000,4000,100.00
20,1448,PERFECT,SM,138000,114000,82.61
20,1449,PERSISTENT,EQ,195112,62289,31.92
20,1450,PETRONET,EQ,4141983,2661376,64.25
20,1451,PFC,EQ,13472361,5930969,44.02
20,1452,PFC,N3,30,30,100.00
20,1453,PFC,N5,44,44,100.00
20,1454,PFC,N6,1,1,100.00
20,1455,PFC,N8,1058,1058,100.00
20,1456,PFIZER,EQ,31182,23087,74.04
20,1457,PFOCUS,EQ,130655,86272,66.03
20,1458,PFS,EQ,1780976,977175,54.87
20,1459,PGEL,EQ,45855,27459,59.88
20,1460,PGHH,EQ,22245,19191,86.27
20,1461,PGHL,EQ,21055,14768,70.14
20,1462,PGIL,EQ,22794,11175,49.03
20,1463,PGINVIT,IV,1267834,1135391,89.55
20,1464,PHANTOMFX,SM,53400,33000,61.80
20,1465,PHARMABEES,EQ,2782581,1848313,66.42
20,1466,PHOENIXLTD,EQ,1160691,918005,79.09
20,1467,PIDILITIND,EQ,504764,326098,64.60
20,1468,PIIND,EQ,279903,187054,66.83
20,1469,PILANIINVS,EQ,4711,2748,58.33
20,1470,PIONEEREMB,EQ,81417,36843,45.25
20,1471,PITTIENG,EQ,138294,76600,55.39
20,1472,PIXTRANS,EQ,13137,6491,49.41
20,1473,PLASTIBLEN,EQ,17725,14275,80.54
20,1474,PNB,EQ,85659070,23970252,27.98
20,1475,PNBGILTS,EQ,2056213,898204,43.68
20,1476,PNBHOUSING,EQ,1250155,541274,43.30
20,1477,PNC,EQ,81459,38559,47.34
20,1478,PNCINFRA,EQ,589066,371113,63.00
20,1479,POCL,EQ,46577,16719,35.90
20,1480,PODDARHOUS,EQ,15348,8287,53.99
20,1481,PODDARMENT,EQ,3676,2115,57.54
20,1482,POKARNA,EQ,66019,23830,36.10
20,1483,POLICYBZR,EQ,2641026,1620142,61.35
20,1484,POLYCAB,EQ,350026,151961,43.41
20,1485,POLYMED,EQ,139057,73937,53.17
20,1486,POLYPLEX,EQ,108808,54090,49.71
20,1487,PONNIERODE,EQ,91791,44314,48.28
20,1488,POONAWALLA,EQ,5660858,3565277,62.98
20,1489,POONAWALLA,N6,80,75,93.75
20,1490,POWERGRID,EQ,20516593,13515943,65.88
20,1491,POWERINDIA,EQ,45610,28496,62.48
20,1492,POWERMECH,EQ,25133,15400,61.27
20,1493,PPAP,EQ,578117,97251,16.82
20,1494,PPL,EQ,58329,27889,47.81
20,1495,PPLPHARMA,EQ,5351540,3526921,65.90
20,1496,PRAENG,EQ,68678,54932,79.98
20,1497,PRAJIND,EQ,3391900,927254,27.34
20,1498,PRAKASH,EQ,1705451,886489,51.98
20,1499,PRAMARA,ST,216000,214000,99.07
20,1500,PRECAM,EQ,115720,51053,44.12
20,1501,PRECISION,SM,208000,84000,40.38
20,1502,PRECOT,EQ,5225,3378,64.65
20,1503,PRECWIRE,EQ,2334053,591662,25.35
20,1504,PRESTIGE,EQ,137256,67050,48.85
20,1505,PRICOLLTD,EQ,593685,307716,51.83
20,1506,PRIMESECU,EQ,133473,81266,60.89
20,1507,PRINCEPIPE,EQ,188046,102902,54.72
20,1508,PRITI,EQ,38851,23716,61.04
20,1509,PRITIKA,SM,44000,36000,81.82
20,1510,PRIVISCL,EQ,20944,15060,71.91
20,1511,PROLIFE,SM,2500,2500,100.00
20,1512,PROPEQUITY,SM,10800,10800,100.00
20,1513,PROV,SM,640,640,100.00
20,1514,PROZONER,EQ,621607,405833,65.29
20,1515,PRSMJOHNSN,EQ,185569,87724,47.27
20,1516,PRUDENT,EQ,37099,19674,53.03
20,1517,PSB,EQ,23163913,5574079,24.06
20,1518,PSPPROJECT,EQ,83224,36968,44.42
20,1519,PSUBANKICI,EQ,198918,127864,64.28
20,1520,PSUBNKBEES,EQ,4649646,3155963,67.88
20,1521,PTC,EQ,2010116,1190013,59.20
20,1522,PTCIL,EQ,3162,1870,59.14
20,1523,PTL,EQ,261562,158782,60.71
20,1524,PULZ,SM,12000,12000,100.00
20,1525,PUNJABCHEM,EQ,8978,4045,45.05
20,1526,PURVA,EQ,207040,88673,42.83
20,1527,PVRINOX,EQ,569989,361497,63.42
20,1528,PYRAMID,EQ,367073,178738,48.69
20,1529,QGOLDHALF,EQ,28143,20595,73.18
20,1530,QMSMEDI,SM,24000,14000,58.33
20,1531,QNIFTY,EQ,134,72,53.73
20,1532,QUADPRO,SM,12000,12000,100.00
20,1533,QUESS,EQ,806655,383482,47.54
20,1534,QUICKHEAL,EQ,155233,79038,50.92
20,1535,QUICKTOUCH,SM,22000,20000,90.91
20,1536,RACE,EQ,8733,5381,61.62
20,1537,RADAAN,EQ,44238,41389,93.56
20,1538,RADHIKAJWE,EQ,668579,391570,58.57
20,1539,RADIANTCMS,EQ,351294,150987,42.98
20,1540,RADICO,EQ,575528,444135,77.17
20,1541,RADIOCITY,EQ,9062627,5190010,57.27
20,1542,RADIOCITY,P1,18559,16592,89.40
20,1543,RAILTEL,EQ,2926432,1098011,37.52
20,1544,RAIN,EQ,2136399,1230111,57.58
20,1545,RAINBOW,EQ,1834545,1220171,66.51
20,1546,RAJESHEXPO,EQ,1115611,813398,72.91
20,1547,RAJRATAN,EQ,26772,14334,53.54
20,1548,RAJTV,EQ,25774,22296,86.51
20,1549,RALLIS,EQ,601102,265186,44.12
20,1550,RAMANEWS,EQ,340043,253914,74.67
20,1551,RAMAPHO,EQ,13806,7227,52.35
20,1552,RAMASTEEL,EQ,2177126,768799,35.31
20,1553,RAMCOCEM,EQ,96483,31667,32.82
20,1554,RAMCOIND,EQ,60428,38217,63.24
20,1555,RAMCOSYS,EQ,96970,47659,49.15
20,1556,RAMKY,EQ,145881,93032,63.77
20,1557,RAMRAT,EQ,160666,66741,41.54
20,1558,RANASUG,EQ,2584089,949900,36.76
20,1559,RANEHOLDIN,EQ,136224,33394,24.51
20,1560,RATEGAIN,EQ,306904,157634,51.36
20,1561,RATNAMANI,EQ,12500,6861,54.89
20,1562,RAYMOND,EQ,100012,48959,48.95
20,1563,RBA,EQ,58391526,13892710,23.79
20,1564,RBL,EQ,110836,24482,22.09
20,1565,RBLBANK,EQ,7469285,2173437,29.10
20,1566,RBMINFRA,SM,48000,36000,75.00
20,1567,RCF,EQ,10408996,3003880,28.86
20,1568,RECLTD,EQ,21570264,7606302,35.26
20,1569,RECLTD,N2,305,305,100.00
20,1570,RECLTD,N9,533,533,100.00
20,1571,RECLTD,NF,1010,1010,100.00
20,1572,RECLTD,NH,150,150,100.00
20,1573,REDINGTON,EQ,3730561,2396786,64.25
20,1574,REDTAPE,EQ,293892,193185,65.73
20,1575,REFEX,EQ,116633,73319,62.86
20,1576,RELAXO,EQ,350986,216838,61.78
20,1577,RELCHEMQ,EQ,6440,3711,57.62
20,1578,RELIABLE,SM,2400,2400,100.00
20,1579,RELIANCE,EQ,12734296,6408116,50.32
20,1580,RELIGARE,EQ,1269359,700488,55.18
20,1581,REMUS,SM,2900,2500,86.21
20,1582,RENUKA,EQ,20225979,7635882,37.75
20,1583,REPCOHOME,EQ,109148,60294,55.24
20,1584,REPL,EQ,22281,13360,59.96
20,1585,REPRO,EQ,6124,4273,69.77
20,1586,RESPONIND,EQ,547035,121314,22.18
20,1587,REXPIPES,SM,28000,20000,71.43
20,1588,RGL,EQ,109375,59917,54.78
20,1589,RHIM,EQ,273788,162303,59.28
20,1590,RHL,EQ,5896,2508,42.54
20,1591,RICOAUTO,EQ,609183,305674,50.18
20,1592,RIIL,EQ,162370,36391,22.41
20,1593,RILINFRA,SM,10500,8300,79.05
20,1594,RISHABH,EQ,552330,251850,45.60
20,1595,RITES,EQ,794884,284661,35.81
20,1596,RITEZONE,SM,6400,6400,100.00
20,1597,RKEC,EQ,31956,21517,67.33
20,1598,RKFORGE,EQ,4892792,3511198,71.76
20,1599,RMDRIP,SM,18000,16000,88.89
20,1600,RML,EQ,254924,95715,37.55
20,1601,ROHLTD,EQ,28889,15238,52.75
20,1602,ROLEXRINGS,EQ,17751,8174,46.05
20,1603,ROML,EQ,4143,3006,72.56
20,1604,ROSSARI,EQ,36394,19967,54.86
20,1605,ROSSELLIND,EQ,61011,26479,43.40
20,1606,ROTO,EQ,104301,40744,39.06
20,1607,ROUTE,EQ,172525,111139,64.42
20,1608,RPGLIFE,EQ,14035,5937,42.30
20,1609,RPOWER,EQ,97096853,18221259,18.77
20,1610,RPPL,EQ,18661,9779,52.40
20,1611,RPSGVENT,EQ,60680,33774,55.66
20,1612,RSWM,EQ,37528,19952,53.17
20,1613,RSYSTEMS,EQ,31517,16077,51.01
20,1614,RTNINDIA,EQ,3829045,1301259,33.98
20,1615,RTNPOWER,EQ,146217023,72240253,49.41
20,1616,RUBYMILLS,EQ,110949,52640,47.45
20,1617,RUCHIRA,EQ,144052,71466,49.61
20,1618,RUPA,EQ,196064,90270,46.04
20,1619,RUSHIL,EQ,74858,35545,47.48
20,1620,RUSTOMJEE,EQ,28564,21967,76.90
20,1621,RVNL,EQ,37898734,16175547,42.68
20,1622,SABAR,SM,20000,10000,50.00
20,1623,SADHNANIQ,EQ,546622,276449,50.57
20,1624,SAFARI,EQ,437083,281238,64.34
20,1625,SAGARDEEP,EQ,14411,9089,63.07
20,1626,SAGCEM,EQ,64316,31419,48.85
20,1627,SAH,EQ,58867,18011,30.60
20,1628,SAHAJ,ST,76000,76000,100.00
20,1629,SAHANA,SM,17000,13000,76.47
20,1630,SAHYADRI,EQ,14310,7195,50.28
20,1631,SAIL,EQ,31058038,17026032,54.82
20,1632,SAKAR,EQ,9980,6284,62.97
20,1633,SAKHTISUG,EQ,2926357,1068740,36.52
20,1634,SAKSOFT,EQ,336066,207843,61.85
20,1635,SAKUMA,EQ,1126004,590797,52.47
20,1636,SALASAR,EQ,1342598,902489,67.22
20,1637,SALONA,EQ,588,358,60.88
20,1638,SALZERELEC,EQ,41129,18721,45.52
20,1639,SANDESH,EQ,2044,891,43.59
20,1640,SANDHAR,EQ,407199,148332,36.43
20,1641,SANDUMA,EQ,46606,31661,67.93
20,1642,SANGAMIND,EQ,71305,29785,41.77
20,1643,SANGANI,SM,24000,24000,100.00
20,1644,SANGHVIMOV,EQ,231370,119832,51.79
20,1645,SANGINITA,EQ,31267,20828,66.61
20,1646,SANOFI,EQ,7060,4124,58.41
20,1647,SANSERA,EQ,261161,153871,58.92
20,1648,SAPPHIRE,EQ,286141,223985,78.28
20,1649,SARDAEN,EQ,912653,622208,68.18
20,1650,SAREGAMA,EQ,741204,373469,50.39
20,1651,SARLAPOLY,EQ,227373,122642,53.94
20,1652,SAROJA,ST,4800,4800,100.00
20,1653,SASKEN,EQ,15183,7819,51.50
20,1654,SASTASUNDR,EQ,24289,12274,50.53
20,1655,SATIA,EQ,827141,408446,49.38
20,1656,SATIN,EQ,5468798,1360637,24.88
20,1657,SATINDLTD,EQ,429042,209796,48.90
20,1658,SBCL,EQ,211536,115653,54.67
20,1659,SBFC,EQ,1064692,391068,36.73
20,1660,SBGLP,EQ,105673,88131,83.40
20,1661,SBICARD,EQ,1183960,663006,56.00
20,1662,SBIETFCON,EQ,5553,4332,78.01
20,1663,SBIETFIT,EQ,13434,11570,86.12
20,1664,SBIETFPB,EQ,1872,1159,61.91
20,1665,SBIETFQLTY,EQ,1368,901,65.86
20,1666,SBILIFE,EQ,878944,495428,56.37
20,1667,SBIN,EQ,11756389,5551889,47.22
20,1668,SCHAEFFLER,EQ,170772,86833,50.85
20,1669,SCHAND,EQ,168168,66611,39.61
20,1670,SCHNEIDER,EQ,627175,226219,36.07
20,1671,SCI,EQ,2251821,691519,30.71
20,1672,SDBL,EQ,218023,117855,54.06
20,1673,SDL24BEES,EQ,1679,1003,59.74
20,1674,SDL26BEES,EQ,548,467,85.22
20,1675,SEAMECLTD,EQ,18060,8700,48.17
20,1676,SECL,SM,12500,12500,100.00
20,1677,SECURCRED,EQ,340272,262689,77.20
20,1678,SECURKLOUD,EQ,32855,19399,59.04
20,1679,SEL,SM,22400,16000,71.43
20,1680,SELAN,EQ,314416,182405,58.01
20,1681,SENCO,EQ,6545306,1694429,25.89
20,1682,SEPC,EQ,2251797,1392738,61.85
20,1683,SEQUENT,EQ,12416770,2784264,22.42
20,1684,SERVICE,SM,16000,10000,62.50
20,1685,SESHAPAPER,EQ,246396,130023,52.77
20,1686,SETF10GILT,EQ,5376,5038,93.71
20,1687,SETFGOLD,EQ,200079,132878,66.41
20,1688,SETFNIF50,EQ,176368,133963,75.96
20,1689,SETFNIFBK,EQ,18183,11368,62.52
20,1690,SETFNN50,EQ,5255,3787,72.06
20,1691,SFL,EQ,35862,21681,60.46
20,1692,SGBAPR28I,GB,186,166,89.25
20,1693,SGBAUG24,GB,44,37,84.09
20,1694,SGBAUG27,GB,12,12,100.00
20,1695,SGBAUG28V,GB,3275,2489,76.00
20,1696,SGBAUG29V,GB,117,92,78.63
20,1697,SGBAUG30,GB,388,263,67.78
20,1698,SGBD29VIII,GB,430,252,58.60
20,1699,SGBDC27VII,GB,18,17,94.44
20,1700,SGBDE30III,GB,723,531,73.44
20,1701,SGBDEC25,GB,10,6,60.00
20,1702,SGBDEC2513,GB,4,4,100.00
20,1703,SGBDEC25XI,GB,4,4,100.00
20,1704,SGBFEB24,GB,96,96,100.00
20,1705,SGBFEB28IX,GB,3,3,100.00
20,1706,SGBFEB29XI,GB,49,29,59.18
20,1707,SGBJAN26,GB,3,3,100.00
20,1708,SGBJAN29IX,GB,204,174,85.29
20,1709,SGBJAN29X,GB,129,124,96.12
20,1710,SGBJAN30IX,GB,88,66,75.00
20,1711,SGBJU29III,GB,534,457,85.58
20,1712,SGBJUL25,GB,142,84,59.15
20,1713,SGBJUL27,GB,202,202,100.00
20,1714,SGBJUL28IV,GB,591,489,82.74
20,1715,SGBJUL29IV,GB,417,394,94.48
20,1716,SGBJUN27,GB,12,12,100.00
20,1717,SGBJUN28,GB,109,96,88.07
20,1718,SGBJUN29II,GB,119,116,97.48
20,1719,SGBJUN30,GB,139,138,99.28
20,1720,SGBJUN31I,GB,4157,3391,81.57
20,1721,SGBMAR24,GB,4,4,100.00
20,1722,SGBMAR25,GB,127,93,73.23
20,1723,SGBMAR28X,GB,491,420,85.54
20,1724,SGBMAR30X,GB,61,61,100.00
20,1725,SGBMAR31IV,GB,714,575,80.53
20,1726,SGBMAY25,GB,273,175,64.10
20,1727,SGBMAY26,GB,2,2,100.00
20,1728,SGBMAY28,GB,236,189,80.08
20,1729,SGBMAY29I,GB,882,649,73.58
20,1730,SGBMR29XII,GB,1257,1127,89.66
20,1731,SGBN28VIII,GB,222,182,81.98
20,1732,SGBNOV23,GB,45,44,97.78
20,1733,SGBNOV24,GB,37,37,100.00
20,1734,SGBNOV25IX,GB,69,69,100.00
20,1735,SGBNOV26,GB,408,253,62.01
20,1736,SGBNV29VII,GB,177,174,98.31
20,1737,SGBOC28VII,GB,35,35,100.00
20,1738,SGBOCT25,GB,19,10,52.63
20,1739,SGBOCT27,GB,107,107,100.00
20,1740,SGBOCT27VI,GB,1,1,100.00
20,1741,SGBSEP24,GB,177,84,47.46
20,1742,SGBSEP27,GB,192,192,100.00
20,1743,SGBSEP28VI,GB,406,379,93.35
20,1744,SGBSEP29VI,GB,712,634,89.04
20,1745,SGL,EQ,22185,15728,70.89
20,1746,SHAH,EQ,934784,590857,63.21
20,1747,SHAHALLOYS,EQ,47848,30790,64.35
20,1748,SHAILY,EQ,4949,2937,59.35
20,1749,SHAKTIPUMP,EQ,2673074,289570,10.83
20,1750,SHALBY,EQ,297669,131867,44.30
20,1751,SHALPAINTS,EQ,120222,76754,63.84
20,1752,SHANKARA,EQ,77782,37664,48.42
20,1753,SHANTI,EQ,7903,5515,69.78
20,1754,SHANTIGEAR,EQ,77529,28749,37.08
20,1755,SHARDACROP,EQ,99296,62694,63.14
20,1756,SHARDAMOTR,EQ,33850,20280,59.91
20,1757,SHAREINDIA,EQ,20618,9843,47.74
20,1758,SHAREINDIA,W1,175,175,100.00
20,1759,SHARIABEES,EQ,813,562,69.13
20,1760,SHERA,SM,60000,54000,90.00
20,1761,SHIGAN,SM,15000,13500,90.00
20,1762,SHILPAMED,EQ,150823,48928,32.44
20,1763,SHIVALIK,EQ,2750,1190,43.27
20,1764,SHIVAMILLS,EQ,5027,1826,36.32
20,1765,SHIVATEX,EQ,6552,3483,53.16
20,1766,SHK,EQ,329554,166801,50.61
20,1767,SHOPERSTOP,EQ,80787,34561,42.78
20,1768,SHREDIGCEM,EQ,377435,203885,54.02
20,1769,SHREECEM,EQ,57876,27937,48.27
20,1770,SHREEPUSHK,EQ,35423,21087,59.53
20,1771,SHRENIK,EQ,1415245,891812,63.01
20,1772,SHREYAS,EQ,75237,52792,70.17
20,1773,SHRIRAMFIN,EQ,1354629,1045309,77.17
20,1774,SHRIRAMFIN,YI,201,201,100.00
20,1775,SHRIRAMFIN,YP,25,25,100.00
20,1776,SHRIRAMFIN,YR,195,175,89.74
20,1777,SHRIRAMFIN,YS,70,70,100.00
20,1778,SHRIRAMFIN,YU,91,65,71.43
20,1779,SHRIRAMFIN,YY,43,43,100.00
20,1780,SHRIRAMFIN,YZ,150,100,66.67
20,1781,SHRIRAMFIN,Z4,21,21,100.00
20,1782,SHRIRAMFIN,ZH,200,100,50.00
20,1783,SHRIRAMPPS,EQ,1989922,869266,43.68
20,1784,SHRITECH,SM,58000,44000,75.86
20,1785,SHUBHLAXMI,SM,40000,38000,95.00
20,1786,SHYAMCENT,EQ,300146,182868,60.93
20,1787,SHYAMMETL,EQ,2032822,1067365,52.51
20,1788,SHYAMTEL,EQ,1071,1071,100.00
20,1789,SIEMENS,EQ,394857,294202,74.51
20,1790,SIGACHI,EQ,261680,131319,50.18
20,1791,SIGMA,EQ,12572,6711,53.38
20,1792,SIKKO,EQ,15601,11563,74.12
20,1793,SILINV,EQ,1518,1034,68.12
20,1794,SILVER,EQ,78412,54396,69.37
20,1795,SILVERBEES,EQ,2185132,1681541,76.95
20,1796,SILVERETF,EQ,41973,35375,84.28
20,1797,SILVERTUC,EQ,114776,16825,14.66
20,1798,SILVRETF,EQ,3716,2280,61.36
20,1799,SIMBHALS,EQ,188373,91032,48.33
20,1800,SINTERCOM,EQ,43885,28969,66.01
20,1801,SIRCA,EQ,52242,31392,60.09
20,1802,SIS,EQ,47301,20932,44.25
20,1803,SIYSIL,EQ,1049998,315914,30.09
20,1804,SJS,EQ,292876,136950,46.76
20,1805,SJVN,EQ,26849144,7136575,26.58
20,1806,SKFINDIA,EQ,20064,12564,62.62
20,1807,SKIPPER,EQ,397501,306855,77.20
20,1808,SKMEGGPROD,EQ,552468,312326,56.53
20,1809,SKP,SM,4000,2000,50.00
20,1810,SMARTLINK,EQ,50081,9960,19.89
20,1811,SMCGLOBAL,EQ,125896,63370,50.34
20,1812,SMLISUZU,EQ,45017,18522,41.14
20,1813,SMSLIFE,EQ,736,506,68.75
20,1814,SMSPHARMA,EQ,79115,41168,52.04
20,1815,SNOWMAN,EQ,780598,403595,51.70
20,1816,SOBHA,EQ,784694,362640,46.21
20,1817,SOFTTECH,EQ,101351,69441,68.52
20,1818,SOLARA,EQ,69918,35006,50.07
20,1819,SOLARINDS,EQ,55939,35194,62.91
20,1820,SOLEX,SM,3200,2400,75.00
20,1821,SOMANYCERA,EQ,63213,34784,55.03
20,1822,SONACOMS,EQ,1521844,892681,58.66
20,1823,SONAHISONA,SM,5000,5000,100.00
20,1824,SONAMCLOCK,EQ,15876,3918,24.68
20,1825,SONATSOFTW,EQ,219550,108253,49.31
20,1826,SONUINFRA,SM,39000,24000,61.54
20,1827,SOTAC,SM,28800,28800,100.00
20,1828,SOTL,EQ,81201,44091,54.30
20,1829,SOUTHBANK,EQ,92215012,35478886,38.47
20,1830,SPAL,EQ,16960,6897,40.67
20,1831,SPANDANA,EQ,80994,45970,56.76
20,1832,SPARC,EQ,406762,180880,44.47
20,1833,SPCENET,EQ,834996,494095,59.17
20,1834,SPECIALITY,EQ,44794,30537,68.17
20,1835,SPECTSTM,SM,32800,25600,78.05
20,1836,SPENCERS,EQ,247460,135648,54.82
20,1837,SPIC,EQ,5274619,1948585,36.94
20,1838,SPLIL,EQ,69168,43301,62.60
20,1839,SPLPETRO,EQ,79951,35245,44.08
20,1840,SPORTKING,EQ,16446,9167,55.74
20,1841,SREEL,EQ,15456,8343,53.98
20,1842,SRF,EQ,405072,260999,64.43
20,1843,SRGHFL,EQ,220253,39755,18.05
20,1844,SRHHYPOLTD,EQ,16239,7303,44.97
20,1845,SRIVASAVI,SM,78000,72000,92.31
20,1846,SSFL,SM,48000,33000,68.75
20,1847,SSINFRA,SZ,6000,6000,100.00
20,1848,SSWL,EQ,596733,299069,50.12
20,1849,STAR,EQ,6847119,1673720,24.44
20,1850,STARCEMENT,EQ,1171856,508139,43.36
20,1851,STARHEALTH,EQ,924309,455541,49.28
20,1852,STARPAPER,EQ,187352,94473,50.43
20,1853,STCINDIA,EQ,272863,65549,24.02
20,1854,STEELCAS,EQ,68866,45045,65.41
20,1855,STEELCITY,EQ,11820,7181,60.75
20,1856,STEELXIND,EQ,3421609,1913190,55.91
20,1857,STERTOOLS,EQ,49330,23697,48.04
20,1858,STLTECH,EQ,924387,444633,48.10
20,1859,STOVEKRAFT,EQ,115207,48126,41.77
20,1860,STYLAMIND,EQ,174472,98217,56.29
20,1861,STYRENIX,EQ,18576,13171,70.90
20,1862,SUBEXLTD,EQ,4623341,2318796,50.15
20,1863,SUBROS,EQ,69598,38507,55.33
20,1864,SUDARSCHEM,EQ,606160,329562,54.37
20,1865,SUKHJITS,EQ,29729,18443,62.04
20,1866,SULA,EQ,490133,235932,48.14
20,1867,SUMICHEM,EQ,300648,168561,56.07
20,1868,SUMMITSEC,EQ,4596,2668,58.05
20,1869,SUNDARAM,EQ,2513433,1671582,66.51
20,1870,SUNDARMFIN,EQ,34786,18025,51.82
20,1871,SUNDARMHLD,EQ,100513,55062,54.78
20,1872,SUNDRMFAST,EQ,89332,57153,63.98
20,1873,SUNFLAG,EQ,459814,220190,47.89
20,1874,SUNPHARMA,EQ,2404169,1638035,68.13
20,1875,SUNTECK,EQ,893714,454500,50.86
20,1876,SUNTV,EQ,1935529,1106882,57.19
20,1877,SUPERHOUSE,EQ,13517,10779,79.74
20,1878,SUPERSPIN,EQ,68942,51347,74.48
20,1879,SUPRAJIT,EQ,90742,39536,43.57
20,1880,SUPREMEIND,EQ,471210,284666,60.41
20,1881,SUPRIYA,EQ,539696,127850,23.69
20,1882,SURANAT&P,EQ,279758,186131,66.53
20,1883,SURANI,SM,8000,8000,100.00
20,1884,SURYALAXMI,EQ,25257,7706,30.51
20,1885,SURYAROSNI,EQ,70196,47105,67.10
20,1886,SURYODAY,EQ,1233352,570040,46.22
20,1887,SUTLEJTEX,EQ,132345,63845,48.24
20,1888,SUVEN,EQ,1971275,780679,39.60
20,1889,SUVENPHAR,EQ,1785214,948165,53.11
20,1890,SUZLON,EQ,225766744,128560740,56.94
20,1891,SWANENERGY,EQ,854412,186186,21.79
20,1892,SWARAJ,SM,16000,16000,100.00
20,1893,SWARAJENG,EQ,4885,3212,65.75
20,1894,SWELECTES,EQ,31709,17549,55.34
20,1895,SYMPHONY,EQ,56017,33686,60.14
20,1896,SYNCOMF,EQ,1222491,683881,55.94
20,1897,SYNGENE,EQ,3563218,2306562,64.73
20,1898,SYNOPTICS,SM,29400,22200,75.51
20,1899,SYRMA,EQ,409524,235701,57.55
20,1900,SYSTANGO,SM,22400,11200,50.00
20,1901,TAINWALCHM,EQ,7482,2572,34.38
20,1902,TAJGVK,EQ,74964,39490,52.68
20,1903,TALBROAUTO,EQ,20854,12015,57.61
20,1904,TANLA,EQ,1304074,564692,43.30
20,1905,TAPIFRUIT,SM,12000,10500,87.50
20,1906,TARACHAND,SM,18000,10000,55.56
20,1907,TARC,EQ,1575441,775134,49.20
20,1908,TARMAT,EQ,285116,184416,64.68
20,1909,TARSONS,EQ,184631,111379,60.33
20,1910,TASTYBITE,EQ,1466,795,54.23
20,1911,TATACAPHSG,N4,1225,944,77.06
20,1912,TATACAPHSG,N6,106,100,94.34
20,1913,TATACAPHSG,NB,16,11,68.75
20,1914,TATACHEM,EQ,646144,375535,58.12
20,1915,TATACOFFEE,EQ,1404560,441772,31.45
20,1916,TATACOMM,EQ,615683,313102,50.85
20,1917,TATACONSUM,EQ,1104866,553509,50.10
20,1918,TATAELXSI,EQ,92775,56152,60.52
20,1919,TATAINVEST,EQ,31898,12277,38.49
20,1920,TATAMETALI,EQ,146382,51357,35.08
20,1921,TATAMOTORS,EQ,18917805,10532162,55.67
20,1922,TATAMTRDVR,EQ,4430715,2252243,50.83
20,1923,TATAPOWER,EQ,7612098,2986163,39.23
20,1924,TATASTEEL,EQ,85058495,53893265,63.36
20,1925,TATASTLLP,EQ,325608,195928,60.17
20,1926,TATVA,EQ,23265,12398,53.29
20,1927,TBZ,EQ,375376,137215,36.55
20,1928,TCFSL,NJ,417,325,77.94
20,1929,TCFSL,NL,183,146,79.78
20,1930,TCI,EQ,165904,73543,44.33
20,1931,TCIEXP,EQ,35825,17111,47.76
20,1932,TCNSBRANDS,EQ,171587,84197,49.07
20,1933,TCPLPACK,EQ,23462,10867,46.32
20,1934,TCS,EQ,2952897,1749955,59.26
20,1935,TDPOWERSYS,EQ,318973,219465,68.80
20,1936,TEAMLEASE,EQ,17483,9963,56.99
20,1937,TECH,EQ,18294,10956,59.89
20,1938,TECHM,EQ,4316210,2482364,57.51
20,1939,TECHNOE,EQ,90347,45781,50.67
20,1940,TEGA,EQ,56997,27792,48.76
20,1941,TEJASNET,EQ,594819,348568,58.60
20,1942,TEMBO,EQ,60485,8990,14.86
20,1943,TEXINFRA,EQ,225492,97264,43.13
20,1944,TEXRAIL,EQ,3056525,1686170,55.17
20,1945,TFCILTD,EQ,551808,233622,42.34
20,1946,TFL,EQ,13032,9377,71.95
20,1947,TGBHOTELS,EQ,65964,45085,68.35
20,1948,THANGAMAYL,EQ,15697,9816,62.53
20,1949,THEINVEST,EQ,22852,9554,41.81
20,1950,THEJO,SM,3150,3000,95.24
20,1951,THEMISMED,EQ,7558,3833,50.71
20,1952,THERMAX,EQ,80774,20274,25.10
20,1953,THYROCARE,EQ,94327,51480,54.58
20,1954,TI,EQ,756574,423890,56.03
20,1955,TIDEWATER,EQ,221779,70740,31.90
20,1956,TIIL,EQ,51420,27083,52.67
20,1957,TIINDIA,EQ,206983,71062,34.33
20,1958,TIMESCAN,SM,1000,1000,100.00
20,1959,TIMESGTY,EQ,12625,3361,26.62
20,1960,TIMETECHNO,EQ,5269661,2319180,44.01
20,1961,TIMKEN,EQ,134933,119966,88.91
20,1962,TINPLATE,EQ,245529,56045,22.83
20,1963,TIPSINDLTD,EQ,68079,26243,38.55
20,1964,TIRUMALCHM,EQ,326946,166280,50.86
20,1965,TIRUPATI,SM,1000,1000,100.00
20,1966,TITAGARH,EQ,3447669,2075624,60.20
20,1967,TITAN,EQ,1397407,1015437,72.67
20,1968,TMB,EQ,2605985,1706847,65.50
20,1969,TNIDETF,EQ,38626,32142,83.21
20,1970,TNPETRO,EQ,355387,176929,49.78
20,1971,TNPL,EQ,442224,151197,34.19
20,1972,TOKYOPLAST,EQ,14379,6537,45.46
20,1973,TORNTPHARM,EQ,525652,348666,66.33
20,1974,TORNTPOWER,EQ,513668,209990,40.88
20,1975,TRACXN,EQ,163278,71892,44.03
20,1976,TRANSWIND,SM,8000,8000,100.00
20,1977,TREEHOUSE,EQ,53883,37507,69.61
20,1978,TREL,EQ,941091,493926,52.48
20,1979,TRENT,EQ,359579,209140,58.16
20,1980,TRF,EQ,473637,130557,27.56
20,1981,TRIDENT,EQ,9431443,3269604,34.67
20,1982,TRIDHYA,SM,27000,21000,77.78
20,1983,TRIGYN,EQ,143140,65282,45.61
20,1984,TRIL,EQ,2055064,815023,39.66
20,1985,TRITURBINE,EQ,2797217,927953,33.17
20,1986,TRIVENI,EQ,2354457,963764,40.93
20,1987,TRU,EQ,5091952,907666,17.83
20,1988,TTKHLTCARE,EQ,14040,10610,75.57
20,1989,TTKPRESTIG,EQ,142206,88778,62.43
20,1990,TTL,EQ,13873,6042,43.55
20,1991,TTML,EQ,17613804,5437525,30.87
20,1992,TV18BRDCST,EQ,8889553,2848529,32.04
20,1993,TVSELECT,EQ,55952,25601,45.76
20,1994,TVSHLTD,EQ,2256,1345,59.62
20,1995,TVSHLTD,P1,88260,88192,99.92
20,1996,TVSMOTOR,EQ,1369061,664538,48.54
20,1997,TVSSCS,EQ,1424989,655803,46.02
20,1998,TVSSRICHAK,EQ,103100,76985,74.67
20,1999,TVTODAY,EQ,85995,47144,54.82
20,2000,TVVISION,EQ,11050,10850,98.19
20,2001,UBL,EQ,216474,145462,67.20
20,2002,UCL,SM,48000,48000,100.00
20,2003,UCOBANK,EQ,171087726,32840218,19.19
20,2004,UDAICEMENT,EQ,653734,326600,49.96
20,2005,UFLEX,EQ,125844,78624,62.48
20,2006,UGARSUGAR,EQ,440311,151671,34.45
20,2007,UGROCAP,EQ,472214,275722,58.39
20,2008,UGROCAP,N1,39,39,100.00
20,2009,UGROCAP,N4,130,130,100.00
20,2010,UGROCAP,N5,16,16,100.00
20,2011,UJJIVAN,EQ,210422,111156,52.83
20,2012,UJJIVANSFB,EQ,11929205,5037769,42.23
20,2013,ULTRACEMCO,EQ,357249,243228,68.08
20,2014,UMA,SM,16000,12000,75.00
20,2015,UMANGDAIRY,EQ,40594,27563,67.90
20,2016,UNICHEMLAB,EQ,40558,23592,58.17
20,2017,UNIDT,EQ,33715,21807,64.68
20,2018,UNIENTER,EQ,3697,1371,37.08
20,2019,UNIINFO,EQ,8928,7008,78.49
20,2020,UNIONBANK,EQ,99069052,38602371,38.97
20,2021,UNIPARTS,EQ,173486,112047,64.59
20,2022,UNITEDTEA,EQ,4791,3017,62.97
20,2023,UNIVASTU,EQ,16219,8835,54.47
20,2024,UNIVCABLES,EQ,46961,20685,44.05
20,2025,UNIVPHOTO,EQ,1820,679,37.31
20,2026,UNOMINDA,EQ,438746,261717,59.65
20,2027,UPL,EQ,3745966,2337092,62.39
20,2028,URAVI,EQ,3329,2295,68.94
20,2029,URBAN,SM,15600,12000,76.92
20,2030,URJA,EQ,4502973,1955018,43.42
20,2031,USASEEDS,SM,300,300,100.00
20,2032,USHAMART,EQ,7252257,4611957,63.59
20,2033,USK,EQ,274954,193640,70.43
20,2034,UTIAMC,EQ,149322,50278,33.67
20,2035,UTIBANKETF,EQ,55847,26908,48.18
20,2036,UTINEXT50,EQ,61091,47055,77.02
20,2037,UTINIFTETF,EQ,126054,125347,99.44
20,2038,UTISENSETF,EQ,949,758,79.87
20,2039,UTISXN50,EQ,163,160,98.16
20,2040,UTKARSHBNK,EQ,8829787,3514093,39.80
20,2041,UTTAMSUGAR,EQ,215938,69067,31.98
20,2042,VADILALIND,EQ,8549,6003,70.22
20,2043,VAIBHAVGBL,EQ,613544,388586,63.33
20,2044,VAISHALI,EQ,21951,12880,58.68
20,2045,VAKRANGEE,EQ,24217829,4344197,17.94
20,2046,VALIANTORG,EQ,52092,22910,43.98
20,2047,VARDHACRLC,EQ,74796,49194,65.77
20,2048,VARROC,EQ,255780,115115,45.01
20,2049,VASA,SM,8000,8000,100.00
20,2050,VASCONEQ,EQ,1303651,767718,58.89
20,2051,VASWANI,EQ,250955,169042,67.36
20,2052,VBL,EQ,779234,504690,64.77
20,2053,VCL,EQ,1302650,874719,67.15
20,2054,VEDL,EQ,20035443,14649357,73.12
20,2055,VELS,SM,6000,4800,80.00
20,2056,VENKEYS,EQ,31524,12596,39.96
20,2057,VENUSPIPES,EQ,426074,265348,62.28
20,2058,VERANDA,EQ,129230,88902,68.79
20,2059,VERTEXPLUS,SM,14400,14400,100.00
20,2060,VESUVIUS,EQ,15085,10663,70.69
20,2061,VETO,EQ,98942,46356,46.85
20,2062,VGUARD,EQ,154528,77445,50.12
20,2063,VHL,EQ,1390,736,52.95
20,2064,VIDHIING,EQ,18030,11040,61.23
20,2065,VIJAYA,EQ,98140,48966,49.89
20,2066,VIKASLIFE,EQ,45373539,18280149,40.29
20,2067,VILINBIO,SM,16000,16000,100.00
20,2068,VIMTALABS,EQ,13222,6489,49.08
20,2069,VINATIORGA,EQ,29605,16986,57.38
20,2070,VINDHYATEL,EQ,30391,15214,50.06
20,2071,VINEETLAB,EQ,95469,30477,31.92
20,2072,VINSYS,SM,49000,34000,69.39
20,2073,VINYLINDIA,EQ,16885,8692,51.48
20,2074,VIPIND,EQ,817121,424142,51.91
20,2075,VIPULLTD,EQ,190187,134694,70.82
20,2076,VISAKAIND,EQ,213077,104036,48.83
20,2077,VISHAL,EQ,731314,335465,45.87
20,2078,VISHNU,EQ,82518,41911,50.79
20,2079,VISHWARAJ,EQ,2086529,1037483,49.72
20,2080,VITAL,SM,38400,34800,90.63
20,2081,VIVIANA,SM,4000,2000,50.00
20,2082,VIVIDHA,EQ,1846651,1100966,59.62
20,2083,VLEGOV,EQ,170738,128804,75.44
20,2084,VLSFINANCE,EQ,47538,25392,53.41
20,2085,VMARCIND,SM,48000,36000,75.00
20,2086,VMART,EQ,31646,22813,72.09
20,2087,VOLTAMP,EQ,25085,12300,49.03
20,2088,VOLTAS,EQ,961453,418623,43.54
20,2089,VPRPL,EQ,10451755,3315412,31.72
20,2090,VRLLOG,EQ,87131,53720,61.65
20,2091,VSSL,EQ,78121,39927,51.11
20,2092,VSTIND,EQ,3887,2095,53.90
20,2093,VSTTILLERS,EQ,8735,3920,44.88
20,2094,VTL,EQ,312581,204380,65.38
20,2095,WABAG,EQ,270361,161989,59.92
20,2096,WALPAR,SM,4000,4000,100.00
20,2097,WATERBASE,EQ,151890,62508,41.15
20,2098,WEALTH,EQ,560,294,52.50
20,2099,WEBELSOLAR,EQ,410029,251773,61.40
20,2100,WELCORP,EQ,4139892,1842892,44.52
20,2101,WELENT,EQ,705033,482329,68.41
20,2102,WELSPUNIND,EQ,1135736,481532,42.40
20,2103,WENDT,EQ,244,137,56.15
20,2104,WESTLIFE,EQ,411137,348672,84.81
20,2105,WHEELS,EQ,58242,33833,58.09
20,2106,WHIRLPOOL,EQ,110815,71464,64.49
20,2107,WINDLAS,EQ,23151,13329,57.57
20,2108,WIPRO,EQ,9917938,6185857,62.37
20,2109,WOCKPHARMA,EQ,1549698,824569,53.21
20,2110,WONDERLA,EQ,329986,158139,47.92
20,2111,WORTH,EQ,39161,18168,46.39
20,2112,WSTCSTPAPR,EQ,663473,284829,42.93
20,2113,XCHANGING,EQ,257726,119788,46.48
20,2114,XELPMOC,EQ,29707,20082,67.60
20,2115,XPROINDIA,EQ,61434,20990,34.17
20,2116,YASHO,EQ,2968,1674,56.40
20,2117,YATHARTH,EQ,1205161,484672,40.22
20,2118,YCCL,SM,33000,30000,90.91
20,2119,YESBANK,EQ,358807251,96184023,26.81
20,2120,YUDIZ,SM,44000,36000,81.82
20,2121,YUKEN,EQ,25911,17951,69.28
20,2122,ZEAL,SM,25200,21600,85.71
20,2123,ZEEL,EQ,10766194,5195740,48.26
20,2124,ZEEMEDIA,EQ,7257166,3469914,47.81
20,2125,ZENITHSTL,EQ,163994,139017,84.77
20,2126,ZENSARTECH,EQ,1088552,322834,29.66
20,2127,ZFCVINDIA,EQ,75357,59919,79.51
20,2128,ZIMLAB,EQ,223723,120798,53.99
20,2129,ZODIACLOTH,EQ,28880,15444,53.48
20,2130,ZOMATO,EQ,148853172,64629543,43.42
20,2131,ZOTA,EQ,10279,5978,58.16
20,2132,ZUARI,EQ,434815,144360,33.20
20,2133,ZUARIIND,EQ,65810,36492,55.45
20,2134,ZYDUSLIFE,EQ,1436938,858979,59.78
20,2135,ZYDUSWELL,EQ,28808,16996,59.00
