Security Wise Delivery Position - Compulsory Rolling Settlement
10,MTO,22092023,1479774479,0002124
Trade Date <22-SEP-2023>,Settlement Type <N>
Record Type,Sr No,Name of Security,Quantity Traded,Deliverable Quantity(gross across client level),% of Deliverable Quantity to Traded Quantity
20,1,182D051023,TB,1000,1000,100.00
20,2,182D191023,TB,1400,1400,100.00
20,3,182D210324,TB,1000,1000,100.00
20,4,182D211223,TB,1000,1000,100.00
20,5,182D290923,TB,100,100,100.00
20,6,21STCENMGM,EQ,6600,5659,85.74
20,7,360ONE,EQ,1632470,1446649,88.62
20,8,364D080824,TB,2200,2200,100.00
20,9,364D091123,TB,1000,1000,100.00
20,10,364D231123,TB,2500,2500,100.00
20,11,3IINFOLTD,EQ,3269241,1161574,35.53
20,12,3MINDIA,EQ,6861,1788,26.06
20,13,3PLAND,EQ,19450,12185,62.65
20,14,574GS2026,GS,8,8,100.00
20,15,5PAISA,EQ,26952,12498,46.37
20,16,610GS2031,GS,60002,60002,100.00
20,17,622GS2035,GS,4,2,50.00
20,18,63MOONS,EQ,48508,25609,52.79
20,19,654GS2032,GS,5000,5000,100.00
20,20,667GS2035,GS,730,730,100.00
20,21,667GS2050,GS,1273,1272,99.92
20,22,669GS2024,GS,5402,5402,100.00
20,23,689GS2025,GS,4,4,100.00
20,24,68GS2060,GS,11,11,100.00
20,25,695GS2061,GS,2000,2000,100.00
20,26,699GS2026,GS,1000,1000,100.00
20,27,699GS2051,GS,3,3,100.00
20,28,706GS2028,GS,1462,1462,100.00
20,29,710GS2029,GS,506,506,100.00
20,30,716GS2050,GS,1,1,100.00
20,31,717GS2030,GS,1205,1205,100.00
20,32,718GS2033,GS,500,500,100.00
20,33,718GS2037,GS,10100,10054,99.54
20,34,725GS2063,GS,450,450,100.00
20,35,726GS2032,GS,27087,27087,100.00
20,36,726GS2033,GS,10010,10010,100.00
20,37,726KA25,SG,1200,1200,100.00
20,38,732GS2024,GS,4,4,100.00
20,39,736GS2052,GS,3901,3901,100.00
20,40,738GS2027,GS,257223,257063,99.94
20,41,73GS2053,GS,1100,1000,90.91
20,42,741GS2036,GS,1821,1821,100.00
20,43,744AP33,SG,400,400,100.00
20,44,74GS2062,GS,989,988,99.90
20,45,754GS2036,GS,894791,894041,99.92
20,46,772GS2055,GS,10,10,100.00
20,47,824GS2027,GS,41,41,100.00
20,48,91D071223,TB,100,100,100.00
20,49,91D121023,TB,200,200,100.00
20,50,91D141223,TB,2700,2700,100.00
20,51,91D171123,TB,3000,3000,100.00
20,52,91D211223,TB,1000,1000,100.00
20,53,AAATECH,EQ,24330,9823,40.37
20,54,AARTIDRUGS,EQ,292277,122140,41.79
20,55,AARTIIND,EQ,824320,265821,32.25
20,56,AARTIPHARM,EQ,188566,92541,49.08
20,57,AARTIPP,E1,8,7,87.50
20,58,AARTISURF,EQ,15805,8421,53.28
20,59,AARVEEDEN,EQ,29968,19896,66.39
20,60,AARVI,EQ,6642,3640,54.80
20,61,AATMAJ,SM,22000,18000,81.82
20,62,AAVAS,EQ,91857,54463,59.29
20,63,ABAN,EQ,87944,44073,50.11
20,64,ABB,EQ,250138,119715,47.86
20,65,ABBOTINDIA,EQ,9333,3688,39.52
20,66,ABCAPITAL,EQ,4730024,2595182,54.87
20,67,ABFRL,EQ,1757384,614891,34.99
20,68,ABSLAMC,EQ,39283,22807,58.06
20,69,ABSLBANETF,EQ,61603,54223,88.02
20,70,ABSLLIQUID,EQ,6805,6643,97.62
20,71,ABSLNN50ET,EQ,1878,1125,59.90
20,72,ACC,EQ,238415,100717,42.24
20,73,ACCELYA,EQ,13349,7213,54.03
20,74,ACE,EQ,276139,174766,63.29
20,75,ACI,EQ,127665,64461,50.49
20,76,ADANIENSOL,EQ,543417,213808,39.35
20,77,ADANIENT,EQ,865589,134252,15.51
20,78,ADANIGREEN,EQ,6840537,3688494,53.92
20,79,ADANIPORTS,EQ,3156509,769056,24.36
20,80,ADANIPOWER,EQ,12000168,6281105,52.34
20,81,ADFFOODS,EQ,92304,36454,39.49
20,82,ADORWELD,EQ,56169,29373,52.29
20,83,ADROITINFO,EQ,169587,95701,56.43
20,84,ADSL,EQ,203518,78521,38.58
20,85,ADVANIHOTR,EQ,27512,15149,55.06
20,86,ADVENZYMES,EQ,180031,86115,47.83
20,87,AEGISCHEM,EQ,168273,56353,33.49
20,88,AEROFLEX,EQ,730176,320447,43.89
20,89,AETHER,EQ,26261,16852,64.17
20,90,AFFLE,EQ,127976,65698,51.34
20,91,AGARIND,EQ,70710,24501,34.65
20,92,AGARWALFT,SM,12000,12000,100.00
20,93,AGI,EQ,962195,245285,25.49
20,94,AGROPHOS,EQ,27399,12430,45.37
20,95,AGSTRA,EQ,126192,61786,48.96
20,96,AHL,EQ,999929,348529,34.86
20,97,AHLADA,EQ,8007,3390,42.34
20,98,AHLEAST,EQ,3621,1440,39.77
20,99,AHLUCONT,EQ,73148,47360,64.75
20,100,AIAENG,EQ,56491,30940,54.77
20,101,AILIMITED,SM,18000,12000,66.67
20,102,AIRAN,EQ,367472,122812,33.42
20,103,AIRTELPP,E1,95592,67431,70.54
20,104,AISL,SM,19200,19200,100.00
20,105,AJANTPHARM,EQ,140919,76729,54.45
20,106,AJMERA,EQ,29775,12541,42.12
20,107,AJOONI,EQ,303305,218744,72.12
20,108,AKASH,EQ,73188,31595,43.17
20,109,AKG,EQ,32303,27609,85.47
20,110,AKSHARCHEM,EQ,7519,4110,54.66
20,111,AKSHOPTFBR,EQ,1528789,893188,58.42
20,112,AKZOINDIA,EQ,14257,7832,54.93
20,113,ALANKIT,EQ,167680,105234,62.76
20,114,ALBERTDAVD,EQ,5026,2228,44.33
20,115,ALEMBICLTD,EQ,257851,111074,43.08
20,116,ALICON,EQ,5802,3192,55.02
20,117,ALKALI,EQ,9635,8509,88.31
20,118,ALKEM,EQ,267533,175110,65.45
20,119,ALKYLAMINE,EQ,21779,9472,43.49
20,120,ALLCARGO,EQ,204852,115278,56.27
20,121,ALLETEC,SM,38400,30400,79.17
20,122,ALLSEC,EQ,22778,15269,67.03
20,123,ALMONDZ,EQ,21368,9202,43.06
20,124,ALOKINDS,EQ,9947129,3338593,33.56
20,125,ALPA,EQ,71925,42547,59.15
20,126,ALPHAGEO,EQ,20830,10660,51.18
20,127,AMARAJABAT,EQ,284622,145010,50.95
20,128,AMBANIORG,SM,2000,2000,100.00
20,129,AMBER,EQ,88881,24959,28.08
20,130,AMBIKCO,EQ,12763,6786,53.17
20,131,AMBUJACEM,EQ,2666687,1186015,44.48
20,132,AMDIND,EQ,13718,7236,52.75
20,133,AMEYA,SM,12000,12000,100.00
20,134,AMIORG,EQ,48249,23969,49.68
20,135,AMJLAND,EQ,117638,55040,46.79
20,136,AMRUTANJAN,EQ,32284,9793,30.33
20,137,ANANDRATHI,EQ,92791,43380,46.75
20,138,ANANTRAJ,EQ,1018313,535441,52.58
20,139,ANDHRAPAP,EQ,245506,96698,39.39
20,140,ANDHRSUGAR,EQ,261914,96545,36.86
20,141,ANDREWYU,EQ,2927309,1203255,41.10
20,142,ANGELONE,EQ,265844,73262,27.56
20,143,ANLON,SM,25200,21600,85.71
20,144,ANNAPURNA,SM,20000,13000,65.00
20,145,ANUP,EQ,19263,9883,51.31
20,146,ANURAS,EQ,150637,67250,44.64
20,147,APARINDS,EQ,217244,66868,30.78
20,148,APCL,EQ,48473,32049,66.12
20,149,APCOTEXIND,EQ,21556,9929,46.06
20,150,APEX,EQ,96410,36506,37.87
20,151,APLAPOLLO,EQ,573249,342082,59.67
20,152,APLLTD,EQ,160911,68800,42.76
20,153,APOLLO,EQ,1056052,565029,53.50
20,154,APOLLOHOSP,EQ,348459,185712,53.30
20,155,APOLLOPIPE,EQ,52336,21175,40.46
20,156,APOLLOTYRE,EQ,2440598,1073701,43.99
20,157,APTECHT,EQ,201624,76326,37.86
20,158,APTUS,EQ,450910,279456,61.98
20,159,ARENTERP,EQ,305286,87887,28.79
20,160,ARHAM,SM,6000,3000,50.00
20,161,ARIES,EQ,33725,11882,35.23
20,162,ARIHANTACA,SM,11200,6400,57.14
20,163,ARIHANTCAP,EQ,725068,420566,58.00
20,164,ARIHANTSUP,EQ,128062,23795,18.58
20,165,ARISTO,SM,16000,9600,60.00
20,166,ARMANFIN,EQ,9267,4504,48.60
20,167,AROGRANITE,EQ,235131,70485,29.98
20,168,ARTEMISMED,EQ,1181801,507220,42.92
20,169,ARVIND,EQ,675238,240492,35.62
20,170,ARVINDFASN,EQ,124936,63145,50.54
20,171,ARVSMART,EQ,36308,18522,51.01
20,172,ASAHIINDIA,EQ,783177,125923,16.08
20,173,ASAHISONG,EQ,55356,24481,44.22
20,174,ASAL,EQ,30655,10312,33.64
20,175,ASALCBR,EQ,19213,11837,61.61
20,176,ASHIANA,EQ,131323,66447,50.60
20,177,ASHIMASYN,EQ,68553,51348,74.90
20,178,ASHOKA,EQ,1042242,396238,38.02
20,179,ASHOKLEY,EQ,8734004,5292620,60.60
20,180,ASIANENE,EQ,115437,70655,61.21
20,181,ASIANPAINT,EQ,896521,508400,56.71
20,182,ASIANTILES,EQ,429175,249500,58.13
20,183,ASLIND,SM,4000,4000,100.00
20,184,ASPINWALL,EQ,3290,2134,64.86
20,185,ASTEC,EQ,12857,6714,52.22
20,186,ASTERDM,EQ,157827,88997,56.39
20,187,ASTRAL,EQ,391026,169512,43.35
20,188,ASTRAMICRO,EQ,357995,90106,25.17
20,189,ASTRAZEN,EQ,11341,7076,62.39
20,190,ASTRON,EQ,58965,30336,51.45
20,191,ATAM,EQ,8249,4518,54.77
20,192,ATFL,EQ,3804,2441,64.17
20,193,ATGL,EQ,244252,139688,57.19
20,194,ATL,EQ,3864281,1275139,33.00
20,195,ATUL,EQ,17384,3834,22.05
20,196,ATULAUTO,EQ,112806,43089,38.20
20,197,AUBANK,EQ,1667979,747995,44.84
20,198,AURDIS,SM,1000,1000,100.00
20,199,AUROIMPEX,SM,16000,11200,70.00
20,200,AUROPHARMA,EQ,1427856,438087,30.68
20,201,AURUM,EQ,35825,20641,57.62
20,202,AURUMPP,E1,4079,3954,96.94
20,203,AUSOMENT,EQ,10474,5551,53.00
20,204,AUTOAXLES,EQ,13076,7037,53.82
20,205,AUTOBEES,EQ,76901,55006,71.53
20,206,AVADHSUGAR,EQ,119937,33620,28.03
20,207,AVALON,EQ,273997,135512,49.46
20,208,AVANTIFEED,EQ,230342,106675,46.31
20,209,AVG,EQ,201670,97473,48.33
20,210,AVROIND,EQ,31012,5610,18.09
20,211,AVTNPL,EQ,471191,283037,60.07
20,212,AWHCL,EQ,56033,24092,43.00
20,213,AWL,EQ,874464,490214,56.06
20,214,AXISBANK,EQ,7108110,3845289,54.10
20,215,AXISBNKETF,EQ,2951,1437,48.70
20,216,AXISBPSETF,EQ,31791,13902,43.73
20,217,AXISCETF,EQ,708,699,98.73
20,218,AXISGOLD,EQ,32573,25151,77.21
20,219,AXISHCETF,EQ,8735,6855,78.48
20,220,AXISILVER,EQ,11075,9003,81.29
20,221,AXISNIFTY,EQ,2699,2409,89.26
20,222,AXISTECETF,EQ,3211,2760,85.95
20,223,AXSENSEX,EQ,2110,356,16.87
20,224,AYMSYNTEX,EQ,20550,6620,32.21
20,225,BAHETI,SM,9000,6000,66.67
20,226,BAIDFIN,EQ,500787,63287,12.64
20,227,BAJAJ-AUTO,EQ,498375,313167,62.84
20,228,BAJAJCON,EQ,316302,140079,44.29
20,229,BAJAJFINSV,EQ,1321743,633061,47.90
20,230,BAJAJHCARE,EQ,1713332,351731,20.53
20,231,BAJAJHIND,EQ,20859652,6631620,31.79
20,232,BAJAJHLDNG,EQ,21167,11667,55.12
20,233,BAJFINANCE,EQ,526304,208574,39.63
20,234,BALAJITELE,EQ,191627,92753,48.40
20,235,BALAMINES,EQ,45635,25503,55.88
20,236,BALAXI,EQ,1182,667,56.43
20,237,BALKRISHNA,EQ,66426,15811,23.80
20,238,BALKRISIND,EQ,152790,59087,38.67
20,239,BALMLAWRIE,EQ,659308,242882,36.84
20,240,BALPHARMA,EQ,16113,8883,55.13
20,241,BALRAMCHIN,EQ,2658241,805429,30.30
20,242,BANARBEADS,EQ,20834,10053,48.25
20,243,BANARISUG,EQ,11447,5694,49.74
20,244,BANCOINDIA,EQ,124172,53037,42.71
20,245,BANDHANBNK,EQ,12015422,5770021,48.02
20,246,BANG,EQ,77239,26163,33.87
20,247,BANKA,EQ,9918,4631,46.69
20,248,BANKBARODA,EQ,37302904,8992537,24.11
20,249,BANKBEES,EQ,1136146,877909,77.27
20,250,BANKETF,EQ,3308,2935,88.72
20,251,BANKINDIA,EQ,24986113,5934519,23.75
20,252,BANSWRAS,EQ,36897,14176,38.42
20,253,BARBEQUE,EQ,87540,36979,42.24
20,254,BASF,EQ,16986,13310,78.36
20,255,BASILIC,ST,248400,222000,89.37
20,256,BASML,EQ,38861,27860,71.69
20,257,BATAINDIA,EQ,140677,38450,27.33
20,258,BAYERCROP,EQ,29769,14094,47.34
20,259,BBETF0432,EQ,2385,1900,79.66
20,260,BBL,EQ,16739,9144,54.63
20,261,BBOX,EQ,84958,32448,38.19
20,262,BBTC,EQ,59379,16294,27.44
20,263,BBTCL,EQ,3678,1689,45.92
20,264,BCG,EQ,67315012,31172865,46.31
20,265,BCLIND,EQ,111773,51864,46.40
20,266,BDL,EQ,703464,310097,44.08
20,267,BECTORFOOD,EQ,116567,65259,55.98
20,268,BEDMUTHA,EQ,34185,17375,50.83
20,269,BEL,EQ,12604969,6870563,54.51
20,270,BEML,EQ,362965,116323,32.05
20,271,BEPL,EQ,393629,214045,54.38
20,272,BERGEPAINT,EQ,7210089,889647,12.34
20,273,BETA,SM,1200,1200,100.00
20,274,BFINVEST,EQ,53489,12871,24.06
20,275,BFSI,EQ,225682,198458,87.94
20,276,BFUTILITIE,EQ,97001,39459,40.68
20,277,BGRENERGY,EQ,209868,67183,32.01
20,278,BHAGCHEM,EQ,2891,1725,59.67
20,279,BHAGERIA,EQ,27704,14226,51.35
20,280,BHARATFORG,EQ,860021,381793,44.39
20,281,BHARATGEAR,EQ,35487,17083,48.14
20,282,BHARATRAS,EQ,1129,580,51.37
20,283,BHARATWIRE,EQ,223541,88396,39.54
20,284,BHARTIARTL,EQ,6112928,3546159,58.01
20,285,BHEL,EQ,18256470,5819379,31.88
20,286,BIGBLOC,EQ,272042,96075,35.32
20,287,BIKAJI,EQ,242757,132172,54.45
20,288,BIOCON,EQ,3614837,1606439,44.44
20,289,BIOFILCHEM,EQ,19338,11200,57.92
20,290,BIRET,RR,210351,188263,89.50
20,291,BIRLACABLE,EQ,177171,72382,40.85
20,292,BIRLACORPN,EQ,69120,33269,48.13
20,293,BIRLAMONEY,EQ,141764,83431,58.85
20,294,BLAL,EQ,74510,39679,53.25
20,295,BLBLIMITED,EQ,57714,27469,47.60
20,296,BLISSGVS,EQ,131382,64872,49.38
20,297,BLKASHYAP,EQ,589732,374536,63.51
20,298,BLS,EQ,1476895,718774,48.67
20,299,BLUEDART,EQ,14342,4923,34.33
20,300,BLUESTARCO,EQ,914115,456701,49.96
20,301,BMETRICS,SM,5200,4000,76.92
20,302,BODALCHEM,EQ,500615,237193,47.38
20,303,BOMDYEING,EQ,4738536,1161420,24.51
20,304,BOROLTD,EQ,59349,29375,49.50
20,305,BORORENEW,EQ,547654,409337,74.74
20,306,BOSCHLTD,EQ,13390,7134,53.28
20,307,BPCL,EQ,1991051,946374,47.53
20,308,BPL,EQ,598441,217712,36.38
20,309,BRIGADE,EQ,423104,318777,75.34
20,310,BRIGHT,SM,60000,57000,95.00
20,311,BRITANNIA,EQ,210753,134417,63.78
20,312,BRITANNIA,N3,3850,3746,97.30
20,313,BRNL,EQ,314519,155238,49.36
20,314,BSE,EQ,1101977,434289,39.41
20,315,BSLGOLDETF,EQ,5581,2758,49.42
20,316,BSLNIFTY,EQ,88219,53931,61.13
20,317,BSLSENETFG,EQ,2255,1232,54.63
20,318,BSOFT,EQ,1428385,395307,27.68
20,319,BTML,EQ,26490,11526,43.51
20,320,BURNPUR,EQ,202331,123868,61.22
20,321,BUTTERFLY,EQ,3516,1842,52.39
20,322,BYKE,EQ,204753,100216,48.94
20,323,CADSYS,SM,2000,2000,100.00
20,324,CALSOFT,EQ,15177,7895,52.02
20,325,CAMLINFINE,EQ,465970,245802,52.75
20,326,CAMPUS,EQ,472451,251882,53.31
20,327,CAMS,EQ,84650,38770,45.80
20,328,CANBK,EQ,32802763,6727813,20.51
20,329,CANFINHOME,EQ,479223,144027,30.05
20,330,CANTABIL,EQ,18480,6227,33.70
20,331,CAPACITE,EQ,461258,202408,43.88
20,332,CAPLIPOINT,EQ,40371,14003,34.69
20,333,CAPTRUST,EQ,9119,5252,57.59
20,334,CARBORUNIV,EQ,2039507,585450,28.71
20,335,CARERATING,EQ,40633,21062,51.83
20,336,CARTRADE,EQ,63943,27033,42.28
20,337,CARYSIL,EQ,47703,26940,56.47
20,338,CASTROLIND,EQ,1334611,682780,51.16
20,339,CCL,EQ,100807,48388,48.00
20,340,CDSL,EQ,838432,239132,28.52
20,341,CEATLTD,EQ,117915,40313,34.19
20,342,CELEBRITY,EQ,740165,68023,9.19
20,343,CELLPOINT,SM,33600,27600,82.14
20,344,CENTENKA,EQ,21075,13463,63.88
20,345,CENTRALBK,EQ,137435211,15521158,11.29
20,346,CENTRUM,EQ,259124,158260,61.08
20,347,CENTURYPLY,EQ,62338,27839,44.66
20,348,CENTURYTEX,EQ,1346461,225438,16.74
20,349,CERA,EQ,15841,6586,41.58
20,350,CESC,EQ,4106864,2080665,50.66
20,351,CGCL,EQ,145289,49597,34.14
20,352,CGPOWER,EQ,1515418,989638,65.30
20,353,CHALET,EQ,108748,50522,46.46
20,354,CHAMBLFERT,EQ,1495556,415465,27.78
20,355,CHEMBOND,EQ,11854,5757,48.57
20,356,CHEMCON,EQ,42264,20228,47.86
20,357,CHEMFAB,EQ,25171,10298,40.91
20,358,CHEMPLASTS,EQ,91543,42423,46.34
20,359,CHENNPETRO,EQ,1403632,353797,25.21
20,360,CHEVIOT,EQ,2394,1744,72.85
20,361,CHOICEIN,EQ,434395,52887,12.17
20,362,CHOLAFIN,EQ,2166139,995964,45.98
20,363,CHOLAFIN,N2,20,20,100.00
20,364,CHOLAFIN,N4,1,1,100.00
20,365,CHOLAFIN,N6,110,110,100.00
20,366,CHOLAHLDNG,EQ,2511153,1444881,57.54
20,367,CIEINDIA,EQ,312483,177866,56.92
20,368,CIGNITITEC,EQ,66361,36841,55.52
20,369,CINEVISTA,EQ,70276,37480,53.33
20,370,CIPLA,EQ,2796199,1206950,43.16
20,371,CLEAN,EQ,127187,66700,52.44
20,372,CLEDUCATE,EQ,46321,30794,66.48
20,373,CLOUD,SM,103000,74000,71.84
20,374,CLSEL,EQ,521099,135256,25.96
20,375,CLSL,SM,48000,38000,79.17
20,376,CMMIPL,ST,3000,3000,100.00
20,377,CMNL,SM,30000,24000,80.00
20,378,CMRSL,SM,1600,1600,100.00
20,379,CMSINFO,EQ,620766,355916,57.33
20,380,COALINDIA,EQ,8691024,2282393,26.26
20,381,COASTCORP,EQ,132984,47786,35.93
20,382,COCHINSHIP,EQ,2201499,518324,23.54
20,383,COFFEEDAY,EQ,2147235,1086693,50.61
20,384,COFORGE,EQ,296925,133898,45.09
20,385,COLPAL,EQ,318790,183085,57.43
20,386,COMPINFO,EQ,189394,116093,61.30
20,387,COMPUSOFT,EQ,91220,44478,48.76
20,388,CONCOR,EQ,1312782,910306,69.34
20,389,CONCORDBIO,EQ,315833,181561,57.49
20,390,CONFIPET,EQ,1158652,485312,41.89
20,391,CONSUMBEES,EQ,9755,6972,71.47
20,392,CONTROLPR,EQ,20220,7838,38.76
20,393,COOLCAPS,SM,3750,3250,86.67
20,394,CORALFINAC,EQ,30617,21976,71.78
20,395,COROMANDEL,EQ,218737,99255,45.38
20,396,COSMOFIRST,EQ,46908,19542,41.66
20,397,COUNCODOS,EQ,59201,52104,88.01
20,398,CPS,SM,25800,21600,83.72
20,399,CPSEETF,EQ,3695718,2544592,68.85
20,400,CRAFTSMAN,EQ,45134,17982,39.84
20,401,CRAYONS,SM,10000,8000,80.00
20,402,CREATIVE,EQ,13155,8408,63.91
20,403,CREATIVEYE,EQ,12245,11299,92.27
20,404,CREDITACC,EQ,264349,202482,76.60
20,405,CREDITACC,N5,14,14,100.00
20,406,CREDITACC,N7,85,85,100.00
20,407,CREDITACC,N9,1,1,100.00
20,408,CREDITACC,ND,123,119,96.75
20,409,CREST,EQ,11762,7414,63.03
20,410,CRISIL,EQ,29345,22448,76.50
20,411,CROMPTON,EQ,2338446,1543996,66.03
20,412,CSBBANK,EQ,883734,252481,28.57
20,413,CSLFINANCE,EQ,153195,103556,67.60
20,414,CUB,EQ,2298340,974818,42.41
20,415,CUBEXTUB,EQ,47763,34244,71.70
20,416,CUMMINSIND,EQ,418784,266551,63.65
20,417,CUPID,EQ,107481,37515,34.90
20,418,CYIENT,EQ,384878,202134,52.52
20,419,CYIENTDLM,EQ,95886,33413,34.85
20,420,DAAWAT,EQ,1084709,412389,38.02
20,421,DABUR,EQ,956641,622349,65.06
20,422,DALBHARAT,EQ,236560,152218,64.35
20,423,DALMIASUG,EQ,180966,53886,29.78
20,424,DAMODARIND,EQ,85308,27095,31.76
20,425,DANGEE,EQ,493011,357089,72.43
20,426,DATAMATICS,EQ,70062,31200,44.53
20,427,DATAPATTNS,EQ,143240,59668,41.66
20,428,DBCORP,EQ,264766,166390,62.84
20,429,DBL,EQ,266077,50910,19.13
20,430,DBOL,EQ,166261,60286,36.26
20,431,DBREALTY,EQ,1618639,681457,42.10
20,432,DBSTOCKBRO,EQ,21450,9206,42.92
20,433,DCAL,EQ,2280302,518968,22.76
20,434,DCBBANK,EQ,1671910,583499,34.90
20,435,DCM,EQ,37339,24706,66.17
20,436,DCMFINSERV,EQ,5888,5577,94.72
20,437,DCMNVL,EQ,12197,7409,60.74
20,438,DCMSHRIRAM,EQ,103177,68195,66.10
20,439,DCMSRIND,EQ,138820,74171,53.43
20,440,DCW,EQ,7316273,2035287,27.82
20,441,DCXINDIA,EQ,414561,166254,40.10
20,442,DECCANCE,EQ,2976,1580,53.09
20,443,DEEPAKFERT,EQ,354933,120224,33.87
20,444,DEEPAKNTR,EQ,264047,94488,35.78
20,445,DEEPINDS,EQ,74184,32244,43.46
20,446,DELHIVERY,EQ,464925,294019,63.24
20,447,DELPHIFX,EQ,70266,16653,23.70
20,448,DELTACORP,EQ,1758908,661778,37.62
20,449,DEN,EQ,6734186,1860304,27.62
20,450,DENEERS,SM,2400,1200,50.00
20,451,DENORA,EQ,2397,1485,61.95
20,452,DENTALKART,SM,38000,38000,100.00
20,453,DESTINY,SM,12000,12000,100.00
20,454,DEVYANI,EQ,1185396,767733,64.77
20,455,DGCONTENT,EQ,6530,2860,43.80
20,456,DHAMPURSUG,EQ,564493,197738,35.03
20,457,DHANBANK,EQ,6157344,1998524,32.46
20,458,DHANILOANS,N8,70,70,100.00
20,459,DHANILOANS,NS,10,10,100.00
20,460,DHANUKA,EQ,52611,29709,56.47
20,461,DHARMAJ,EQ,164950,92184,55.89
20,462,DHRUV,EQ,56485,35229,62.37
20,463,DHUNINV,EQ,2802,2092,74.66
20,464,DIAMONDYD,EQ,18295,13958,76.29
20,465,DICIND,EQ,292,151,51.71
20,466,DISHTV,EQ,19036885,7416092,38.96
20,467,DIVGIITTS,EQ,24217,16464,67.99
20,468,DIVISLAB,EQ,190002,56854,29.92
20,469,DIVOPPBEES,EQ,16102,12969,80.54
20,470,DIXON,EQ,282816,91550,32.37
20,471,DJML,EQ,1862,1385,74.38
20,472,DLF,EQ,1854379,716278,38.63
20,473,DLINKINDIA,EQ,149460,51907,34.73
20,474,DMART,EQ,148096,85357,57.64
20,475,DMCC,EQ,7527,3356,44.59
20,476,DNAMEDIA,EQ,33795,27716,82.01
20,477,DODLA,EQ,47874,18410,38.46
20,478,DOLATALGO,EQ,108808,45131,41.48
20,479,DOLLAR,EQ,101128,44462,43.97
20,480,DOLLEX,SM,24000,12000,50.00
20,481,DONEAR,EQ,584793,147916,25.29
20,482,DPABHUSHAN,EQ,5878,3918,66.66
20,483,DPSCLTD,EQ,233697,101211,43.31
20,484,DPWIRES,EQ,26549,8197,30.87
20,485,DRCSYSTEMS,EQ,24640,5804,23.56
20,486,DREAMFOLKS,EQ,270212,148216,54.85
20,487,DREDGECORP,EQ,94431,38456,40.72
20,488,DRONE,SM,228000,100000,43.86
20,489,DRREDDY,EQ,489557,253825,51.85
20,490,DSPBANKETF,EQ,6330,4322,68.28
20,491,DSPGOLDETF,EQ,13086,13047,99.70
20,492,DSPITETF,EQ,3845,2983,77.58
20,493,DSPN50ETF,EQ,512,280,54.69
20,494,DSPNEWETF,EQ,11879,9171,77.20
20,495,DSPPSBKETF,EQ,13399,7195,53.70
20,496,DSPPVBKETF,EQ,4207,3067,72.90
20,497,DSPQ50ETF,EQ,2402,2180,90.76
20,498,DSPSENXETF,EQ,585,580,99.15
20,499,DSPSILVETF,EQ,9144,7615,83.28
20,500,DSSL,EQ,20121,10158,50.48
20,501,DTIL,EQ,7711,3495,45.32
20,502,DUCOL,SM,30400,30400,100.00
20,503,DUGLOBAL,SM,55000,42500,77.27
20,504,DVL,EQ,33507,19047,56.84
20,505,DWARKESH,EQ,2104794,499630,23.74
20,506,DYNAMATECH,EQ,37868,24480,64.65
20,507,DYNAMIC,SM,76000,54000,71.05
20,508,DYNPRO,EQ,15691,8659,55.18
20,509,EASEMYTRIP,EQ,18522806,5995067,32.37
20,510,EBBETF0425,EQ,13980,11904,85.15
20,511,EBBETF0430,EQ,10708,9477,88.50
20,512,EBBETF0431,EQ,12981,12056,92.87
20,513,EBBETF0433,EQ,7256,6701,92.35
20,514,ECLERX,EQ,51483,22265,43.25
20,515,ECLFINANCE,NO,1527,1527,100.00
20,516,ECLFINANCE,NP,475,473,99.58
20,517,ECLFINANCE,NQ,76,76,100.00
20,518,ECLFINANCE,NR,299,282,94.31
20,519,ECLFINANCE,NS,21,19,90.48
20,520,EDELWEISS,EQ,2805281,963849,34.36
20,521,EICHERMOT,EQ,393516,229573,58.34
20,522,EIDPARRY,EQ,310062,134899,43.51
20,523,EIFFL,EQ,19997,15972,79.87
20,524,EIHAHOTELS,EQ,7431,4414,59.40
20,525,EIHOTEL,EQ,1811162,1226112,67.70
20,526,EIMCOELECO,EQ,5309,3490,65.74
20,527,EKC,EQ,332373,114167,34.35
20,528,ELDEHSG,EQ,2221,1577,71.00
20,529,ELECON,EQ,1246795,379458,30.43
20,530,ELECTCAST,EQ,3321832,1702468,51.25
20,531,ELGIEQUIP,EQ,391580,97672,24.94
20,532,ELIN,EQ,141013,59771,42.39
20,533,EMAMILTD,EQ,165545,86023,51.96
20,534,EMAMIPAP,EQ,12004,7170,59.73
20,535,EMAMIREAL,EQ,91462,53925,58.96
20,536,EMBASSY,RR,187700,167704,89.35
20,537,EMKAY,EQ,6844,4829,70.56
20,538,EMKAYTOOLS,SM,1200,1200,100.00
20,539,EMMBI,EQ,1590344,373375,23.48
20,540,EMSLIMITED,EQ,2502985,1064327,42.52
20,541,EMUDHRA,EQ,151498,45647,30.13
20,542,ENDURANCE,EQ,16853,5791,34.36
20,543,ENERGYDEV,EQ,151084,87594,57.98
20,544,ENGINERSIN,EQ,2324191,683650,29.41
20,545,ENIL,EQ,29928,21479,71.77
20,546,EPIGRAL,EQ,18412,11445,62.16
20,547,EPL,EQ,540632,294711,54.51
20,548,EQUITASBNK,EQ,3514659,1841303,52.39
20,549,ERFLNCDI,N5,108,108,100.00
20,550,ERIS,EQ,71521,55804,78.02
20,551,EROSMEDIA,EQ,312641,127497,40.78
20,552,ESABINDIA,EQ,4539,1535,33.82
20,553,ESCORTS,EQ,150478,33737,22.42
20,554,ESFL,SM,134400,123600,91.96
20,555,ESG,EQ,21877,12738,58.23
20,556,ESTER,EQ,94998,42210,44.43
20,557,ETHOSLTD,EQ,47584,23495,49.38
20,558,EUROBOND,SM,19000,14000,73.68
20,559,EVEREADY,EQ,715151,547036,76.49
20,560,EVERESTIND,EQ,9083,4056,44.65
20,561,EXCELINDUS,EQ,6111,3163,51.76
20,562,EXIDEIND,EQ,1539984,540257,35.08
20,563,EXPLEOSOL,EQ,17890,7652,42.77
20,564,EXXARO,EQ,109985,49990,45.45
20,565,FACT,EQ,1811504,194350,10.73
20,566,FAIRCHEMOR,EQ,12630,5588,44.24
20,567,FAZE3Q,EQ,49094,34494,70.26
20,568,FCL,EQ,153041,59574,38.93
20,569,FCSSOFT,EQ,9763791,5849377,59.91
20,570,FDC,EQ,158582,60233,37.98
20,571,FEDERALBNK,EQ,8086555,2960091,36.61
20,572,FELIX,SM,7000,6000,85.71
20,573,FIBERWEB,EQ,192265,93277,48.51
20,574,FIDEL,SM,12000,9000,75.00
20,575,FIEMIND,EQ,24173,12580,52.04
20,576,FILATEX,EQ,674848,352537,52.24
20,577,FINCABLES,EQ,199447,60211,30.19
20,578,FINEORG,EQ,28456,13571,47.69
20,579,FINOPB,EQ,172788,75161,43.50
20,580,FINPIPE,EQ,669670,281033,41.97
20,581,FIVESTAR,EQ,230158,113278,49.22
20,582,FLUOROCHEM,EQ,82339,33259,40.39
20,583,FMGOETZE,EQ,105864,56718,53.58
20,584,FOCE,SM,3800,2800,73.68
20,585,FOCUS,EQ,105700,63739,60.30
20,586,FOODSIN,EQ,532805,391335,73.45
20,587,FORCEMOT,EQ,26840,11965,44.58
20,588,FORTIS,EQ,875030,595781,68.09
20,589,FOSECOIND,EQ,2272,886,39.00
20,590,FROG,SM,9200,7200,78.26
20,591,FSL,EQ,1048209,358281,34.18
20,592,FUSION,EQ,222694,138181,62.05
20,593,GABRIEL,EQ,281675,207469,73.66
20,594,GAEL,EQ,11832783,1299857,10.99
20,595,GAIL,EQ,7745864,3185454,41.12
20,596,GALAXYSURF,EQ,8440,4662,55.24
20,597,GALLANTT,EQ,77874,41133,52.82
20,598,GANDHITUBE,EQ,3657,1749,47.83
20,599,GANECOS,EQ,74251,50763,68.37
20,600,GANESHBE,EQ,124462,54992,44.18
20,601,GANESHHOUC,EQ,75328,35693,47.38
20,602,GANGESSECU,EQ,6632,2915,43.95
20,603,GARFIBRES,EQ,10097,5968,59.11
20,604,GATEWAY,EQ,343853,162867,47.37
20,605,GATI,EQ,495872,170474,34.38
20,606,GEECEE,EQ,16637,8225,49.44
20,607,GENESYS,EQ,62938,17691,28.11
20,608,GENSOL,EQ,101137,61987,61.29
20,609,GENUSPAPER,EQ,455593,205424,45.09
20,610,GENUSPOWER,EQ,774704,381772,49.28
20,611,GEOJITFSL,EQ,314697,131720,41.86
20,612,GEPIL,EQ,489160,153750,31.43
20,613,GESHIP,EQ,245831,65451,26.62
20,614,GET&D,EQ,113388,61302,54.06
20,615,GFLLIMITED,EQ,193159,94293,48.82
20,616,GHCL,EQ,211468,92474,43.73
20,617,GHCLTEXTIL,EQ,178459,112226,62.89
20,618,GICHSGFIN,EQ,969862,324628,33.47
20,619,GICL,SM,3000,3000,100.00
20,620,GICRE,EQ,467380,119925,25.66
20,621,GILLANDERS,EQ,77168,49770,64.50
20,622,GILLETTE,EQ,21996,10194,46.34
20,623,GILT5YBEES,EQ,332818,276497,83.08
20,624,GIPCL,EQ,1024417,330036,32.22
20,625,GIRIRAJ,SM,1200,1200,100.00
20,626,GLAND,EQ,170216,90662,53.26
20,627,GLAXO,EQ,143149,108766,75.98
20,628,GLENMARK,EQ,6359197,966639,15.20
20,629,GLFL,EQ,1125,1125,100.00
20,630,GLOBAL,EQ,50685,25147,49.61
20,631,GLOBALPET,SM,63000,42000,66.67
20,632,GLOBE,EQ,1198928,793629,66.19
20,633,GLOBUSSPR,EQ,192218,106033,55.16
20,634,GLS,EQ,1244561,527475,42.38
20,635,GMBREW,EQ,53742,20678,38.48
20,636,GMDCLTD,EQ,3698092,1177272,31.83
20,637,GMMPFAUDLR,EQ,178781,98242,54.95
20,638,GMRINFRA,EQ,12703977,5028709,39.58
20,639,GMRP&UI,EQ,3179487,2474944,77.84
20,640,GNA,EQ,74014,32265,43.59
20,641,GNFC,EQ,602906,212689,35.28
20,642,GOACARBON,EQ,32900,8405,25.55
20,643,GOCLCORP,EQ,19794,7836,39.59
20,644,GOCOLORS,EQ,73605,37669,51.18
20,645,GODFRYPHLP,EQ,36313,21398,58.93
20,646,GODREJAGRO,EQ,99007,45051,45.50
20,647,GODREJCP,EQ,1479506,1158737,78.32
20,648,GODREJIND,EQ,90267,37761,41.83
20,649,GODREJPROP,EQ,435748,202137,46.39
20,650,GOKEX,EQ,832115,216024,25.96
20,651,GOKUL,EQ,76938,41920,54.49
20,652,GOKULAGRO,EQ,128356,68769,53.58
20,653,GOLDBEES,EQ,2824953,2276377,80.58
20,654,GOLDETF,EQ,20352,19212,94.40
20,655,GOLDIAM,EQ,109679,58469,53.31
20,656,GOLDSHARE,EQ,72035,51539,71.55
20,657,GOLDSTAR,SM,1102500,1035000,93.88
20,658,GOODLUCK,EQ,86122,45887,53.28
20,659,GOODYEAR,EQ,10913,6419,58.82
20,660,GPIL,EQ,298330,127677,42.80
20,661,GPPL,EQ,624446,233783,37.44
20,662,GRANULES,EQ,3802198,963718,25.35
20,663,GRAPHITE,EQ,741821,223981,30.19
20,664,GRASIM,EQ,676037,345369,51.09
20,665,GRAUWEIL,EQ,293185,165230,56.36
20,666,GRAVITA,EQ,139399,46293,33.21
20,667,GRCL,SM,8000,8000,100.00
20,668,GREAVESCOT,EQ,661205,253545,38.35
20,669,GREENCHEF,SM,32000,28800,90.00
20,670,GREENLAM,EQ,21511,9353,43.48
20,671,GREENPANEL,EQ,169758,80033,47.15
20,672,GREENPLY,EQ,257129,127217,49.48
20,673,GRINDWELL,EQ,55522,40667,73.24
20,674,GRINFRA,EQ,12621,6418,50.85
20,675,GRMOVER,EQ,84130,36879,43.84
20,676,GROBTEA,EQ,552,251,45.47
20,677,GRSE,EQ,969703,224279,23.13
20,678,GRWRHITECH,EQ,7924,4641,58.57
20,679,GSEC10YEAR,EQ,7700,3472,45.09
20,680,GSFC,EQ,1033949,476736,46.11
20,681,GSLSU,EQ,123289,23174,18.80
20,682,GSPL,EQ,463437,216480,46.71
20,683,GSS,EQ,23957,13132,54.81
20,684,GSTL,SM,4000,4000,100.00
20,685,GTLINFRA,EQ,85365810,39426473,46.19
20,686,GTPL,EQ,161095,66693,41.40
20,687,GUFICBIO,EQ,161691,71470,44.20
20,688,GUJALKALI,EQ,134183,51494,38.38
20,689,GUJGASLTD,EQ,751015,324321,43.18
20,690,GULFOILLUB,EQ,62152,30770,49.51
20,691,GULFPETRO,EQ,1611352,937101,58.16
20,692,GULPOLY,EQ,261846,120101,45.87
20,693,GVKPIL,EQ,33527334,15570792,46.44
20,694,HAL,EQ,745403,338470,45.41
20,695,HAPPSTMNDS,EQ,233683,118226,50.59
20,696,HARDWYN,EQ,68564,38134,55.62
20,697,HARIOMPIPE,EQ,74519,30785,41.31
20,698,HARRMALAYA,EQ,47928,20975,43.76
20,699,HARSHA,EQ,54350,20131,37.04
20,700,HATHWAY,EQ,33354291,10902735,32.69
20,701,HATSUN,EQ,13523,6829,50.50
20,702,HAVELLS,EQ,350916,168107,47.91
20,703,HBLPOWER,EQ,1000366,382079,38.19
20,704,HBSL,EQ,12667,5493,43.36
20,705,HCC,EQ,32904707,15721257,47.78
20,706,HCG,EQ,118536,59800,50.45
20,707,HCLTECH,EQ,1321467,747994,56.60
20,708,HDFCAMC,EQ,586915,187461,31.94
20,709,HDFCBANK,EQ,30852125,20433576,66.23
20,710,HDFCBSE500,EQ,11823,7351,62.18
20,711,HDFCGOLD,EQ,157111,137041,87.23
20,712,HDFCGROWTH,EQ,587,465,79.22
20,713,HDFCLIFE,EQ,1925717,939736,48.80
20,714,HDFCLIQUID,EQ,9536,9485,99.47
20,715,HDFCLOWVOL,EQ,226,216,95.58
20,716,HDFCMID150,EQ,6531,3105,47.54
20,717,HDFCMOMENT,EQ,1375,743,54.04
20,718,HDFCNEXT50,EQ,405,284,70.12
20,719,HDFCNIF100,EQ,848,645,76.06
20,720,HDFCNIFBAN,EQ,20002,16774,83.86
20,721,HDFCNIFIT,EQ,1645,1317,80.06
20,722,HDFCNIFTY,EQ,32500,28332,87.18
20,723,HDFCPVTBAN,EQ,1055,646,61.23
20,724,HDFCQUAL,EQ,2703,1034,38.25
20,725,HDFCSENSEX,EQ,1331,1207,90.68
20,726,HDFCSILVER,EQ,149195,102963,69.01
20,727,HDFCSML250,EQ,132712,71483,53.86
20,728,HDFCVALUE,EQ,491,367,74.75
20,729,HEADSUP,EQ,776177,259980,33.49
20,730,HEALTHY,EQ,216861,177336,81.77
20,731,HECPROJECT,EQ,8409,2115,25.15
20,732,HEG,EQ,105152,33174,31.55
20,733,HEIDELBERG,EQ,211836,111302,52.54
20,734,HEMIPROP,EQ,487319,212765,43.66
20,735,HERANBA,EQ,31783,13968,43.95
20,736,HERCULES,EQ,53909,27852,51.66
20,737,HERITGFOOD,EQ,221839,97002,43.73
20,738,HEROMOTOCO,EQ,323540,131549,40.66
20,739,HESTERBIO,EQ,3996,2126,53.20
20,740,HEUBACHIND,EQ,29735,14806,49.79
20,741,HEXATRADEX,EQ,1065,799,75.02
20,742,HFCL,EQ,6135937,2302734,37.53
20,743,HGINFRA,EQ,42229,21820,51.67
20,744,HGS,EQ,17071,10254,60.07
20,745,HIKAL,EQ,251094,157756,62.83
20,746,HIL,EQ,7006,3860,55.10
20,747,HILTON,EQ,78435,39282,50.08
20,748,HIMATSEIDE,EQ,434427,176044,40.52
20,749,HINDALCO,EQ,3684720,1222187,33.17
20,750,HINDCOMPOS,EQ,32176,13909,43.23
20,751,HINDCOPPER,EQ,4276180,1359834,31.80
20,752,HINDMOTORS,EQ,358980,164041,45.70
20,753,HINDOILEXP,EQ,1274583,788601,61.87
20,754,HINDPETRO,EQ,4485351,1961897,43.74
20,755,HINDUNILVR,EQ,1176741,734415,62.41
20,756,HINDWAREAP,EQ,78175,42567,54.45
20,757,HINDZINC,EQ,195355,121094,61.99
20,758,HITECH,EQ,744534,323625,43.47
20,759,HITECHGEAR,EQ,11190,9069,81.05
20,760,HLEGLAS,EQ,21971,8827,40.18
20,761,HLVLTD,EQ,1134522,475492,41.91
20,762,HMAAGRO,EQ,32107,16245,50.60
20,763,HNDFDS,EQ,440892,175110,39.72
20,764,HNGSNGBEES,EQ,14370,11093,77.20
20,765,HOMEFIRST,EQ,57824,29356,50.77
20,766,HOMESFY,SM,900,600,66.67
20,767,HONAUT,EQ,6695,3940,58.85
20,768,HONDAPOWER,EQ,5874,2498,42.53
20,769,HPAL,EQ,108307,33681,31.10
20,770,HPL,EQ,232556,87102,37.45
20,771,HSCL,EQ,1325327,654875,49.41
20,772,HTMEDIA,EQ,685715,243793,35.55
20,773,HUBTOWN,EQ,1340857,722067,53.85
20,774,HUDCO,EQ,119989474,22372853,18.65
20,775,HUDCO,N2,514,514,100.00
20,776,HUDCO,N5,218,104,47.71
20,777,HUDCO,N8,1,1,100.00
20,778,HUDCO,N9,65,50,76.92
20,779,HUDCO,ND,660,400,60.61
20,780,HUDCO,NE,1111,737,66.34
20,781,HUHTAMAKI,EQ,42069,25765,61.24
20,782,IBMFNIFTY,EQ,288,150,52.08
20,783,IBREALEST,EQ,10832215,2912778,26.89
20,784,IBUCCREDIT,ND,44,44,100.00
20,785,IBUCCREDIT,NH,50,50,100.00
20,786,IBUCCREDIT,NQ,100,100,100.00
20,787,IBUCCREDIT,NZ,34,25,73.53
20,788,IBULHSGFIN,AG,1,1,100.00
20,789,IBULHSGFIN,AT,11,11,100.00
20,790,IBULHSGFIN,AZ,10,10,100.00
20,791,IBULHSGFIN,EQ,12100027,3409275,28.18
20,792,IBULHSGFIN,N0,107,107,100.00
20,793,IBULHSGFIN,N8,276,200,72.46
20,794,IBULHSGFIN,N9,4,4,100.00
20,795,IBULHSGFIN,NE,62,62,100.00
20,796,IBULHSGFIN,NQ,90,90,100.00
20,797,IBULHSGFIN,NS,9,9,100.00
20,798,IBULHSGFIN,Y1,10,10,100.00
20,799,IBULHSGFIN,Y6,5,5,100.00
20,800,IBULHSGFIN,YM,9,9,100.00
20,801,IBULHSGFIN,YX,25,25,100.00
20,802,IBULHSGFIN,YZ,5,5,100.00
20,803,IBULHSGFIN,Z3,5,5,100.00
20,804,IBULHSGFIN,Z9,10,10,100.00
20,805,IBULHSGFIN,ZD,18,10,55.56
20,806,IBULHSGFIN,ZS,81,81,100.00
20,807,ICEMAKE,EQ,9614,4977,51.77
20,808,ICICI500,EQ,1046746,913443,87.27
20,809,ICICI5GSEC,EQ,547,542,99.09
20,810,ICICIALPLV,EQ,2908,1959,67.37
20,811,ICICIAUTO,EQ,27604,13818,50.06
20,812,ICICIB22,EQ,417032,362625,86.95
20,813,ICICIBANK,EQ,12701888,5462713,43.01
20,814,ICICIBANKN,EQ,1227882,1186688,96.65
20,815,ICICIBANKP,EQ,34883,9692,27.78
20,816,ICICICOMMO,EQ,29985,10447,34.84
20,817,ICICICONSU,EQ,1776,1309,73.70
20,818,ICICIFIN,EQ,24314,4831,19.87
20,819,ICICIFMCG,EQ,9622,8226,85.49
20,820,ICICIGI,EQ,577758,212989,36.86
20,821,ICICIGOLD,EQ,121007,103700,85.70
20,822,ICICIINFRA,EQ,4809,2783,57.87
20,823,ICICILIQ,EQ,764814,627758,82.08
20,824,ICICILOVOL,EQ,177216,174467,98.45
20,825,ICICIM150,EQ,35721,12731,35.64
20,826,ICICIMCAP,EQ,13015,11418,87.73
20,827,ICICIMOM30,EQ,45504,37544,82.51
20,828,ICICINF100,EQ,27925,25931,92.86
20,829,ICICINIFTY,EQ,174684,153606,87.93
20,830,ICICINV20,EQ,33564,21200,63.16
20,831,ICICINXT50,EQ,55973,33974,60.70
20,832,ICICIPHARM,EQ,50918,32875,64.56
20,833,ICICIPRULI,EQ,1299679,642111,49.41
20,834,ICICIQTY30,EQ,44,37,84.09
20,835,ICICISENSX,EQ,1646,1071,65.07
20,836,ICICISILVE,EQ,671609,476234,70.91
20,837,ICICITECH,EQ,132365,64718,48.89
20,838,ICIL,EQ,314224,144236,45.90
20,839,ICRA,EQ,1507,883,58.59
20,840,IDBI,EQ,20402508,5194350,25.46
20,841,IDEA,EQ,298308392,83965478,28.15
20,842,IDEAFORGE,EQ,360382,135216,37.52
20,843,IDFC,EQ,6498458,2473831,38.07
20,844,IDFCFIRSTB,EQ,16438998,5814809,35.37
20,845,IDFNIFTYET,EQ,21,16,76.19
20,846,IEX,EQ,4063159,1466933,36.10
20,847,IFBAGRO,EQ,2372,1518,64.00
20,848,IFBIND,EQ,8334,4104,49.24
20,849,IFCI,EQ,219576763,34668078,15.79
20,850,IFCI,NH,135,135,100.00
20,851,IFCI,NL,50,50,100.00
20,852,IFGLEXPOR,EQ,31342,18282,58.33
20,853,IGARASHI,EQ,70591,25683,36.38
20,854,IGL,EQ,568753,205963,36.21
20,855,IGPL,EQ,104935,34467,32.85
20,856,IIFCL,N4,300,300,100.00
20,857,IIFL,EQ,519666,385135,74.11
20,858,IIFL,N7,50,50,100.00
20,859,IIFL,NC,90,90,100.00
20,860,IIFL,NE,100,100,100.00
20,861,IIFL,NF,1377,1371,99.56
20,862,IIFL,NH,325,325,100.00
20,863,IIFL,NI,87,87,100.00
20,864,IIFL,NK,15,15,100.00
20,865,IIFL,NL,107,107,100.00
20,866,IIFL,NM,150,150,100.00
20,867,IIFL,NO,109,109,100.00
20,868,IIFL,NP,10,10,100.00
20,869,IIFL,NS,81,81,100.00
20,870,IIFL,NV,100,100,100.00
20,871,IIFL,NW,2,2,100.00
20,872,IIFL,NZ,31,31,100.00
20,873,IIFL,Y0,23,23,100.00
20,874,IIFL,Y1,20,20,100.00
20,875,IIFLSEC,EQ,324750,142626,43.92
20,876,IIHFL,N4,101,100,99.01
20,877,IIHFL,N5,752,752,100.00
20,878,IIHFL,N7,31,31,100.00
20,879,IIHFL,N9,100,100,100.00
20,880,IIHFL,NC,173,173,100.00
20,881,IKIO,EQ,124844,57085,45.73
20,882,IMAGICAA,EQ,986536,526604,53.38
20,883,IMC1,N0,40,20,50.00
20,884,IMC1,N1,20,10,50.00
20,885,IMC1,N2,241,231,95.85
20,886,IMC1,N3,72,62,86.11
20,887,IMFA,EQ,91635,33745,36.83
20,888,IMPAL,EQ,821,503,61.27
20,889,INCREDFIN,N6,2,2,100.00
20,890,INCREDIBLE,EQ,24441,19166,78.42
20,891,INDHOTEL,EQ,2478833,1258014,50.75
20,892,INDIACEM,EQ,4068710,935155,22.98
20,893,INDIAGLYCO,EQ,95477,49400,51.74
20,894,INDIAMART,EQ,210901,143171,67.89
20,895,INDIANB,EQ,8564982,1553790,18.14
20,896,INDIANCARD,EQ,4341,2579,59.41
20,897,INDIANHUME,EQ,23275,13776,59.19
20,898,INDIGO,EQ,702509,418388,59.56
20,899,INDIGOPNTS,EQ,44662,25090,56.18
20,900,INDIGRID,IV,72836,63743,87.52
20,901,INDIGRID,NB,25,25,100.00
20,902,INDIGRID,ND,169,169,100.00
20,903,INDIGRID,NJ,469,440,93.82
20,904,INDNIPPON,EQ,17761,7554,42.53
20,905,INDOAMIN,EQ,74267,36574,49.25
20,906,INDOCO,EQ,64020,20213,31.57
20,907,INDORAMA,EQ,134222,63781,47.52
20,908,INDSWFTLAB,EQ,127188,77721,61.11
20,909,INDTERRAIN,EQ,89418,34954,39.09
20,910,INDUSINDBK,EQ,4397398,1973626,44.88
20,911,INDUSTOWER,EQ,16997539,9165288,53.92
20,912,INFIBEAM,EQ,54154488,11633058,21.48
20,913,INFINIUM,SM,8000,4000,50.00
20,914,INFOBEAN,EQ,12484,6929,55.50
20,915,INFOLLION,SM,20800,16000,76.92
20,916,INFOMEDIA,EQ,43356,26836,61.90
20,917,INFRABEES,EQ,3718,3110,83.65
20,918,INFY,EQ,5455613,2732362,50.08
20,919,INGERRAND,EQ,8024,3538,44.09
20,920,INNOVATIVE,SM,45000,45000,100.00
20,921,INOXGREEN,EQ,673062,278960,41.45
20,922,INOXWIND,EQ,486756,315519,64.82
20,923,INSECTICID,EQ,20710,9666,46.67
20,924,INTELLECT,EQ,253058,88988,35.17
20,925,INTENTECH,EQ,72752,39684,54.55
20,926,INTLCONV,EQ,448789,273510,60.94
20,927,INVENTURE,EQ,4157960,1600155,38.48
20,928,IOB,EQ,245100797,25251343,10.30
20,929,IOC,EQ,10983768,5831937,53.10
20,930,IOLCP,EQ,692735,189380,27.34
20,931,IONEXCHANG,EQ,216927,138073,63.65
20,932,IPCALAB,EQ,474060,261189,55.10
20,933,IPL,EQ,2752853,606089,22.02
20,934,IRB,EQ,26746326,15342116,57.36
20,935,IRBINVIT,IV,140352,125745,89.59
20,936,IRCON,EQ,16868831,3552747,21.06
20,937,IRCTC,EQ,1386201,477505,34.45
20,938,IREDA,N4,10,10,100.00
20,939,IRFC,EQ,94866289,20959130,22.09
20,940,IRFC,N2,432,432,100.00
20,941,IRFC,N4,100,100,100.00
20,942,IRFC,N9,45,45,100.00
20,943,IRFC,NA,1042,967,92.80
20,944,IRFC,NC,50,50,100.00
20,945,IRFC,ND,9,9,100.00
20,946,IRFC,NE,80,80,100.00
20,947,IRFC,NG,2997,2997,100.00
20,948,IRFC,NI,259,259,100.00
20,949,IRFC,NJ,1900,1600,84.21
20,950,IRFC,NO,1000,1000,100.00
20,951,IRISDOREME,EQ,66195,13647,20.62
20,952,ISEC,EQ,565303,317093,56.09
20,953,ISFT,EQ,21520,13106,60.90
20,954,ISGEC,EQ,55359,21603,39.02
20,955,ISHAN,SM,1600,1600,100.00
20,956,ISMTLTD,EQ,303578,124885,41.14
20,957,ITBEES,EQ,3520423,2052496,58.30
20,958,ITC,EQ,7506309,3445505,45.90
20,959,ITDC,EQ,85686,33433,39.02
20,960,ITDCEM,EQ,818499,312341,38.16
20,961,ITI,EQ,6382500,1527324,23.93
20,962,IVP,EQ,3991,2688,67.35
20,963,IVZINGOLD,EQ,597,591,98.99
20,964,IVZINNIFTY,EQ,11,10,90.91
20,965,IWEL,EQ,3285,2762,84.08
20,966,JAGRAN,EQ,92320,47569,51.53
20,967,JAGSNPHARM,EQ,26595,13905,52.28
20,968,JAICORPLTD,EQ,961546,262930,27.34
20,969,JAINAM,SM,3000,3000,100.00
20,970,JAIPURKURT,EQ,12514,7640,61.05
20,971,JALAN,SM,54000,39000,72.22
20,972,JAMNAAUTO,EQ,2533758,1467126,57.90
20,973,JASH,EQ,5609,3626,64.65
20,974,JAYAGROGN,EQ,19369,13080,67.53
20,975,JAYBARMARU,EQ,16307,9700,59.48
20,976,JAYNECOIND,EQ,342219,195755,57.20
20,977,JAYSREETEA,EQ,256430,106248,41.43
20,978,JBCHEPHARM,EQ,208543,81039,38.86
20,979,JCHAC,EQ,10791,5369,49.75
20,980,JETKNIT,SM,1500,1500,100.00
20,981,JFLLIFE,SM,8000,8000,100.00
20,982,JINDALPHOT,EQ,1033967,118187,11.43
20,983,JINDALPOLY,EQ,75134,26966,35.89
20,984,JINDALSAW,EQ,588278,316707,53.84
20,985,JINDALSTEL,EQ,1966991,889498,45.22
20,986,JINDRILL,EQ,89296,30282,33.91
20,987,JINDWORLD,EQ,87779,34092,38.84
20,988,JIOFIN,EQ,38327554,27414000,71.53
20,989,JISLJALEQS,EQ,2568218,1089109,42.41
20,990,JIWANRAM,ST,54000,54000,100.00
20,991,J&KBANK,EQ,8758632,2239573,25.57
20,992,JKCEMENT,EQ,55344,14889,26.90
20,993,JKIL,EQ,486960,116370,23.90
20,994,JKLAKSHMI,EQ,151546,55267,36.47
20,995,JKPAPER,EQ,521064,184356,35.38
20,996,JKTYRE,EQ,4734734,1168222,24.67
20,997,JLHL,EQ,458605,196773,42.91
20,998,JMA,EQ,14341,9813,68.43
20,999,JMFINANCIL,EQ,2485629,861263,34.65
20,1000,JOCIL,EQ,27407,13714,50.04
20,1001,JPASSOCIAT,EQ,11683477,5125914,43.87
20,1002,JPOLYINVST,EQ,73919,25051,33.89
20,1003,JPPOWER,EQ,227922834,44987806,19.74
20,1004,JSL,EQ,760233,361068,47.49
20,1005,JSLL,SM,31500,16500,52.38
20,1006,JSWENERGY,EQ,8195545,2155259,26.30
20,1007,JSWHL,EQ,1565,770,49.20
20,1008,JSWSTEEL,EQ,2147621,861887,40.13
20,1009,JTEKTINDIA,EQ,131599,46075,35.01
20,1010,JTLIND,EQ,1177949,480759,40.81
20,1011,JUBLFOOD,EQ,1702375,718957,42.23
20,1012,JUBLINDS,EQ,11548,4208,36.44
20,1013,JUBLINGREA,EQ,114814,48360,42.12
20,1014,JUBLPHARMA,EQ,95625,27174,28.42
20,1015,JUNIORBEES,EQ,130593,84822,64.95
20,1016,JUSTDIAL,EQ,109598,34838,31.79
20,1017,JWL,EQ,1873682,909908,48.56
20,1018,JYOTHYLAB,EQ,604723,406142,67.16
20,1019,KABRAEXTRU,EQ,37723,14811,39.26
20,1020,KAJARIACER,EQ,87357,40317,46.15
20,1021,KAKATCEM,EQ,10893,4841,44.44
20,1022,KALYANKJIL,EQ,2133466,861670,40.39
20,1023,KAMATHOTEL,EQ,26731,21733,81.30
20,1024,KAMDHENU,EQ,184534,62249,33.73
20,1025,KANANIIND,EQ,62056,38976,62.81
20,1026,KANORICHEM,EQ,77177,45951,59.54
20,1027,KANPRPLA,EQ,7672,2668,34.78
20,1028,KANSAINER,EQ,249588,170215,68.20
20,1029,KAPSTON,EQ,20257,12836,63.37
20,1030,KARURVYSYA,EQ,1939841,1021718,52.67
20,1031,KAUSHALYA,EQ,157676,70530,44.73
20,1032,KAYA,EQ,8519,5340,62.68
20,1033,KAYNES,EQ,216992,95173,43.86
20,1034,KCP,EQ,161951,68240,42.14
20,1035,KCPSUGIND,EQ,588034,164132,27.91
20,1036,KDDL,EQ,15635,5246,33.55
20,1037,KDL,SM,14400,12000,83.33
20,1038,KEC,EQ,147873,60282,40.77
20,1039,KECL,EQ,113992,74356,65.23
20,1040,KEI,EQ,404893,262307,64.78
20,1041,KELLTONTEC,EQ,778324,257910,33.14
20,1042,KENNAMET,EQ,3679,1485,40.36
20,1043,KEYFINSERV,EQ,37649,15153,40.25
20,1044,KFINTECH,EQ,139183,44197,31.75
20,1045,KHADIM,EQ,58580,24540,41.89
20,1046,KHAICHEM,EQ,76953,44818,58.24
20,1047,KICL,EQ,3097,1480,47.79
20,1048,KIMS,EQ,50393,34175,67.82
20,1049,KINGFA,EQ,3500,1519,43.40
20,1050,KIOCL,EQ,5338923,372085,6.97
20,1051,KIRIINDUS,EQ,264474,109552,41.42
20,1052,KIRLFER,EQ,49685,24191,48.69
20,1053,KIRLOSBROS,EQ,75372,37449,49.69
20,1054,KIRLOSENG,EQ,240670,118357,49.18
20,1055,KIRLOSIND,EQ,3225,1756,54.45
20,1056,KIRLPNU,EQ,167213,95480,57.10
20,1057,KITEX,EQ,65152,27808,42.68
20,1058,KKCL,EQ,70165,38003,54.16
20,1059,KMSUGAR,EQ,640058,164524,25.70
20,1060,KNAGRI,SM,9600,9600,100.00
20,1061,KNRCON,EQ,644920,373413,57.90
20,1062,KOHINOOR,EQ,66245,40145,60.60
20,1063,KOLTEPATIL,EQ,187710,90256,48.08
20,1064,KOPRAN,EQ,169356,92455,54.59
20,1065,KORE,SM,4000,2000,50.00
20,1066,KOTAKALPHA,EQ,279967,194553,69.49
20,1067,KOTAKBANK,EQ,3710123,2485927,67.00
20,1068,KOTAKBKETF,EQ,236669,230225,97.28
20,1069,KOTAKCONS,EQ,421,243,57.72
20,1070,KOTAKGOLD,EQ,112618,71879,63.83
20,1071,KOTAKIT,EQ,24239,13526,55.80
20,1072,KOTAKLIQ,EQ,190,190,100.00
20,1073,KOTAKLOVOL,EQ,5702,5360,94.00
20,1074,KOTAKMID50,EQ,10067,6077,60.37
20,1075,KOTAKMNC,EQ,13672,8251,60.35
20,1076,KOTAKNIFTY,EQ,27445,25815,94.06
20,1077,KOTAKNV20,EQ,10171,6006,59.05
20,1078,KOTAKPSUBK,EQ,113228,78321,69.17
20,1079,KOTAKSILVE,EQ,30934,21637,69.95
20,1080,KOTHARIPET,EQ,108429,40418,37.28
20,1081,KOTHARIPRO,EQ,7589,4461,58.78
20,1082,KOTYARK,SM,62000,42200,68.06
20,1083,KOVAI,EQ,2472,1624,65.70
20,1084,KPIGREEN,EQ,165707,83634,50.47
20,1085,KPIL,EQ,172255,96261,55.88
20,1086,KPITTECH,EQ,1024376,355245,34.68
20,1087,KPRMILL,EQ,162276,85736,52.83
20,1088,KRBL,EQ,199378,83238,41.75
20,1089,KRISHANA,EQ,254876,129283,50.72
20,1090,KRISHCA,SM,22000,12000,54.55
20,1091,KRISHNADEF,SM,15000,11000,73.33
20,1092,KRITI,EQ,31204,19828,63.54
20,1093,KRSNAA,EQ,53955,32795,60.78
20,1094,KSB,EQ,454614,56182,12.36
20,1095,KSCL,EQ,454294,200934,44.23
20,1096,KSL,EQ,133484,32177,24.11
20,1097,KTKBANK,EQ,3291403,912089,27.71
20,1098,KUANTUM,EQ,401356,142337,35.46
20,1099,LALPATHLAB,EQ,177894,41550,23.36
20,1100,LAMBODHARA,EQ,55926,27645,49.43
20,1101,LANDMARK,EQ,87672,36836,42.02
20,1102,LAOPALA,EQ,318327,81946,25.74
20,1103,LATENTVIEW,EQ,566470,246699,43.55
20,1104,LAURUSLABS,EQ,1355645,391041,28.85
20,1105,LAXMICOT,EQ,31239,15716,50.31
20,1106,LAXMIMACH,EQ,2247,1210,53.85
20,1107,LEMERITE,SM,1600,1600,100.00
20,1108,LEMONTREE,EQ,4513996,1723132,38.17
20,1109,LFIC,EQ,2525,952,37.70
20,1110,LGBBROSLTD,EQ,28029,11728,41.84
20,1111,LGBFORGE,EQ,50427,34275,67.97
20,1112,LIBAS,EQ,50448,36258,71.87
20,1113,LIBERTSHOE,EQ,80564,24421,30.31
20,1114,LICHSGFIN,EQ,2466922,1324865,53.71
20,1115,LICI,EQ,695541,320147,46.03
20,1116,LICMFGOLD,EQ,76,45,59.21
20,1117,LICNETFGSC,EQ,6146,3480,56.62
20,1118,LICNETFN50,EQ,351,240,68.38
20,1119,LICNETFSEN,EQ,210,130,61.90
20,1120,LICNFNHGP,EQ,271,257,94.83
20,1121,LIKHITHA,EQ,174339,72884,41.81
20,1122,LINC,EQ,20157,11427,56.69
20,1123,LINCOLN,EQ,30723,13792,44.89
20,1124,LINDEINDIA,EQ,30158,14727,48.83
20,1125,LIQUID,EQ,83362,62968,75.54
20,1126,LIQUIDBEES,EQ,1829589,1513454,82.72
20,1127,LIQUIDETF,EQ,374884,344549,91.91
20,1128,LLOYDS,SM,111000,66000,59.46
20,1129,LLOYDSME,EQ,128493,90035,70.07
20,1130,LODHA,EQ,655291,314329,47.97
20,1131,LORDSCHLO,EQ,5879,3714,63.17
20,1132,LOVABLE,EQ,39911,27172,68.08
20,1133,LOWVOL,EQ,13,12,92.31
20,1134,LOYALTEX,EQ,1207,733,60.73
20,1135,LPDC,EQ,69815,47755,68.40
20,1136,LRRPL,SM,36000,30000,83.33
20,1137,LT,EQ,1965569,1258465,64.03
20,1138,L&TFH,EQ,5749660,1958741,34.07
20,1139,L&TFINANCE,NC,6,6,100.00
20,1140,L&TFINANCE,NE,2,2,100.00
20,1141,L&TFINANCE,NG,1,1,100.00
20,1142,L&TFINANCE,NI,547,524,95.80
20,1143,L&TFINANCE,NW,28,25,89.29
20,1144,L&TFINANCE,Y5,1,1,100.00
20,1145,L&TFINANCE,Y7,483,313,64.80
20,1146,L&TFINANCE,Y9,420,410,97.62
20,1147,LTGILTBEES,EQ,1018857,739564,72.59
20,1148,LTIM,EQ,180055,81520,45.28
20,1149,LTTS,EQ,111348,44122,39.63
20,1150,LUMAXIND,EQ,7914,4055,51.24
20,1151,LUMAXTECH,EQ,208851,126707,60.67
20,1152,LUPIN,EQ,1273489,544265,42.74
20,1153,LUXIND,EQ,289587,67087,23.17
20,1154,LXCHEM,EQ,425387,157016,36.91
20,1155,LYKALABS,EQ,91139,76304,83.72
20,1156,MACPOWER,EQ,19769,13134,66.44
20,1157,MADHAV,EQ,454084,162477,35.78
20,1158,MADHAVBAUG,SM,13600,12000,88.24
20,1159,MADRASFERT,EQ,777988,207651,26.69
20,1160,MAFANG,EQ,971149,718285,73.96
20,1161,MAGADSUGAR,EQ,36507,18920,51.83
20,1162,MAGSON,SM,32000,32000,100.00
20,1163,MAHABANK,EQ,91254431,15693389,17.20
20,1164,MAHEPC,EQ,33757,9796,29.02
20,1165,MAHKTECH,EQ,316396,228199,72.12
20,1166,MAHLIFE,EQ,118050,45135,38.23
20,1167,MAHLOG,EQ,190511,107890,56.63
20,1168,MAHSCOOTER,EQ,6454,3529,54.68
20,1169,MAHSEAMLES,EQ,161723,81794,50.58
20,1170,MAITHANALL,EQ,30421,16514,54.28
20,1171,MAKEINDIA,EQ,7214,6808,94.37
20,1172,MAKS,SM,24000,24000,100.00
20,1173,MALLCOM,EQ,20989,11434,54.48
20,1174,MALUPAPER,EQ,96043,53159,55.35
20,1175,MANAKALUCO,EQ,92959,50705,54.55
20,1176,MANAKSIA,EQ,130101,55633,42.76
20,1177,MANAKSTEEL,EQ,80298,43961,54.75
20,1178,MANALIPETC,EQ,281936,133295,47.28
20,1179,MANAPPURAM,EQ,5505456,2355464,42.78
20,1180,MANGALAM,EQ,34128,18206,53.35
20,1181,MANGCHEFER,EQ,323524,166099,51.34
20,1182,MANGLMCEM,EQ,67774,38408,56.67
20,1183,MANINDS,EQ,953932,321815,33.74
20,1184,MANINFRA,EQ,468386,195072,41.65
20,1185,MANKIND,EQ,123106,71214,57.85
20,1186,MANOMAY,EQ,9207,6480,70.38
20,1187,MANORAMA,EQ,3233,2648,81.91
20,1188,MANORG,EQ,2248,1304,58.01
20,1189,MANYAVAR,EQ,106793,56388,52.80
20,1190,MAPMYINDIA,EQ,48840,21162,43.33
20,1191,MARALOVER,EQ,62644,42937,68.54
20,1192,MARATHON,EQ,70351,34073,48.43
20,1193,MARICO,EQ,871842,611962,70.19
20,1194,MARKSANS,EQ,978497,412573,42.16
20,1195,MARSHALL,EQ,162400,117249,72.20
20,1196,MARUTI,EQ,986206,624489,63.32
20,1197,MASFIN,EQ,58574,30497,52.07
20,1198,MASPTOP50,EQ,154130,133344,86.51
20,1199,MASTEK,EQ,63653,34455,54.13
20,1200,MATRIMONY,EQ,13868,10587,76.34
20,1201,MAWANASUG,EQ,244080,67702,27.74
20,1202,MAXHEALTH,EQ,2153657,1395431,64.79
20,1203,MAXIND,EQ,114048,66994,58.74
20,1204,MAYURUNIQ,EQ,26451,13917,52.61
20,1205,MAZDA,EQ,7144,2401,33.61
20,1206,MAZDOCK,EQ,1806672,186989,10.35
20,1207,MBAPL,EQ,21415,16623,77.62
20,1208,MCDOWELL-N,EQ,865651,406735,46.99
20,1209,MCON,SM,6000,6000,100.00
20,1210,MCX,EQ,792123,366346,46.25
20,1211,MDL,SM,18000,18000,100.00
20,1212,MEDANTA,EQ,201672,136377,67.62
20,1213,MEDICAMEQ,EQ,11846,7204,60.81
20,1214,MEDICO,EQ,329505,91245,27.69
20,1215,MEDPLUS,EQ,105977,46507,43.88
20,1216,MEGAFLEX,SM,12000,12000,100.00
20,1217,MENONBE,EQ,55668,29006,52.11
20,1218,MEP,EQ,396247,229049,57.80
20,1219,METROBRAND,EQ,254400,178425,70.14
20,1220,METROPOLIS,EQ,168004,43000,25.59
20,1221,MFSL,EQ,572229,290210,50.72
20,1222,MGL,EQ,351677,196610,55.91
20,1223,MHHL,SM,3000,3000,100.00
20,1224,MHRIL,EQ,95941,41487,43.24
20,1225,MID150BEES,EQ,200951,116784,58.12
20,1226,MIDCAPETF,EQ,247856,206044,83.13
20,1227,MIDHANI,EQ,421797,133159,31.57
20,1228,MINDACORP,EQ,463963,221648,47.77
20,1229,MINDSPACE,RR,108815,80608,74.08
20,1230,MIRZAINT,EQ,191191,122040,63.83
20,1231,MITCON,EQ,2992,1887,63.07
20,1232,MKPL,EQ,112211,57736,51.45
20,1233,M&M,EQ,3827771,1462485,38.21
20,1234,M&MFIN,EQ,4525888,1032128,22.80
20,1235,M&MFIN,N1,15,15,100.00
20,1236,M&MFIN,N2,2,1,50.00
20,1237,M&MFIN,N3,102,102,100.00
20,1238,MMFL,EQ,53768,29375,54.63
20,1239,MMTC,EQ,4091341,1394522,34.08
20,1240,MOGSEC,EQ,407,398,97.79
20,1241,MOHEALTH,EQ,55410,33736,60.88
20,1242,MOHITIND,EQ,67783,35738,52.72
20,1243,MOIL,EQ,553876,279360,50.44
20,1244,MOKSH,EQ,992540,498399,50.21
20,1245,MOL,EQ,839925,514138,61.21
20,1246,MOLDTECH,EQ,57721,30126,52.19
20,1247,MOLDTKPAC,EQ,25147,13122,52.18
20,1248,MOLOWVOL,EQ,379,354,93.40
20,1249,MOM100,EQ,187700,124769,66.47
20,1250,MOM50,EQ,609,379,62.23
20,1251,MOMENTUM,EQ,4488,2842,63.32
20,1252,MOMOMENTUM,EQ,16062,9638,60.00
20,1253,MON100,EQ,568842,402591,70.77
20,1254,MONARCH,EQ,239169,25015,10.46
20,1255,MONOPHARMA,SM,260000,224000,86.15
20,1256,MONQ50,EQ,19348,11409,58.97
20,1257,MONTECARLO,EQ,13962,5748,41.17
20,1258,MOQUALITY,EQ,628,0,0.00
20,1259,MORARJEE,EQ,28432,19976,70.26
20,1260,MOREPENLAB,EQ,2844167,686377,24.13
20,1261,MOS,SM,6400,6400,100.00
20,1262,MOTHERSON,EQ,7846315,3023719,38.54
20,1263,MOTILALOFS,EQ,63707,31118,48.85
20,1264,MOVALUE,EQ,14344,7896,55.05
20,1265,MPHASIS,EQ,172477,53643,31.10
20,1266,MPSLTD,EQ,34173,13179,38.57
20,1267,MRF,EQ,3372,839,24.88
20,1268,MRO-TEK,EQ,16510,9209,55.78
20,1269,MRPL,EQ,3202562,819074,25.58
20,1270,MSTCLTD,EQ,178342,51398,28.82
20,1271,MSUMI,EQ,2924382,1540486,52.68
20,1272,MTARTECH,EQ,219153,83566,38.13
20,1273,MTNL,EQ,20318491,7217415,35.52
20,1274,MUKANDLTD,EQ,336255,180833,53.78
20,1275,MUKTAARTS,EQ,73670,18886,25.64
20,1276,MUNJALAU,EQ,104280,53235,51.05
20,1277,MUNJALSHOW,EQ,29351,17079,58.19
20,1278,MURUDCERA,EQ,1142113,505187,44.23
20,1279,MUTHOOTCAP,EQ,72570,22982,31.67
20,1280,MUTHOOTFIN,EQ,105170,34899,33.18
20,1281,NABARD,N2,2841,2841,100.00
20,1282,NACLIND,EQ,184630,112552,60.96
20,1283,NAGAFERT,EQ,1314190,928380,70.64
20,1284,NAGREEKEXP,EQ,221167,109187,49.37
20,1285,NAHARCAP,EQ,6612,4010,60.65
20,1286,NAHARINDUS,EQ,51740,21352,41.27
20,1287,NAHARPOLY,EQ,16212,3550,21.90
20,1288,NAHARSPING,EQ,41539,21933,52.80
20,1289,NAM-INDIA,EQ,227909,130070,57.07
20,1290,NARMADA,EQ,23183,18913,81.58
20,1291,NATCOPHARM,EQ,445927,213870,47.96
20,1292,NATHBIOGEN,EQ,60475,32661,54.01
20,1293,NATIONALUM,EQ,5262470,1554014,29.53
20,1294,NAUKRI,EQ,388783,165382,42.54
20,1295,NAVA,EQ,1481513,337078,22.75
20,1296,NAVIFIN,N0,11,11,100.00
20,1297,NAVIFIN,N1,10,10,100.00
20,1298,NAVIFIN,N2,1,1,100.00
20,1299,NAVIFIN,N7,100,100,100.00
20,1300,NAVIFIN,N8,491,491,100.00
20,1301,NAVINFLUOR,EQ,102180,67640,66.20
20,1302,NAVKARCORP,EQ,290874,129105,44.39
20,1303,NAVNETEDUL,EQ,178593,75365,42.20
20,1304,NAZARA,EQ,735022,217942,29.65
20,1305,NBCC,EQ,30798281,5953267,19.33
20,1306,NBIFIN,EQ,78,41,52.56
20,1307,NCC,EQ,11487027,3295402,28.69
20,1308,NCLIND,EQ,68231,40882,59.92
20,1309,NDGL,EQ,437,221,50.57
20,1310,NDL,EQ,153521,98594,64.22
20,1311,NDTV,EQ,115978,52902,45.61
20,1312,NECCLTD,EQ,89843,32084,35.71
20,1313,NECCLTDPP,E1,746,504,67.56
20,1314,NECLIFE,EQ,503517,250020,49.65
20,1315,NELCAST,EQ,2219792,1494727,67.34
20,1316,NELCO,EQ,49480,20031,40.48
20,1317,NEOGEN,EQ,36033,13315,36.95
20,1318,NESCO,EQ,139528,67765,48.57
20,1319,NESTLEIND,EQ,38301,21953,57.32
20,1320,NETF,EQ,2127,1006,47.30
20,1321,NETWEB,EQ,49956,32682,65.42
20,1322,NETWORK18,EQ,1691904,774551,45.78
20,1323,NEULANDLAB,EQ,32166,18518,57.57
20,1324,NEWGEN,EQ,139474,49245,35.31
20,1325,NEXT50,EQ,71210,71129,99.89
20,1326,NEXTMEDIA,EQ,25866,19063,73.70
20,1327,NFL,EQ,4311887,1559895,36.18
20,1328,NGLFINE,EQ,3716,1750,47.09
20,1329,NH,EQ,262744,127196,48.41
20,1330,NHAI,N2,1536,1486,96.74
20,1331,NHAI,N3,20,19,95.00
20,1332,NHAI,N4,913,857,93.87
20,1333,NHAI,N5,278,122,43.88
20,1334,NHAI,N6,801,758,94.63
20,1335,NHAI,N8,200,200,100.00
20,1336,NHAI,NA,1238,1238,100.00
20,1337,NHAI,NC,4,2,50.00
20,1338,NHAI,NE,393,393,100.00
20,1339,NHBTF2014,N6,461,407,88.29
20,1340,NHIT,N1,8374,8374,100.00
20,1341,NHIT,N2,81,74,91.36
20,1342,NHIT,N3,143,138,96.50
20,1343,NHPC,EQ,53675534,26805067,49.94
20,1344,NHPC,N6,1101,1022,92.82
20,1345,NIACL,EQ,1396230,343385,24.59
20,1346,NIDAN,SM,9000,7000,77.78
20,1347,NIDO,N5,32,32,100.00
20,1348,NIDO,N7,5,5,100.00
20,1349,NIF100BEES,EQ,5864,3928,66.98
20,1350,NIFMID150,EQ,641,613,95.63
20,1351,NIFTYBEES,EQ,4109713,2488114,60.54
20,1352,NIFTYETF,EQ,300075,216641,72.20
20,1353,NIFTYQLITY,EQ,39825,27754,69.69
20,1354,NIITLTD,EQ,885253,317869,35.91
20,1355,NIITMTS,EQ,143662,78263,54.48
20,1356,NILKAMAL,EQ,6642,5578,83.98
20,1357,NIRMAN,SM,10800,10800,100.00
20,1358,NITCO,EQ,137232,86576,63.09
20,1359,NITINSPIN,EQ,82659,35801,43.31
20,1360,NKIND,EQ,1997,1525,76.36
20,1361,NLCINDIA,EQ,1201359,466292,38.81
20,1362,NMDC,EQ,10121010,4915340,48.57
20,1363,NOCIL,EQ,468088,182409,38.97
20,1364,NOIDATOLL,EQ,499585,391894,78.44
20,1365,NOVARTIND,EQ,14301,8895,62.20
20,1366,NPBET,EQ,379,328,86.54
20,1367,NPST,SM,2800,2800,100.00
20,1368,NRAIL,EQ,28300,15829,55.93
20,1369,NRBBEARING,EQ,1436579,391791,27.27
20,1370,NRL,EQ,71520,39516,55.25
20,1371,NSIL,EQ,1303,829,63.62
20,1372,NSLNISP,EQ,3798179,1808958,47.63
20,1373,NTPC,EQ,7209300,3887083,53.92
20,1374,NTPC,N1,10,10,100.00
20,1375,NTPC,N2,5,5,100.00
20,1376,NTPC,N6,2014,1660,82.42
20,1377,NTPC,N7,27524,27474,99.82
20,1378,NTPC,NC,153,153,100.00
20,1379,NTPC,ND,47,47,100.00
20,1380,NUCLEUS,EQ,34523,19986,57.89
20,1381,NURECA,EQ,13930,8160,58.58
20,1382,NUVOCO,EQ,868555,692806,79.77
20,1383,NV20BEES,EQ,4837,3041,62.87
20,1384,NXST,RR,1701381,1506761,88.56
20,1385,NYKAA,EQ,6118277,2777520,45.40
20,1386,OAL,EQ,8705,5439,62.48
20,1387,OBCL,EQ,67995,24998,36.76
20,1388,OBEROIRLTY,EQ,284264,86764,30.52
20,1389,OCCL,EQ,6436,2618,40.68
20,1390,OFSS,EQ,32518,11887,36.56
20,1391,OIL,EQ,1016658,466700,45.91
20,1392,OLECTRA,EQ,235799,124870,52.96
20,1393,OMAXAUTO,EQ,27619,12675,45.89
20,1394,OMAXE,EQ,6009652,2207721,36.74
20,1395,OMFURN,SM,20000,20000,100.00
20,1396,ONELIFECAP,EQ,45526,21166,46.49
20,1397,ONGC,EQ,7814821,5445722,69.68
20,1398,ONMOBILE,EQ,537063,160056,29.80
20,1399,ONWARDTEC,EQ,49780,17559,35.27
20,1400,OPTIEMUS,EQ,159789,84834,53.09
20,1401,ORIANA,SM,43200,27600,63.89
20,1402,ORIENTALTL,EQ,18801,13042,69.37
20,1403,ORIENTBELL,EQ,7659,2786,36.38
20,1404,ORIENTCEM,EQ,734983,300806,40.93
20,1405,ORIENTELEC,EQ,272093,143966,52.91
20,1406,ORIENTHOT,EQ,501266,245683,49.01
20,1407,ORIENTPPR,EQ,1484442,532075,35.84
20,1408,ORISSAMINE,EQ,13606,4579,33.65
20,1409,OSWALAGRO,EQ,2303344,727416,31.58
20,1410,OSWALGREEN,EQ,552038,181903,32.95
20,1411,OSWALSEEDS,EQ,214115,107337,50.13
20,1412,PAGEIND,EQ,27935,20101,71.96
20,1413,PAISALO,EQ,631319,442977,70.17
20,1414,PAKKA,EQ,289828,122364,42.22
20,1415,PALREDTEC,EQ,7114,4856,68.26
20,1416,PANACEABIO,EQ,1423933,366999,25.77
20,1417,PANAMAPET,EQ,161678,85030,52.59
20,1418,PARADEEP,EQ,1602279,548379,34.22
20,1419,PARAGMILK,EQ,907017,498231,54.93
20,1420,PARAS,EQ,248000,70692,28.50
20,1421,PARSVNATH,EQ,8444144,3697667,43.79
20,1422,PARTYCRUS,SM,14000,14000,100.00
20,1423,PASUPTAC,EQ,83738,52369,62.54
20,1424,PATELENG,EQ,5675116,2478403,43.67
20,1425,PAVNAIND,EQ,1140,452,39.65
20,1426,PAYTM,EQ,1080524,472607,43.74
20,1427,PCBL,EQ,676116,289810,42.86
20,1428,PCHFL,N6,38,38,100.00
20,1429,PCHFL,NA,110,110,100.00
20,1430,PCJEWELLER,EQ,1377409,874938,63.52
20,1431,PDMJEPAPER,EQ,389812,153967,39.50
20,1432,PDSL,EQ,45811,25423,55.50
20,1433,PEARLPOLY,EQ,118404,56045,47.33
20,1434,PEL,EQ,671915,143688,21.38
20,1435,PENIND,EQ,851044,257054,30.20
20,1436,PENINLAND,EQ,592656,324632,54.78
20,1437,PENTAGOLD,ST,257400,237000,92.07
20,1438,PENTAGON,SM,2000,2000,100.00
20,1439,PERFECT,SM,66000,54000,81.82
20,1440,PERSISTENT,EQ,258771,85020,32.86
20,1441,PETRONET,EQ,1975015,783866,39.69
20,1442,PFC,EQ,19853464,7704865,38.81
20,1443,PFC,N3,164,164,100.00
20,1444,PFC,N5,228,228,100.00
20,1445,PFC,N8,1545,1544,99.94
20,1446,PFIZER,EQ,8581,3589,41.82
20,1447,PFOCUS,EQ,1495225,481358,32.19
20,1448,PFS,EQ,6619822,2663423,40.23
20,1449,PGEL,EQ,54280,25595,47.15
20,1450,PGHH,EQ,8695,3228,37.12
20,1451,PGHL,EQ,3976,2161,54.35
20,1452,PGIL,EQ,13120,5834,44.47
20,1453,PGINVIT,IV,723592,654119,90.40
20,1454,PHANTOMFX,SM,46800,24600,52.56
20,1455,PHARMABEES,EQ,4935786,3242268,65.69
20,1456,PHOENIXLTD,EQ,150631,85780,56.95
20,1457,PIDILITIND,EQ,348380,277125,79.55
20,1458,PIIND,EQ,400689,246225,61.45
20,1459,PILANIINVS,EQ,5606,4010,71.53
20,1460,PIONEEREMB,EQ,47178,30888,65.47
20,1461,PITTIENG,EQ,56522,21378,37.82
20,1462,PIXTRANS,EQ,11249,6169,54.84
20,1463,PLASTIBLEN,EQ,36775,21888,59.52
20,1464,PNB,EQ,96312592,22807963,23.68
20,1465,PNBGILTS,EQ,34666385,6716873,19.38
20,1466,PNBHOUSING,EQ,422744,113493,26.85
20,1467,PNC,EQ,79853,35732,44.75
20,1468,PNCINFRA,EQ,784389,332626,42.41
20,1469,POCL,EQ,20287,6906,34.04
20,1470,PODDARHOUS,EQ,9160,4917,53.68
20,1471,PODDARMENT,EQ,3486,2871,82.36
20,1472,POKARNA,EQ,77388,23627,30.53
20,1473,POLICYBZR,EQ,1009184,712082,70.56
20,1474,POLYCAB,EQ,660080,277633,42.06
20,1475,POLYMED,EQ,125454,64436,51.36
20,1476,POLYPLEX,EQ,62320,31515,50.57
20,1477,PONNIERODE,EQ,39127,11396,29.13
20,1478,POONAWALLA,EQ,1401061,789872,56.38
20,1479,POONAWALLA,N3,10,10,100.00
20,1480,POWERGRID,EQ,21193988,12175935,57.45
20,1481,POWERINDIA,EQ,15597,7267,46.59
20,1482,POWERMECH,EQ,20250,10621,52.45
20,1483,PPAP,EQ,12205,5486,44.95
20,1484,PPL,EQ,85540,34422,40.24
20,1485,PPLPHARMA,EQ,3624966,1352318,37.31
20,1486,PRAENG,EQ,69224,26173,37.81
20,1487,PRAJIND,EQ,999664,293242,29.33
20,1488,PRAKASH,EQ,1227834,578883,47.15
20,1489,PRAMARA,ST,100000,94000,94.00
20,1490,PRECAM,EQ,170252,73802,43.35
20,1491,PRECISION,SM,52000,26000,50.00
20,1492,PRECOT,EQ,10261,6719,65.48
20,1493,PRECWIRE,EQ,1084603,289206,26.66
20,1494,PRESTIGE,EQ,200258,105027,52.45
20,1495,PRICOLLTD,EQ,634588,212169,33.43
20,1496,PRIMESECU,EQ,25205,18900,74.99
20,1497,PRINCEPIPE,EQ,112184,65075,58.01
20,1498,PRITI,EQ,55013,35601,64.71
20,1499,PRIVISCL,EQ,8374,5177,61.82
20,1500,PROLIFE,SM,500,500,100.00
20,1501,PROPEQUITY,SM,15600,10800,69.23
20,1502,PROV,SM,17760,17600,99.10
20,1503,PROZONER,EQ,540155,238249,44.11
20,1504,PRSMJOHNSN,EQ,214251,120283,56.14
20,1505,PRUDENT,EQ,9929,4254,42.84
20,1506,PSB,EQ,15020676,1976649,13.16
20,1507,PSPPROJECT,EQ,44989,19532,43.42
20,1508,PSUBANKICI,EQ,559267,384953,68.83
20,1509,PSUBNKBEES,EQ,4520706,1891313,41.84
20,1510,PTC,EQ,2116306,413677,19.55
20,1511,PTCIL,EQ,1204,690,57.31
20,1512,PTL,EQ,386030,201246,52.13
20,1513,PULZ,SM,24000,24000,100.00
20,1514,PUNJABCHEM,EQ,8699,3823,43.95
20,1515,PURVA,EQ,189542,64746,34.16
20,1516,PVRINOX,EQ,352418,177273,50.30
20,1517,PYRAMID,EQ,220935,112119,50.75
20,1518,QGOLDHALF,EQ,41584,40295,96.90
20,1519,QMSMEDI,SM,3000,3000,100.00
20,1520,QNIFTY,EQ,2768,2059,74.39
20,1521,QUADPRO,SM,84000,60000,71.43
20,1522,QUESS,EQ,191183,93111,48.70
20,1523,QUICKHEAL,EQ,1454317,404639,27.82
20,1524,QUICKTOUCH,SM,36000,30000,83.33
20,1525,RACE,EQ,6568,4316,65.71
20,1526,RADHIKAJWE,EQ,271317,132286,48.76
20,1527,RADIANTCMS,EQ,508726,324038,63.70
20,1528,RADICO,EQ,196164,81003,41.29
20,1529,RADIOCITY,EQ,994752,576068,57.91
20,1530,RADIOCITY,P1,1108,1096,98.92
20,1531,RAILTEL,EQ,4089982,1086989,26.58
20,1532,RAIN,EQ,855305,314908,36.82
20,1533,RAINBOW,EQ,248908,158475,63.67
20,1534,RAJESHEXPO,EQ,251495,122480,48.70
20,1535,RAJRATAN,EQ,15474,9132,59.02
20,1536,RAJTV,EQ,20992,12194,58.09
20,1537,RALLIS,EQ,559264,276997,49.53
20,1538,RAMANEWS,EQ,51555,31894,61.86
20,1539,RAMAPHO,EQ,60641,39795,65.62
20,1540,RAMASTEEL,EQ,1152891,677323,58.75
20,1541,RAMCOCEM,EQ,115405,25008,21.67
20,1542,RAMCOIND,EQ,68089,33267,48.86
20,1543,RAMCOSYS,EQ,894384,252952,28.28
20,1544,RAMKY,EQ,160794,58001,36.07
20,1545,RAMRAT,EQ,66518,29312,44.07
20,1546,RANASUG,EQ,1630282,497924,30.54
20,1547,RANEHOLDIN,EQ,13255,6766,51.04
20,1548,RATEGAIN,EQ,318603,151902,47.68
20,1549,RATNAMANI,EQ,50914,22613,44.41
20,1550,RAYMOND,EQ,269950,175129,64.87
20,1551,RBA,EQ,1892183,686003,36.25
20,1552,RBL,EQ,20029,6948,34.69
20,1553,RBLBANK,EQ,16295315,3736084,22.93
20,1554,RBMINFRA,SM,132000,93000,70.45
20,1555,RCF,EQ,3418622,942687,27.58
20,1556,RECLTD,EQ,28891418,9328474,32.29
20,1557,RECLTD,N2,515,515,100.00
20,1558,RECLTD,N4,180,180,100.00
20,1559,RECLTD,N6,1,1,100.00
20,1560,RECLTD,N7,23,23,100.00
20,1561,RECLTD,N9,1485,1200,80.81
20,1562,RECLTD,NE,5,5,100.00
20,1563,REDINGTON,EQ,1252089,582488,46.52
20,1564,REDTAPE,EQ,180352,104557,57.97
20,1565,REFEX,EQ,33165,18814,56.73
20,1566,RELAXO,EQ,96411,52041,53.98
20,1567,RELCHEMQ,EQ,5327,2979,55.92
20,1568,RELIABLE,SM,12000,12000,100.00
20,1569,RELIANCE,EQ,9588393,4157657,43.36
20,1570,RELIGARE,EQ,4399390,1683649,38.27
20,1571,REMUS,SM,11600,10100,87.07
20,1572,RENUKA,EQ,13856545,3656594,26.39
20,1573,REPCOHOME,EQ,67451,27964,41.46
20,1574,REPL,EQ,20408,13437,65.84
20,1575,REPRO,EQ,19273,9708,50.37
20,1576,RESPONIND,EQ,380632,51840,13.62
20,1577,REXPIPES,SM,12000,12000,100.00
20,1578,RGL,EQ,139618,55517,39.76
20,1579,RHIM,EQ,146793,93320,63.57
20,1580,RHL,EQ,4780,2410,50.42
20,1581,RICHA,SM,1000,1000,100.00
20,1582,RICOAUTO,EQ,846184,364696,43.10
20,1583,RIIL,EQ,135697,34746,25.61
20,1584,RILINFRA,SM,2000,1800,90.00
20,1585,RISHABH,EQ,325411,183126,56.28
20,1586,RITES,EQ,1797992,630934,35.09
20,1587,RKEC,EQ,82281,47099,57.24
20,1588,RKFORGE,EQ,423290,192019,45.36
20,1589,RML,EQ,18727,7182,38.35
20,1590,ROHLTD,EQ,40169,16715,41.61
20,1591,ROLEXRINGS,EQ,22879,14086,61.57
20,1592,ROML,EQ,4723,2288,48.44
20,1593,ROSSARI,EQ,31340,15041,47.99
20,1594,ROSSELLIND,EQ,530164,147245,27.77
20,1595,ROTO,EQ,35084,15763,44.93
20,1596,ROUTE,EQ,109983,64320,58.48
20,1597,RPGLIFE,EQ,21528,8534,39.64
20,1598,RPOWER,EQ,83933616,14031080,16.72
20,1599,RPPL,EQ,83667,43570,52.08
20,1600,RPSGVENT,EQ,44621,15943,35.73
20,1601,RRKABEL,EQ,744549,384103,51.59
20,1602,RSWM,EQ,196936,80918,41.09
20,1603,RSYSTEMS,EQ,33426,22163,66.30
20,1604,RTNINDIA,EQ,3223578,876359,27.19
20,1605,RTNPOWER,EQ,113986525,47141460,41.36
20,1606,RUBYMILLS,EQ,22996,11119,48.35
20,1607,RUCHIRA,EQ,218353,89759,41.11
20,1608,RUPA,EQ,176501,101047,57.25
20,1609,RUSHIL,EQ,40495,13834,34.16
20,1610,RUSTOMJEE,EQ,13043,8785,67.35
20,1611,RVNL,EQ,34462689,6394743,18.56
20,1612,SADHNANIQ,EQ,310178,167164,53.89
20,1613,SAFARI,EQ,21998,12487,56.76
20,1614,SAGARDEEP,EQ,18862,7958,42.19
20,1615,SAGCEM,EQ,47954,25509,53.19
20,1616,SAH,EQ,41952,10530,25.10
20,1617,SAHAJ,SM,208000,152000,73.08
20,1618,SAHANA,SM,8000,7000,87.50
20,1619,SAHYADRI,EQ,5927,3753,63.32
20,1620,SAIL,EQ,11754217,3986045,33.91
20,1621,SAKAR,EQ,9586,5230,54.56
20,1622,SAKHTISUG,EQ,1315397,333695,25.37
20,1623,SAKSOFT,EQ,102584,63842,62.23
20,1624,SAKUMA,EQ,3531289,1582657,44.82
20,1625,SALASAR,EQ,720518,244230,33.90
20,1626,SALONA,EQ,1433,876,61.13
20,1627,SALZERELEC,EQ,99903,42464,42.51
20,1628,SAMHI,EQ,46735735,28119613,60.17
20,1629,SANDESH,EQ,3130,2736,87.41
20,1630,SANDHAR,EQ,48853,20996,42.98
20,1631,SANDUMA,EQ,13980,8183,58.53
20,1632,SANGAMIND,EQ,30104,17059,56.67
20,1633,SANGANI,SM,105000,90000,85.71
20,1634,SANGHVIMOV,EQ,59441,26064,43.85
20,1635,SANGINITA,EQ,26308,20207,76.81
20,1636,SANOFI,EQ,3812,2059,54.01
20,1637,SANSERA,EQ,127776,43646,34.16
20,1638,SAPPHIRE,EQ,63236,35000,55.35
20,1639,SARDAEN,EQ,174517,95780,54.88
20,1640,SAREGAMA,EQ,916322,510993,55.77
20,1641,SARLAPOLY,EQ,107817,48208,44.71
20,1642,SAROJA,ST,28800,22400,77.78
20,1643,SASKEN,EQ,11020,6472,58.73
20,1644,SASTASUNDR,EQ,42809,27513,64.27
20,1645,SATIA,EQ,355765,154834,43.52
20,1646,SATIN,EQ,515722,182638,35.41
20,1647,SATINDLTD,EQ,693302,267810,38.63
20,1648,SBCL,EQ,123871,66616,53.78
20,1649,SBFC,EQ,950727,444331,46.74
20,1650,SBGLP,EQ,174978,112360,64.21
20,1651,SBICARD,EQ,2053947,1472199,71.68
20,1652,SBIETFCON,EQ,1785,1479,82.86
20,1653,SBIETFIT,EQ,5303,3474,65.51
20,1654,SBIETFPB,EQ,1758,1396,79.41
20,1655,SBIETFQLTY,EQ,1095,753,68.77
20,1656,SBILIFE,EQ,1084861,834887,76.96
20,1657,SBIN,EQ,18784139,6536792,34.80
20,1658,SCHAEFFLER,EQ,45360,21747,47.94
20,1659,SCHAND,EQ,46123,19064,41.33
20,1660,SCHNEIDER,EQ,607558,167726,27.61
20,1661,SCI,EQ,2518090,581262,23.08
20,1662,SDBL,EQ,224077,131695,58.77
20,1663,SDL24BEES,EQ,1200,1001,83.42
20,1664,SDL26BEES,EQ,360202,360155,99.99
20,1665,SEAMECLTD,EQ,47444,36805,77.58
20,1666,SECURCRED,EQ,96025,70188,73.09
20,1667,SECURKLOUD,EQ,20561,10538,51.25
20,1668,SEL,SM,11200,9600,85.71
20,1669,SELAN,EQ,141824,55529,39.15
20,1670,SENCO,EQ,870416,270474,31.07
20,1671,SEPC,EQ,2805565,1811622,64.57
20,1672,SEQUENT,EQ,652951,236639,36.24
20,1673,SERVICE,SM,4000,4000,100.00
20,1674,SESHAPAPER,EQ,108332,35464,32.74
20,1675,SETF10GILT,EQ,9159,7764,84.77
20,1676,SETFGOLD,EQ,161550,140826,87.17
20,1677,SETFNIF50,EQ,3177502,2911342,91.62
20,1678,SETFNIFBK,EQ,403219,335925,83.31
20,1679,SETFNN50,EQ,5158,4104,79.57
20,1680,SFL,EQ,77989,44034,56.46
20,1681,SGBAPR28I,GB,33,33,100.00
20,1682,SGBAUG24,GB,124,77,62.10
20,1683,SGBAUG27,GB,101,72,71.29
20,1684,SGBAUG28V,GB,762,517,67.85
20,1685,SGBAUG29V,GB,33,29,87.88
20,1686,SGBAUG30,GB,122,96,78.69
20,1687,SGBD29VIII,GB,145,138,95.17
20,1688,SGBDC27VII,GB,18,18,100.00
20,1689,SGBDE30III,GB,315,212,67.30
20,1690,SGBDEC25,GB,29,29,100.00
20,1691,SGBDEC26,GB,7,7,100.00
20,1692,SGBFEB24,GB,29,22,75.86
20,1693,SGBFEB29XI,GB,1380,1304,94.49
20,1694,SGBJ28VIII,GB,11,11,100.00
20,1695,SGBJAN26,GB,15,15,100.00
20,1696,SGBJAN27,GB,26,21,80.77
20,1697,SGBJAN29IX,GB,287,221,77.00
20,1698,SGBJAN29X,GB,77,57,74.03
20,1699,SGBJAN30IX,GB,27,16,59.26
20,1700,SGBJU29III,GB,10,10,100.00
20,1701,SGBJUL25,GB,1,1,100.00
20,1702,SGBJUL27,GB,7,7,100.00
20,1703,SGBJUL28IV,GB,56,48,85.71
20,1704,SGBJUL29IV,GB,650,387,59.54
20,1705,SGBJUN27,GB,55,35,63.64
20,1706,SGBJUN28,GB,7,7,100.00
20,1707,SGBJUN29II,GB,154,91,59.09
20,1708,SGBJUN30,GB,134,122,91.04
20,1709,SGBJUN31I,GB,2608,2053,78.72
20,1710,SGBMAR25,GB,65,65,100.00
20,1711,SGBMAR28X,GB,37,35,94.59
20,1712,SGBMAR30X,GB,152,139,91.45
20,1713,SGBMAR31IV,GB,234,200,85.47
20,1714,SGBMAY26,GB,7,7,100.00
20,1715,SGBMAY28,GB,12,12,100.00
20,1716,SGBMAY29I,GB,178,176,98.88
20,1717,SGBMR29XII,GB,492,273,55.49
20,1718,SGBN28VIII,GB,21,21,100.00
20,1719,SGBNOV23,GB,16,12,75.00
20,1720,SGBNOV24,GB,33,27,81.82
20,1721,SGBNOV25,GB,90,90,100.00
20,1722,SGBNOV26,GB,8,8,100.00
20,1723,SGBNV29VII,GB,79,79,100.00
20,1724,SGBOC28VII,GB,38,38,100.00
20,1725,SGBOCT25,GB,1,1,100.00
20,1726,SGBOCT25IV,GB,59,32,54.24
20,1727,SGBOCT27,GB,104,54,51.92
20,1728,SGBOCT27VI,GB,16,16,100.00
20,1729,SGBSEP24,GB,7,6,85.71
20,1730,SGBSEP27,GB,10,10,100.00
20,1731,SGBSEP28VI,GB,173,154,89.02
20,1732,SGBSEP29VI,GB,192,175,91.15
20,1733,SGL,EQ,1034933,450133,43.49
20,1734,SHAH,EQ,612923,355490,58.00
20,1735,SHAHALLOYS,EQ,19725,13545,68.67
20,1736,SHAILY,EQ,2326,1488,63.97
20,1737,SHAKTIPUMP,EQ,142228,40549,28.51
20,1738,SHALBY,EQ,983523,321026,32.64
20,1739,SHALPAINTS,EQ,47586,26746,56.21
20,1740,SHANKARA,EQ,132562,59679,45.02
20,1741,SHANTI,EQ,411147,223135,54.27
20,1742,SHANTIGEAR,EQ,51363,21669,42.19
20,1743,SHARDACROP,EQ,39562,20076,50.75
20,1744,SHARDAMOTR,EQ,50254,26757,53.24
20,1745,SHAREINDIA,EQ,64861,32694,50.41
20,1746,SHAREINDIA,W1,18421,18256,99.10
20,1747,SHARIABEES,EQ,1010,747,73.96
20,1748,SHERA,SM,28000,24000,85.71
20,1749,SHILPAMED,EQ,258631,128007,49.49
20,1750,SHIVALIK,EQ,5691,3579,62.89
20,1751,SHIVAMILLS,EQ,11060,8117,73.39
20,1752,SHIVATEX,EQ,5245,4102,78.21
20,1753,SHK,EQ,141364,49045,34.69
20,1754,SHOPERSTOP,EQ,23531,9453,40.17
20,1755,SHREDIGCEM,EQ,1173097,495504,42.24
20,1756,SHREECEM,EQ,50277,31003,61.66
20,1757,SHREEPUSHK,EQ,20922,10197,48.74
20,1758,SHRENIK,EQ,1381099,1075062,77.84
20,1759,SHREYAS,EQ,146170,91818,62.82
20,1760,SHRIRAMFIN,EQ,560957,269703,48.08
20,1761,SHRIRAMFIN,YI,1,1,100.00
20,1762,SHRIRAMFIN,YL,50,50,100.00
20,1763,SHRIRAMFIN,YP,138,104,75.36
20,1764,SHRIRAMFIN,YS,45,45,100.00
20,1765,SHRIRAMFIN,YU,2084,2084,100.00
20,1766,SHRIRAMFIN,YV,65,65,100.00
20,1767,SHRIRAMFIN,YW,191,101,52.88
20,1768,SHRIRAMFIN,YY,10,10,100.00
20,1769,SHRIRAMFIN,Z4,8,4,50.00
20,1770,SHRIRAMPPS,EQ,2097845,571411,27.24
20,1771,SHRITECH,SM,66000,56000,84.85
20,1772,SHUBHLAXMI,SM,19000,15000,78.95
20,1773,SHYAMCENT,EQ,504291,255811,50.73
20,1774,SHYAMMETL,EQ,904792,490749,54.24
20,1775,SHYAMTEL,EQ,2268,2267,99.96
20,1776,SIEMENS,EQ,143688,53507,37.24
20,1777,SIGACHI,EQ,248488,94199,37.91
20,1778,SIGMA,EQ,5665,3654,64.50
20,1779,SIKKO,EQ,12363,9975,80.68
20,1780,SILINV,EQ,3590,3227,89.89
20,1781,SILVER,EQ,416221,307383,73.85
20,1782,SILVERBEES,EQ,3853615,3331198,86.44
20,1783,SILVERETF,EQ,49308,44136,89.51
20,1784,SILVERTUC,EQ,6990,3440,49.21
20,1785,SILVRETF,EQ,2068,1956,94.58
20,1786,SIMBHALS,EQ,99330,41565,41.85
20,1787,SINTERCOM,EQ,5912,5388,91.14
20,1788,SIRCA,EQ,58136,27955,48.09
20,1789,SIS,EQ,33504,17861,53.31
20,1790,SIYSIL,EQ,88599,37908,42.79
20,1791,SJS,EQ,83970,42503,50.62
20,1792,SJVN,EQ,159457227,39053439,24.49
20,1793,SKFINDIA,EQ,6780,3266,48.17
20,1794,SKIPPER,EQ,239115,129650,54.22
20,1795,SKMEGGPROD,EQ,326887,137663,42.11
20,1796,SKP,SM,28000,24000,85.71
20,1797,SMARTLINK,EQ,11988,7624,63.60
20,1798,SMCGLOBAL,EQ,37022,18196,49.15
20,1799,SMLISUZU,EQ,13660,5857,42.88
20,1800,SMSLIFE,EQ,1689,1132,67.02
20,1801,SMSPHARMA,EQ,81769,28041,34.29
20,1802,SMVD,SM,32320,20200,62.50
20,1803,SNOWMAN,EQ,507687,193045,38.02
20,1804,SOBHA,EQ,320556,109593,34.19
20,1805,SOFTTECH,EQ,19821,13199,66.59
20,1806,SOLARA,EQ,76108,45276,59.49
20,1807,SOLARINDS,EQ,13406,6991,52.15
20,1808,SOLEX,SM,4000,2400,60.00
20,1809,SOMANYCERA,EQ,14396,6916,48.04
20,1810,SONACOMS,EQ,606387,298362,49.20
20,1811,SONAMCLOCK,EQ,5192,4122,79.39
20,1812,SONATSOFTW,EQ,263638,100390,38.08
20,1813,SONUINFRA,SM,114000,78000,68.42
20,1814,SOTL,EQ,68707,33553,48.83
20,1815,SOUTHBANK,EQ,106601397,24664134,23.14
20,1816,SPAL,EQ,23136,7438,32.15
20,1817,SPANDANA,EQ,55711,32389,58.14
20,1818,SPARC,EQ,265538,82467,31.06
20,1819,SPCENET,EQ,1026798,869684,84.70
20,1820,SPECIALITY,EQ,39587,20256,51.17
20,1821,SPECTRUM,SM,500,500,100.00
20,1822,SPECTSTM,SM,8800,7200,81.82
20,1823,SPENCERS,EQ,3627513,1124167,30.99
20,1824,SPIC,EQ,1047525,352942,33.69
20,1825,SPLIL,EQ,59559,42414,71.21
20,1826,SPLPETRO,EQ,108669,51630,47.51
20,1827,SPORTKING,EQ,14846,7115,47.93
20,1828,SREEL,EQ,12409,7681,61.90
20,1829,SRF,EQ,359377,157751,43.90
20,1830,SRGHFL,EQ,5271,1445,27.41
20,1831,SRHHYPOLTD,EQ,13946,5395,38.68
20,1832,SRIVASAVI,SM,51000,48000,94.12
20,1833,SSFL,SM,171000,135000,78.95
20,1834,SSINFRA,SZ,102000,102000,100.00
20,1835,SSWL,EQ,547881,158762,28.98
20,1836,STAR,EQ,815837,300543,36.84
20,1837,STARCEMENT,EQ,243192,92344,37.97
20,1838,STARHEALTH,EQ,1371794,941288,68.62
20,1839,STARPAPER,EQ,79024,31778,40.21
20,1840,STCINDIA,EQ,310078,80921,26.10
20,1841,STEELCAS,EQ,61569,38161,61.98
20,1842,STEELCITY,EQ,11224,7068,62.97
20,1843,STEELXIND,EQ,16518016,3506862,21.23
20,1844,STERTOOLS,EQ,84626,45130,53.33
20,1845,STLTECH,EQ,590657,254146,43.03
20,1846,STOVEKRAFT,EQ,81304,39649,48.77
20,1847,STYLAMIND,EQ,19860,9367,47.17
20,1848,STYRENIX,EQ,15591,9968,63.93
20,1849,SUBEXLTD,EQ,2990893,1010342,33.78
20,1850,SUBROS,EQ,43027,21253,49.39
20,1851,SUDARSCHEM,EQ,126792,56208,44.33
20,1852,SUKHJITS,EQ,16946,9704,57.26
20,1853,SULA,EQ,259155,170955,65.97
20,1854,SUMICHEM,EQ,153549,77266,50.32
20,1855,SUMMITSEC,EQ,7095,4454,62.78
20,1856,SUNDARAM,EQ,1740893,971562,55.81
20,1857,SUNDARMFIN,EQ,85335,54314,63.65
20,1858,SUNDARMHLD,EQ,58933,28079,47.65
20,1859,SUNDRMFAST,EQ,48894,28288,57.86
20,1860,SUNFLAG,EQ,213781,85341,39.92
20,1861,SUNPHARMA,EQ,1585418,888780,56.06
20,1862,SUNTECK,EQ,537342,202555,37.70
20,1863,SUNTV,EQ,797315,232220,29.13
20,1864,SUPERHOUSE,EQ,10116,6531,64.56
20,1865,SUPERSPIN,EQ,58698,35221,60.00
20,1866,SUPRAJIT,EQ,97360,46380,47.64
20,1867,SUPREMEIND,EQ,183993,117663,63.95
20,1868,SUPRIYA,EQ,129537,55305,42.69
20,1869,SURANAT&P,EQ,102469,59726,58.29
20,1870,SURYALAXMI,EQ,18659,9576,51.32
20,1871,SURYAROSNI,EQ,68236,41302,60.53
20,1872,SURYODAY,EQ,298730,115634,38.71
20,1873,SUTLEJTEX,EQ,237745,155963,65.60
20,1874,SUVEN,EQ,645160,182136,28.23
20,1875,SUVENPHAR,EQ,164729,94805,57.55
20,1876,SUZLON,EQ,95275738,44217389,46.41
20,1877,SWANENERGY,EQ,857148,297970,34.76
20,1878,SWARAJ,SM,52000,48000,92.31
20,1879,SWARAJENG,EQ,9968,5972,59.91
20,1880,SWASTIK,SM,10800,4800,44.44
20,1881,SWELECTES,EQ,104449,50814,48.65
20,1882,SYMPHONY,EQ,17989,9059,50.36
20,1883,SYNCOMF,EQ,1193038,802619,67.28
20,1884,SYNGENE,EQ,922159,651006,70.60
20,1885,SYNOPTICS,SM,21000,15600,74.29
20,1886,SYRMA,EQ,421449,113977,27.04
20,1887,SYSTANGO,SM,3200,3200,100.00
20,1888,TAINWALCHM,EQ,3761,2304,61.26
20,1889,TAJGVK,EQ,51720,21623,41.81
20,1890,TALBROAUTO,EQ,22739,11628,51.14
20,1891,TANLA,EQ,401884,79887,19.88
20,1892,TAPIFRUIT,SM,1500,1500,100.00
20,1893,TARACHAND,SM,22000,18000,81.82
20,1894,TARC,EQ,555222,228163,41.09
20,1895,TARMAT,EQ,65986,30854,46.76
20,1896,TARSONS,EQ,399847,196264,49.08
20,1897,TASTYBITE,EQ,1092,373,34.16
20,1898,TATACAPHSG,N4,501,496,99.00
20,1899,TATACAPHSG,N8,200,200,100.00
20,1900,TATACHEM,EQ,486756,221834,45.57
20,1901,TATACOFFEE,EQ,851575,383482,45.03
20,1902,TATACOMM,EQ,1007396,582531,57.83
20,1903,TATACONSUM,EQ,1518828,656324,43.21
20,1904,TATAELXSI,EQ,35750,16871,47.19
20,1905,TATAINVEST,EQ,793510,94681,11.93
20,1906,TATAMETALI,EQ,80584,33709,41.83
20,1907,TATAMOTORS,EQ,6551917,2618558,39.97
20,1908,TATAMTRDVR,EQ,2460621,1185662,48.19
20,1909,TATAPOWER,EQ,6831744,1870288,27.38
20,1910,TATASTEEL,EQ,34059194,12682272,37.24
20,1911,TATASTLLP,EQ,42051,17659,41.99
20,1912,TATVA,EQ,32938,27133,82.38
20,1913,TBZ,EQ,163882,71893,43.87
20,1914,TCFSL,NF,55,55,100.00
20,1915,TCFSL,NJ,102,102,100.00
20,1916,TCFSL,NL,275,270,98.18
20,1917,TCI,EQ,55214,22919,41.51
20,1918,TCIEXP,EQ,51427,23945,46.56
20,1919,TCNSBRANDS,EQ,97778,44730,45.75
20,1920,TCPLPACK,EQ,7166,2376,33.16
20,1921,TCS,EQ,1989083,1063284,53.46
20,1922,TDPOWERSYS,EQ,208553,121264,58.15
20,1923,TEAMLEASE,EQ,12706,5414,42.61
20,1924,TECH,EQ,9844,6333,64.33
20,1925,TECHM,EQ,3252940,1508813,46.38
20,1926,TECHNOE,EQ,77086,36493,47.34
20,1927,TEGA,EQ,74677,53197,71.24
20,1928,TEJASNET,EQ,213813,67964,31.79
20,1929,TEMBO,EQ,70221,31776,45.25
20,1930,TEXINFRA,EQ,378199,144692,38.26
20,1931,TEXRAIL,EQ,4268969,1582027,37.06
20,1932,TFCILTD,EQ,330882,130743,39.51
20,1933,TFL,EQ,37489,22382,59.70
20,1934,TGBHOTELS,EQ,57649,40432,70.13
20,1935,THANGAMAYL,EQ,27177,16744,61.61
20,1936,THEINVEST,EQ,26735,9989,37.36
20,1937,THEJO,SM,1050,750,71.43
20,1938,THEMISMED,EQ,14888,6452,43.34
20,1939,THERMAX,EQ,92506,19885,21.50
20,1940,THYROCARE,EQ,42818,15508,36.22
20,1941,TI,EQ,215597,127663,59.21
20,1942,TIDEWATER,EQ,37003,14444,39.03
20,1943,TIIL,EQ,17876,5033,28.16
20,1944,TIINDIA,EQ,115025,58102,50.51
20,1945,TIMESCAN,SM,2000,1000,50.00
20,1946,TIMESGTY,EQ,6700,2193,32.73
20,1947,TIMETECHNO,EQ,1501820,511105,34.03
20,1948,TIMKEN,EQ,28924,8915,30.82
20,1949,TINPLATE,EQ,180278,26408,14.65
20,1950,TIPSINDLTD,EQ,105114,55523,52.82
20,1951,TIRUMALCHM,EQ,196364,75578,38.49
20,1952,TIRUPATI,SM,1000,1000,100.00
20,1953,TITAGARH,EQ,833043,288993,34.69
20,1954,TITAN,EQ,1019051,636328,62.44
20,1955,TMB,EQ,270836,145146,53.59
20,1956,TNIDETF,EQ,16555,13257,80.08
20,1957,TNPETRO,EQ,221110,104451,47.24
20,1958,TNPL,EQ,228476,84904,37.16
20,1959,TOKYOPLAST,EQ,26897,9603,35.70
20,1960,TORNTPHARM,EQ,498682,335079,67.19
20,1961,TORNTPOWER,EQ,159996,91634,57.27
20,1962,TOTAL,EQ,95927,48953,51.03
20,1963,TRACXN,EQ,122286,61409,50.22
20,1964,TRANSWIND,SM,12000,12000,100.00
20,1965,TREEHOUSE,EQ,43464,37706,86.75
20,1966,TREL,EQ,362470,241535,66.64
20,1967,TRENT,EQ,394776,230495,58.39
20,1968,TRF,EQ,268113,50471,18.82
20,1969,TRIDENT,EQ,7252871,2343988,32.32
20,1970,TRIDHYA,SM,75000,48000,64.00
20,1971,TRIGYN,EQ,129795,42985,33.12
20,1972,TRIL,EQ,1287946,537129,41.70
20,1973,TRITURBINE,EQ,828353,272852,32.94
20,1974,TRIVENI,EQ,2176699,562466,25.84
20,1975,TRU,EQ,2441227,857344,35.12
20,1976,TTKHLTCARE,EQ,8036,5680,70.68
20,1977,TTKPRESTIG,EQ,30563,13091,42.83
20,1978,TTL,EQ,20380,14666,71.96
20,1979,TTML,EQ,6008783,1630345,27.13
20,1980,TV18BRDCST,EQ,6492503,2308053,35.55
20,1981,TVSELECT,EQ,22919,7669,33.46
20,1982,TVSHLTD,EQ,1090,466,42.75
20,1983,TVSHLTD,P1,17995,14206,78.94
20,1984,TVSMOTOR,EQ,1048434,766073,73.07
20,1985,TVSSCS,EQ,463679,221153,47.70
20,1986,TVSSRICHAK,EQ,16208,10467,64.58
20,1987,TVTODAY,EQ,161531,102561,63.49
20,1988,TVVISION,EQ,2472,2162,87.46
20,1989,UBL,EQ,69522,17873,25.71
20,1990,UCOBANK,EQ,101911643,13333070,13.08
20,1991,UDAICEMENT,EQ,664552,330430,49.72
20,1992,UFLEX,EQ,92080,34036,36.96
20,1993,UGARSUGAR,EQ,220724,65747,29.79
20,1994,UGROCAP,EQ,175454,87125,49.66
20,1995,UGROCAP,N1,84,84,100.00
20,1996,UGROCAP,N4,13,13,100.00
20,1997,UGROCAP,N5,5,5,100.00
20,1998,UJJIVAN,EQ,161576,77990,48.27
20,1999,UJJIVANSFB,EQ,5820494,2073234,35.62
20,2000,ULTRACEMCO,EQ,524827,393005,74.88
20,2001,UMA,SM,12000,12000,100.00
20,2002,UMANGDAIRY,EQ,44314,25138,56.73
20,2003,UNICHEMLAB,EQ,44480,19969,44.89
20,2004,UNIDT,EQ,108390,52026,48.00
20,2005,UNIENTER,EQ,6378,3564,55.88
20,2006,UNIHEALTH,ST,196000,189000,96.43
20,2007,UNIINFO,EQ,6454,1135,17.59
20,2008,UNIONBANK,EQ,92167212,28011713,30.39
20,2009,UNIPARTS,EQ,83119,49877,60.01
20,2010,UNITEDTEA,EQ,1610,1055,65.53
20,2011,UNIVAFOODS,EQ,967,967,100.00
20,2012,UNIVASTU,EQ,6281,3513,55.93
20,2013,UNIVCABLES,EQ,31597,14367,45.47
20,2014,UNIVPHOTO,EQ,5269,2820,53.52
20,2015,UNOMINDA,EQ,249032,151517,60.84
20,2016,UPL,EQ,1850344,783545,42.35
20,2017,URAVI,EQ,6948,2129,30.64
20,2018,URBAN,SM,15600,12000,76.92
20,2019,URJA,EQ,3010494,1142991,37.97
20,2020,USHAMART,EQ,770934,447428,58.04
20,2021,USK,EQ,275240,125637,45.65
20,2022,UTIAMC,EQ,54950,22297,40.58
20,2023,UTIBANKETF,EQ,87960,63091,71.73
20,2024,UTINEXT50,EQ,16835,9411,55.90
20,2025,UTINIFTETF,EQ,1221,1165,95.41
20,2026,UTISENSETF,EQ,1246,1096,87.96
20,2027,UTISXN50,EQ,5813,1181,20.32
20,2028,UTKARSHBNK,EQ,2000322,647058,32.35
20,2029,UTTAMSUGAR,EQ,167552,36749,21.93
20,2030,VADILALIND,EQ,6358,2943,46.29
20,2031,VAIBHAVGBL,EQ,485077,174594,35.99
20,2032,VAISHALI,EQ,22926,13991,61.03
20,2033,VAKRANGEE,EQ,7642897,2182591,28.56
20,2034,VALIANTORG,EQ,44131,21429,48.56
20,2035,VARDHACRLC,EQ,36353,17235,47.41
20,2036,VARROC,EQ,532613,137482,25.81
20,2037,VASCONEQ,EQ,1187345,509554,42.92
20,2038,VASWANI,EQ,123142,77197,62.69
20,2039,VBL,EQ,1478798,1114087,75.34
20,2040,VCL,EQ,466607,344949,73.93
20,2041,VEDL,EQ,7322963,3737455,51.04
20,2042,VELS,SM,2400,2400,100.00
20,2043,VENKEYS,EQ,24824,15184,61.17
20,2044,VENUSPIPES,EQ,95631,47217,49.37
20,2045,VERANDA,EQ,38757,16863,43.51
20,2046,VERTEXPLUS,SM,1200,1200,100.00
20,2047,VESUVIUS,EQ,13300,11152,83.85
20,2048,VETO,EQ,185100,65070,35.15
20,2049,VGUARD,EQ,222473,105903,47.60
20,2050,VHL,EQ,510,233,45.69
20,2051,VIAZ,SM,2000,2000,100.00
20,2052,VIDHIING,EQ,7951,4595,57.79
20,2053,VIJAYA,EQ,101003,46994,46.53
20,2054,VIKASLIFE,EQ,20141368,8309434,41.26
20,2055,VILINBIO,SM,16000,12000,75.00
20,2056,VIMTALABS,EQ,22209,9349,42.10
20,2057,VINATIORGA,EQ,15532,8131,52.35
20,2058,VINDHYATEL,EQ,31886,19047,59.73
20,2059,VINEETLAB,EQ,13176,6552,49.73
20,2060,VINSYS,SM,118000,87000,73.73
20,2061,VINYLINDIA,EQ,27882,8860,31.78
20,2062,VIPIND,EQ,472839,189032,39.98
20,2063,VIPULLTD,EQ,177693,148382,83.50
20,2064,VISAKAIND,EQ,181795,70557,38.81
20,2065,VISHAL,EQ,135375,77613,57.33
20,2066,VISHNU,EQ,81115,41010,50.56
20,2067,VISHWARAJ,EQ,1166395,408441,35.02
20,2068,VITAL,SM,16800,9600,57.14
20,2069,VIVIANA,SM,6000,6000,100.00
20,2070,VIVIDHA,EQ,408364,282493,69.18
20,2071,VLEGOV,EQ,265213,208790,78.73
20,2072,VLSFINANCE,EQ,54586,25891,47.43
20,2073,VMARCIND,SM,276000,171000,61.96
20,2074,VMART,EQ,16544,10340,62.50
20,2075,VOLTAMP,EQ,15768,8648,54.85
20,2076,VOLTAS,EQ,596978,214229,35.89
20,2077,VPRPL,EQ,1483592,619828,41.78
20,2078,VRLLOG,EQ,181621,149219,82.16
20,2079,VSSL,EQ,90133,38136,42.31
20,2080,VSTIND,EQ,3573,2299,64.34
20,2081,VSTTILLERS,EQ,12049,5452,45.25
20,2082,VTL,EQ,103493,47379,45.78
20,2083,WABAG,EQ,222137,100607,45.29
20,2084,WALPAR,SM,2000,2000,100.00
20,2085,WATERBASE,EQ,40054,21203,52.94
20,2086,WEALTH,EQ,787,410,52.10
20,2087,WEBELSOLAR,EQ,397838,182405,45.85
20,2088,WELCORP,EQ,1025275,440269,42.94
20,2089,WELENT,EQ,190399,100542,52.81
20,2090,WELSPUNIND,EQ,864018,384750,44.53
20,2091,WENDT,EQ,289,140,48.44
20,2092,WESTLIFE,EQ,67073,23665,35.28
20,2093,WHEELS,EQ,12886,6504,50.47
20,2094,WHIRLPOOL,EQ,37175,14343,38.58
20,2095,WINDLAS,EQ,20786,10059,48.39
20,2096,WIPRO,EQ,9909130,4909289,49.54
20,2097,WOCKPHARMA,EQ,951171,496149,52.16
20,2098,WONDERLA,EQ,95050,53497,56.28
20,2099,WORTH,EQ,16225,10683,65.84
20,2100,WSTCSTPAPR,EQ,237012,91554,38.63
20,2101,XCHANGING,EQ,208352,65875,31.62
20,2102,XELPMOC,EQ,26698,20707,77.56
20,2103,XPROINDIA,EQ,38555,16943,43.95
20,2104,YASHO,EQ,4820,3606,74.81
20,2105,YATHARTH,EQ,218082,87346,40.05
20,2106,YCCL,SM,132000,123000,93.18
20,2107,YESBANK,EQ,141097202,42014983,29.78
20,2108,YUDIZ,SM,39200,34400,87.76
20,2109,YUKEN,EQ,10657,7400,69.44
20,2110,ZAGGLE,EQ,21564281,11538969,53.51
20,2111,ZEAL,SM,15600,10800,69.23
20,2112,ZEEL,EQ,4749755,1802064,37.94
20,2113,ZEEMEDIA,EQ,8730861,4120814,47.20
20,2114,ZENITHSTL,EQ,111057,77382,69.68
20,2115,ZENSARTECH,EQ,708032,302092,42.67
20,2116,ZFCVINDIA,EQ,9756,6225,63.81
20,2117,ZIMLAB,EQ,185538,79275,42.73
20,2118,ZODIACLOTH,EQ,6566,4108,62.56
20,2119,ZOMATO,EQ,39492725,19120092,48.41
20,2120,ZOTA,EQ,27139,14326,52.79
20,2121,ZUARI,EQ,85085,30139,35.42
20,2122,ZUARIIND,EQ,28136,12373,43.98
20,2123,ZYDUSLIFE,EQ,1581468,749426,47.39
20,2124,ZYDUSWELL,EQ,25049,16368,65.34
