Security Wise Delivery Position - Compulsory Rolling Settlement
10,MTO,27092023,1351796323,0002149
Trade Date <27-SEP-2023>,Settlement Type <N>
Record Type,Sr No,Name of Security,Quantity Traded,Deliverable Quantity(gross across client level),% of Deliverable Quantity to Traded Quantity
20,1,182D070324,TB,200,200,100.00
20,2,182D071223,TB,3000,3000,100.00
20,3,182D091123,TB,200,200,100.00
20,4,182D110124,TB,100,100,100.00
20,5,182D121023,TB,400,400,100.00
20,6,182D140324,TB,1000,1000,100.00
20,7,182D211223,TB,1500,1500,100.00
20,8,21STCENMGM,EQ,5428,4317,79.53
20,9,360ONE,EQ,274298,147232,53.68
20,10,364D040124,TB,1000,1000,100.00
20,11,364D050924,TB,300,300,100.00
20,12,364D051023,TB,200,200,100.00
20,13,364D220824,TB,5000,5000,100.00
20,14,3IINFOLTD,EQ,3355944,808789,24.10
20,15,3MINDIA,EQ,1499,513,34.22
20,16,3PLAND,EQ,7906,6080,76.90
20,17,574GS2026,GS,20,20,100.00
20,18,5PAISA,EQ,27318,11689,42.79
20,19,601GS2028,GS,15000,15000,100.00
20,20,610GS2031,GS,317,309,97.48
20,21,63MOONS,EQ,94842,42590,44.91
20,22,654GS2032,GS,501,501,100.00
20,23,667GS2050,GS,4561,4561,100.00
20,24,669GS2024,GS,324594,324212,99.88
20,25,689GS2025,GS,2,2,100.00
20,26,68GS2060,GS,3,3,100.00
20,27,695GS2061,GS,9,9,100.00
20,28,699GS2051,GS,12095,12093,99.98
20,29,706GS2028,GS,6057,6057,100.00
20,30,710GS2029,GS,5896,5800,98.37
20,31,717GS2030,GS,35000,35000,100.00
20,32,718GS2033,GS,1350,1350,100.00
20,33,718GS2037,GS,4010,4010,100.00
20,34,726GS2032,GS,103260,103258,100.00
20,35,726GS2033,GS,100,100,100.00
20,36,732GS2024,GS,100,100,100.00
20,37,736GS2052,GS,10137,10119,99.82
20,38,738GS2027,GS,126028,126017,99.99
20,39,73GS2053,GS,15100,15000,99.34
20,40,741GS2036,GS,2262,2260,99.91
20,41,754GS2036,GS,126558,124280,98.20
20,42,883GS2041,GS,2000,2000,100.00
20,43,91D071223,TB,600,600,100.00
20,44,91D171123,TB,2000,2000,100.00
20,45,91D231123,TB,7000,7000,100.00
20,46,91D261023,TB,100,100,100.00
20,47,92GS2030,GS,8899,8897,99.98
20,48,AAATECH,EQ,15697,8204,52.26
20,49,AARTIDRUGS,EQ,202089,91714,45.38
20,50,AARTIIND,EQ,823773,311576,37.82
20,51,AARTIPHARM,EQ,92024,48970,53.21
20,52,AARTIPP,E1,7,6,85.71
20,53,AARTISURF,EQ,4916,2672,54.35
20,54,AARVEEDEN,EQ,20764,16796,80.89
20,55,AARVI,EQ,4145,2287,55.17
20,56,AATMAJ,SM,34000,28000,82.35
20,57,AAVAS,EQ,54760,28935,52.84
20,58,ABAN,EQ,75782,44974,59.35
20,59,ABB,EQ,217834,124923,57.35
20,60,ABBOTINDIA,EQ,9786,3536,36.13
20,61,ABCAPITAL,EQ,8574895,2402486,28.02
20,62,ABCOTS,SM,8000,8000,100.00
20,63,ABFRL,EQ,2132690,979624,45.93
20,64,ABINFRA,SM,12000,12000,100.00
20,65,ABSLAMC,EQ,56499,36134,63.96
20,66,ABSLBANETF,EQ,32082,24330,75.84
20,67,ABSLLIQUID,EQ,3480,3430,98.56
20,68,ABSLNN50ET,EQ,1036,515,49.71
20,69,ACC,EQ,218437,103496,47.38
20,70,ACCELYA,EQ,29933,16438,54.92
20,71,ACE,EQ,205989,95878,46.55
20,72,ACI,EQ,155404,78361,50.42
20,73,ADANIENSOL,EQ,443309,224168,50.57
20,74,ADANIENT,EQ,1077373,367152,34.08
20,75,ADANIGREEN,EQ,5379612,3181096,59.13
20,76,ADANIPORTS,EQ,2463842,842140,34.18
20,77,ADANIPOWER,EQ,16473986,11366815,69.00
20,78,ADFFOODS,EQ,184962,104154,56.31
20,79,ADORWELD,EQ,7943,4506,56.73
20,80,ADROITINFO,EQ,121158,70816,58.45
20,81,ADSL,EQ,129022,68913,53.41
20,82,ADVANIHOTR,EQ,45719,27811,60.83
20,83,ADVENZYMES,EQ,72093,34020,47.19
20,84,AEGISCHEM,EQ,625324,421406,67.39
20,85,AEROFLEX,EQ,266907,137388,51.47
20,86,AETHER,EQ,26156,12254,46.85
20,87,AFFLE,EQ,152462,72504,47.56
20,88,AGARIND,EQ,35683,13709,38.42
20,89,AGARWALFT,SM,3000,3000,100.00
20,90,AGI,EQ,289397,143253,49.50
20,91,AGNI,SM,25000,20000,80.00
20,92,AGROPHOS,EQ,45062,32675,72.51
20,93,AGSTRA,EQ,137888,55485,40.24
20,94,AGUL,SM,2000,2000,100.00
20,95,AHL,EQ,899939,120812,13.42
20,96,AHLADA,EQ,12469,6567,52.67
20,97,AHLEAST,EQ,4542,3222,70.94
20,98,AHLUCONT,EQ,223600,85634,38.30
20,99,AIAENG,EQ,22901,11673,50.97
20,100,AIRAN,EQ,3275769,1275563,38.94
20,101,AIRTELPP,E1,63689,51498,80.86
20,102,AISL,SM,8400,8400,100.00
20,103,AJANTPHARM,EQ,395211,282396,71.45
20,104,AJMERA,EQ,27281,13404,49.13
20,105,AJOONI,EQ,365838,227161,62.09
20,106,AKASH,EQ,80858,19458,24.06
20,107,AKG,EQ,35146,8869,25.23
20,108,AKSHARCHEM,EQ,11278,5569,49.38
20,109,AKSHOPTFBR,EQ,1136408,712494,62.70
20,110,AKZOINDIA,EQ,17193,10314,59.99
20,111,ALANKIT,EQ,539045,349690,64.87
20,112,ALBERTDAVD,EQ,52689,21407,40.63
20,113,ALEMBICLTD,EQ,156606,75991,48.52
20,114,ALICON,EQ,9250,4580,49.51
20,115,ALKALI,EQ,17752,12131,68.34
20,116,ALKEM,EQ,101011,62226,61.60
20,117,ALKYLAMINE,EQ,19087,9937,52.06
20,118,ALLCARGO,EQ,301493,177872,59.00
20,119,ALLETEC,SM,86400,54400,62.96
20,120,ALLSEC,EQ,10071,6171,61.27
20,121,ALMONDZ,EQ,20776,5383,25.91
20,122,ALOKINDS,EQ,4012587,1694162,42.22
20,123,ALPA,EQ,32505,15509,47.71
20,124,ALPHAGEO,EQ,10967,3960,36.11
20,125,AMARAJABAT,EQ,191185,121132,63.36
20,126,AMBANIORG,SM,2000,2000,100.00
20,127,AMBER,EQ,108414,55858,51.52
20,128,AMBIKCO,EQ,7478,3905,52.22
20,129,AMBUJACEM,EQ,1952178,794892,40.72
20,130,AMDIND,EQ,15650,12013,76.76
20,131,AMEYA,SM,12000,12000,100.00
20,132,AMIORG,EQ,51261,23773,46.38
20,133,AMJLAND,EQ,148074,58241,39.33
20,134,AMRUTANJAN,EQ,23616,7540,31.93
20,135,ANANDRATHI,EQ,85934,32642,37.98
20,136,ANANTRAJ,EQ,2064295,1282348,62.12
20,137,ANDHRAPAP,EQ,348646,159105,45.64
20,138,ANDHRSUGAR,EQ,200119,94650,47.30
20,139,ANDREWYU,EQ,1830976,594298,32.46
20,140,ANGELONE,EQ,955518,485301,50.79
20,141,ANNAPURNA,SM,42000,26000,61.90
20,142,ANUP,EQ,10568,6596,62.41
20,143,ANURAS,EQ,174052,71457,41.05
20,144,APARINDS,EQ,487026,162434,33.35
20,145,APCL,EQ,16112,10127,62.85
20,146,APCOTEXIND,EQ,36294,18438,50.80
20,147,APEX,EQ,66940,31059,46.40
20,148,APLAPOLLO,EQ,856287,296556,34.63
20,149,APLLTD,EQ,90143,42106,46.71
20,150,APOLLO,EQ,1389867,739194,53.18
20,151,APOLLOHOSP,EQ,460768,285419,61.94
20,152,APOLLOPIPE,EQ,68322,33745,49.39
20,153,APOLLOTYRE,EQ,1428700,478701,33.51
20,154,APTECHT,EQ,170436,63882,37.48
20,155,APTUS,EQ,2399665,743088,30.97
20,156,ARIES,EQ,45867,16545,36.07
20,157,ARIHANTCAP,EQ,395154,287448,72.74
20,158,ARIHANTSUP,EQ,108813,26780,24.61
20,159,ARISTO,SM,19200,14400,75.00
20,160,ARMANFIN,EQ,6963,3592,51.59
20,161,AROGRANITE,EQ,146934,51491,35.04
20,162,ARTEMISMED,EQ,160109,109837,68.60
20,163,ARVIND,EQ,666769,272973,40.94
20,164,ARVINDFASN,EQ,90517,41469,45.81
20,165,ARVSMART,EQ,301912,148023,49.03
20,166,ASAHIINDIA,EQ,88749,32461,36.58
20,167,ASAHISONG,EQ,8753,3863,44.13
20,168,ASAL,EQ,38424,12574,32.72
20,169,ASALCBR,EQ,242674,92739,38.22
20,170,ASHIANA,EQ,30144,14851,49.27
20,171,ASHIMASYN,EQ,262387,199533,76.05
20,172,ASHOKA,EQ,3549472,972500,27.40
20,173,ASHOKLEY,EQ,5758850,2604610,45.23
20,174,ASIANENE,EQ,37318,19706,52.81
20,175,ASIANPAINT,EQ,516326,314305,60.87
20,176,ASIANTILES,EQ,465324,247037,53.09
20,177,ASLIND,SM,48000,48000,100.00
20,178,ASPINWALL,EQ,72797,18410,25.29
20,179,ASTEC,EQ,4075,2440,59.88
20,180,ASTERDM,EQ,142338,111355,78.23
20,181,ASTRAL,EQ,438394,173547,39.59
20,182,ASTRAMICRO,EQ,292219,102073,34.93
20,183,ASTRAZEN,EQ,11163,3394,30.40
20,184,ASTRON,EQ,237665,147922,62.24
20,185,ATAM,EQ,7399,3728,50.39
20,186,ATFL,EQ,5262,3529,67.07
20,187,ATGL,EQ,509378,329674,64.72
20,188,ATL,EQ,984689,634812,64.47
20,189,ATUL,EQ,18841,5154,27.36
20,190,ATULAUTO,EQ,761844,279973,36.75
20,191,AUBANK,EQ,869637,359578,41.35
20,192,AURDIS,SM,1000,1000,100.00
20,193,AUROIMPEX,SM,84800,65600,77.36
20,194,AUROPHARMA,EQ,1669835,735287,44.03
20,195,AURUM,EQ,27036,19575,72.40
20,196,AURUMPP,E1,11935,11869,99.45
20,197,AUSOMENT,EQ,16040,3556,22.17
20,198,AUTOAXLES,EQ,8031,4930,61.39
20,199,AUTOBEES,EQ,29289,18603,63.52
20,200,AVADHSUGAR,EQ,97958,31609,32.27
20,201,AVALON,EQ,99458,32714,32.89
20,202,AVANTIFEED,EQ,113637,42814,37.68
20,203,AVG,EQ,49739,25684,51.64
20,204,AVROIND,EQ,25877,6401,24.74
20,205,AVTNPL,EQ,253951,163812,64.51
20,206,AWHCL,EQ,140022,65286,46.63
20,207,AWL,EQ,556402,302367,54.34
20,208,AXISBANK,EQ,5158686,2783174,53.95
20,209,AXISBNKETF,EQ,503,376,74.75
20,210,AXISBPSETF,EQ,11704,6881,58.79
20,211,AXISCETF,EQ,516,416,80.62
20,212,AXISGOLD,EQ,6558481,6442984,98.24
20,213,AXISHCETF,EQ,7103,6275,88.34
20,214,AXISILVER,EQ,28257,19500,69.01
20,215,AXISNIFTY,EQ,253919,253283,99.75
20,216,AXISTECETF,EQ,1545,893,57.80
20,217,AXSENSEX,EQ,360,138,38.33
20,218,AYMSYNTEX,EQ,11013,3395,30.83
20,219,BAHETI,SM,13500,13500,100.00
20,220,BAIDFIN,EQ,1713443,419104,24.46
20,221,BAJAJ-AUTO,EQ,257406,137918,53.58
20,222,BAJAJCON,EQ,263152,138222,52.53
20,223,BAJAJFINSV,EQ,964400,546010,56.62
20,224,BAJAJHCARE,EQ,187730,60550,32.25
20,225,BAJAJHIND,EQ,26510806,10347922,39.03
20,226,BAJAJHLDNG,EQ,39279,29851,76.00
20,227,BAJFINANCE,EQ,744110,326754,43.91
20,228,BALAJITELE,EQ,106127,47629,44.88
20,229,BALAMINES,EQ,36991,18055,48.81
20,230,BALAXI,EQ,1910,1387,72.62
20,231,BALKRISHNA,EQ,44380,15362,34.61
20,232,BALKRISIND,EQ,152126,75712,49.77
20,233,BALMLAWRIE,EQ,557766,213962,38.36
20,234,BALPHARMA,EQ,7694,4658,60.54
20,235,BALRAMCHIN,EQ,3197501,1166395,36.48
20,236,BANARBEADS,EQ,9903,2339,23.62
20,237,BANARISUG,EQ,4781,2419,50.60
20,238,BANCOINDIA,EQ,91971,48180,52.39
20,239,BANDHANBNK,EQ,8604430,5462295,63.48
20,240,BANG,EQ,46612,22282,47.80
20,241,BANKA,EQ,11319,6751,59.64
20,242,BANKBARODA,EQ,14556599,4185223,28.75
20,243,BANKBEES,EQ,467178,242127,51.83
20,244,BANKETF,EQ,459,415,90.41
20,245,BANKINDIA,EQ,14479172,4401976,30.40
20,246,BANSWRAS,EQ,65086,42353,65.07
20,247,BARBEQUE,EQ,159447,76324,47.87
20,248,BASF,EQ,32189,7985,24.81
20,249,BASILIC,SM,204000,123600,60.59
20,250,BASML,EQ,52212,32983,63.17
20,251,BATAINDIA,EQ,296962,153948,51.84
20,252,BAYERCROP,EQ,7954,4359,54.80
20,253,BBETF0432,EQ,340,291,85.59
20,254,BBL,EQ,12605,8004,63.50
20,255,BBOX,EQ,197560,59268,30.00
20,256,BBTC,EQ,132643,80507,60.69
20,257,BBTCL,EQ,66358,15419,23.24
20,258,BCG,EQ,49536906,22398687,45.22
20,259,BCLIND,EQ,92482,39829,43.07
20,260,BDL,EQ,413649,146860,35.50
20,261,BECTORFOOD,EQ,65047,35611,54.75
20,262,BEDMUTHA,EQ,473171,207413,43.83
20,263,BEL,EQ,8713378,4947775,56.78
20,264,BEML,EQ,127971,44855,35.05
20,265,BEPL,EQ,332789,169052,50.80
20,266,BERGEPAINT,EQ,1355749,341810,25.21
20,267,BETA,SM,5200,3800,73.08
20,268,BEWLTD,SM,13000,10250,78.85
20,269,BFINVEST,EQ,40826,10843,26.56
20,270,BFSI,EQ,389734,370789,95.14
20,271,BFUTILITIE,EQ,62335,31331,50.26
20,272,BGRENERGY,EQ,443793,211609,47.68
20,273,BHAGCHEM,EQ,1326,736,55.51
20,274,BHAGERIA,EQ,23486,14645,62.36
20,275,BHARATFORG,EQ,808201,468333,57.95
20,276,BHARATGEAR,EQ,40063,25196,62.89
20,277,BHARATRAS,EQ,471,205,43.52
20,278,BHARATWIRE,EQ,319531,154841,48.46
20,279,BHARTIARTL,EQ,4713145,3501226,74.29
20,280,BHEL,EQ,28571024,8881890,31.09
20,281,BIGBLOC,EQ,77362,44346,57.32
20,282,BIKAJI,EQ,227547,111002,48.78
20,283,BIOCON,EQ,1584824,502924,31.73
20,284,BIOFILCHEM,EQ,42085,19299,45.86
20,285,BIRET,RR,67628,52425,77.52
20,286,BIRLACABLE,EQ,437744,164799,37.65
20,287,BIRLACORPN,EQ,70650,23301,32.98
20,288,BIRLAMONEY,EQ,290211,124734,42.98
20,289,BLAL,EQ,61991,36164,58.34
20,290,BLBLIMITED,EQ,59209,40262,68.00
20,291,BLISSGVS,EQ,168159,107388,63.86
20,292,BLKASHYAP,EQ,2215983,1183739,53.42
20,293,BLS,EQ,2476882,853408,34.45
20,294,BLUEDART,EQ,8657,3984,46.02
20,295,BLUESTARCO,EQ,158102,47186,29.85
20,296,BMETRICS,SM,7200,4000,55.56
20,297,BODALCHEM,EQ,1102858,429565,38.95
20,298,BOMDYEING,EQ,2750528,799392,29.06
20,299,BOROLTD,EQ,94315,34479,36.56
20,300,BORORENEW,EQ,3618326,617900,17.08
20,301,BOSCHLTD,EQ,23854,15044,63.07
20,302,BPCL,EQ,2984523,1450117,48.59
20,303,BPL,EQ,145785,79637,54.63
20,304,BRIGADE,EQ,86983,39813,45.77
20,305,BRIGHT,SM,48000,45000,93.75
20,306,BRITANNIA,EQ,358156,224266,62.62
20,307,BRITANNIA,N3,6583,6483,98.48
20,308,BRNL,EQ,77509,37459,48.33
20,309,BSE,EQ,1599935,665734,41.61
20,310,BSHSL,EQ,17103,12232,71.52
20,311,BSLGOLDETF,EQ,543759,534448,98.29
20,312,BSLNIFTY,EQ,84906,56822,66.92
20,313,BSLSENETFG,EQ,328,302,92.07
20,314,BSOFT,EQ,1605406,639659,39.84
20,315,BTML,EQ,24966,10079,40.37
20,316,BURNPUR,EQ,337183,104476,30.98
20,317,BUTTERFLY,EQ,22826,16773,73.48
20,318,BYKE,EQ,57978,40986,70.69
20,319,CADSYS,SM,28000,28000,100.00
20,320,CALSOFT,EQ,10210,6064,59.39
20,321,CAMLINFINE,EQ,579841,345745,59.63
20,322,CAMPUS,EQ,468887,281866,60.11
20,323,CAMS,EQ,98286,55702,56.67
20,324,CANBK,EQ,10680414,3723116,34.86
20,325,CANFINHOME,EQ,785341,407095,51.84
20,326,CANTABIL,EQ,26126,6742,25.81
20,327,CAPACITE,EQ,415661,192206,46.24
20,328,CAPLIPOINT,EQ,101506,35283,34.76
20,329,CAPTRUST,EQ,13414,5959,44.42
20,330,CARBORUNIV,EQ,42316,15859,37.48
20,331,CARERATING,EQ,43319,24517,56.60
20,332,CARTRADE,EQ,73521,33816,46.00
20,333,CARYSIL,EQ,47197,26158,55.42
20,334,CASTROLIND,EQ,1149382,623663,54.26
20,335,CCL,EQ,125126,68792,54.98
20,336,CDSL,EQ,1276163,420771,32.97
20,337,CEATLTD,EQ,48470,21557,44.47
20,338,CELEBRITY,EQ,872947,42506,4.87
20,339,CELLPOINT,SM,15600,13200,84.62
20,340,CENTENKA,EQ,15813,10074,63.71
20,341,CENTRALBK,EQ,39379814,7049289,17.90
20,342,CENTRUM,EQ,145998,116971,80.12
20,343,CENTURYPLY,EQ,37038,22504,60.76
20,344,CENTURYTEX,EQ,1013644,153201,15.11
20,345,CERA,EQ,12428,6524,52.49
20,346,CESC,EQ,1846304,884046,47.88
20,347,CGCL,EQ,191173,54810,28.67
20,348,CGPOWER,EQ,906069,509012,56.18
20,349,CHALET,EQ,209578,139874,66.74
20,350,CHAMBLFERT,EQ,1236589,443117,35.83
20,351,CHAVDA,ST,204000,204000,100.00
20,352,CHEMBOND,EQ,63120,34773,55.09
20,353,CHEMCON,EQ,29952,16173,54.00
20,354,CHEMFAB,EQ,10829,5794,53.50
20,355,CHEMPLASTS,EQ,302870,121668,40.17
20,356,CHENNPETRO,EQ,728109,262641,36.07
20,357,CHEVIOT,EQ,3395,2545,74.96
20,358,CHOICEIN,EQ,459796,53285,11.59
20,359,CHOLAFIN,EQ,791892,349387,44.12
20,360,CHOLAFIN,N2,100,100,100.00
20,361,CHOLAFIN,N6,90,90,100.00
20,362,CHOLAFIN,N7,100,100,100.00
20,363,CHOLAFIN,N8,356,346,97.19
20,364,CHOLAHLDNG,EQ,156065,123076,78.86
20,365,CIEINDIA,EQ,297770,166701,55.98
20,366,CIGNITITEC,EQ,130645,86241,66.01
20,367,CINEVISTA,EQ,32671,10507,32.16
20,368,CIPLA,EQ,2165043,825804,38.14
20,369,CLEAN,EQ,46551,22046,47.36
20,370,CLEDUCATE,BO,2000,2000,100.00
20,371,CLEDUCATE,EQ,29958,14373,47.98
20,372,CLOUD,SM,107000,77000,71.96
20,373,CLSEL,EQ,282191,88265,31.28
20,374,CLSL,SM,172000,134000,77.91
20,375,CMMIPL,ST,3000,3000,100.00
20,376,CMNL,SM,33000,27000,81.82
20,377,CMRSL,SM,1600,1600,100.00
20,378,CMSINFO,EQ,197167,109874,55.73
20,379,COALINDIA,EQ,12805340,3979810,31.08
20,380,COASTCORP,EQ,16332,9958,60.97
20,381,COCHINSHIP,EQ,7672695,776540,10.12
20,382,COFFEEDAY,EQ,1008764,583373,57.83
20,383,COFORGE,EQ,428881,267236,62.31
20,384,COLPAL,EQ,1085533,414570,38.19
20,385,COMPINFO,EQ,69800,41374,59.28
20,386,COMPUSOFT,EQ,39561,26662,67.39
20,387,CONCOR,EQ,1156256,753651,65.18
20,388,CONCORDBIO,EQ,153734,89211,58.03
20,389,CONFIPET,EQ,861571,468627,54.39
20,390,CONSUMBEES,EQ,9395,7134,75.93
20,391,CONTI,SM,16665,13332,80.00
20,392,CONTROLPR,EQ,23361,8617,36.89
20,393,COOLCAPS,SM,27500,23250,84.55
20,394,CORALFINAC,EQ,935903,346106,36.98
20,395,CORDSCABLE,EQ,106658,67269,63.07
20,396,COROMANDEL,EQ,223986,110626,49.39
20,397,COSMOFIRST,EQ,28572,11674,40.86
20,398,COUNCODOS,EQ,21221,15572,73.38
20,399,CPS,SM,8400,7800,92.86
20,400,CPSEETF,EQ,568538,334739,58.88
20,401,CRAFTSMAN,EQ,13474,6249,46.38
20,402,CRAYONS,SM,44000,36000,81.82
20,403,CREATIVE,EQ,13093,9502,72.57
20,404,CREATIVEYE,EQ,2387,2387,100.00
20,405,CREDITACC,EQ,101124,53905,53.31
20,406,CREDITACC,N1,100,100,100.00
20,407,CREDITACC,N5,1,1,100.00
20,408,CREDITACC,N7,13,13,100.00
20,409,CREDITACC,ND,322,322,100.00
20,410,CREST,EQ,13840,10440,75.43
20,411,CRISIL,EQ,9968,5236,52.53
20,412,CROMPTON,EQ,1835209,938308,51.13
20,413,CROWN,EQ,40048,29657,74.05
20,414,CSBBANK,EQ,355786,303070,85.18
20,415,CSLFINANCE,EQ,47558,22524,47.36
20,416,CUB,EQ,3644388,1754990,48.16
20,417,CUBEXTUB,EQ,136067,48840,35.89
20,418,CUMMINSIND,EQ,341810,170576,49.90
20,419,CUPID,EQ,275073,126422,45.96
20,420,CYBERTECH,EQ,90680,50643,55.85
20,421,CYIENT,EQ,1110044,248810,22.41
20,422,CYIENTDLM,EQ,513370,174610,34.01
20,423,DAAWAT,EQ,1073885,297339,27.69
20,424,DABUR,EQ,1375349,977959,71.11
20,425,DALBHARAT,EQ,380255,154318,40.58
20,426,DALMIASUG,EQ,225519,56133,24.89
20,427,DAMODARIND,EQ,20716,11547,55.74
20,428,DANGEE,EQ,684437,372517,54.43
20,429,DATAMATICS,EQ,408939,214359,52.42
20,430,DATAPATTNS,EQ,121647,68536,56.34
20,431,DBCORP,EQ,44524,23811,53.48
20,432,DBL,EQ,203541,62236,30.58
20,433,DBOL,EQ,173811,65646,37.77
20,434,DBREALTY,EQ,1892975,908581,48.00
20,435,DBSTOCKBRO,EQ,7098,4464,62.89
20,436,DCAL,EQ,282037,117617,41.70
20,437,DCBBANK,EQ,685127,325645,47.53
20,438,DCM,EQ,16516,9698,58.72
20,439,DCMFINSERV,EQ,54556,35589,65.23
20,440,DCMNVL,EQ,25701,21237,82.63
20,441,DCMSHRIRAM,EQ,84714,27856,32.88
20,442,DCMSRIND,EQ,368148,268829,73.02
20,443,DCW,EQ,2500269,696441,27.85
20,444,DCXINDIA,EQ,286840,150863,52.59
20,445,DECCANCE,EQ,5536,3131,56.56
20,446,DEEPAKFERT,EQ,828733,298228,35.99
20,447,DEEPAKNTR,EQ,249896,103629,41.47
20,448,DEEPINDS,EQ,263708,203569,77.19
20,449,DELHIVERY,EQ,724186,401406,55.43
20,450,DELPHIFX,EQ,1482,835,56.34
20,451,DELTACORP,EQ,8705458,2355070,27.05
20,452,DEN,EQ,3358929,1404567,41.82
20,453,DENEERS,SM,1200,1200,100.00
20,454,DENORA,EQ,15381,9123,59.31
20,455,DENTALKART,SM,49000,32000,65.31
20,456,DESTINY,SM,72000,66000,91.67
20,457,DEVIT,EQ,20798,18729,90.05
20,458,DEVYANI,EQ,2775085,2047560,73.78
20,459,DGCONTENT,EQ,5885,3399,57.76
20,460,DHAMPURSUG,EQ,542705,144326,26.59
20,461,DHANBANK,EQ,3306158,1685409,50.98
20,462,DHANILOANS,N7,16,8,50.00
20,463,DHANILOANS,N8,213,213,100.00
20,464,DHANILOANS,NF,50,50,100.00
20,465,DHANILOANS,NS,85,85,100.00
20,466,DHANILOANS,Y2,6,6,100.00
20,467,DHANUKA,EQ,36602,21275,58.13
20,468,DHARMAJ,EQ,51574,27321,52.97
20,469,DHRUV,EQ,79116,27657,34.96
20,470,DHUNINV,EQ,1820,759,41.70
20,471,DIAMINESQ,EQ,5870,4181,71.23
20,472,DIAMONDYD,EQ,104304,48361,46.37
20,473,DICIND,EQ,3511,2532,72.12
20,474,DISHTV,EQ,15082775,4853185,32.18
20,475,DIVGIITTS,EQ,115159,46550,40.42
20,476,DIVISLAB,EQ,803962,210265,26.15
20,477,DIVOPPBEES,EQ,16537,14413,87.16
20,478,DIXON,EQ,1306972,329927,25.24
20,479,DJML,EQ,3333,2534,76.03
20,480,DLF,EQ,2184496,684525,31.34
20,481,DLINKINDIA,EQ,75234,32096,42.66
20,482,DMART,EQ,427214,310304,72.63
20,483,DMCC,EQ,5712,3032,53.08
20,484,DNAMEDIA,EQ,51120,35368,69.19
20,485,DODLA,EQ,54621,26226,48.01
20,486,DOLATALGO,EQ,48920,27047,55.29
20,487,DOLLAR,EQ,35412,17694,49.97
20,488,DOLLEX,SM,24000,12000,50.00
20,489,DONEAR,EQ,659347,253566,38.46
20,490,DPABHUSHAN,EQ,12644,11868,93.86
20,491,DPSCLTD,EQ,1491092,640178,42.93
20,492,DPWIRES,EQ,511783,96584,18.87
20,493,DRCSYSTEMS,EQ,81833,57417,70.16
20,494,DREAMFOLKS,EQ,199546,94101,47.16
20,495,DREDGECORP,EQ,69550,30454,43.79
20,496,DRONE,SM,78000,54000,69.23
20,497,DRREDDY,EQ,488778,112784,23.07
20,498,DSPBANKETF,EQ,2762,2570,93.05
20,499,DSPGOLDETF,EQ,4550,706,15.52
20,500,DSPITETF,EQ,12093,9754,80.66
20,501,DSPN50ETF,EQ,654,538,82.26
20,502,DSPNEWETF,EQ,34144,28178,82.53
20,503,DSPPSBKETF,EQ,3160,3067,97.06
20,504,DSPPVBKETF,EQ,47966,41844,87.24
20,505,DSPQ50ETF,EQ,3991,2302,57.68
20,506,DSPSENXETF,EQ,29,16,55.17
20,507,DSPSILVETF,EQ,9271,5563,60.00
20,508,DSSL,EQ,37766,22403,59.32
20,509,DTIL,EQ,11866,5838,49.20
20,510,DUCOL,SM,6400,6400,100.00
20,511,DUGLOBAL,SM,20000,15000,75.00
20,512,DVL,EQ,21894,12145,55.47
20,513,DWARKESH,EQ,3236278,936278,28.93
20,514,DYNAMATECH,EQ,27919,7503,26.87
20,515,DYNAMIC,SM,8000,8000,100.00
20,516,DYNPRO,EQ,15659,6232,39.80
20,517,EASEMYTRIP,EQ,11649168,5105462,43.83
20,518,EBBETF0425,EQ,6655,6497,97.63
20,519,EBBETF0430,EQ,3485,2606,74.78
20,520,EBBETF0431,EQ,12172,11503,94.50
20,521,EBBETF0433,EQ,2451,2350,95.88
20,522,ECLERX,EQ,129057,53796,41.68
20,523,ECLFINANCE,NJ,332,331,99.70
20,524,ECLFINANCE,NK,34,34,100.00
20,525,ECLFINANCE,NO,495,495,100.00
20,526,ECLFINANCE,NP,286,286,100.00
20,527,ECLFINANCE,NR,2916,2915,99.97
20,528,ECLFINANCE,NS,12,11,91.67
20,529,EDELWEISS,EQ,3758133,1756614,46.74
20,530,EICHERMOT,EQ,552573,237968,43.07
20,531,EIDPARRY,EQ,316886,162818,51.38
20,532,EIFFL,EQ,32378,27819,85.92
20,533,EIHAHOTELS,EQ,4989,3300,66.15
20,534,EIHOTEL,EQ,626882,254840,40.65
20,535,EIMCOELECO,EQ,5702,4953,86.86
20,536,EKC,EQ,216215,86632,40.07
20,537,ELDEHSG,EQ,1217,680,55.88
20,538,ELECON,EQ,457488,146696,32.07
20,539,ELECTCAST,EQ,1110699,477000,42.95
20,540,ELGIEQUIP,EQ,312631,130528,41.75
20,541,ELIN,EQ,368997,222283,60.24
20,542,EMAMILTD,EQ,199060,106591,53.55
20,543,EMAMIPAP,EQ,25934,10288,39.67
20,544,EMAMIREAL,EQ,38493,31485,81.79
20,545,EMBASSY,RR,308573,271965,88.14
20,546,EMKAY,EQ,22198,18155,81.79
20,547,EMKAYTOOLS,SM,1200,1200,100.00
20,548,EMMBI,EQ,104462,50076,47.94
20,549,EMSLIMITED,EQ,963254,356895,37.05
20,550,EMUDHRA,EQ,46650,18314,39.26
20,551,ENDURANCE,EQ,12964,7372,56.87
20,552,ENERGYDEV,EQ,148081,89821,60.66
20,553,ENGINERSIN,EQ,2470216,737799,29.87
20,554,ENIL,EQ,53742,23823,44.33
20,555,EPIGRAL,EQ,23372,16368,70.03
20,556,EPL,EQ,485125,269691,55.59
20,557,EQUITASBNK,EQ,9319052,4784666,51.34
20,558,ERFLNCDI,N5,1,1,100.00
20,559,ERIS,EQ,35195,20475,58.18
20,560,EROSMEDIA,EQ,192617,140168,72.77
20,561,ESABINDIA,EQ,2912,1165,40.01
20,562,ESCORTS,EQ,889025,199329,22.42
20,563,ESFL,SM,34800,25200,72.41
20,564,ESG,EQ,13319,11488,86.25
20,565,ESTER,EQ,180329,139944,77.60
20,566,ETHOSLTD,EQ,62437,31314,50.15
20,567,EUROBOND,SM,25000,14000,56.00
20,568,EVEREADY,EQ,735895,614397,83.49
20,569,EVERESTIND,EQ,11347,5839,51.46
20,570,EXCELINDUS,EQ,5997,3930,65.53
20,571,EXIDEIND,EQ,938187,322606,34.39
20,572,EXPLEOSOL,EQ,15231,9289,60.99
20,573,EXXARO,EQ,79891,28331,35.46
20,574,FACT,EQ,448319,115127,25.68
20,575,FAIRCHEMOR,EQ,24816,10154,40.92
20,576,FAZE3Q,EQ,19561,10759,55.00
20,577,FCL,EQ,172526,77657,45.01
20,578,FCSSOFT,EQ,3080123,2663351,86.47
20,579,FDC,EQ,297950,111059,37.27
20,580,FEDERALBNK,EQ,20485056,8638802,42.17
20,581,FELIX,SM,23000,13000,56.52
20,582,FIBERWEB,EQ,114131,37840,33.15
20,583,FIDEL,SM,9000,6000,66.67
20,584,FIEMIND,EQ,17598,9664,54.92
20,585,FILATEX,EQ,362423,199381,55.01
20,586,FINCABLES,EQ,181472,73501,40.50
20,587,FINEORG,EQ,13834,7741,55.96
20,588,FINOPB,EQ,67409,46193,68.53
20,589,FINPIPE,EQ,436690,171147,39.19
20,590,FIVESTAR,EQ,214591,147961,68.95
20,591,FLUOROCHEM,EQ,76792,44275,57.66
20,592,FMGOETZE,EQ,53655,33343,62.14
20,593,FOCE,SM,3000,3000,100.00
20,594,FOCUS,EQ,16332,9087,55.64
20,595,FOODSIN,EQ,3647185,899203,24.65
20,596,FORCEMOT,EQ,48559,24196,49.83
20,597,FORTIS,EQ,846141,525931,62.16
20,598,FOSECOIND,EQ,5125,1563,30.50
20,599,FROG,SM,17600,14000,79.55
20,600,FSL,EQ,1082684,505170,46.66
20,601,FUSION,EQ,149388,83824,56.11
20,602,GABRIEL,EQ,673867,299881,44.50
20,603,GAEL,EQ,2800761,610368,21.79
20,604,GAIL,EQ,6490723,3417835,52.66
20,605,GALAXYSURF,EQ,34264,20653,60.28
20,606,GALLANTT,EQ,51923,27545,53.05
20,607,GANDHITUBE,EQ,10056,6917,68.78
20,608,GANECOS,EQ,41449,22566,54.44
20,609,GANESHBE,EQ,107621,56588,52.58
20,610,GANESHHOUC,EQ,58265,30331,52.06
20,611,GANGESSECU,EQ,7496,3610,48.16
20,612,GARFIBRES,EQ,6077,5333,87.76
20,613,GATEWAY,EQ,451349,253036,56.06
20,614,GATI,EQ,594792,241298,40.57
20,615,GEECEE,EQ,52875,16351,30.92
20,616,GENESYS,EQ,48482,26434,54.52
20,617,GENSOL,EQ,15397,10281,66.77
20,618,GENUSPAPER,EQ,11130434,3816714,34.29
20,619,GENUSPOWER,EQ,229294,156851,68.41
20,620,GEOJITFSL,EQ,505888,281042,55.55
20,621,GEPIL,EQ,294585,158193,53.70
20,622,GESHIP,EQ,2426071,576737,23.77
20,623,GET&D,EQ,341301,195535,57.29
20,624,GFLLIMITED,EQ,147002,75926,51.65
20,625,GHCL,EQ,143094,84093,58.77
20,626,GHCLTEXTIL,EQ,407834,181405,44.48
20,627,GICHSGFIN,EQ,314896,119123,37.83
20,628,GICRE,EQ,365484,160455,43.90
20,629,GILLANDERS,EQ,4072736,651875,16.01
20,630,GILLETTE,EQ,47245,32209,68.17
20,631,GILT5YBEES,EQ,292064,192497,65.91
20,632,GIPCL,EQ,867730,417930,48.16
20,633,GLAND,EQ,164385,62489,38.01
20,634,GLAXO,EQ,42896,21459,50.03
20,635,GLENMARK,EQ,1063498,258629,24.32
20,636,GLFL,EQ,1890,1890,100.00
20,637,GLOBAL,EQ,22162,15835,71.45
20,638,GLOBALPET,SM,24000,21000,87.50
20,639,GLOBE,EQ,12965878,6421117,49.52
20,640,GLOBUSSPR,EQ,200029,109069,54.53
20,641,GLS,EQ,179114,94278,52.64
20,642,GMBREW,EQ,37179,19614,52.76
20,643,GMDCLTD,EQ,6646544,1621737,24.40
20,644,GMMPFAUDLR,EQ,123061,58573,47.60
20,645,GMRINFRA,EQ,5725577,2939991,51.35
20,646,GMRP&UI,EQ,1662390,1662097,99.98
20,647,GNA,EQ,100611,56889,56.54
20,648,GNFC,EQ,390244,145213,37.21
20,649,GOACARBON,EQ,12727,7154,56.21
20,650,GOCLCORP,EQ,43696,26244,60.06
20,651,GOCOLORS,EQ,18674,9459,50.65
20,652,GODFRYPHLP,EQ,55292,23119,41.81
20,653,GODREJAGRO,EQ,51032,28625,56.09
20,654,GODREJCP,EQ,1179180,700591,59.41
20,655,GODREJIND,EQ,49726,18861,37.93
20,656,GODREJPROP,EQ,245141,81866,33.40
20,657,GOKEX,EQ,166326,72664,43.69
20,658,GOKUL,EQ,502097,240380,47.88
20,659,GOKULAGRO,EQ,53328,31779,59.59
20,660,GOLDBEES,EQ,3315836,2468047,74.43
20,661,GOLDETF,EQ,15115,14548,96.25
20,662,GOLDIAM,EQ,234999,164004,69.79
20,663,GOLDSHARE,EQ,23137,18593,80.36
20,664,GOLDSTAR,SM,112500,112500,100.00
20,665,GOODLUCK,EQ,122794,66240,53.94
20,666,GOODYEAR,EQ,7969,4966,62.32
20,667,GPIL,EQ,182859,80813,44.19
20,668,GPPL,EQ,747161,379031,50.73
20,669,GRANULES,EQ,6579578,1913912,29.09
20,670,GRAPHITE,EQ,344088,118574,34.46
20,671,GRASIM,EQ,508577,211164,41.52
20,672,GRAUWEIL,EQ,166656,85171,51.11
20,673,GRAVITA,EQ,3407789,545327,16.00
20,674,GRCL,SM,44000,32000,72.73
20,675,GREAVESCOT,EQ,809580,413974,51.13
20,676,GREENCHEF,SM,80000,64000,80.00
20,677,GREENLAM,EQ,83561,26769,32.04
20,678,GREENPANEL,EQ,164828,78813,47.82
20,679,GREENPLY,EQ,120437,53353,44.30
20,680,GRINDWELL,EQ,32759,20193,61.64
20,681,GRINFRA,EQ,119191,110135,92.40
20,682,GRMOVER,EQ,70011,34202,48.85
20,683,GROBTEA,EQ,3652,2174,59.53
20,684,GRSE,EQ,1425920,267958,18.79
20,685,GRWRHITECH,EQ,37931,28840,76.03
20,686,GSEC10YEAR,EQ,278,275,98.92
20,687,GSFC,EQ,991225,485656,49.00
20,688,GSLSU,EQ,787694,187770,23.84
20,689,GSPL,EQ,639206,453560,70.96
20,690,GSS,EQ,181600,100215,55.18
20,691,GTLINFRA,EQ,15497906,13596950,87.73
20,692,GTPL,EQ,24650,12376,50.21
20,693,GUFICBIO,EQ,100367,51115,50.93
20,694,GUJALKALI,EQ,50910,22110,43.43
20,695,GUJGASLTD,EQ,2053494,1003507,48.87
20,696,GULFOILLUB,EQ,32612,24096,73.89
20,697,GULFPETRO,EQ,404116,217309,53.77
20,698,GULPOLY,EQ,50323,24318,48.32
20,699,GVKPIL,EQ,13263140,6649597,50.14
20,700,HAL,EQ,853470,505102,59.18
20,701,HAPPSTMNDS,EQ,215488,88881,41.25
20,702,HARDWYN,EQ,149512,72038,48.18
20,703,HARIOMPIPE,EQ,29345,14937,50.90
20,704,HARRMALAYA,EQ,306402,77034,25.14
20,705,HARSHA,EQ,41477,19453,46.90
20,706,HATHWAY,EQ,13729105,4614823,33.61
20,707,HATSUN,EQ,10170,4293,42.21
20,708,HAVELLS,EQ,346769,198245,57.17
20,709,HBLPOWER,EQ,780904,302273,38.71
20,710,HBSL,EQ,6425,2523,39.27
20,711,HCC,EQ,71249996,24738989,34.72
20,712,HCG,EQ,569668,220381,38.69
20,713,HCLTECH,EQ,1670373,1112040,66.57
20,714,HDFCAMC,EQ,1115869,680547,60.99
20,715,HDFCBANK,EQ,19669269,13595388,69.12
20,716,HDFCBSE500,EQ,7548,4682,62.03
20,717,HDFCGOLD,EQ,261991,181927,69.44
20,718,HDFCGROWTH,EQ,1199,1009,84.15
20,719,HDFCLIFE,EQ,1452570,856852,58.99
20,720,HDFCLIQUID,EQ,846,835,98.70
20,721,HDFCLOWVOL,EQ,23,22,95.65
20,722,HDFCMID150,EQ,1711,1042,60.90
20,723,HDFCMOMENT,EQ,807,557,69.02
20,724,HDFCNEXT50,EQ,121,111,91.74
20,725,HDFCNIF100,EQ,1060,846,79.81
20,726,HDFCNIFBAN,EQ,198342,195969,98.80
20,727,HDFCNIFIT,EQ,902,585,64.86
20,728,HDFCNIFTY,EQ,47387,30431,64.22
20,729,HDFCPVTBAN,EQ,1768,887,50.17
20,730,HDFCQUAL,EQ,2029,1870,92.16
20,731,HDFCSENSEX,EQ,1575,1033,65.59
20,732,HDFCSILVER,EQ,102470,84326,82.29
20,733,HDFCSML250,EQ,76821,64548,84.02
20,734,HDFCVALUE,EQ,2780,1686,60.65
20,735,HEADSUP,EQ,31360,19501,62.18
20,736,HEALTHY,EQ,127604,51861,40.64
20,737,HECPROJECT,EQ,13243,8238,62.21
20,738,HEG,EQ,99907,37869,37.90
20,739,HEIDELBERG,EQ,271120,135248,49.88
20,740,HEMIPROP,EQ,477501,272066,56.98
20,741,HERANBA,EQ,16963,8039,47.39
20,742,HERCULES,EQ,43029,23814,55.34
20,743,HERITGFOOD,EQ,392156,235198,59.98
20,744,HEROMOTOCO,EQ,222370,95499,42.95
20,745,HESTERBIO,EQ,1889,1129,59.77
20,746,HEUBACHIND,EQ,28977,14085,48.61
20,747,HEXATRADEX,EQ,1336,729,54.57
20,748,HFCL,EQ,32477186,11079151,34.11
20,749,HGINFRA,EQ,54981,24013,43.68
20,750,HGS,EQ,13158,8416,63.96
20,751,HIKAL,EQ,216476,60707,28.04
20,752,HIL,EQ,5607,2876,51.29
20,753,HILTON,EQ,52192,36890,70.68
20,754,HIMATSEIDE,EQ,193417,86284,44.61
20,755,HINDALCO,EQ,5656858,3023066,53.44
20,756,HINDCOMPOS,EQ,11388,4677,41.07
20,757,HINDCOPPER,EQ,10877972,4130148,37.97
20,758,HINDMOTORS,EQ,606916,346488,57.09
20,759,HINDOILEXP,EQ,1028974,721155,70.08
20,760,HINDPETRO,EQ,4054432,1702867,42.00
20,761,HINDUNILVR,EQ,1086791,735704,67.70
20,762,HINDWAREAP,EQ,32959,16542,50.19
20,763,HINDZINC,EQ,199242,123263,61.87
20,764,HITECH,EQ,293047,167383,57.12
20,765,HITECHGEAR,EQ,10886,4926,45.25
20,766,HLEGLAS,EQ,3720719,253606,6.82
20,767,HLVLTD,EQ,981079,296159,30.19
20,768,HMAAGRO,EQ,43655,30178,69.13
20,769,HNDFDS,EQ,74649,39836,53.36
20,770,HNGSNGBEES,EQ,12671,10071,79.48
20,771,HOLMARC,ST,330000,291000,88.18
20,772,HOMEFIRST,EQ,285342,127329,44.62
20,773,HOMESFY,SM,2700,2700,100.00
20,774,HONAUT,EQ,2485,1077,43.34
20,775,HONDAPOWER,EQ,21164,7586,35.84
20,776,HPAL,EQ,71103,15616,21.96
20,777,HPL,EQ,163744,63678,38.89
20,778,HSCL,EQ,1630301,834490,51.19
20,779,HTMEDIA,EQ,852843,305323,35.80
20,780,HUBTOWN,EQ,546946,359200,65.67
20,781,HUDCO,EQ,89176846,11564406,12.97
20,782,HUDCO,N8,1,1,100.00
20,783,HUDCO,ND,50,50,100.00
20,784,HUDCO,NE,8,3,37.50
20,785,HUHTAMAKI,EQ,22942,13915,60.65
20,786,IBMFNIFTY,EQ,158,157,99.37
20,787,IBREALEST,EQ,25439877,6776853,26.64
20,788,IBUCCREDIT,NH,5,5,100.00
20,789,IBUCCREDIT,NM,8,8,100.00
20,790,IBUCCREDIT,NZ,5,5,100.00
20,791,IBULHSGFIN,AC,395,300,75.95
20,792,IBULHSGFIN,AG,5,5,100.00
20,793,IBULHSGFIN,AJ,5,5,100.00
20,794,IBULHSGFIN,AN,22,22,100.00
20,795,IBULHSGFIN,AT,102,61,59.80
20,796,IBULHSGFIN,AW,10,5,50.00
20,797,IBULHSGFIN,EQ,13022173,4824791,37.05
20,798,IBULHSGFIN,N8,12,12,100.00
20,799,IBULHSGFIN,N9,20,20,100.00
20,800,IBULHSGFIN,NA,1672,1672,100.00
20,801,IBULHSGFIN,NE,651,632,97.08
20,802,IBULHSGFIN,NO,250,250,100.00
20,803,IBULHSGFIN,NW,24,24,100.00
20,804,IBULHSGFIN,Y3,10,10,100.00
20,805,IBULHSGFIN,YC,30,30,100.00
20,806,IBULHSGFIN,YG,10,10,100.00
20,807,IBULHSGFIN,YT,5,5,100.00
20,808,IBULHSGFIN,YX,20,20,100.00
20,809,IBULHSGFIN,YZ,5,5,100.00
20,810,IBULHSGFIN,ZB,4,4,100.00
20,811,IBULHSGFIN,ZK,429,300,69.93
20,812,IBULHSGFIN,ZN,40,20,50.00
20,813,IBULHSGFIN,ZP,14,14,100.00
20,814,IBULHSGFIN,ZR,50,50,100.00
20,815,ICEMAKE,EQ,121690,74241,61.01
20,816,ICICI10GS,EQ,118,116,98.31
20,817,ICICI500,EQ,56715,42025,74.10
20,818,ICICI5GSEC,EQ,404,402,99.50
20,819,ICICIALPLV,EQ,30537,17955,58.80
20,820,ICICIAUTO,EQ,7051,3889,55.16
20,821,ICICIB22,EQ,372984,345353,92.59
20,822,ICICIBANK,EQ,15152973,8726495,57.59
20,823,ICICIBANKN,EQ,347046,290661,83.75
20,824,ICICIBANKP,EQ,13693,6682,48.80
20,825,ICICICOMMO,EQ,9673,5996,61.99
20,826,ICICICONSU,EQ,1989,1747,87.83
20,827,ICICIFIN,EQ,16352,9657,59.06
20,828,ICICIFMCG,EQ,9867,7224,73.21
20,829,ICICIGI,EQ,435273,260121,59.76
20,830,ICICIGOLD,EQ,220251,200418,91.00
20,831,ICICIINFRA,EQ,3804,2804,73.71
20,832,ICICILIQ,EQ,177395,136124,76.73
20,833,ICICILOVOL,EQ,170111,166070,97.62
20,834,ICICIM150,EQ,12507,7249,57.96
20,835,ICICIMCAP,EQ,10450,8587,82.17
20,836,ICICIMOM30,EQ,60799,39603,65.14
20,837,ICICINF100,EQ,3456,1966,56.89
20,838,ICICINIFTY,EQ,124127,102107,82.26
20,839,ICICINV20,EQ,25490,20036,78.60
20,840,ICICINXT50,EQ,24536,14224,57.97
20,841,ICICIPHARM,EQ,11315,7008,61.94
20,842,ICICIPRULI,EQ,953762,587643,61.61
20,843,ICICIQTY30,EQ,251,250,99.60
20,844,ICICISENSX,EQ,980,862,87.96
20,845,ICICISILVE,EQ,149147,132424,88.79
20,846,ICICITECH,EQ,221046,158688,71.79
20,847,ICIL,EQ,189856,88992,46.87
20,848,ICRA,EQ,3346,2486,74.30
20,849,IDBI,EQ,11394213,3980523,34.93
20,850,IDEA,EQ,354689878,83033158,23.41
20,851,IDEAFORGE,EQ,231152,137914,59.66
20,852,IDFC,EQ,8705390,3820831,43.89
20,853,IDFCFIRSTB,EQ,33615116,14441826,42.96
20,854,IDFNIFTYET,EQ,104,99,95.19
20,855,IEX,EQ,3605330,1478900,41.02
20,856,IFBAGRO,EQ,8888,3777,42.50
20,857,IFBIND,EQ,14381,7421,51.60
20,858,IFCI,EQ,170296261,36955388,21.70
20,859,IFCI,NH,125,125,100.00
20,860,IFCI,NI,50,50,100.00
20,861,IFCI,NM,45,45,100.00
20,862,IFGLEXPOR,EQ,18340,10614,57.87
20,863,IGARASHI,EQ,53258,16974,31.87
20,864,IGL,EQ,506232,263673,52.09
20,865,IGPL,EQ,38386,18983,49.45
20,866,IIFCL,N2,100,100,100.00
20,867,IIFL,EQ,550412,378254,68.72
20,868,IIFL,N6,11,11,100.00
20,869,IIFL,NC,5,5,100.00
20,870,IIFL,NE,97,97,100.00
20,871,IIFL,NF,1330,1315,98.87
20,872,IIFL,NH,374,374,100.00
20,873,IIFL,NI,310,310,100.00
20,874,IIFL,NK,15,15,100.00
20,875,IIFL,NL,807,553,68.53
20,876,IIFL,NM,200,100,50.00
20,877,IIFL,NP,505,505,100.00
20,878,IIFL,NS,950,950,100.00
20,879,IIFL,NU,50,25,50.00
20,880,IIFL,NV,130,130,100.00
20,881,IIFL,NX,57,57,100.00
20,882,IIFLSEC,EQ,5016383,1721679,34.32
20,883,IIHFL,N4,49,44,89.80
20,884,IIHFL,N5,4071,4071,100.00
20,885,IIHFL,N8,972,972,100.00
20,886,IIHFL,NC,106,106,100.00
20,887,IKIO,EQ,89425,48351,54.07
20,888,IMAGICAA,EQ,1018961,517605,50.80
20,889,IMC1,N0,131,131,100.00
20,890,IMFA,EQ,235114,86462,36.77
20,891,IMPAL,EQ,2113,1703,80.60
20,892,INCREDFIN,N3,10,10,100.00
20,893,INCREDFIN,N4,1,1,100.00
20,894,INCREDIBLE,EQ,10808,7015,64.91
20,895,INDHOTEL,EQ,2458909,1289006,52.42
20,896,INDIACEM,EQ,3091644,1032769,33.41
20,897,INDIAGLYCO,EQ,36919,19579,53.03
20,898,INDIAMART,EQ,150470,45215,30.05
20,899,INDIANB,EQ,4714312,1376112,29.19
20,900,INDIANCARD,EQ,8854,5826,65.80
20,901,INDIANHUME,EQ,21632,14941,69.07
20,902,INDIGO,EQ,849017,645689,76.05
20,903,INDIGOPNTS,EQ,38907,22869,58.78
20,904,INDIGRID,IV,179135,167591,93.56
20,905,INDIGRID,NF,13,13,100.00
20,906,INDIGRID,NH,32,32,100.00
20,907,INDIGRID,NJ,1,1,100.00
20,908,INDNIPPON,EQ,24440,13847,56.66
20,909,INDOAMIN,EQ,66389,35572,53.58
20,910,INDOCO,EQ,206958,183653,88.74
20,911,INDORAMA,EQ,136931,81086,59.22
20,912,INDSWFTLAB,EQ,128892,72055,55.90
20,913,INDTERRAIN,EQ,129721,80851,62.33
20,914,INDUSINDBK,EQ,3697690,2646857,71.58
20,915,INDUSTOWER,EQ,10950417,4920039,44.93
20,916,INFIBEAM,EQ,73902661,20088112,27.18
20,917,INFINIUM,SM,4000,4000,100.00
20,918,INFOBEAN,EQ,9496,5199,54.75
20,919,INFOMEDIA,EQ,107731,86631,80.41
20,920,INFRABEES,EQ,4644,4449,95.80
20,921,INFY,EQ,3863586,2338942,60.54
20,922,INGERRAND,EQ,8895,3781,42.51
20,923,INNOVANA,SM,5600,5200,92.86
20,924,INNOVATIVE,SM,144000,144000,100.00
20,925,INOXGREEN,EQ,616018,255369,41.45
20,926,INOXWIND,EQ,401505,228705,56.96
20,927,INSECTICID,EQ,39082,25443,65.10
20,928,INTELLECT,EQ,163774,65685,40.11
20,929,INTENTECH,EQ,91740,49517,53.98
20,930,INTLCONV,EQ,258978,135040,52.14
20,931,INVENTURE,EQ,10967626,4936836,45.01
20,932,IOB,EQ,61745352,7165466,11.60
20,933,IOC,EQ,17576586,8806198,50.10
20,934,IOLCP,EQ,532863,192623,36.15
20,935,IONEXCHANG,EQ,79646,48346,60.70
20,936,IPCALAB,EQ,694015,248930,35.87
20,937,IPL,EQ,850750,394797,46.41
20,938,IRB,EQ,12554444,5549949,44.21
20,939,IRBINVIT,IV,163262,119299,73.07
20,940,IRCON,EQ,6959948,1858116,26.70
20,941,IRCTC,EQ,1155826,410091,35.48
20,942,IREDA,N4,92,92,100.00
20,943,IRFC,EQ,31966561,9370306,29.31
20,944,IRFC,N2,195,190,97.44
20,945,IRFC,N4,2050,2050,100.00
20,946,IRFC,N9,4012,4012,100.00
20,947,IRFC,NA,1190,840,70.59
20,948,IRFC,NE,903,903,100.00
20,949,IRFC,NJ,1925,1535,79.74
20,950,IRFC,NN,5,5,100.00
20,951,IRFC,NO,802,800,99.75
20,952,IRISDOREME,EQ,44640,12512,28.03
20,953,ISEC,EQ,341242,206470,60.51
20,954,ISFT,EQ,22561,11959,53.01
20,955,ISGEC,EQ,63910,27117,42.43
20,956,ISHAN,SM,4800,4800,100.00
20,957,ISMTLTD,EQ,99370,44882,45.17
20,958,ITBEES,EQ,2185038,1268541,58.06
20,959,ITC,EQ,10490786,6704583,63.91
20,960,ITDC,EQ,35335,14008,39.64
20,961,ITDCEM,EQ,946074,486621,51.44
20,962,ITI,EQ,12682788,2037894,16.07
20,963,IVP,EQ,11570,8261,71.40
20,964,IVZINGOLD,EQ,134,110,82.09
20,965,IWEL,EQ,2798,2132,76.20
20,966,JAGRAN,EQ,98580,53589,54.36
20,967,JAGSNPHARM,EQ,28666,10861,37.89
20,968,JAICORPLTD,EQ,1520426,394320,25.93
20,969,JAIPURKURT,EQ,108069,41101,38.03
20,970,JALAN,SM,57000,51000,89.47
20,971,JAMNAAUTO,EQ,689486,305944,44.37
20,972,JASH,EQ,3721,2642,71.00
20,973,JAYAGROGN,EQ,8329,4382,52.61
20,974,JAYBARMARU,EQ,6922,4623,66.79
20,975,JAYNECOIND,EQ,245281,206449,84.17
20,976,JAYSREETEA,EQ,1086376,302835,27.88
20,977,JBCHEPHARM,EQ,68407,42928,62.75
20,978,JCHAC,EQ,23100,15149,65.58
20,979,JETKNIT,SM,1500,1500,100.00
20,980,JINDALPHOT,EQ,75497,32714,43.33
20,981,JINDALPOLY,EQ,33415,16568,49.58
20,982,JINDALSAW,EQ,390349,228849,58.63
20,983,JINDALSTEL,EQ,1491241,543470,36.44
20,984,JINDRILL,EQ,106360,41453,38.97
20,985,JINDWORLD,EQ,1178366,416212,35.32
20,986,JIOFIN,EQ,10984321,8568940,78.01
20,987,JISLJALEQS,EQ,2502057,1090053,43.57
20,988,JIWANRAM,ST,24000,24000,100.00
20,989,J&KBANK,EQ,4450454,1207890,27.14
20,990,JKCEMENT,EQ,84599,48362,57.17
20,991,JKIL,EQ,355359,207642,58.43
20,992,JKLAKSHMI,EQ,217720,172665,79.31
20,993,JKPAPER,EQ,597718,314816,52.67
20,994,JKTYRE,EQ,889680,269129,30.25
20,995,JLHL,EQ,248053,66975,27.00
20,996,JMA,EQ,14264,4843,33.95
20,997,JMFINANCIL,EQ,2414069,1007336,41.73
20,998,JOCIL,EQ,13996,8470,60.52
20,999,JPASSOCIAT,EQ,18126822,6448211,35.57
20,1000,JPOLYINVST,EQ,13465,7387,54.86
20,1001,JPPOWER,EQ,121965186,25305128,20.75
20,1002,JSL,EQ,816795,479748,58.74
20,1003,JSLL,SM,3500,2500,71.43
20,1004,JSWENERGY,EQ,5638981,2311674,40.99
20,1005,JSWHL,EQ,41026,40504,98.73
20,1006,JSWSTEEL,EQ,2612372,1510690,57.83
20,1007,JTEKTINDIA,EQ,474710,421098,88.71
20,1008,JTLIND,EQ,1071034,456169,42.59
20,1009,JUBLFOOD,EQ,5143120,2771931,53.90
20,1010,JUBLINDS,EQ,24048,12332,51.28
20,1011,JUBLINGREA,EQ,132744,65270,49.17
20,1012,JUBLPHARMA,EQ,47761,18536,38.81
20,1013,JUNIORBEES,EQ,98302,61139,62.20
20,1014,JUSTDIAL,EQ,39452,13627,34.54
20,1015,JWL,EQ,536889,337596,62.88
20,1016,JYOTHYLAB,EQ,737404,378046,51.27
20,1017,KABRAEXTRU,EQ,33849,19565,57.80
20,1018,KAJARIACER,EQ,52094,27776,53.32
20,1019,KAKATCEM,EQ,10040,6364,63.39
20,1020,KALAMANDIR,EQ,33760453,24281099,71.92
20,1021,KALYANKJIL,EQ,5748219,2703556,47.03
20,1022,KAMATHOTEL,EQ,8175,6062,74.15
20,1023,KAMDHENU,EQ,20207,10786,53.38
20,1024,KANANIIND,EQ,131233,102738,78.29
20,1025,KANDARP,SM,8000,4000,50.00
20,1026,KANORICHEM,EQ,127157,60906,47.90
20,1027,KANPRPLA,EQ,25962,17289,66.59
20,1028,KANSAINER,EQ,319436,247041,77.34
20,1029,KAPSTON,EQ,9863,7635,77.41
20,1030,KARURVYSYA,EQ,1546426,1041972,67.38
20,1031,KAUSHALYA,EQ,341654,192178,56.25
20,1032,KAYA,EQ,7889,6151,77.97
20,1033,KAYNES,EQ,122661,56354,45.94
20,1034,KCP,EQ,431050,251595,58.37
20,1035,KCPSUGIND,EQ,665264,204368,30.72
20,1036,KDDL,EQ,17301,11041,63.82
20,1037,KDL,SM,12800,11200,87.50
20,1038,KEC,EQ,208191,99759,47.92
20,1039,KECL,EQ,110240,79413,72.04
20,1040,KEI,EQ,423911,152335,35.94
20,1041,KEL,ST,202800,198000,97.63
20,1042,KELLTONTEC,EQ,451944,173776,38.45
20,1043,KENNAMET,EQ,54570,19676,36.06
20,1044,KEYFINSERV,EQ,11760,2964,25.20
20,1045,KFINTECH,EQ,106368,44189,41.54
20,1046,KHADIM,EQ,153344,38283,24.97
20,1047,KHAICHEM,EQ,103222,50387,48.81
20,1048,KICL,EQ,1742,954,54.76
20,1049,KIMS,EQ,36124,22009,60.93
20,1050,KINGFA,EQ,3006,1610,53.56
20,1051,KIOCL,EQ,603719,119981,19.87
20,1052,KIRIINDUS,EQ,77303,36227,46.86
20,1053,KIRLFER,EQ,199433,152072,76.25
20,1054,KIRLOSBROS,EQ,135007,104600,77.48
20,1055,KIRLOSENG,EQ,478426,204087,42.66
20,1056,KIRLOSIND,EQ,722,443,61.36
20,1057,KIRLPNU,EQ,26415,13852,52.44
20,1058,KITEX,EQ,146908,69988,47.64
20,1059,KKCL,EQ,36133,20706,57.30
20,1060,KMSUGAR,EQ,1084967,297036,27.38
20,1061,KNAGRI,SM,6400,4800,75.00
20,1062,KNRCON,EQ,1024299,579914,56.62
20,1063,KODYTECH,ST,1024000,1021600,99.77
20,1064,KOHINOOR,EQ,64303,38306,59.57
20,1065,KOLTEPATIL,EQ,175950,68717,39.05
20,1066,KOPRAN,EQ,356911,229652,64.34
20,1067,KORE,SM,6000,6000,100.00
20,1068,KOTAKALPHA,EQ,106619,76395,71.65
20,1069,KOTAKBANK,EQ,3004206,1972653,65.66
20,1070,KOTAKBKETF,EQ,3405,2368,69.54
20,1071,KOTAKCONS,EQ,252,42,16.67
20,1072,KOTAKGOLD,EQ,276726,262450,94.84
20,1073,KOTAKIT,EQ,59949,27898,46.54
20,1074,KOTAKLIQ,EQ,5,5,100.00
20,1075,KOTAKLOVOL,EQ,4438,3891,87.67
20,1076,KOTAKMID50,EQ,34056,27427,80.54
20,1077,KOTAKMNC,EQ,2368,1489,62.88
20,1078,KOTAKNIFTY,EQ,53693,39068,72.76
20,1079,KOTAKNV20,EQ,7800,4610,59.10
20,1080,KOTAKPSUBK,EQ,27003,13710,50.77
20,1081,KOTAKSILVE,EQ,13874,12073,87.02
20,1082,KOTHARIPET,EQ,106844,46658,43.67
20,1083,KOTHARIPRO,EQ,4802,2428,50.56
20,1084,KOTYARK,SM,55800,35600,63.80
20,1085,KOVAI,EQ,4133,3075,74.40
20,1086,KPIGREEN,EQ,49772,28217,56.69
20,1087,KPIL,EQ,48811,26812,54.93
20,1088,KPITTECH,EQ,1051809,330924,31.46
20,1089,KPRMILL,EQ,226733,114755,50.61
20,1090,KRBL,EQ,227163,93502,41.16
20,1091,KRISHANA,EQ,226338,152470,67.36
20,1092,KRISHCA,SM,96000,66000,68.75
20,1093,KRISHNADEF,SM,24000,19000,79.17
20,1094,KRITI,EQ,39984,22409,56.04
20,1095,KRSNAA,EQ,65014,39637,60.97
20,1096,KSB,EQ,126338,21670,17.15
20,1097,KSCL,EQ,80476,36282,45.08
20,1098,KSL,EQ,71100,36525,51.37
20,1099,KTKBANK,EQ,1892323,613865,32.44
20,1100,KUANTUM,EQ,95580,50684,53.03
20,1101,LALPATHLAB,EQ,293685,132312,45.05
20,1102,LAMBODHARA,EQ,11306,6729,59.52
20,1103,LANDMARK,EQ,50721,25479,50.23
20,1104,LAOPALA,EQ,48724,22142,45.44
20,1105,LATENTVIEW,EQ,286945,124728,43.47
20,1106,LAURUSLABS,EQ,1531447,460783,30.09
20,1107,LAXMICOT,EQ,20810,10437,50.15
20,1108,LAXMIMACH,EQ,1263,656,51.94
20,1109,LEMERITE,SM,8000,3200,40.00
20,1110,LEMONTREE,EQ,6694799,2534602,37.86
20,1111,LFIC,EQ,11746,7055,60.06
20,1112,LGBBROSLTD,EQ,20532,10136,49.37
20,1113,LGBFORGE,EQ,98782,63005,63.78
20,1114,LGHL,SM,8000,8000,100.00
20,1115,LIBAS,EQ,50841,38521,75.77
20,1116,LIBERTSHOE,EQ,50231,15560,30.98
20,1117,LICHSGFIN,EQ,1394046,597939,42.89
20,1118,LICI,EQ,531459,289585,54.49
20,1119,LICMFGOLD,EQ,387,338,87.34
20,1120,LICNETFGSC,EQ,24023,14740,61.36
20,1121,LICNETFN50,EQ,1217,1051,86.36
20,1122,LICNETFSEN,EQ,68,45,66.18
20,1123,LICNFNHGP,EQ,93,66,70.97
20,1124,LIKHITHA,EQ,231525,102927,44.46
20,1125,LINC,EQ,63459,36645,57.75
20,1126,LINCOLN,EQ,30691,15583,50.77
20,1127,LINDEINDIA,EQ,55087,32915,59.75
20,1128,LIQUID,EQ,140998,107200,76.03
20,1129,LIQUIDBEES,EQ,2369184,1742071,73.53
20,1130,LIQUIDETF,EQ,255370,172050,67.37
20,1131,LLOYDS,SM,6000,6000,100.00
20,1132,LLOYDSME,EQ,45514,32848,72.17
20,1133,LODHA,EQ,2018797,1086271,53.81
20,1134,LOKESHMACH,EQ,112107,66524,59.34
20,1135,LORDSCHLO,EQ,8683,5920,68.18
20,1136,LOVABLE,EQ,25107,13425,53.47
20,1137,LOWVOL,EQ,84,80,95.24
20,1138,LOYALTEX,EQ,422,252,59.72
20,1139,LPDC,EQ,150098,103470,68.93
20,1140,LRRPL,SM,18000,18000,100.00
20,1141,LT,EQ,2903693,1592092,54.83
20,1142,L&TFH,EQ,6780793,3309172,48.80
20,1143,L&TFINANCE,NC,4,2,50.00
20,1144,L&TFINANCE,NE,279,274,98.21
20,1145,L&TFINANCE,NG,112,112,100.00
20,1146,L&TFINANCE,NI,51,51,100.00
20,1147,L&TFINANCE,NQ,35,35,100.00
20,1148,L&TFINANCE,NS,50,50,100.00
20,1149,L&TFINANCE,NW,9,9,100.00
20,1150,L&TFINANCE,Y5,10,10,100.00
20,1151,L&TFINANCE,Y7,269,269,100.00
20,1152,L&TFINANCE,Y9,402,400,99.50
20,1153,LTGILTBEES,EQ,715124,690553,96.56
20,1154,LTIM,EQ,320128,166363,51.97
20,1155,LTTS,EQ,110072,32120,29.18
20,1156,LUMAXIND,EQ,8953,4111,45.92
20,1157,LUMAXTECH,EQ,54613,23797,43.57
20,1158,LUPIN,EQ,983157,376651,38.31
20,1159,LUXIND,EQ,46674,28604,61.28
20,1160,LXCHEM,EQ,279066,122278,43.82
20,1161,LYKALABS,EQ,39572,25402,64.19
20,1162,MACPOWER,EQ,7713,5188,67.26
20,1163,MADHAV,EQ,67611,30598,45.26
20,1164,MADHUSUDAN,ST,62000,62000,100.00
20,1165,MADRASFERT,EQ,342544,107829,31.48
20,1166,MAFANG,EQ,937038,664952,70.96
20,1167,MAGADSUGAR,EQ,21997,9687,44.04
20,1168,MAGSON,SM,28000,28000,100.00
20,1169,MAHABANK,EQ,41319578,10715154,25.93
20,1170,MAHAPEXLTD,EQ,8376,5666,67.65
20,1171,MAHASTEEL,EQ,176656,112200,63.51
20,1172,MAHEPC,EQ,46536,25222,54.20
20,1173,MAHESHWARI,EQ,1976643,587671,29.73
20,1174,MAHICKRA,SM,9000,6000,66.67
20,1175,MAHKTECH,EQ,2761497,2087425,75.59
20,1176,MAHLIFE,EQ,288798,196760,68.13
20,1177,MAHLOG,EQ,87987,47647,54.15
20,1178,MAHSCOOTER,EQ,12700,5988,47.15
20,1179,MAHSEAMLES,EQ,505551,259623,51.35
20,1180,MAITHANALL,EQ,26221,10214,38.95
20,1181,MAKEINDIA,EQ,3942,3441,87.29
20,1182,MALLCOM,EQ,11488,6618,57.61
20,1183,MALUPAPER,EQ,103557,50620,48.88
20,1184,MANAKALUCO,EQ,84951,46118,54.29
20,1185,MANAKSIA,EQ,57947,30174,52.07
20,1186,MANAKSTEEL,EQ,110924,73475,66.24
20,1187,MANALIPETC,EQ,277470,167701,60.44
20,1188,MANAPPURAM,EQ,26304878,10860265,41.29
20,1189,MANGALAM,EQ,69585,27660,39.75
20,1190,MANGCHEFER,EQ,318924,156594,49.10
20,1191,MANGLMCEM,EQ,59887,42956,71.73
20,1192,MANINDS,EQ,871467,313753,36.00
20,1193,MANINFRA,EQ,5721722,1661419,29.04
20,1194,MANKIND,EQ,54955,30574,55.63
20,1195,MANOMAY,EQ,1708,893,52.28
20,1196,MANORAMA,EQ,14707,11509,78.26
20,1197,MANORG,EQ,3717,2584,69.52
20,1198,MANYAVAR,EQ,61115,28158,46.07
20,1199,MAPMYINDIA,EQ,685374,159122,23.22
20,1200,MARALOVER,EQ,35207,19268,54.73
20,1201,MARATHON,EQ,38438,18260,47.51
20,1202,MARICO,EQ,1095220,724820,66.18
20,1203,MARKSANS,EQ,1364667,659038,48.29
20,1204,MARSHALL,EQ,193901,144908,74.73
20,1205,MARUTI,EQ,458359,280572,61.21
20,1206,MASFIN,EQ,69719,42534,61.01
20,1207,MASPTOP50,EQ,174343,157533,90.36
20,1208,MASTEK,EQ,39540,17263,43.66
20,1209,MATRIMONY,EQ,8143,4713,57.88
20,1210,MAWANASUG,EQ,201725,59691,29.59
20,1211,MAXHEALTH,EQ,927353,537341,57.94
20,1212,MAXIND,EQ,74018,38736,52.33
20,1213,MAYURUNIQ,EQ,52361,24705,47.18
20,1214,MAZDA,EQ,2072,1199,57.87
20,1215,MAZDOCK,EQ,1385854,260186,18.77
20,1216,MBAPL,EQ,5987,4260,71.15
20,1217,MCDOWELL-N,EQ,477461,243401,50.98
20,1218,MCON,SM,9000,6000,66.67
20,1219,MCX,EQ,1162155,195569,16.83
20,1220,MDL,SM,12000,12000,100.00
20,1221,MEDANTA,EQ,96335,57831,60.03
20,1222,MEDICAMEQ,EQ,2210,1323,59.86
20,1223,MEDICO,EQ,493030,245462,49.79
20,1224,MEDPLUS,EQ,103469,56327,54.44
20,1225,MEGAFLEX,SM,9000,9000,100.00
20,1226,MEGASTAR,EQ,9546,4507,47.21
20,1227,MENONBE,EQ,58650,32739,55.82
20,1228,MEP,EQ,965491,675410,69.96
20,1229,METROBRAND,EQ,200067,111343,55.65
20,1230,METROPOLIS,EQ,208865,81856,39.19
20,1231,MFSL,EQ,1097268,925469,84.34
20,1232,MGL,EQ,255915,103572,40.47
20,1233,MHHL,SM,12000,12000,100.00
20,1234,MHRIL,EQ,157414,74255,47.17
20,1235,MID150BEES,EQ,143512,82405,57.42
20,1236,MIDCAPETF,EQ,226984,182896,80.58
20,1237,MIDHANI,EQ,392115,120092,30.63
20,1238,MINDACORP,EQ,393270,257154,65.39
20,1239,MINDSPACE,RR,103493,86529,83.61
20,1240,MINDTECK,EQ,20737,12256,59.10
20,1241,MIRZAINT,EQ,211209,131495,62.26
20,1242,MITCON,EQ,65671,53929,82.12
20,1243,MKPL,EQ,50636,40981,80.93
20,1244,M&M,EQ,1991198,1452014,72.92
20,1245,M&MFIN,EQ,7873948,4264641,54.16
20,1246,M&MFIN,N2,1,1,100.00
20,1247,M&MFIN,N3,50,50,100.00
20,1248,MMFL,EQ,35308,17992,50.96
20,1249,MMTC,EQ,2057373,864728,42.03
20,1250,MOGSEC,EQ,9043,2247,24.85
20,1251,MOHEALTH,EQ,11973,7006,58.51
20,1252,MOHITIND,EQ,1878577,497596,26.49
20,1253,MOIL,EQ,395961,143067,36.13
20,1254,MOL,EQ,1328476,669240,50.38
20,1255,MOLDTECH,EQ,52113,25735,49.38
20,1256,MOLDTKPAC,EQ,46231,25749,55.70
20,1257,MOLOWVOL,EQ,1577,790,50.10
20,1258,MOM100,EQ,161820,76526,47.29
20,1259,MOM50,EQ,569,171,30.05
20,1260,MOMENTUM,EQ,54100,45213,83.57
20,1261,MOMOMENTUM,EQ,20326,18244,89.76
20,1262,MON100,EQ,291090,181145,62.23
20,1263,MONARCH,EQ,197194,131367,66.62
20,1264,MONOPHARMA,SM,112000,100000,89.29
20,1265,MONQ50,EQ,7490,3409,45.51
20,1266,MONTECARLO,EQ,14764,6972,47.22
20,1267,MOQUALITY,EQ,533,520,97.56
20,1268,MORARJEE,EQ,13731,9614,70.02
20,1269,MOREPENLAB,EQ,2910671,930262,31.96
20,1270,MOS,SM,147200,110400,75.00
20,1271,MOTHERSON,EQ,12084322,8133074,67.30
20,1272,MOTILALOFS,EQ,180270,90189,50.03
20,1273,MOVALUE,EQ,3261,2496,76.54
20,1274,MPHASIS,EQ,217869,80323,36.87
20,1275,MPSLTD,EQ,14530,6534,44.97
20,1276,MRF,EQ,2909,782,26.88
20,1277,MRO-TEK,EQ,56280,24970,44.37
20,1278,MRPL,EQ,2020059,716331,35.46
20,1279,MSTCLTD,EQ,88055,45794,52.01
20,1280,MSUMI,EQ,3571991,1914904,53.61
20,1281,MTARTECH,EQ,468649,96318,20.55
20,1282,MTNL,EQ,14399013,3725841,25.88
20,1283,MUKANDLTD,EQ,139611,86555,62.00
20,1284,MUKTAARTS,EQ,16825,11031,65.56
20,1285,MUNJALAU,EQ,80784,37569,46.51
20,1286,MUNJALSHOW,EQ,29278,17544,59.92
20,1287,MURUDCERA,EQ,371206,193794,52.21
20,1288,MUTHOOTCAP,EQ,337166,119239,35.37
20,1289,MUTHOOTFIN,EQ,495402,182938,36.93
20,1290,MWL,SM,1200,1200,100.00
20,1291,NABARD,N2,90,90,100.00
20,1292,NACLIND,EQ,86281,43972,50.96
20,1293,NAGAFERT,EQ,655205,441874,67.44
20,1294,NAGREEKEXP,EQ,55201,19897,36.04
20,1295,NAHARCAP,EQ,4268,2478,58.06
20,1296,NAHARINDUS,EQ,107948,48962,45.36
20,1297,NAHARPOLY,EQ,15951,7507,47.06
20,1298,NAHARSPING,EQ,19284,7717,40.02
20,1299,NAM-INDIA,EQ,532327,352095,66.14
20,1300,NARMADA,EQ,10937,6777,61.96
20,1301,NATCOPHARM,EQ,347269,200010,57.60
20,1302,NATHBIOGEN,EQ,32697,17601,53.83
20,1303,NATIONALUM,EQ,4134796,1167273,28.23
20,1304,NAUKRI,EQ,204508,97216,47.54
20,1305,NAVA,EQ,658082,245709,37.34
20,1306,NAVIFIN,N1,450,440,97.78
20,1307,NAVIFIN,N3,65,65,100.00
20,1308,NAVIFIN,N5,24,24,100.00
20,1309,NAVIFIN,N7,263,263,100.00
20,1310,NAVIFIN,N8,10,10,100.00
20,1311,NAVINFLUOR,EQ,71124,42386,59.59
20,1312,NAVINIFTY,EQ,4700,3535,75.21
20,1313,NAVKARCORP,EQ,379715,215324,56.71
20,1314,NAVNETEDUL,EQ,94842,57325,60.44
20,1315,NAZARA,EQ,360019,130241,36.18
20,1316,NBCC,EQ,18883428,4683537,24.80
20,1317,NBIFIN,EQ,10,7,70.00
20,1318,NCC,EQ,9169862,2887736,31.49
20,1319,NCLIND,EQ,286560,129264,45.11
20,1320,NDGL,EQ,114,80,70.18
20,1321,NDL,EQ,116815,91118,78.00
20,1322,NDTV,EQ,181717,82945,45.65
20,1323,NECCLTD,EQ,685491,389031,56.75
20,1324,NECCLTDPP,E1,127880,127046,99.35
20,1325,NECLIFE,EQ,219842,133747,60.84
20,1326,NELCAST,EQ,646398,245716,38.01
20,1327,NELCO,EQ,39842,16407,41.18
20,1328,NEOGEN,EQ,27911,16140,57.83
20,1329,NESCO,EQ,63596,31844,50.07
20,1330,NESTLEIND,EQ,41653,20661,49.60
20,1331,NETF,EQ,4150,2933,70.67
20,1332,NETWEB,EQ,127099,49919,39.28
20,1333,NETWORK18,EQ,1570644,933495,59.43
20,1334,NEULANDLAB,EQ,7847,4287,54.63
20,1335,NEWGEN,EQ,432181,253534,58.66
20,1336,NEXT50,EQ,401,239,59.60
20,1337,NEXTMEDIA,EQ,42266,34045,80.55
20,1338,NFL,EQ,2372456,1176316,49.58
20,1339,NGLFINE,EQ,2461,1135,46.12
20,1340,NH,EQ,360905,243044,67.34
20,1341,NHAI,N2,1316,1316,100.00
20,1342,NHAI,N3,5,5,100.00
20,1343,NHAI,N4,585,565,96.58
20,1344,NHAI,N6,4335,3548,81.85
20,1345,NHAI,N8,1,1,100.00
20,1346,NHAI,NA,804,802,99.75
20,1347,NHAI,NC,40,40,100.00
20,1348,NHAI,ND,2015,2000,99.26
20,1349,NHAI,NE,133,133,100.00
20,1350,NHBTF2014,N5,30,30,100.00
20,1351,NHBTF2014,N6,731,721,98.63
20,1352,NHIT,N1,6218,6059,97.44
20,1353,NHIT,N2,362,362,100.00
20,1354,NHIT,N3,35,35,100.00
20,1355,NHPC,EQ,30241826,16302723,53.91
20,1356,NHPC,N5,600,600,100.00
20,1357,NIACL,EQ,686691,203374,29.62
20,1358,NIDAN,SM,14000,11000,78.57
20,1359,NIDO,N5,27,27,100.00
20,1360,NIDO,N6,20,20,100.00
20,1361,NIF100BEES,EQ,2771,2032,73.33
20,1362,NIFMID150,EQ,32,27,84.38
20,1363,NIFTYBEES,EQ,2257394,1354304,59.99
20,1364,NIFTYETF,EQ,63524,57174,90.00
20,1365,NIFTYQLITY,EQ,10431,5259,50.42
20,1366,NIITLTD,EQ,1278970,492805,38.53
20,1367,NIITMTS,EQ,306326,168999,55.17
20,1368,NILKAMAL,EQ,2901,1674,57.70
20,1369,NINSYS,EQ,3588,2082,58.03
20,1370,NIRMAN,SM,16800,13200,78.57
20,1371,NITCO,EQ,169605,100075,59.00
20,1372,NITINSPIN,EQ,65800,32282,49.06
20,1373,NKIND,EQ,51936,51770,99.68
20,1374,NLCINDIA,EQ,632775,262241,41.44
20,1375,NMDC,EQ,9193858,5042606,54.85
20,1376,NOCIL,EQ,271657,120416,44.33
20,1377,NOIDATOLL,EQ,87675,70521,80.43
20,1378,NOVARTIND,EQ,9176,5455,59.45
20,1379,NPBET,EQ,539,317,58.81
20,1380,NPST,SM,24000,23600,98.33
20,1381,NRAIL,EQ,10829,5397,49.84
20,1382,NRBBEARING,EQ,205123,76361,37.23
20,1383,NRL,EQ,192947,102151,52.94
20,1384,NSIL,EQ,1782,1034,58.02
20,1385,NSLNISP,EQ,2413994,1452017,60.15
20,1386,NTPC,EQ,9679279,6137092,63.40
20,1387,NTPC,N2,1,1,100.00
20,1388,NTPC,N4,814,814,100.00
20,1389,NTPC,N6,366,365,99.73
20,1390,NTPC,N7,42773,30506,71.32
20,1391,NTPC,NB,373,373,100.00
20,1392,NTPC,ND,26,25,96.15
20,1393,NUCLEUS,EQ,96727,44046,45.54
20,1394,NURECA,EQ,20283,8676,42.77
20,1395,NUVOCO,EQ,1256892,555538,44.20
20,1396,NV20BEES,EQ,34257,30513,89.07
20,1397,NXST,RR,1720537,1634922,95.02
20,1398,NYKAA,EQ,3458128,1361158,39.36
20,1399,OAL,EQ,10554,6167,58.43
20,1400,OBCL,EQ,8191,6046,73.81
20,1401,OBEROIRLTY,EQ,224433,100992,45.00
20,1402,OCCL,EQ,3284,2104,64.07
20,1403,OFSS,EQ,50810,32680,64.32
20,1404,OIL,EQ,2816372,1523472,54.09
20,1405,OLECTRA,EQ,192022,83835,43.66
20,1406,OMAXAUTO,EQ,36962,21595,58.42
20,1407,OMAXE,EQ,7570314,2368835,31.29
20,1408,OMFURN,SM,4000,4000,100.00
20,1409,ONELIFECAP,EQ,178968,121985,68.16
20,1410,ONGC,EQ,5630907,2699217,47.94
20,1411,ONMOBILE,EQ,684413,215476,31.48
20,1412,ONWARDTEC,EQ,68426,26614,38.89
20,1413,OPTIEMUS,EQ,180143,72683,40.35
20,1414,ORIANA,SM,30000,18000,60.00
20,1415,ORIENTALTL,EQ,18829,15582,82.76
20,1416,ORIENTBELL,EQ,3262,2480,76.03
20,1417,ORIENTCEM,EQ,838201,414506,49.45
20,1418,ORIENTELEC,EQ,403694,266621,66.05
20,1419,ORIENTHOT,EQ,248248,103724,41.78
20,1420,ORIENTPPR,EQ,1503708,481897,32.05
20,1421,ORISSAMINE,EQ,30187,8934,29.60
20,1422,OSWALAGRO,EQ,193815,94855,48.94
20,1423,OSWALGREEN,EQ,234500,111270,47.45
20,1424,OSWALSEEDS,EQ,165847,49928,30.10
20,1425,PAGEIND,EQ,29588,13152,44.45
20,1426,PAISALO,EQ,399941,252984,63.26
20,1427,PAKKA,EQ,227497,113480,49.88
20,1428,PALASHSECU,EQ,16405,9826,59.90
20,1429,PALREDTEC,EQ,14325,9239,64.50
20,1430,PANACEABIO,EQ,811425,255427,31.48
20,1431,PANAMAPET,EQ,41507,19451,46.86
20,1432,PAR,EQ,36969,29427,79.60
20,1433,PARADEEP,EQ,2053871,1038503,50.56
20,1434,PARAGMILK,EQ,339254,153192,45.16
20,1435,PARAS,EQ,170899,47388,27.73
20,1436,PARIN,SM,2000,2000,100.00
20,1437,PARSVNATH,EQ,4893362,2103434,42.99
20,1438,PARTYCRUS,SM,18000,14000,77.78
20,1439,PASUPTAC,EQ,729821,390087,53.45
20,1440,PATELENG,EQ,1948372,1312037,67.34
20,1441,PATTECH,SM,9000,9000,100.00
20,1442,PAVNAIND,EQ,3795,1074,28.30
20,1443,PAYTM,EQ,686017,251102,36.60
20,1444,PCBL,EQ,1295555,619945,47.85
20,1445,PCHFL,N6,50,50,100.00
20,1446,PCHFL,NA,750,750,100.00
20,1447,PCJEWELLER,EQ,1202865,755749,62.83
20,1448,PDMJEPAPER,EQ,1487254,463518,31.17
20,1449,PDSL,EQ,94700,44443,46.93
20,1450,PEARLPOLY,EQ,43748,22635,51.74
20,1451,PEL,EQ,579568,123452,21.30
20,1452,PENIND,EQ,414405,131406,31.71
20,1453,PENINLAND,EQ,314476,173427,55.15
20,1454,PENTAGOLD,ST,121200,103200,85.15
20,1455,PENTAGON,SM,2000,2000,100.00
20,1456,PERFECT,SM,18000,18000,100.00
20,1457,PERSISTENT,EQ,180807,89289,49.38
20,1458,PETRONET,EQ,1511381,910216,60.22
20,1459,PFC,EQ,41395652,10434285,25.21
20,1460,PFC,N5,405,405,100.00
20,1461,PFC,N8,400,400,100.00
20,1462,PFIZER,EQ,6098,4153,68.10
20,1463,PFOCUS,EQ,127583,60471,47.40
20,1464,PFS,EQ,7507966,2437207,32.46
20,1465,PGEL,EQ,51114,22465,43.95
20,1466,PGHH,EQ,17658,11216,63.52
20,1467,PGHL,EQ,13212,6027,45.62
20,1468,PGIL,EQ,26038,12569,48.27
20,1469,PGINVIT,IV,988353,855707,86.58
20,1470,PHANTOMFX,SM,22200,13200,59.46
20,1471,PHARMABEES,EQ,1865580,960993,51.51
20,1472,PHOENIXLTD,EQ,240769,181786,75.50
20,1473,PIDILITIND,EQ,178583,97950,54.85
20,1474,PIIND,EQ,253803,120598,47.52
20,1475,PILANIINVS,EQ,8204,4074,49.66
20,1476,PIONEEREMB,EQ,26500,10888,41.09
20,1477,PITTIENG,EQ,33442,15206,45.47
20,1478,PIXTRANS,EQ,123924,31662,25.55
20,1479,PLASTIBLEN,EQ,9896,7694,77.75
20,1480,PNB,EQ,87175092,19336142,22.18
20,1481,PNBGILTS,EQ,2583725,798200,30.89
20,1482,PNBHOUSING,EQ,233157,90438,38.79
20,1483,PNC,EQ,17463,6427,36.80
20,1484,PNCINFRA,EQ,388882,192782,49.57
20,1485,POCL,EQ,28474,12301,43.20
20,1486,PODDARHOUS,EQ,73006,37019,50.71
20,1487,PODDARMENT,EQ,2782,2111,75.88
20,1488,POKARNA,EQ,561663,122562,21.82
20,1489,POLICYBZR,EQ,1107078,818457,73.93
20,1490,POLYCAB,EQ,883496,284405,32.19
20,1491,POLYMED,EQ,34732,16667,47.99
20,1492,POLYPLEX,EQ,78338,29756,37.98
20,1493,PONNIERODE,EQ,36292,16612,45.77
20,1494,POONAWALLA,EQ,1603191,727645,45.39
20,1495,POONAWALLA,N3,20,20,100.00
20,1496,POWERGRID,EQ,6736870,3774732,56.03
20,1497,POWERINDIA,EQ,24207,16734,69.13
20,1498,POWERMECH,EQ,12497,7548,60.40
20,1499,PPAP,EQ,13011,9872,75.87
20,1500,PPL,EQ,69699,28243,40.52
20,1501,PPLPHARMA,EQ,3382417,1315784,38.90
20,1502,PRAENG,EQ,133472,106753,79.98
20,1503,PRAJIND,EQ,690699,221227,32.03
20,1504,PRAKASH,EQ,1018301,505812,49.67
20,1505,PRAMARA,ST,94000,86000,91.49
20,1506,PRECAM,EQ,89934,44767,49.78
20,1507,PRECISION,SM,18000,16000,88.89
20,1508,PRECOT,EQ,4388,2905,66.20
20,1509,PRECWIRE,EQ,671838,236099,35.14
20,1510,PRESTIGE,EQ,127381,53184,41.75
20,1511,PRICOLLTD,EQ,230725,108737,47.13
20,1512,PRIMESECU,EQ,145949,128170,87.82
20,1513,PRINCEPIPE,EQ,81852,37645,45.99
20,1514,PRITI,EQ,28226,21115,74.81
20,1515,PRITIKA,SM,16000,16000,100.00
20,1516,PRIVISCL,EQ,20855,16567,79.44
20,1517,PROLIFE,SM,5500,3500,63.64
20,1518,PROPEQUITY,SM,10800,7200,66.67
20,1519,PROV,SM,11040,10240,92.75
20,1520,PROZONER,EQ,3907070,1893704,48.47
20,1521,PRSMJOHNSN,EQ,169702,88993,52.44
20,1522,PRUDENT,EQ,21771,12761,58.61
20,1523,PSB,EQ,4505136,836910,18.58
20,1524,PSPPROJECT,EQ,49070,30825,62.82
20,1525,PSUBANKICI,EQ,746520,674545,90.36
20,1526,PSUBNKBEES,EQ,1062159,534824,50.35
20,1527,PTC,EQ,1439309,708969,49.26
20,1528,PTCIL,EQ,3648,2855,78.26
20,1529,PTL,EQ,329478,204663,62.12
20,1530,PULZ,SM,2000,2000,100.00
20,1531,PUNJABCHEM,EQ,29669,17794,59.98
20,1532,PURVA,EQ,1337145,586029,43.83
20,1533,PVRINOX,EQ,483393,267799,55.40
20,1534,PYRAMID,EQ,110823,76287,68.84
20,1535,QGOLDHALF,EQ,22719,17769,78.21
20,1536,QMSMEDI,SM,1000,1000,100.00
20,1537,QNIFTY,EQ,347,295,85.01
20,1538,QUADPRO,SM,12000,12000,100.00
20,1539,QUESS,EQ,315978,158536,50.17
20,1540,QUICKHEAL,EQ,159411,64397,40.40
20,1541,QUICKTOUCH,SM,2000,2000,100.00
20,1542,RACE,EQ,17724,9568,53.98
20,1543,RADHIKAJWE,EQ,130202,64489,49.53
20,1544,RADIANTCMS,EQ,190307,113790,59.79
20,1545,RADICO,EQ,181928,93983,51.66
20,1546,RADIOCITY,EQ,598335,409617,68.46
20,1547,RADIOCITY,P1,932,932,100.00
20,1548,RAILTEL,EQ,1601129,583203,36.42
20,1549,RAIN,EQ,808151,460282,56.95
20,1550,RAINBOW,EQ,277062,227050,81.95
20,1551,RAJESHEXPO,EQ,236652,141051,59.60
20,1552,RAJRATAN,EQ,20128,11947,59.36
20,1553,RAJTV,EQ,70987,55447,78.11
20,1554,RALLIS,EQ,1000334,572720,57.25
20,1555,RAMANEWS,EQ,56339,32963,58.51
20,1556,RAMAPHO,EQ,5844,3402,58.21
20,1557,RAMASTEEL,EQ,7783054,3123561,40.13
20,1558,RAMCOCEM,EQ,836431,411837,49.24
20,1559,RAMCOIND,EQ,64432,38777,60.18
20,1560,RAMCOSYS,EQ,405506,147015,36.25
20,1561,RAMKY,EQ,63881,32447,50.79
20,1562,RAMRAT,EQ,110001,62989,57.26
20,1563,RANASUG,EQ,2001538,631462,31.55
20,1564,RANEHOLDIN,EQ,8673,5676,65.44
20,1565,RATEGAIN,EQ,271384,137444,50.65
20,1566,RATNAMANI,EQ,8160,4345,53.25
20,1567,RATNAVEER,EQ,1256551,580375,46.19
20,1568,RAYMOND,EQ,111784,49832,44.58
20,1569,RBA,EQ,3556404,1772390,49.84
20,1570,RBL,EQ,12463,4109,32.97
20,1571,RBLBANK,EQ,12967539,3415329,26.34
20,1572,RBMINFRA,SM,81000,60000,74.07
20,1573,RCF,EQ,1677260,688443,41.05
20,1574,RECLTD,EQ,44789295,10111201,22.58
20,1575,RECLTD,N2,10,10,100.00
20,1576,RECLTD,N7,1,1,100.00
20,1577,RECLTD,N9,1655,1545,93.35
20,1578,RECLTD,NI,10,10,100.00
20,1579,REDINGTON,EQ,1362786,827423,60.72
20,1580,REDTAPE,EQ,55357,35195,63.58
20,1581,REFEX,EQ,99419,64127,64.50
20,1582,RELAXO,EQ,40466,19951,49.30
20,1583,RELCHEMQ,EQ,71205,38427,53.97
20,1584,RELIABLE,SM,4800,4800,100.00
20,1585,RELIANCE,EQ,5861389,3763425,64.21
20,1586,RELIGARE,EQ,1851993,783598,42.31
20,1587,REMUS,SM,7500,6200,82.67
20,1588,RENUKA,EQ,15074978,3982022,26.41
20,1589,REPCOHOME,EQ,63659,30753,48.31
20,1590,REPL,EQ,15132,8842,58.43
20,1591,REPRO,EQ,23230,13749,59.19
20,1592,RESPONIND,EQ,436792,81162,18.58
20,1593,REXPIPES,SM,12000,8000,66.67
20,1594,RGL,EQ,100289,36258,36.15
20,1595,RHIM,EQ,132062,45081,34.14
20,1596,RHL,EQ,22391,10296,45.98
20,1597,RICOAUTO,EQ,281568,120050,42.64
20,1598,RIIL,EQ,307747,40272,13.09
20,1599,RILINFRA,SM,13000,11500,88.46
20,1600,RISHABH,EQ,1338066,532701,39.81
20,1601,RITES,EQ,706115,217527,30.81
20,1602,RKEC,EQ,157770,112338,71.20
20,1603,RKFORGE,EQ,345357,145289,42.07
20,1604,RMDRIP,SM,16000,12000,75.00
20,1605,RML,EQ,15301,7347,48.02
20,1606,ROHLTD,EQ,95683,54480,56.94
20,1607,ROLEXRINGS,EQ,28449,19726,69.34
20,1608,ROML,EQ,6253,4611,73.74
20,1609,ROSSARI,EQ,47646,20713,43.47
20,1610,ROSSELLIND,EQ,78943,23699,30.02
20,1611,ROTO,EQ,42588,22545,52.94
20,1612,ROUTE,EQ,146785,101947,69.45
20,1613,RPGLIFE,EQ,12375,5629,45.49
20,1614,RPOWER,EQ,67263376,15624729,23.23
20,1615,RPPL,EQ,13031,9152,70.23
20,1616,RPSGVENT,EQ,37504,23426,62.46
20,1617,RRKABEL,EQ,467360,201877,43.20
20,1618,RSWM,EQ,24050,13305,55.32
20,1619,RSYSTEMS,EQ,42075,24538,58.32
20,1620,RTNINDIA,EQ,1685487,591174,35.07
20,1621,RTNPOWER,EQ,61495266,34992670,56.90
20,1622,RUBYMILLS,EQ,10063,4428,44.00
20,1623,RUCHIRA,EQ,162719,73871,45.40
20,1624,RUPA,EQ,91069,32270,35.43
20,1625,RUSHIL,EQ,66975,40837,60.97
20,1626,RUSTOMJEE,EQ,29858,22195,74.34
20,1627,RVNL,EQ,14165805,3691858,26.06
20,1628,SABAR,SM,20000,20000,100.00
20,1629,SADHNANIQ,EQ,141917,87050,61.34
20,1630,SAFARI,EQ,25034,10299,41.14
20,1631,SAGARDEEP,EQ,20638,7697,37.30
20,1632,SAGCEM,EQ,44281,26140,59.03
20,1633,SAH,EQ,82341,26326,31.97
20,1634,SAHAJ,SM,48000,44000,91.67
20,1635,SAHANA,SM,3000,3000,100.00
20,1636,SAHYADRI,EQ,5579,4295,76.99
20,1637,SAIL,EQ,8375033,2929485,34.98
20,1638,SAKAR,EQ,14986,8516,56.83
20,1639,SAKHTISUG,EQ,1237080,508085,41.07
20,1640,SAKSOFT,EQ,69000,48288,69.98
20,1641,SAKUMA,EQ,14976699,7137399,47.66
20,1642,SALASAR,EQ,583338,286950,49.19
20,1643,SALONA,EQ,1442,784,54.37
20,1644,SALZERELEC,EQ,26801,15296,57.07
20,1645,SAMHI,EQ,2386940,1435279,60.13
20,1646,SANDESH,EQ,1239,936,75.54
20,1647,SANDHAR,EQ,40528,23594,58.22
20,1648,SANDUMA,EQ,26508,13359,50.40
20,1649,SANGAMIND,EQ,24236,15851,65.40
20,1650,SANGANI,SM,39000,30000,76.92
20,1651,SANGHVIMOV,EQ,45942,26196,57.02
20,1652,SANGINITA,EQ,172356,56023,32.50
20,1653,SANOFI,EQ,9222,7630,82.74
20,1654,SANSERA,EQ,68767,39052,56.79
20,1655,SAPPHIRE,EQ,51472,32050,62.27
20,1656,SARDAEN,EQ,168353,98604,58.57
20,1657,SAREGAMA,EQ,327504,166926,50.97
20,1658,SARLAPOLY,EQ,150866,98283,65.15
20,1659,SAROJA,ST,17600,17600,100.00
20,1660,SASKEN,EQ,54678,26040,47.62
20,1661,SASTASUNDR,EQ,25762,16166,62.75
20,1662,SATIA,EQ,258351,132365,51.23
20,1663,SATIN,EQ,258740,96506,37.30
20,1664,SATINDLTD,EQ,682414,302765,44.37
20,1665,SBC,EQ,3885864,2149760,55.32
20,1666,SBCL,EQ,118286,69965,59.15
20,1667,SBFC,EQ,880742,479911,54.49
20,1668,SBGLP,EQ,34289,11341,33.07
20,1669,SBICARD,EQ,1426073,635546,44.57
20,1670,SBIETFCON,EQ,5289,2529,47.82
20,1671,SBIETFIT,EQ,10072,7922,78.65
20,1672,SBIETFPB,EQ,10312,2996,29.05
20,1673,SBIETFQLTY,EQ,757,532,70.28
20,1674,SBILIFE,EQ,643756,344093,53.45
20,1675,SBIN,EQ,9865347,5284601,53.57
20,1676,SCHAEFFLER,EQ,141521,69421,49.05
20,1677,SCHAND,EQ,96234,42001,43.64
20,1678,SCHNEIDER,EQ,449538,150681,33.52
20,1679,SCI,EQ,8530578,3060342,35.87
20,1680,SDBL,EQ,1022824,549453,53.72
20,1681,SDL24BEES,EQ,309,296,95.79
20,1682,SDL26BEES,EQ,325,325,100.00
20,1683,SEAMECLTD,EQ,20195,11696,57.92
20,1684,SECURCRED,EQ,51694,28996,56.09
20,1685,SECURKLOUD,EQ,22130,15643,70.69
20,1686,SEL,SM,1600,1600,100.00
20,1687,SELAN,EQ,312143,82821,26.53
20,1688,SENCO,EQ,5018879,925517,18.44
20,1689,SEPC,EQ,2229247,1441607,64.67
20,1690,SEQUENT,EQ,1776684,719176,40.48
20,1691,SERVOTECH,EQ,138695,110531,79.69
20,1692,SESHAPAPER,EQ,69116,34745,50.27
20,1693,SETF10GILT,EQ,9316,9183,98.57
20,1694,SETFGOLD,EQ,3922146,3904368,99.55
20,1695,SETFNIF50,EQ,199294,149743,75.14
20,1696,SETFNIFBK,EQ,51376,25602,49.83
20,1697,SETFNN50,EQ,14788,12147,82.14
20,1698,SFL,EQ,51936,25646,49.38
20,1699,SGBAPR28I,GB,311,268,86.17
20,1700,SGBAUG24,GB,73,56,76.71
20,1701,SGBAUG27,GB,30,30,100.00
20,1702,SGBAUG28V,GB,1060,902,85.09
20,1703,SGBAUG29V,GB,180,151,83.89
20,1704,SGBAUG30,GB,157,113,71.97
20,1705,SGBD29VIII,GB,951,757,79.60
20,1706,SGBDC27VII,GB,24,24,100.00
20,1707,SGBDE30III,GB,169,125,73.96
20,1708,SGBFEB29XI,GB,150,125,83.33
20,1709,SGBJ28VIII,GB,14,12,85.71
20,1710,SGBJAN29IX,GB,650,418,64.31
20,1711,SGBJAN29X,GB,56,44,78.57
20,1712,SGBJAN30IX,GB,157,95,60.51
20,1713,SGBJU29III,GB,56,35,62.50
20,1714,SGBJUL25,GB,4,4,100.00
20,1715,SGBJUL28IV,GB,107,92,85.98
20,1716,SGBJUL29IV,GB,268,189,70.52
20,1717,SGBJUN28,GB,59,58,98.31
20,1718,SGBJUN29II,GB,166,154,92.77
20,1719,SGBJUN30,GB,106,106,100.00
20,1720,SGBJUN31I,GB,1067,1006,94.28
20,1721,SGBMAR24,GB,28,28,100.00
20,1722,SGBMAR25,GB,111,59,53.15
20,1723,SGBMAR28X,GB,276,222,80.43
20,1724,SGBMAR30X,GB,139,134,96.40
20,1725,SGBMAR31IV,GB,103,103,100.00
20,1726,SGBMAY26,GB,12,12,100.00
20,1727,SGBMAY28,GB,88,85,96.59
20,1728,SGBMAY29I,GB,343,228,66.47
20,1729,SGBMR29XII,GB,288,213,73.96
20,1730,SGBN28VIII,GB,24,24,100.00
20,1731,SGBNOV23,GB,44,7,15.91
20,1732,SGBNOV24,GB,223,115,51.57
20,1733,SGBNOV26,GB,1,1,100.00
20,1734,SGBNV29VII,GB,313,214,68.37
20,1735,SGBOC28VII,GB,75,57,76.00
20,1736,SGBOCT25,GB,24,3,12.50
20,1737,SGBOCT25IV,GB,31,31,100.00
20,1738,SGBOCT26,GB,25,25,100.00
20,1739,SGBOCT27,GB,17,17,100.00
20,1740,SGBOCT27VI,GB,17,17,100.00
20,1741,SGBSEP24,GB,46,46,100.00
20,1742,SGBSEP27,GB,33,33,100.00
20,1743,SGBSEP28VI,GB,322,263,81.68
20,1744,SGBSEP29VI,GB,275,191,69.45
20,1745,SHAH,EQ,792066,475522,60.04
20,1746,SHAILY,EQ,3687,2446,66.34
20,1747,SHAKTIPUMP,EQ,288396,79865,27.69
20,1748,SHALBY,EQ,258535,94733,36.64
20,1749,SHALPAINTS,EQ,106608,66573,62.45
20,1750,SHANKARA,EQ,67748,33511,49.46
20,1751,SHANTI,EQ,22352,12728,56.94
20,1752,SHANTIGEAR,EQ,33235,14355,43.19
20,1753,SHARDACROP,EQ,45633,25971,56.91
20,1754,SHARDAMOTR,EQ,16765,9470,56.49
20,1755,SHAREINDIA,EQ,132225,34227,25.89
20,1756,SHAREINDIA,W1,2068,1982,95.84
20,1757,SHARIABEES,EQ,227,127,55.95
20,1758,SHEMAROO,EQ,47442,33234,70.05
20,1759,SHERA,SM,24000,16000,66.67
20,1760,SHIGAN,SM,12000,9000,75.00
20,1761,SHILPAMED,EQ,60276,27130,45.01
20,1762,SHIVALIK,EQ,8167,5008,61.32
20,1763,SHIVAMILLS,EQ,20894,3895,18.64
20,1764,SHIVATEX,EQ,13006,9969,76.65
20,1765,SHK,EQ,284897,133513,46.86
20,1766,SHOPERSTOP,EQ,91210,44924,49.25
20,1767,SHRADHA,EQ,25009,14795,59.16
20,1768,SHREDIGCEM,EQ,300321,105320,35.07
20,1769,SHREECEM,EQ,16809,6826,40.61
20,1770,SHREEPUSHK,EQ,58255,23124,39.69
20,1771,SHRENIK,EQ,2400690,1757095,73.19
20,1772,SHREYAS,EQ,4907511,299146,6.10
20,1773,SHRIRAMFIN,EQ,643299,360144,55.98
20,1774,SHRIRAMFIN,YI,1,1,100.00
20,1775,SHRIRAMFIN,YL,25,25,100.00
20,1776,SHRIRAMFIN,YO,2,2,100.00
20,1777,SHRIRAMFIN,YR,425,425,100.00
20,1778,SHRIRAMFIN,YU,655,655,100.00
20,1779,SHRIRAMFIN,YV,181,117,64.64
20,1780,SHRIRAMFIN,YW,350,350,100.00
20,1781,SHRIRAMFIN,YY,100,100,100.00
20,1782,SHRIRAMFIN,Z2,280,275,98.21
20,1783,SHRIRAMFIN,Z4,63,51,80.95
20,1784,SHRIRAMFIN,Z8,350,350,100.00
20,1785,SHRIRAMFIN,ZE,25,25,100.00
20,1786,SHRIRAMFIN,ZF,99,99,100.00
20,1787,SHRIRAMPPS,EQ,1284381,484989,37.76
20,1788,SHRITECH,SM,30000,24000,80.00
20,1789,SHUBHLAXMI,SM,10000,8000,80.00
20,1790,SHYAMCENT,EQ,1615185,768086,47.55
20,1791,SHYAMMETL,EQ,532569,241513,45.35
20,1792,SHYAMTEL,EQ,2992,2992,100.00
20,1793,SIEMENS,EQ,220587,80663,36.57
20,1794,SIGACHI,EQ,859198,326659,38.02
20,1795,SIGIND,EQ,650538,265189,40.76
20,1796,SIGMA,EQ,9536,5456,57.21
20,1797,SIGNATURE,EQ,14348612,8646277,60.26
20,1798,SIKKO,EQ,16895,13989,82.80
20,1799,SILINV,EQ,10970,5410,49.32
20,1800,SILVER,EQ,94807,75065,79.18
20,1801,SILVERBEES,EQ,2388217,1963835,82.23
20,1802,SILVERETF,EQ,78320,67500,86.18
20,1803,SILVERTUC,EQ,10866,4385,40.36
20,1804,SILVRETF,EQ,9043,8324,92.05
20,1805,SIMBHALS,EQ,235313,135875,57.74
20,1806,SINTERCOM,EQ,11873,6530,55.00
20,1807,SIRCA,EQ,70107,39079,55.74
20,1808,SIS,EQ,25317,12194,48.17
20,1809,SIYSIL,EQ,41233,18757,45.49
20,1810,SJS,EQ,197035,89642,45.50
20,1811,SJVN,EQ,40488851,11374311,28.09
20,1812,SKFINDIA,EQ,23818,16427,68.97
20,1813,SKIPPER,EQ,188830,105750,56.00
20,1814,SKMEGGPROD,EQ,267990,104425,38.97
20,1815,SKP,SM,4000,4000,100.00
20,1816,SMARTLINK,EQ,21930,17377,79.24
20,1817,SMCGLOBAL,EQ,32241,20978,65.07
20,1818,SMLISUZU,EQ,10141,4895,48.27
20,1819,SMLT,EQ,14349,8212,57.23
20,1820,SMSLIFE,EQ,573,276,48.17
20,1821,SMSPHARMA,EQ,45918,30440,66.29
20,1822,SMVD,SM,4040,4040,100.00
20,1823,SNOWMAN,EQ,522467,247552,47.38
20,1824,SOBHA,EQ,337122,133603,39.63
20,1825,SOFTTECH,EQ,30236,22931,75.84
20,1826,SOLARA,EQ,32242,16788,52.07
20,1827,SOLARINDS,EQ,24767,12087,48.80
20,1828,SOLEX,SM,6800,6000,88.24
20,1829,SOMANYCERA,EQ,34080,20200,59.27
20,1830,SONACOMS,EQ,623755,357818,57.37
20,1831,SONAMCLOCK,EQ,53238,21959,41.25
20,1832,SONATSOFTW,EQ,331358,202218,61.03
20,1833,SONUINFRA,SM,75000,51000,68.00
20,1834,SOTL,EQ,97083,55162,56.82
20,1835,SOUTHBANK,EQ,71608968,19138394,26.73
20,1836,SOUTHWEST,EQ,7285,4740,65.07
20,1837,SPAL,EQ,29907,15408,51.52
20,1838,SPANDANA,EQ,48368,22564,46.65
20,1839,SPARC,EQ,443610,139306,31.40
20,1840,SPCENET,EQ,3354611,1975262,58.88
20,1841,SPECIALITY,EQ,23001,13566,58.98
20,1842,SPECTRUM,SM,500,500,100.00
20,1843,SPECTSTM,SM,16800,15200,90.48
20,1844,SPENCERS,EQ,149719,62379,41.66
20,1845,SPIC,EQ,801128,371350,46.35
20,1846,SPLIL,EQ,44418,22119,49.80
20,1847,SPLPETRO,EQ,51721,31078,60.09
20,1848,SPORTKING,EQ,7917,4572,57.75
20,1849,SPRL,SM,1600,1600,100.00
20,1850,SREEL,EQ,11911,6312,52.99
20,1851,SRF,EQ,392260,181008,46.14
20,1852,SRGHFL,EQ,3371,1238,36.73
20,1853,SRHHYPOLTD,EQ,10904,5035,46.18
20,1854,SRIVASAVI,SM,3000,3000,100.00
20,1855,SSFL,SM,57000,48000,84.21
20,1856,SSWL,EQ,212642,89257,41.98
20,1857,STAR,EQ,484882,200197,41.29
20,1858,STARCEMENT,EQ,283712,124865,44.01
20,1859,STARHEALTH,EQ,1525585,1056347,69.24
20,1860,STARPAPER,EQ,54499,22077,40.51
20,1861,STCINDIA,EQ,151995,74382,48.94
20,1862,STEELCAS,EQ,43143,26225,60.79
20,1863,STEELCITY,EQ,10287,8218,79.89
20,1864,STEELXIND,EQ,8131693,4056683,49.89
20,1865,STERTOOLS,EQ,23295,9301,39.93
20,1866,STLTECH,EQ,1053663,542544,51.49
20,1867,STOVEKRAFT,EQ,42141,21071,50.00
20,1868,STYLAMIND,EQ,74352,21530,28.96
20,1869,STYRENIX,EQ,16513,9686,58.66
20,1870,SUBEXLTD,EQ,2680008,840140,31.35
20,1871,SUBROS,EQ,52012,19183,36.88
20,1872,SUDARSCHEM,EQ,78368,36476,46.54
20,1873,SUKHJITS,EQ,8287,5684,68.59
20,1874,SULA,EQ,118500,61646,52.02
20,1875,SUMICHEM,EQ,451084,262013,58.09
20,1876,SUMMITSEC,EQ,6349,4537,71.46
20,1877,SUNDARMFIN,EQ,61912,27508,44.43
20,1878,SUNDARMHLD,EQ,103399,71099,68.76
20,1879,SUNDRMFAST,EQ,43710,20717,47.40
20,1880,SUNFLAG,EQ,103705,40329,38.89
20,1881,SUNPHARMA,EQ,2332018,1390872,59.64
20,1882,SUNTECK,EQ,176633,91744,51.94
20,1883,SUNTV,EQ,503282,188135,37.38
20,1884,SUPERHOUSE,EQ,10367,6306,60.83
20,1885,SUPERSPIN,EQ,44673,26143,58.52
20,1886,SUPRAJIT,EQ,92360,46475,50.32
20,1887,SUPREMEIND,EQ,103845,56975,54.87
20,1888,SUPRIYA,EQ,132660,52302,39.43
20,1889,SURANAT&P,EQ,133908,94485,70.56
20,1890,SURANI,SM,34000,32000,94.12
20,1891,SURYALAXMI,EQ,50997,19989,39.20
20,1892,SURYAROSNI,EQ,39113,25882,66.17
20,1893,SURYODAY,EQ,318407,137855,43.30
20,1894,SUTLEJTEX,EQ,79401,43202,54.41
20,1895,SUVEN,EQ,306717,158003,51.51
20,1896,SUVENPHAR,EQ,132995,71866,54.04
20,1897,SUZLON,EQ,94771055,44473727,46.93
20,1898,SWANENERGY,EQ,1437339,550798,38.32
20,1899,SWARAJ,SM,16000,12000,75.00
20,1900,SWARAJENG,EQ,3640,2568,70.55
20,1901,SWASTIK,SM,19200,16800,87.50
20,1902,SWELECTES,EQ,52646,27317,51.89
20,1903,SYMPHONY,EQ,14630,7027,48.03
20,1904,SYNCOMF,EQ,2185741,1037520,47.47
20,1905,SYNGENE,EQ,619408,443505,71.60
20,1906,SYNOPTICS,SM,13800,8400,60.87
20,1907,SYRMA,EQ,1029774,335209,32.55
20,1908,SYSTANGO,SM,76800,44800,58.33
20,1909,TAINWALCHM,EQ,5021,3198,63.69
20,1910,TAJGVK,EQ,111826,57802,51.69
20,1911,TALBROAUTO,EQ,54886,28420,51.78
20,1912,TANLA,EQ,363653,85917,23.63
20,1913,TARACHAND,SM,80000,72000,90.00
20,1914,TARC,EQ,1285106,724641,56.39
20,1915,TARMAT,EQ,301119,129959,43.16
20,1916,TARSONS,EQ,42186,20362,48.27
20,1917,TASTYBITE,EQ,1823,1088,59.68
20,1918,TATACAPHSG,N4,572,500,87.41
20,1919,TATACAPHSG,N6,40,40,100.00
20,1920,TATACHEM,EQ,461560,151208,32.76
20,1921,TATACOFFEE,EQ,595530,229215,38.49
20,1922,TATACOMM,EQ,668492,401919,60.12
20,1923,TATACONSUM,EQ,1233749,511255,41.44
20,1924,TATAELXSI,EQ,48873,26253,53.72
20,1925,TATAINVEST,EQ,1617182,143403,8.87
20,1926,TATAMETALI,EQ,35005,11643,33.26
20,1927,TATAMOTORS,EQ,5960490,2525196,42.37
20,1928,TATAMTRDVR,EQ,1166533,687333,58.92
20,1929,TATAPOWER,EQ,5650167,1386868,24.55
20,1930,TATASTEEL,EQ,33277329,14934149,44.88
20,1931,TATASTLLP,EQ,30891,13003,42.09
20,1932,TATVA,EQ,20230,13708,67.76
20,1933,TBZ,EQ,233928,74343,31.78
20,1934,TCFSL,NF,707,632,89.39
20,1935,TCFSL,NJ,142,121,85.21
20,1936,TCFSL,NL,157,156,99.36
20,1937,TCI,EQ,18121,9049,49.94
20,1938,TCIEXP,EQ,13676,7277,53.21
20,1939,TCNSBRANDS,EQ,83105,35445,42.65
20,1940,TCPLPACK,EQ,38400,11420,29.74
20,1941,TCS,EQ,1541134,991891,64.36
20,1942,TDPOWERSYS,EQ,101386,56568,55.79
20,1943,TEAMLEASE,EQ,26129,16133,61.74
20,1944,TECH,EQ,55562,53905,97.02
20,1945,TECHM,EQ,1568115,744136,47.45
20,1946,TECHNOE,EQ,40197,21930,54.56
20,1947,TEGA,EQ,42477,21310,50.17
20,1948,TEJASNET,EQ,383878,120363,31.35
20,1949,TEMBO,EQ,117443,14676,12.50
20,1950,TERASOFT,EQ,38019,18418,48.44
20,1951,TEXINFRA,EQ,200079,89869,44.92
20,1952,TEXRAIL,EQ,1487711,603078,40.54
20,1953,TFCILTD,EQ,509461,185105,36.33
20,1954,TFL,EQ,552963,174638,31.58
20,1955,TGBHOTELS,EQ,61754,53497,86.63
20,1956,THANGAMAYL,EQ,23300,12369,53.09
20,1957,THEINVEST,EQ,17801,1863,10.47
20,1958,THEJO,SM,600,450,75.00
20,1959,THEMISMED,EQ,10275,5167,50.29
20,1960,THERMAX,EQ,150090,30996,20.65
20,1961,THYROCARE,EQ,15562,7759,49.86
20,1962,TI,EQ,226823,137691,60.70
20,1963,TIDEWATER,EQ,69650,36317,52.14
20,1964,TIIL,EQ,30696,22795,74.26
20,1965,TIINDIA,EQ,211373,146029,69.09
20,1966,TIMESGTY,EQ,25308,7560,29.87
20,1967,TIMETECHNO,EQ,2025146,647719,31.98
20,1968,TIMKEN,EQ,24977,13535,54.19
20,1969,TINPLATE,EQ,170662,45881,26.88
20,1970,TIPSINDLTD,EQ,319850,126648,39.60
20,1971,TIRUMALCHM,EQ,192365,93121,48.41
20,1972,TIRUPATI,SM,1000,1000,100.00
20,1973,TITAGARH,EQ,1263811,528118,41.79
20,1974,TITAN,EQ,1464192,915976,62.56
20,1975,TMB,EQ,326527,142833,43.74
20,1976,TNIDETF,EQ,7975,5005,62.76
20,1977,TNPETRO,EQ,230696,116095,50.32
20,1978,TNPL,EQ,314459,154167,49.03
20,1979,TOKYOPLAST,EQ,24438,7530,30.81
20,1980,TORNTPHARM,EQ,434743,298726,68.71
20,1981,TORNTPOWER,EQ,578304,405430,70.11
20,1982,TOTAL,EQ,15399,10764,69.90
20,1983,TRACXN,EQ,196015,121708,62.09
20,1984,TRANSWIND,SM,8000,8000,100.00
20,1985,TREEHOUSE,EQ,81251,45973,56.58
20,1986,TREL,EQ,457352,310651,67.92
20,1987,TRENT,EQ,582180,258793,44.45
20,1988,TRF,EQ,80292,37366,46.54
20,1989,TRIDENT,EQ,6167758,1990815,32.28
20,1990,TRIDHYA,SM,51000,27000,52.94
20,1991,TRIGYN,EQ,111132,34649,31.18
20,1992,TRIL,EQ,353250,175958,49.81
20,1993,TRITURBINE,EQ,1944920,482158,24.79
20,1994,TRIVENI,EQ,683173,209783,30.71
20,1995,TRU,EQ,2918359,788903,27.03
20,1996,TTKHLTCARE,EQ,7088,4814,67.92
20,1997,TTKPRESTIG,EQ,21780,13180,60.51
20,1998,TTL,EQ,19094,11330,59.34
20,1999,TTML,EQ,3612308,1412971,39.12
20,2000,TV18BRDCST,EQ,5628004,2441725,43.39
20,2001,TVSELECT,EQ,25335,8354,32.97
20,2002,TVSHLTD,EQ,5322,3601,67.66
20,2003,TVSHLTD,P1,46263,46261,100.00
20,2004,TVSMOTOR,EQ,1087855,777545,71.48
20,2005,TVSSCS,EQ,2146030,1091515,50.86
20,2006,TVSSRICHAK,EQ,8650,5159,59.64
20,2007,TVTODAY,EQ,124002,72661,58.60
20,2008,UBL,EQ,74923,20525,27.39
20,2009,UCL,SM,8000,4000,50.00
20,2010,UCOBANK,EQ,40152117,6767122,16.85
20,2011,UDAICEMENT,EQ,1163889,599916,51.54
20,2012,UFLEX,EQ,352506,121147,34.37
20,2013,UGARSUGAR,EQ,311567,107283,34.43
20,2014,UGROCAP,EQ,118905,70400,59.21
20,2015,UGROCAP,N1,3,3,100.00
20,2016,UGROCAP,N4,101,101,100.00
20,2017,UJJIVAN,EQ,2516726,1195079,47.49
20,2018,UJJIVANSFB,EQ,116178437,33121110,28.51
20,2019,ULTRACEMCO,EQ,541638,427406,78.91
20,2020,UMA,SM,24000,20000,83.33
20,2021,UMAEXPORTS,EQ,103874,52031,50.09
20,2022,UMANGDAIRY,EQ,86524,11854,13.70
20,2023,UNICHEMLAB,EQ,23656,12933,54.67
20,2024,UNIDT,EQ,18615,11354,60.99
20,2025,UNIENTER,EQ,1317,1030,78.21
20,2026,UNIHEALTH,ST,74000,71000,95.95
20,2027,UNIINFO,EQ,10987,4592,41.79
20,2028,UNIONBANK,EQ,38039844,14706684,38.66
20,2029,UNIPARTS,EQ,198371,120835,60.91
20,2030,UNITEDTEA,EQ,6385,2963,46.41
20,2031,UNIVASTU,EQ,6494,4025,61.98
20,2032,UNIVCABLES,EQ,31618,14884,47.07
20,2033,UNIVPHOTO,EQ,571,422,73.91
20,2034,UNOMINDA,EQ,308547,131530,42.63
20,2035,UPL,EQ,2018781,996010,49.34
20,2036,URAVI,EQ,8400,5578,66.40
20,2037,URBAN,SM,32400,20400,62.96
20,2038,URJA,EQ,3853009,1567970,40.69
20,2039,USASEEDS,SM,6000,5700,95.00
20,2040,USHAMART,EQ,285731,179574,62.85
20,2041,USK,EQ,206682,132532,64.12
20,2042,UTIAMC,EQ,87551,59151,67.56
20,2043,UTIBANKETF,EQ,38087,24006,63.03
20,2044,UTINEXT50,EQ,11712,8681,74.12
20,2045,UTINIFTETF,EQ,89028,56762,63.76
20,2046,UTISENSETF,EQ,67658,67441,99.68
20,2047,UTISXN50,EQ,627,580,92.50
20,2048,UTKARSHBNK,EQ,3395217,1431913,42.17
20,2049,UTTAMSUGAR,EQ,123792,31013,25.05
20,2050,VADILALIND,EQ,8962,4109,45.85
20,2051,VAIBHAVGBL,EQ,526978,132483,25.14
20,2052,VAISHALI,EQ,11826,7547,63.82
20,2053,VAKRANGEE,EQ,12760670,3315822,25.98
20,2054,VALIANTORG,EQ,85126,43373,50.95
20,2055,VARDHACRLC,EQ,45889,33792,73.64
20,2056,VARROC,EQ,390595,183357,46.94
20,2057,VASA,SM,24000,24000,100.00
20,2058,VASCONEQ,EQ,856892,392685,45.83
20,2059,VASWANI,EQ,291599,158650,54.41
20,2060,VBL,EQ,1927748,1054461,54.70
20,2061,VCL,EQ,464512,333169,71.72
20,2062,VEDL,EQ,35505658,15683499,44.17
20,2063,VELS,SM,6000,4800,80.00
20,2064,VENKEYS,EQ,11901,6409,53.85
20,2065,VENUSPIPES,EQ,457307,145704,31.86
20,2066,VENUSREM,EQ,15730,10972,69.75
20,2067,VERANDA,EQ,134008,99585,74.31
20,2068,VERTEXPLUS,SM,1200,1200,100.00
20,2069,VERTOZ,EQ,391903,117313,29.93
20,2070,VESUVIUS,EQ,6606,3429,51.91
20,2071,VETO,EQ,87060,39108,44.92
20,2072,VGUARD,EQ,162730,81768,50.25
20,2073,VHL,EQ,195,125,64.10
20,2074,VIDHIING,EQ,5102,3406,66.76
20,2075,VIJAYA,EQ,314800,89402,28.40
20,2076,VIKASLIFE,EQ,20909115,7619702,36.44
20,2077,VILINBIO,SM,24000,20000,83.33
20,2078,VIMTALABS,EQ,21538,9884,45.89
20,2079,VINATIORGA,EQ,78391,61425,78.36
20,2080,VINDHYATEL,EQ,32556,14736,45.26
20,2081,VINEETLAB,EQ,38190,17230,45.12
20,2082,VINSYS,SM,36000,27000,75.00
20,2083,VINYLINDIA,EQ,250621,62778,25.05
20,2084,VIPCLOTHNG,EQ,2087371,1124713,53.88
20,2085,VIPIND,EQ,648955,271007,41.76
20,2086,VIPULLTD,EQ,1918189,1021026,53.23
20,2087,VISAKAIND,EQ,109355,70772,64.72
20,2088,VISHAL,EQ,88860,62731,70.60
20,2089,VISHNU,EQ,94561,51754,54.73
20,2090,VISHWARAJ,EQ,946128,426502,45.08
20,2091,VITAL,SM,16800,12000,71.43
20,2092,VIVIDHA,EQ,527085,473765,89.88
20,2093,VIVO,SM,6400,1600,25.00
20,2094,VLEGOV,EQ,448309,313507,69.93
20,2095,VLSFINANCE,EQ,29901,15518,51.90
20,2096,VMARCIND,SM,306000,165000,53.92
20,2097,VMART,EQ,39307,26522,67.47
20,2098,VOLTAMP,EQ,75441,35854,47.53
20,2099,VOLTAS,EQ,453103,193608,42.73
20,2100,VPRPL,EQ,2623405,1150420,43.85
20,2101,VRLLOG,EQ,42133,16510,39.19
20,2102,VSCL,SM,3000,3000,100.00
20,2103,VSSL,EQ,89070,38789,43.55
20,2104,VSTIND,EQ,2446,1279,52.29
20,2105,VSTTILLERS,EQ,19030,11821,62.12
20,2106,VTL,EQ,72827,34978,48.03
20,2107,WABAG,EQ,204455,114551,56.03
20,2108,WATERBASE,EQ,44981,25591,56.89
20,2109,WEALTH,EQ,2469,1605,65.01
20,2110,WEBELSOLAR,EQ,374280,197877,52.87
20,2111,WEIZMANIND,EQ,19983,11393,57.01
20,2112,WELCORP,EQ,400815,147565,36.82
20,2113,WELENT,EQ,118618,58434,49.26
20,2114,WELSPUNIND,EQ,568535,272640,47.95
20,2115,WENDT,EQ,293,178,60.75
20,2116,WESTLIFE,EQ,397677,335206,84.29
20,2117,WHEELS,EQ,13207,6486,49.11
20,2118,WHIRLPOOL,EQ,73104,61804,84.54
20,2119,WILLAMAGOR,EQ,423345,200331,47.32
20,2120,WINDLAS,EQ,38227,19507,51.03
20,2121,WIPRO,EQ,3886997,1719930,44.25
20,2122,WOCKPHARMA,EQ,484333,222787,46.00
20,2123,WONDERLA,EQ,512735,110579,21.57
20,2124,WORTH,EQ,28350,17736,62.56
20,2125,WSTCSTPAPR,EQ,247838,110366,44.53
20,2126,XCHANGING,EQ,158756,86516,54.50
20,2127,XELPMOC,EQ,81045,63433,78.27
20,2128,XPROINDIA,EQ,18198,6733,37.00
20,2129,YASHO,EQ,3709,2546,68.64
20,2130,YATHARTH,EQ,513928,290698,56.56
20,2131,YCCL,SM,126000,90000,71.43
20,2132,YESBANK,EQ,160278361,40745833,25.42
20,2133,YUDIZ,SM,15200,8800,57.89
20,2134,YUKEN,EQ,3111,1943,62.46
20,2135,ZAGGLE,EQ,4167955,1708256,40.99
20,2136,ZEAL,SM,38400,31200,81.25
20,2137,ZEEL,EQ,9762971,2838447,29.07
20,2138,ZEEMEDIA,EQ,20059914,8072074,40.24
20,2139,ZENITHSTL,EQ,262679,223446,85.06
20,2140,ZENSARTECH,EQ,977176,416248,42.60
20,2141,ZFCVINDIA,EQ,3376,2031,60.16
20,2142,ZIMLAB,EQ,212227,88020,41.47
20,2143,ZODIACLOTH,EQ,14516,8534,58.79
20,2144,ZOMATO,EQ,34894254,16034331,45.95
20,2145,ZOTA,EQ,12105,6202,51.24
20,2146,ZUARI,EQ,84224,30926,36.72
20,2147,ZUARIIND,EQ,82583,45949,55.64
20,2148,ZYDUSLIFE,EQ,1299692,817894,62.93
20,2149,ZYDUSWELL,EQ,15491,7051,45.52
