Security Wise Delivery Position - Compulsory Rolling Settlement
10,MTO,20092023,1652564183,0002142
Trade Date <20-SEP-2023>,Settlement Type <N>
Record Type,Sr No,Name of Security,Quantity Traded,Deliverable Quantity(gross across client level),% of Deliverable Quantity to Traded Quantity
20,1,1018GS2026,GS,188,187,99.47
20,2,182D121023,TB,300,300,100.00
20,3,182D141223,TB,100,100,100.00
20,4,182D191023,TB,600,600,100.00
20,5,182D211223,TB,500,500,100.00
20,6,182D290923,TB,100,100,100.00
20,7,182D291223,TB,1000,1000,100.00
20,8,21STCENMGM,EQ,12593,6124,48.63
20,9,360ONE,EQ,137496,71799,52.22
20,10,364D060624,TB,3000,3000,100.00
20,11,364D110424,TB,1300,1300,100.00
20,12,364D250724,TB,6000,6000,100.00
20,13,364D280624,TB,5000,5000,100.00
20,14,3IINFOLTD,EQ,424918,224854,52.92
20,15,3MINDIA,EQ,1884,792,42.04
20,16,3PLAND,EQ,28584,18745,65.58
20,17,456GS2023,GS,304,289,95.07
20,18,515GS2025,GS,2,2,100.00
20,19,563GS2026,GS,20,20,100.00
20,20,574GS2026,GS,135,135,100.00
20,21,5PAISA,EQ,30547,16525,54.10
20,22,610GS2031,GS,14,14,100.00
20,23,618GS2024,GS,14,13,92.86
20,24,619GS2034,GS,1,1,100.00
20,25,63MOONS,EQ,40884,21508,52.61
20,26,645GS2029,GS,8,8,100.00
20,27,654GS2032,GS,59,59,100.00
20,28,664GS2035,GS,201,201,100.00
20,29,667GS2035,GS,5406,5405,99.98
20,30,667GS2050,GS,4040,4040,100.00
20,31,669GS2024,GS,14706,14706,100.00
20,32,68GS2060,GS,2,2,100.00
20,33,695GS2061,GS,8,4,50.00
20,34,699GS2026,GS,401,401,100.00
20,35,699GS2051,GS,78,78,100.00
20,36,706GS2028,GS,21398,21397,100.00
20,37,710GS2029,GS,1,1,100.00
20,38,717GS2030,GS,15875,15574,98.10
20,39,718GS2033,GS,5300,5200,98.11
20,40,718GS2037,GS,3295,3295,100.00
20,41,725GS2063,GS,7671,7671,100.00
20,42,726GS2029,GS,1,1,100.00
20,43,726GS2032,GS,29505,29505,100.00
20,44,726GS2033,GS,5000,5000,100.00
20,45,727GS2026,GS,1,1,100.00
20,46,736GS2052,GS,567,564,99.47
20,47,738GS2027,GS,105807,102959,97.31
20,48,73GS2053,GS,212249,212249,100.00
20,49,741GS2036,GS,10520,10500,99.81
20,50,744AP33,SG,100,100,100.00
20,51,74GS2062,GS,2534,2534,100.00
20,52,754GS2036,GS,121143,120942,99.83
20,53,772GS2055,GS,6,6,100.00
20,54,795GS2032,GS,2,2,100.00
20,55,82GS2025,GS,478,478,100.00
20,56,91D021123,TB,10000,10000,100.00
20,57,91D071223,TB,500,500,100.00
20,58,91D091123,TB,100,100,100.00
20,59,91D121023,TB,100,100,100.00
20,60,91D141223,TB,300,300,100.00
20,61,91D191023,TB,6000,6000,100.00
20,62,91D290923,TB,500,500,100.00
20,63,AAATECH,EQ,20957,10466,49.94
20,64,AARTIDRUGS,EQ,182586,93769,51.36
20,65,AARTIIND,EQ,991142,407244,41.09
20,66,AARTIPHARM,EQ,314226,219570,69.88
20,67,AARTIPP,E1,75,61,81.33
20,68,AARTISURF,EQ,9077,4646,51.18
20,69,AARVEEDEN,EQ,50665,30481,60.16
20,70,AARVI,EQ,14800,8845,59.76
20,71,AATMAJ,SM,24000,20000,83.33
20,72,AAVAS,EQ,90575,44155,48.75
20,73,ABAN,EQ,239266,124702,52.12
20,74,ABB,EQ,275335,103957,37.76
20,75,ABBOTINDIA,EQ,4759,2252,47.32
20,76,ABCAPITAL,EQ,2871977,899195,31.31
20,77,ABFRL,EQ,1467516,530341,36.14
20,78,ABINFRA,SM,8000,4000,50.00
20,79,ABSLAMC,EQ,55474,31778,57.28
20,80,ABSLBANETF,EQ,14325,11462,80.01
20,81,ABSLLIQUID,EQ,7855,7855,100.00
20,82,ABSLNN50ET,EQ,5717,4847,84.78
20,83,ACC,EQ,254921,114682,44.99
20,84,ACCELYA,EQ,24488,12671,51.74
20,85,ACE,EQ,127823,76303,59.69
20,86,ACI,EQ,215443,126265,58.61
20,87,ADANIENSOL,EQ,4608210,2407538,52.24
20,88,ADANIENT,EQ,1203019,263282,21.89
20,89,ADANIGREEN,EQ,7657175,3980145,51.98
20,90,ADANIPORTS,EQ,3016411,1123122,37.23
20,91,ADANIPOWER,EQ,17656850,11091168,62.82
20,92,ADFFOODS,EQ,73275,39562,53.99
20,93,ADORWELD,EQ,22551,15598,69.17
20,94,ADROITINFO,EQ,271177,186618,68.82
20,95,ADSL,EQ,314067,121360,38.64
20,96,ADVANIHOTR,EQ,17332,9899,57.11
20,97,ADVENZYMES,EQ,830778,344849,41.51
20,98,AEGISCHEM,EQ,197043,91109,46.24
20,99,AEROFLEX,EQ,834708,225460,27.01
20,100,AETHER,EQ,33783,18792,55.63
20,101,AFFLE,EQ,154524,88312,57.15
20,102,AGARIND,EQ,88195,26112,29.61
20,103,AGARWALFT,SM,12000,12000,100.00
20,104,AGI,EQ,3757074,572868,15.25
20,105,AGROPHOS,EQ,30482,21570,70.76
20,106,AGSTRA,EQ,146192,60276,41.23
20,107,AGUL,SM,12000,12000,100.00
20,108,AHL,EQ,559956,89268,15.94
20,109,AHLADA,EQ,25688,12118,47.17
20,110,AHLEAST,EQ,8061,3513,43.58
20,111,AHLUCONT,EQ,34803,18270,52.50
20,112,AIAENG,EQ,49864,24225,48.58
20,113,AIRAN,EQ,1038126,213055,20.52
20,114,AIRTELPP,E1,157608,101930,64.67
20,115,AJANTPHARM,EQ,309605,128335,41.45
20,116,AJMERA,EQ,17681,7187,40.65
20,117,AJOONI,EQ,1693834,764357,45.13
20,118,AKASH,EQ,66721,26660,39.96
20,119,AKG,EQ,28961,26700,92.19
20,120,AKSHARCHEM,EQ,18060,10848,60.07
20,121,AKSHOPTFBR,EQ,360811,244216,67.69
20,122,AKZOINDIA,EQ,30519,17666,57.89
20,123,ALANKIT,EQ,607117,447971,73.79
20,124,ALBERTDAVD,EQ,4344,2481,57.11
20,125,ALEMBICLTD,EQ,667087,260794,39.09
20,126,ALICON,EQ,8083,4415,54.62
20,127,ALKALI,EQ,8079,5551,68.71
20,128,ALKEM,EQ,62007,25211,40.66
20,129,ALKYLAMINE,EQ,54020,20671,38.27
20,130,ALLCARGO,EQ,135664,68887,50.78
20,131,ALLETEC,SM,52800,40000,75.76
20,132,ALLSEC,EQ,10522,5930,56.36
20,133,ALMONDZ,EQ,27017,18884,69.90
20,134,ALOKINDS,EQ,19682294,4770924,24.24
20,135,ALPA,EQ,43187,24841,57.52
20,136,ALPHAGEO,EQ,114668,52129,45.46
20,137,ALPSINDUS,EQ,158284,119955,75.78
20,138,AMARAJABAT,EQ,299303,172365,57.59
20,139,AMBER,EQ,69742,24177,34.67
20,140,AMBIKCO,EQ,20659,11392,55.14
20,141,AMBUJACEM,EQ,2289507,1186224,51.81
20,142,AMDIND,EQ,9971,7940,79.63
20,143,AMEYA,SM,16000,16000,100.00
20,144,AMIORG,EQ,79158,41476,52.40
20,145,AMJLAND,EQ,98772,48451,49.05
20,146,AMRUTANJAN,EQ,19410,12582,64.82
20,147,ANANDRATHI,EQ,218878,71069,32.47
20,148,ANANTRAJ,EQ,1624022,489251,30.13
20,149,ANDHRAPAP,EQ,330072,184185,55.80
20,150,ANDHRSUGAR,EQ,423021,181850,42.99
20,151,ANDREWYU,EQ,7745307,2540638,32.80
20,152,ANGELONE,EQ,287664,144421,50.20
20,153,ANLON,SM,24000,21600,90.00
20,154,ANNAPURNA,SM,37000,33000,89.19
20,155,ANUP,EQ,20774,8184,39.40
20,156,ANURAS,EQ,59325,30605,51.59
20,157,APARINDS,EQ,599593,122969,20.51
20,158,APCL,EQ,25663,17796,69.34
20,159,APCOTEXIND,EQ,61855,27862,45.04
20,160,APEX,EQ,159250,81718,51.31
20,161,APLAPOLLO,EQ,559961,396337,70.78
20,162,APLLTD,EQ,1062232,219878,20.70
20,163,APOLLO,EQ,499856,258946,51.80
20,164,APOLLOHOSP,EQ,509910,224209,43.97
20,165,APOLLOPIPE,EQ,22834,11993,52.52
20,166,APOLLOTYRE,EQ,2135884,780848,36.56
20,167,APTECHT,EQ,391543,173949,44.43
20,168,APTUS,EQ,476492,242338,50.86
20,169,ARENTERP,EQ,322966,95006,29.42
20,170,ARHAM,SM,30000,24000,80.00
20,171,ARIES,EQ,52085,20077,38.55
20,172,ARIHANTACA,SM,3200,3200,100.00
20,173,ARIHANTCAP,EQ,413334,241454,58.42
20,174,ARIHANTSUP,EQ,99374,24414,24.57
20,175,ARISTO,SM,38400,30400,79.17
20,176,ARMANFIN,EQ,10155,3980,39.19
20,177,AROGRANITE,EQ,253274,80249,31.68
20,178,ARTEMISMED,EQ,221888,139296,62.78
20,179,ARVIND,EQ,500284,188574,37.69
20,180,ARVINDFASN,EQ,209758,147073,70.12
20,181,ARVSMART,EQ,21040,11414,54.25
20,182,ASAHIINDIA,EQ,1069233,213661,19.98
20,183,ASAHISONG,EQ,28323,16303,57.56
20,184,ASAL,EQ,36955,16076,43.50
20,185,ASALCBR,EQ,21114,13102,62.05
20,186,ASHAPURMIN,EQ,692877,400236,57.76
20,187,ASHIANA,EQ,51558,22662,43.95
20,188,ASHIMASYN,EQ,73698,59766,81.10
20,189,ASHOKA,EQ,2813856,821964,29.21
20,190,ASHOKLEY,EQ,5632691,2675916,47.51
20,191,ASIANENE,EQ,249665,149422,59.85
20,192,ASIANPAINT,EQ,901084,535659,59.45
20,193,ASIANTILES,EQ,656685,438973,66.85
20,194,ASLIND,SM,4000,4000,100.00
20,195,ASPINWALL,EQ,7265,5709,78.58
20,196,ASTEC,EQ,6812,3834,56.28
20,197,ASTERDM,EQ,399920,197682,49.43
20,198,ASTRAL,EQ,307241,120419,39.19
20,199,ASTRAMICRO,EQ,480571,229841,47.83
20,200,ASTRAZEN,EQ,11406,4914,43.08
20,201,ASTRON,EQ,68776,21651,31.48
20,202,ATAM,EQ,8080,5032,62.28
20,203,ATFL,EQ,12926,8307,64.27
20,204,ATGL,EQ,428173,258932,60.47
20,205,ATL,EQ,1658734,964299,58.13
20,206,ATUL,EQ,46167,21986,47.62
20,207,ATULAUTO,EQ,132766,65725,49.50
20,208,AUBANK,EQ,4544074,748563,16.47
20,209,AURDIS,SM,7000,5000,71.43
20,210,AUROIMPEX,SM,12800,12800,100.00
20,211,AUROPHARMA,EQ,1612327,962547,59.70
20,212,AURUM,EQ,33004,22461,68.06
20,213,AURUMPP,E1,2065,1914,92.69
20,214,AUSOMENT,EQ,6672,4863,72.89
20,215,AUTOAXLES,EQ,55327,28359,51.26
20,216,AUTOBEES,EQ,115730,84279,72.82
20,217,AVADHSUGAR,EQ,224884,58580,26.05
20,218,AVALON,EQ,111200,43805,39.39
20,219,AVANTIFEED,EQ,234223,93206,39.79
20,220,AVG,EQ,66773,33115,49.59
20,221,AVROIND,EQ,40287,9729,24.15
20,222,AVTNPL,EQ,2148199,811170,37.76
20,223,AWHCL,EQ,123989,60481,48.78
20,224,AWL,EQ,885643,576761,65.12
20,225,AXISBANK,EQ,13619788,5182532,38.05
20,226,AXISBNKETF,EQ,1403,1018,72.56
20,227,AXISBPSETF,EQ,20977,8155,38.88
20,228,AXISCETF,EQ,801,541,67.54
20,229,AXISGOLD,EQ,51503,38133,74.04
20,230,AXISHCETF,EQ,3777,2508,66.40
20,231,AXISILVER,EQ,15444,9532,61.72
20,232,AXISNIFTY,EQ,13565,11780,86.84
20,233,AXISTECETF,EQ,2952,2321,78.62
20,234,AXSENSEX,EQ,1345,907,67.43
20,235,AYMSYNTEX,EQ,57345,18965,33.07
20,236,BAHETI,SM,12000,7500,62.50
20,237,BAIDFIN,EQ,755659,184970,24.48
20,238,BAJAJ-AUTO,EQ,622924,258352,41.47
20,239,BAJAJCON,EQ,501206,290489,57.96
20,240,BAJAJFINSV,EQ,1076887,526192,48.86
20,241,BAJAJHCARE,EQ,603618,247474,41.00
20,242,BAJAJHIND,EQ,26186624,7821432,29.87
20,243,BAJAJHLDNG,EQ,75653,63755,84.27
20,244,BAJFINANCE,EQ,844190,416218,49.30
20,245,BALAJITELE,EQ,185212,79699,43.03
20,246,BALAMINES,EQ,60568,30144,49.77
20,247,BALAXI,EQ,3062,1802,58.85
20,248,BALKRISHNA,EQ,53232,18997,35.69
20,249,BALKRISIND,EQ,487129,334570,68.68
20,250,BALMLAWRIE,EQ,942511,430602,45.69
20,251,BALPHARMA,EQ,13361,7371,55.17
20,252,BALRAMCHIN,EQ,1906867,678512,35.58
20,253,BANARBEADS,EQ,11020,6243,56.65
20,254,BANARISUG,EQ,1000,450,45.00
20,255,BANCOINDIA,EQ,88219,48897,55.43
20,256,BANDHANBNK,EQ,14347302,6248876,43.55
20,257,BANG,EQ,150431,76651,50.95
20,258,BANKA,EQ,27576,15925,57.75
20,259,BANKBARODA,EQ,29729690,10283678,34.59
20,260,BANKBEES,EQ,744962,511181,68.62
20,261,BANKETF,EQ,2088,1667,79.84
20,262,BANKINDIA,EQ,38895249,10662065,27.41
20,263,BANSWRAS,EQ,43930,22070,50.24
20,264,BARBEQUE,EQ,404319,275361,68.10
20,265,BASF,EQ,4267,2086,48.89
20,266,BASILIC,ST,577200,460800,79.83
20,267,BASML,EQ,69767,39271,56.29
20,268,BATAINDIA,EQ,107216,25651,23.92
20,269,BAYERCROP,EQ,13306,6878,51.69
20,270,BBETF0432,EQ,661,611,92.44
20,271,BBL,EQ,23192,13166,56.77
20,272,BBOX,EQ,151083,74349,49.21
20,273,BBTC,EQ,50049,19876,39.71
20,274,BBTCL,EQ,6307,3069,48.66
20,275,BCG,EQ,1720267,1719798,99.97
20,276,BCLIND,EQ,199858,87758,43.91
20,277,BDL,EQ,1360294,493247,36.26
20,278,BECTORFOOD,EQ,192562,104336,54.18
20,279,BEDMUTHA,EQ,72398,28075,38.78
20,280,BEL,EQ,19080613,11559868,60.58
20,281,BEML,EQ,243274,65616,26.97
20,282,BEPL,EQ,476225,275335,57.82
20,283,BERGEPAINT,EQ,2041600,503469,24.66
20,284,BETA,SM,1400,1200,85.71
20,285,BEWLTD,SM,13500,9500,70.37
20,286,BFINVEST,EQ,159203,29636,18.62
20,287,BFSI,EQ,343679,326143,94.90
20,288,BFUTILITIE,EQ,175892,92560,52.62
20,289,BGRENERGY,EQ,656100,222092,33.85
20,290,BHAGCHEM,EQ,2019,1317,65.23
20,291,BHAGERIA,EQ,24832,13804,55.59
20,292,BHARATFORG,EQ,967266,421903,43.62
20,293,BHARATGEAR,EQ,39103,22699,58.05
20,294,BHARATRAS,EQ,524,327,62.40
20,295,BHARATWIRE,EQ,311266,109396,35.15
20,296,BHARTIARTL,EQ,5241903,3754543,71.63
20,297,BHEL,EQ,20538834,7957969,38.75
20,298,BIGBLOC,EQ,352525,126953,36.01
20,299,BIKAJI,EQ,113584,61184,53.87
20,300,BIOCON,EQ,3260778,1275539,39.12
20,301,BIOFILCHEM,EQ,45025,29453,65.41
20,302,BIRET,RR,603835,530173,87.80
20,303,BIRLACABLE,EQ,255905,92294,36.07
20,304,BIRLACORPN,EQ,99243,46323,46.68
20,305,BIRLAMONEY,EQ,155624,78061,50.16
20,306,BLAL,EQ,101131,52670,52.08
20,307,BLBLIMITED,EQ,196053,119133,60.77
20,308,BLISSGVS,EQ,290785,165029,56.75
20,309,BLKASHYAP,EQ,2806116,774057,27.58
20,310,BLS,EQ,793520,350843,44.21
20,311,BLUEDART,EQ,25161,16443,65.35
20,312,BLUESTARCO,EQ,10950814,2507117,22.89
20,313,BMETRICS,SM,13600,10400,76.47
20,314,BODALCHEM,EQ,534600,278841,52.16
20,315,BOMDYEING,EQ,2530212,808162,31.94
20,316,BOROLTD,EQ,49802,24347,48.89
20,317,BORORENEW,EQ,282873,142653,50.43
20,318,BOSCHLTD,EQ,14856,7512,50.57
20,319,BPCL,EQ,9146076,5662391,61.91
20,320,BPL,EQ,1116527,429505,38.47
20,321,BRIGADE,EQ,262394,171890,65.51
20,322,BRIGHT,SM,162000,138000,85.19
20,323,BRITANNIA,EQ,357295,228408,63.93
20,324,BRITANNIA,N3,2161,2154,99.68
20,325,BRNL,EQ,62174,41062,66.04
20,326,BSE,EQ,1528367,707910,46.32
20,327,BSLGOLDETF,EQ,5895,3161,53.62
20,328,BSLNIFTY,EQ,154035,102598,66.61
20,329,BSLSENETFG,EQ,1111,790,71.11
20,330,BSOFT,EQ,1886250,807113,42.79
20,331,BTML,EQ,31177,17051,54.69
20,332,BURNPUR,EQ,342647,211684,61.78
20,333,BUTTERFLY,EQ,18345,13195,71.93
20,334,BYKE,EQ,49034,30865,62.95
20,335,CADSYS,SM,20000,14000,70.00
20,336,CALSOFT,EQ,20583,13398,65.09
20,337,CAMLINFINE,EQ,2107409,1335868,63.39
20,338,CAMPUS,EQ,737313,476284,64.60
20,339,CAMS,EQ,92561,47663,51.49
20,340,CANBK,EQ,9138188,2459780,26.92
20,341,CANFINHOME,EQ,525752,170383,32.41
20,342,CANTABIL,EQ,25887,10020,38.71
20,343,CAPACITE,EQ,560595,198222,35.36
20,344,CAPLIPOINT,EQ,85109,27789,32.65
20,345,CAPTRUST,EQ,32157,13495,41.97
20,346,CARBORUNIV,EQ,141671,66342,46.83
20,347,CARERATING,EQ,83896,37524,44.73
20,348,CARTRADE,EQ,90547,36059,39.82
20,349,CARYSIL,EQ,68889,38675,56.14
20,350,CASTROLIND,EQ,1892546,944796,49.92
20,351,CCL,EQ,601496,381542,63.43
20,352,CDSL,EQ,609251,266244,43.70
20,353,CEATLTD,EQ,139363,47804,34.30
20,354,CELEBRITY,EQ,1768008,117843,6.67
20,355,CELLPOINT,SM,15600,13200,84.62
20,356,CENTENKA,EQ,19733,12309,62.38
20,357,CENTRALBK,EQ,114782520,23713972,20.66
20,358,CENTRUM,EQ,132448,74851,56.51
20,359,CENTURYPLY,EQ,101324,40030,39.51
20,360,CENTURYTEX,EQ,102762,39423,38.36
20,361,CERA,EQ,19275,9069,47.05
20,362,CESC,EQ,3719329,1821269,48.97
20,363,CGCL,EQ,129289,60296,46.64
20,364,CGPOWER,EQ,1273080,910698,71.54
20,365,CHALET,EQ,218709,141149,64.54
20,366,CHAMBLFERT,EQ,2006596,934827,46.59
20,367,CHEMBOND,EQ,21098,9113,43.19
20,368,CHEMCON,EQ,45730,24072,52.64
20,369,CHEMFAB,EQ,48560,11652,24.00
20,370,CHEMPLASTS,EQ,199999,136649,68.32
20,371,CHENNPETRO,EQ,5179887,1074967,20.75
20,372,CHEVIOT,EQ,2931,2147,73.25
20,373,CHOICEIN,EQ,286346,26982,9.42
20,374,CHOLAFIN,EQ,1903238,748913,39.35
20,375,CHOLAFIN,N0,678,677,99.85
20,376,CHOLAFIN,N4,814,507,62.29
20,377,CHOLAFIN,N8,1000,1000,100.00
20,378,CHOLAHLDNG,EQ,143073,115000,80.38
20,379,CIEINDIA,EQ,335041,178289,53.21
20,380,CIGNITITEC,EQ,79376,55581,70.02
20,381,CINEVISTA,EQ,133415,84284,63.17
20,382,CIPLA,EQ,1701959,843257,49.55
20,383,CLEAN,EQ,90150,41859,46.43
20,384,CLEDUCATE,EQ,73620,49366,67.06
20,385,CLOUD,SM,246000,163000,66.26
20,386,CLSEL,EQ,3614592,586629,16.23
20,387,CLSL,SM,44000,34000,77.27
20,388,CMNL,SM,36000,27000,75.00
20,389,CMRSL,SM,800,800,100.00
20,390,CMSINFO,EQ,1128671,872097,77.27
20,391,COALINDIA,EQ,18615797,6140702,32.99
20,392,COASTCORP,EQ,31141,26017,83.55
20,393,COCHINSHIP,EQ,2459592,401948,16.34
20,394,COFFEEDAY,EQ,2960413,1783653,60.25
20,395,COFORGE,EQ,266063,160176,60.20
20,396,COLPAL,EQ,334511,178095,53.24
20,397,COMPINFO,EQ,157260,89707,57.04
20,398,COMPUSOFT,EQ,55357,38343,69.26
20,399,CONCOR,EQ,2037458,1045547,51.32
20,400,CONCORDBIO,EQ,103220,62076,60.14
20,401,CONFIPET,EQ,1373180,599124,43.63
20,402,CONSUMBEES,EQ,30458,16374,53.76
20,403,CONTI,SM,16665,9999,60.00
20,404,CONTROLPR,EQ,39124,21717,55.51
20,405,COOLCAPS,SM,5000,5000,100.00
20,406,CORALFINAC,EQ,45555,28735,63.08
20,407,COROMANDEL,EQ,261860,138891,53.04
20,408,COSMOFIRST,EQ,93584,41439,44.28
20,409,COUNCODOS,EQ,69712,52642,75.51
20,410,CPS,ST,24000,21000,87.50
20,411,CPSEETF,EQ,5261854,4800669,91.24
20,412,CRAFTSMAN,EQ,58388,19107,32.72
20,413,CRAYONS,SM,50000,42000,84.00
20,414,CREATIVE,EQ,17151,8911,51.96
20,415,CREATIVEYE,EQ,9869,9579,97.06
20,416,CREDITACC,EQ,196851,112321,57.06
20,417,CREDITACC,N1,7,7,100.00
20,418,CREDITACC,N3,30,30,100.00
20,419,CREDITACC,N5,5,5,100.00
20,420,CREDITACC,N7,201,201,100.00
20,421,CREDITACC,N9,1,1,100.00
20,422,CREDITACC,NB,10,10,100.00
20,423,CREDITACC,ND,4056,4056,100.00
20,424,CREST,EQ,18309,10663,58.24
20,425,CRISIL,EQ,6269,3673,58.59
20,426,CROMPTON,EQ,1480199,942487,63.67
20,427,CSBBANK,EQ,411835,237185,57.59
20,428,CSLFINANCE,EQ,53232,34716,65.22
20,429,CUB,EQ,3105163,1320659,42.53
20,430,CUBEXTUB,EQ,103829,40163,38.68
20,431,CUMMINSIND,EQ,626655,321829,51.36
20,432,CUPID,EQ,89006,34757,39.05
20,433,CYIENT,EQ,590777,380089,64.34
20,434,CYIENTDLM,EQ,92122,45445,49.33
20,435,DAAWAT,EQ,868292,172650,19.88
20,436,DABUR,EQ,2487342,1413494,56.83
20,437,DALBHARAT,EQ,383701,164801,42.95
20,438,DALMIASUG,EQ,202187,70800,35.02
20,439,DAMODARIND,EQ,60850,34238,56.27
20,440,DANGEE,EQ,876540,585917,66.84
20,441,DATAMATICS,EQ,93999,47083,50.09
20,442,DATAPATTNS,EQ,256130,68979,26.93
20,443,DBCORP,EQ,167050,96093,57.52
20,444,DBL,EQ,384847,164172,42.66
20,445,DBOL,EQ,268459,108140,40.28
20,446,DBREALTY,EQ,2958746,1384174,46.78
20,447,DBSTOCKBRO,EQ,12004,7463,62.17
20,448,DCAL,EQ,413206,155672,37.67
20,449,DCBBANK,EQ,5041698,2743174,54.41
20,450,DCM,EQ,32901,17506,53.21
20,451,DCMFINSERV,EQ,85069,44409,52.20
20,452,DCMNVL,EQ,16749,11732,70.05
20,453,DCMSHRIRAM,EQ,167540,102340,61.08
20,454,DCMSRIND,EQ,513873,276628,53.83
20,455,DCW,EQ,5301332,1888940,35.63
20,456,DCXINDIA,EQ,426730,155345,36.40
20,457,DECCANCE,EQ,6570,3539,53.87
20,458,DEEPAKFERT,EQ,425089,173209,40.75
20,459,DEEPAKNTR,EQ,241660,121018,50.08
20,460,DEEPINDS,EQ,246416,100217,40.67
20,461,DELHIVERY,EQ,1159634,439818,37.93
20,462,DELPHIFX,EQ,1532,1045,68.21
20,463,DELTACORP,EQ,1771665,887694,50.11
20,464,DEN,EQ,13375408,3475548,25.98
20,465,DENEERS,SM,16800,10800,64.29
20,466,DENORA,EQ,3773,2056,54.49
20,467,DENTALKART,SM,25000,23000,92.00
20,468,DESTINY,SM,54000,54000,100.00
20,469,DEVYANI,EQ,603709,283169,46.90
20,470,DGCONTENT,EQ,15508,8292,53.47
20,471,DHAMPURSUG,EQ,1172411,417074,35.57
20,472,DHANBANK,EQ,22179801,6020949,27.15
20,473,DHANILOANS,N6,200,200,100.00
20,474,DHANILOANS,N8,280,280,100.00
20,475,DHANILOANS,NH,8,8,100.00
20,476,DHANILOANS,NS,20,20,100.00
20,477,DHANILOANS,NW,15,15,100.00
20,478,DHANUKA,EQ,41293,23000,55.70
20,479,DHARMAJ,EQ,67441,30877,45.78
20,480,DHRUV,EQ,18981,10353,54.54
20,481,DHUNINV,EQ,1909,929,48.66
20,482,DIAMONDYD,EQ,90911,80332,88.36
20,483,DICIND,EQ,1746,657,37.63
20,484,DISHTV,EQ,15320979,6550660,42.76
20,485,DIVGIITTS,EQ,42276,22587,53.43
20,486,DIVISLAB,EQ,201038,88656,44.10
20,487,DIVOPPBEES,EQ,31755,25845,81.39
20,488,DIXON,EQ,203145,49117,24.18
20,489,DJML,EQ,2123,1242,58.50
20,490,DKEGL,SM,12000,9000,75.00
20,491,DLF,EQ,2135243,810329,37.95
20,492,DLINKINDIA,EQ,144412,64853,44.91
20,493,DMART,EQ,182671,105656,57.84
20,494,DMCC,EQ,13868,5517,39.78
20,495,DNAMEDIA,EQ,48494,36943,76.18
20,496,DODLA,EQ,97859,56678,57.92
20,497,DOLATALGO,EQ,67344,32813,48.72
20,498,DOLLAR,EQ,49116,29542,60.15
20,499,DOLLEX,SM,84000,44000,52.38
20,500,DONEAR,EQ,197476,89954,45.55
20,501,DPABHUSHAN,EQ,12108,6283,51.89
20,502,DPSCLTD,EQ,355072,166652,46.93
20,503,DPWIRES,EQ,22711,8789,38.70
20,504,DRCSYSTEMS,EQ,59281,27214,45.91
20,505,DREAMFOLKS,EQ,263280,164630,62.53
20,506,DREDGECORP,EQ,122070,68125,55.81
20,507,DRL,SM,6000,6000,100.00
20,508,DRONE,SM,116000,76000,65.52
20,509,DRREDDY,EQ,453281,283007,62.44
20,510,DSPBANKETF,EQ,3084842,3075195,99.69
20,511,DSPGOLDETF,EQ,1653,1162,70.30
20,512,DSPITETF,EQ,16219,11363,70.06
20,513,DSPN50ETF,EQ,268,177,66.04
20,514,DSPNEWETF,EQ,7196,5343,74.25
20,515,DSPPSBKETF,EQ,1167880,1165881,99.83
20,516,DSPPVBKETF,EQ,24145,18979,78.60
20,517,DSPQ50ETF,EQ,2942,2198,74.71
20,518,DSPSENXETF,EQ,484,441,91.12
20,519,DSPSILVETF,EQ,10715,4870,45.45
20,520,DSSL,EQ,21465,12134,56.53
20,521,DTIL,EQ,15523,6624,42.67
20,522,DUCOL,SM,12800,8000,62.50
20,523,DUGLOBAL,SM,2500,2500,100.00
20,524,DVL,EQ,22103,12790,57.87
20,525,DWARKESH,EQ,4116930,1297480,31.52
20,526,DYNAMATECH,EQ,71396,17479,24.48
20,527,DYNAMIC,SM,136000,98000,72.06
20,528,DYNPRO,EQ,28252,16660,58.97
20,529,EASEMYTRIP,EQ,54479646,23006788,42.23
20,530,EBBETF0425,EQ,3633,2728,75.09
20,531,EBBETF0430,EQ,6032,3607,59.80
20,532,EBBETF0431,EQ,3832,2767,72.21
20,533,EBBETF0433,EQ,4217,4160,98.65
20,534,ECLERX,EQ,82951,31661,38.17
20,535,ECLFINANCE,NJ,25,25,100.00
20,536,ECLFINANCE,NO,3962,3962,100.00
20,537,ECLFINANCE,NP,2,0,0.00
20,538,ECLFINANCE,NR,363,338,93.11
20,539,ECLFINANCE,NS,50,48,96.00
20,540,EDELWEISS,EQ,1555422,581931,37.41
20,541,EICHERMOT,EQ,547812,272788,49.80
20,542,EIDPARRY,EQ,753182,369055,49.00
20,543,EIFFL,EQ,35916,32407,90.23
20,544,EIHAHOTELS,EQ,14893,7371,49.49
20,545,EIHOTEL,EQ,979604,564217,57.60
20,546,EIMCOELECO,EQ,13208,10683,80.88
20,547,EKC,EQ,978536,410853,41.99
20,548,ELDEHSG,EQ,994,627,63.08
20,549,ELECON,EQ,880505,363249,41.25
20,550,ELECTCAST,EQ,2067827,766825,37.08
20,551,ELGIEQUIP,EQ,130972,64879,49.54
20,552,ELIN,EQ,159556,75109,47.07
20,553,EMAMILTD,EQ,334226,216711,64.84
20,554,EMAMIPAP,EQ,63368,39536,62.39
20,555,EMAMIREAL,EQ,50174,31132,62.05
20,556,EMBASSY,RR,745294,691487,92.78
20,557,EMKAY,EQ,81825,31295,38.25
20,558,EMKAYTOOLS,SM,25800,18600,72.09
20,559,EMMBI,EQ,209906,92756,44.19
20,560,EMUDHRA,EQ,318471,127310,39.98
20,561,ENDURANCE,EQ,66859,32788,49.04
20,562,ENERGYDEV,EQ,75050,51642,68.81
20,563,ENGINERSIN,EQ,2130195,884807,41.54
20,564,ENIL,EQ,17412,9730,55.88
20,565,EPIGRAL,EQ,25962,15822,60.94
20,566,EPL,EQ,506142,289469,57.19
20,567,EQUITASBNK,EQ,3143785,1905223,60.60
20,568,ERFLNCDI,N5,30,30,100.00
20,569,ERFLNCDI,N6,20,20,100.00
20,570,ERIS,EQ,78666,49261,62.62
20,571,EROSMEDIA,EQ,307261,176054,57.30
20,572,ESABINDIA,EQ,3754,1685,44.89
20,573,ESCORTS,EQ,131316,25573,19.47
20,574,ESFL,SM,166800,112800,67.63
20,575,ESG,EQ,169565,146833,86.59
20,576,ESTER,EQ,135560,82806,61.08
20,577,ETHOSLTD,EQ,46823,15803,33.75
20,578,EUROBOND,SM,15000,10000,66.67
20,579,EVEREADY,EQ,158554,72222,45.55
20,580,EVERESTIND,EQ,10975,4778,43.54
20,581,EXCELINDUS,EQ,10171,6555,64.45
20,582,EXIDEIND,EQ,3029530,1697153,56.02
20,583,EXPLEOSOL,EQ,19619,8774,44.72
20,584,EXXARO,EQ,209248,112403,53.72
20,585,FACT,EQ,1046547,256552,24.51
20,586,FAIRCHEMOR,EQ,11734,6498,55.38
20,587,FAZE3Q,EQ,12028,6507,54.10
20,588,FCL,EQ,462792,110570,23.89
20,589,FCSSOFT,EQ,8798541,5768882,65.57
20,590,FDC,EQ,238589,155684,65.25
20,591,FEDERALBNK,EQ,19554843,7108269,36.35
20,592,FELIX,SM,6000,5000,83.33
20,593,FIBERWEB,EQ,81834,25545,31.22
20,594,FIDEL,SM,15000,12000,80.00
20,595,FIEMIND,EQ,31685,15795,49.85
20,596,FILATEX,EQ,329028,202339,61.50
20,597,FINCABLES,EQ,193557,69632,35.97
20,598,FINEORG,EQ,33025,16641,50.39
20,599,FINOPB,EQ,120256,53748,44.69
20,600,FINPIPE,EQ,350894,159345,45.41
20,601,FIVESTAR,EQ,318329,203045,63.78
20,602,FLUOROCHEM,EQ,118412,51626,43.60
20,603,FMGOETZE,EQ,124813,67821,54.34
20,604,FOCE,SM,2000,2000,100.00
20,605,FOCUS,EQ,38421,26414,68.75
20,606,FOODSIN,EQ,150652,64446,42.78
20,607,FORCEMOT,EQ,16277,10201,62.67
20,608,FORTIS,EQ,1293133,712758,55.12
20,609,FOSECOIND,EQ,3624,1497,41.31
20,610,FROG,SM,14400,11200,77.78
20,611,FSL,EQ,1260832,538897,42.74
20,612,FUSION,EQ,134453,70515,52.45
20,613,GABRIEL,EQ,362486,229222,63.24
20,614,GAEL,EQ,407761,187395,45.96
20,615,GAIL,EQ,20993004,12647486,60.25
20,616,GALAXYSURF,EQ,10631,6276,59.03
20,617,GALLANTT,EQ,162041,51015,31.48
20,618,GANDHITUBE,EQ,4902,2714,55.37
20,619,GANECOS,EQ,48725,27386,56.21
20,620,GANESHBE,EQ,88274,42170,47.77
20,621,GANESHHOUC,EQ,58403,32326,55.35
20,622,GANGESSECU,EQ,32512,18661,57.40
20,623,GARFIBRES,EQ,9231,5533,59.94
20,624,GATEWAY,EQ,546591,328323,60.07
20,625,GATI,EQ,1019706,451840,44.31
20,626,GEECEE,EQ,31699,17768,56.05
20,627,GENESYS,EQ,88742,31539,35.54
20,628,GENSOL,EQ,15434,9581,62.08
20,629,GENUSPAPER,EQ,646109,241087,37.31
20,630,GENUSPOWER,EQ,609097,368272,60.46
20,631,GEOJITFSL,EQ,407426,220551,54.13
20,632,GEPIL,EQ,1072806,308084,28.72
20,633,GESHIP,EQ,209417,78630,37.55
20,634,GET&D,EQ,471590,240826,51.07
20,635,GFLLIMITED,EQ,199734,111074,55.61
20,636,GHCL,EQ,281869,143003,50.73
20,637,GHCLTEXTIL,EQ,269836,182924,67.79
20,638,GICHSGFIN,EQ,1923537,834580,43.39
20,639,GICL,SM,12000,12000,100.00
20,640,GICRE,EQ,1548007,322461,20.83
20,641,GILLANDERS,EQ,474383,174067,36.69
20,642,GILLETTE,EQ,38584,17994,46.64
20,643,GILT5YBEES,EQ,334296,284763,85.18
20,644,GIPCL,EQ,1070152,422939,39.52
20,645,GIRIRAJ,SM,6000,6000,100.00
20,646,GLAND,EQ,125725,50968,40.54
20,647,GLAXO,EQ,46263,28820,62.30
20,648,GLENMARK,EQ,1526780,693252,45.41
20,649,GLFL,EQ,5231,3983,76.14
20,650,GLOBAL,EQ,31726,19985,62.99
20,651,GLOBALPET,SM,21000,15000,71.43
20,652,GLOBE,EQ,2313931,1666846,72.04
20,653,GLOBUSSPR,EQ,291763,177156,60.72
20,654,GLS,EQ,104422,56025,53.65
20,655,GMBREW,EQ,382890,124440,32.50
20,656,GMDCLTD,EQ,3555702,1210118,34.03
20,657,GMMPFAUDLR,EQ,158487,83877,52.92
20,658,GMRINFRA,EQ,9459462,4546439,48.06
20,659,GMRP&UI,EQ,29155203,11994511,41.14
20,660,GNA,EQ,253804,131032,51.63
20,661,GNFC,EQ,989722,432412,43.69
20,662,GOACARBON,EQ,45566,12275,26.94
20,663,GOCLCORP,EQ,44450,19164,43.11
20,664,GOCOLORS,EQ,62783,44070,70.19
20,665,GODFRYPHLP,EQ,31442,15854,50.42
20,666,GODREJAGRO,EQ,84763,48068,56.71
20,667,GODREJCP,EQ,844213,526188,62.33
20,668,GODREJIND,EQ,153640,68330,44.47
20,669,GODREJPROP,EQ,427123,200680,46.98
20,670,GOKEX,EQ,318432,129827,40.77
20,671,GOKUL,EQ,357455,191822,53.66
20,672,GOKULAGRO,EQ,109259,50499,46.22
20,673,GOLDBEES,EQ,2700162,1949096,72.18
20,674,GOLDETF,EQ,9462,8899,94.05
20,675,GOLDIAM,EQ,144115,88921,61.70
20,676,GOLDSHARE,EQ,41256,27061,65.59
20,677,GOLDSTAR,SM,45000,45000,100.00
20,678,GOODLUCK,EQ,214072,111270,51.98
20,679,GOODYEAR,EQ,9248,6035,65.26
20,680,GPIL,EQ,217780,114772,52.70
20,681,GPPL,EQ,1191731,619914,52.02
20,682,GRANULES,EQ,1988574,599516,30.15
20,683,GRAPHITE,EQ,2522120,427375,16.95
20,684,GRASIM,EQ,579726,272660,47.03
20,685,GRAUWEIL,EQ,470998,263175,55.88
20,686,GRAVITA,EQ,329401,120841,36.69
20,687,GRCL,SM,8000,8000,100.00
20,688,GREAVESCOT,EQ,850711,408031,47.96
20,689,GREENCHEF,SM,22400,20800,92.86
20,690,GREENLAM,EQ,14217,8857,62.30
20,691,GREENPANEL,EQ,150575,74613,49.55
20,692,GREENPLY,EQ,116850,67152,57.47
20,693,GRINDWELL,EQ,41245,25433,61.66
20,694,GRINFRA,EQ,93372,24080,25.79
20,695,GRMOVER,EQ,112015,54904,49.01
20,696,GROBTEA,EQ,1842,332,18.02
20,697,GRSE,EQ,2361293,264356,11.20
20,698,GRWRHITECH,EQ,45188,29451,65.17
20,699,GSEC10YEAR,EQ,4,2,50.00
20,700,GSFC,EQ,1203896,518789,43.09
20,701,GSLSU,EQ,392528,143876,36.65
20,702,GSPL,EQ,1061845,637160,60.00
20,703,GSS,EQ,63038,40125,63.65
20,704,GSTL,SM,6000,5000,83.33
20,705,GTLINFRA,EQ,62526167,36771514,58.81
20,706,GTPL,EQ,126459,52732,41.70
20,707,GUFICBIO,EQ,149422,85895,57.48
20,708,GUJALKALI,EQ,104671,52150,49.82
20,709,GUJGASLTD,EQ,1675358,924882,55.21
20,710,GULFOILLUB,EQ,39218,18961,48.35
20,711,GULFPETRO,EQ,101946,40794,40.02
20,712,GULPOLY,EQ,52492,27529,52.44
20,713,GVKPIL,EQ,904347,904347,100.00
20,714,HAL,EQ,1219857,502232,41.17
20,715,HAPPSTMNDS,EQ,271502,144095,53.07
20,716,HARDWYN,EQ,145973,129378,88.63
20,717,HARIOMPIPE,EQ,37102,15836,42.68
20,718,HARRMALAYA,EQ,588806,134981,22.92
20,719,HARSHA,EQ,50912,26004,51.08
20,720,HATHWAY,EQ,11761097,4062549,34.54
20,721,HATSUN,EQ,147635,82833,56.11
20,722,HAVELLS,EQ,524300,282060,53.80
20,723,HBLPOWER,EQ,1457546,666676,45.74
20,724,HBSL,EQ,53320,32863,61.63
20,725,HCC,EQ,16220305,9003719,55.51
20,726,HCG,EQ,74896,45346,60.55
20,727,HCLTECH,EQ,2220756,1575192,70.93
20,728,HDFCAMC,EQ,696580,223838,32.13
20,729,HDFCBANK,EQ,57737324,35268822,61.08
20,730,HDFCBSE500,EQ,32387,19589,60.48
20,731,HDFCGOLD,EQ,526110,430957,81.91
20,732,HDFCGROWTH,EQ,1611,1194,74.12
20,733,HDFCLIFE,EQ,1596867,667995,41.83
20,734,HDFCLIQUID,EQ,550,550,100.00
20,735,HDFCLOWVOL,EQ,122,106,86.89
20,736,HDFCMID150,EQ,16072,14952,93.03
20,737,HDFCMOMENT,EQ,2299,1426,62.03
20,738,HDFCNEXT50,EQ,393,344,87.53
20,739,HDFCNIF100,EQ,873,721,82.59
20,740,HDFCNIFBAN,EQ,10587,7575,71.55
20,741,HDFCNIFIT,EQ,1556,1169,75.13
20,742,HDFCNIFTY,EQ,65995,56418,85.49
20,743,HDFCPVTBAN,EQ,1900,1723,90.68
20,744,HDFCQUAL,EQ,900,697,77.44
20,745,HDFCSENSEX,EQ,6438,6056,94.07
20,746,HDFCSILVER,EQ,548209,359719,65.62
20,747,HDFCSML250,EQ,143546,92323,64.32
20,748,HDFCVALUE,EQ,1661,860,51.78
20,749,HEADSUP,EQ,18222,15526,85.20
20,750,HEALTHY,EQ,110006,68169,61.97
20,751,HECPROJECT,EQ,14457,9084,62.83
20,752,HEG,EQ,288432,74193,25.72
20,753,HEIDELBERG,EQ,437488,214222,48.97
20,754,HEMIPROP,EQ,880875,438461,49.78
20,755,HERANBA,EQ,46239,21091,45.61
20,756,HERCULES,EQ,20395,9547,46.81
20,757,HERITGFOOD,EQ,403651,176958,43.84
20,758,HEROMOTOCO,EQ,575906,258765,44.93
20,759,HESTERBIO,EQ,4026,2527,62.77
20,760,HEUBACHIND,EQ,64515,29217,45.29
20,761,HEXATRADEX,EQ,1984,1390,70.06
20,762,HFCL,EQ,7781450,3676778,47.25
20,763,HGINFRA,EQ,70033,28011,40.00
20,764,HGS,EQ,24235,13486,55.65
20,765,HIKAL,EQ,286940,103776,36.17
20,766,HIL,EQ,9258,5641,60.93
20,767,HILTON,EQ,91362,41368,45.28
20,768,HIMATSEIDE,EQ,646410,268917,41.60
20,769,HINDALCO,EQ,5861905,3228101,55.07
20,770,HINDCOMPOS,EQ,12314,5756,46.74
20,771,HINDCOPPER,EQ,13281824,3944740,29.70
20,772,HINDMOTORS,EQ,532146,306631,57.62
20,773,HINDOILEXP,EQ,801374,465078,58.04
20,774,HINDPETRO,EQ,4886856,2385807,48.82
20,775,HINDUNILVR,EQ,1795159,1423663,79.31
20,776,HINDWAREAP,EQ,58277,30212,51.84
20,777,HINDZINC,EQ,239370,160150,66.90
20,778,HITECH,EQ,1055751,504735,47.81
20,779,HITECHGEAR,EQ,7704,4255,55.23
20,780,HLEGLAS,EQ,36710,20536,55.94
20,781,HLVLTD,EQ,1394716,660398,47.35
20,782,HMAAGRO,EQ,30964,18642,60.21
20,783,HNDFDS,EQ,357448,158334,44.30
20,784,HNGSNGBEES,EQ,13984,10187,72.85
20,785,HOMEFIRST,EQ,91441,37409,40.91
20,786,HOMESFY,SM,1200,1200,100.00
20,787,HONAUT,EQ,3563,1752,49.17
20,788,HONDAPOWER,EQ,4957,1244,25.10
20,789,HPAL,EQ,81130,24242,29.88
20,790,HPL,EQ,134121,76323,56.91
20,791,HSCL,EQ,1256492,684255,54.46
20,792,HTMEDIA,EQ,1824259,828645,45.42
20,793,HUBTOWN,EQ,295481,235934,79.85
20,794,HUDCO,EQ,5275624,1811875,34.34
20,795,HUDCO,N2,395,300,75.95
20,796,HUDCO,N5,200,100,50.00
20,797,HUDCO,N8,85,85,100.00
20,798,HUDCO,ND,1092,1072,98.17
20,799,HUDCO,NE,1164,705,60.57
20,800,HUHTAMAKI,EQ,45364,30579,67.41
20,801,IBMFNIFTY,EQ,523,417,79.73
20,802,IBREALEST,EQ,16029343,4441704,27.71
20,803,IBUCCREDIT,ND,41,41,100.00
20,804,IBUCCREDIT,NM,16,16,100.00
20,805,IBUCCREDIT,NO,200,200,100.00
20,806,IBUCCREDIT,NR,30,30,100.00
20,807,IBULHSGFIN,AG,5,5,100.00
20,808,IBULHSGFIN,AJ,26,26,100.00
20,809,IBULHSGFIN,AN,10,10,100.00
20,810,IBULHSGFIN,AP,109,59,54.13
20,811,IBULHSGFIN,AT,10,10,100.00
20,812,IBULHSGFIN,EQ,16971493,4194149,24.71
20,813,IBULHSGFIN,NA,707,707,100.00
20,814,IBULHSGFIN,NQ,20,20,100.00
20,815,IBULHSGFIN,NS,5,5,100.00
20,816,IBULHSGFIN,NY,5,5,100.00
20,817,IBULHSGFIN,Y1,30,30,100.00
20,818,IBULHSGFIN,Y8,6,6,100.00
20,819,IBULHSGFIN,YT,5,5,100.00
20,820,IBULHSGFIN,ZB,10,10,100.00
20,821,IBULHSGFIN,ZP,10,10,100.00
20,822,IBULHSGFIN,ZX,8,4,50.00
20,823,ICEMAKE,EQ,12040,6411,53.25
20,824,ICICI10GS,EQ,88,67,76.14
20,825,ICICI500,EQ,155943,88091,56.49
20,826,ICICI5GSEC,EQ,1645,542,32.95
20,827,ICICIALPLV,EQ,95448,90287,94.59
20,828,ICICIAUTO,EQ,11262,9214,81.81
20,829,ICICIB22,EQ,658702,516678,78.44
20,830,ICICIBANK,EQ,25741856,10335867,40.15
20,831,ICICIBANKN,EQ,136504,124199,90.99
20,832,ICICIBANKP,EQ,32068,25196,78.57
20,833,ICICICOMMO,EQ,64347,53861,83.70
20,834,ICICICONSU,EQ,10878,9442,86.80
20,835,ICICIFIN,EQ,56954,46059,80.87
20,836,ICICIFMCG,EQ,4514,3626,80.33
20,837,ICICIGI,EQ,404250,232393,57.49
20,838,ICICIGOLD,EQ,260893,157789,60.48
20,839,ICICIINFRA,EQ,13235,7695,58.14
20,840,ICICILIQ,EQ,422372,407620,96.51
20,841,ICICILOVOL,EQ,530035,395784,74.67
20,842,ICICIM150,EQ,28912,19354,66.94
20,843,ICICIMCAP,EQ,4733,3838,81.09
20,844,ICICIMOM30,EQ,16124,9309,57.73
20,845,ICICINF100,EQ,13690,8102,59.18
20,846,ICICINIFTY,EQ,271673,229703,84.55
20,847,ICICINV20,EQ,57116,39773,69.64
20,848,ICICINXT50,EQ,174867,150742,86.20
20,849,ICICIPHARM,EQ,6331,5231,82.63
20,850,ICICIPRULI,EQ,962698,324298,33.69
20,851,ICICIQTY30,EQ,69,35,50.72
20,852,ICICISENSX,EQ,5052,4170,82.54
20,853,ICICISILVE,EQ,589640,526633,89.31
20,854,ICICITECH,EQ,192370,110638,57.51
20,855,ICIL,EQ,210502,132886,63.13
20,856,ICRA,EQ,1336,749,56.06
20,857,IDBI,EQ,15683559,5406452,34.47
20,858,IDEA,EQ,164487454,51879494,31.54
20,859,IDEAFORGE,EQ,403725,203887,50.50
20,860,IDFC,EQ,10321520,3506761,33.98
20,861,IDFCFIRSTB,EQ,49353167,17532711,35.52
20,862,IDFNIFTYET,EQ,163,143,87.73
20,863,IEX,EQ,5144120,1897504,36.89
20,864,IFBAGRO,EQ,5245,3539,67.47
20,865,IFBIND,EQ,23691,6408,27.05
20,866,IFCI,EQ,185900940,40233501,21.64
20,867,IFCI,NH,95,95,100.00
20,868,IFCI,NI,46,46,100.00
20,869,IFGLEXPOR,EQ,162770,66287,40.72
20,870,IGARASHI,EQ,102868,37287,36.25
20,871,IGL,EQ,1003641,482463,48.07
20,872,IGPL,EQ,343765,157410,45.79
20,873,IIFCL,N2,2021,2021,100.00
20,874,IIFCL,N4,710,690,97.18
20,875,IIFL,EQ,333977,246738,73.88
20,876,IIFL,N7,54,54,100.00
20,877,IIFL,NE,60,60,100.00
20,878,IIFL,NF,1192,1183,99.24
20,879,IIFL,NH,413,228,55.21
20,880,IIFL,NI,607,607,100.00
20,881,IIFL,NJ,46,46,100.00
20,882,IIFL,NL,225,225,100.00
20,883,IIFL,NM,144,119,82.64
20,884,IIFL,NO,200,184,92.00
20,885,IIFL,NR,10,10,100.00
20,886,IIFL,NS,1981,1981,100.00
20,887,IIFL,NZ,4,4,100.00
20,888,IIFL,Y1,30,30,100.00
20,889,IIFLSEC,EQ,171997,88375,51.38
20,890,IIHFL,N4,30,30,100.00
20,891,IIHFL,N5,759,756,99.60
20,892,IIHFL,N6,30,30,100.00
20,893,IIHFL,N7,131,131,100.00
20,894,IIHFL,N8,14,14,100.00
20,895,IKIO,EQ,243489,136632,56.11
20,896,IMAGICAA,EQ,878131,453292,51.62
20,897,IMC1,N0,12,12,100.00
20,898,IMC1,N1,12,12,100.00
20,899,IMC1,N2,14,13,92.86
20,900,IMC1,N3,12,12,100.00
20,901,IMFA,EQ,465243,207855,44.68
20,902,IMPAL,EQ,2852,2340,82.05
20,903,INCREDFIN,N4,265,265,100.00
20,904,INCREDFIN,N7,10,10,100.00
20,905,INCREDIBLE,EQ,23408,12377,52.88
20,906,INDBANK,EQ,1338895,560636,41.87
20,907,INDHOTEL,EQ,2329586,1248467,53.59
20,908,INDIACEM,EQ,4552923,1455150,31.96
20,909,INDIAGLYCO,EQ,102404,44745,43.69
20,910,INDIAMART,EQ,178185,78847,44.25
20,911,INDIANB,EQ,2090184,770337,36.85
20,912,INDIANCARD,EQ,5672,3265,57.56
20,913,INDIANHUME,EQ,29861,17347,58.09
20,914,INDIGO,EQ,1613294,1086670,67.36
20,915,INDIGOPNTS,EQ,82388,42800,51.95
20,916,INDIGRID,IV,220917,214726,97.20
20,917,INDIGRID,ND,21,21,100.00
20,918,INDIGRID,NJ,1,1,100.00
20,919,INDNIPPON,EQ,59058,26889,45.53
20,920,INDOAMIN,EQ,189077,80750,42.71
20,921,INDOCO,EQ,244934,128820,52.59
20,922,INDORAMA,EQ,743415,290523,39.08
20,923,INDSWFTLAB,EQ,121651,81458,66.96
20,924,INDTERRAIN,EQ,227165,131568,57.92
20,925,INDUSINDBK,EQ,5683215,2134540,37.56
20,926,INDUSTOWER,EQ,7585974,2199330,28.99
20,927,INFIBEAM,EQ,117211543,19831168,16.92
20,928,INFINIUM,SM,14000,12000,85.71
20,929,INFOBEAN,EQ,27039,14872,55.00
20,930,INFOLLION,SM,4800,4800,100.00
20,931,INFOMEDIA,EQ,56942,38790,68.12
20,932,INFRABEES,EQ,6071,5190,85.49
20,933,INFY,EQ,4169337,2684049,64.38
20,934,INGERRAND,EQ,50546,15543,30.75
20,935,INNOVANA,SM,4800,4000,83.33
20,936,INNOVATIVE,SM,39000,39000,100.00
20,937,INOXGREEN,EQ,1067499,437171,40.95
20,938,INOXWIND,EQ,949188,465522,49.04
20,939,INSECTICID,EQ,49754,32923,66.17
20,940,INTELLECT,EQ,340394,122742,36.06
20,941,INTENTECH,EQ,334262,125566,37.57
20,942,INTLCONV,EQ,334889,155963,46.57
20,943,INVENTURE,EQ,4592839,2467937,53.73
20,944,IOB,EQ,192600502,33299767,17.29
20,945,IOC,EQ,18228395,9833829,53.95
20,946,IOLCP,EQ,727605,207578,28.53
20,947,IONEXCHANG,EQ,178312,108051,60.60
20,948,IPCALAB,EQ,538630,197040,36.58
20,949,IPL,EQ,564403,172548,30.57
20,950,IPSL,SM,2000,2000,100.00
20,951,IRB,EQ,17177041,9246864,53.83
20,952,IRBINVIT,IV,74174,56874,76.68
20,953,IRCON,EQ,10841357,3291946,30.36
20,954,IRCTC,EQ,1353493,507827,37.52
20,955,IREDA,N5,85,85,100.00
20,956,IREDA,N7,475,350,73.68
20,957,IRFC,EQ,76414678,18780515,24.58
20,958,IRFC,N2,188,188,100.00
20,959,IRFC,N9,15,15,100.00
20,960,IRFC,NA,1045,1005,96.17
20,961,IRFC,NB,2,2,100.00
20,962,IRFC,NC,2,0,0.00
20,963,IRFC,NE,662,387,58.46
20,964,IRFC,NJ,1,1,100.00
20,965,IRFC,NN,5,5,100.00
20,966,IRISDOREME,EQ,58254,18347,31.49
20,967,ISEC,EQ,456283,227678,49.90
20,968,ISFT,EQ,211282,122910,58.17
20,969,ISGEC,EQ,221311,169726,76.69
20,970,ISMTLTD,EQ,251291,131617,52.38
20,971,ITBEES,EQ,4390674,2667757,60.76
20,972,ITC,EQ,9959649,6634040,66.61
20,973,ITDC,EQ,33480,15076,45.03
20,974,ITDCEM,EQ,534245,233563,43.72
20,975,ITI,EQ,2706193,727704,26.89
20,976,IVP,EQ,10649,6955,65.31
20,977,IVZINGOLD,EQ,49,34,69.39
20,978,IVZINNIFTY,EQ,30,30,100.00
20,979,IWEL,EQ,3278,1856,56.62
20,980,JAGRAN,EQ,98019,64736,66.04
20,981,JAGSNPHARM,EQ,26890,14087,52.39
20,982,JAICORPLTD,EQ,1287460,386282,30.00
20,983,JAINAM,SM,7000,4000,57.14
20,984,JAIPURKURT,EQ,22007,19052,86.57
20,985,JALAN,SM,66000,51000,77.27
20,986,JAMNAAUTO,EQ,1456691,701951,48.19
20,987,JASH,EQ,2894,1901,65.69
20,988,JAYAGROGN,EQ,8148,4384,53.80
20,989,JAYBARMARU,EQ,14036,8532,60.79
20,990,JAYNECOIND,EQ,520761,373589,71.74
20,991,JAYSREETEA,EQ,2715648,701481,25.83
20,992,JBCHEPHARM,EQ,108715,54143,49.80
20,993,JCHAC,EQ,37563,24652,65.63
20,994,JFLLIFE,SM,8000,6000,75.00
20,995,JINDALPHOT,EQ,503825,145111,28.80
20,996,JINDALPOLY,EQ,324605,74873,23.07
20,997,JINDALSAW,EQ,502035,218835,43.59
20,998,JINDALSTEL,EQ,1963443,859583,43.78
20,999,JINDRILL,EQ,40196,14136,35.17
20,1000,JINDWORLD,EQ,64406,18079,28.07
20,1001,JIOFIN,EQ,18317607,12245139,66.85
20,1002,JISLJALEQS,EQ,4544040,1715045,37.74
20,1003,JIWANRAM,ST,108000,108000,100.00
20,1004,J&KBANK,EQ,12919185,2607786,20.19
20,1005,JKCEMENT,EQ,153726,45033,29.29
20,1006,JKIL,EQ,90517,49102,54.25
20,1007,JKLAKSHMI,EQ,247645,173403,70.02
20,1008,JKPAPER,EQ,605101,247315,40.87
20,1009,JKTYRE,EQ,5929015,1324988,22.35
20,1010,JLHL,EQ,1484025,535076,36.06
20,1011,JMA,EQ,21534,10899,50.61
20,1012,JMFINANCIL,EQ,1512541,680436,44.99
20,1013,JOCIL,EQ,35606,23177,65.09
20,1014,JPASSOCIAT,EQ,15951317,8240638,51.66
20,1015,JPOLYINVST,EQ,212814,50214,23.60
20,1016,JPPOWER,EQ,233290431,66582111,28.54
20,1017,JSL,EQ,1022437,469249,45.90
20,1018,JSLL,SM,21000,14500,69.05
20,1019,JSWENERGY,EQ,9833720,4157620,42.28
20,1020,JSWHL,EQ,1403,564,40.20
20,1021,JSWSTEEL,EQ,3359951,1692359,50.37
20,1022,JTEKTINDIA,EQ,246087,107051,43.50
20,1023,JTLIND,EQ,405778,212786,52.44
20,1024,JUBLFOOD,EQ,2211629,906769,41.00
20,1025,JUBLINDS,EQ,15361,6298,41.00
20,1026,JUBLINGREA,EQ,177083,81200,45.85
20,1027,JUBLPHARMA,EQ,68341,30201,44.19
20,1028,JUNIORBEES,EQ,94932,72074,75.92
20,1029,JUSTDIAL,EQ,109061,57778,52.98
20,1030,JWL,EQ,1579537,705796,44.68
20,1031,JYOTHYLAB,EQ,1022095,556010,54.40
20,1032,KABRAEXTRU,EQ,40486,22126,54.65
20,1033,KAJARIACER,EQ,101776,32445,31.88
20,1034,KAKATCEM,EQ,22535,10916,48.44
20,1035,KALYANKJIL,EQ,3122634,1806447,57.85
20,1036,KAMATHOTEL,EQ,31400,20946,66.71
20,1037,KAMDHENU,EQ,34246,13046,38.09
20,1038,KANANIIND,EQ,129248,89010,68.87
20,1039,KANDARP,SM,8000,4000,50.00
20,1040,KANORICHEM,EQ,41302,24480,59.27
20,1041,KANPRPLA,EQ,14988,10106,67.43
20,1042,KANSAINER,EQ,565203,386688,68.42
20,1043,KAPSTON,EQ,40801,26099,63.97
20,1044,KARURVYSYA,EQ,1305654,744447,57.02
20,1045,KAUSHALYA,EQ,500406,256995,51.36
20,1046,KAYA,EQ,12764,7713,60.43
20,1047,KAYNES,EQ,75551,35674,47.22
20,1048,KCK,SM,16000,4000,25.00
20,1049,KCP,EQ,227456,130315,57.29
20,1050,KCPSUGIND,EQ,887547,397919,44.83
20,1051,KDDL,EQ,165098,35215,21.33
20,1052,KDL,SM,59200,38400,64.86
20,1053,KEC,EQ,176638,60941,34.50
20,1054,KECL,EQ,103997,67221,64.64
20,1055,KEI,EQ,150192,102901,68.51
20,1056,KELLTONTEC,EQ,710724,286468,40.31
20,1057,KENNAMET,EQ,7200,2802,38.92
20,1058,KEYFINSERV,EQ,12605,3577,28.38
20,1059,KFINTECH,EQ,131206,46458,35.41
20,1060,KHADIM,EQ,101268,57783,57.06
20,1061,KHAICHEM,EQ,117589,67116,57.08
20,1062,KICL,EQ,4387,2093,47.71
20,1063,KIMS,EQ,55096,32442,58.88
20,1064,KINGFA,EQ,5163,2735,52.97
20,1065,KIOCL,EQ,4240549,550500,12.98
20,1066,KIRIINDUS,EQ,88034,39681,45.07
20,1067,KIRLFER,EQ,137325,72693,52.94
20,1068,KIRLOSBROS,EQ,139139,100414,72.17
20,1069,KIRLOSENG,EQ,603509,249717,41.38
20,1070,KIRLOSIND,EQ,2200,1160,52.73
20,1071,KIRLPNU,EQ,261801,206066,78.71
20,1072,KITEX,EQ,91494,37954,41.48
20,1073,KKCL,EQ,34049,19330,56.77
20,1074,KMSUGAR,EQ,1376367,404032,29.35
20,1075,KNAGRI,SM,8000,8000,100.00
20,1076,KNRCON,EQ,1296388,775492,59.82
20,1077,KOHINOOR,EQ,102432,69713,68.06
20,1078,KOLTEPATIL,EQ,204337,98764,48.33
20,1079,KOPRAN,EQ,397568,200823,50.51
20,1080,KORE,SM,1000,1000,100.00
20,1081,KOTAKALPHA,EQ,191533,111050,57.98
20,1082,KOTAKBANK,EQ,5368143,1818618,33.88
20,1083,KOTAKBKETF,EQ,14671,11562,78.81
20,1084,KOTAKCONS,EQ,1147,823,71.75
20,1085,KOTAKGOLD,EQ,651305,571065,87.68
20,1086,KOTAKIT,EQ,71520,46334,64.78
20,1087,KOTAKLIQ,EQ,21,20,95.24
20,1088,KOTAKLOVOL,EQ,12688,6062,47.78
20,1089,KOTAKMID50,EQ,20119,15656,77.82
20,1090,KOTAKMNC,EQ,32973,19527,59.22
20,1091,KOTAKNIFTY,EQ,19060,14424,75.68
20,1092,KOTAKNV20,EQ,37757,28981,76.76
20,1093,KOTAKPSUBK,EQ,53248,33178,62.31
20,1094,KOTAKSILVE,EQ,36290,35413,97.58
20,1095,KOTHARIPET,EQ,147102,74425,50.59
20,1096,KOTHARIPRO,EQ,12178,9130,74.97
20,1097,KOTYARK,SM,68800,45400,65.99
20,1098,KOVAI,EQ,3401,2083,61.25
20,1099,KPIGREEN,EQ,177483,108529,61.15
20,1100,KPIL,EQ,90779,41605,45.83
20,1101,KPITTECH,EQ,374334,154981,41.40
20,1102,KPRMILL,EQ,145101,57252,39.46
20,1103,KRBL,EQ,349157,110362,31.61
20,1104,KRISHANA,EQ,84156,59493,70.69
20,1105,KRISHCA,SM,20000,16000,80.00
20,1106,KRISHNADEF,SM,12000,8000,66.67
20,1107,KRITI,EQ,35943,22407,62.34
20,1108,KRSNAA,EQ,130332,90408,69.37
20,1109,KSB,EQ,26866,11697,43.54
20,1110,KSCL,EQ,562946,264587,47.00
20,1111,KSL,EQ,221930,86643,39.04
20,1112,KTKBANK,EQ,12070710,2810747,23.29
20,1113,KUANTUM,EQ,120298,54239,45.09
20,1114,LALPATHLAB,EQ,511412,172233,33.68
20,1115,LAMBODHARA,EQ,50616,23379,46.19
20,1116,LANDMARK,EQ,218534,96709,44.25
20,1117,LAOPALA,EQ,78378,30219,38.56
20,1118,LATENTVIEW,EQ,511184,225075,44.03
20,1119,LAURUSLABS,EQ,943214,296974,31.49
20,1120,LAXMICOT,EQ,16380,7350,44.87
20,1121,LAXMIMACH,EQ,3044,1511,49.64
20,1122,LEMERITE,SM,4800,4800,100.00
20,1123,LEMONTREE,EQ,6209235,2053753,33.08
20,1124,LFIC,EQ,6290,4401,69.97
20,1125,LGBBROSLTD,EQ,34625,15899,45.92
20,1126,LGBFORGE,EQ,106307,57532,54.12
20,1127,LGHL,SM,8000,8000,100.00
20,1128,LIBAS,EQ,94881,62458,65.83
20,1129,LIBERTSHOE,EQ,84067,39650,47.16
20,1130,LICHSGFIN,EQ,2434372,1305837,53.64
20,1131,LICI,EQ,1074642,559584,52.07
20,1132,LICMFGOLD,EQ,407,241,59.21
20,1133,LICNETFGSC,EQ,8436,7432,88.10
20,1134,LICNETFN50,EQ,362,308,85.08
20,1135,LICNETFSEN,EQ,89,65,73.03
20,1136,LICNFNHGP,EQ,67,67,100.00
20,1137,LIKHITHA,EQ,227311,91772,40.37
20,1138,LINC,EQ,36991,29044,78.52
20,1139,LINCOLN,EQ,56084,31657,56.45
20,1140,LINDEINDIA,EQ,26520,8685,32.75
20,1141,LIQUID,EQ,84988,79108,93.08
20,1142,LIQUIDBEES,EQ,4302553,3709940,86.23
20,1143,LIQUIDETF,EQ,167459,118131,70.54
20,1144,LLOYDS,SM,12000,9000,75.00
20,1145,LLOYDSME,EQ,80062,49451,61.77
20,1146,LODHA,EQ,1140802,339736,29.78
20,1147,LORDSCHLO,EQ,31532,20637,65.45
20,1148,LOVABLE,EQ,25507,16606,65.10
20,1149,LOWVOL,EQ,10,10,100.00
20,1150,LOYALTEX,EQ,1587,1238,78.01
20,1151,LPDC,EQ,91591,52460,57.28
20,1152,LRRPL,SM,18000,18000,100.00
20,1153,LT,EQ,1399240,874572,62.50
20,1154,L&TFH,EQ,4672830,1844820,39.48
20,1155,L&TFINANCE,NC,620,610,98.39
20,1156,L&TFINANCE,NE,16,16,100.00
20,1157,L&TFINANCE,NG,200,100,50.00
20,1158,L&TFINANCE,Y5,36,36,100.00
20,1159,L&TFINANCE,Y6,20,20,100.00
20,1160,L&TFINANCE,Y7,471,459,97.45
20,1161,LTGILTBEES,EQ,752803,610611,81.11
20,1162,LTIM,EQ,145121,56503,38.94
20,1163,LTTS,EQ,75162,23311,31.01
20,1164,LUMAXIND,EQ,47362,25965,54.82
20,1165,LUMAXTECH,EQ,125468,52860,42.13
20,1166,LUPIN,EQ,1089288,539420,49.52
20,1167,LUXIND,EQ,25220,11346,44.99
20,1168,LXCHEM,EQ,510043,207167,40.62
20,1169,LYKALABS,EQ,47043,20946,44.53
20,1170,MACPOWER,EQ,18515,9973,53.86
20,1171,MADHAV,EQ,16859,13248,78.58
20,1172,MADHAVBAUG,SM,19200,15200,79.17
20,1173,MADRASFERT,EQ,849233,283720,33.41
20,1174,MAFANG,EQ,230709,157307,68.18
20,1175,MAGADSUGAR,EQ,110884,38503,34.72
20,1176,MAGSON,SM,16000,12000,75.00
20,1177,MAHABANK,EQ,107106927,27222299,25.42
20,1178,MAHEPC,EQ,64243,28123,43.78
20,1179,MAHKTECH,EQ,2119366,1221643,57.64
20,1180,MAHLIFE,EQ,157700,92702,58.78
20,1181,MAHLOG,EQ,256707,120806,47.06
20,1182,MAHSCOOTER,EQ,4739,2286,48.24
20,1183,MAHSEAMLES,EQ,208924,108341,51.86
20,1184,MAITHANALL,EQ,33078,13971,42.24
20,1185,MAKEINDIA,EQ,18933,18546,97.96
20,1186,MAKS,SM,78000,78000,100.00
20,1187,MALLCOM,EQ,82450,49316,59.81
20,1188,MALUPAPER,EQ,65602,40797,62.19
20,1189,MANAKALUCO,EQ,105152,60316,57.36
20,1190,MANAKSIA,EQ,147746,70356,47.62
20,1191,MANAKSTEEL,EQ,80310,49347,61.45
20,1192,MANALIPETC,EQ,499515,220396,44.12
20,1193,MANAPPURAM,EQ,3676646,1658153,45.10
20,1194,MANGALAM,EQ,69678,49533,71.09
20,1195,MANGCHEFER,EQ,204046,112673,55.22
20,1196,MANGLMCEM,EQ,59288,35265,59.48
20,1197,MANINDS,EQ,639636,241320,37.73
20,1198,MANINFRA,EQ,630436,296755,47.07
20,1199,MANKIND,EQ,183570,111594,60.79
20,1200,MANOMAY,EQ,4266,3178,74.50
20,1201,MANORAMA,EQ,3326,2593,77.96
20,1202,MANORG,EQ,6468,5182,80.12
20,1203,MANYAVAR,EQ,74625,39283,52.64
20,1204,MAPMYINDIA,EQ,73749,31706,42.99
20,1205,MARALOVER,EQ,291116,169549,58.24
20,1206,MARATHON,EQ,97950,41501,42.37
20,1207,MARICO,EQ,1538968,940881,61.14
20,1208,MARKSANS,EQ,1528930,686636,44.91
20,1209,MARSHALL,EQ,154846,93625,60.46
20,1210,MARUTI,EQ,545106,389006,71.36
20,1211,MASFIN,EQ,37220,17777,47.76
20,1212,MASPTOP50,EQ,539864,485859,90.00
20,1213,MASTEK,EQ,44914,19227,42.81
20,1214,MATRIMONY,EQ,29357,22565,76.86
20,1215,MAWANASUG,EQ,743110,228717,30.78
20,1216,MAXHEALTH,EQ,2159490,1332423,61.70
20,1217,MAXIND,EQ,363343,185280,50.99
20,1218,MAYURUNIQ,EQ,75801,45916,60.57
20,1219,MAZDA,EQ,6303,3528,55.97
20,1220,MAZDOCK,EQ,3469815,353981,10.20
20,1221,MBAPL,EQ,5150,4075,79.13
20,1222,MCDOWELL-N,EQ,416251,152268,36.58
20,1223,MCON,SM,9000,9000,100.00
20,1224,MCX,EQ,205646,83329,40.52
20,1225,MDL,SM,12000,12000,100.00
20,1226,MEDANTA,EQ,123857,66489,53.68
20,1227,MEDICAMEQ,EQ,10279,6396,62.22
20,1228,MEDICO,EQ,873366,672516,77.00
20,1229,MEDPLUS,EQ,95917,48003,50.05
20,1230,MEGAFLEX,SM,18000,15000,83.33
20,1231,MENONBE,EQ,66856,34813,52.07
20,1232,MEP,EQ,987547,698150,70.70
20,1233,METROBRAND,EQ,226102,73236,32.39
20,1234,METROPOLIS,EQ,379597,104009,27.40
20,1235,MFSL,EQ,614781,349471,56.84
20,1236,MGL,EQ,225433,88517,39.27
20,1237,MHHL,SM,15000,15000,100.00
20,1238,MHRIL,EQ,175251,86663,49.45
20,1239,MID150BEES,EQ,582060,458041,78.69
20,1240,MIDCAPETF,EQ,231833,151310,65.27
20,1241,MIDHANI,EQ,593752,208590,35.13
20,1242,MINDACORP,EQ,1335334,1124978,84.25
20,1243,MINDSPACE,RR,177434,138345,77.97
20,1244,MIRZAINT,EQ,260011,177822,68.39
20,1245,MITCON,EQ,7624,3915,51.35
20,1246,MKPL,EQ,23397,8795,37.59
20,1247,M&M,EQ,6116670,3857167,63.06
20,1248,M&MFIN,EQ,13057837,4515310,34.58
20,1249,M&MFIN,N2,600,600,100.00
20,1250,MMFL,EQ,73106,39263,53.71
20,1251,MMTC,EQ,2711700,1080144,39.83
20,1252,MOGSEC,EQ,11109,10001,90.03
20,1253,MOHEALTH,EQ,13201,10788,81.72
20,1254,MOHITIND,EQ,52382,25450,48.59
20,1255,MOIL,EQ,279132,114646,41.07
20,1256,MOKSH,EQ,3996431,2085537,52.18
20,1257,MOL,EQ,1643811,936373,56.96
20,1258,MOLDTECH,EQ,231518,102429,44.24
20,1259,MOLDTKPAC,EQ,55112,36904,66.96
20,1260,MOLOWVOL,EQ,433,242,55.89
20,1261,MOM100,EQ,97725,75877,77.64
20,1262,MOM50,EQ,692,295,42.63
20,1263,MOMENTUM,EQ,9605,5304,55.22
20,1264,MOMOMENTUM,EQ,13872,8693,62.67
20,1265,MON100,EQ,399418,275806,69.05
20,1266,MONARCH,EQ,154645,12795,8.27
20,1267,MONOPHARMA,ST,468000,464000,99.15
20,1268,MONQ50,EQ,22801,14486,63.53
20,1269,MONTECARLO,EQ,21310,11399,53.49
20,1270,MOQUALITY,EQ,4648,4648,100.00
20,1271,MORARJEE,EQ,26736,18853,70.52
20,1272,MOREPENLAB,EQ,2284780,653016,28.58
20,1273,MOS,SM,57600,38400,66.67
20,1274,MOTHERSON,EQ,5195268,2742403,52.79
20,1275,MOTILALOFS,EQ,92623,47483,51.26
20,1276,MOVALUE,EQ,3848,1308,33.99
20,1277,MPHASIS,EQ,234752,115637,49.26
20,1278,MPSLTD,EQ,46501,15129,32.53
20,1279,MRF,EQ,4471,1294,28.94
20,1280,MRO-TEK,EQ,20657,10599,51.31
20,1281,MRPL,EQ,10711135,2607902,24.35
20,1282,MSTCLTD,EQ,449919,194671,43.27
20,1283,MSUMI,EQ,2238402,1131468,50.55
20,1284,MTARTECH,EQ,271584,105297,38.77
20,1285,MTNL,EQ,5357818,1901056,35.48
20,1286,MUKANDLTD,EQ,358855,116583,32.49
20,1287,MUKTAARTS,EQ,129518,34659,26.76
20,1288,MUNJALAU,EQ,109243,51270,46.93
20,1289,MUNJALSHOW,EQ,43429,21159,48.72
20,1290,MURUDCERA,EQ,69679,46828,67.21
20,1291,MUTHOOTCAP,EQ,121602,45144,37.12
20,1292,MUTHOOTFIN,EQ,196736,72351,36.78
20,1293,MWL,SM,4800,3600,75.00
20,1294,NABARD,N2,2403,2153,89.60
20,1295,NACLIND,EQ,265727,105336,39.64
20,1296,NAGAFERT,EQ,1817942,956298,52.60
20,1297,NAGREEKEXP,EQ,9392,6265,66.71
20,1298,NAHARCAP,EQ,23131,10987,47.50
20,1299,NAHARINDUS,EQ,116199,43057,37.05
20,1300,NAHARPOLY,EQ,37544,10099,26.90
20,1301,NAHARSPING,EQ,22734,8605,37.85
20,1302,NAM-INDIA,EQ,226438,121682,53.74
20,1303,NARMADA,EQ,7966,7178,90.11
20,1304,NATCOPHARM,EQ,311935,167269,53.62
20,1305,NATHBIOGEN,EQ,43071,25435,59.05
20,1306,NATIONALUM,EQ,9046834,4017998,44.41
20,1307,NAUKRI,EQ,447637,301771,67.41
20,1308,NAVA,EQ,203212,103336,50.85
20,1309,NAVIFIN,N0,3,3,100.00
20,1310,NAVIFIN,N5,6,6,100.00
20,1311,NAVIFIN,N7,115,115,100.00
20,1312,NAVINFLUOR,EQ,107901,53051,49.17
20,1313,NAVKARCORP,EQ,242508,135942,56.06
20,1314,NAVNETEDUL,EQ,342801,151287,44.13
20,1315,NAZARA,EQ,1824389,416058,22.81
20,1316,NBCC,EQ,27278248,6775248,24.84
20,1317,NBIFIN,EQ,383,14,3.66
20,1318,NCC,EQ,8915602,3337250,37.43
20,1319,NCLIND,EQ,130737,77201,59.05
20,1320,NDGL,EQ,191,119,62.30
20,1321,NDL,EQ,125614,97845,77.89
20,1322,NDTV,EQ,219366,90428,41.22
20,1323,NECCLTD,EQ,168084,112482,66.92
20,1324,NECCLTDPP,E1,13948,13239,94.92
20,1325,NECLIFE,EQ,281877,186139,66.04
20,1326,NELCAST,EQ,323519,200730,62.05
20,1327,NELCO,EQ,65641,26992,41.12
20,1328,NEOGEN,EQ,54523,18402,33.75
20,1329,NESCO,EQ,46071,25761,55.92
20,1330,NESTLEIND,EQ,57450,34276,59.66
20,1331,NETF,EQ,4068,3367,82.77
20,1332,NETWEB,EQ,44678,27213,60.91
20,1333,NETWORK18,EQ,1412990,444308,31.44
20,1334,NEULANDLAB,EQ,28138,18261,64.90
20,1335,NEWGEN,EQ,46920,25689,54.75
20,1336,NEXT50,EQ,256,167,65.23
20,1337,NEXTMEDIA,EQ,17465,13195,75.55
20,1338,NFL,EQ,4102799,1704534,41.55
20,1339,NGLFINE,EQ,2821,1426,50.55
20,1340,NH,EQ,381728,152288,39.89
20,1341,NHAI,N2,1068,973,91.10
20,1342,NHAI,N3,1,1,100.00
20,1343,NHAI,N4,920,839,91.20
20,1344,NHAI,N5,14,13,92.86
20,1345,NHAI,N6,2353,1852,78.71
20,1346,NHAI,N8,1,1,100.00
20,1347,NHAI,N9,100,100,100.00
20,1348,NHAI,NA,2399,2399,100.00
20,1349,NHAI,ND,4,1,25.00
20,1350,NHAI,NE,741,741,100.00
20,1351,NHBTF2014,N6,14,13,92.86
20,1352,NHIT,N1,110,110,100.00
20,1353,NHIT,N2,501,501,100.00
20,1354,NHIT,N3,754,740,98.14
20,1355,NHPC,EQ,64391050,18648387,28.96
20,1356,NHPC,N4,10,10,100.00
20,1357,NHPC,N6,143,143,100.00
20,1358,NIACL,EQ,4452638,1102749,24.77
20,1359,NIDAN,SM,16000,11000,68.75
20,1360,NIDO,N5,16,16,100.00
20,1361,NIDO,N6,40,40,100.00
20,1362,NIDO,N7,24,24,100.00
20,1363,NIF100BEES,EQ,354508,351750,99.22
20,1364,NIFMID150,EQ,526,331,62.93
20,1365,NIFTYBEES,EQ,3324262,2495191,75.06
20,1366,NIFTYETF,EQ,131727,65791,49.94
20,1367,NIFTYQLITY,EQ,16629,7225,43.45
20,1368,NIITLTD,EQ,1008093,515259,51.11
20,1369,NIITMTS,EQ,176871,86087,48.67
20,1370,NILKAMAL,EQ,1624,765,47.11
20,1371,NIRMAN,SM,4800,4800,100.00
20,1372,NITCO,EQ,268922,123545,45.94
20,1373,NITINSPIN,EQ,87357,39935,45.71
20,1374,NKIND,EQ,26820,26142,97.47
20,1375,NLCINDIA,EQ,2082928,1083271,52.01
20,1376,NMDC,EQ,13760530,6265420,45.53
20,1377,NOCIL,EQ,476497,204897,43.00
20,1378,NOIDATOLL,EQ,99471,52452,52.73
20,1379,NORBTEAEXP,EQ,5872,5872,100.00
20,1380,NOVARTIND,EQ,14268,6605,46.29
20,1381,NPBET,EQ,808,511,63.24
20,1382,NPST,SM,1200,1200,100.00
20,1383,NRAIL,EQ,42758,17723,41.45
20,1384,NRBBEARING,EQ,402385,272878,67.82
20,1385,NRL,EQ,106346,66554,62.58
20,1386,NSIL,EQ,3735,1842,49.32
20,1387,NSLNISP,EQ,5635821,3037146,53.89
20,1388,NTPC,EQ,18936709,9313448,49.18
20,1389,NTPC,N6,504,504,100.00
20,1390,NTPC,N7,34833,34419,98.81
20,1391,NTPC,ND,20,20,100.00
20,1392,NUCLEUS,EQ,29912,18116,60.56
20,1393,NURECA,EQ,21607,13660,63.22
20,1394,NUVOCO,EQ,156311,95715,61.23
20,1395,NV20BEES,EQ,44863,36453,81.25
20,1396,NXST,RR,533912,420508,78.76
20,1397,NYKAA,EQ,4626166,2093339,45.25
20,1398,OAL,EQ,7322,4205,57.43
20,1399,OBCL,EQ,22413,13763,61.41
20,1400,OBEROIRLTY,EQ,601776,383352,63.70
20,1401,OCCL,EQ,25680,11642,45.33
20,1402,OFSS,EQ,43088,13828,32.09
20,1403,OIL,EQ,1436959,771206,53.67
20,1404,OLECTRA,EQ,265483,128252,48.31
20,1405,OMAXAUTO,EQ,56839,31564,55.53
20,1406,OMAXE,EQ,358963,207772,57.88
20,1407,OMFURN,SM,10000,8000,80.00
20,1408,ONELIFECAP,EQ,11909,8542,71.73
20,1409,ONGC,EQ,12687099,7508139,59.18
20,1410,ONMOBILE,EQ,526410,173308,32.92
20,1411,ONWARDTEC,EQ,26053,8612,33.06
20,1412,OPTIEMUS,EQ,78300,45397,57.98
20,1413,ORIANA,SM,66000,50400,76.36
20,1414,ORIENTALTL,EQ,25808,16459,63.77
20,1415,ORIENTBELL,EQ,14098,7886,55.94
20,1416,ORIENTCEM,EQ,962903,563831,58.56
20,1417,ORIENTELEC,EQ,1132950,675175,59.59
20,1418,ORIENTHOT,EQ,375760,174752,46.51
20,1419,ORIENTPPR,EQ,1728933,709673,41.05
20,1420,ORISSAMINE,EQ,10626,4198,39.51
20,1421,OSWALAGRO,EQ,569525,180606,31.71
20,1422,OSWALGREEN,EQ,288108,182257,63.26
20,1423,OSWALSEEDS,EQ,236175,115558,48.93
20,1424,PAGEIND,EQ,45556,18329,40.23
20,1425,PAISALO,EQ,468772,300379,64.08
20,1426,PAKKA,EQ,215853,88485,40.99
20,1427,PALREDTEC,EQ,7309,4751,65.00
20,1428,PANACEABIO,EQ,6873152,1016838,14.79
20,1429,PANAMAPET,EQ,375638,201087,53.53
20,1430,PARADEEP,EQ,4309133,2122230,49.25
20,1431,PARAGMILK,EQ,728476,409526,56.22
20,1432,PARAS,EQ,280850,84132,29.96
20,1433,PARSVNATH,EQ,369906,198631,53.70
20,1434,PARTYCRUS,SM,6000,6000,100.00
20,1435,PASUPTAC,EQ,116590,69010,59.19
20,1436,PATELENG,EQ,3433884,2078442,60.53
20,1437,PATTECH,SM,15000,15000,100.00
20,1438,PAVNAIND,EQ,3830,1702,44.44
20,1439,PAYTM,EQ,1473808,816165,55.38
20,1440,PCBL,EQ,988571,483137,48.87
20,1441,PCHFL,N6,90,90,100.00
20,1442,PCHFL,N8,123,123,100.00
20,1443,PCHFL,NA,13,11,84.62
20,1444,PCJEWELLER,EQ,2183530,1315513,60.25
20,1445,PDMJEPAPER,EQ,352262,131555,37.35
20,1446,PDSL,EQ,103721,57376,55.32
20,1447,PEARLPOLY,EQ,107939,48348,44.79
20,1448,PEL,EQ,932628,260308,27.91
20,1449,PENIND,EQ,569666,256574,45.04
20,1450,PENINLAND,EQ,384396,203727,53.00
20,1451,PENTAGOLD,ST,29400,29400,100.00
20,1452,PENTAGON,SM,6000,6000,100.00
20,1453,PERFECT,SM,36000,30000,83.33
20,1454,PERSISTENT,EQ,446726,243960,54.61
20,1455,PETRONET,EQ,3509711,1930596,55.01
20,1456,PFC,EQ,19317559,8982257,46.50
20,1457,PFC,N3,34,34,100.00
20,1458,PFC,N8,3347,3141,93.85
20,1459,PFIZER,EQ,54435,43656,80.20
20,1460,PFOCUS,EQ,125360,90840,72.46
20,1461,PFS,EQ,2052149,965570,47.05
20,1462,PGEL,EQ,19444,8967,46.12
20,1463,PGHH,EQ,9977,7521,75.38
20,1464,PGHL,EQ,19246,17231,89.53
20,1465,PGIL,EQ,31788,13132,41.31
20,1466,PGINVIT,IV,747770,639853,85.57
20,1467,PHANTOMFX,SM,40200,30000,74.63
20,1468,PHARMABEES,EQ,1849930,1194500,64.57
20,1469,PHOENIXLTD,EQ,245173,185307,75.58
20,1470,PIDILITIND,EQ,337541,210396,62.33
20,1471,PIIND,EQ,339193,210586,62.08
20,1472,PILANIINVS,EQ,4484,2934,65.43
20,1473,PIONEEREMB,EQ,21627,15252,70.52
20,1474,PITTIENG,EQ,68376,24820,36.30
20,1475,PIXTRANS,EQ,16075,9059,56.35
20,1476,PLASTIBLEN,EQ,95884,49530,51.66
20,1477,PNB,EQ,87014740,25376651,29.16
20,1478,PNBGILTS,EQ,418548,209301,50.01
20,1479,PNBHOUSING,EQ,473157,188625,39.87
20,1480,PNC,EQ,68541,30518,44.53
20,1481,PNCINFRA,EQ,280398,135619,48.37
20,1482,POCL,EQ,22621,7748,34.25
20,1483,PODDARHOUS,EQ,10758,3056,28.41
20,1484,PODDARMENT,EQ,6018,4029,66.95
20,1485,POKARNA,EQ,76554,34796,45.45
20,1486,POLICYBZR,EQ,847508,427855,50.48
20,1487,POLYCAB,EQ,886432,300739,33.93
20,1488,POLYMED,EQ,165415,134169,81.11
20,1489,POLYPLEX,EQ,113295,50996,45.01
20,1490,PONNIERODE,EQ,50151,16772,33.44
20,1491,POONAWALLA,EQ,1451776,762332,52.51
20,1492,POONAWALLA,N6,205,205,100.00
20,1493,POWERGRID,EQ,33369524,16669528,49.95
20,1494,POWERINDIA,EQ,24382,14816,60.77
20,1495,POWERMECH,EQ,14451,9019,62.41
20,1496,PPAP,EQ,34897,19367,55.50
20,1497,PPL,EQ,69596,31399,45.12
20,1498,PPLPHARMA,EQ,2984202,1526055,51.14
20,1499,PRAENG,EQ,242842,160103,65.93
20,1500,PRAJIND,EQ,1150047,457990,39.82
20,1501,PRAKASH,EQ,3282916,1548729,47.18
20,1502,PRAMARA,ST,146000,144000,98.63
20,1503,PRECAM,EQ,138505,72438,52.30
20,1504,PRECISION,SM,198000,92000,46.46
20,1505,PRECOT,EQ,7150,4799,67.12
20,1506,PRECWIRE,EQ,6179881,1720698,27.84
20,1507,PRESTIGE,EQ,383776,220307,57.41
20,1508,PRICOLLTD,EQ,301823,149852,49.65
20,1509,PRIMESECU,EQ,99494,68548,68.90
20,1510,PRINCEPIPE,EQ,83333,41734,50.08
20,1511,PRITI,EQ,38199,20528,53.74
20,1512,PRITIKA,SM,32000,20000,62.50
20,1513,PRIVISCL,EQ,18562,9857,53.10
20,1514,PROPEQUITY,SM,6000,4800,80.00
20,1515,PROV,SM,640,480,75.00
20,1516,PROZONER,EQ,438782,248488,56.63
20,1517,PRSMJOHNSN,EQ,170793,62308,36.48
20,1518,PRUDENT,EQ,52876,30726,58.11
20,1519,PSB,EQ,15540850,3517702,22.64
20,1520,PSPPROJECT,EQ,39358,22138,56.25
20,1521,PSUBANKICI,EQ,308853,229783,74.40
20,1522,PSUBNKBEES,EQ,4585196,2788147,60.81
20,1523,PTC,EQ,2504024,1359972,54.31
20,1524,PTCIL,EQ,1865,1078,57.80
20,1525,PTL,EQ,1354893,590605,43.59
20,1526,PULZ,SM,4000,4000,100.00
20,1527,PUNJABCHEM,EQ,12939,5923,45.78
20,1528,PURVA,EQ,230419,101623,44.10
20,1529,PVRINOX,EQ,551280,300418,54.49
20,1530,PYRAMID,EQ,170966,110198,64.46
20,1531,QFIL,SM,2000,2000,100.00
20,1532,QGOLDHALF,EQ,49122,44577,90.75
20,1533,QMSMEDI,SM,6000,5000,83.33
20,1534,QNIFTY,EQ,2887,2729,94.53
20,1535,QUESS,EQ,547303,248846,45.47
20,1536,QUICKHEAL,EQ,129426,57912,44.75
20,1537,QUICKTOUCH,SM,38000,28000,73.68
20,1538,RACE,EQ,9067,6073,66.98
20,1539,RADAAN,EQ,239366,201567,84.21
20,1540,RADHIKAJWE,EQ,1156455,662748,57.31
20,1541,RADIANTCMS,EQ,318914,173252,54.33
20,1542,RADICO,EQ,230062,105001,45.64
20,1543,RADIOCITY,EQ,1085939,772561,71.14
20,1544,RADIOCITY,P1,2854,2686,94.11
20,1545,RAILTEL,EQ,2742504,748002,27.27
20,1546,RAIN,EQ,1266838,596672,47.10
20,1547,RAINBOW,EQ,180056,101364,56.30
20,1548,RAJESHEXPO,EQ,428770,253118,59.03
20,1549,RAJRATAN,EQ,19366,10951,56.55
20,1550,RAJTV,EQ,5042,3013,59.76
20,1551,RALLIS,EQ,269584,111625,41.41
20,1552,RAMANEWS,EQ,123029,77389,62.90
20,1553,RAMAPHO,EQ,25756,17726,68.82
20,1554,RAMASTEEL,EQ,1031906,553831,53.67
20,1555,RAMCOCEM,EQ,500228,225149,45.01
20,1556,RAMCOIND,EQ,65136,35424,54.38
20,1557,RAMCOSYS,EQ,648622,181964,28.05
20,1558,RAMKY,EQ,578433,222142,38.40
20,1559,RAMRAT,EQ,223448,67867,30.37
20,1560,RANASUG,EQ,2105464,770278,36.58
20,1561,RANEHOLDIN,EQ,29281,11460,39.14
20,1562,RATEGAIN,EQ,331658,175388,52.88
20,1563,RATNAMANI,EQ,10441,5329,51.04
20,1564,RAYMOND,EQ,285781,169980,59.48
20,1565,RBA,EQ,3227110,1071823,33.21
20,1566,RBL,EQ,8377,3210,38.32
20,1567,RBLBANK,EQ,8420332,3085832,36.65
20,1568,RBMINFRA,SM,168000,87000,51.79
20,1569,RCF,EQ,4421829,1693935,38.31
20,1570,RECLTD,EQ,18170640,6617444,36.42
20,1571,RECLTD,N2,620,420,67.74
20,1572,RECLTD,N7,8,8,100.00
20,1573,RECLTD,N9,2030,2030,100.00
20,1574,RECLTD,NB,1,1,100.00
20,1575,RECLTD,NE,50,50,100.00
20,1576,RECLTD,NH,433,240,55.43
20,1577,RECLTD,NI,30,30,100.00
20,1578,REDINGTON,EQ,1461195,792146,54.21
20,1579,REDTAPE,EQ,179071,82205,45.91
20,1580,REFEX,EQ,37582,26602,70.78
20,1581,RELAXO,EQ,99334,57090,57.47
20,1582,RELCHEMQ,EQ,15489,7315,47.23
20,1583,RELIABLE,SM,24000,24000,100.00
20,1584,RELIANCE,EQ,28540942,22544832,78.99
20,1585,RELIGARE,EQ,2071576,926656,44.73
20,1586,REMUS,SM,3900,2400,61.54
20,1587,RENUKA,EQ,17589793,5164321,29.36
20,1588,REPCOHOME,EQ,83079,35470,42.69
20,1589,REPL,EQ,50499,32919,65.19
20,1590,REPRO,EQ,4935,2889,58.54
20,1591,RESPONIND,EQ,599908,51202,8.53
20,1592,REXPIPES,SM,4000,4000,100.00
20,1593,RGL,EQ,111650,40549,36.32
20,1594,RHIM,EQ,143092,65702,45.92
20,1595,RHL,EQ,4251,1450,34.11
20,1596,RICOAUTO,EQ,308637,150427,48.74
20,1597,RIIL,EQ,167197,38404,22.97
20,1598,RILINFRA,SM,37400,35000,93.58
20,1599,RISHABH,EQ,280871,186900,66.54
20,1600,RITES,EQ,749523,285228,38.05
20,1601,RKEC,EQ,67403,50989,75.65
20,1602,RKFORGE,EQ,585429,321843,54.98
20,1603,RMDRIP,SM,10000,8000,80.00
20,1604,RML,EQ,32321,17884,55.33
20,1605,ROHLTD,EQ,31388,18501,58.94
20,1606,ROLEXRINGS,EQ,25014,13625,54.47
20,1607,ROML,EQ,8862,8044,90.77
20,1608,ROSSARI,EQ,37779,13161,34.84
20,1609,ROSSELLIND,EQ,55371,24009,43.36
20,1610,ROTO,EQ,96742,30116,31.13
20,1611,ROUTE,EQ,77944,44755,57.42
20,1612,RPGLIFE,EQ,90609,18479,20.39
20,1613,RPOWER,EQ,95451417,14613832,15.31
20,1614,RPPL,EQ,31721,19849,62.57
20,1615,RPSGVENT,EQ,75181,40163,53.42
20,1616,RRKABEL,EQ,15023438,8615518,57.35
20,1617,RSWM,EQ,143187,53647,37.47
20,1618,RSYSTEMS,EQ,80214,44953,56.04
20,1619,RTNINDIA,EQ,2248517,977655,43.48
20,1620,RTNPOWER,EQ,80450593,33877705,42.11
20,1621,RUBYMILLS,EQ,26358,15250,57.86
20,1622,RUCHIRA,EQ,138087,71633,51.88
20,1623,RUPA,EQ,91684,45363,49.48
20,1624,RUSHIL,EQ,53947,26525,49.17
20,1625,RUSTOMJEE,EQ,56335,23991,42.59
20,1626,RVNL,EQ,19113572,4620764,24.18
20,1627,SABAR,SM,10000,10000,100.00
20,1628,SADHNANIQ,EQ,193549,95181,49.18
20,1629,SAFARI,EQ,35588,19180,53.89
20,1630,SAGARDEEP,EQ,25775,12414,48.16
20,1631,SAGCEM,EQ,99059,54143,54.66
20,1632,SAH,EQ,229653,163476,71.18
20,1633,SAHAJ,ST,144000,140000,97.22
20,1634,SAHANA,SM,26000,25000,96.15
20,1635,SAHYADRI,EQ,6676,3016,45.18
20,1636,SAIL,EQ,15206482,6752983,44.41
20,1637,SAKAR,EQ,13264,7583,57.17
20,1638,SAKHTISUG,EQ,1942858,630116,32.43
20,1639,SAKSOFT,EQ,110778,73932,66.74
20,1640,SAKUMA,EQ,1020647,478893,46.92
20,1641,SALASAR,EQ,1527763,657551,43.04
20,1642,SALONA,EQ,1113,595,53.46
20,1643,SALZERELEC,EQ,176236,84655,48.04
20,1644,SANDESH,EQ,1283,795,61.96
20,1645,SANDHAR,EQ,116287,59994,51.59
20,1646,SANDUMA,EQ,14274,6510,45.61
20,1647,SANGAMIND,EQ,56719,36199,63.82
20,1648,SANGANI,SM,30000,27000,90.00
20,1649,SANGHVIMOV,EQ,59479,28384,47.72
20,1650,SANGINITA,EQ,46497,24479,52.65
20,1651,SANOFI,EQ,6266,3364,53.69
20,1652,SANSERA,EQ,49920,28938,57.97
20,1653,SAPPHIRE,EQ,66051,42332,64.09
20,1654,SARDAEN,EQ,285470,171947,60.23
20,1655,SAREGAMA,EQ,419525,215653,51.40
20,1656,SARLAPOLY,EQ,128976,53084,41.16
20,1657,SAROJA,ST,65600,62400,95.12
20,1658,SASKEN,EQ,16992,11294,66.47
20,1659,SASTASUNDR,EQ,18884,9704,51.39
20,1660,SATIA,EQ,743452,396860,53.38
20,1661,SATIN,EQ,831927,267778,32.19
20,1662,SATINDLTD,EQ,795000,413130,51.97
20,1663,SBCL,EQ,132184,57359,43.39
20,1664,SBFC,EQ,1612749,675021,41.86
20,1665,SBGLP,EQ,18853,7021,37.24
20,1666,SBICARD,EQ,1542580,937055,60.75
20,1667,SBIETFCON,EQ,1945,1504,77.33
20,1668,SBIETFIT,EQ,8120,4395,54.13
20,1669,SBIETFPB,EQ,4910,3429,69.84
20,1670,SBIETFQLTY,EQ,2997,1839,61.36
20,1671,SBILIFE,EQ,574012,270401,47.11
20,1672,SBIN,EQ,21314600,8003748,37.55
20,1673,SCHAEFFLER,EQ,67481,24260,35.95
20,1674,SCHAND,EQ,202661,79516,39.24
20,1675,SCHNEIDER,EQ,256858,81465,31.72
20,1676,SCI,EQ,6915034,1860150,26.90
20,1677,SDBL,EQ,461437,251842,54.58
20,1678,SDL24BEES,EQ,3043,2445,80.35
20,1679,SDL26BEES,EQ,369,299,81.03
20,1680,SEAMECLTD,EQ,27308,16530,60.53
20,1681,SECURCRED,EQ,130049,91123,70.07
20,1682,SECURKLOUD,EQ,26232,9456,36.05
20,1683,SEL,SM,17600,14400,81.82
20,1684,SELAN,EQ,314482,131924,41.95
20,1685,SENCO,EQ,840300,257478,30.64
20,1686,SEPC,EQ,4067209,2114579,51.99
20,1687,SEQUENT,EQ,867435,425831,49.09
20,1688,SERVICE,SM,10000,8000,80.00
20,1689,SESHAPAPER,EQ,108004,43148,39.95
20,1690,SETF10GILT,EQ,23997,23707,98.79
20,1691,SETFGOLD,EQ,873024,733771,84.05
20,1692,SETFNIF50,EQ,3166906,3015647,95.22
20,1693,SETFNIFBK,EQ,952628,935883,98.24
20,1694,SETFNN50,EQ,20935,18500,88.37
20,1695,SFL,EQ,308250,207829,67.42
20,1696,SGBAPR28I,GB,245,167,68.16
20,1697,SGBAUG24,GB,42,30,71.43
20,1698,SGBAUG27,GB,142,108,76.06
20,1699,SGBAUG28V,GB,2011,1743,86.67
20,1700,SGBAUG29V,GB,402,363,90.30
20,1701,SGBAUG30,GB,208,146,70.19
20,1702,SGBD29VIII,GB,250,201,80.40
20,1703,SGBDC27VII,GB,2,2,100.00
20,1704,SGBDE30III,GB,459,325,70.81
20,1705,SGBDEC25,GB,3,3,100.00
20,1706,SGBDEC2513,GB,20,20,100.00
20,1707,SGBDEC26,GB,3,3,100.00
20,1708,SGBFEB24,GB,9,6,66.67
20,1709,SGBFEB28IX,GB,5,5,100.00
20,1710,SGBFEB29XI,GB,85,54,63.53
20,1711,SGBJ28VIII,GB,6,6,100.00
20,1712,SGBJAN29IX,GB,1131,647,57.21
20,1713,SGBJAN29X,GB,76,68,89.47
20,1714,SGBJAN30IX,GB,262,178,67.94
20,1715,SGBJU29III,GB,514,445,86.58
20,1716,SGBJUL25,GB,229,164,71.62
20,1717,SGBJUL27,GB,40,40,100.00
20,1718,SGBJUL28IV,GB,229,154,67.25
20,1719,SGBJUL29IV,GB,827,605,73.16
20,1720,SGBJUN27,GB,13,13,100.00
20,1721,SGBJUN28,GB,344,344,100.00
20,1722,SGBJUN29II,GB,206,162,78.64
20,1723,SGBJUN30,GB,139,121,87.05
20,1724,SGBJUN31I,GB,1326,1100,82.96
20,1725,SGBMAR24,GB,12,6,50.00
20,1726,SGBMAR25,GB,14,14,100.00
20,1727,SGBMAR28X,GB,8,8,100.00
20,1728,SGBMAR30X,GB,102,65,63.73
20,1729,SGBMAR31IV,GB,346,276,79.77
20,1730,SGBMAY25,GB,17,17,100.00
20,1731,SGBMAY26,GB,49,49,100.00
20,1732,SGBMAY28,GB,109,99,90.83
20,1733,SGBMAY29I,GB,959,867,90.41
20,1734,SGBMR29XII,GB,201,126,62.69
20,1735,SGBN28VIII,GB,20,18,90.00
20,1736,SGBNOV24,GB,475,238,50.11
20,1737,SGBNOV258,GB,6,6,100.00
20,1738,SGBNOV26,GB,2,2,100.00
20,1739,SGBNV29VII,GB,286,284,99.30
20,1740,SGBOC28VII,GB,72,52,72.22
20,1741,SGBOCT25,GB,12,6,50.00
20,1742,SGBOCT25IV,GB,19,14,73.68
20,1743,SGBOCT26,GB,1,1,100.00
20,1744,SGBOCT27VI,GB,25,25,100.00
20,1745,SGBSEP24,GB,53,42,79.25
20,1746,SGBSEP27,GB,28,28,100.00
20,1747,SGBSEP28VI,GB,427,340,79.63
20,1748,SGBSEP29VI,GB,116,113,97.41
20,1749,SGL,EQ,974248,388827,39.91
20,1750,SHAH,EQ,1094460,584639,53.42
20,1751,SHAHALLOYS,EQ,13260,9523,71.82
20,1752,SHAILY,EQ,4289,2518,58.71
20,1753,SHAKTIPUMP,EQ,497434,86541,17.40
20,1754,SHALBY,EQ,191212,69521,36.36
20,1755,SHALPAINTS,EQ,96534,67400,69.82
20,1756,SHANKARA,EQ,180049,94628,52.56
20,1757,SHANTI,EQ,127442,123982,97.29
20,1758,SHANTIGEAR,EQ,43527,21726,49.91
20,1759,SHARDACROP,EQ,61649,39022,63.30
20,1760,SHARDAMOTR,EQ,92924,65890,70.91
20,1761,SHAREINDIA,EQ,58837,14244,24.21
20,1762,SHARIABEES,EQ,6235,5759,92.37
20,1763,SHERA,SM,40000,32000,80.00
20,1764,SHIGAN,SM,4500,4500,100.00
20,1765,SHILPAMED,EQ,108803,49237,45.25
20,1766,SHIVALIK,EQ,13020,7446,57.19
20,1767,SHIVAMILLS,EQ,4427,1863,42.08
20,1768,SHIVATEX,EQ,4804,4091,85.16
20,1769,SHK,EQ,266340,112619,42.28
20,1770,SHOPERSTOP,EQ,44053,21488,48.78
20,1771,SHREDIGCEM,EQ,386505,194119,50.22
20,1772,SHREECEM,EQ,28131,13170,46.82
20,1773,SHREEPUSHK,EQ,35348,17241,48.78
20,1774,SHRENIK,EQ,1215233,1169820,96.26
20,1775,SHREYAS,EQ,117810,72382,61.44
20,1776,SHRIRAMFIN,EQ,805659,477178,59.23
20,1777,SHRIRAMFIN,YI,2,1,50.00
20,1778,SHRIRAMFIN,YP,170,155,91.18
20,1779,SHRIRAMFIN,YR,200,200,100.00
20,1780,SHRIRAMFIN,YS,650,650,100.00
20,1781,SHRIRAMFIN,YU,200,200,100.00
20,1782,SHRIRAMFIN,YV,73,73,100.00
20,1783,SHRIRAMFIN,YW,100,100,100.00
20,1784,SHRIRAMFIN,Z4,38,34,89.47
20,1785,SHRIRAMFIN,Z8,122,110,90.16
20,1786,SHRIRAMFIN,ZE,3,3,100.00
20,1787,SHRIRAMFIN,ZF,8,5,62.50
20,1788,SHRIRAMFIN,ZH,299,289,96.66
20,1789,SHRIRAMPPS,EQ,2493227,948700,38.05
20,1790,SHRITECH,SM,118000,88000,74.58
20,1791,SHUBHLAXMI,SM,32000,25000,78.13
20,1792,SHYAMCENT,EQ,233282,142129,60.93
20,1793,SHYAMMETL,EQ,754004,418067,55.45
20,1794,SHYAMTEL,EQ,4817,4450,92.38
20,1795,SIEMENS,EQ,293039,169315,57.78
20,1796,SIGACHI,EQ,174754,69602,39.83
20,1797,SIGMA,EQ,5289,3131,59.20
20,1798,SIKKO,EQ,26119,17030,65.20
20,1799,SILINV,EQ,2434,1226,50.37
20,1800,SILVER,EQ,44990,32304,71.80
20,1801,SILVERBEES,EQ,1801867,1327268,73.66
20,1802,SILVERETF,EQ,49607,34012,68.56
20,1803,SILVERTUC,EQ,25723,12057,46.87
20,1804,SILVRETF,EQ,3944,2629,66.66
20,1805,SIMBHALS,EQ,243254,114630,47.12
20,1806,SINTERCOM,EQ,14660,9970,68.01
20,1807,SIRCA,EQ,73811,36911,50.01
20,1808,SIS,EQ,28558,15235,53.35
20,1809,SIYSIL,EQ,84849,35281,41.58
20,1810,SJS,EQ,128056,67417,52.65
20,1811,SJVN,EQ,156990340,25644730,16.34
20,1812,SKFINDIA,EQ,5713,3021,52.88
20,1813,SKIPPER,EQ,295516,186071,62.96
20,1814,SKMEGGPROD,EQ,273273,117672,43.06
20,1815,SKP,SM,5000,5000,100.00
20,1816,SMARTLINK,EQ,6596,3889,58.96
20,1817,SMCGLOBAL,EQ,58944,33918,57.54
20,1818,SMLISUZU,EQ,12161,5267,43.31
20,1819,SMSLIFE,EQ,1219,919,75.39
20,1820,SMSPHARMA,EQ,80988,41601,51.37
20,1821,SMVD,SM,20200,16160,80.00
20,1822,SNOWMAN,EQ,675164,321132,47.56
20,1823,SOBHA,EQ,361279,111294,30.81
20,1824,SOFTTECH,EQ,121957,71387,58.53
20,1825,SOLARA,EQ,68178,42551,62.41
20,1826,SOLARINDS,EQ,16799,8672,51.62
20,1827,SOLEX,SM,7200,5600,77.78
20,1828,SOMANYCERA,EQ,21108,10958,51.91
20,1829,SONACOMS,EQ,1783825,849492,47.62
20,1830,SONAMCLOCK,EQ,15492,8250,53.25
20,1831,SONATSOFTW,EQ,187067,101501,54.26
20,1832,SONUINFRA,SM,30000,30000,100.00
20,1833,SOTL,EQ,154917,86873,56.08
20,1834,SOUTHBANK,EQ,85269766,19464374,22.83
20,1835,SPAL,EQ,52440,27627,52.68
20,1836,SPANDANA,EQ,68509,33590,49.03
20,1837,SPARC,EQ,247434,103657,41.89
20,1838,SPCENET,EQ,428858,278308,64.90
20,1839,SPECIALITY,EQ,52307,26029,49.76
20,1840,SPECTSTM,SM,28000,24000,85.71
20,1841,SPENCERS,EQ,337752,189381,56.07
20,1842,SPIC,EQ,1358920,687671,50.60
20,1843,SPLIL,EQ,43941,27417,62.40
20,1844,SPLPETRO,EQ,83112,48536,58.40
20,1845,SPORTKING,EQ,16004,8643,54.01
20,1846,SREEL,EQ,16052,7602,47.36
20,1847,SRF,EQ,580839,388382,66.87
20,1848,SRGHFL,EQ,4975,1867,37.53
20,1849,SRHHYPOLTD,EQ,17819,9125,51.21
20,1850,SRIVASAVI,SM,33000,24000,72.73
20,1851,SSFL,SM,90000,84000,93.33
20,1852,SSINFRA,SZ,9000,9000,100.00
20,1853,SSWL,EQ,296719,126768,42.72
20,1854,STAR,EQ,627023,266627,42.52
20,1855,STARCEMENT,EQ,405460,186680,46.04
20,1856,STARHEALTH,EQ,451195,351196,77.84
20,1857,STARPAPER,EQ,113293,51496,45.45
20,1858,STCINDIA,EQ,152767,47581,31.15
20,1859,STEELCAS,EQ,16172,7570,46.81
20,1860,STEELCITY,EQ,9512,5291,55.62
20,1861,STEELXIND,EQ,3145745,1972718,62.71
20,1862,STERTOOLS,EQ,68177,35802,52.51
20,1863,STLTECH,EQ,882044,366445,41.54
20,1864,STOVEKRAFT,EQ,227234,57637,25.36
20,1865,STYLAMIND,EQ,35108,15349,43.72
20,1866,STYRENIX,EQ,41837,21816,52.15
20,1867,SUBEXLTD,EQ,3544254,1302839,36.76
20,1868,SUBROS,EQ,110259,46379,42.06
20,1869,SUDARSCHEM,EQ,117034,67440,57.62
20,1870,SUKHJITS,EQ,20882,11285,54.04
20,1871,SULA,EQ,203164,101079,49.75
20,1872,SUMICHEM,EQ,209085,97346,46.56
20,1873,SUMMITSEC,EQ,11905,6699,56.27
20,1874,SUNDARAM,EQ,3856445,2545544,66.01
20,1875,SUNDARMFIN,EQ,104813,50812,48.48
20,1876,SUNDARMHLD,EQ,192180,94606,49.23
20,1877,SUNDRMFAST,EQ,43991,23339,53.05
20,1878,SUNFLAG,EQ,132537,56678,42.76
20,1879,SUNPHARMA,EQ,2303191,1544673,67.07
20,1880,SUNTECK,EQ,396295,153617,38.76
20,1881,SUNTV,EQ,758853,290621,38.30
20,1882,SUPERHOUSE,EQ,7288,4327,59.37
20,1883,SUPERSPIN,EQ,55057,32947,59.84
20,1884,SUPRAJIT,EQ,144104,46498,32.27
20,1885,SUPREMEIND,EQ,118891,62874,52.88
20,1886,SUPRIYA,EQ,220472,96102,43.59
20,1887,SURANAT&P,EQ,70893,50756,71.60
20,1888,SURANI,SM,58000,42000,72.41
20,1889,SURYALAXMI,EQ,85496,23451,27.43
20,1890,SURYAROSNI,EQ,204648,99606,48.67
20,1891,SURYODAY,EQ,395764,177000,44.72
20,1892,SUTLEJTEX,EQ,170976,51736,30.26
20,1893,SUVEN,EQ,506381,224458,44.33
20,1894,SUVENPHAR,EQ,220344,92462,41.96
20,1895,SUZLON,EQ,166418138,83920888,50.43
20,1896,SWANENERGY,EQ,440762,146641,33.27
20,1897,SWARAJ,SM,52000,48000,92.31
20,1898,SWARAJENG,EQ,11566,5810,50.23
20,1899,SWASTIK,SM,1200,1200,100.00
20,1900,SWELECTES,EQ,829623,165231,19.92
20,1901,SYMPHONY,EQ,26703,14151,52.99
20,1902,SYNCOMF,EQ,1156205,596183,51.56
20,1903,SYNGENE,EQ,441617,223086,50.52
20,1904,SYNOPTICS,SM,30000,21600,72.00
20,1905,SYRMA,EQ,363933,165249,45.41
20,1906,SYSTANGO,SM,30400,20800,68.42
20,1907,TAINWALCHM,EQ,24716,12883,52.12
20,1908,TAJGVK,EQ,58627,23117,39.43
20,1909,TALBROAUTO,EQ,31941,14742,46.15
20,1910,TANLA,EQ,265929,89545,33.67
20,1911,TAPIFRUIT,SM,1500,1500,100.00
20,1912,TARACHAND,SM,12000,12000,100.00
20,1913,TARC,EQ,833489,414823,49.77
20,1914,TARMAT,EQ,133889,68085,50.85
20,1915,TARSONS,EQ,1942475,1827226,94.07
20,1916,TASTYBITE,EQ,1488,895,60.15
20,1917,TATACAPHSG,N4,50,50,100.00
20,1918,TATACAPHSG,N6,19,10,52.63
20,1919,TATACAPHSG,N8,54,54,100.00
20,1920,TATACHEM,EQ,591699,268543,45.39
20,1921,TATACOFFEE,EQ,1444581,345959,23.95
20,1922,TATACOMM,EQ,466556,218453,46.82
20,1923,TATACONSUM,EQ,924868,428733,46.36
20,1924,TATAELXSI,EQ,61657,30317,49.17
20,1925,TATAINVEST,EQ,515829,81643,15.83
20,1926,TATAMETALI,EQ,66462,24623,37.05
20,1927,TATAMOTORS,EQ,11777925,5637984,47.87
20,1928,TATAMTRDVR,EQ,3099464,1508601,48.67
20,1929,TATAPOWER,EQ,9016803,3317362,36.79
20,1930,TATASTEEL,EQ,43627379,18197736,41.71
20,1931,TATASTLLP,EQ,35657,15236,42.73
20,1932,TATVA,EQ,26984,17081,63.30
20,1933,TBZ,EQ,120395,62205,51.67
20,1934,TCFSL,NF,398,398,100.00
20,1935,TCFSL,NJ,20,20,100.00
20,1936,TCFSL,NL,851,831,97.65
20,1937,TCI,EQ,29544,12366,41.86
20,1938,TCIEXP,EQ,17502,7655,43.74
20,1939,TCNSBRANDS,EQ,71849,23171,32.25
20,1940,TCPLPACK,EQ,14984,5771,38.51
20,1941,TCS,EQ,1649396,976624,59.21
20,1942,TDPOWERSYS,EQ,384135,258514,67.30
20,1943,TEAMLEASE,EQ,80223,68724,85.67
20,1944,TECH,EQ,9425,5391,57.20
20,1945,TECHM,EQ,2843560,1924294,67.67
20,1946,TECHNOE,EQ,56152,29714,52.92
20,1947,TEGA,EQ,35228,18438,52.34
20,1948,TEJASNET,EQ,243480,110574,45.41
20,1949,TEMBO,EQ,75017,23300,31.06
20,1950,TEXINFRA,EQ,172429,88899,51.56
20,1951,TEXRAIL,EQ,2128201,1123218,52.78
20,1952,TFCILTD,EQ,516541,238237,46.12
20,1953,TFL,EQ,8472,3719,43.90
20,1954,TGBHOTELS,EQ,22377,18444,82.42
20,1955,THANGAMAYL,EQ,18159,10553,58.11
20,1956,THEINVEST,EQ,14696,10683,72.69
20,1957,THEJO,SM,750,450,60.00
20,1958,THEMISMED,EQ,11263,6405,56.87
20,1959,THERMAX,EQ,125743,35451,28.19
20,1960,THYROCARE,EQ,101339,42993,42.42
20,1961,TI,EQ,415778,197710,47.55
20,1962,TIDEWATER,EQ,46399,18465,39.80
20,1963,TIIL,EQ,5616,2399,42.72
20,1964,TIINDIA,EQ,162597,99600,61.26
20,1965,TIMESCAN,SM,2000,2000,100.00
20,1966,TIMESGTY,EQ,13798,6844,49.60
20,1967,TIMETECHNO,EQ,3588897,1393114,38.82
20,1968,TIMKEN,EQ,35569,19723,55.45
20,1969,TINPLATE,EQ,240714,101243,42.06
20,1970,TIPSINDLTD,EQ,131270,64438,49.09
20,1971,TIRUMALCHM,EQ,310612,146047,47.02
20,1972,TIRUPATI,SM,2000,2000,100.00
20,1973,TITAGARH,EQ,1496346,583627,39.00
20,1974,TITAN,EQ,1201025,745462,62.07
20,1975,TMB,EQ,270828,156877,57.92
20,1976,TNIDETF,EQ,39951,36309,90.88
20,1977,TNPETRO,EQ,310914,140620,45.23
20,1978,TNPL,EQ,238654,100484,42.10
20,1979,TOKYOPLAST,EQ,68403,36950,54.02
20,1980,TORNTPHARM,EQ,318131,206208,64.82
20,1981,TORNTPOWER,EQ,244979,94591,38.61
20,1982,TOTAL,EQ,29157,19894,68.23
20,1983,TRACXN,EQ,270661,174051,64.31
20,1984,TRANSWIND,SM,28000,28000,100.00
20,1985,TREEHOUSE,EQ,21734,15274,70.28
20,1986,TREL,EQ,1661801,937600,56.42
20,1987,TRENT,EQ,451829,185788,41.12
20,1988,TRF,EQ,205339,89858,43.76
20,1989,TRIDENT,EQ,8043830,3380925,42.03
20,1990,TRIDHYA,SM,30000,27000,90.00
20,1991,TRIGYN,EQ,152163,74521,48.97
20,1992,TRIL,EQ,1369164,684522,50.00
20,1993,TRITURBINE,EQ,2060629,756826,36.73
20,1994,TRIVENI,EQ,1065288,374592,35.16
20,1995,TRU,EQ,2904179,426140,14.67
20,1996,TTKHLTCARE,EQ,5969,3095,51.85
20,1997,TTKPRESTIG,EQ,63152,27186,43.05
20,1998,TTL,EQ,12043,5288,43.91
20,1999,TTML,EQ,6722524,2594109,38.59
20,2000,TV18BRDCST,EQ,7691142,2703132,35.15
20,2001,TVSELECT,EQ,36315,14227,39.18
20,2002,TVSHLTD,EQ,4168,2571,61.68
20,2003,TVSHLTD,P1,53786,43001,79.95
20,2004,TVSMOTOR,EQ,537988,273462,50.83
20,2005,TVSSCS,EQ,1582128,924728,58.45
20,2006,TVSSRICHAK,EQ,20989,14534,69.25
20,2007,TVTODAY,EQ,66108,39472,59.71
20,2008,TVVISION,EQ,4132,4102,99.27
20,2009,UBL,EQ,116657,42632,36.54
20,2010,UCOBANK,EQ,115512701,20322358,17.59
20,2011,UDAICEMENT,EQ,731613,407694,55.73
20,2012,UFLEX,EQ,153616,51594,33.59
20,2013,UGARSUGAR,EQ,370616,124285,33.53
20,2014,UGROCAP,EQ,392403,183967,46.88
20,2015,UGROCAP,N1,77,77,100.00
20,2016,UGROCAP,N5,65,65,100.00
20,2017,UJJIVAN,EQ,370319,199727,53.93
20,2018,UJJIVANSFB,EQ,10732230,4116048,38.35
20,2019,ULTRACEMCO,EQ,317399,220228,69.39
20,2020,UMA,SM,40000,40000,100.00
20,2021,UMANGDAIRY,EQ,8733,6246,71.52
20,2022,UNICHEMLAB,EQ,41498,14985,36.11
20,2023,UNIDT,EQ,26726,13341,49.92
20,2024,UNIENTER,EQ,15212,9464,62.21
20,2025,UNIINFO,EQ,1955,1273,65.12
20,2026,UNIONBANK,EQ,72274128,23973675,33.17
20,2027,UNIPARTS,EQ,117037,65771,56.20
20,2028,UNITEDTEA,EQ,16613,7445,44.81
20,2029,UNIVAFOODS,EQ,5,5,100.00
20,2030,UNIVASTU,EQ,13813,9270,67.11
20,2031,UNIVCABLES,EQ,73387,23328,31.79
20,2032,UNIVPHOTO,EQ,23672,9291,39.25
20,2033,UNOMINDA,EQ,355187,201308,56.68
20,2034,UPL,EQ,2474148,1243617,50.26
20,2035,URAVI,EQ,1683,1456,86.51
20,2036,URBAN,SM,15600,13200,84.62
20,2037,URJA,EQ,4274272,1803998,42.21
20,2038,USASEEDS,SM,300,300,100.00
20,2039,USHAMART,EQ,349203,215548,61.73
20,2040,USK,EQ,306085,150980,49.33
20,2041,UTIAMC,EQ,118816,48875,41.14
20,2042,UTIBANKETF,EQ,212231,180880,85.23
20,2043,UTINEXT50,EQ,12932,8586,66.39
20,2044,UTINIFTETF,EQ,5945,3775,63.50
20,2045,UTISENSETF,EQ,1246,727,58.35
20,2046,UTISXN50,EQ,630,624,99.05
20,2047,UTKARSHBNK,EQ,8062744,3182816,39.48
20,2048,UTTAMSUGAR,EQ,213197,68933,32.33
20,2049,VADILALIND,EQ,11906,6459,54.25
20,2050,VAIBHAVGBL,EQ,269065,128129,47.62
20,2051,VAISHALI,EQ,17322,10369,59.86
20,2052,VAKRANGEE,EQ,9124003,3843544,42.13
20,2053,VALIANTORG,EQ,63584,28275,44.47
20,2054,VARDHACRLC,EQ,47470,33947,71.51
20,2055,VARROC,EQ,3732753,754218,20.21
20,2056,VASA,SM,24000,24000,100.00
20,2057,VASCONEQ,EQ,1244694,560424,45.03
20,2058,VASWANI,EQ,188587,114659,60.80
20,2059,VBL,EQ,1283808,808414,62.97
20,2060,VCL,EQ,1244131,869055,69.85
20,2061,VEDL,EQ,8778511,5788922,65.94
20,2062,VELS,SM,2400,2400,100.00
20,2063,VENKEYS,EQ,13301,5499,41.34
20,2064,VENUSPIPES,EQ,482530,298486,61.86
20,2065,VERANDA,EQ,38533,22015,57.13
20,2066,VESUVIUS,EQ,5546,3704,66.79
20,2067,VETO,EQ,1000721,243126,24.30
20,2068,VGUARD,EQ,246912,124794,50.54
20,2069,VHL,EQ,569,402,70.65
20,2070,VIAZ,SM,8000,6000,75.00
20,2071,VIDHIING,EQ,13067,8594,65.77
20,2072,VIJAYA,EQ,332859,285276,85.70
20,2073,VIKASLIFE,EQ,21608187,11691351,54.11
20,2074,VILINBIO,SM,8000,8000,100.00
20,2075,VIMTALABS,EQ,19168,9765,50.94
20,2076,VINATIORGA,EQ,19465,11340,58.26
20,2077,VINDHYATEL,EQ,19142,8981,46.92
20,2078,VINEETLAB,EQ,16686,8629,51.71
20,2079,VINSYS,SM,12000,12000,100.00
20,2080,VINYLINDIA,EQ,39410,20942,53.14
20,2081,VIPIND,EQ,461061,228459,49.55
20,2082,VIPULLTD,EQ,158234,102956,65.07
20,2083,VISAKAIND,EQ,165373,85665,51.80
20,2084,VISHAL,EQ,250232,148510,59.35
20,2085,VISHNU,EQ,76783,36544,47.59
20,2086,VISHWARAJ,EQ,2020959,801745,39.67
20,2087,VITAL,SM,9600,7200,75.00
20,2088,VIVIANA,SM,10000,10000,100.00
20,2089,VIVIDHA,EQ,994026,753651,75.82
20,2090,VLEGOV,EQ,107240,91799,85.60
20,2091,VLSFINANCE,EQ,34748,18210,52.41
20,2092,VMARCIND,SM,114000,78000,68.42
20,2093,VMART,EQ,28571,19911,69.69
20,2094,VOLTAMP,EQ,14010,6318,45.10
20,2095,VOLTAS,EQ,1071977,561348,52.37
20,2096,VPRPL,EQ,2848132,840053,29.49
20,2097,VRLLOG,EQ,121750,78847,64.76
20,2098,VSSL,EQ,83363,42548,51.04
20,2099,VSTIND,EQ,3845,2472,64.29
20,2100,VSTTILLERS,EQ,32575,14174,43.51
20,2101,VTL,EQ,129093,53733,41.62
20,2102,WABAG,EQ,237886,119634,50.29
20,2103,WALPAR,SM,14000,14000,100.00
20,2104,WATERBASE,EQ,87692,48670,55.50
20,2105,WEALTH,EQ,543,394,72.56
20,2106,WEBELSOLAR,EQ,645617,288585,44.70
20,2107,WELCORP,EQ,862644,321548,37.27
20,2108,WELENT,EQ,232956,128777,55.28
20,2109,WELSPUNIND,EQ,1894544,610746,32.24
20,2110,WENDT,EQ,286,143,50.00
20,2111,WESTLIFE,EQ,50186,20368,40.59
20,2112,WHEELS,EQ,24770,12433,50.19
20,2113,WHIRLPOOL,EQ,59456,32015,53.85
20,2114,WINDLAS,EQ,36664,20929,57.08
20,2115,WIPRO,EQ,4551350,2287215,50.25
20,2116,WOCKPHARMA,EQ,1230926,464407,37.73
20,2117,WONDERLA,EQ,71015,33127,46.65
20,2118,WORTH,EQ,20390,12648,62.03
20,2119,WSTCSTPAPR,EQ,253665,115207,45.42
20,2120,XCHANGING,EQ,205488,85570,41.64
20,2121,XELPMOC,EQ,36969,27943,75.58
20,2122,XPROINDIA,EQ,30813,11501,37.33
20,2123,YASHO,EQ,4544,3105,68.33
20,2124,YATHARTH,EQ,264244,115765,43.81
20,2125,YCCL,SM,54000,51000,94.44
20,2126,YESBANK,EQ,179937051,70111220,38.96
20,2127,YUDIZ,SM,35200,25600,72.73
20,2128,YUKEN,EQ,6230,3409,54.72
20,2129,ZEAL,SM,14400,13200,91.67
20,2130,ZEEL,EQ,5002324,2052603,41.03
20,2131,ZEEMEDIA,EQ,11401006,5200636,45.62
20,2132,ZENITHSTL,EQ,332068,292827,88.18
20,2133,ZENSARTECH,EQ,1547922,418053,27.01
20,2134,ZFCVINDIA,EQ,19309,9624,49.84
20,2135,ZIMLAB,EQ,162099,79251,48.89
20,2136,ZODIACLOTH,EQ,16381,7076,43.20
20,2137,ZOMATO,EQ,104115507,46067636,44.25
20,2138,ZOTA,EQ,24698,15657,63.39
20,2139,ZUARI,EQ,88349,45924,51.98
20,2140,ZUARIIND,EQ,20421,13297,65.11
20,2141,ZYDUSLIFE,EQ,1228062,665528,54.19
20,2142,ZYDUSWELL,EQ,14719,8482,57.63
